0.00049476 0.180359 0.214483 0.00137836 0.00012933 0.00031543
-0.00638046 0.170246 0.228254 0.00095765 0.0001329 0.00062465
0.0068241 0.0825537 0.194232 0.0003688 0.00034113 0.00073258
0.00128129 0.302644 0.273916 -9.693e-05 0.00013615 0.00071811
0.00123856 0.247019 0.271794 0.00019837 0.00020996 0.00068931
0.00129547 0.0594709 0.224589 0.0001953 0.00025076 0.0007559
0.00123366 0.293804 0.22749 0.0004858 0.00012483 0.00068686
0.00138091 0.321024 0.299185 0.00015199 0.00020442 0.00076405
0.00669836 0.127411 0.246288 2.099e-05 0.00037443 0.00073653
0.0125831 0.16418 0.201556 0.00026601 0.00031833 0.00085218
0.00120611 0.34948 0.259398 0.00038657 0.00017684 0.00067021
0.00628644 0.213681 0.273239 0.00020183 0.00041903 0.00069516
0.013426 0.154085 0.218661 0.00060723 0.00056221 0.00071941
0.00420265 0.28606 0.211215 0.00059767 0.00026018 0.0007858
0.0101068 0.163637 0.225233 0.00047765 0.00042329 0.00072421
0.00953375 0.137251 0.18592 0.0006951 0.00058869 0.00070267
0.00122348 0.309979 0.204944 0.00059532 0.00028049 0.00065488
0.00672721 0.22035 0.204453 0.00071119 0.0006724 0.00069175
0.00139759 0.24878 0.178295 0.00090195 0.00057005 0.00071072
-0.00406354 0.246306 0.206022 0.00088262 0.00043004 0.00067349
0.00125241 0.123015 0.188518 0.00096479 0.00046622 0.00068451
0.00109406 0.302728 0.161212 0.00106106 0.00021668 0.0006017
0.00138597 0.237983 0.183507 0.00105464 0.00056556 0.00068202
0.00111661 0.100364 0.156327 0.00119782 0.00036243 0.00059266
0.00101049 0.358949 0.143744 0.00160136 0.00027889 0.00047855
0.00109956 0.256342 0.156492 0.00139153 0.00033113 0.00053703
0.00515206 0.143169 0.133688 0.0016098 0.00038999 0.00049467
0.0008776 0.364541 0.0970633 0.00158853 0.00023808 0.00039641
0.00640389 0.231385 0.130005 0.0010785 0.00044755 0.00050596
0.0184171 0.159232 0.103497 0.00139505 0.00033236 0.00041628
0.00594223 0.334552 0.116802 0.00160725 0.00021188 0.00033888
0.0168797 0.0986708 0.134733 0.00156156 0.00056891 0.00050697
0.0162454 0.278095 0.109763 0.00169683 0.00021623 0.00032279
0.00696556 0.292297 0.136682 0.00181375 0.00026668 0.00045221
0.0198991 0.0945535 0.125763 0.0014009 0.000304 0.00047434
0.0181949 0.291871 0.126068 0.00184482 0.00017937 0.00036779
0.0145655 0.302653 0.160492 0.00154146 0.00023813 0.00048118
0.0349079 0.10042 0.133739 0.00154352 0.00071118 0.00043038
0.0320706 0.370869 0.117157 0.00172587 0.0002397 0.00020097
0.0313447 0.250568 0.118633 0.0018186 0.00040099 0.00040182
0.0441627 0.140236 0.104854 0.00080857 0.00070446 9.208e-05
0.0399387 0.260548 0.131959 0.00016752 0.00027662 0.00027683
0.0551418 0.365134 0.184639 -0.00092802 0.00091348 -0.00015387
0.0487045 0.310114 0.148132 0.00134836 0.00088472 0
0.0464816 0.170777 0.127421 0.0016929 0.00092954 -0.00025
0.0449562 0.420903 0.133817 0.00194158 0.00084438 -0.0001502
0.0377123 0.255736 0.137507 0.00196667 0.00070855 0
0.0550171 0.10532 0.113686 0.00170901 0.000902 0
0.0311483 0.375153 0.142537 0.00208844 0.0004406 0.00025743
0.0474399 0.191478 0.146322 0.0019567 0.00100486 -0.00025
0.0493345 0.238282 0.102904 0.0017485 0.00056563 -0.00025
0.0310381 0.385216 0.133148 0.00193565 0.00043535 0.00018158
0.0527642 0.17818 0.130157 0.00182963 0.00104046 0
0.0463923 0.258476 0.102847 0.0017485 0.00078933 -6.326e-05
0.0404339 0.393877 0.122745 0.00189755 0.00066346 -0.00025
0.0505385 0.184933 0.142354 0.0019985 0.00090554 0
0.0441391 0.310362 0.107596 0.00191451 0.00068423 -0.00032145
0.0405785 0.271646 0.109939 0.0017485 0.00067343 0
0.0542934 0.124906 0.0944287 0.00184161 0.0005782 -0.00011607
0.0473141 0.36104 0.085335 0.00174781 0.00051905 -0.00030464
0.0403741 0.258921 0.137246 0.0020011 0.00073918 0
0.0571648 0.12744 0.121314 0.00174781 0.00100912 5.128e-05
0.0612316 0.386656 0.115791 0.00190354 0.00057899 -0.00032699
0.0405779 0.333199 0.138495 0.00205163 0.0007584 -0.00013196
0.056544 0.143066 0.142649 0.00205163 0.00091971 -0.00025
0.0444576 0.369057 0.106545 0.00187442 0.00068253 -0.00030467
0.0489918 0.286615 0.136544 0.0020247 0.00081642 -0.00016864
0.055357 0.137745 0.138433 0.00199327 0.0009774 -7.196e-05
0.0442724 0.339448 0.119581 0.00196569 0.00066751 -0.00030072
0.0572294 0.167654 0.139808 0.00206871 0.00089342 -5.346e-05
0.0484417 0.299422 0.0892069 0.00178882 0.00060656 -0.00026215
0.0390363 0.339775 0.120336 0.00190004 0.00055894 0
0.0446752 0.13914 0.131917 0.00196482 0.00081996 0
0.0521524 0.346364 0.0895161 0.00163561 0.00043486 -0.00034831
0.0469737 0.284381 0.140046 0.00218802 0.00088858 -8.598e-05
0.0458867 0.187545 0.128588 0.00206236 0.00082109 -0.00022334
0.0366767 0.370675 0.0996129 0.00194527 0.00041768 0
0.0500304 0.175809 0.122256 0.00198984 0.00089466 -9.481e-05
0.0504941 0.231533 0.0876082 0.00178936 0.0008089 -0.0003228
0.0292722 0.324011 0.104285 0.00173932 0.00032237 0.00010272
0.0514038 0.110598 0.105735 0.00181602 0.00087171 0
0.0445973 0.298201 0.0975764 0.00188941 0.00055343 0
0.029937 0.384987 0.116969 0.0020986 0.00027085 0.00017107
0.0418468 0.152292 0.149489 0.00216559 0.00084957 0
0.0337022 0.326806 0.11246 0.00206745 0.0004522 0.00016509
0.0283707 0.319204 0.14955 0.00223022 0.00055913 0.00040403
0.033896 0.146859 0.165977 0.00226427 0.00043508 0.00030205
0.03466 0.345078 0.100467 0.00224849 0.00041037 0.00022566
0.0435429 0.201653 0.108822 0.0020644 0.00068904 9.754e-05
0.0459971 0.141459 0.0856203 0.00208658 0.00080905 0
0.0446513 0.376051 0.0806557 0.00225506 0.00057722 0
0.0493551 0.263463 0.11541 0.00218683 0.0008911 0
0.0455509 0.273903 0.0959261 0.00200506 0.00048416 0
0.0311259 0.409086 0.117843 0.00225506 0.00040517 0.00029005
0.0351913 0.176114 0.152516 0.00244764 0.00052919 0.00042094
0.037502 0.255819 0.123592 0.00235022 0.00040607 0.00017457
0.038037 0.317285 0.124436 0.00252814 0.00021706 0.00037415
0.0387059 0.14541 0.133938 0.00225506 0.00031049 0.00051003
0.0337927 0.292032 0.0844946 0.00247539 0.00019668 0.00036619
0.0284901 0.302762 0.104875 0.00231147 0.00024433 0.00039712
0.0454012 0.183918 0.105404 0.00225506 0.00059895 0
0.0432871 0.350883 0.100639 0.00240061 0.00055913 0
0.0410528 0.190881 0.138808 0.00238162 0.00076383 6.464e-05
0.0320452 0.296924 0.10607 0.00249591 0.00016034 0.00017617
0.0222107 0.353192 0.133706 0.00245566 0.00041242 0.00033819
0.0301023 0.194665 0.16875 0.00229369 0.0004083 0.00048336
0.0385858 0.294715 0.114716 0.00232199 0.00074593 0
0.0312227 0.256992 0.153838 0.00240959 0.00068789 0.00036046
0.0296773 0.119683 0.174249 0.0022204 0.00049833 0.00043703
0.0238575 0.342923 0.130244 0.00238501 0.00029509 0.00042659
0.0205649 0.256694 0.14501 0.00224815 0.00016675 0.00050689
0.0191353 0.181454 0.132806 0.00219244 0.00023005 0.0005042
0.0164159 0.370192 0.128077 0.00222125 0.0003354 0.00042993
0.00775725 0.17584 0.194153 0.00200787 0.00042235 0.00048671
0.00086865 0.348616 0.130029 0.00248359 0.00043244 0.00036185
0.00105655 0.305598 0.178739 0.00247125 0.00035426 0.00056879
0.00815736 0.124293 0.165697 0.00222125 0.00043928 0.00040797
0.0182693 0.351407 0.126239 0.00242212 0.00038244 0.0003394
0.0271844 0.195927 0.150485 0.00248338 0.00050795 0.00040882
0.0138188 0.231281 0.130937 0.00231883 0.00020636 0.00038374
0.00565803 0.354205 0.125421 0.00254264 0 0.00048925
0.011996 0.156179 0.151676 0.00249312 0.00028199 0.00046219
0.0113719 0.346321 0.10464 0.0025704 0.00010178 0.0003452
0.0185717 0.306913 0.124066 0.0026709 0.00018196 0.00056379
0.0192294 0.147141 0.114272 0.00267624 0.00019562 0.0004965
0.00929428 0.397368 0.0964094 0.00300524 0.00023274 0.00041827
0.0253646 0.206643 0.140455 0.00252961 0.00041361 0.00062933
0.0301933 0.265935 0.100785 0.00243601 0.00015506 0.000385
0.0308788 0.312617 0.125082 0.00269802 0.00026497 0.000461
0.0236378 0.147129 0.124882 0.00298723 0.00030833 0.00036173
0.018969 0.366628 0.119685 0.00284691 0.00028866 0.00037404
0.0133309 0.230887 0.172617 0.00293452 0.00043899 0.00044238
0.0147011 0.18095 0.149084 0.00284691 0.00023682 0.00049
0.0159201 0.348275 0.119232 0.00305066 8.723e-05 0.00051026
0.0192032 0.186584 0.164 0.00295766 0.00035843 0.00056208
0.00828462 0.330548 0.129967 0.00312778 0 0.00040598
0.0184856 0.354481 0.184201 0.0032914 0.0004418 0.00051336
0.0231051 0.218459 0.179579 0.00329703 0.00047443 0.00049007
0.0218225 0.380906 0.143829 0.00341205 0.00015513 0.00045929
0.0203202 0.212144 0.217582 0.00311857 0.00035784 0.00058792
0.0198983 0.317256 0.161295 0.00304315 0.00031708 0.00051377
0.0185748 0.301626 0.175204 0.00301813 0.00031619 0.00063429
0.0162715 0.125771 0.189633 0.00284691 0.00026323 0.00055322
0.0183327 0.288612 0.164389 0.00325816 0.00023243 0.00051695
0.0228 0.381822 0.180389 0.00338374 0.00035197 0.00050584
0.0417325 0.168045 0.153912 0.00272309 0.00054851 0.00015626
0.0562564 0.341023 0.130152 0.00202115 0.0004405 5.028e-05
0.0857006 0.42714 0.179921 0.00248003 0.0005081 -0.00010613
0.0743208 0.367535 0.208831 0.00381826 0.00019279 -0.00056295
0.0707698 0.349453 0.200282 0.00381826 0.00019752 -0.00045669
0.0610363 0.246861 0.207103 0.00333084 0.00053285 -0.0005507
0.0530936 0.122607 0.183571 0.00381825 0.00041606 -0.00040971
0.0603487 0.147646 0.129517 0.00381825 0.00035165 -0.00047486
0.0630495 0.420282 0.192335 0.00421114 0.00044028 -0.00034394
0.0550018 0.15693 0.166209 0.00393568 0.00032169 -0.00024279
0.054287 0.345123 0.124552 0.00452638 6.199e-05 -0.00029742
0.0600437 0.477057 0.162405 0.00404512 0.00012515 -0.00012208
0.0541291 0.209604 0.157322 0.00412037 0.00050099 -0.00025
0.0546939 0.369017 0.12039 0.00413754 0.00036749 -0.00031876
0.0480844 0.440014 0.178236 0.00425818 0.00031568 -0.00019456
0.0650248 0.173169 0.162358 0.00467846 0.0003518 -0.00015257
0.06811 0.324553 0.116303 0.00440698 0.00039049 -0.00024532
0.0671768 0.338517 0.158122 0.00368641 0.00012242 -0.00011492
0.0535306 0.207633 0.133377 0.00410818 0.00035947 -0.00015138
0.0606994 0.097957 0.0764456 0.00463088 0.00070705 -0.00029197
0.0399211 0.373712 0.120992 0.0030051 0.00031279 -0.00041144
0.0353642 0.420963 0.15495 0.00243569 0.00022989 -0.00016552
0.0365132 0.393467 0.159861 0.00358546 0.00011037 0
0.0326243 0.200391 0.142098 0.00376952 0.00010933 0.0001324
0.0392694 0.379975 0.113417 0.00420546 6.255e-05 0
0.0140436 0.428392 0.172213 0.00436737 0 0.00038081
0.0317508 0.181177 0.162825 0.00383837 0.00012054 0.00030134
0.0387089 0.185 0.111149 0.00418375 0 0.00020089
0.0233689 0.378172 0.13636 0.00439347 0 0
0.015563 0.198565 0.145855 0.00409125 8.77e-05 8.561e-05
0.0196086 0.210609 0.120963 0.00417744 7.25e-05 0.00013917
0.0317433 0.420989 0.119616 0.00444069 0.00010189 0
0.0304547 0.274081 0.128417 0.00409996 0 8.901e-05
0.0415243 0.158845 0.0957361 0.00374491 5.654e-05 0
0.0525162 0.393287 0.0869217 0.00366845 0.00015052 -0.00030611
0.0451155 0.355966 0.121498 0.00378499 0.00029651 -0.0001112
0.0424769 0.185766 0.10259 0.00396386 0.00060395 -0.00032412
0.0511324 0.397005 0.0743111 0.00432256 0.00028768 -0.00031559
0.0399052 0.308557 0.0942681 0.00385424 0.0002244 -9.562e-05
0.0365932 0.2474 0.0989382 0.00341069 0 0
0.0377664 0.301482 0.0962572 0.00348407 0.00017253 -9.575e-05
0.0322847 0.210375 0.104928 0.00388023 0.00010902 0
0.0356536 0.0858554 0.0752567 0.0041729 0.0002955 0
0.0413779 0.231821 0.0184585 0.0049521 0 -8.499e-05
0.0285607 0.473731 0.0714273 0.00513532 0 -0.00026399
0.0110734 0.193094 0.0734274 0.00440465 0 0
0.0134566 0.3058 0.0363671 0.00450533 0 0
0.0132678 0.481738 0.095838 0.00436441 0 -0.00021294
0.00539565 0.179229 0.108549 0.00435602 0 0
0.0175643 0.375495 0.0624631 0.0052112 0 0
0.0115393 0.298587 0.0901824 0.00483727 0 0
0.0183441 0.148327 0.0677806 0.00516736 0 0
0.0224847 0.341883 0.041527 0.00547849 0 -0.0002002
0.0195555 0.171875 0.0951088 0.00515608 0 5.225e-05
0.0201367 0.198119 0.0702442 0.00506389 0 0
0.0233262 0.381875 0.0692252 0.00516289 0 -9.112e-05
0.0236023 0.250944 0.122459 0.00496895 0 0
0.027061 0.323527 0.0824737 0.00532522 0 0
0.0270612 0.42812 0.0835959 0.00546007 0 0
0.032527 0.280401 0.140916 0.00492009 0 0
0.0277764 0.253787 0.117549 0.00528975 0 -0.00014019
0.0231283 0.410397 0.102164 0.00536571 0 -0.00019704
0.0183618 0.200197 0.107971 0.00469012 0 0
0.0242194 0.216141 0.0603389 0.00498767 0 0
0.0257391 0.399585 0.05666 0.00530177 0 -0.00013787
0.0232642 0.210039 0.11256 0.00480263 0 0
0.0276977 0.344226 0.0715777 0.0050619 0 0
0.021932 0.386562 0.106242 0.00499799 0 -0.00024051
0.022771 0.214821 0.101053 0.00496147 0 -0.00018909
0.0186728 0.400229 0.0788636 0.00529046 0 -0.000298
0.0164064 0.243704 0.0931089 0.00477523 0 -0.00018402
0.0131698 0.226233 0.0611402 0.00509478 0 -0.00010901
0.0120804 0.374099 0.0770584 0.00489871 0 -0.00019732
0.0166878 0.200473 0.124737 0.00448331 0 0
0.0145912 0.348344 0.0769976 0.00477287 0 -0.00023134
0.00497949 0.335027 0.115466 0.00441783 0 0
0.00975602 0.190333 0.152688 0.00421098 0 0
0.0210482 0.364166 0.103445 0.00461727 0 -0.00013177
0.00901285 0.364773 0.135121 0.00461727 0 0
0.0115297 0.196032 0.147199 0.00413875 0 0
0.0151287 0.348926 0.0861471 0.00486579 5.384e-05 0
0.0135714 0.381388 0.117864 0.00420393 0.00027001 0
0.0118756 0.171463 0.127069 0.00401868 0.00015959 0
0.011896 0.380923 0.0819603 0.00427057 0.00017818 -8.611e-05
9.832e-05 0.374539 0.12202 0.00409802 0 5.914e-05
0.00018263 0.164064 0.153628 0.00401868 5.202e-05 0.00010108
0.00924514 0.387334 0.12094 0.00444878 0 0
0.0001003 0.323551 0.178065 0.00430874 0 6.105e-05
0.00657546 0.192258 0.185804 0.00432289 0 0
0.0204727 0.374056 0.135404 0.00439308 0 8.25e-05
0.00643243 0.200973 0.1854 0.00435968 0 0.00033767
0.0131723 0.287514 0.123106 0.00457216 0 7.047e-05
0.0152962 0.32327 0.112744 0.0043043 7.372e-05 7.069e-05
0.0184271 0.193944 0.127362 0.00415018 9.58e-05 5.256e-05
0.0165165 0.419805 0.0936047 0.00434484 0.00015491 -8.366e-05
0.0098493 0.278523 0.129183 0.00403675 8.896e-05 6.394e-05
0.00843067 0.306125 0.0942435 0.00438184 0 0
0.0114609 0.409924 0.114927 0.00449611 0.00013034 6.434e-05
0.00016118 0.18543 0.125558 0.00449292 6.392e-05 7.823e-05
0.00759264 0.359432 0.0770181 0.00504693 5.776e-05 0
0.00021141 0.292148 0.110626 0.00488216 0.00010767 8.75e-05
0.00684502 0.17766 0.0733206 0.00504693 0.00020076 7.308e-05
0.01372 0.406788 0.0616775 0.00463551 0.00021485 5.236e-05
-0.00024445 0.338011 0.100678 0.00382682 0 -0.00014664
0.0129639 0.380602 0.113018 0.00261216 0.00019166 0
0.0165676 0.246806 0.0891869 0.00410436 0.0002736 0
0.0173782 0.150228 0.0440327 0.0047161 0.00023221 0
0.0208652 0.483598 0.0564713 0.00545364 7.683e-05 -0.00011433
0.0163358 0.276926 0.0841049 0.00527243 0.00019882 5.797e-05
0.0184952 0.247403 0.0319907 0.0056316 0 0
0.0190098 0.434246 0.0465382 0.00556394 0 6.45e-05
0.0205921 0.218523 0.0943341 0.00540127 0 0.00012412
0.0150391 0.376841 0.0403775 0.00595044 0 0
0.0163996 0.317519 0.0964485 0.00540127 0.00035147 0
0.0135192 0.188043 0.0556887 0.00540127 5.932e-05 0
0.0105438 0.390242 0.0742694 0.00550292 0.00017815 0
0.0119602 0.16587 0.0963491 0.00523037 0.00030463 0
0.0174754 0.35488 0.0344517 0.00595643 8.385e-05 -7.571e-05
0.0181722 0.36369 0.0794358 0.00582749 0.00018549 0
0.0195173 0.178218 0.0816002 0.00575254 0.00024473 0
0.015434 0.414005 0.0354732 0.00600955 0 7.863e-05
0.0232065 0.266617 0.0920544 0.00564838 0.00029689 5.242e-05
0.0221638 0.303789 0.0435632 0.00637466 0.00012563 -0.00017029
0.021296 0.383416 0.0691938 0.00604589 9.319e-05 -7.165e-05
0.0213741 0.183291 0.059632 0.00579589 0.00027711 0
0.0198103 0.403223 0.0437179 0.00611702 0.00010951 -0.00017606
0.0200568 0.239009 0.112099 0.00569962 0.00033153 6.12e-05
0.0312079 0.249039 0.0706898 0.00579115 0.00045937 -5.549e-05
0.0300293 0.376713 0.0713223 0.00551839 0.00032818 6.692e-05
0.0306121 0.308557 0.102148 0.00558966 0.00040754 0.0001075
0.0331945 0.186926 0.0878186 0.00578839 0.00055975 0
0.028151 0.399955 0.0670674 0.0064009 0.00072482 0
0.0270563 0.298416 0.105944 0.00595798 0.00047201 0.000169
0.0286025 0.231669 0.065192 0.00604121 0.00040379 5.951e-05
0.0259976 0.425574 0.0486026 0.00644827 0.00033458 0.00010772
0.0257935 0.229421 0.129393 0.00580094 0.00040629 0.00016122
0.0253758 0.347582 0.0556027 0.00595798 0.0002954 6.924e-05
0.0249987 0.347717 0.0978592 0.00579402 0.00030463 8.325e-05
0.0247481 0.212722 0.098737 0.00579402 0.00038657 0
0.0280643 0.36789 0.0607286 0.00602115 0.00020378 0
0.0194482 0.226244 0.130631 0.00554402 0.00013197 0.00031929
0.0237671 0.281468 0.113591 0.00579402 0.00016309 0
0.0257113 0.428805 0.0881108 0.00604027 0.00031908 0
0.0230028 0.204903 0.136233 0.00536676 0.00022814 0.00015285
0.0154345 0.379942 0.0901615 0.00610598 0.00025586 0.00010412
0.0078492 0.408864 0.132737 0.00569421 0.00040969 0.00033047
0.0145212 0.19295 0.125704 0.00581003 0.0003025 0
0.0172985 0.404999 0.0741114 0.00646259 0.0002968 0
0.014667 0.313066 0.14738 0.005596 0.00039045 0
0.0149578 0.262567 0.13123 0.005596 0.00032624 8.805e-05
0.00093602 0.407382 0.0985851 0.005846 0.00037882 0.00041283
0.0121639 0.215852 0.180353 0.00544004 0.00041816 0.0002112
0.0165886 0.363968 0.109733 0.00597353 0.00040319 -0.00025
-0.00668754 0.351739 0.16105 0.005846 0.00031623 0.00043445
0.00038827 0.23678 0.140968 0.00593613 0.00019391 0.00017394
0.00457591 0.405219 0.0912236 0.00615297 0.00017705 0.00043691
0.00056825 0.236932 0.140082 0.00584604 0.00021422 0.00028035
0.0180968 0.284158 0.077089 0.00622787 0.00045697 0.00011476
0.0174141 0.446983 0.0563546 0.00652519 0.00039824 0
0.0165934 0.216728 0.102309 0.00584604 0.00046734 0.00012482
0.0183093 0.412667 0.030542 0.00638563 0.00044201 7.789e-05
0.00055136 0.362247 0.0766123 0.00613809 0.0003662 0.00016045
0.0157078 0.190097 0.0676541 0.00625802 0.00045538 0.00011654
0.00555708 0.423716 0.057961 0.00665915 0.00033489 0.00033803
0.00828444 0.24086 0.0859087 0.0062808 0.00047092 0.0001855
0.0277922 0.254472 0.0320602 0.00559963 0.0002282 0.00030046
0.0185023 0.325189 0.0430061 0.00445359 0.00052671 -5.814e-05
0.0394617 0.357082 0.0924179 0.00324972 0.00011735 0.00025508
0.0220442 0.311515 0.0684914 0.00552623 0.00029121 0.0001176
0.0343648 0.181435 0.0574464 0.00551718 0.00046853 0
0.0240553 0.438642 0.0656054 0.00512625 0.00050037 0
0.0165701 0.290379 0.107442 0.00470183 0.00048283 0.0002536
0.00645849 0.213219 0.0575643 0.00523086 0.00035909 0
0.00714509 0.448363 0.0625078 0.00539234 0.00050577 -6.285e-05
0.00308151 0.206907 0.100219 0.00516614 0.00050134 0.00016847
0.0182422 0.303785 0.0619945 0.00565414 0.00047146 -0.00025
0.00075433 0.396646 0.0637562 0.00581418 0.00047501 0.00023071
0.0185677 0.163377 0.0842843 0.00533428 0.00054163 -0.00025
0.00443047 0.376033 0.0584244 0.00589183 0.00045569 0
-0.00139464 0.296665 0.0997024 0.00537461 0.00061228 0.00010549
0.00044785 0.220067 0.0708253 0.00553375 0.00058256 0
0.0005311 0.391209 0.0696171 0.00574573 0.00056048 5.215e-05
0.00035483 0.218431 0.127392 0.00528375 0.00053598 0
0.00260305 0.352428 0.0724312 0.00561455 0.0005287 5.024e-05
-0.00959184 0.317064 0.108415 0.00528375 0.00060855 0.00041776
-0.00452558 0.198524 0.146196 0.00523057 0.00047606 0.00021473
-0.0152832 0.386322 0.0892532 0.005761 0.0006312 0.00016887
-0.0127919 0.272036 0.139426 0.00544672 0.00043674 0.00017276
-0.00382524 0.268204 0.0812596 0.00558144 0.00056398 0.0001048
-0.0149895 0.364074 0.0784387 0.00563068 0.00053692 0.00014261
0.00076228 0.1817 0.0844754 0.00640942 0.00070197 0.00014836
0.00070556 0.390001 0.025219 0.00662277 0.00069735 8.847e-05
-0.00687827 0.331073 0.0898224 0.00602686 0.00085654 0
-0.00725998 0.237388 0.0697013 0.00646747 0.00084921 0
-0.00601226 0.413984 0.0533825 0.00647273 0.00075434 6.102e-05
-0.013848 0.191247 0.0986157 0.00589668 0.00075509 7.842e-05
-0.00583087 0.301625 0.0527389 0.00632989 0.00068938 7.894e-05
-0.0109245 0.364232 0.0725053 0.00624557 0.00074528 5.363e-05
0.00042535 0.168685 0.0976023 0.00595587 0.0006049 0
-0.00161954 0.395016 0.0255107 0.00674016 0.00083683 0.00033183
0.00082469 0.277591 0.0611643 0.00647575 0.00074369 0.00018037
0.00336037 0.252891 0.05114 0.00659182 0.00069569 0.00016646
0.00074587 0.432718 0.0435966 0.00672735 0.00071721 9.192e-05
0.00070328 0.234159 0.0912859 0.00634545 0.00093998 0
0.00065731 0.4088 0.0462724 0.00657507 0.0008667 0
-0.00855938 0.315513 0.117462 0.00581432 0.00079289 0.0001773
-0.0104033 0.220386 0.120704 0.00589734 0.00075882 0.00018246
-0.0192234 0.364211 0.0934639 0.00615295 0.0008092 0.00045846
-0.022838 0.211295 0.15514 0.00591209 0.00056163 0.00046441
-0.0185479 0.257724 0.101455 0.00635595 0.0005188 0.00037748
-0.0184116 0.402029 0.087334 0.00617706 0.00075751 0.00060736
-0.0133489 0.212764 0.108566 0.00612649 0.00069053 0.00035774
-0.0111184 0.412926 0.0566154 0.00673055 0.00050313 0.00057261
-0.0197174 0.330204 0.126652 0.00641309 0.00061366 0.00048634
-0.0159389 0.340433 0.0867729 0.00655515 0.00055254 0.00043065
-0.0199142 0.412604 0.114073 0.00612649 0.00051324 0.00067625
-0.0177205 0.189578 0.147486 0.00574454 0.00041593 0.00040783
-0.0203856 0.379459 0.0698417 0.00640044 0.00053747 0.00057298
-0.0262758 0.22223 0.15735 0.00579369 0.00027766 0.00065638
-0.0212821 0.251876 0.0991877 0.00612649 0.00034277 0.00052843
-0.0109126 0.427626 0.0995925 0.00654342 0.00042243 0.00057304
-0.0107338 0.218927 0.140468 0.00570428 0.00031707 0.00036951
-0.00909792 0.42056 0.109159 0.00657125 0.00020136 0.00048551
-0.01421 0.356972 0.156673 0.00587649 0.00059066 0.00037694
-0.0115896 0.281492 0.127829 0.00617068 0.0007271 0.0002652
-0.015389 0.45129 0.125829 0.00604846 0.00066163 0.00066885
-0.0169583 0.232021 0.155015 0.00596386 0.00055293 0.00047752
-0.016615 0.301574 0.0954967 0.00629724 0.00059709 0.00027858
-0.0159174 0.374894 0.105672 0.00649499 0.00046702 0.00053929
-0.0218521 0.204887 0.171091 0.00616892 0.00035258 0.00042897
-0.00900743 0.367333 0.087682 0.00678221 0.00043139 0.00053641
-0.0164428 0.256615 0.198533 0.00653367 0.00048784 0.00036368
-0.0213583 0.327499 0.126769 0.00692135 0.00049075 0.00029182
-0.0160117 0.363675 0.146264 0.00645364 0.00083913 0.00069785
-0.0199919 0.240275 0.203832 0.00612343 0.00069105 0.00039074
-0.0214001 0.469034 0.149952 0.00638684 0.00068269 0.0006747
-0.023757 0.355053 0.27773 0.00693525 0.00076192 0.0008172
-0.0306403 0.359247 0.184881 0.00738486 0.00036359 0.00079368
-0.0279797 0.327559 0.241803 0.00692794 0.00049589 0.00075844
-0.0309895 0.294083 0.258316 0.00684872 0.00049376 0.00075162
-0.0180425 0.437625 0.175667 0.0071237 0.00047966 0.00072727
-0.0208693 0.198026 0.198927 0.00678111 0.00064265 0.00045007
-0.0190345 0.332652 0.175484 0.0072469 0.00075133 0.00037586
-0.0146267 0.468296 0.13635 0.00756729 0.00088567 0.00037684
-0.0130002 0.316985 0.141581 0.00724184 0.00056977 0.00039084
-0.00961389 0.340498 0.102918 0.00743664 0.00059576 0.00038203
-0.0163791 0.492377 0.150226 0.00752304 0.00046861 0.00069181
-0.0186715 0.230288 0.182688 0.00744337 0.00064864 0.00035859
-0.0135261 0.440979 0.119969 0.00788203 0.00065244 0.00074577
-0.016221 0.340723 0.191327 0.00765836 0.00053089 0.00071128
-0.0143209 0.205398 0.150676 0.00744748 0.00059171 0.00040874
-0.0140509 0.415387 0.161306 0.00758654 0.00050043 0.00071937
-0.0187138 0.302097 0.252869 0.00732086 0.00070192 0.00048578
-0.00966912 0.391378 0.157496 0.00782615 0.00078215 0.00067381
0.00131019 0.26762 0.171285 0.00709035 0.00079482 0.00055915
-0.0118815 0.316609 0.132466 0.00774806 0.00044302 0.00058046
-0.0168141 0.449307 0.169907 0.0074682 0.00069135 0.000876
-0.0267767 0.30243 0.251131 0.00755119 0.00079371 0.00068997
-0.028072 0.447756 0.170268 0.00766717 0.00066302 0.00077261
-0.0333678 0.29474 0.204799 0.00760105 0.00036111 0.00075738
-0.0286718 0.270144 0.144647 0.00762443 0.00020551 0.00075554
-0.0211397 0.474574 0.117838 0.00790279 0.00036674 0.00076783
-0.027781 0.352389 0.118442 0.00754895 0.0008426 0.00062856
-0.0246826 0.17572 0.128087 0.00686283 0.00058737 0.00046807
-0.0261006 0.410502 0.123067 0.00563266 0.00036624 0.00059498
-0.0173017 0.341688 0.176713 0.00440935 0.00017371 0.00025613
-0.0283066 0.326523 0.156451 0.00397207 0.00035115 0.00034926
-0.0210871 0.370064 0.157599 0.00491364 0.00026262 0.00035729
-0.0337681 0.274609 0.188139 0.0052166 0.00035718 0.00050455
-0.0218614 0.359597 0.158214 0.00533842 0.00018092 0.00039688
-0.0274994 0.347628 0.199017 0.00546757 0.00056353 0.0004707
0.00297205 0.161166 0.164577 0.00578606 0.00049628 0
-0.0167594 0.460372 0.163575 0.0058782 0.00028581 0.00011516
-0.0225221 0.348666 0.183868 0.00605943 0.00033685 0.00045057
-0.0151418 0.252486 0.145478 0.00641054 0.00025432 0.00025754
-0.0215927 0.463637 0.11601 0.00632063 0.00028567 0.00036118
-0.0164748 0.282618 0.158537 0.00592691 0.00047575 0.00041804
-0.0105723 0.301853 0.121343 0.0061835 0.00042793 0.00011921
-0.0180272 0.400397 0.13824 0.00611722 0.00039158 0
-0.00780063 0.18813 0.190224 0.00592691 0.00035374 0.0002277
-0.00497753 0.361682 0.124619 0.00630542 0.00038341 0.00033315
-0.015234 0.355251 0.127529 0.00643301 0.0002979 0.00040261
-0.0036655 0.191014 0.17529 0.00608136 0.00032969 0.00029386
-0.00813686 0.433244 0.254311 0.00602661 0.00034712 0.00040414
0.0147778 0.343841 0.0924558 0.00660692 0.00053489 0
0.0290701 0.234772 -0.110561 0.00762163 0.00074782 0.00044976
0.0441151 0.254194 0.200473 0.00510634 0.00088922 0.00019957
0.0442195 0.186431 0.212695 0.00534859 0.00098471 0.00012942
0.042158 0.347968 0.147278 0.00552856 0.00061758 0.00016349
0.0420714 0.366829 0.171794 0.00542343 0.000808 0.00011365
0.0445918 0.20285 0.14761 0.00552382 0.0010152 0
0.0333814 0.408428 0.129313 0.00549007 0.00070348 0.00025758
0.0287498 0.257404 0.171325 0.00510064 0.00071331 0.00046379
0.0391574 0.259004 0.101098 0.00509646 0.00070398 0.00016985
0.033046 0.460793 0.106765 0.00525103 0.00074658 0.00054372
0.0244282 0.215092 0.141873 0.00519531 0.00034759 0.00068327
0.0387863 0.314798 0.0997021 0.00526797 0.00077622 0.00020231
0.0286087 0.375453 0.110719 0.00552967 0.00071588 0.00056394
0.0402292 0.168969 0.165835 0.00565785 0.00099375 0.00017107
0.0331209 0.33788 0.0957292 0.00564231 0.00113053 0.00037507
0.0209949 0.316995 0.134048 0.00549397 0.00110738 0.00051355
0.0267591 0.207271 0.162009 0.0054337 0.00096442 0.00056905
0.0263038 0.395244 0.121955 0.00554272 0.0010871 0.0004918
0.021245 0.242999 0.186199 0.0052246 0.00106663 0.00057051
0.029101 0.259165 0.11772 0.00519567 0.00105875 0.00050435
0.0299789 0.351207 0.13265 0.00496591 0.00113508 0.00060511
0.0330241 0.195314 0.151766 0.00518617 0.00106247 0.00052019
0.0345902 0.414877 0.093739 0.00557992 0.00114828 0.00042493
0.0191306 0.343417 0.133299 0.00515186 0.00103915 0.00047282
0.019785 0.181966 0.188936 0.00515186 0.00100357 0.00027066
0.0188183 0.41765 0.104388 0.00550572 0.00110268 0.0004443
0.0102997 0.272077 0.148916 0.00523813 0.00103501 0.00071808
0.0068738 0.182657 0.149323 0.00542313 0.00094308 0.00058344
-0.00064572 0.425147 0.115392 0.00629392 0.00097835 0.00053764
0.00472204 0.251484 0.154345 0.00566604 0.00107998 0.00065401
0.00857143 0.184359 0.126709 0.00555156 0.00102162 0.00055137
0.0150517 0.391813 0.106197 0.00609781 0.00109827 0.00057415
0.00795798 0.353993 0.140288 0.00577367 0.00128081 0.00069774
0.00499633 0.310192 0.130613 0.00577367 0.00114891 0.00055794
-0.00062006 0.417425 0.0843852 0.00577367 0.00093087 0.00062221
-0.00076427 0.21193 0.124865 0.0054528 0.00102345 0.00051878
0.0128377 0.198635 0.109972 0.00589212 0.00106186 0.00052379
-0.00050391 0.346836 0.108058 0.00602654 0.00086516 0.00069421
-0.00069167 0.209344 0.180143 0.00558081 0.00071418 0.0007058
0.00609921 0.305907 0.0860531 0.00584034 0.00086567 0.00035425
-0.0104981 0.290309 0.135658 0.00535538 0.00075485 0.00082354
-0.00070096 0.215287 0.136548 0.00547457 0.00106104 0.00059769
-0.00031479 0.42328 0.101284 0.00580052 0.00098168 0.00080076
-0.00051404 0.24548 0.176702 0.00559973 0.00062128 0.00081889
-0.00055297 0.340805 0.117417 0.00597901 0.00070317 0.00071604
-0.0173843 0.362258 0.160524 0.00589083 0.0007364 0.00094745
-0.0114152 0.210239 0.220143 0.0053246 0.00051789 0.00096466
-0.0213572 0.364754 0.130768 0.00571696 0.00061906 0.00114596
-0.0177912 0.225195 0.261595 0.00546696 0.00070108 0.00093756
-0.0141268 0.312982 0.195831 0.00582182 0.00051789 0.00117188
-0.0133666 0.295312 0.19337 0.00598797 0.00051789 0.00119996
-0.0107039 0.140484 0.15431 0.00588715 0.00051788 0.00080257
-0.00712701 0.451292 0.0906637 0.00600046 0.00075429 0.00082613
-0.00893116 0.374978 0.129269 0.005393 0.00070228 0.00078069
-0.00833324 0.207489 0.120961 0.00580977 0.00051789 0.00077455
-0.00033165 0.45707 0.0685871 0.00642447 0.00062219 0.00081032
-0.00586084 0.297708 0.151391 0.00572497 0.00051789 0.00102966
-0.0108397 0.242987 0.123602 0.00628888 0.00051789 0.00075992
-0.0172031 0.363685 0.0852829 0.00647904 0.00064023 0.00089677
-0.0198693 0.186375 0.220684 0.00555743 0.00051789 0.00107046
-0.0179357 0.232511 0.167229 0.00586009 0.00051789 0.00101373
-0.0172596 0.267194 0.158214 0.00594516 0.00037371 0.00104048
-0.0152358 0.175763 0.171448 0.00628556 0.00051789 0.00082021
-0.00963368 0.356051 0.0919258 0.00652059 0.00063619 0.00107649
-0.00023199 0.225713 0.115224 0.00620347 0.00069813 0.00104824
0.0120792 0.29336 0.0774321 0.00471606 0.00051789 0.00082819
0.0318745 0.395093 0.0806778 0.00442541 0.00067049 0.00062299
0.0439083 0.434489 0.0716103 0.00286436 0.00088471 7.678e-05
0.0045104 0.376627 0.0854159 0.00470038 0.00058599 0.00054823
0.00605496 0.228213 0.069007 0.00513497 0.00051789 0.00052332
-0.00538354 0.386596 0.0800314 0.00539638 0.00037107 0.00045756
-0.00169012 0.129847 0.107024 0.00557587 0.00051789 0.00039523
0.00491489 0.257628 0.0769626 0.00507124 0.00046602 0.00031698
0.00745319 0.287673 0.0672192 0.00497302 0.00051789 0.00070155
-0.00080006 0.273777 0.0908869 0.00554225 0.00068912 0.0006065
0.00723175 0.151994 0.0879302 0.00621704 0.00071819 0.00053843
0.0240219 0.390074 0.0425317 0.00654242 0.00051789 0.0005926
0.00648969 0.403291 0.0794522 0.00589234 0.00051789 0.00026311
0.00834458 0.180781 0.08198 0.0060617 0.00068357 0.00050804
0.0122381 0.420211 0.0410673 0.00635257 0.00051789 0.00043188
0.00405385 0.291776 0.0789098 0.0058847 0.00051789 0.00028035
0.0285781 0.14458 0.0715365 0.00566986 0.00051789 0
0.0133096 0.367324 0.0619905 0.00538408 0.00038917 0
0.0235436 0.175107 0.115367 0.00531185 0.00062178 0
0.023323 0.224194 0.0649361 0.00529582 0.00051789 0
0.019099 0.320339 0.0727493 0.00554637 0.00057875 -0.00032413
0.0248903 0.118271 0.0729759 0.00580911 0.00051789 0.00014662
0.0273637 0.357465 0.0279089 0.00572441 0.00051789 0.00014258
0.0168856 0.352168 0.0826253 0.00526906 0.00073397 0.00034877
0.0201516 0.16982 0.116179 0.00545303 0.00073658 0.00028887
0.0315019 0.410436 0.0808112 0.00574709 0.00078051 0
0.0293379 0.290709 0.133894 0.00530339 0.00075678 0.00022398
0.0238359 0.197985 0.119636 0.00554466 0.00064963 0.00022623
0.0262068 0.368351 0.0937438 0.0058624 0.00068198 0.00019885
0.0249885 0.176202 0.13172 0.00530339 0.00092551 0.00041465
0.0389837 0.251405 0.0648263 0.00579079 0.0011051 0
0.03289 0.368681 0.0794038 0.00593144 0.00111161 0.00023776
0.0271918 0.182278 0.13964 0.00542677 0.00091617 0.00032071
0.0356374 0.390038 0.0708344 0.00610764 0.00081384 0.00028949
0.0226321 0.312906 0.0809017 0.00593144 0.00109379 0.00051885
0.0206504 0.165671 0.0811585 0.00578556 0.00108686 0.00031179
0.0303626 0.358832 0.0444311 0.00652962 0.00108723 0.00027488
0.0256885 0.18509 0.0555935 0.00625118 0.00112447 0.00031701
0.0302536 0.227903 0.00076481 0.00678706 0.00110681 0.00031295
0.0301993 0.297269 -0.0142743 0.00647007 0.00123849 0.00042233
0.0349482 0.138011 0.0253742 0.00641691 0.00127588 0.0002853
0.0370091 0.285561 -0.00449645 0.00679426 0.00136411 0.00028231
0.037027 0.311362 0.0135645 0.00680092 0.00132865 0.0002929
0.0480833 0.302337 -0.00687549 0.0069446 0.00114024 0
0.0502015 0.176566 0.0269128 0.00641697 0.00117889 0
0.0413929 0.270143 0.00912141 0.00651256 0.00099778 0
0.0446404 0.347434 -0.0241079 0.00668836 0.00115614 5.145e-05
0.0456429 0.153535 0.0557919 0.0063273 0.00122144 0
0.0407821 0.27705 0.00657118 0.00669493 0.00103006 7.046e-05
0.0317449 0.292518 0.0447634 0.00637382 0.00082516 0.0005037
0.0316514 0.135301 0.0526162 0.00617796 0.00092445 0.0003057
0.0456051 0.353589 0.0162353 0.00652813 0.0008638 0.00012381
0.0383058 0.233881 0.0994298 0.00592796 0.00113536 0.00031252
0.0246168 0.233668 0.0864805 0.00641673 0.00129539 0.00018745
0.0291552 0.386375 0.0649135 0.00665869 0.00151455 0.00018508
0.0242131 0.199903 0.155293 0.00541785 0.00136945 0.0001746
0.0205354 0.318512 0.0897195 0.00566012 0.00145033 0.00030025
0.0106491 0.321441 0.106995 0.00560361 0.00131186 0.00065185
0.0159493 0.134041 0.174779 0.00526351 0.00146379 0.00054718
0.0125443 0.28413 0.112264 0.00566012 0.00102502 0.00064416
0.0119608 0.30828 0.140495 0.00587578 0.00111239 0.00058283
0.0115584 0.167083 0.146267 0.00586571 0.0011955 0.0004673
0.0129568 0.392722 0.0865467 0.00634451 0.00127216 0.0004952
0.0135276 0.235273 0.154477 0.00566012 0.00136131 0.00048347
0.0126557 0.319726 0.0983107 0.00566012 0.00142068 0.00045498
0.00442731 0.343946 0.124176 0.00620503 0.00114587 0.00077726
-0.0008006 0.21764 0.166567 0.00583399 0.00120291 0.00043995
-0.0176979 0.345227 0.107604 0.00573291 0.00106119 0.00079767
-0.0180756 0.181 0.225002 0.00509192 0.00122321 0.0005911
-0.0179176 0.309094 0.143493 0.00566012 0.00096941 0.000732
-0.0144578 0.250663 0.185903 0.00571107 0.00104964 0.00073594
-0.0153217 0.197398 0.216545 0.00551667 0.00118702 0.00070531
-0.0173163 0.364169 0.116976 0.00592732 0.00081042 0.00115963
-0.017728 0.228052 0.212306 0.00563553 0.00081042 0.00093405
-0.0152969 0.218945 0.148495 0.00587993 0.00081042 0.00072432
-0.00988656 0.433653 0.10618 0.00621849 0.00113033 0.00077561
0.00078303 0.188053 0.132909 0.0056451 0.00132428 0.00061543
-0.00977027 0.381672 0.0902632 0.00635144 0.0011809 0.00073036
-0.00607881 0.38581 0.126034 0.00627906 0.00122217 0.00090844
-0.00461863 0.172161 0.117581 0.00627913 0.00114398 0.00080436
-0.00027523 0.400668 0.117135 0.00589519 0.000913 0.00088551
0.00189195 0.135916 0.175132 0.00615068 0.00128977 0.00064191
-0.00176326 0.261585 0.126836 0.0067335 0.00090094 0.00081566
-0.00212017 0.340627 0.159589 0.00650764 0.00081042 0.00096773
0.00142698 0.205094 0.15805 0.00669118 0.001159 0.00061644
-0.00244348 0.38505 0.119651 0.00693105 0.00098159 0.00097229
-0.00519025 0.219631 0.174356 0.00693105 0.00098946 0.00094331
-0.00562944 0.332413 0.127746 0.00741451 0.00081042 0.00066891
-0.0052014 0.391173 0.177064 0.00696485 0.00081042 0.00095615
-0.00549817 0.22814 0.16871 0.00685105 0.00118925 0.0006948
0.00492786 0.379981 0.155569 0.00669173 0.0010978 0.00106052
-0.00539174 0.195235 0.191578 0.00653828 0.00115028 0.00088812
0.00482917 0.343547 0.130259 0.00708018 0.00109376 0.00093395
0.0090817 0.295894 0.193911 0.00725487 0.00179384 0.00067859
0.00285914 0.233768 0.147852 0.00695744 0.00122106 0.00069248
0.00264228 0.358611 0.117577 0.00707234 0.0012164 0.0009996
0.0119521 0.209235 0.198286 0.00677968 0.0015744 0.00065179
0.00144641 0.371907 0.101979 0.00701552 0.00143041 0.00091845
-0.00116476 0.28443 0.15389 0.00707234 0.00156953 0.00079623
0.0140731 0.13781 0.173398 0.00629359 0.00119951 0.00066104
0.0007901 0.407644 0.110137 0.00665334 0.0009048 0.00091669
0.00618034 0.2676 0.0976256 0.00697069 0.00133986 0.0011135
0.0131083 0.15931 0.0890288 0.00635018 0.00118344 0.00064957
0.00620707 0.438826 0.0650202 0.0062687 0.00099885 0.0008958
0.00206406 0.169727 0.0767619 0.00633698 0.00119143 0.00076522
