0 0.280705 0.146699 0.00165549 0 0
0 0.22456 0.159247 0.00079739 0 0
-0.00011974 0.258095 0.12987 0.00064632 0 -6.511e-05
0.0061922 0.391701 0.187189 0.00097546 0 -0.00011334
-0.0002951 0.310558 0.191338 0.00099911 0 -0.00015615
-0.00054153 0.241793 0.146226 0.00062912 0 -0.00029179
-0.0007723 0.387277 0.215597 0.0009687 0 -0.00039599
0.00381481 0.352288 0.246765 0.00105585 0.000212 -0.00055367
-0.00093471 0.265782 0.222359 0.00081886 0.00017966 -0.00051155
-0.00365778 0.294531 0.202629 0.00078513 0 -0.00043744
-0.00100969 0.367158 0.262967 0.00070543 0 -0.00052144
-0.00091722 0.345254 0.263246 0.00087242 0.00039597 -0.00050212
-0.00086033 0.297435 0.224815 0.00051175 0.00018839 -0.00047393
-0.00082042 0.398539 0.25942 0.00070327 0.00016837 -0.00043518
-0.00092702 0.378954 0.266476 0.00095763 0.00032828 -0.00050491
-0.00369688 0.299972 0.243131 0.00058248 0 -0.00042696
-0.00388521 0.366468 0.244021 0.00058687 0.0003259 -0.00053592
-0.00112336 0.378314 0.275832 0.00082752 0.00031878 -0.00060916
-0.00962751 0.299142 0.252595 0.00056076 0.00034669 -0.00071247
-0.00109231 0.332389 0.218486 0.0005001 0.00031235 -0.00061322
-0.0042989 0.380313 0.265023 0.00083958 0.00016658 -0.00050589
-0.0121018 0.283856 0.242507 0.00047502 0.00017495 -0.00062988
-0.0141321 0.311232 0.215472 0.00030547 0.00018702 -0.00064838
-0.00899248 0.398972 0.265495 0.00068287 0.00030811 -0.0007079
-0.00966249 0.289332 0.252428 0.00055354 0.0001927 -0.0006656
-0.00912073 0.309891 0.214397 0.00042259 0.00018277 -0.00067077
-0.00946254 0.410687 0.24996 0.0011725 0.00011439 -0.00075258
-0.0117719 0.29102 0.237362 0.00059641 0.00019973 -0.00051518
-0.0087266 0.298181 0.201654 0.00046387 0 -0.00040698
-0.0129316 0.392097 0.247638 0.00082216 0 -0.00044178
-0.0155313 0.273321 0.215493 0.00078056 0 -0.00040072
-0.0196409 0.302453 0.180857 0.00057879 0.00050024 -0.00052146
-0.0540104 0.358596 0.199325 0.00223456 0 -0.00057978
-0.0317018 0.272376 0.197434 0.0005731 0.00077898 -0.00105843
-0.0272852 0.339881 0.190165 0.00065923 0.00063895 -0.00113649
-0.0210773 0.38496 0.237994 0.00110308 0.00079903 -0.00105592
-0.0203568 0.279747 0.213688 0.00082222 0.00084157 -0.0008779
-0.0224458 0.290091 0.184901 0.00052284 0.00069529 -0.00090283
-0.0233436 0.385206 0.238079 0.00085625 0.00072949 -0.00093872
-0.0255005 0.30238 0.235845 0.00084936 0.00085054 -0.0007487
-0.0290352 0.270178 0.197187 0.0004379 0.00104917 -0.00073527
-0.0342621 0.372165 0.224723 0.00075282 0.0008506 -0.0007515
-0.029601 0.348961 0.224974 0.0010123 0.00093967 -0.00065988
-0.0216215 0.262512 0.214272 0.00035268 0.00115348 -0.00070136
-0.0262486 0.39317 0.217519 0.00086334 0.00122842 -0.0008966
-0.0291085 0.370024 0.244245 0.00115425 0.00128925 -0.00074218
-0.0293377 0.251061 0.202751 0.00046566 0.00134298 -0.00080598
-0.0346319 0.376682 0.212282 0.00085845 0.00124641 -0.00081409
-0.040726 0.357693 0.255695 0.00113065 0.00137935 -0.00073021
-0.0342981 0.262551 0.224937 0.00066313 0.00177485 -0.00091393
-0.0388404 0.338766 0.210157 0.0009637 0.0017056 -0.00080924
-0.0457471 0.387018 0.247465 0.00145692 0.00177227 -0.00087013
-0.0359816 0.294988 0.236395 0.00111735 0.00192548 -0.00077967
-0.0365073 0.309101 0.20515 0.00096123 0.00178507 -0.00085282
-0.0307436 0.388497 0.225079 0.00124596 0.00158999 -0.00082194
-0.033488 0.358484 0.233358 0.00163578 0.00152555 -0.00080418
-0.0301853 0.281794 0.20342 0.00096733 0.00175241 -0.00059875
-0.0417599 0.364253 0.208439 0.00114507 0.00156472 -0.00067096
-0.0340597 0.378631 0.239192 0.00135337 0.00156999 -0.00069164
-0.0280741 0.273594 0.210306 0.00089689 0.00155611 -0.00061352
-0.031732 0.360945 0.200853 0.00118108 0.00156157 -0.00067389
-0.0338106 0.363052 0.233398 0.00123931 0.00161116 -0.00068636
-0.0185402 0.257866 0.197395 0.0007645 0.00162744 -0.00057304
-0.024857 0.361296 0.190373 0.00115525 0.00149244 -0.00064171
-0.0312316 0.372227 0.230001 0.00151854 0.00164464 -0.0008468
-0.0204102 0.257808 0.196437 0.00075496 0.00161966 -0.00065034
-0.0283594 0.373154 0.190372 0.00119707 0.00151306 -0.00067662
-0.0353624 0.369506 0.236822 0.00157258 0.00142051 -0.00083674
-0.0318332 0.266467 0.212122 0.00100672 0.0014672 -0.00075201
-0.0285449 0.330517 0.188634 0.00109243 0.00157034 -0.00073959
-0.034019 0.391802 0.2232 0.00165745 0.00158989 -0.00079265
-0.0269138 0.275208 0.210144 0.00106684 0.00163752 -0.00081188
-0.0249736 0.31968 0.185272 0.0010617 0.0017529 -0.00085508
-0.0424893 0.406651 0.231758 0.00171246 0.00176878 -0.00097981
-0.0358966 0.298981 0.22087 0.00118029 0.00166765 -0.00086917
-0.0448198 0.332951 0.194839 0.00104477 0.00161742 -0.00099471
-0.0423634 0.403488 0.236976 0.00150315 0.00160678 -0.00095531
-0.0402109 0.312195 0.227254 0.00135109 0.00179135 -0.00091165
-0.0367459 0.293487 0.194372 0.00090914 0.00173536 -0.00087886
-0.0401902 0.395382 0.221376 0.00163687 0.00174005 -0.00096117
-0.0391348 0.340783 0.22431 0.0016241 0.00174245 -0.00089594
-0.0361159 0.265302 0.195805 0.00091979 0.00181227 -0.00079308
-0.034107 0.39154 0.208281 0.00143625 0.00164062 -0.00091561
-0.0368973 0.35597 0.237685 0.00166159 0.00176989 -0.00081658
-0.0389017 0.26803 0.207478 0.00096268 0.00170895 -0.00083665
-0.0390187 0.389552 0.211211 0.00154395 0.00153002 -0.0009334
-0.0452783 0.371755 0.24025 0.00176656 0.00134763 -0.00100998
-0.0499665 0.298322 0.220792 0.00156978 0.00134763 -0.00105197
-0.0484401 0.309927 0.192084 0.00125894 0.00134763 -0.00103177
-0.046075 0.392063 0.239318 0.00169942 0.00134763 -0.00105548
-0.0442731 0.295092 0.226862 0.00132486 0.00134763 -0.00097455
-0.0482438 0.290479 0.192824 0.00111166 0.00158342 -0.0009726
-0.043857 0.40041 0.229946 0.00169638 0.00134763 -0.00102928
-0.0574945 0.322265 0.231906 0.0016086 0.00134763 -0.00102787
-0.0602587 0.277823 0.207246 0.00103815 0.00118006 -0.00117511
-0.0598132 0.40021 0.239278 0.00129656 0.00024445 -0.00125223
-0.0722362 0.365181 0.26377 0.00122288 -0.00027803 -0.00139567
-0.075326 0.292026 0.25625 0.00086781 0.00024445 -0.00149897
-0.0669498 0.299578 0.205664 0.00074263 0.00042639 -0.00136717
-0.0613143 0.386932 0.222081 0.00160232 0.00062439 -0.00144227
-0.0647015 0.342511 0.247238 0.00123462 0.00086686 -0.00131351
-0.0452252 0.306823 0.212684 0.00089999 0.00075537 -0.00113073
-0.0525569 0.417949 0.233404 0.00139098 0.00065935 -0.00127713
-0.0410948 0.323891 0.247757 0.00103855 0.00076089 -0.00145374
-0.0380489 0.341225 0.21895 0.00108298 0.00090275 -0.00154655
-0.0497489 0.43275 0.248144 0.00171431 0.00098291 -0.00173319
-0.0610664 0.317913 0.249325 0.00142324 0.00104209 -0.00150376
-0.051879 0.308017 0.22487 0.00110362 0.00109842 -0.00143954
-0.0667151 0.409979 0.257125 0.00164231 0.00119412 -0.00145118
-0.0636496 0.333155 0.266464 0.00151592 0.00141619 -0.00145492
-0.0532294 0.291735 0.227437 0.0010752 0.00140937 -0.00126488
-0.062242 0.402694 0.235454 0.00164512 0.00133567 -0.00130338
-0.0608188 0.349592 0.255844 0.00153539 0.00161724 -0.00128561
-0.0489056 0.303904 0.206666 0.00122791 0.00139742 -0.00108185
-0.0546684 0.397724 0.225484 0.00148395 0.00124021 -0.00108292
-0.0521337 0.351107 0.243939 0.0015319 0.00131567 -0.00108284
-0.0437271 0.285974 0.200863 0.00116341 0.00127477 -0.0009358
-0.0458307 0.397696 0.21938 0.00159984 0.00127547 -0.00107983
-0.0587493 0.348063 0.240193 0.00172622 0.00131524 -0.00108297
-0.0455105 0.264936 0.20966 0.00110553 0.00136067 -0.00113811
-0.0455085 0.395516 0.212526 0.00170832 0.00123387 -0.00110462
-0.057213 0.372392 0.244042 0.0019512 0.00135116 -0.00124319
-0.0536287 0.274628 0.222706 0.00108858 0.00132762 -0.00110782
-0.0568666 0.384584 0.214564 0.00170079 0.00133625 -0.00112648
-0.0569501 0.396547 0.259174 0.00194378 0.00136806 -0.00122879
-0.0533791 0.302939 0.250947 0.00140612 0.00140316 -0.00111401
-0.0514037 0.334525 0.214487 0.00134248 0.00129729 -0.00119266
-0.0551987 0.418015 0.25592 0.00201071 0.00137532 -0.00130284
-0.0586992 0.346606 0.261586 0.00166165 0.00138744 -0.00124414
-0.0566362 0.301029 0.238125 0.00111661 0.00125076 -0.00130145
-0.0613932 0.397309 0.230264 0.00163149 0.00128026 -0.00128861
-0.0651764 0.361332 0.244314 0.00163149 0.00142027 -0.00132722
-0.0537465 0.291341 0.209096 0.00115383 0.00131645 -0.00125484
-0.051011 0.395244 0.215828 0.00155267 0.00136694 -0.00121372
-0.0537203 0.391215 0.242893 0.00194184 0.00133688 -0.0011478
-0.0401125 0.269096 0.220854 0.00108183 0.0013665 -0.00111054
-0.0492739 0.369663 0.203392 0.00154863 0.00139857 -0.00119152
-0.0576868 0.404146 0.241286 0.00210491 0.00125565 -0.00130053
-0.049133 0.290011 0.22527 0.00143517 0.00134444 -0.00114246
-0.0482526 0.346265 0.181476 0.00155746 0.00125241 -0.00119508
-0.0624961 0.397181 0.247809 0.00185939 0.0014273 -0.00136131
-0.0459333 0.267 0.217394 0.00111064 0.00151941 -0.00115196
-0.0509794 0.385164 0.201924 0.00176267 0.00147844 -0.00123424
-0.057664 0.373128 0.243737 0.0018802 0.00147673 -0.00136775
-0.0549845 0.283589 0.206899 0.00125052 0.00137275 -0.00122139
-0.0592735 0.407571 0.216427 0.00184281 0.00131604 -0.00135844
-0.0592442 0.361536 0.240918 0.002003 0.00144005 -0.00135411
-0.0618463 0.297434 0.212367 0.00128409 0.00142246 -0.0013491
-0.0595945 0.397469 0.221112 0.0018052 0.00140255 -0.00132533
-0.0665892 0.346503 0.22856 0.00198236 0.00152826 -0.00136191
-0.0631638 0.278197 0.204504 0.00126436 0.00163357 -0.00135807
-0.0553212 0.401915 0.214391 0.00188103 0.00146723 -0.00131514
-0.0642821 0.379481 0.251033 0.00207157 0.00153493 -0.00134418
-0.0496611 0.280184 0.226425 0.00142034 0.00165959 -0.00147506
-0.0647229 0.377525 0.215477 0.00174461 0.0016777 -0.00166637
-0.0778222 0.39784 0.248565 0.0019888 0.00162366 -0.00168696
-0.0740442 0.289871 0.230142 0.00151309 0.00167658 -0.00171228
-0.0732274 0.397651 0.217868 0.00230063 0.00159833 -0.00161966
-0.0801581 0.404557 0.257505 0.00229367 0.00146943 -0.00179916
-0.0789885 0.312957 0.255212 0.00174379 0.00146068 -0.00172338
-0.0813455 0.310658 0.202092 0.00162947 0.00145076 -0.00176358
-0.0824468 0.410358 0.239911 0.0021546 0.00128547 -0.00182548
-0.0849259 0.343775 0.245836 0.00190678 0.00126303 -0.00176653
-0.084955 0.310943 0.210217 0.0014519 0.00117653 -0.0016997
-0.087121 0.422219 0.22864 0.00216402 0.00114644 -0.00178369
-0.0885732 0.34105 0.235511 0.00188198 0.00126634 -0.00180492
-0.0839442 0.306265 0.203313 0.00141185 0.00099292 -0.00180767
-0.0909946 0.426771 0.222915 0.00205643 0.000948 -0.001671
-0.0962835 0.368227 0.246531 0.00212032 0.00110976 -0.00211012
-0.103032 0.286286 0.223672 0.00140012 0.00102046 -0.00199854
-0.0957509 0.379092 0.204052 0.00207929 0.00092515 -0.00204065
-0.0955966 0.385082 0.222683 0.00242049 0.00111378 -0.00210526
-0.0898005 0.292036 0.213889 0.00168868 0.00108159 -0.00208741
-0.0875254 0.333375 0.191156 0.0015304 0.00101821 -0.00205044
-0.10317 0.428134 0.224669 0.00240686 0.0009819 -0.00219536
-0.0936398 0.297762 0.219323 0.00157094 0.00103807 -0.00210004
-0.0919548 0.336656 0.179842 0.0017307 0.00121387 -0.00209592
-0.102727 0.42285 0.221806 0.00248024 0.00102915 -0.00227228
-0.117465 0.287575 0.216503 0.00155344 0.00119373 -0.00228297
-0.111169 0.362364 0.186405 0.00185435 0.00123112 -0.00231523
-0.107263 0.383642 0.21847 0.00212724 0.00114888 -0.00229063
-0.109159 0.282083 0.214858 0.00137862 0.00120531 -0.00232114
-0.0981002 0.395681 0.194004 0.00212724 0.00126463 -0.00227307
-0.114776 0.388578 0.234631 0.00218407 0.00122368 -0.00229602
-0.108873 0.286227 0.209768 0.00153357 0.0012069 -0.00237451
-0.113752 0.394926 0.209565 0.00196122 0.00113721 -0.00230227
-0.112296 0.398511 0.252586 0.00236623 0.00104775 -0.00250188
-0.111977 0.320064 0.25432 0.00186813 0.00116856 -0.0025174
-0.114848 0.346576 0.227615 0.00170145 0.00091042 -0.00241664
-0.121874 0.422373 0.255837 0.00236003 0.00080874 -0.00246977
-0.121924 0.358055 0.256451 0.00199117 0.00086763 -0.002452
-0.128258 0.309951 0.223626 0.00154349 0.00106823 -0.00244119
-0.117838 0.424225 0.225642 0.00222061 0.00093424 -0.00241407
-0.116579 0.347682 0.248384 0.00178112 0.00091668 -0.00239017
-0.10808 0.308935 0.205669 0.00143259 0.00080874 -0.00218071
-0.111697 0.413239 0.215325 0.00209217 0.00075134 -0.00231022
-0.111334 0.351083 0.235193 0.00199408 0.00094033 -0.0023982
-0.109762 0.30652 0.198727 0.00153531 0.00080874 -0.0023766
-0.112257 0.414799 0.223651 0.0020958 0.00065308 -0.00251651
-0.117942 0.332207 0.24826 0.00183523 0.00060852 -0.00256515
-0.118902 0.323131 0.226434 0.00150082 0.00035053 -0.00261507
-0.120395 0.420059 0.253619 0.0020958 0.00026283 -0.00252643
-0.120745 0.334014 0.255625 0.00167371 0.00043917 -0.00257979
-0.121873 0.306025 0.217689 0.00131936 0.00027696 -0.00251983
-0.120391 0.413736 0.233024 0.00181745 0.00035746 -0.00245647
-0.1204 0.373314 0.252196 0.00192837 0.00025187 -0.00257403
-0.120136 0.315691 0.24857 0.00134993 0.0001996 -0.00255805
-0.116338 0.404671 0.241392 0.00167395 -0.00011059 -0.00251264
-0.115574 0.39828 0.265971 0.00185376 -0.00039547 -0.00252011
-0.115193 0.338804 0.252988 0.00165555 -9.67e-05 -0.00251324
-0.118647 0.26794 0.207095 0.00089677 -0.00010251 -0.00252393
-0.118843 0.402172 0.216111 0.00155522 -8.182e-05 -0.00264134
-0.12204 0.407973 0.247301 0.00197066 -0.00029854 -0.00260298
-0.119746 0.334749 0.247087 0.00165947 -0.00037023 -0.00259972
-0.119979 0.311503 0.209322 0.00109562 -0.00037023 -0.00261018
-0.120026 0.437407 0.229427 0.00155808 -0.00079099 -0.00256518
-0.127218 0.404742 0.242511 0.00148381 -0.0009623 -0.00263027
-0.129083 0.30477 0.248264 0.00103994 -0.00064662 -0.00268497
-0.120653 0.283646 0.196021 0.00084582 -0.00042302 -0.00269145
-0.123773 0.390523 0.218541 0.00131315 -0.00039573 -0.00267662
-0.12147 0.322765 0.236979 0.00114574 -0.00027331 -0.00274078
-0.121152 0.306767 0.202369 0.00109509 -0.00038868 -0.00271526
-0.127247 0.406813 0.237059 0.00169157 -0.00038868 -0.00281645
-0.127339 0.325533 0.250266 0.00136868 -0.00038868 -0.00282396
-0.125009 0.361951 0.218124 0.00112498 -0.00066491 -0.00278316
-0.125288 0.444048 0.239973 0.00159176 -0.00099647 -0.00282082
-0.123973 0.387413 0.253737 0.00137993 -0.00117521 -0.00275987
-0.118905 0.307536 0.249994 0.00088164 -0.00069336 -0.00277502
-0.11034 0.337048 0.209154 0.00112838 -0.00035998 -0.00263124
-0.113251 0.385648 0.232702 0.00173015 -0.00022307 -0.00272906
-0.0926548 0.308944 0.242945 0.00102211 -0.00018521 -0.00251951
-0.0628037 0.356383 0.21776 0.00110791 0.00020907 -0.0021317
-0.0703028 0.457028 0.247977 0.00178425 9.55e-05 -0.00231689
-0.0615945 0.338947 0.245937 0.00115662 0.0002168 -0.00210479
-0.0448127 0.384755 0.227654 0.00122448 0.00014521 -0.00205386
-0.0621449 0.451453 0.258738 0.00181041 0.00012069 -0.00214616
-0.058633 0.325679 0.249697 0.00141385 0.00030164 -0.00219563
-0.0546992 0.352345 0.211672 0.0015026 0.00030164 -0.00201818
-0.0637905 0.425735 0.245081 0.00194115 0.00030164 -0.0021975
-0.0609736 0.362221 0.268197 0.00181418 0.00043697 -0.0022272
-0.0648991 0.310593 0.232118 0.001312 0.00030164 -0.00211702
-0.0728717 0.424048 0.253477 0.00181864 0.00024595 -0.00219973
-0.0762936 0.384572 0.266309 0.00197309 0.00030164 -0.0023225
-0.0750314 0.324465 0.249626 0.00133527 0.00046618 -0.00231733
-0.0734599 0.428075 0.251553 0.00183229 0.00023943 -0.0022897
-0.0773333 0.420279 0.266182 0.00190628 8.626e-05 -0.00238964
-0.0871702 0.395908 0.275701 0.00194412 0.00024483 -0.00245079
-0.0790397 0.330111 0.251314 0.00143413 0.00030164 -0.00232415
-0.0780714 0.391374 0.2344 0.00148521 0.00030164 -0.00232888
-0.0937334 0.440131 0.273421 0.00215182 -0.00022988 -0.00256758
-0.0908601 0.345373 0.274032 0.00176157 -0.00028156 -0.00239209
-0.0839797 0.344143 0.238679 0.00143249 -0.00060986 -0.002319
-0.08823 0.437321 0.257749 0.00200932 -0.00037026 -0.00254347
-0.0833748 0.359245 0.256466 0.0018048 -5.483e-05 -0.00239994
-0.0731604 0.303228 0.207191 0.00135705 -7.968e-05 -0.00238805
-0.0841217 0.422359 0.219351 0.00214524 -5.344e-05 -0.00229627
-0.0641602 0.372832 0.232313 0.0019877 5.207e-05 -0.00221198
-0.0590095 0.295676 0.199198 0.00142624 0.00018053 -0.00218479
-0.0596717 0.427838 0.199172 0.00241245 0.00014714 -0.002255
-0.0523271 0.375921 0.233781 0.00199962 0.00022048 -0.00221967
-0.0417143 0.29417 0.200342 0.00138755 0.00039849 -0.00194453
-0.0515887 0.422834 0.196522 0.00221035 0.00035753 -0.00210409
-0.0462293 0.363859 0.238437 0.00202665 0.00041415 -0.00214936
-0.0447776 0.271869 0.212414 0.00137771 0.00047936 -0.00198
-0.0486878 0.411759 0.215647 0.00200986 0.00047936 -0.00203029
-0.0530857 0.385105 0.251365 0.00221848 0.00058793 -0.00212818
-0.0477243 0.279185 0.216356 0.00147109 0.00064754 -0.00199598
-0.0552389 0.413545 0.213442 0.00230456 0.00059808 -0.00212887
-0.0548515 0.36769 0.247316 0.0021938 0.00065171 -0.00217274
-0.056082 0.325105 0.213798 0.00185598 0.00083176 -0.00219193
-0.0672045 0.425042 0.242424 0.0024716 0.00065677 -0.00223762
-0.0645354 0.336335 0.265178 0.00199176 0.00067402 -0.00223654
-0.0664268 0.347073 0.240543 0.00173721 0.00041914 -0.00229857
-0.0826234 0.435934 0.275956 0.00219383 0.00035164 -0.00234281
-0.0790035 0.372233 0.267275 0.0021475 0.00039526 -0.00247142
-0.0662505 0.28886 0.236136 0.0015031 0.00070549 -0.00224079
-0.0627865 0.407663 0.229063 0.00207105 0.00061824 -0.00224144
-0.0758241 0.38543 0.260269 0.0021484 0.00064385 -0.00235977
-0.0655579 0.287651 0.234805 0.00139862 0.00065582 -0.00222381
-0.0689068 0.427685 0.233859 0.00199583 0.00047936 -0.00230072
-0.0778077 0.411674 0.253859 0.00229121 0.00030114 -0.00243966
-0.0639372 0.331735 0.243455 0.00158693 0.00023742 -0.00231893
-0.0647747 0.37792 0.225228 0.00184546 0.00047936 -0.00228226
-0.0683502 0.400469 0.248536 0.00226383 0.00047936 -0.00230532
-0.0632837 0.313426 0.231585 0.00175433 0.00047936 -0.00227228
-0.0601487 0.355465 0.193751 0.00187936 0.00060485 -0.00231947
-0.0688757 0.430999 0.223459 0.00250121 0.00047936 -0.00243345
-0.0614402 0.317447 0.222723 0.00187892 0.00068018 -0.00230177
-0.0556278 0.375749 0.194786 0.00203209 0.00061965 -0.00222355
-0.0627915 0.435668 0.242396 0.00224849 0.00065654 -0.00234024
-0.0560953 0.304453 0.22403 0.00165969 0.00070137 -0.00229793
-0.0557955 0.390805 0.212895 0.00204869 0.00075577 -0.0022883
-0.0744716 0.427464 0.247402 0.00261472 0.00047936 -0.00248805
-0.0683927 0.317716 0.248801 0.00195144 0.00066969 -0.00243495
-0.0678796 0.336425 0.209819 0.00197294 0.00067467 -0.00235803
-0.067275 0.426441 0.241475 0.00250202 0.00068651 -0.00245807
-0.0567528 0.347312 0.248132 0.00220271 0.00083285 -0.00230075
-0.0561181 0.318668 0.216436 0.00165003 0.00089442 -0.00231723
-0.0677429 0.446577 0.247192 0.00232925 0.00068508 -0.00234763
-0.0741642 0.393213 0.257717 0.00230102 0.00063894 -0.00245027
-0.0632445 0.319654 0.243734 0.00150658 0.00077198 -0.00237878
-0.0636499 0.402959 0.224524 0.00192836 0.00074765 -0.00235189
-0.0746384 0.428263 0.255927 0.0022843 0.00042878 -0.00237974
-0.0640543 0.323233 0.25279 0.00169528 0.00065026 -0.00234948
-0.0622245 0.370213 0.225355 0.00183033 0.00047936 -0.00235716
-0.0764625 0.437918 0.26606 0.00230041 0.00042365 -0.0024272
-0.0686693 0.354253 0.271388 0.00194935 -3.287e-05 -0.00248909
-0.0656455 0.359232 0.234904 0.0016086 -0.00019698 -0.00230659
-0.0713315 0.427801 0.251445 0.00205905 -2.105e-05 -0.00228101
-0.0671961 0.370887 0.248468 0.00214112 0.0001922 -0.00237972
-0.0621216 0.300956 0.225862 0.00147256 0.00038013 -0.00239464
-0.0552882 0.422768 0.221593 0.00198596 0.00047936 -0.00233803
-0.0602565 0.408774 0.253465 0.00212356 0.00056693 -0.00231701
-0.0617163 0.320846 0.232246 0.00150299 0.00053402 -0.0023145
-0.0530612 0.420301 0.231642 0.0019445 0.00060701 -0.002284
-0.0519172 0.409471 0.250291 0.00225114 0.00064347 -0.00232024
-0.0562613 0.314663 0.228321 0.0015661 0.00067927 -0.00227901
-0.0509027 0.418499 0.219404 0.00214117 0.00047936 -0.00230182
-0.0682016 0.421082 0.24272 0.00223678 -0.0005861 -0.00227772
-0.0663335 0.364667 0.24806 0.00193948 -0.0006089 -0.00225948
-0.0565293 0.331779 0.236895 0.00145378 1.002e-05 -0.00242825
-0.0611503 0.420553 0.246246 0.00204582 0.00029763 -0.00236995
-0.0585501 0.375713 0.258881 0.00191981 0.00049405 -0.00246402
-0.0510397 0.337979 0.2218 0.00148265 0.00068784 -0.00225726
-0.0559891 0.454636 0.232145 0.00226284 0.00057295 -0.00227891
-0.0520617 0.365508 0.246507 0.00192617 0.00076043 -0.0024345
-0.0444027 0.327195 0.183436 0.00176936 0.00079791 -0.00219985
-0.0466702 0.445076 0.199947 0.00251411 0.00091734 -0.00227192
-0.0460667 0.349702 0.217069 0.00218416 0.00084907 -0.00223411
-0.0452303 0.326515 0.18831 0.0019735 0.00105907 -0.00230847
-0.0543788 0.449002 0.225064 0.00257496 0.00084907 -0.00244091
-0.0554447 0.341594 0.242533 0.00212911 0.00084907 -0.00250216
-0.0585107 0.341578 0.215417 0.00184524 0.00078808 -0.00249194
-0.0702957 0.438969 0.230766 0.00245294 0.00020529 -0.00242462
-0.0753323 0.382198 0.254835 0.00217805 5.402e-05 -0.00253886
-0.0595588 0.31781 0.23706 0.00179382 0.00059117 -0.00235614
-0.0510083 0.378518 0.197319 0.00205196 0.00067067 -0.00226808
-0.0531856 0.440483 0.228813 0.00249962 0.00075462 -0.00221451
-0.0452225 0.342327 0.232969 0.00202553 0.00095045 -0.00228224
-0.0465037 0.358833 0.184616 0.00207328 0.00080259 -0.00219385
-0.0552234 0.452992 0.217944 0.00255742 0.00080259 -0.00222731
-0.0488516 0.353619 0.227538 0.00216452 0.00092639 -0.00224045
-0.0428154 0.342443 0.187171 0.00200443 0.00092829 -0.00230763
-0.0590726 0.426348 0.221566 0.0026858 0.00080259 -0.0023584
-0.0554233 0.333608 0.24311 0.00208017 0.00080259 -0.002424
-0.0523394 0.322819 0.20103 0.00192179 0.00090162 -0.00236157
-0.0680215 0.409104 0.2331 0.00232779 0.00080259 -0.0026075
-0.0642455 0.347101 0.244666 0.00217737 0.00080259 -0.00257719
-0.0627818 0.344099 0.208058 0.00196537 0.00073061 -0.00248753
-0.074921 0.446831 0.233051 0.00265725 0.00080259 -0.002644
-0.080254 0.392632 0.244375 0.00238593 0.0003365 -0.0026281
-0.0621103 0.333637 0.24253 0.00177923 0.00059987 -0.00245524
-0.0660749 0.415135 0.215849 0.00229574 0.00080259 -0.00252265
-0.0670753 0.411278 0.226956 0.00259311 0.0007339 -0.00251639
-0.0597186 0.318977 0.202562 0.00193131 0.00080259 -0.00243288
-0.0583036 0.383232 0.192648 0.00231293 0.00096744 -0.00237594
-0.0631451 0.414117 0.21661 0.00262016 0.00080259 -0.00231487
-0.0551249 0.330505 0.217403 0.00205679 0.00109995 -0.00239287
-0.050221 0.344973 0.183047 0.00200995 0.00092278 -0.00228196
-0.0642518 0.42119 0.20777 0.00255932 0.00080259 -0.00249895
-0.0495219 0.325263 0.203311 0.00218409 0.00099724 -0.00235504
-0.0464944 0.353529 0.173807 0.002075 0.00090322 -0.00227019
-0.0702187 0.414621 0.20846 0.0025997 0.00073825 -0.0023932
-0.0545975 0.30215 0.189712 0.00216677 0.00080259 -0.00232947
-0.0510013 0.356657 0.16239 0.0022194 0.00090316 -0.00229888
-0.0679871 0.422964 0.203019 0.00278436 0.0006323 -0.00252848
-0.0526971 0.279887 0.186516 0.0021941 0.00104776 -0.00232229
-0.0555459 0.355892 0.171047 0.00226039 0.0009111 -0.00224188
-0.0714053 0.407761 0.214577 0.00275037 0.00080259 -0.00239723
-0.0596861 0.282647 0.194721 0.00208594 0.00094999 -0.00225134
-0.0605627 0.345204 0.171658 0.00227642 0.00086292 -0.00236156
-0.0769171 0.418612 0.210546 0.00260838 0.00067701 -0.00261199
-0.0627063 0.329396 0.216281 0.00232779 0.00093455 -0.00254504
-0.0588612 0.339931 0.184682 0.00209681 0.00080259 -0.0023775
-0.0757781 0.418913 0.207087 0.00251961 0.00080259 -0.00254302
-0.0750327 0.341298 0.211345 0.00251961 0.00093518 -0.00252678
-0.064465 0.306146 0.191307 0.00199029 0.00080259 -0.00229656
-0.0634743 0.42643 0.202131 0.00251961 0.00053066 -0.0022659
-0.0778888 0.386194 0.218755 0.00251961 0.00034467 -0.00232404
-0.0634009 0.316372 0.219476 0.00209498 0.00038573 -0.00232717
-0.0682528 0.378182 0.1986 0.00224334 0.00058997 -0.00238564
-0.0778492 0.411306 0.227825 0.00272392 0.00048343 -0.00261791
-0.0707084 0.325598 0.223641 0.00222649 0.00059508 -0.00244463
-0.0678973 0.345846 0.203511 0.00207495 0.00045895 -0.00241235
-0.0728767 0.417649 0.221641 0.00253446 0.00040204 -0.00242591
-0.0690116 0.345257 0.223791 0.00216283 0.00065445 -0.00234827
-0.0598933 0.318575 0.19419 0.0017601 0.00051518 -0.00231987
-0.0696123 0.436685 0.21294 0.00250871 0.00016021 -0.00244485
-0.0697729 0.381701 0.219926 0.00215897 -0.00019284 -0.00230166
-0.0670919 0.322254 0.208504 0.00165766 -0.00012569 -0.00234972
-0.0669265 0.415324 0.209839 0.00218941 0.00035625 -0.00241566
-0.0697161 0.396932 0.220457 0.00250871 0.00035866 -0.00247563
-0.055498 0.283343 0.202399 0.00164929 0.00060346 -0.00227075
-0.0533173 0.376584 0.177605 0.00198491 0.00071387 -0.00224696
-0.0618667 0.421314 0.218877 0.002456 0.0006898 -0.00241105
-0.0519813 0.308455 0.209488 0.0018337 0.00086205 -0.00236992
-0.0446882 0.356509 0.17624 0.00193497 0.00098858 -0.00225036
-0.0587367 0.451441 0.220552 0.00271626 0.00068641 -0.00247329
-0.0541572 0.312852 0.212249 0.00220927 0.00097664 -0.00241076
-0.0491312 0.334408 0.180377 0.00204624 0.00092746 -0.00231727
-0.0566618 0.442063 0.223167 0.00264819 0.00079242 -0.00234809
-0.0533321 0.32989 0.234263 0.00202053 0.00084994 -0.00240715
-0.0593337 0.373647 0.211582 0.00214381 0.00041856 -0.00239324
-0.0635036 0.411077 0.238018 0.00265408 0.00068641 -0.00250715
-0.0546478 0.365895 0.231374 0.00260172 0.00100777 -0.0024269
-0.050851 0.297385 0.203676 0.00183727 0.00101291 -0.00222297
-0.044635 0.400432 0.205319 0.00207305 0.00101823 -0.00227722
-0.0461683 0.394076 0.229072 0.00198512 0.00097992 -0.00225321
-0.0469573 0.310517 0.200209 0.00163133 0.00095976 -0.00214708
-0.0452124 0.42364 0.189155 0.0021241 0.00090537 -0.00213589
-0.0494597 0.413149 0.221015 0.00261579 0.00100355 -0.00229632
-0.0485984 0.307078 0.195599 0.0019535 0.00104822 -0.00219567
-0.0505582 0.389088 0.183592 0.00221306 0.00086474 -0.00228821
-0.0584235 0.406754 0.220792 0.00270339 0.00088024 -0.00228321
-0.0501963 0.311934 0.228691 0.0021045 0.0009906 -0.00239635
-0.0514531 0.379104 0.208743 0.00239891 0.00068641 -0.002354
-0.059731 0.413988 0.23457 0.00270493 0.00040551 -0.00232144
-0.0550808 0.37174 0.245262 0.0023045 0.00043052 -0.00245453
-0.0572984 0.365376 0.225347 0.00205018 0.00028618 -0.00244314
-0.0641417 0.422038 0.232081 0.00239891 0.00039132 -0.00236066
-0.0613896 0.39381 0.235514 0.00239891 0.00047895 -0.00235543
-0.0561819 0.318753 0.215443 0.00179663 0.00068641 -0.00237485
-0.0549646 0.421354 0.211017 0.00213776 0.00017973 -0.00228796
-0.0782441 0.402406 0.21151 0.00229763 -0.00035205 -0.00235106
-0.0748523 0.357843 0.215274 0.00201684 -0.00066076 -0.0024849
-0.056626 0.287384 0.19825 0.00139083 -0.00027475 -0.0022566
-0.0532112 0.381868 0.188581 0.00180337 -0.00035205 -0.00220474
-0.0670251 0.40583 0.224258 0.00227469 -0.00010326 -0.00231203
-0.0595842 0.284256 0.210911 0.00167323 -0.000116 -0.00230608
-0.0582575 0.326667 0.181938 0.00167637 -0.00035205 -0.00223391
-0.0654166 0.427304 0.207781 0.00223363 -0.00035205 -0.00232048
-0.069011 0.363312 0.206392 0.00228727 -0.00084725 -0.00232783
-0.0646805 0.291906 0.209141 0.00147489 -0.00082995 -0.00227066
-0.0622787 0.389492 0.200698 0.00156844 -0.00126034 -0.00215014
-0.0658054 0.395093 0.229974 0.00180596 -0.00151106 -0.00211858
-0.0657301 0.384967 0.236735 0.001969 -0.00091299 -0.00229267
-0.0468494 0.304375 0.223289 0.0015336 -0.00054937 -0.00210437
-0.0353623 0.307125 0.191904 0.00113257 -0.00025415 -0.0019851
-0.0519372 0.455922 0.204498 0.00222913 -0.00042675 -0.00213582
-0.0387873 0.319732 0.214894 0.00146726 -0.0001612 -0.00207434
-0.0287918 0.331416 0.178495 0.00146987 -6.925e-05 -0.00195944
-0.051354 0.447517 0.204285 0.00215907 -0.00023168 -0.00230132
-0.0266639 0.301449 0.211921 0.00145323 0.00011224 -0.00194791
-0.0318318 0.411804 0.193414 0.00202813 2.195e-05 -0.0021548
-0.0459242 0.384663 0.233906 0.00202813 0.00012157 -0.00224094
-0.0244239 0.28229 0.210601 0.00144965 0.00043596 -0.00215914
-0.0426534 0.420108 0.210113 0.00233896 0.00021668 -0.00209159
-0.0504264 0.367989 0.245378 0.00214214 0.00029357 -0.00231062
-0.0347243 0.303572 0.224044 0.00152552 0.00055925 -0.0021502
-0.0398361 0.43814 0.227798 0.00228559 0.00039956 -0.00223997
-0.0467309 0.398189 0.249329 0.00232062 0.00029357 -0.00222858
-0.045379 0.305103 0.229367 0.00166699 0.00063158 -0.00209207
-0.0423578 0.427321 0.227078 0.00221506 0.00046542 -0.00219454
-0.0490077 0.423124 0.255896 0.00244037 0.00045438 -0.00218514
-0.0466325 0.334567 0.255031 0.0018182 0.00062252 -0.00233345
-0.0501457 0.430489 0.245484 0.00206192 0.00065903 -0.00242697
-0.0481124 0.422711 0.269705 0.00248211 0.00075215 -0.00231251
-0.0356859 0.381176 0.267697 0.00236904 0.00104452 -0.00225313
-0.0306973 0.298168 0.24668 0.00199197 0.00118862 -0.00201365
-0.0232667 0.363599 0.225796 0.00199311 0.00091236 -0.00191737
-0.0432987 0.454036 0.254162 0.00255931 0.00087494 -0.00222582
-0.0508543 0.408628 0.247066 0.00257362 0.00051234 -0.00230202
-0.0463516 0.35974 0.245991 0.00201257 0.00047432 -0.00232005
-0.0396478 0.386033 0.236718 0.00181347 0.00027509 -0.00210954
-0.0579935 0.459983 0.240411 0.0021668 -0.00030241 -0.0023449
-0.082884 0.41185 0.248023 0.00211487 -0.00090949 -0.00255162
-0.0925342 0.388609 0.245437 0.00186084 -0.00104699 -0.0025776
-0.0726799 0.311029 0.238473 0.0013781 -0.00053875 -0.00233504
-0.0576818 0.34693 0.201611 0.00143854 -0.00035671 -0.00228704
-0.0672864 0.432592 0.238195 0.00192028 -0.00035671 -0.00235705
-0.0679265 0.332932 0.244878 0.00161512 -0.00035671 -0.00228226
-0.0646316 0.349099 0.206397 0.00148884 -0.00017709 -0.00219741
-0.0789349 0.437915 0.22071 0.00207203 -0.00044846 -0.00240745
-0.0613886 0.302995 0.22241 0.00136174 -0.0001809 -0.00233635
-0.0619679 0.359112 0.197463 0.00145466 -0.00022957 -0.00227306
-0.0749286 0.436574 0.22503 0.00219931 -0.00035671 -0.00258476
-0.0668833 0.319203 0.233775 0.0016118 -0.00010005 -0.00240686
-0.0624129 0.383594 0.21297 0.0018345 -0.00035671 -0.00238235
-0.062684 0.421956 0.239182 0.0023308 -0.00058541 -0.00243614
-0.0697831 0.359993 0.255636 0.00189265 -0.00044771 -0.00236651
-0.0601894 0.306791 0.228285 0.00136099 -0.00021115 -0.00242434
-0.0617084 0.432622 0.234445 0.00192209 -0.00070337 -0.00229668
-0.0779594 0.405566 0.245347 0.00181445 -0.00113006 -0.00232235
-0.0626875 0.350964 0.241571 0.00128726 -0.00091736 -0.00227794
-0.057124 0.399049 0.215177 0.00167671 -0.0004251 -0.0022959
-0.0600795 0.415957 0.23427 0.00197363 -0.00017702 -0.00238323
-0.0480902 0.313709 0.220784 0.00143476 3.38e-05 -0.00231138
-0.045492 0.393577 0.1881 0.00176937 0.00011804 -0.00225998
-0.061896 0.432379 0.210216 0.00246925 -2.845e-05 -0.0024301
-0.0332295 0.296503 0.216605 0.00127904 0.00030413 -0.0022858
-0.0360963 0.393192 0.178395 0.00176902 0.00011804 -0.00222475
-0.0635067 0.407906 0.207904 0.00234512 0.00011804 -0.00256673
-0.0406711 0.277914 0.211592 0.00133154 0.0003304 -0.00230893
-0.0524799 0.388177 0.176736 0.00190458 0.00030673 -0.00248094
-0.0663822 0.416267 0.223501 0.00233208 0.00011804 -0.00262077
-0.0381814 0.290143 0.215071 0.00144764 0.00053121 -0.00242636
-0.0480177 0.380996 0.184936 0.00174577 0.00036738 -0.00237451
-0.0669873 0.43262 0.227143 0.0024503 0.00018055 -0.00268294
-0.0589563 0.307802 0.231451 0.00172449 0.00019628 -0.00252791
-0.0495254 0.36648 0.197945 0.00189112 0.0003389 -0.00238095
-0.0748572 0.430657 0.230482 0.00233196 0.00018738 -0.00264526
-0.0658306 0.351395 0.247272 0.0018888 0.00011356 -0.00247276
-0.0554474 0.333081 0.220101 0.00150889 6.34e-06 -0.00249703
-0.0720934 0.425916 0.231106 0.00216625 0.00026513 -0.00252186
-0.06623 0.377078 0.249422 0.00194186 0.00029191 -0.00262212
-0.0566663 0.330716 0.222198 0.00152243 0.00016644 -0.00239573
-0.0681701 0.438662 0.238055 0.00212842 2.04e-06 -0.00240502
-0.0738235 0.408495 0.245428 0.00218917 5.245e-05 -0.00251746
-0.0559151 0.339582 0.23923 0.00163866 2.04e-06 -0.00238744
-0.0573229 0.42265 0.225254 0.00163954 2.04e-06 -0.00229699
-0.0748038 0.405564 0.238388 0.00219906 -0.00056589 -0.00259337
-0.0724614 0.330202 0.246993 0.00190583 -0.000646 -0.00262837
-0.0627953 0.337702 0.239468 0.00156169 -0.00051601 -0.00250467
-0.0602547 0.41392 0.231216 0.00195553 -0.00036658 -0.00240752
-0.0419412 0.391506 0.220002 0.00195553 2.04e-06 -0.00231101
-0.0223438 0.334556 0.202959 0.00166796 0.00042029 -0.0021313
-0.0166557 0.412544 0.206105 0.00190992 0.00051404 -0.00215166
-0.0167621 0.379299 0.203354 0.00193475 0.00054819 -0.00213581
-0.0045277 0.314583 0.179357 0.00151343 0.00045693 -0.00209025
-0.00275707 0.41655 0.179851 0.00211616 0.00063991 -0.00213516
0.00201596 0.366341 0.189013 0.00198772 0.00067035 -0.00198158
0.00713479 0.283683 0.17408 0.00125915 0.00068472 -0.00191181
-0.0211324 0.402433 0.174777 0.00197068 0.00045693 -0.00219079
-0.0219974 0.352641 0.206684 0.00175809 0.00045693 -0.00231267
-0.00207271 0.285843 0.178558 0.00142579 0.00063319 -0.00202143
-0.02171 0.408691 0.18499 0.00216208 0.00045693 -0.00223616
-0.00850335 0.310603 0.208375 0.00168824 0.00062023 -0.00206682
-0.00542893 0.342169 0.16566 0.00172545 0.00058189 -0.0021452
-0.0170738 0.431144 0.18919 0.00226974 0.00045693 -0.00216003
0.0011444 0.30728 0.205758 0.00163169 0.0006682 -0.00203584
0.0002068 0.353598 0.169234 0.00170644 0.0007033 -0.00199739
-0.0133954 0.398966 0.185922 0.0021795 0.00064262 -0.00201095
-0.00371536 0.277052 0.183613 0.00137566 0.00075104 -0.001962
-0.010289 0.365626 0.161381 0.00199513 0.00045693 -0.00204767
-0.0184452 0.343234 0.187047 0.00194172 0.00061767 -0.00210849
-0.00590909 0.275731 0.178725 0.00152982 0.00092493 -0.00220754
-0.022159 0.369828 0.168206 0.00199513 0.00069748 -0.0022936
-0.0252782 0.297073 0.194599 0.00199513 0.00092493 -0.00229895
-0.0122589 0.306496 0.177529 0.00151644 0.00092493 -0.00218018
-0.0409123 0.435525 0.191299 0.00222862 0.0007714 -0.00248349
-0.0316881 0.33072 0.207522 0.0017358 0.00092493 -0.00240203
-0.0235929 0.287593 0.169295 0.00152216 0.00099977 -0.00232489
-0.0578844 0.385535 0.180072 0.0020443 0.0008637 -0.00262626
-0.0386427 0.2938 0.204039 0.00166057 0.0011613 -0.0024839
-0.0341955 0.306819 0.171874 0.00155517 0.0012807 -0.00238254
-0.068158 0.39982 0.187482 0.00209968 0.00112274 -0.00278417
-0.0595728 0.303535 0.21116 0.00181955 0.00126749 -0.00276135
-0.0435358 0.294219 0.184077 0.00137908 0.00123033 -0.00258646
-0.0640234 0.422897 0.191345 0.00218041 0.00115094 -0.002744
-0.0529902 0.327343 0.211605 0.00170567 0.00101638 -0.00265309
-0.0407412 0.299123 0.185119 0.00136424 0.00122552 -0.00236214
-0.0613243 0.407812 0.203715 0.00202913 0.00098908 -0.00260123
-0.0389938 0.277754 0.213189 0.00140206 0.00116537 -0.00233907
-0.0388222 0.331006 0.17438 0.0015103 0.00117508 -0.00232449
-0.0414208 0.377542 0.193529 0.00202254 0.00092493 -0.00236496
-0.0369264 0.299215 0.207732 0.00165135 0.00115957 -0.00235346
-0.0330378 0.308108 0.179721 0.00150059 0.00125588 -0.00229793
-0.0378496 0.40824 0.202755 0.00236004 0.00106076 -0.0025134
-0.0337074 0.308844 0.199811 0.00175859 0.0013925 -0.0024075
-0.0305443 0.341275 0.175171 0.00183023 0.00132303 -0.00228807
-0.0431155 0.387696 0.206112 0.0022578 0.001308 -0.00253224
-0.0393102 0.298372 0.203804 0.00178969 0.00135846 -0.00250234
-0.0439944 0.311218 0.164775 0.00174051 0.00117643 -0.00274071
-0.0665747 0.40678 0.205952 0.00251254 0.00143253 -0.00300097
-0.0524204 0.29672 0.2099 0.00178113 0.0017649 -0.00290984
-0.0606682 0.332719 0.180415 0.00181201 0.00159036 -0.00288521
-0.0802199 0.400403 0.210533 0.00234759 0.00159036 -0.00322549
-0.0715277 0.315874 0.209936 0.00185721 0.00159036 -0.00309615
-0.0669232 0.310228 0.179593 0.00156909 0.0014433 -0.0030895
-0.0762613 0.412512 0.207073 0.0022252 0.00144447 -0.00324708
-0.0652182 0.330242 0.207498 0.00200977 0.00159036 -0.00313623
-0.0664698 0.300611 0.171507 0.00169512 0.00159036 -0.00311657
-0.087213 0.413116 0.194236 0.00213566 0.00159036 -0.00335448
-0.0752477 0.329247 0.20084 0.00205462 0.00159036 -0.00328608
-0.0572754 0.301739 0.173748 0.00167947 0.00169185 -0.0029701
-0.0804887 0.405994 0.182162 0.00210641 0.00137267 -0.00323845
-0.0815925 0.331406 0.196084 0.00205462 0.00171586 -0.00334234
-0.0632437 0.29906 0.167634 0.00170026 0.0017072 -0.0030485
-0.0820723 0.403409 0.182338 0.00205462 0.00159036 -0.00326586
-0.0839535 0.336043 0.189275 0.00205462 0.0017438 -0.0032912
-0.0659913 0.279475 0.171083 0.00158022 0.00159036 -0.00303584
-0.0879903 0.380893 0.173583 0.00220265 0.00148856 -0.0032372
-0.0745104 0.326116 0.187068 0.00205462 0.00159036 -0.00317094
-0.0530762 0.287179 0.169306 0.00175617 0.00175981 -0.00298112
-0.0719876 0.385944 0.175705 0.00215398 0.00159036 -0.00311285
-0.0659425 0.338121 0.189078 0.00230873 0.00191618 -0.00312108
-0.0527473 0.278852 0.164761 0.00181087 0.00192303 -0.00307427
-0.0670376 0.39601 0.167861 0.00231384 0.00180314 -0.00322775
-0.0610983 0.32559 0.183078 0.00211417 0.00179703 -0.00303413
-0.0489706 0.275444 0.148534 0.00170693 0.00186662 -0.00298868
-0.0744513 0.378069 0.158525 0.00221028 0.00159035 -0.0031396
-0.0788519 0.295738 0.175119 0.00201958 0.00196234 -0.00327811
-0.0715568 0.264647 0.143777 0.00170059 0.00177045 -0.0031071
-0.0779398 0.387598 0.157925 0.00232105 0.00159035 -0.00301854
-0.0618466 0.28475 0.163843 0.00187756 0.00164261 -0.00289235
-0.0541088 0.277072 0.132061 0.00171103 0.00166598 -0.00269874
-0.0722221 0.383811 0.159386 0.00239501 0.00167273 -0.00296864
-0.0648385 0.29113 0.165767 0.00194573 0.0016461 -0.00298571
-0.049346 0.244222 0.13418 0.00160359 0.00159035 -0.00283655
-0.0687722 0.376918 0.143208 0.00219209 0.00167203 -0.00296861
-0.0701184 0.310316 0.159129 0.0022019 0.00169175 -0.00298574
-0.0509093 0.243187 0.129257 0.0016421 0.00179957 -0.00293266
-0.0687594 0.370631 0.140392 0.00220516 0.00168143 -0.00296288
-0.0731399 0.326618 0.157736 0.00199918 0.00186214 -0.00302951
-0.0533703 0.250134 0.144102 0.00169008 0.00176702 -0.00295098
-0.0672587 0.375373 0.151173 0.00219127 0.00159035 -0.00275632
-0.076828 0.339723 0.167451 0.00232126 0.00159035 -0.0029428
-0.0658432 0.253026 0.155738 0.00169616 0.00159035 -0.00290691
-0.0696117 0.349703 0.140203 0.00197761 0.00178663 -0.0030228
-0.0901136 0.360898 0.170106 0.00232362 0.00175021 -0.00314393
-0.071106 0.256288 0.163079 0.00170896 0.0018171 -0.00298726
-0.0733304 0.341429 0.136011 0.00206395 0.00177745 -0.00291454
-0.0880028 0.356087 0.171465 0.00216188 0.00170662 -0.00318107
-0.0644688 0.235136 0.157478 0.00161105 0.00196304 -0.00299351
-0.0696788 0.364221 0.141614 0.00205295 0.00184884 -0.00298397
-0.0917319 0.375926 0.169166 0.00252817 0.00174494 -0.00327131
-0.066241 0.267083 0.169875 0.00171638 0.00200158 -0.00306487
-0.0632079 0.345298 0.148633 0.00177074 0.00173245 -0.0029708
-0.0868503 0.386429 0.183727 0.00256624 0.00182253 -0.00331241
-0.0858325 0.291564 0.19037 0.00202408 0.00171669 -0.00328588
-0.0837227 0.331926 0.171762 0.00194521 0.00133586 -0.00318664
-0.0923117 0.382525 0.197518 0.00219521 0.00098672 -0.00330239
-0.0963144 0.346568 0.20279 0.00194521 0.00140262 -0.00344929
-0.0651275 0.274997 0.181205 0.00134843 0.00167166 -0.00306159
-0.0665037 0.395752 0.167774 0.00178124 0.00158582 -0.00295565
-0.0668737 0.375158 0.205422 0.00198353 0.00167166 -0.00305012
-0.0563716 0.276625 0.163442 0.00131379 0.00156846 -0.00296442
-0.0626655 0.401106 0.154202 0.00195756 0.00167166 -0.00309467
-0.0685957 0.37021 0.180584 0.00209101 0.00167166 -0.0031887
-0.0611571 0.277153 0.152892 0.00173291 0.00189468 -0.00309233
-0.0703144 0.383477 0.160406 0.00206268 0.00167166 -0.00322656
-0.0682306 0.350024 0.200605 0.00208833 0.00183543 -0.00336426
-0.0548261 0.274399 0.168189 0.0015133 0.00186576 -0.00301333
-0.064005 0.401548 0.1836 0.00207286 0.00184376 -0.00315529
-0.0654512 0.366026 0.219625 0.00210796 0.00194863 -0.00315738
-0.055173 0.302874 0.185455 0.00159842 0.00208434 -0.00305235
-0.0578081 0.42046 0.188801 0.00215062 0.00191925 -0.00326841
-0.0649529 0.401381 0.213914 0.00237138 0.00199992 -0.00332229
-0.064733 0.291784 0.203098 0.0015999 0.00220078 -0.00339968
-0.0534229 0.392658 0.17885 0.00207627 0.00210996 -0.00310495
-0.0707855 0.403711 0.201577 0.00236829 0.00223694 -0.00327799
-0.0576798 0.303141 0.196908 0.00170754 0.00201372 -0.00334605
-0.0628336 0.310063 0.153341 0.00151981 0.00207136 -0.00322465
-0.0793714 0.422931 0.181771 0.00219617 0.0024525 -0.0034244
-0.0635487 0.339992 0.211683 0.00194887 0.00256789 -0.00333543
-0.0595539 0.326105 0.180611 0.00184244 0.00234366 -0.00335396
-0.0753865 0.400849 0.198941 0.00226019 0.00265644 -0.00331481
-0.0732124 0.340904 0.208923 0.00223699 0.00282554 -0.00360535
-0.0682551 0.313713 0.180343 0.00188475 0.00255566 -0.00364435
-0.0897573 0.378749 0.195681 0.00231614 0.00254664 -0.00372422
