0.0388013 -1.453e-05 0.0854939 0 0.00022219 0.00023497
0.0535531 0.00288556 0.113286 9.81e-05 -0.00010738 0.00033588
0.0707742 0.00521519 0.148004 -3.65e-05 -0.00025333 0.00031085
0.0619692 -0.0634475 0.101844 0.00063192 -0.00012074 0.0006816
0.0652577 -0.0164054 0.104489 0.00049679 8.017e-05 0.00039437
0.05353 0.00496478 0.169073 -5.004e-05 -0.00016941 0.00041367
0.0468337 -0.036756 0.1071 0.00098021 0 0.00045633
0.053685 0.00263231 0.114212 0.00055716 0 0.00047167
0.0398653 0.0173022 0.137542 0.00026959 -0.00015567 0.00046905
0.0135673 -0.0477768 0.0978988 0.00127719 0.00028876 9.94e-05
0.00797006 -0.0116156 0.130046 0.0009538 0.0002858 0.00020734
-0.00548611 -0.00705229 0.194634 0.00039612 0.00017351 1.623e-05
0.00641433 -0.0400078 0.160184 0.00078785 0.00027007 8.706e-05
0.00732247 0.00964132 0.167682 0.00074933 0.00047886 0.00021025
0.0354261 -0.0644062 0.0616769 0.00295056 0.00044836 0.00062875
0.0389578 -0.0764734 0.0563781 0.00373219 0.00034174 0.00078157
0.0312566 0.00347209 -0.00090105 0.00506005 -0.00023179 0.00078157
0.0231407 -0.092495 0.01977 0.00422842 -0.00022034 0.00081662
0.0292556 -0.0684342 0.0375746 0.0042407 0.00017415 0.00072277
0.0874499 0.0221807 0.150534 0.00347254 -0.00025145 0.00100212
0.147693 -0.0566942 -0.0524116 0.00578887 -0.00032545 0.00175873
0.113332 -0.0403465 -0.00528278 0.00476754 -0.00094838 0.00117867
0.0986456 -0.00142365 -0.0408062 0.0050068 -0.00045856 0.00149048
0.0805553 -0.0822218 -0.100289 0.00504705 -0.00032545 0.00128473
0.0627665 -0.10931 -0.0777608 0.00431448 9.424e-05 0.00079439
0.0703575 -0.0191324 -0.0336954 0.00372468 -9.914e-05 0.0011394
0.0712411 -0.0494519 -0.0413468 0.00423575 -0.00017617 0.00114304
0.0654735 -0.0973467 -0.0402994 0.00441542 -0.00010008 0.00101159
0.0531306 -0.027351 0.00647756 0.00398039 -0.00010578 0.00085985
0.0420098 -0.108296 -0.0594246 0.00478584 0.00024279 0.00076793
0.034403 -0.0643662 -0.0172635 0.00326124 0.00024279 0.00067652
0.0300355 -0.0356459 0.00353608 0.00222969 0.00024279 0.00077009
0.0326338 -0.0956292 -0.0137184 0.00327764 0.0003773 0.00079247
0.0833515 -0.0462715 -0.0425029 0.00414864 0.0004654 0.00119181
0.0692518 -0.0314686 0.00081378 0.00303173 9.023e-05 0.00054623
0.0567097 0.0410437 0.0624016 0.00220505 0.00063843 0.00169448
0.0419564 -0.0793757 0.0354298 0.00286097 0.00080264 0.0011896
0.0381103 -0.0308751 0.0461742 0.0024746 0.00079076 0.00110291
0.0440569 -0.0300052 0.0510973 0.00219803 0.00068048 0.00118477
0.0337186 -0.0952384 0.0197825 0.0030745 0.00086098 0.00121136
0.0297813 -0.0103586 0.0592839 0.00232359 0.0009895 0.00108074
0.027766 -0.0921257 0.0169893 0.00299404 0.00088955 0.00098638
0.0300255 -0.0453086 0.0329752 0.00302876 0.0008127 0.00105964
0.0330359 -0.0178175 0.0358224 0.00289299 0.00066971 0.00113496
0.0347599 -0.0913782 -0.00255016 0.00355067 0.00061314 0.0012789
0.0451869 -0.0144016 0.0255748 0.00287982 0.00055125 0.00119024
0.0471353 -0.0117929 0.0270903 0.00287412 0.00043189 0.00132155
0.044016 -0.104482 0.00375617 0.00347975 0.00070939 0.00124684
0.02292 -0.0200717 0.0550086 0.00248623 0.00056816 0.00090193
0.0213368 -0.0597432 0.0572735 0.00165835 0.00100321 0.00079597
0.0133199 -0.0786659 0.0410905 0.00291734 0.00110148 0.0009242
0.0130559 -0.0394877 0.039731 0.00418275 0.00105053 0.00095772
0.00854479 -0.0828154 0.011101 0.00370771 0.00129251 0.0007435
-0.0113157 -0.101806 0.00389797 0.00365039 0.00116211 0.00038376
-0.0102143 0.00738571 0.0683697 0.00304718 0.0011345 0.00070053
-0.0152947 -0.0875272 0.0147341 0.00374041 0.00130226 0.00063836
-0.0162286 -0.0875343 0.0238486 0.00370482 0.00129227 0.00060595
-0.0155381 -0.0065693 0.0757566 0.00384521 0.00108492 0.00073176
-0.0129109 -0.109645 0.0342148 0.00335467 0.00112156 0.00074907
-0.00384346 -0.0677677 0.0328975 0.0039127 0.00128562 0.00072177
0.00514911 -0.0212516 0.0878026 0.00343042 0.00110906 0.00075446
0.00452982 -0.109132 0.0361106 0.00406649 0.00143345 0.00072589
0.0004116 -0.0792458 0.0409208 0.00408851 0.00144698 0.00072197
-0.00697428 -0.0049717 0.120846 0.00307868 0.00135079 0.00074882
-0.0122649 -0.110143 0.0635808 0.00353858 0.00158804 0.00060128
-0.00943756 -0.0541459 0.0891985 0.00309065 0.00160861 0.00066923
-0.00645634 -0.0311199 0.106608 0.00285348 0.00142763 0.00059287
-0.00823734 -0.119044 0.0547938 0.00374597 0.00174069 0.00062231
-0.0128661 -0.0389604 0.12736 0.00320148 0.00168318 0.00071892
-0.0251168 -0.0592369 0.132484 0.00250331 0.00146011 0.00062268
-0.0246983 -0.118682 0.100015 0.00372566 0.00189527 0.00077579
-0.0248564 -0.0328499 0.166462 0.00329791 0.00170656 0.00084162
-0.0248052 -0.0752101 0.138194 0.00377444 0.00174831 0.00067551
-0.0247314 -0.113082 0.0913125 0.00414676 0.00180159 0.00074562
-0.0281032 -0.0187931 0.136933 0.00374596 0.00191278 0.00079836
-0.0391826 -0.0474597 0.135711 0.00377957 0.00213036 0.00053998
-0.0387077 -0.10393 0.115208 0.0042981 0.00228638 0.0005285
-0.055034 -0.00932902 0.210818 0.0033506 0.00229257 0.00048329
-0.049361 -0.0939531 0.161565 0.00390184 0.00203945 0.00032156
-0.0451381 -0.113673 0.12584 0.00471458 0.00257702 0.00045619
-0.0618195 -0.0248218 0.202404 0.00383209 0.00219887 0.00049973
-0.0416991 -0.118107 0.145995 0.00427898 0.00245197 0.00047821
-0.0598248 -0.0707795 0.189357 0.00342154 0.00285908 0.00041608
-0.0689534 -0.00985512 0.219379 0.00266962 0.00298814 0.00040712
-0.05966 -0.108028 0.168056 0.00358735 0.00301587 0.00024454
-0.0596458 -0.0417451 0.19762 0.00353041 0.00308934 0.00036736
-0.0708705 -0.0184268 0.22461 0.00303847 0.0029617 0.00025234
-0.0547842 -0.121629 0.17054 0.00373732 0.00308056 0.00018769
-0.0601034 -0.0321701 0.253431 0.00254529 0.00282626 0.00019046
-0.0721053 -0.0293927 0.292913 0.00106846 0.00292565 4.635e-05
-0.064668 -0.0687369 0.250704 0.00257405 0.00315895 0.00015675
-0.064934 -0.0030241 0.282804 0.0029346 0.00293044 0.00027488
-0.0380744 -0.0842269 0.238436 0.00346687 0.00314562 0.00027897
-0.0366392 -0.0574328 0.233511 0.00360561 0.0034249 0.00016346
-0.0308977 0.0332699 0.28258 0.00263791 0.00289486 0.00020296
-0.0255929 -0.0765073 0.208719 0.00307556 0.00296309 0.00023324
-0.0329251 -0.0771078 0.217594 0.00344039 0.00336134 9.59e-06
-0.0610448 -0.00050411 0.297099 0.00262978 0.00313428 3.065e-05
-0.054072 -0.0925718 0.225408 0.00339052 0.0030855 0.00016328
-0.0610508 -0.0390249 0.293272 0.00161114 0.00318957 -3.276e-05
-0.0542495 0.0103326 0.32337 0.00122248 0.00312411 0.00025792
-0.0449506 -0.0853709 0.264763 0.00260365 0.00320395 0.00030437
-0.0448843 -0.0319548 0.27533 0.00232959 0.00334345 0.00032802
-0.0449288 0.0121332 0.291086 0.00223062 0.00325409 0.00038762
-0.0449558 -0.0727316 0.268078 0.00223877 0.00318114 0.00018989
-0.0425022 -0.0332775 0.280382 0.00234734 0.00322019 0.00013777
-0.045129 0.00476387 0.298161 0.00182436 0.00301022 0.00022936
-0.0402792 -0.0973159 0.240605 0.00294951 0.00335696 0.00014506
-0.0384599 -0.0183487 0.302629 0.00195672 0.00327424 0.00025572
-0.0483471 -0.0306732 0.299547 0.00161602 0.00311482 0.0001381
-0.0400631 -0.0910984 0.250001 0.00272077 0.00336127 0.00023436
-0.0380227 -0.00616311 0.337597 0.00188985 0.00327797 0.00029173
-0.0206026 -0.0665124 0.259321 0.00270869 0.00324073 0.00030994
-0.0112445 -0.0660642 0.251516 0.00284782 0.00314263 0.00016352
-0.00138598 0.0183403 0.301322 0.00238673 0.00317862 0.00036569
-0.00894089 -0.0343781 0.260102 0.00226696 0.00304216 0.00017831
-0.00909172 -0.072349 0.250979 0.00269336 0.00315923 0.000265
-0.0256329 0.0163836 0.317835 0.00224951 0.00310428 0.00027591
-0.0337728 -0.090894 0.26675 0.00286541 0.00314332 9.667e-05
-0.044429 -0.0585029 0.300701 0.00287264 0.00321467 0.00010211
-0.0613301 0.00516314 0.384176 6.866e-05 0.00288282 -9.31e-06
-0.052122 0.00038097 0.398914 -0.00016176 0.00295852 -7.82e-05
-0.0539946 0.0001748 0.422918 0.00021307 0.00326267 4.518e-05
-0.0497731 -0.0104712 0.388813 0.00120781 0.00291482 0.00013321
-0.0472424 -0.0459515 0.346438 0.00159216 0.00340959 0.00019442
-0.0524748 0.0166785 0.405496 0.00076653 0.00333997 0.00018132
-0.0491249 -0.0300223 0.353908 0.00092403 0.00317738 0.00014449
-0.0385916 -0.0541405 0.329268 0.00174678 0.00333997 0.00016474
-0.0473912 0.0155408 0.39221 0.00088803 0.00319965 0.00021755
-0.0522769 -0.048306 0.348902 0.00153715 0.00296604 9.911e-05
-0.0550635 -0.0298848 0.395839 0.00116251 0.00333997 -1.61e-05
-0.0440476 0.00296599 0.3988 0.00062599 0.0032673 0.00024211
-0.0429392 -0.0580622 0.354085 0.00167926 0.00357867 0.00023976
-0.0446093 -0.0130401 0.381416 0.00166958 0.00348773 0.00028424
-0.0448777 0.0258416 0.377295 0.00139909 0.00312803 0.00021327
-0.0273196 -0.0618191 0.315168 0.00211742 0.00304498 0.00025714
-0.0406543 -0.00863184 0.3516 0.00187626 0.00345303 0.00023005
-0.0446228 -0.0119233 0.354469 0.00169017 0.00338583 7.884e-05
-0.0603823 -0.0714092 0.334724 0.00242078 0.00346379 3.977e-05
-0.0634489 0.00173463 0.411641 0.00105739 0.00345158 -3.492e-05
-0.0657442 -0.0378101 0.338457 0.00183098 0.00339942 2.64e-06
-0.0496032 -0.0592933 0.337966 0.00210034 0.0034996 0.00019078
-0.0498616 0.00665793 0.401442 0.00161349 0.00348402 0.0001977
-0.0211786 -0.0482982 0.329707 0.00256243 0.0032048 0.00034914
-0.00946119 -0.0572282 0.312668 0.00279815 0.00319696 0.00046407
-0.0232682 0.0174153 0.366299 0.00239406 0.00314539 0.00043981
-0.00838287 -0.0243356 0.343134 0.00221727 0.00319036 0.00026479
-0.0113356 -0.0538377 0.32139 0.0027829 0.00356662 0.00036716
-0.0204377 0.0139904 0.353129 0.00237244 0.00333334 0.00056799
-0.0202703 -0.0843486 0.30621 0.00296643 0.00346405 0.00024221
-0.0203022 -0.0486658 0.323192 0.00285407 0.00347099 0.00039085
-0.0205539 0.0012086 0.354774 0.00237114 0.00312017 0.00043678
-0.0204508 -0.0831154 0.321352 0.0030623 0.00321954 0.00033151
-0.0202305 -0.0343076 0.322182 0.00295163 0.00355192 0.000217
-0.0382499 0.0338947 0.364345 0.00242983 0.00344852 0.00031978
-0.0354299 -0.0614521 0.313617 0.00281316 0.00350822 0.00015692
-0.0341686 -0.0284993 0.342827 0.00253942 0.00363231 0.0001957
-0.0382037 0.0286774 0.351276 0.00228685 0.00351596 0.00047149
-0.0379512 -0.0861479 0.299582 0.00291871 0.00377039 0.00020333
-0.037905 -0.0350869 0.319452 0.00291637 0.00388231 0.00017069
-0.0380982 0.00485937 0.383339 0.00177766 0.00363231 0.00015378
-0.0590477 -0.0965642 0.293738 0.0030703 0.00402338 0.00013284
-0.0592077 -0.0370348 0.319723 0.00277021 0.00388231 8.336e-05
-0.0657445 -0.00172183 0.346296 0.00252875 0.00348779 0.0001039
-0.0632144 -0.0817764 0.297967 0.00330654 0.00388231 -7.331e-05
-0.0591421 -0.0570718 0.294801 0.00327687 0.00398427 7.616e-05
-0.0544252 0.0277474 0.381287 0.00256604 0.00388231 0.0002219
-0.0527504 -0.0510005 0.337276 0.00249623 0.00388231 6.681e-05
-0.0530626 -0.0633605 0.312764 0.00292379 0.00423275 -1.758e-05
-0.0590155 0.0160871 0.3576 0.00236146 0.00414344 9.678e-05
-0.0650723 -0.0825356 0.301982 0.00326754 0.0043618 6.453e-05
-0.0557133 -0.0274087 0.323164 0.00341193 0.00434886 0.00013967
-0.059107 0.024649 0.360205 0.00269613 0.00412052 0.00020347
-0.0638036 -0.0866913 0.294357 0.00339664 0.00406438 -0.00011374
-0.0568193 -0.0241206 0.322048 0.00328813 0.00434412 0.00011763
-0.0590516 0.00663859 0.350793 0.00281131 0.00416452 8.794e-05
-0.0587791 -0.0938487 0.281698 0.00348277 0.00438747 -0.00010637
-0.0589954 -0.00366034 0.358758 0.00329275 0.00427057 4.29e-06
-0.0695123 -0.0356595 0.322844 0.0032685 0.00421958 -0.00013288
-0.0752944 -0.0684579 0.308952 0.00359095 0.0043752 -0.00026546
-0.0785151 0.0125721 0.362714 0.00263497 0.00411184 -6.596e-05
-0.0752865 -0.0761512 0.29084 0.00332183 0.00434894 -6.865e-05
-0.0659078 -0.0260671 0.29794 0.00346937 0.00450914 -8.797e-05
-0.0676088 0.0290428 0.34848 0.00338807 0.00449573 0.00019385
-0.0656637 -0.0883973 0.294186 0.00383907 0.00450125 -0.00021071
-0.059398 -0.0398818 0.296464 0.00366512 0.00450443 -0.00019549
-0.0564994 0.0289514 0.325768 0.00332128 0.0044531 -0.00025559
-0.0492489 -0.0763578 0.291988 0.00355475 0.00437377 -0.00030077
-0.040082 -0.0764496 0.303508 0.00373013 0.00441272 -7.579e-05
-0.0537882 0.00836558 0.353013 0.00394599 0.00446637 -2.69e-06
-0.0557459 -0.0771605 0.282399 0.00456443 0.00497033 -0.00017422
-0.0523431 -0.036509 0.305886 0.00481108 0.00497033 4.508e-05
-0.0589241 0.0300896 0.347163 0.00446762 0.00472745 -0.00011567
-0.0589431 -0.0766928 0.294629 0.00446097 0.00455943 -0.00012949
-0.0550903 -0.0378705 0.297995 0.00437374 0.0041527 0.00021213
-0.0595689 0.0390988 0.363957 0.00329546 0.00385757 0.00030823
-0.0597126 -0.0839028 0.288251 0.0040322 0.00355008 0.00013319
-0.0595006 -0.044501 0.31249 0.00418829 0.00386772 0.00020111
-0.0664882 0.00193071 0.378556 0.00316721 0.00361507 0.00026242
-0.0644628 -0.104018 0.297005 0.00471968 0.00362489 -0.00019034
-0.0670853 -0.0369196 0.307666 0.00406058 0.004176 -7.3e-05
-0.0563658 0.0125763 0.303004 0.00529778 0.00447135 0.00026103
-0.0386593 -0.0700312 0.236822 0.0054655 0.00408447 0.00022618
-0.034105 0.0597093 0.315469 0.00461103 0.00379325 3.601e-05
-0.00759013 0.0145676 0.27219 0.00630106 0.00316083 0.00098496
0.01721 -0.103265 0.0963747 0.00653049 0.00326906 0.00048953
0.0229255 0.0872744 0.123511 0.0112145 0.00311247 0.00109162
0.00638616 -0.068112 0.220967 0.00897214 0.00253097 0.00102866
-0.0069999 -0.128285 0.215352 0.00931392 0.00308426 0.0006808
0.00918336 0.00241521 0.323118 0.00943655 0.00294191 0.00117878
0.00247173 -0.125796 0.239728 0.0104336 0.00307629 0.00117878
0.0027565 -0.0479919 0.232462 0.0112241 0.00343278 0.00117878
0.00205942 0.0625281 0.300028 0.0110647 0.00304113 0.00117878
0.0034485 -0.101641 0.259956 0.0117495 0.00312099 0.00125907
0.0213139 0.00874831 0.313959 0.0114252 0.00264225 0.00150965
0.021102 0.0766877 0.380513 0.0105007 0.00262539 0.00151176
-0.00779152 -0.0808911 0.331333 0.010591 0.00315544 0.00152458
0.00698444 -0.0108069 0.339097 0.0116122 0.00305781 0.00168491
0.0298228 0.0291181 0.340059 0.0124446 0.00305781 0.00211554
0.0305516 -0.122113 0.257891 0.012585 0.00305781 0.00202407
0.0334446 -0.0424017 0.262614 0.0123999 0.00318619 0.00196617
0.034789 -0.0125992 0.263972 0.0127618 0.00337628 0.00204679
0.0434189 -0.120943 0.192841 0.0135373 0.00337505 0.0021852
0.0509298 0.0378294 0.242612 0.0134543 0.00360587 0.00217659
0.034093 0.00021581 0.255505 0.0122431 0.00318788 0.0020336
0.0320092 -0.05557 0.214065 0.0129641 0.00370817 0.00197913
0.0251362 0.0663 0.253975 0.0127639 0.0033958 0.00174635
0.0303176 -0.0578337 0.153363 0.0142411 0.00343632 0.00177923
0.0306811 -0.0743851 0.158868 0.0118109 0.00343967 0.00176578
0.044599 0.0227931 0.178873 0.0123271 0.0036102 0.00194191
0.0641058 -0.0988963 -0.151424 0.0147769 0.00320138 0.0020955
0.0619042 -0.0166478 -0.0701025 0.0142747 0.00262132 0.00194738
0.0672804 0.0264692 0.0670418 0.0142533 0.00241055 0.0022691
0.0615762 -0.102838 -0.00538229 0.0146975 0.00248827 0.00202275
0.0588672 0.0147508 0.0998127 0.0134513 0.00241632 0.0021586
0.0484665 -0.0703856 0.0883349 0.0123887 0.00222021 0.00184185
0.0291948 -0.0944113 0.0426067 0.0135907 0.00300793 0.001767
0.0213676 0.0173372 0.156962 0.0126637 0.00288176 0.00177232
0.0266176 -0.135782 0.0690469 0.0133267 0.00254192 0.00168458
0.046216 -0.0619317 0.0562039 0.0139806 0.00289273 0.00198042
0.0322144 0.0145501 0.125402 0.0127119 0.00275282 0.00188769
0.0412254 -0.102469 0.0314481 0.0137709 0.00278954 0.00183439
0.0503451 -0.0137196 0.080367 0.0132976 0.00296977 0.00196702
0.0517149 -0.0132816 0.103274 0.0128013 0.00278388 0.00189301
0.0574575 -0.100762 0.0456974 0.0133813 0.0028325 0.00205848
0.0609766 0.0059789 0.120787 0.0133009 0.00275224 0.00215795
0.0602343 -0.0562673 0.0726326 0.013075 0.00270159 0.00218663
0.0520687 -0.0947173 0.0286394 0.0143796 0.00281579 0.00215081
0.0555858 0.026939 0.108376 0.0138003 0.00281579 0.00211223
0.0544785 -0.134455 0.0257813 0.0136593 0.00281579 0.00195993
0.0536995 -0.103275 0.00768302 0.0144738 0.00303204 0.00193496
0.0347743 0.00720122 0.0964278 0.0130593 0.00281791 0.00188231
0.0349505 -0.108031 0.0136539 0.0141679 0.00305447 0.00171187
0.0388846 -0.0444805 0.0249674 0.0143532 0.00338334 0.001835
0.028189 0.0379435 0.0835366 0.0135131 0.00324481 0.00184716
0.0134913 -0.102918 0.100297 0.0103697 0.0029888 0.00135672
0.00798607 -0.0253282 0.0923847 0.0128037 0.00332122 0.00138282
0.00425072 0.00421585 0.106028 0.0124428 0.00333949 0.00154622
-0.00423144 -0.131387 0.0537853 0.0132307 0.00360214 0.00120919
-0.00120015 -0.0605124 0.0438105 0.0137533 0.00366126 0.00120275
0.00718455 0.0299315 0.123675 0.0117302 0.00330538 0.00124488
0.00625223 -0.124207 0.0840095 0.0131274 0.00324934 0.00113381
0.00766962 -0.0926975 0.0839421 0.013022 0.00336086 0.00116165
-0.00045731 0.0247535 0.124824 0.0112556 0.00294228 0.00118926
0.00204829 -0.115778 0.0318341 0.0125944 0.00306481 0.00116752
0.00752034 -0.0447236 0.0775572 0.0125962 0.00324042 0.00126873
0.0130234 0.0278909 0.131629 0.0118116 0.00291251 0.00138517
-8.183e-05 -0.108753 0.0549256 0.0126928 0.00321027 0.00120901
-0.0005213 -0.0467637 0.0676965 0.0128786 0.00323253 0.00127287
-0.0118245 0.0356609 0.159711 0.0114125 0.00277416 0.00120547
-0.00967646 -0.127474 0.0817899 0.0122251 0.00306139 0.00121612
-0.00361608 -0.0791389 0.0777352 0.0134587 0.00321455 0.00141046
0.00141841 0.0267506 0.150787 0.0123067 0.00317997 0.00142718
-0.0003323 -0.103572 0.084701 0.0131591 0.00347917 0.00131279
-0.00173238 -0.0447338 0.127655 0.0117598 0.00360942 0.00115547
-0.0116302 0.0490824 0.138441 0.0119168 0.00366012 0.00113669
-0.0152724 -0.0961133 0.0813907 0.0129571 0.00411455 0.00124602
-0.0153336 -0.00453102 0.121918 0.0128328 0.00406827 0.00125694
-0.0155237 0.00744902 0.118816 0.012401 0.00385892 0.00127225
-0.0184093 -0.0866724 0.0723528 0.0133918 0.00381756 0.0012423
-0.0154048 -0.0110771 0.101532 0.0130841 0.003993 0.00126961
-0.0157499 -0.0104778 0.0864624 0.0123895 0.00360223 0.00117151
0.00058591 -0.114227 0.0298067 0.0139381 0.00375528 0.00124572
0.00703004 -0.0118294 0.0640745 0.0141725 0.00363757 0.00150739
-0.00242343 -0.0268586 0.101831 0.0122149 0.00344738 0.0011288
-0.00821488 -0.0994166 0.0921818 0.0132162 0.00389008 0.00133342
-0.00405527 0.014009 0.151502 0.0122991 0.00354707 0.00134072
-0.00046057 -0.0535069 0.0828323 0.0128776 0.00361465 0.00128005
0.00993758 -0.0824957 0.0409914 0.0140394 0.00407046 0.00155899
0.011406 0.0404008 0.137658 0.0129639 0.00371321 0.00152223
0.0191179 -0.0332862 0.0410797 0.0135825 0.00336157 0.00152516
0.0195064 -0.0764939 0.0211931 0.0137843 0.00383623 0.0014608
0.0215967 0.0416639 0.106492 0.0129653 0.00369418 0.00153854
0.0191526 -0.0520997 0.0731382 0.0129762 0.00374411 0.00127976
0.016971 -0.0929382 0.0352047 0.0135297 0.00380794 0.00141216
0.00910925 0.0198941 0.138249 0.0113191 0.00365648 0.00138468
0.00872757 -0.0837115 0.069879 0.0129145 0.00409821 0.00124678
0.00309358 -0.0506112 0.0781471 0.013305 0.00460621 0.00145518
-0.00733378 0.0209298 0.110433 0.0122036 0.00432008 0.00130429
-0.00150939 -0.115567 0.0226586 0.0133838 0.00443422 0.00118235
-0.0014568 -0.027077 0.0455731 0.0130365 0.00462589 0.0014169
-0.00186623 0.0286397 0.0670594 0.0124572 0.00408806 0.00120764
-0.00869873 -0.110161 0.0216869 0.013175 0.00426096 0.00127394
-0.00159088 -0.0181413 0.0824049 0.0129777 0.00438453 0.00114917
-0.0157576 -0.0411698 0.081584 0.0120343 0.0041008 0.00115737
-0.0200023 -0.116824 0.0249097 0.0136668 0.004388 0.00116762
-0.0173046 -0.00408218 0.111351 0.0125983 0.00415649 0.00123138
-0.0202971 -0.0806913 0.0335594 0.0133403 0.00413141 0.00112067
-0.048208 -0.0949146 -0.0224748 0.0138537 0.0044064 0.00107548
-0.0371314 0.0119114 0.0178325 0.0138564 0.00395485 0.00110559
-0.01396 -0.00092088 0.0453798 0.0129096 0.00340567 0.00114408
-0.0090059 -0.119599 -0.0432491 0.0140968 0.00381814 0.00124161
-0.011089 -0.0160297 0.00361349 0.0141087 0.00389526 0.00125246
-0.00847877 -0.0275513 0.0191939 0.0131663 0.00376894 0.0011639
-0.00816936 -0.110652 0.0218568 0.0117711 0.00373509 0.00117754
-0.00846239 0.0453976 0.0733557 0.0132956 0.00393616 0.00122425
-0.00639976 -0.0472102 0.0624623 0.0127458 0.00365009 0.00125219
-0.00020012 -0.0945888 -0.00300262 0.0139227 0.00395465 0.00126698
-0.00796 0.00598374 0.0717823 0.0134974 0.00386912 0.00115551
-0.00929612 -0.00180539 0.0914762 0.0121211 0.00366477 0.00127906
-0.0106191 -0.129485 0.0184823 0.0136172 0.004024 0.00123372
-0.0271099 -0.0317131 0.0669532 0.0133162 0.00410069 0.00115743
-0.0273794 -0.0312876 0.0668827 0.0128561 0.00385489 0.00118416
-0.0271661 -0.105795 0.0395719 0.0132571 0.00414661 0.00123313
-0.0227501 -0.00772006 0.0914712 0.0128375 0.00408823 0.00116402
-0.0273502 -0.00607288 0.140936 0.0109749 0.00383018 0.00106229
-0.0270247 -0.116281 0.122972 0.0116842 0.00417153 0.00112643
-0.027335 0.00129622 0.202506 0.0112474 0.00380656 0.00128019
-0.0120144 -0.0575384 0.123708 0.0124481 0.00387692 0.00125479
-0.0095658 -0.0722785 0.0899543 0.0133011 0.0042646 0.00127046
-0.00180095 0.0530481 0.18635 0.0113423 0.00391525 0.00123864
-0.00144743 -0.108656 0.0810658 0.0128573 0.00427119 0.00121368
0.00142325 -0.0182952 0.110124 0.0130598 0.00442906 0.00138416
0.0198171 0.0185686 0.120626 0.0116772 0.00433169 0.00160438
0.0176307 -0.0952392 0.0780061 0.013291 0.00474286 0.00168112
0.00797844 0.0375284 0.166375 0.0119377 0.00443496 0.00168112
0.0166695 -0.0783624 0.125193 0.0119273 0.00398151 0.0013912
0.00124919 -0.0862764 0.0918472 0.0130509 0.00475152 0.00149206
-0.00135078 0.0315624 0.183942 0.0118677 0.00437694 0.00150171
0.00578037 -0.102483 0.0733567 0.0135378 0.00462188 0.00154977
0.00114646 -0.0341595 0.0943503 0.0131276 0.00465933 0.00154898
0.0008093 0.0347742 0.157372 0.0119239 0.00423232 0.00148752
0.00432119 -0.0869339 0.0619915 0.0134135 0.00441595 0.00150311
0.0214341 -0.0195012 0.0803106 0.0139948 0.00462974 0.00168112
0.0312403 0.0482059 0.14298 0.0123295 0.00409403 0.00168112
0.0188228 -0.106272 0.0625555 0.0133159 0.0043928 0.00150651
0.0188453 -0.0377256 0.0918918 0.0130219 0.00452789 0.00155491
0.0201174 0.0103005 0.131455 0.0125504 0.00414061 0.0015221
0.00853375 -0.118489 0.0563471 0.0136557 0.00468747 0.00152729
0.00861965 -0.0259438 0.111259 0.0135222 0.00466571 0.00154099
0.0102592 0.00911725 0.124496 0.0126034 0.00399383 0.0013331
0.0106711 -0.0969904 0.0576818 0.0136187 0.0044367 0.00143533
0.00442599 -0.0202453 0.0942903 0.0131623 0.0044367 0.00127945
0.00662111 0.0843989 0.125331 0.0125803 0.00426646 0.00150065
0.00385564 -0.102921 0.0490581 0.0131049 0.00435857 0.00123091
-0.00458889 -0.0399172 0.100432 0.0130831 0.00455835 0.00118781
-0.0107045 0.00996336 0.137043 0.0107724 0.00394797 0.00116085
-0.0100877 -0.0981348 0.043267 0.0135788 0.00444158 0.001263
0.00545381 0.00473197 0.13278 0.01281 0.00429033 0.00134226
0.0190308 -0.0113652 0.0909297 0.0127109 0.00428195 0.00127619
0.00704512 -0.0983603 0.0417681 0.013698 0.00412623 0.00126185
0.00478837 -0.0250013 0.0396009 0.0139239 0.00415648 0.00143842
0.00430133 0.0961181 0.131779 0.0126287 0.00374112 0.00147828
0.0111824 -0.0773606 0.0719907 0.013238 0.00411091 0.00142485
0.0141924 -0.0906454 0.0472271 0.0141994 0.00433585 0.00139632
0.0214247 0.0506612 0.113587 0.0128683 0.00412388 0.00149408
0.0215017 -0.102527 0.0237888 0.0138424 0.00419413 0.00143426
0.0162778 -0.0634804 0.0870352 0.0122983 0.00422535 0.00118527
0.00613165 0.0350902 0.118554 0.0126752 0.00400568 0.00124607
0.0015999 -0.117064 0.0370681 0.0137659 0.0040926 0.00126476
0.00182661 -0.0304723 0.0617561 0.0137437 0.00436008 0.00127791
0.0106407 0.0648068 0.103611 0.0128309 0.00386222 0.0015334
0.0132315 -0.0876239 0.0460383 0.0137303 0.00384402 0.00127273
0.00733525 -0.0358001 0.054914 0.0140238 0.00422686 0.00151726
0.00699082 0.0175089 0.0916304 0.0127515 0.00372794 0.00137461
0.015168 -0.118433 0.0372552 0.0138924 0.0037114 0.00127802
0.00452733 -0.0335187 0.172159 0.0078904 0.00351562 0.0006093
0.00433514 0.0128368 0.171028 0.00766859 0.00326446 0.00078192
0.0046893 -0.0990106 0.102523 0.0093366 0.00367549 0.00069812
0.00444342 0.0394414 0.160874 0.00967077 0.00356421 0.00121074
0.0118925 -0.0386129 0.117604 0.010218 0.00353069 0.00121074
0.0221871 -0.0869843 0.104985 0.0111401 0.00367571 0.0013239
0.0219085 0.0497347 0.187568 0.0097212 0.00340827 0.00135955
0.0270822 -0.0651646 0.0821226 0.0105573 0.00355926 0.001355
0.0347304 -0.0647069 0.0663734 0.0122145 0.00415758 0.00160735
0.0366789 0.036532 0.150638 0.0108725 0.00385595 0.00160735
0.0347184 -0.109572 0.0841129 0.0111886 0.00427178 0.00137126
0.0280594 -0.0260658 0.118121 0.0110288 0.00477753 0.00135074
0.022565 0.00516846 0.129723 0.0109692 0.00441016 0.00136865
0.028003 -0.0604666 0.022657 0.0127761 0.00483202 0.00163816
0.0309819 0.0682044 0.126957 0.0117788 0.00461179 0.0017974
0.0434765 -0.0393406 0.0621491 0.0126376 0.00429199 0.0017974
0.0426811 -0.067123 0.0385891 0.0124332 0.00475822 0.0017974
0.0573253 0.0637159 0.116485 0.0110642 0.00455563 0.0017974
0.0613088 -0.0659292 0.0366528 0.0123421 0.00475822 0.0017974
0.0470953 -0.0741311 0.0546686 0.0128112 0.0048399 0.0017974
0.0359241 0.0191564 0.156871 0.00970296 0.0041416 0.00162767
0.028682 -0.101056 0.0571507 0.0118392 0.00475822 0.00144068
0.0184328 -0.00365019 0.122739 0.0111017 0.00470743 0.00139198
0.0209587 -0.0276785 0.0821205 0.0114569 0.00481662 0.00130692
0.00890723 -0.0641541 0.0683922 0.0126955 0.00521849 0.00135569
0.0152276 0.0461121 0.128207 0.0108049 0.004572 0.0014983
0.030686 -0.0716443 0.0502421 0.0119651 0.00475822 0.00158644
0.0388677 -0.024101 0.0831589 0.0124052 0.00497738 0.00169353
0.0303911 0.0189412 0.122227 0.0110996 0.00461419 0.0015426
0.0153841 -0.117641 0.103736 0.00864686 0.00462278 0.0011339
0.0228755 0.0135577 0.119946 0.0104297 0.00466363 0.0013414
0.0237465 -0.0228069 0.121577 0.0101009 0.0041559 0.00150026
0.0265704 -0.0924715 0.0827696 0.0113936 0.00455742 0.00148298
0.0334378 0.0433748 0.142026 0.011024 0.00432907 0.00160987
0.0370198 -0.0446309 0.0992376 0.0111968 0.00409504 0.00153348
0.0335846 -0.0748793 0.0852151 0.0119051 0.00436708 0.00121953
0.0255274 0.0417874 0.167428 0.0113551 0.00396003 0.00138583
0.0258323 -0.0231825 0.139353 0.0119717 0.00391115 0.00128274
0.0212112 -0.0916861 0.0853682 0.0129655 0.00427487 0.00135145
0.00220674 0.0318658 0.141252 0.0121009 0.00404169 0.00130183
0.00493625 -0.0382866 0.127141 0.0117501 0.00379394 0.0012074
0.00489144 -0.102996 0.0940798 0.0124824 0.00416791 0.00126652
0.00312438 0.0226199 0.172753 0.0113084 0.0036144 0.00125205
0.0127507 -0.0862204 0.129277 0.0122942 0.00384754 0.00109531
0.0208508 -0.011832 0.146469 0.0121287 0.00370359 0.00131371
0.0207056 0.00641591 0.165198 0.0116685 0.00299975 0.00127577
0.0205338 -0.0951467 0.0910813 0.0130402 0.00379035 0.00125671
0.0183035 -0.0301936 0.0976582 0.0130538 0.00402253 0.00125182
0.0146737 0.0569115 0.136034 0.0119278 0.00373639 0.00125446
0.0205699 -0.0715312 0.086114 0.0130515 0.00393235 0.00125982
0.0171942 0.0167915 0.173106 0.0129614 0.00355954 0.00128658
0.0313101 -0.0346895 0.12997 0.0127387 0.00373685 0.00108097
0.0335984 -0.0874539 0.107858 0.0135094 0.00401902 0.00116463
0.023757 0.0423331 0.157757 0.0130102 0.0034521 0.00112264
0.01356 -0.077507 0.107643 0.012773 0.00331429 0.00088752
0.00468019 -0.0636347 0.081936 0.0135088 0.00385206 0.0010312
0.00215283 0.0531958 0.146077 0.0128213 0.00368835 0.00111333
-0.00385506 -0.0918073 0.0854397 0.0129035 0.00335976 0.00090624
-0.00347814 -0.034568 0.0995744 0.0126719 0.00380349 0.00100191
-0.00106945 0.0629634 0.152529 0.011915 0.00322215 0.00093655
0.0116998 -0.101227 0.0377082 0.0128969 0.00337755 0.00082416
0.0150278 -0.0379089 0.0403811 0.0133688 0.00327902 0.00084876
0.00698259 0.0543325 0.137703 0.0119038 0.0030426 0.00088791
0.00889654 -0.0901936 0.074803 0.0133595 0.00316818 0.00080173
0.00634139 -0.0421369 0.089699 0.013353 0.00347533 0.00085416
0.00683416 0.0437654 0.150731 0.0131083 0.00316818 0.00086199
0.00134606 -0.101701 0.0766483 0.01392 0.00358398 0.00086722
-0.00178826 -0.0315983 0.113814 0.0139162 0.00338963 0.00089455
0.00063444 0.0270829 0.133825 0.0137374 0.00312844 0.00083023
0.00115935 -0.107863 0.0912877 0.0142058 0.00350329 0.00081599
0.00592863 0.0260651 0.185214 0.0132136 0.00299997 0.00093123
0.0118582 -0.0808367 0.125158 0.013659 0.0033364 0.00083949
-0.0126262 -0.0337351 0.133306 0.0137441 0.00337942 0.00087953
-0.0222237 -0.0088922 0.158474 0.0129011 0.00336656 0.00069389
-0.0286848 -0.0807774 0.149253 0.0140393 0.0040034 0.00079844
-0.0424668 0.043951 0.24259 0.0127703 0.00364565 0.00071894
-0.0448866 -0.076484 0.152455 0.0138008 0.00400216 0.00051201
-0.0449213 -0.0601836 0.157618 0.0133834 0.00395402 0.00050374
-0.0450566 0.0617786 0.209324 0.0124109 0.00386556 0.00060492
-0.0396267 -0.0661722 0.142121 0.0137136 0.00412315 0.0007716
-0.0352387 -0.0334765 0.166568 0.0143339 0.00413635 0.00081499
-0.0366442 0.0742355 0.221776 0.0131477 0.00373486 0.0007947
-0.023345 -0.0938046 0.160314 0.0133773 0.00394574 0.00093977
-0.0233661 -0.0399014 0.177179 0.0138495 0.00389081 0.00088807
-0.00929778 0.0457692 0.219768 0.0127648 0.00358379 0.00093977
-0.0134867 -0.0829628 0.143949 0.0140523 0.00382145 0.00093977
-0.0156013 0.0676962 0.223323 0.0137463 0.00353313 0.00093977
-0.00379257 -0.0734756 0.168234 0.0139246 0.0033808 0.00093977
-0.00403835 -0.0633772 0.195609 0.013887 0.00350196 0.00093977
-0.00062669 0.00528773 0.207696 0.0133267 0.00325502 0.00104618
-0.00799237 -0.087441 0.208137 0.0136459 0.00329286 0.00099638
-0.00067829 0.0400078 0.303965 0.0126403 0.00309567 0.00099055
-0.00067915 -0.0491619 0.277821 0.0113444 0.00308619 0.00093977
-0.00977149 -0.0508786 0.260413 0.0123863 0.00318439 0.00093977
-0.0192397 0.0585497 0.336977 0.0118132 0.00331397 0.00093977
-0.0147693 -0.0647888 0.253957 0.0127735 0.00352725 0.00093977
-0.0154805 0.00745952 0.295975 0.0127319 0.0034848 0.00093977
-0.0101465 -0.0167436 0.258924 0.0130461 0.00333975 0.00093977
-0.0132332 -0.0462594 0.280458 0.014109 0.00369202 0.0011363
-0.0167237 0.015007 0.305634 0.0128999 0.0035408 0.00093977
-0.0167191 -0.0883233 0.249411 0.0138846 0.0036115 0.00093977
-0.0134683 0.0297754 0.320696 0.012929 0.00347093 0.00108056
-0.0169221 -0.0429557 0.282538 0.0134178 0.00328988 0.00093977
-0.026902 -0.0577872 0.321903 0.0109055 0.00309326 0.00070124
-0.0209733 0.0794231 0.362543 0.0110309 0.00262859 0.00066446
-0.0124574 -0.0596125 0.278356 0.0117041 0.00322745 0.00093977
-0.00537722 0.0305456 0.319068 0.0122884 0.00326047 0.00100299
0.00846077 0.0989574 0.316156 0.0135235 0.00339312 0.00135828
0.00577464 -0.0654098 0.257312 0.0140372 0.00349046 0.00114176
0.00910327 0.0372079 0.331011 0.0124482 0.00356367 0.00123479
0.0209617 -0.00405285 0.297975 0.0120184 0.0031941 0.00125157
0.0208415 -0.084975 0.269057 0.0129286 0.00356367 0.00143913
0.0219294 0.0335899 0.341127 0.0119669 0.00356367 0.00122332
0.020709 -0.0340358 0.315654 0.0111796 0.00331841 0.00123669
0.0140814 -0.0432975 0.26246 0.0132992 0.00356367 0.00125816
0.0132641 0.0921475 0.346259 0.012699 0.00356367 0.00120051
0.0189095 -0.0344436 0.269222 0.0133709 0.00350046 0.00125812
0.00395386 -0.0550226 0.24672 0.0138617 0.00356367 0.001281
-0.00102999 0.0745601 0.322326 0.0128832 0.00356368 0.00120122
-0.00331652 -0.00221234 0.302486 0.0124776 0.00315524 0.00119577
-0.00606491 -0.081318 0.268726 0.0130829 0.00356368 0.00100702
-0.00420363 0.0461738 0.355405 0.0123265 0.00322373 0.00095454
0.0109371 -0.0697875 0.290666 0.0127939 0.00317748 0.0008083
-0.00536492 -0.0449641 0.31709 0.0129099 0.00331906 0.00111913
-0.00903355 0.0233765 0.318362 0.0121438 0.00308963 0.00100734
-0.00717967 -0.0778877 0.252568 0.0130923 0.00319938 0.000827
-0.0132236 0.045253 0.324582 0.012372 0.00314729 0.00084906
-0.00829351 -0.0145641 0.287069 0.0124832 0.00310975 0.00103426
-0.00451332 -0.0778163 0.256141 0.012863 0.00324278 0.0011037
-0.0108339 0.055661 0.359204 0.011736 0.00334111 0.0010646
0.00412122 -0.0413545 0.30056 0.0119989 0.00311735 0.00103924
-0.00369372 -0.0167218 0.32193 0.0120615 0.00331411 0.0010217
-0.00619628 0.0564379 0.330845 0.0125373 0.00332926 0.00098884
0.00119783 -0.0407756 0.325695 0.0133224 0.00353372 0.00102271
0.00500866 0.0789047 0.373249 0.0124117 0.0028721 0.00086686
-0.0041168 -0.0784062 0.390201 0.00945534 0.00290109 0.00062554
-0.0445748 0.0212055 0.395623 0.00958777 0.00315416 0.00037401
-0.0288069 0.0681253 0.436954 0.00961786 0.00335607 0.00038139
-0.0373581 -0.0477279 0.349202 0.0113007 0.00325869 0.00035578
-0.0206952 0.0490469 0.348649 0.0119259 0.00333159 0.00045798
-0.0035868 0.0332304 0.375805 0.0103887 0.00321776 0.00043158
0.00378754 -0.0690072 0.28751 0.0116335 0.00353964 0.00085898
-0.00572866 0.0589081 0.363961 0.0114874 0.00378781 0.00085898
-0.00808444 -0.0328321 0.307724 0.0127582 0.00367934 0.00064611
-0.00816581 -0.0531728 0.347452 0.0102019 0.00351691 0.00043328
0.00064407 0.12025 0.356878 0.0122105 0.0037376 0.00085898
0.0106742 -0.0583236 0.28922 0.0128462 0.00371748 0.00085898
0.00419224 -0.0186945 0.307996 0.0138476 0.00397207 0.00085898
0.00457761 0.0873696 0.41662 0.0131893 0.00378553 0.00085898
0.00358249 -0.0741802 0.323099 0.014809 0.00370726 0.00085898
-0.00815708 -0.0255292 0.353418 0.0136606 0.00399007 0.00065503
-0.00551201 0.00547792 0.33582 0.0131982 0.00360027 0.00073944
-0.00819662 -0.0371904 0.304425 0.0141055 0.00396386 0.00065447
-0.0083497 0.0857619 0.392624 0.0134283 0.00358075 0.00038878
-0.00598197 -0.0413711 0.386143 0.010645 0.00312666 0.00016052
-0.00485216 0.036982 0.337807 0.0139916 0.0035478 0.00043367
-0.0035878 0.066388 0.390599 0.0134233 0.0033427 0.00044862
-0.00669591 -0.0568358 0.289401 0.0146155 0.00383096 0.00039327
0.00360204 0.0443039 0.343388 0.0145475 0.00341889 0.00057616
0.00239562 -0.00624276 0.321393 0.0140945 0.00322385 0.00085898
0.0128057 -0.0665163 0.314682 0.0143496 0.00343801 0.00065697
0.012767 -0.0021104 0.312445 0.0136539 0.00349716 0.00085898
0.0128624 -0.0094591 0.306682 0.0139008 0.00363902 0.00085898
0.0275035 0.106143 0.384086 0.0135593 0.00347135 0.00085898
0.0394084 -0.0487393 0.400434 0.00946477 0.00296874 0.00040409
0.0113593 0.0315009 0.396871 0.0110593 0.00313241 0.00063955
0.0084969 0.0690524 0.432066 0.0110144 0.00331048 0.00045235
0.00906229 -0.07148 0.343211 0.0123751 0.00329259 0.00073056
0.00878401 0.0563362 0.433692 0.0117335 0.00316413 0.00084552
0.019166 -0.0388495 0.387883 0.0113369 0.00296874 0.00091428
0.0157642 -0.0714001 0.368281 0.0127998 0.00341581 0.00084677
0.0120448 0.0614656 0.43882 0.012262 0.00309828 0.00089787
0.0162313 -0.0144085 0.387781 0.0121694 0.00313929 0.00086929
0.0215319 0.00082225 0.388738 0.0130158 0.00331335 0.00086667
0.0114986 0.103169 0.445482 0.012003 0.00328234 0.00077665
0.00595516 -0.0628542 0.391395 0.0120347 0.0034414 0.00070988
0.00333785 0.0185543 0.398853 0.0135251 0.0034414 0.00076598
0.00442275 0.0645099 0.427534 0.0121224 0.0034414 0.00089495
0.00468119 -0.0643091 0.348669 0.0139841 0.0034414 0.0010961
0.0124423 0.0684956 0.440919 0.0131861 0.0034414 0.00092198
0.00969295 -0.0551599 0.383868 0.0129403 0.0034414 0.00095049
0.00541428 -0.00615655 0.386595 0.013924 0.0034414 0.00083062
0.0108278 0.0683189 0.429837 0.0125996 0.0034414 0.00077387
0.0161337 -0.0609113 0.377067 0.0125721 0.0034414 0.00085104
0.0214739 0.00870792 0.467165 0.0101334 0.00332427 0.00079494
0.0248116 0.0855064 0.417795 0.012539 0.00310299 0.00090255
0.0217837 -0.0523485 0.358879 0.0134145 0.00339806 0.00094262
0.0287396 0.0921842 0.438382 0.0126332 0.00358114 0.00091405
0.031926 -0.0325958 0.370753 0.0128025 0.0035044 0.00089003
0.02112 -0.0238707 0.382199 0.0137333 0.00361836 0.00099596
0.0136808 0.0377547 0.438611 0.012635 0.00334297 0.00089429
0.0156844 -0.0846236 0.387423 0.0126934 0.00345022 0.00072625
0.0124954 0.0688061 0.452654 0.0131357 0.00357953 0.00089133
0.00997207 -0.0218282 0.38551 0.0135984 0.00371172 0.00086912
0.0126185 0.029846 0.453901 0.0135611 0.00365349 0.00077118
-0.00149794 0.00635455 0.474429 0.0103372 0.00326997 0.00047885
-0.00631967 -0.0259615 0.415884 0.0125321 0.00400936 0.00051383
-0.0228978 0.0795073 0.49489 0.0131814 0.00420293 0.00036038
-0.0230205 -0.0435099 0.410728 0.0136464 0.00400935 0.0003463
-0.0233304 0.0239987 0.438303 0.0140772 0.00374103 0.00083593
-0.0206328 0.0331644 0.44081 0.0133056 0.00377702 0.00070689
-0.0173415 -0.0277858 0.444637 0.013217 0.00372975 0.00068083
-0.0334014 0.0341939 0.460467 0.0126497 0.00356489 0.00061698
-0.0232183 -0.0403048 0.410413 0.0139237 0.0037973 0.00065381
-0.0273404 0.0957254 0.506744 0.0125871 0.00342098 0.00066206
-0.0349982 -0.04126 0.45866 0.013455 0.00351913 0.0007053
-0.0318789 0.0417549 0.527891 0.0124545 0.00339326 0.00059146
-0.0234711 -0.0365011 0.447973 0.0129703 0.00327313 0.00083593
-0.025281 -0.0143796 0.476372 0.0130981 0.00368068 0.00071278
-0.0196961 0.0714599 0.475568 0.0140373 0.00330441 0.00083593
-0.0109733 0.0136731 0.479719 0.0144901 0.00330441 0.00083593
-0.0157804 0.0652294 0.483066 0.0138253 0.00304769 0.00083593
-0.00744914 -0.0490938 0.436726 0.0136611 0.00330441 0.00099248
-0.00444087 0.113543 0.493257 0.0142882 0.00330441 0.00116927
-0.0041361 -0.00047425 0.463888 0.0141569 0.00330441 0.00099067
-0.0210274 -0.0357411 0.473033 0.0126963 0.0034765 0.00069666
-0.0239273 0.163115 0.494368 0.0158412 0.00364314 0.00091265
-0.0279612 0.0192922 0.434869 0.0163829 0.00359306 0.00081234
-0.0345502 0.0496054 0.466806 0.0170872 0.00426654 0.00082274
-0.0226254 0.0874543 0.475069 0.0170771 0.00394247 0.00105804
-0.0152865 -0.0072913 0.439287 0.0176686 0.00421763 0.00105804
-0.0204272 0.084502 0.476634 0.0159977 0.00397456 0.00105804
-0.00617179 -0.0483658 0.403097 0.017663 0.00417473 0.00112636
-0.00179938 0.112556 0.488574 0.0173106 0.003968 0.00105804
0.00807466 0.0009865 0.426153 0.0180274 0.00360596 0.00117432
0.00762429 0.0848619 0.512113 0.0172773 0.00362261 0.00105804
0.0276408 0.02754 0.448903 0.0173304 0.00314814 0.00130804
0.015375 0.00624768 0.439798 0.0179742 0.00351652 0.00105804
0.0118015 0.153697 0.488033 0.0178175 0.00351652 0.00105804
0.0110149 0.024719 0.418701 0.0180424 0.00338674 0.00140768
-0.0037902 0.0620323 0.438669 0.0182502 0.00359015 0.00113141
-0.01346 0.131241 0.487695 0.0169647 0.00342854 0.00134207
-0.0163247 -0.0121738 0.438561 0.0177294 0.0036645 0.00140688
-0.0120235 0.112413 0.507898 0.0185309 0.00363541 0.001476
-0.00869493 0.0246131 0.452854 0.0185261 0.00326703 0.00145995
-0.0104969 0.00940801 0.481686 0.0173348 0.00351652 0.00119305
-0.00141473 0.114059 0.53375 0.0177936 0.00384326 0.00133597
0.00814774 0.0156931 0.451573 0.0184886 0.00370955 0.00137788
0.0105053 0.0674026 0.438514 0.0194371 0.00366461 0.00156411
0.0187034 0.133686 0.489609 0.0180657 0.00334269 0.00156411
0.017238 0.00562548 0.374114 0.0199535 0.00347368 0.00167745
0.0297333 0.141237 0.481371 0.0193642 0.00327948 0.00156411
0.0292654 0.0613776 0.451153 0.0189672 0.00327948 0.00138693
0.0243138 0.048853 0.47296 0.0201118 0.00335535 0.00130303
0.0255995 0.0601769 0.449914 0.0192588 0.00293131 0.00137605
0.0341817 -0.0192252 0.410613 0.0195583 0.00258074 0.00156411
0.0354976 0.11 0.432141 0.0194999 0.00267269 0.00149083
0.0366489 0.0135545 0.344646 0.0205571 0.00292315 0.00156411
0.0294247 0.0987312 0.394442 0.0202775 0.00301778 0.00156411
0.0202931 0.223832 0.548863 0.0201547 0.00290533 0.00156411
0.158473 -0.00923706 0.0963954 0.016855 0.00272708 0.00237821
0.167254 0.0837434 0.0102174 0.0159802 0.00130824 0.00227178
0.190545 0.105586 -0.0158535 0.0176573 0.00130824 0.00226564
0.152828 0.116518 0.0357684 0.0178926 0.00196697 0.00241889
0.12524 0.13773 0.138434 0.0180588 0.00174185 0.00260735
0.089473 0.00926502 0.0435155 0.0192422 0.00171608 0.00210639
0.0719185 0.0349202 0.0348906 0.0200163 0.0020533 0.00195535
0.0744979 0.0915169 0.10167 0.0202755 0.00222923 0.00199844
0.0761177 0.128096 0.162095 0.0200527 0.00234338 0.00197274
0.0541881 -0.0173102 0.0633558 0.0210978 0.00269993 0.0018955
0.0366995 0.0304868 0.0526185 0.0214009 0.00322722 0.00166826
0.0398716 0.163747 0.123829 0.0212835 0.00299495 0.00171629
0.0314687 0.0590154 0.0885039 0.0214626 0.00290578 0.00162937
0.00516879 -0.00565746 0.0196902 0.0217261 0.0028978 0.00136029
0.0128064 0.0681727 0.0350698 0.0212865 0.00297688 0.00155345
0.0309864 0.126524 0.0648434 0.0207718 0.00261027 0.00142476
0.0276911 0.00123321 -0.0174942 0.0206539 0.00283552 0.00131444
0.0225448 0.0993047 0.0491542 0.0201009 0.00266936 0.00126644
0.030358 0.167768 0.108014 0.0202155 0.00254311 0.0013217
0.0185411 0.0117178 0.0191068 0.0213728 0.0030541 0.00134393
0.00537926 0.0872334 0.0594324 0.0210612 0.00306053 0.00117772
0.00483725 0.127959 0.0889042 0.0207803 0.00289332 0.00115405
0.00050786 0.00291255 0.0213595 0.0215585 0.00337521 0.00124286
-0.00991278 0.11007 0.0812184 0.0213802 0.00310951 0.00111729
