0 0.0498116 0.213281 -0.00062034 0 0
0 0.0422121 0.192542 0.00080485 0 0
0 0.131629 0.22368 -0.0002946 0 0
-0.00449632 0.0840004 0.213906 0.0013296 0.00028909 0
1e-08 0.0493717 0.314252 -0.0009416 0 0
-0.0162059 0.11198 0.230402 -1.363e-05 0.00068124 0.00015825
-0.0120206 0.0381484 0.338532 -0.00107104 0.00073235 0.00010139
-0.00945379 0.0720017 0.242826 0.00095896 0.00112967 5.221e-05
-0.0236137 0.0679794 0.293597 -0.00011523 0.00103432 0.00026942
-0.0219174 0.00909864 0.341086 0.00035608 0.00134858 0.00013159
-0.0359519 0.0615658 0.270324 0.00121265 0.00133366 0.0002837
-0.0385967 0.0596779 0.331764 -1.865e-05 0.00140394 0.00039454
-0.0454662 0.0117859 0.337719 0.00017794 0.00146882 0.00031826
-0.0384641 0.0850827 0.312193 0.00057413 0.00113816 0.00038215
-0.0391008 0.0514925 0.338823 0.0003544 0.00154362 0.00029591
-0.048154 0.0116918 0.347662 -0.0003237 0.00132582 0.00032672
-0.0541746 0.0663356 0.276458 0.00049513 0.00135201 0.00048156
-0.0489267 0.0199512 0.309705 0.00033091 0.001202 0.00033323
-0.0408407 0.0303608 0.324438 -0.00033101 0.00086404 0.00040127
-0.0479824 0.104962 0.239061 0.00188203 0.00165609 0.00031598
-0.0371088 0.0379079 0.279895 0.00078975 0.0016103 0.00014089
-0.0169707 -0.00101948 0.314454 -0.0001258 0.0010577 6.04e-05
-0.0349936 0.0807785 0.22609 0.00135331 0.00150183 0.00049119
-0.0321391 0.0526164 0.263397 0.0005292 0.001606 0.00044083
-0.0359291 0.0478002 0.220341 0.00125162 0.00160997 0.00030894
-0.0256259 0.102558 0.173351 0.00184395 0.0012643 0.00019381
-0.0113591 0.0540193 0.0211793 0.0011323 0.00171204 0.00037354
-0.00705095 0.0496558 0.0463608 0.00149551 0.00147866 0.00016806
-0.0192456 0.022842 0.131678 0.00199793 0.00053716 0.00037268
-0.00841833 0.0602167 0.112357 0.00322046 0.0015868 4.918e-05
-0.0056841 0.0977122 0.112548 0.00211545 0.00096574 5.218e-05
-0.0126097 0.0734551 0.165607 0.00217047 0.00049352 0.00011578
-0.0205393 0.0529817 0.181125 0.00240648 0.00048208 0.00025846
-0.0215846 0.121367 0.211719 0.00264062 0.00068003 0.00027703
-0.0353477 0.108041 0.162468 0.00337767 0.00155519 0.00044242
-0.0181503 0.0349603 0.153762 0.00178445 0.00121785 0.00033457
-0.0251211 -0.0216472 0.203022 0.00279237 0.00061211 0.00035555
-0.0260718 0.0143285 0.153574 0.00323803 0.00138944 9.627e-05
-0.0251244 0.0246717 0.139375 0.00259698 0.0006727 0.00034272
-0.0327776 -0.00064686 0.172432 0.00280011 0.00082906 0.00025499
-0.0490054 0.0129592 0.197859 0.00268991 0.00047806 0.0005089
-0.0417738 0.0857348 0.122171 0.00419028 0.00090774 0.00045448
-0.0371607 0.128714 0.124502 0.00305011 0.00072543 0.00034727
-0.0405385 0.125951 0.206926 0.00329048 0.00073976 0.00035657
-0.0603793 0.00701622 0.103799 0.00558547 0.00123027 0.00055603
-0.0426324 -0.0176289 0.168385 0.00319242 0.00121478 0.00051317
-0.0476188 0.00698121 0.221932 0.00377017 0.00109794 0.00047173
-0.0463244 -0.0516978 0.239737 0.00391251 0.00117425 0.0006415
-0.0503882 -0.00779663 0.0928638 0.00575907 0.00172217 0.00058826
-0.0436442 -0.028199 0.162417 0.0032187 0.00164699 0.00054266
-0.0479529 -0.0517907 0.216084 0.00356973 0.00145048 0.0005155
-0.0518846 -0.00295393 0.1504 0.00614831 0.00131558 0.0006272
-0.0524093 0.0538886 0.179261 0.00452165 0.00131558 0.00067123
-0.0551358 -0.0224464 0.241037 0.00434976 0.00137059 0.00063028
-0.0543509 0.0491251 0.265929 0.0045537 0.00135652 0.00060531
-0.0481188 0.044955 0.240818 0.0043505 0.00177367 0.00070763
-0.0459731 0.0251928 0.15694 0.00461434 0.00173409 0.00071475
-0.0504004 -0.0379568 0.229615 0.00401461 0.00116202 0.000784
-0.0533623 -0.00288331 0.230632 0.00352782 0.00094317 0.00059343
-0.0487199 0.0564984 0.272401 0.00412923 0.00101087 0.00065578
-0.0456163 0.0741939 0.238152 0.00508331 0.00186633 0.00046353
-0.0378162 -0.0174456 0.220103 0.00376438 0.00143064 0.00050973
-0.0375064 -0.0463521 0.245026 0.00417837 0.00136481 0.00055017
-0.0302745 0.0515127 0.254098 0.00424334 0.00130931 0.00056378
-0.0400602 -0.0266882 0.286749 0.00472299 0.00156579 0.00045932
-0.0460591 0.0142347 0.147961 0.00644101 0.00223995 0.00046261
-0.0432278 -0.00817539 0.097797 0.00574371 0.00154887 0.00051886
-0.0398399 -0.00981306 0.180824 0.0052751 0.00210148 0.00053719
-0.0449212 -0.059456 0.228254 0.00487311 0.00200882 0.00053452
-0.0444203 0.060125 0.251168 0.00460525 0.00206204 0.00056529
-0.0510705 0.106422 -0.0488281 0.0072885 0.00222827 0.00077189
-0.0457606 0.0572281 -0.0538787 0.00625363 0.0019721 0.00069137
-0.0478513 -0.0411844 0.146175 0.00456978 0.00151452 0.00057501
-0.049745 0.021061 0.179984 0.00540532 0.00179969 0.00049637
-0.0524011 0.068662 0.121011 0.00618047 0.00228332 0.00062889
-0.0455098 0.0606799 0.0539947 0.00563841 0.00253041 0.00055576
-0.0432369 -0.0441885 0.132962 0.00434151 0.0024977 0.00053929
-0.0410047 0.00956457 0.142852 0.00478426 0.00213949 0.00049106
-0.0444131 0.0784376 0.0304339 0.00650928 0.00257694 0.00060056
-0.0398024 0.0642749 0.102377 0.00557793 0.00244739 0.00046801
-0.045221 -0.00991333 0.212199 0.004624 0.00207616 0.00050206
-0.0531737 0.0231133 0.139489 0.00591632 0.0019484 0.00065701
-0.0458681 0.0829862 0.141189 0.00420143 0.00151421 0.0006472
-0.0469399 0.0580765 0.172181 0.00536307 0.00245613 0.00060218
-0.0580502 0.0156369 0.116281 0.0052464 0.00207744 0.00052498
-0.052349 0.0228468 0.0616252 0.00462073 0.00198658 0.00055301
-0.0483704 -0.0156004 0.143481 0.00506652 0.00229745 0.00070467
-0.0489061 -0.0109461 0.214742 0.00395699 0.0019546 0.00056976
-0.0483522 0.0785837 0.232516 0.00473146 0.0022461 0.0006988
-0.0525598 0.10834 0.148068 0.00488656 0.00209441 0.00063209
-0.0444146 0.0523736 0.144118 0.00514728 0.00246588 0.00060971
-0.0375969 -0.0388789 0.226029 0.00457682 0.00267717 0.00040945
-0.0429542 0.01839 0.249066 0.00467485 0.0025877 0.00059844
-0.0605939 0.084509 0.160635 0.00539422 0.00237825 0.00075935
-0.0490422 0.00310034 0.174984 0.00519921 0.00267717 0.00054315
-0.0495069 -0.060332 0.224892 0.00441708 0.00237232 0.00077368
-0.055696 0.0171784 0.249776 0.00443175 0.00164902 0.0006119
-0.0582042 0.0514579 0.196047 0.00401621 0.00201793 0.00069022
-0.0518553 0.0127656 0.214541 0.00435077 0.00206087 0.00062371
-0.0558627 -0.0402288 0.223245 0.00472638 0.00228686 0.00065206
-0.0568555 0.0648919 0.181385 0.00494838 0.00171561 0.00079845
-0.0464282 0.030069 0.197263 0.00441382 0.00279114 0.00063482
-0.0344586 -0.0337333 0.231357 0.00442411 0.00234347 0.00053894
-0.0408518 0.0316298 0.225089 0.00451135 0.00229214 0.00059561
-0.038311 0.0361087 0.243737 0.00557333 0.00282041 0.00055067
-0.0486231 0.0634004 0.21799 0.00410841 0.00175866 0.00078728
-0.056444 0.111197 0.157967 0.00418407 0.0020532 0.00082946
-0.0452299 -0.00780992 0.190119 0.00487732 0.00231571 0.00067805
-0.0480985 -0.0213191 0.190066 0.00498269 0.00169769 0.00064086
-0.0476538 0.0125996 0.150327 0.0055162 0.00207341 0.00066032
-0.0402776 -0.0313915 0.194 0.00453068 0.00250294 0.00075515
-0.0421866 -0.0511578 0.213231 0.00461213 0.00245225 0.00089342
-0.0511814 0.00489266 0.225468 0.00469348 0.00209555 0.00080907
-0.0558174 0.0898315 0.248596 0.00482129 0.00179806 0.00078703
-0.0585285 0.15077 0.177615 0.00644145 0.00180916 0.00058566
-0.0614976 0.137923 0.201828 0.00455481 0.00220544 0.00083043
-0.0705743 0.0593891 0.196668 0.00567319 0.00252583 0.00062379
-0.0739437 -0.0214625 0.226372 0.00572716 0.00252583 0.00070263
-0.0635789 -0.00766951 0.239679 0.00604527 0.00252583 0.00071853
-0.0752896 -0.0302779 0.145892 0.00683299 0.00218748 0.00073314
-0.0746523 -0.0436902 0.103541 0.00565591 0.0029223 0.00069328
-0.072141 -0.089985 0.139434 0.00609131 0.00273411 0.00081828
-0.0690846 0.0185768 0.0807426 0.00698995 0.00254316 0.00083594
-0.0700902 0.0922391 0.09629 0.00615982 0.00271438 0.00085467
-0.0691236 0.062203 0.154187 0.00573283 0.00245733 0.00087789
-0.0749204 0.0494835 0.185322 0.00591346 0.00255387 0.00071136
-0.0748753 0.0862949 0.234301 0.00610083 0.00252611 0.00074851
-0.0790859 0.0913615 0.144107 0.00803569 0.00260883 0.00067144
-0.0722396 0.0128952 0.141679 0.00614374 0.00234098 0.00056861
-0.0683637 -0.117487 0.200198 0.0052063 0.00234851 0.0007943
-0.0789773 -0.0427631 0.204021 0.00582158 0.00234241 0.00066034
-0.0741777 0.00188578 0.177604 0.0059876 0.00233559 0.00080665
-0.0699634 0.0199905 0.093953 0.00582324 0.0020063 0.00069622
-0.0698046 -0.0453833 0.149395 0.00578488 0.00228699 0.00075126
-0.0751689 0.0625095 0.114712 0.00622039 0.00210691 0.00072497
-0.0742776 0.0826888 0.0955964 0.006438 0.00203699 0.00077484
-0.0867041 -0.011343 0.148503 0.00634684 0.00188495 0.00066017
-0.0988071 0.0177204 0.154506 0.00627848 0.00228699 0.00053026
-0.10822 0.0408453 0.19168 0.00661829 0.00188069 0.00046209
-0.112587 0.0105454 0.0481099 0.00769479 0.00236601 0.00068392
-0.0895204 -0.0310862 0.0243004 0.00788344 0.00187612 0.00065639
-0.088853 -0.0953716 0.124902 0.00735748 0.00238625 0.00068531
-0.0893466 0.0183076 0.1343 0.00640814 0.00198802 0.00057375
-0.0929896 0.0752013 -0.00497501 0.00911671 0.00198454 0.00071279
-0.0840923 0.0632994 0.0495715 0.00664734 0.00204753 0.00082979
-0.0823794 -0.0204088 0.0892178 0.00674672 0.00207637 0.00074465
-0.0889583 0.037275 0.126777 0.00693467 0.00212086 0.0007109
-0.0937394 0.0481254 0.164292 0.00590636 0.00209659 0.00074932
-0.0889564 0.0506293 0.119837 0.0061167 0.00215509 0.00071558
-0.0680464 -0.0635519 0.176599 0.00619251 0.00192719 0.00087186
-0.07544 -0.00760319 0.12832 0.00693518 0.00249892 0.0008037
-0.0721065 0.0721857 0.141458 0.00699578 0.00204143 0.00081296
-0.0661614 0.0433859 -0.0160585 0.0107454 0.00255396 0.00107996
-0.054539 -0.0106569 -0.0631286 0.00913442 0.00231432 0.00072068
-0.0555639 -0.0249047 -0.0105619 0.00832667 0.00241976 0.00082095
-0.0572351 0.0590449 0.00511466 0.00647664 0.00189545 0.00081025
-0.0573796 0.091171 -0.0108547 0.00662361 0.0008327 0.00057894
-0.0600944 0.0974174 -0.0688227 0.00833939 0.00122764 0.00065698
-0.0695353 0.0915074 -0.099194 0.00818069 0.00235243 0.00063492
-0.0538773 -0.00345472 -0.0924118 0.00832745 0.00241821 0.00063791
-0.059778 0.0115159 -0.053034 0.00844315 0.00236502 0.00044184
-0.0664369 0.0634625 -0.0361282 0.00786871 0.00131853 0.00056054
-0.0688468 0.0475078 -0.0164134 0.0064481 0.00182837 0.00064995
-0.0596482 -0.0238671 -0.0133407 0.00827886 0.00251321 0.0004695
-0.0597232 0.043214 0.0661164 0.00649264 0.00183143 0.00081587
-0.0525628 0.0784065 0.0740914 0.00627817 0.00224918 0.00079058
-0.0585767 0.104548 0.0593869 0.00770871 0.00290978 0.00073531
-0.053909 0.0029995 -0.00322461 0.00874621 0.0028009 0.00075447
-0.0500051 0.00759255 -0.0222216 0.00902071 0.00271645 0.00075715
-0.0587226 -0.0388418 0.0828802 0.00722811 0.00243559 0.00081866
-0.0482518 0.00018225 0.0896642 0.00750108 0.00244821 0.00064314
-0.055928 0.0945912 0.049938 0.00793887 0.002432 0.00087518
-0.0536258 0.0751937 0.0486969 0.00783355 0.00255949 0.00070488
-0.0535296 -0.0427838 0.137092 0.00653056 0.0030525 0.00084749
-0.0576271 0.0470265 0.133117 0.00637607 0.00240322 0.00092491
-0.0563306 0.024431 0.175114 0.00681063 0.00241232 0.00093512
-0.0473694 -0.0321658 0.223902 0.00575139 0.00260094 0.00103561
-0.0438984 0.0735533 0.208962 0.00641518 0.00232586 0.00087138
-0.0457991 -0.0346129 0.255488 0.00548057 0.0024224 0.0008225
-0.044601 0.0131017 0.219462 0.00583143 0.00240116 0.00084984
-0.0460187 0.064926 0.231424 0.00571998 0.00180955 0.00088537
-0.0529062 0.0520424 0.214606 0.00636163 0.00192884 0.00093823
-0.0583049 0.0145533 0.172821 0.0064385 0.00192884 0.00104931
-0.0530421 0.0893169 0.161539 0.00654717 0.00173869 0.00079761
-0.0516792 -0.0267174 0.177247 0.00646746 0.00220316 0.00093771
-0.0482803 -0.0208439 0.184391 0.00586774 0.00182673 0.00104458
-0.0523534 0.0881684 0.122288 0.00652688 0.00192733 0.00090741
-0.0439207 0.00459535 0.126331 0.00623415 0.00188292 0.00097049
-0.0466319 0.0587773 0.100236 0.00702611 0.00207903 0.00090396
-0.0499577 -0.0725868 0.184435 0.00625824 0.00182591 0.00094818
-0.0503005 0.0347586 0.165194 0.00616715 0.00171088 0.0009268
-0.0531888 0.11318 0.145474 0.00690705 0.00160248 0.00094068
-0.0509086 0.00690463 0.142572 0.00675923 0.00166283 0.00079494
-0.0556315 0.0927966 0.0546451 0.00857656 0.00173812 0.00098425
-0.0544599 0.0158615 0.0808997 0.00810449 0.00234587 0.00074701
-0.0754684 0.0641078 -0.291031 0.0124899 0.0012956 0.00114064
-0.0695309 0.0813539 -0.308022 0.0118496 0.00068164 0.0009254
-0.0643785 0.0135891 -0.123671 0.00928683 0.00142756 0.00088803
-0.064163 0.0485127 -0.0308698 0.00759939 0.00150253 0.00091358
-0.0515978 0.143815 -0.125584 0.0101585 0.00107528 0.00085691
-0.0565757 0.170338 -0.170892 0.0102481 0.00124951 0.00102883
-0.0442497 0.0586112 0.038876 0.00557109 0.00139407 0.00099815
-0.0440624 0.0536495 0.0721857 0.00537658 0.00139407 0.001085
-0.0444153 0.111816 0.100212 0.00617064 0.00125702 0.0009685
-0.0557685 0.139782 -0.0145345 0.00786526 0.00139272 0.00103163
-0.0445967 0.00653666 0.0681992 0.00559239 0.00111679 0.00097943
-0.0570457 -0.00414157 0.0667527 0.00588156 0.00165466 0.00094476
-0.0572132 0.0851103 -0.00427118 0.00789082 0.001812 0.00095043
-0.0582845 0.108227 -0.0256328 0.00827804 0.00190428 0.00097459
-0.0614032 0.0379302 0.0882505 0.00582859 0.00171949 0.00104129
-0.0642665 0.0823752 0.0736333 0.0065459 0.00168488 0.00105526
-0.0595074 0.130274 -0.033459 0.00781712 0.00192712 0.00111881
-0.0610281 0.12671 -0.0509499 0.00829879 0.00203167 0.0011753
-0.0628968 0.0257522 0.0482388 0.00726722 0.00155356 0.00100916
-0.0616109 0.0775185 -0.0775434 0.00952841 0.00206607 0.00117156
-0.0612536 0.10526 -0.0833522 0.0094324 0.00232935 0.00103399
-0.0628149 0.0249798 0.0121956 0.00750947 0.0020994 0.00100629
-0.0641087 0.0274289 -0.0147277 0.00755582 0.00181422 0.0009859
-0.0634406 0.0579144 0.0275726 0.00636528 0.00182495 0.00092889
-0.0698512 0.01512 0.0403544 0.00743758 0.0021668 0.00107567
-0.0769002 0.0151385 0.0389044 0.00745571 0.00183088 0.00093555
-0.0661934 0.0689966 0.0612803 0.00694097 0.00160501 0.00107437
-0.063149 0.0259653 0.0521186 0.00692891 0.00167613 0.00103207
-0.0657349 0.0791878 0.0602293 0.00732224 0.00185582 0.00088081
-0.0635762 0.112877 0.0884844 0.00726179 0.00159909 0.00110566
-0.0772909 0.062415 0.123082 0.00640101 0.00160409 0.00109367
-0.0660437 0.0932833 0.120793 0.00601973 0.00158349 0.00102704
-0.0608484 0.00598119 0.131766 0.00692943 0.00181875 0.00096793
-0.0606973 -0.00418606 0.116827 0.00747321 0.00193985 0.00097595
-0.0658343 0.066153 0.149798 0.00750848 0.00200086 0.00102147
-0.057689 0.0275505 0.00662624 0.00917297 0.00193169 0.00094792
-0.0488291 0.0286965 0.00730425 0.00876085 0.00194212 0.00108495
-0.0392881 -0.0379438 0.0893177 0.00765398 0.00141146 0.00087239
-0.0436733 0.048686 0.12364 0.0076401 0.00191868 0.00096649
-0.0365821 0.0965123 0.162653 0.00796086 0.00196642 0.00086743
-0.036209 0.0443043 0.150025 0.00826801 0.0027238 0.00122641
-0.0362582 0.0361594 0.159507 0.00886849 0.00219434 0.00136084
-0.0384388 0.0101494 0.135611 0.00755197 0.00202072 0.00121961
-0.044177 0.0744925 0.116038 0.00817922 0.00194807 0.00123648
-0.0754253 0.149612 -0.263733 0.0110477 0.001565 0.00150947
-0.0724642 0.0949269 -0.317705 0.0109327 0.00134039 0.00136151
-0.0600473 -0.00473355 0.00953656 0.00632659 0.00094148 0.00092485
-0.0660959 0.0408366 0.104621 0.0065447 0.00135399 0.00115939
-0.0681544 0.14558 -0.0616327 0.00954701 0.00167603 0.00115535
-0.0653906 0.155396 -0.117542 0.00982476 0.00214437 0.00133732
-0.0532011 0.0832185 0.0574252 0.00781841 0.00193411 0.00103605
-0.0524333 0.1026 -0.0697777 0.0103818 0.00179869 0.00110174
-0.0419063 0.0721944 -0.0374945 0.0092301 0.00237735 0.0010922
-0.0494573 -0.0340164 0.0814763 0.00854831 0.00192588 0.00088561
-0.0621984 0.0564705 -0.0364595 0.00981093 0.0019128 0.00101221
-0.0464714 0.029602 0.0396488 0.00860454 0.00185997 0.00098924
-0.0515881 -0.0058545 0.127376 0.0081898 0.00172788 0.00083059
-0.0511677 0.0773961 0.111753 0.00841378 0.0016395 0.00090023
-0.047786 0.0792285 0.0932844 0.00816633 0.0018258 0.0009351
-0.0432218 0.00264276 0.151923 0.0083723 0.00215009 0.00090248
-0.0424821 0.0875582 0.199596 0.00848783 0.00244833 0.00086556
-0.029622 0.110301 0.222381 0.00890933 0.00284682 0.00097087
-0.0407871 0.101744 0.139792 0.00937855 0.00263718 0.0010219
-0.0406023 0.037958 0.158758 0.00851575 0.00250553 0.00111186
-0.0358436 -0.0122849 0.155901 0.00873361 0.0025306 0.00099063
-0.029611 0.0738336 0.207823 0.00817464 0.00264142 0.00099033
-0.026109 0.0815375 0.265654 0.00938263 0.00359983 0.00097036
-0.0408551 0.0923223 -0.00057154 0.0110712 0.002977 0.00120844
-0.0324068 0.0664124 0.0665333 0.010218 0.0028037 0.00111409
-0.035883 -0.0148022 0.204798 0.00961084 0.0032366 0.00080774
-0.036335 0.0546458 0.238579 0.00889915 0.00355598 0.00090009
-0.029864 0.141628 0.071954 0.0108645 0.00323897 0.00122262
-0.0263275 0.0800781 0.153615 0.0087907 0.00281993 0.00100374
-0.0241508 0.00440039 0.322873 0.00866042 0.0031014 0.00096509
-0.0291063 0.10436 0.27984 0.0089301 0.00270625 0.00094916
-0.0169512 0.108204 0.239835 0.00996057 0.00279307 0.00081192
-0.0108413 0.00788608 0.245972 0.00978982 0.00385764 0.00078874
-0.0157546 0.0621242 0.257636 0.00894427 0.00341253 0.00087541
-0.0218009 0.104319 0.267433 0.0103142 0.00330536 0.00089916
-0.0281063 0.119187 0.0305022 0.0119468 0.00256872 0.00090395
-0.0272206 0.0207715 0.104244 0.00838261 0.00283133 0.00099498
-0.0206565 0.01072 0.21404 0.00938966 0.00325293 0.00089883
-0.0242654 0.0908343 0.254671 0.00938157 0.00385247 0.00087302
-0.021634 0.099248 0.305843 0.00887609 0.0037147 0.00102
-0.0112477 0.101876 0.21352 0.00866859 0.00373087 0.00103921
-0.00707162 0.00537086 0.256275 0.00904704 0.0039783 0.00116754
-0.01814 0.113385 0.289929 0.00873471 0.00421633 0.00104754
-0.0113549 0.12157 0.348861 0.00909675 0.00407348 0.00104647
-0.0047496 0.112565 0.206419 0.00940368 0.00385709 0.00110088
0.00077967 0.0816001 0.196794 0.00911742 0.00359737 0.00099335
-0.00606545 -0.00661563 0.258091 0.00901696 0.00403518 0.00127429
-0.0051935 0.0777116 0.239835 0.0094314 0.00442648 0.00127429
-0.0125833 0.0390472 0.102203 0.0107977 0.00401461 0.00127429
0.00035097 0.0157852 0.180257 0.00805415 0.00393604 0.00101343
-0.00065195 -0.00125805 0.239566 0.00932713 0.00431484 0.00090246
0.00230522 0.0962116 0.258972 0.00989511 0.00471754 0.00119919
0.00174269 0.177271 0.0269044 0.0120772 0.00452198 0.00138433
-0.00123511 0.109458 0.014448 0.0107901 0.00357107 0.00133734
-0.00088085 0.0161347 0.200557 0.00896482 0.00379188 0.00114849
0.0194617 -0.0331454 0.305782 0.0084903 0.00484561 0.00144263
0.0271181 0.0832031 0.286464 0.00895271 0.00417404 0.00150405
0.0181145 0.137414 0.280385 0.00754107 0.00388353 0.00110517
0.0155324 0.191123 0.269381 0.00890713 0.00385576 0.00101825
0.0104216 0.156857 0.138534 0.0108012 0.00396548 0.00104996
0.018365 0.0178893 0.130707 0.0104057 0.00422684 0.00118007
0.00189956 -0.0727973 0.225633 0.00981492 0.00438611 0.00092695
0.00066134 0.00053002 0.269492 0.0102576 0.00458946 0.00100752
0.0108593 0.0218026 0.273812 0.0115652 0.00464162 0.00099537
-0.00795943 0.0913564 0.227733 0.0115336 0.00383573 0.00109752
0.0128561 -0.00231393 0.309667 0.0101378 0.00435528 0.00102611
0.00815801 -0.00774096 0.335744 0.0100594 0.00410897 0.0008079
-0.00110212 0.108642 0.290536 0.00946863 0.00424503 0.00102057
-0.0149517 0.0969944 0.265993 0.0099826 0.00330177 0.00100335
0.00893138 0.0502219 0.233778 0.0118079 0.004343 0.0006655
0.013832 0.0365254 0.0437356 0.014114 0.00328603 0.00095979
0.0212865 0.092728 -0.141531 0.0142792 0.00336844 0.00115044
0.025919 0.0062971 0.0283051 0.0114186 0.00321174 0.00094938
0.0055983 0.0446709 0.0988632 0.0108847 0.00263525 0.00090852
0.00845446 0.136884 0.168928 0.0106622 0.00254738 0.000613
-0.00392858 0.126846 0.231205 0.01135 0.00256126 0.00085871
-0.00025408 0.103627 0.255953 0.0106058 0.00318466 0.00078012
-0.0104942 0.00907239 0.313854 0.0105021 0.00322043 0.00090598
-0.0118685 0.0900516 0.300565 0.0109864 0.00322873 0.00091811
0.00699842 0.0936643 0.232161 0.0125048 0.00393468 0.00101668
0.0188516 0.0563172 0.202311 0.0111228 0.00393396 0.00105377
0.029676 -0.0192267 0.21966 0.0100325 0.00400469 0.00097202
0.0070783 0.0910316 0.214054 0.0111817 0.00389345 0.00103683
-0.00916093 0.142521 0.281692 0.010659 0.00344868 0.00114225
0.00707779 0.0302816 0.297211 0.00914293 0.0037765 0.00111341
0.00672093 -0.0219767 0.213796 0.0108459 0.00409416 0.00080289
-0.00681097 0.0982187 0.299105 0.0101921 0.00367011 0.00107488
-0.0109602 0.112158 0.218866 0.010644 0.00378401 0.00126047
-0.0138977 -0.0111737 0.284949 0.0107723 0.00355826 0.00088815
-0.0105741 0.114062 0.242215 0.0118775 0.00370875 0.00092605
-0.00184252 0.104568 0.197666 0.0129692 0.00344167 0.0007244
-0.00408447 0.0299307 0.136049 0.0123148 0.00367664 0.00100332
-0.017486 0.100585 0.0849323 0.0115335 0.0032773 0.00113576
-0.0111271 0.0593615 0.0418562 0.0136603 0.00339091 0.00146204
-0.00981439 0.0182009 0.0514329 0.014065 0.00362968 0.00115672
-0.0120147 0.0805745 0.128144 0.0126654 0.00363835 0.00105042
-0.0126259 0.112835 0.0723857 0.0149304 0.00372098 0.00121204
-0.00863563 0.0149771 0.176145 0.0133575 0.0038391 0.00132504
0.0201507 -0.0339827 0.488654 0.011299 0.00466771 0.00146204
0.030073 0.0352137 0.540901 0.0111214 0.00507316 0.00146204
0.019219 0.112981 0.531917 0.0112227 0.00438338 0.00146204
0.00868324 0.178025 0.419047 0.0112894 0.00415052 0.00146204
0.0131385 0.132515 0.41894 0.0114047 0.00406614 0.00106158
0.0202535 0.0245651 0.42547 0.0111658 0.00337874 0.00106959
0.0390008 0.0888819 0.403707 0.0115096 0.00405061 0.00104227
0.0366204 0.0477964 0.442279 0.0104812 0.00401615 0.00082675
0.00970964 -0.0281268 0.494291 0.00922207 0.0027873 0.00030733
-0.00250227 0.00894875 0.494667 0.00903214 0.00243382 0.00011657
0.0368517 0.0645827 0.555071 0.00897252 0.00251316 0.00011286
0.0360356 0.124476 0.544237 0.00753979 0.00104538 0.00020814
0.0371605 0.147198 0.515151 0.00859352 0.00210469 0.00034884
0.0370318 0.124061 0.564323 0.00882358 0.00168387 0.00045435
0.0260323 0.107746 0.57324 0.00781163 0.00206627 0.00056988
0.0218543 0.26054 0.539835 0.00789662 0.00169271 0.00095496
0.0189369 0.228774 0.554913 0.00847358 0.00192699 0.00089863
0.00997038 0.0992484 0.55173 0.00865573 0.00178931 0.00062402
0.0205799 0.180634 0.51883 0.00829609 0.00214145 0.0008248
0.0206934 0.111892 0.560595 0.00918779 0.00260952 0.00072363
0.0208991 0.0350206 0.527889 0.00828962 0.00227283 0.00110169
0.0206739 0.171475 0.499515 0.00964166 0.00252569 0.00073769
0.0206685 0.0659578 0.536887 0.0087311 0.00258271 0.00072257
0.0206436 0.0878655 0.508976 0.00806115 0.00225428 0.00078334
0.0218045 0.220325 0.488917 0.00834659 0.00303108 0.00097923
0.0171046 0.120552 0.519246 0.0082649 0.00207375 0.00057374
0.0206621 0.182483 0.531442 0.00931081 0.00256383 0.00058277
0.0270353 0.197322 0.440898 0.00975073 0.00210548 0.00085169
0.0405408 0.0157788 0.403169 0.0102707 0.00256937 0.0010231
0.0313008 -0.0680744 0.363062 0.0109522 0.00323447 0.00131285
0.025728 0.047685 0.362345 0.00968472 0.00283557 0.00123884
0.0256299 0.158476 0.319966 0.00997462 0.00317126 0.00128964
0.0259086 0.155845 0.277786 0.010137 0.00298693 0.00126031
0.0237246 0.139977 0.192543 0.0114489 0.0025695 0.00131652
0.0265379 0.0391691 0.260691 0.0104984 0.00280871 0.00123144
0.00984538 0.133503 0.172679 0.0121202 0.00267273 0.00131882
0.0159933 0.142845 0.120696 0.0112933 0.00287085 0.00141603
0.0226124 0.0484946 0.228072 0.00896609 0.00296526 0.00127314
0.0207977 0.0719012 0.338452 0.00902306 0.00320228 0.00135028
0.0242634 0.16477 0.367259 0.00993152 0.0035685 0.00128249
0.0143303 0.203485 0.306786 0.00942221 0.00319586 0.00143797
0.0165104 0.15935 0.274976 0.008797 0.0027754 0.0015511
0.0252132 0.125465 0.262446 0.00896697 0.00320567 0.0014115
0.0194386 0.0744442 0.333851 0.00793104 0.00322439 0.00149965
0.0069685 0.158392 0.305923 0.0091136 0.00320938 0.00131623
-0.00830539 0.164643 0.144973 0.00848587 0.00274589 0.00147332
0.00824656 0.0960064 0.248682 0.00903459 0.0030186 0.00128734
-0.00731774 0.0653057 0.368988 0.00944003 0.00279118 0.00112089
-0.0182027 0.178322 0.247943 0.010789 0.0031649 0.00124707
-0.0151197 0.191972 0.190755 0.00795043 0.00217165 0.0013604
-0.00980159 0.107534 0.280372 0.00935844 0.00254572 0.00105183
-0.00166452 0.112831 0.345422 0.00961401 0.00238503 0.00098958
-0.0187043 0.164182 0.258403 0.0109479 0.00259853 0.00124275
-0.0190833 0.14712 0.200677 0.00939299 0.00215084 0.00124466
-0.00438715 0.0253258 0.353065 0.00974265 0.00238102 0.0008178
-0.0149038 0.0826298 0.405971 0.00906932 0.00241684 0.00134456
-0.0238372 0.18637 0.264446 0.0114889 0.00239625 0.00095518
-0.00633671 0.11847 0.228424 0.00900626 0.00256577 0.0011462
0.0107411 0.0656384 0.2767 0.00938714 0.0029326 0.00091737
-0.00406553 0.130538 0.162967 0.0116675 0.00297864 0.00133026
0.0102843 0.158886 0.124484 0.0093058 0.00223316 0.00109839
0.0111691 0.150695 0.140288 0.00930135 0.00246526 0.00140147
0.0169013 0.147765 0.128619 0.00843817 0.00262338 0.0014233
0.0154145 0.0955804 0.151932 0.00809054 0.00273497 0.00142347
0.021963 0.00994221 0.195647 0.00869567 0.00296268 0.00102172
-0.00899621 0.106465 0.205012 0.00865471 0.00242887 0.00119368
0.00331924 0.180528 0.161664 0.00944099 0.00261159 0.00117909
0.00715009 0.122046 0.173599 0.00934913 0.00247577 0.00119744
0.00033315 0.106192 0.226157 0.00956635 0.00278927 0.00117149
0.00205996 0.175995 0.278608 0.010743 0.00281936 0.00118255
0.00863265 0.214848 0.0379925 0.0121541 0.00295422 0.00139797
0.0117829 0.168858 0.101527 0.0113137 0.00289915 0.00136035
0.0270196 0.0465273 0.214978 0.0104871 0.00341176 0.00105289
0.0210997 0.14372 0.195941 0.0101337 0.00356179 0.00119614
0.0130189 0.152637 0.241496 0.0115633 0.00361357 0.00115257
0.0153455 0.140863 0.0665791 0.0119533 0.00350561 0.00131908
0.0208608 0.162171 0.0184793 0.011792 0.00376491 0.00115544
0.0340465 0.0970444 0.241817 0.00962529 0.00365303 0.00124588
0.0119276 0.118094 0.193355 0.00874978 0.00323192 0.00104598
0.0105137 0.173152 0.144152 0.00810723 0.00328034 0.00111599
0.0108917 0.162346 0.1798 0.00932824 0.00368633 0.00104641
0.00148115 0.091485 0.320149 0.009386 0.00355737 0.00108644
0.00392861 0.174275 0.334775 0.00999718 0.00397913 0.00105238
0.00357113 0.224202 0.217568 0.0105828 0.0036856 0.00122554
0.0206853 0.191827 0.158877 0.0106221 0.00447821 0.00103
0.0312547 0.0750141 0.265859 0.00954259 0.00438619 0.00126502
0.0324168 0.0993711 0.264584 0.0101964 0.00504402 0.00104952
0.013922 0.133283 0.225202 0.0101355 0.0045104 0.00098043
0.0186002 0.140825 0.216366 0.0100411 0.00474024 0.00130463
0.0213453 0.078791 0.258567 0.00953396 0.00466552 0.00130463
0.00761632 0.13524 0.174972 0.0114663 0.00470263 0.00130463
0.0183005 0.138711 0.194669 0.00994126 0.00440401 0.00121604
0.0260196 0.0812846 0.300107 0.00975369 0.004429 0.00091749
0.0185008 0.122179 0.307677 0.0108826 0.00492928 0.00112834
0.00364036 0.190003 0.189086 0.0114084 0.00437098 0.00117082
0.0117016 0.215867 0.0961279 0.0113266 0.00413136 0.0010937
0.0205847 0.100937 0.293752 0.0095346 0.00455871 0.00094015
0.01391 0.087477 0.382449 0.00972342 0.00441038 0.00100142
0.00350961 0.166115 0.274819 0.0111097 0.00405471 0.0008924
-0.00208968 0.190525 0.20861 0.0116501 0.00380553 0.00102881
0.00056575 0.189135 0.196846 0.0108438 0.0042081 0.00093417
-0.0189666 0.0611966 0.263722 0.0112219 0.00426184 0.0010821
-0.0411815 0.136921 0.0486502 0.0146131 0.00315287 0.00112282
-0.0235774 0.114501 0.0482039 0.0137781 0.00343044 0.00094323
-0.00196954 0.073194 0.126816 0.0135177 0.00417897 0.00079097
-0.0131619 0.101833 -0.041376 0.0141479 0.00403063 0.00108873
-0.00154707 0.113233 -0.0380905 0.0131546 0.00396321 0.00130463
0.0178542 0.188452 0.126832 0.009522 0.00298179 0.00094514
0.00644347 0.121692 0.353152 0.00915199 0.0041794 0.00129596
0.0197365 0.278215 0.212798 0.00809992 0.00394495 0.00122159
0.0262475 0.315193 0.13288 0.00835144 0.00395565 0.00116607
0.0373477 0.262134 0.207084 0.00905842 0.00421121 0.001215
0.0234456 0.217611 0.319573 0.00835138 0.00448883 0.00112275
0.0260412 0.286791 0.1636 0.00914427 0.00417038 0.00121302
0.0444396 0.201999 0.15538 0.00924959 0.00476547 0.00121916
0.0481636 0.105135 0.337262 0.00904175 0.00484839 0.00092063
0.0490544 0.183532 0.337179 0.00904074 0.00544747 0.00104954
0.0479727 0.160334 0.432379 0.00935895 0.00531955 0.00079366
0.0197222 0.20779 0.20457 0.0109339 0.00545804 0.00127142
0.0115381 0.192417 0.322265 0.00906755 0.00453328 0.00142173
0.0134238 0.176669 0.530629 0.00844904 0.00384409 0.00146553
0.0177858 0.187524 0.637671 0.00859915 0.00391555 0.00150164
0.0251482 0.258488 0.694236 0.00958788 0.00391781 0.00140783
0.0306002 0.268258 0.677842 0.00938246 0.00398216 0.00138301
0.0186076 0.203297 0.527676 0.00928761 0.00332626 0.00140257
0.0348519 0.0926297 0.58308 0.0103241 0.00392206 0.00108961
0.0353816 0.172973 0.554473 0.0105069 0.0040987 0.00123432
0.0309555 0.213984 0.300307 0.0117832 0.00462078 0.00182752
0.0405843 0.178919 0.245506 0.010733 0.00463299 0.00182752
0.05128 0.104506 0.303549 0.0101032 0.00456064 0.00144051
0.0361554 0.219331 0.298421 0.0110626 0.00432571 0.00150784
0.0588848 0.238752 0.356952 0.0107881 0.00465986 0.00151737
0.0594344 0.180849 0.513033 0.0102979 0.00454263 0.00142725
0.0544824 0.255525 0.488654 0.0105807 0.00437989 0.00145787
0.0440324 0.28953 0.369662 0.0114052 0.00448571 0.00155816
0.0603153 0.174817 0.339467 0.0109929 0.00497054 0.00143734
0.0668575 0.117925 0.590769 0.0107968 0.00465043 0.00148859
0.0600535 0.206243 0.655356 0.0110628 0.00394548 0.00133771
0.0601808 0.242499 0.615262 0.0108956 0.00405332 0.00138533
0.0912113 0.22996 0.489667 0.010243 0.00503861 0.00182752
0.0929691 0.144615 0.531433 0.00973138 0.00506061 0.00163029
0.086054 0.227224 0.559042 0.00995424 0.00452814 0.00152908
0.0866624 0.240233 0.565026 0.0103991 0.00479733 0.00132384
0.0818988 0.249266 0.517765 0.0109633 0.00528344 0.00139501
0.0880241 0.179566 0.512398 0.00953171 0.00476534 0.00143262
0.0807544 0.137646 0.581361 0.0102262 0.00482986 0.00141109
0.0838417 0.242975 0.573474 0.0104456 0.00482986 0.00134092
0.0876618 0.231897 0.606277 0.0104775 0.00494172 0.00134636
0.0664425 0.207733 0.543888 0.0107148 0.00538447 0.00121194
0.0820958 0.187504 0.507495 0.0101986 0.0051177 0.00126425
0.0816589 0.128312 0.624863 0.0101002 0.00469266 0.0011392
0.0915431 0.217107 0.622863 0.0109176 0.00534501 0.0012741
0.10449 0.223869 0.647003 0.0108064 0.00539328 0.00126262
0.069336 0.180007 0.52006 0.012195 0.0061146 0.00120537
0.0868336 0.167151 0.61118 0.0119545 0.00600084 0.00136134
0.112692 0.0988175 0.714986 0.0098516 0.00539806 0.00158355
0.101405 0.222855 0.709518 0.00997513 0.00499381 0.00138697
0.103423 0.227392 0.593035 0.0108009 0.00560456 0.0015336
0.0966271 0.144278 0.611739 0.0109635 0.00587653 0.00125736
0.0780623 0.216916 0.64011 0.0107491 0.00525907 0.00150016
0.0550564 0.242499 0.533132 0.0117245 0.00547621 0.00112671
0.0782604 0.180256 0.598063 0.0112903 0.0057591 0.00128528
0.0934846 0.176408 0.627656 0.0110869 0.00537958 0.00133001
0.0779241 0.220505 0.659273 0.0109913 0.0052014 0.00126544
0.0649153 0.156168 0.685029 0.0111907 0.00533452 0.00097564
0.0509717 0.24705 0.561174 0.0124672 0.00588454 0.00100666
0.0550144 0.187878 0.579913 0.0125131 0.00511727 0.00113656
0.0625066 0.104817 0.683326 0.0122979 0.0048997 0.00092584
0.0568526 0.099773 0.653503 0.0131773 0.00506091 0.00092981
0.0563935 0.224991 0.616341 0.0131773 0.00464653 0.00079457
0.0736552 0.180623 0.619254 0.0104306 0.00496139 0.00097032
0.0778418 0.13086 0.674954 0.00975635 0.00485655 0.00124972
0.0689108 0.272426 0.631831 0.010573 0.00482514 0.00114046
0.0723704 0.299609 0.650542 0.0116994 0.00524195 0.00096551
0.0737365 0.201494 0.703885 0.0112108 0.00465334 0.00080705
0.0657765 0.207652 0.685278 0.0108724 0.00447092 0.00115994
0.0645489 0.255108 0.699515 0.0115364 0.00516231 0.00122795
0.0679121 0.179562 0.738412 0.0107778 0.00505368 0.00090272
0.0614444 0.180349 0.703053 0.0117099 0.00530492 0.00087046
0.0519448 0.222844 0.72283 0.00985014 0.00535565 0.00098547
0.058509 0.189304 0.727558 0.00991915 0.00489024 0.0009586
0.0594696 0.17622 0.684244 0.0104518 0.00509862 0.00098788
0.0609672 0.248871 0.704918 0.00977515 0.00550503 0.00130479
0.0611957 0.19327 0.681111 0.0111898 0.00509241 0.0007708
0.059076 0.222906 0.664889 0.0112698 0.0054472 0.0009489
0.0572871 0.234847 0.681691 0.0103843 0.00562754 0.00104298
0.0589613 0.176738 0.696582 0.0106686 0.00478983 0.00081513
0.0536722 0.25983 0.681258 0.0112352 0.004994 0.0010719
0.0590754 0.157822 0.781916 0.0106408 0.00493932 0.00069336
0.0554019 0.169854 0.725843 0.0107075 0.0043894 0.0007931
0.0442997 0.26795 0.669135 0.0110552 0.00432159 0.00114023
0.047221 0.188771 0.71374 0.0104942 0.00432159 0.00073397
0.0325985 0.206783 0.651014 0.0104609 0.00398586 0.00088556
0.00330625 0.260798 0.598397 0.0105537 0.00434141 0.00088458
0.0271793 0.19293 0.644979 0.0120629 0.00463382 0.00082768
0.048999 0.14302 0.671808 0.0112316 0.00516953 0.0012383
0.0661228 0.178509 0.643178 0.0107716 0.00569307 0.00092391
0.0691053 0.264007 0.574501 0.0104363 0.00558822 0.00126013
0.0687078 0.216913 0.60033 0.0104478 0.00569935 0.00107538
0.0687152 0.12503 0.639954 0.00997546 0.00534376 0.0011938
0.0691566 0.217948 0.61576 0.0105376 0.00576512 0.00121623
0.0722976 0.234663 0.632485 0.0114355 0.00626367 0.00096473
0.0731895 0.154471 0.666531 0.0113231 0.00585287 0.0009825
