-0.00615718 0.033512 0.0914123 0.00034958 0 0
-0.00592806 0.147857 0.104639 -0.00041295 0 0
-0.0139372 0.152731 0.0812186 -0.00028985 7.008e-05 7.019e-05
-0.0243966 0.041666 0.0689197 0.00010103 0.00033693 0.00036657
-0.0257002 0.0269507 0.030241 9.328e-05 0.00025 0.00031135
-0.0228705 0.0165469 0.0496401 0.00015067 0 0.00034864
1e-08 0.0478587 0.0326995 0.00049012 0 0
0 0.0565461 0.0405158 0.0007055 0 0
-0.00686182 0.084835 0.0401022 0.00088637 0 5.176e-05
-0.0114205 0.107068 0.0757192 0.00023615 0 0.00016248
-0.018785 0.226346 0.117123 -5.35e-06 0.000342 0.00053773
-0.0257927 0.267876 0.111556 -0.00058209 0.00061769 0.00068153
-0.0254313 0.143402 0.0988023 -0.00058396 0.0005839 0.00063467
-0.0177066 0.0132099 0.0808163 0.00030927 0.00054254 0.0004547
-0.025122 0.00101968 0.0627587 0.00069974 0.00076282 0.00040458
-0.0263911 0.0434601 0.105903 0.00030465 0.00085718 0.00055562
-0.0336859 0.159906 0.172977 -0.00101265 0.00054919 0.00073562
-0.0351416 0.159908 0.14784 -0.0010052 0.00050843 0.00063922
-0.0347632 0.0759365 0.146794 -0.00055982 0.00039135 0.00061676
-0.0309984 0.0473985 0.172766 -0.0005821 0.00056222 0.00052383
-0.0356831 0.165141 0.182453 -0.00044889 7.218e-05 0.00049689
-0.0340161 0.214278 0.188052 -0.00088641 0.00028379 0.00039079
-0.0458729 0.0926601 0.165092 -0.0008758 0.00020594 0.0003731
-0.0541344 0.0226127 0.145331 0.00025441 0.00032865 0.00057865
-0.0525423 0.0742304 0.182384 -1.16e-06 0.00025299 0.00067088
-0.0404538 0.149104 0.179449 -0.00063651 0.00016888 0.00046194
-0.0769087 0.0159468 0.0759964 0.00102959 0.00016888 0.00040939
-0.0761113 0.0172055 0.0733136 0.00089101 6.513e-05 0.00046194
-0.0585589 0.136493 0.142324 0.000641 0.00016888 0.00046194
-0.0771134 0.115807 0.155411 8.23e-05 0.00016888 0.00046194
-0.0817191 0.0105721 0.0918648 0.00109155 0.00016888 0.00011715
-0.0705519 0.014807 0.127312 0.00043078 0.00016888 0.00036907
-0.0590839 0.078625 0.150209 0.00086307 0.00050399 0.00039711
-0.0710083 0.105943 0.161867 0.00067993 0.00091713 0.00038765
-0.0809136 0.00796383 0.11159 0.00156731 0.0008209 0.00030739
-0.0752673 0.00518908 0.130686 0.00085775 0.00086028 0.00030542
-0.0649172 0.0875251 0.183537 -0.00014401 0.00071617 0.00046293
-0.07463 0.0822891 0.142598 0.00075645 0.00102095 0.00046293
-0.0646268 0.00853267 0.181256 0.00044283 0.0008685 0.0003309
-0.0789932 -0.0222428 0.124259 0.00159072 0.00100319 0.00046293
-0.0670915 0.0252487 0.147274 0.00068092 0.00104037 0.00046293
-0.0597986 0.158659 0.173342 0.00047431 0.00152776 0.00046293
-0.0658552 0.141037 0.178982 0.00018778 0.00148892 0.00046293
-0.0490352 0.00023844 0.097926 0.00085188 0.0009786 0.00046294
-0.0517397 -0.00104615 0.113155 0.00088488 0.00105181 0.00046293
-0.0599497 -0.0120107 0.151417 0.00112281 0.00130433 0.00032053
-0.0631362 0.0249749 0.102483 0.0008861 0.00118307 0.00046294
-0.0587368 0.0283344 0.130064 0.00038249 0.00123309 0.00052312
-0.0658763 0.167061 0.120427 0.00062336 0.00092844 0.00033284
-0.061898 0.0636899 0.0857338 0.00080556 0.0010244 0.00046294
-0.0497615 0.0408953 0.10872 -3.203e-05 0.00107905 0.00046294
-0.0502977 0.0480815 0.152012 0.00023433 0.00111956 0.00046294
-0.0479322 0.0971702 0.140052 0.00036573 0.00135333 0.00046294
-0.0555377 0.011089 0.163034 0.00046109 0.00138959 0.00046294
-0.0699364 -0.0323954 0.0974002 0.00140287 0.00098741 0.00040967
-0.0596102 0.0107539 0.0828101 0.00097218 0.00091367 0.00046294
-0.0502768 0.130825 0.095018 0.00082387 0.00115098 0.00071294
-0.0669669 0.0863399 0.0633397 0.00055342 0.00091487 0.00046294
-0.0630379 0.0432278 0.0597152 0.00065802 0.00059083 0.00061423
-0.0695429 0.0436771 0.0896822 0.00084977 0.00097623 0.00048114
-0.0383211 0.115392 0.0593969 0.00058153 0.00059083 0.00059126
-0.0285765 0.204463 0.101415 0.00041156 0.00107291 0.00058956
-0.0547968 0.0807514 0.061937 -0.00019804 0.0008077 0.0004348
-0.0609974 0.0130272 0.038636 0.00026124 0.00059083 0.0003499
-0.0544512 0.0224327 0.111747 0.00045283 0.00098561 0.0003499
-0.059688 0.0853912 0.130401 -0.00013606 0.0011562 0.00028589
-0.0661649 0.00036099 0.106891 0.00066035 0.00143343 0.00040466
-0.0672024 0.00203806 0.10059 0.00067953 0.00139936 0.0003499
-0.0515364 0.118483 0.144594 -0.00013499 0.00130555 0.00050853
-0.0671463 0.0985425 0.147903 -0.00025432 0.00144907 0.00050853
-0.0615913 0.0234621 0.17904 9.818e-05 0.00140246 0.00050853
-0.0644471 0.00064339 0.0921486 0.00116368 0.00121112 0.00027385
-0.0641583 0.0523889 0.0697427 0.00062673 0.00131686 0.00068089
-0.0530219 0.186429 0.0981478 0.00058884 0.00134738 0.00051813
-0.0728605 0.110173 0.071067 0.00057361 0.00121129 0.00045332
-0.059719 0.0107506 0.0922205 0.00037477 0.00137478 0.00042216
-0.0434594 0.0833592 0.134042 0.00054847 0.0014882 0.00054535
-0.039198 0.169191 0.149608 -0.00019236 0.00141563 0.00054535
-0.0402347 0.0290893 0.112778 -0.00035465 0.00086656 0.00054535
-0.032877 0.0739041 0.149993 -0.00065748 0.0010414 0.00054535
-0.0212523 0.00666237 0.133606 0.00045091 0.00127856 0.00027561
-0.0388103 -0.0174734 0.191017 0.000364 0.00156628 0.00054535
-0.0369491 0.044927 0.0504429 0.00011468 0.00133486 0.00054535
-0.0347912 0.106828 0.0407936 -2.292e-05 0.00164667 0.00054535
-0.0341547 0.201746 0.0884322 -0.00047095 0.00162341 0.00062363
-0.0400785 0.263248 0.125092 -0.00103109 0.00147716 0.00061348
-0.0430492 0.145731 0.171407 -0.00132683 0.00173648 0.00054535
-0.0447114 0.0348798 0.13275 -0.00038715 0.00150015 0.00048552
-0.037064 0.0122465 0.147191 -0.00043482 0.00133662 0.00054535
-0.0321842 0.0472289 0.218239 -0.00037056 0.0014473 0.00040481
-0.0435976 0.0346472 0.122363 -0.00010204 0.00154797 0.00062867
-0.0364902 0.0563927 0.178389 -0.00087069 0.00160938 0.00054535
-0.0321913 0.128912 0.190831 -0.00053078 0.00135098 0.00038124
-0.0376119 0.134334 0.181229 -0.00052787 0.00150628 0.00050193
-0.0350127 0.0202792 0.173547 -2.366e-05 0.00148701 0.00032502
-0.0381056 0.042231 0.205995 -0.00053953 0.00174677 0.00036572
-0.0392408 0.175885 0.212068 -0.00082852 0.00158573 0.00046673
-0.0435581 0.0864415 0.139677 0.00054935 0.00185608 0.0005558
-0.0514521 0.00995747 0.234784 -0.00036594 0.00186845 0.00037607
-0.0433853 0.0653565 0.266357 -0.00099485 0.00157982 0.00037607
-0.0588891 0.0579451 0.253398 -0.00094787 0.00162583 0.00024698
-0.0613072 -0.0100563 0.182668 0.00060299 0.00167506 0.00037607
-0.0681499 0.003313 0.225674 3.544e-05 0.00201202 0.00036389
-0.0596567 0.107541 0.218523 -0.00035552 0.00177897 0.00051407
-0.0569191 0.107616 0.22488 -0.00044324 0.00178114 0.0005142
-0.0541934 0.0583894 0.243057 -0.00044093 0.00181774 0.00049552
-0.063845 0.00510969 0.190911 0.00049002 0.00208975 0.00037607
-0.061269 0.0125259 0.220202 -9.196e-05 0.00184289 0.00054441
-0.042383 0.150494 0.252359 -0.00079303 0.00195729 0.00058449
-0.042261 0.149703 0.224808 -0.00100141 0.00224137 0.00053171
-0.051718 0.06434 0.245352 -0.00079981 0.0019926 0.00047114
-0.0651144 0.00637782 0.111976 0.00105962 0.00184179 0.00037607
-0.0421427 0.00692823 0.143548 0.00022792 0.00235349 0.00055271
-0.0422681 0.121841 0.209393 -0.00062167 0.00216494 0.00056297
-0.0559607 0.0224446 0.182498 0.00011922 0.00213995 0.00054879
-0.0523952 0.013395 0.198706 -0.00036345 0.00228878 0.00052504
-0.0479037 0.0634736 0.209095 -0.00032852 0.00203489 0.00059264
-0.0533254 0.130263 0.198107 -0.00078872 0.00191741 0.00059273
-0.0658667 0.0343988 0.231666 -0.00069965 0.00175341 0.00031769
-0.061791 0.0117027 0.156277 0.00052863 0.00196583 0.00054521
-0.0335847 0.0650758 0.180557 -0.00088154 0.00252472 0.00046167
-0.0297435 0.025694 0.203213 -0.0001607 0.00255129 0.00030611
-0.0438775 0.0420602 0.134696 0.00015448 0.00240907 0.00062461
-0.0315294 0.0104269 0.130497 0.00022963 0.00263702 0.00033794
-0.0162823 0.142223 0.177853 -0.0007355 0.00261358 0.00051143
-0.0279683 0.0671142 0.167751 -0.00033189 0.00230279 0.00033055
-0.0152274 0.0304582 0.20665 -0.00061575 0.00239607 0.00055602
0.00062561 0.0517481 0.164036 -0.00061126 0.00209858 0.00043933
0.0123415 0.0976279 0.146495 -0.00095532 0.00186753 0.00037486
0.0273373 0.0711923 0.172563 -0.00120403 0.00285574 0.00037467
0.0444969 0.208276 0.209093 -0.00208727 0.00318497 0.00071642
0.0349772 0.275733 0.230753 -0.00282515 0.00310003 0.00088761
0.016086 0.200146 0.287164 -0.00345167 0.0032714 0.00070725
-0.00728378 0.0688812 0.289141 -0.00182134 0.00306325 0.00051378
0.0045856 0.0737327 0.200482 -0.00177791 0.00330752 0.00041654
0.0287812 0.183959 0.323753 -0.00305635 0.00319482 0.00070799
0.0314762 0.223068 0.303593 -0.00371873 0.00335314 0.00092566
0.0325761 0.155192 0.302367 -0.00323188 0.00303119 0.00099028
0.0151837 0.162547 0.150328 -0.00192252 0.00320138 0.00052048
0.037904 0.225415 0.137561 -0.00161588 0.00352838 0.00075963
0.035589 0.194133 0.202809 -0.00187388 0.00365568 0.00083841
0.0244129 0.262234 0.299996 -0.00328583 0.00407812 0.00092146
0.0160257 0.126637 0.310799 -0.00256399 0.0040624 0.00071997
0.0164575 0.0697328 0.280643 -0.00212953 0.00398045 0.00060436
0.019144 0.127045 0.32406 -0.00263867 0.00400982 0.00067488
-0.00860262 0.129626 0.25849 -0.00174672 0.00318122 0.0005235
0.0066822 0.0996853 0.279293 -0.00195188 0.0030226 0.00060436
0.0200174 0.133691 0.295054 -0.00219771 0.00324485 0.00060436
0.0268185 0.24121 0.311915 -0.00303213 0.00382361 0.00060436
0.0126184 0.120661 0.29721 -0.00240181 0.00405582 0.00067794
0.0401275 0.148054 0.31647 -0.00237498 0.00407209 0.00078815
0.0303918 0.125285 0.348375 -0.00209822 0.00394049 0.00060436
0.0324004 0.192091 0.34612 -0.00250195 0.00381926 0.00060436
0.0437267 0.0884594 0.365544 -0.00199142 0.00384493 0.000683
0.0270349 0.0176296 0.282898 -0.00054907 0.00362569 0.00060436
0.043154 0.0828978 0.288876 -0.00113846 0.00389896 0.00060436
0.0357652 0.17247 0.345943 -0.00200636 0.0039016 0.00080171
0.0177201 0.0984526 0.375589 -0.0017473 0.00351936 0.00060436
0.0135986 0.0380632 0.423096 -0.00126824 0.00373904 0.00055149
-0.0165232 0.0861041 0.340816 -0.0007831 0.00318548 0.00049368
0.0004734 0.0453584 0.338133 -0.00093233 0.00348136 0.00030326
-0.00463822 0.136116 0.386225 -0.00206255 0.00352441 0.0005768
0.00312158 0.261145 0.333327 -0.00224918 0.00327552 0.00060004
0.00041091 0.137864 0.34635 -0.00237924 0.0031991 0.0007339
0.0211815 0.0833507 0.295943 -0.00215488 0.00291634 0.00046979
0.0261039 -0.00471811 0.337783 -0.00175786 0.00342587 0.00064856
0.0199292 -0.00128952 0.307193 -0.00080457 0.00383496 0.00063366
0.0380759 0.14463 0.319519 -0.00174007 0.00384226 0.00089678
0.0463636 0.329996 0.309197 -0.00230407 0.00439466 0.00102677
0.0380637 0.219577 0.300586 -0.00255505 0.00429998 0.00104944
0.0425747 0.164128 0.283972 -0.00251986 0.00395716 0.00104944
0.0413562 0.133325 0.251817 -0.00216947 0.00373669 0.00074169
0.0407112 0.169815 0.314255 -0.00259931 0.00392004 0.00104944
0.0509082 0.206947 0.288771 -0.00289008 0.00405594 0.00104944
0.049392 0.120845 0.288981 -0.00221032 0.00429293 0.00104944
0.0487112 0.0977884 0.306702 -0.00139574 0.0039897 0.00072941
0.0526394 0.127543 0.30681 -0.00114405 0.00434585 0.00091606
0.0572547 0.120446 0.318671 -0.00145064 0.00454705 0.00095281
0.0664588 0.161226 0.355583 -0.00247743 0.00486113 0.00108374
0.0645822 0.274485 0.379708 -0.00339934 0.00512405 0.00112492
0.0622648 0.200064 0.34887 -0.00331568 0.00485187 0.00117265
0.0627055 0.0951546 0.34529 -0.00253134 0.00455821 0.00103099
0.0485005 0.113246 0.36894 -0.00251431 0.00467276 0.00083912
0.0539437 0.215616 0.378406 -0.00330996 0.0049674 0.00109002
0.0545185 0.105706 0.354925 -0.00239998 0.00453315 0.00097026
0.0291738 0.0678521 0.36158 -0.00199866 0.00392039 0.00090067
0.0236628 0.206639 0.367003 -0.00256585 0.00352823 0.00079842
0.022918 0.119633 0.35397 -0.00207628 0.00345723 0.00062804
0.0381866 0.109424 0.366191 -0.00160405 0.00373969 0.00077549
0.0535603 0.213841 0.389451 -0.00214008 0.00401343 0.00110147
0.0676289 0.120656 0.402324 -0.00240045 0.0043318 0.00119981
0.104644 0.145892 0.349553 -0.00211614 0.00487098 0.00178487
0.0978603 0.181016 0.245961 -0.00191776 0.00426168 0.00168827
0.0963274 0.150566 0.264766 -0.00240043 0.00426539 0.00152457
0.089983 0.29049 0.368359 -0.00343211 0.00493039 0.00198985
0.0391967 0.153081 0.223568 -0.00190423 0.00395695 0.0010724
0.0437933 0.122329 0.214283 -0.00219988 0.00334791 0.0008973
0.0507809 0.124688 0.269081 -0.00200142 0.00367518 0.00093594
0.0456331 0.254666 0.300614 -0.00247611 0.00430676 0.0010724
0.0459038 0.160567 0.349586 -0.00260845 0.00442416 0.0010724
0.0246327 0.100336 0.281605 -0.00202983 0.00424308 0.00089225
0.0351358 0.172264 0.217099 -0.0023566 0.00414056 0.00114997
0.0308025 0.136897 0.24173 -0.00208776 0.00421729 0.0010724
0.0231847 0.310416 0.323837 -0.00271886 0.00432667 0.0010724
0.0154169 0.240934 0.221819 -0.0014602 0.00398908 0.00098273
0.0341422 0.176758 0.173246 -0.00155786 0.00351971 0.0010724
0.0373799 0.120503 0.254439 -0.00166777 0.00386748 0.0010724
0.0357026 0.251386 0.326948 -0.00285605 0.00423803 0.0010724
0.00634748 0.0766926 0.182157 -0.00031436 0.00356239 0.00080713
0.0270693 0.109096 0.134463 -0.00090649 0.00327546 0.0010724
0.0458401 0.0637727 0.0697776 -0.00041333 0.00310868 0.0010724
0.0486116 0.16105 0.030856 -0.00045567 0.00269371 0.00123978
0.0520132 0.15158 0.0486582 -0.00042203 0.00284083 0.00130345
0.0312948 0.194532 0.0243092 -0.00050111 0.0024392 0.0010724
0.0443473 0.220475 0.0805508 -0.00181223 0.00293624 0.0010724
0.0547455 0.338553 0.152368 -0.00203023 0.00345601 0.0016071
0.0282902 0.328242 0.182122 -0.00271984 0.00369718 0.00172986
0.0254562 0.195548 0.191573 -0.00288333 0.00388211 0.00151739
0.017301 0.0715629 0.118935 -0.00137294 0.00342648 0.0010724
0.0316472 0.110489 0.122873 -0.00188983 0.00351748 0.00125755
0.0387382 0.163221 0.206022 -0.00246364 0.00412819 0.00155341
0.0307892 0.247316 0.21501 -0.00280911 0.00415246 0.0018458
0.0408619 0.164506 0.164419 -0.00174728 0.00415209 0.00145153
0.0499571 0.19422 0.167656 -0.002314 0.00421397 0.00150504
0.0577176 0.312054 0.222059 -0.00270545 0.00431612 0.00179194
0.0260617 0.266168 0.11886 -0.00206928 0.00319532 0.0010037
0.0344052 0.251756 0.122679 -0.00222282 0.00320384 0.00135376
0.0327973 0.17556 0.182757 -0.00234084 0.00378068 0.00135376
0.0203033 0.256114 0.198969 -0.00259569 0.0038707 0.00135376
-0.00271922 0.131128 0.113088 -0.00107232 0.00351748 0.00104037
0.0128464 0.124761 0.151046 -0.00224728 0.00351748 0.00104207
0.0103528 0.17697 0.224754 -0.00201892 0.00390012 0.0011877
6.055e-05 0.152448 0.140792 -0.00135168 0.00357089 0.00092515
0.0208108 0.170761 0.20638 -0.00267036 0.00372109 0.0010031
0.0144572 0.332347 0.205064 -0.00211147 0.00398188 0.00116422
0.0164858 0.252263 0.187444 -0.00222006 0.0040337 0.00126842
0.0113532 0.138461 0.186177 -0.00168851 0.00388451 0.00103559
0.0110858 0.203111 0.0838989 -0.00119255 0.00351749 0.00144116
0.0173478 0.213986 0.076807 -0.00173208 0.00372296 0.00151693
0.0166572 0.327813 0.112075 -0.00209928 0.0038331 0.00152906
-0.00300265 0.234775 0.0801481 -0.00171527 0.00326749 0.00135782
0.00651253 0.177844 0.128728 -0.00234758 0.00324297 0.00103559
0.00222861 0.186222 0.20881 -0.00259831 0.00343949 0.00096325
-0.00240531 0.157014 0.11746 -0.00168271 0.00342105 0.00103559
0.0032215 0.14646 0.13819 -0.00214167 0.00364133 0.00103559
0.0106972 0.250176 0.220883 -0.00280498 0.00429013 0.00103559
-0.00110459 0.248429 0.237541 -0.0027609 0.00425208 0.00103559
-0.00926759 0.170882 0.12898 -0.00110743 0.00382141 0.00085185
0.00514187 0.181387 0.171854 -0.00240116 0.00401617 0.00121452
0.0203168 0.277041 0.247241 -0.00270116 0.00452729 0.0014334
0.0139582 0.222725 0.273458 -0.00267878 0.00464544 0.00109107
-0.00804148 0.13799 0.170131 -0.0019168 0.00378501 0.00110197
0.0165375 0.201801 0.230378 -0.00250232 0.00358965 0.00149508
0.0216205 0.255617 0.244701 -0.00288973 0.00354185 0.00164173
-0.00281819 0.253611 0.133764 -0.00185903 0.0028661 0.00140283
0.0155725 0.212296 0.0500989 -0.0014826 0.00318634 0.00157869
0.0321752 0.283159 0.141343 -0.00245282 0.00381964 0.00194733
0.0289032 0.315242 0.205719 -0.00305527 0.00440759 0.00185583
0.0189301 0.161957 0.186951 -0.00238371 0.0042337 0.00149508
0.0171606 0.152913 0.130378 -0.00224876 0.00426568 0.00124508
0.0138798 0.251241 0.231402 -0.00260896 0.00445667 0.00149508
0.00228836 0.274076 0.270726 -0.00269537 0.00467945 0.00136446
-0.0086646 0.189478 0.321723 -0.00296524 0.00499323 0.00107051
-0.0111776 0.149414 0.288624 -0.00145005 0.00415198 0.00094519
-0.0143779 0.151963 0.257966 -0.00236839 0.00422354 0.00103336
-0.0159997 0.257966 0.284416 -0.00225234 0.00400276 0.00110875
-0.0287221 0.261126 0.204225 -0.00107787 0.0037186 0.00109385
-0.0291459 0.180543 0.123837 -0.00094381 0.0034207 0.00110633
-0.0290355 0.152292 0.203753 -0.00128927 0.0039434 0.00117851
-0.0316591 0.257251 0.279837 -0.00234713 0.00406889 0.00111709
-0.049373 0.089688 0.141495 -0.00021133 0.00325953 0.00101884
-0.0466966 0.125002 0.121608 -0.0004194 0.0030605 0.0012601
-0.0547001 0.181374 0.215847 -0.00086759 0.00313776 0.00131463
-0.0527883 0.138006 0.0897505 0.00011177 0.00301317 0.00143145
-0.0311856 0.175596 0.12581 -0.00072208 0.00313776 0.00161325
-0.0367253 0.195254 0.236331 -0.00118155 0.00380333 0.00160617
-0.0469419 0.195445 0.286433 -0.00140547 0.0043134 0.00137497
-0.0392179 0.107403 0.284904 -0.00111701 0.0042817 0.00134248
-0.0510836 0.0918604 0.211554 -0.00033593 0.00382886 0.00134248
-0.0318946 0.16361 0.163852 -0.00078444 0.00364524 0.00134248
-0.0379865 0.217371 0.233819 -0.00082159 0.00424897 0.00134248
-0.0476644 0.207749 0.279564 -0.00129832 0.00449265 0.00150007
-0.0387101 0.0680058 0.312058 -0.00098495 0.00476327 0.00145192
-0.0396104 0.105049 0.109953 0.0003366 0.0034808 0.00134248
-0.0179914 0.153914 0.0933394 -4.653e-05 0.0039013 0.00190846
-0.0258448 0.117901 0.1411 -0.00012634 0.0044122 0.00174628
-0.0311318 0.268338 0.251531 -0.00107758 0.00503429 0.00175498
-0.0458343 0.176494 0.307779 -0.00111941 0.00497964 0.00171401
-0.0666264 0.075981 0.219096 -0.00043119 0.00458916 0.00134248
-0.0597981 0.0961244 0.147854 -0.00019456 0.00342329 0.00134248
-0.0513305 0.186075 0.240517 0.00016221 0.00444689 0.00134248
-0.06326 0.100795 0.194948 0.00055636 0.00426087 0.00118582
-0.0550979 0.0701011 0.153153 0.00024001 0.00397914 0.00134248
-0.0424361 0.121348 0.258014 -0.00027223 0.0047426 0.00157145
-0.0345955 0.241677 0.375881 -0.00104104 0.00521183 0.00151504
-0.0273083 0.157756 0.40204 -0.00128091 0.00551977 0.00140371
-0.0410274 0.0335448 0.331443 -0.0002461 0.0048913 0.00134248
-0.0119738 0.0401127 0.279399 -0.00023684 0.00525636 0.00164565
-0.0308098 0.124132 0.337546 -0.00038358 0.00535493 0.00164338
-0.0516019 0.218923 0.362693 -0.00093874 0.00547869 0.00145687
-0.0598251 0.0970788 0.292741 -0.0002345 0.00479421 0.00110902
-0.0454317 0.113665 0.245181 -0.00025254 0.00447606 0.00139341
-0.0321878 0.212353 0.348039 -0.00114894 0.00531649 0.00154419
-0.0454551 0.18288 0.329182 -0.00099703 0.00521315 0.00119161
-0.04058 0.112292 0.232728 -0.00056128 0.00477358 0.00146477
-0.0346074 0.129178 0.27101 -0.00066188 0.00540782 0.00169813
-0.0314867 0.1149 0.232049 -0.0004335 0.00497252 0.00174568
-0.0322386 0.0661063 0.241978 -0.00033369 0.0050658 0.00163381
-0.0385923 0.150154 0.344263 -0.00052233 0.0051457 0.00163437
-0.0368016 0.0756132 0.20242 0.00079483 0.00442331 0.00164994
-0.00671359 0.102474 0.156806 0.00054566 0.00487474 0.00184028
-0.0233158 0.135334 0.282019 0.00080156 0.00561995 0.00186032
-0.0292994 0.123725 0.327009 0.00045512 0.00556337 0.00166513
-0.0313128 0.0733861 0.366837 -4.57e-06 0.00532021 0.00166941
-0.0395666 0.0260234 0.242744 0.00194927 0.00474138 0.00132895
-0.0023972 0.138337 0.239835 0.0013006 0.00525004 0.00191996
0.00699838 0.248144 0.293956 0.00050463 0.00557981 0.00233178
-0.00182034 0.103552 0.314656 0.00014898 0.00557981 0.00224398
-0.0196012 0.0340853 0.244098 0.0012081 0.00499512 0.00182388
-0.00617867 0.0656377 0.194862 0.00121914 0.00495443 0.00224398
-0.00923968 0.0580259 0.267898 0.00105035 0.00529572 0.00224398
-0.0235339 0.113138 0.106564 0.00220014 0.00466792 0.00224398
-0.00914918 0.0978343 0.123228 0.00153359 0.00453028 0.00224398
-0.0115693 0.14028 0.238963 0.00137198 0.00472418 0.00224398
-0.0113873 0.1697 0.254343 0.00092537 0.00529321 0.00219345
-0.010089 0.0425546 0.226305 0.00152879 0.00483435 0.00171407
-0.0275726 0.037986 0.276915 0.00104547 0.00483435 0.00156753
-0.00033659 0.169134 0.276943 0.00028242 0.00485069 0.00186887
-0.00469752 0.270795 0.25457 0.00010897 0.00489355 0.00226744
-0.00650582 0.100353 0.266434 0.00021298 0.00475352 0.00216028
-0.0217768 0.0298645 0.146324 0.00186013 0.00407648 0.00204214
-0.0115822 0.0848128 0.127808 0.00157614 0.00384919 0.00226206
-0.0315141 0.169286 0.216441 0.00159752 0.00360491 0.00197416
-0.0296874 0.0685038 0.253368 0.00145511 0.00368356 0.00208225
-0.0435536 0.0575315 0.196534 0.00132153 0.00370991 0.00162882
-0.0195043 0.132817 0.201197 0.00071427 0.00413396 0.00222131
-0.0262833 0.2523 0.294528 0.00019537 0.00467828 0.00238636
-0.0434052 0.134874 0.341827 0.00011968 0.00434767 0.0020881
-0.0488801 0.0431935 0.35606 0.00083841 0.0048152 0.00184623
-0.0512931 0.0438506 0.304808 0.00087622 0.00428827 0.00185701
-0.0547551 0.115176 0.309795 0.00098451 0.00438104 0.00198262
-0.0702004 0.0614923 0.301185 0.0016615 0.00309762 0.00162882
-0.0671734 0.0797287 0.288639 0.00137303 0.00153524 0.00103745
-0.0970811 0.217434 0.311339 0.00070886 0.00078323 0.00141176
-0.102882 0.328121 0.237566 -0.00146791 0.00118009 0.00197128
-0.17756 0.353443 0.134629 -0.00218375 -2.842e-05 0.00203222
-0.250864 0.389941 0.0428071 -0.00131446 -0.00125314 0.00197128
-0.261955 0.39103 0.0800153 -0.00158617 -0.00095053 0.00184845
-0.244933 0.382186 0.0586635 -0.00187759 -0.00089 0.00165484
-0.264172 0.313228 0.00140901 -0.00134706 -0.0015352 0.00100723
-0.280533 0.361166 -0.0619261 -0.0017227 -0.00341413 0.00064313
-0.240944 0.378256 -0.0182624 -0.0014492 -0.00183344 0.00092771
-0.203898 0.300742 0.0194477 -0.0007366 -0.00062463 0.00123664
-0.174237 0.387007 0.0535414 -0.00105766 0.00071548 0.00195353
-0.175682 0.361929 0.0557524 -0.00109173 0.00123503 0.00200625
-0.163267 0.200903 0.0536539 -0.00091673 0.00138143 0.00203277
-0.138571 0.0739662 0.0299854 -0.00010524 0.00096779 0.00196828
-0.0947151 0.0850494 0.0101473 6.617e-05 0.0005376 0.00199044
-0.080905 0.225634 -0.0382067 0.0006475 0.00082854 0.0020319
-0.0860078 0.310155 -0.0630515 0.00081384 0.00086949 0.00213916
-0.100044 0.455272 0.00364826 2.308e-05 0.0007502 0.00218253
-0.0951315 0.364052 0.00224564 2.308e-05 0.00098687 0.00233618
-0.0835122 0.270181 0.0126171 0.0004055 0.00119636 0.00208775
-0.087782 0.243636 0.0204169 6.501e-05 0.001211 0.00218691
-0.081108 0.229252 -0.229318 0.00150896 0.00198917 0.00230239
-0.075952 0.240955 -0.279427 0.00219695 0.0020226 0.00237192
-0.0838239 0.306724 -0.0847462 0.00067661 0.00228715 0.00230409
-0.0990438 0.290262 -0.00965761 0.00020974 0.0020226 0.00214417
-0.0923427 0.177753 -0.0875165 0.00205664 0.00264514 0.00213812
-0.0728821 0.190574 -0.175141 0.00154957 0.00293389 0.00252871
-0.0704812 0.178002 -0.166413 0.00186735 0.00306464 0.00254631
-0.0787085 0.340389 -0.0622807 0.00116205 0.00290653 0.00248545
-0.0888703 0.394591 -0.0194406 0.0006559 0.0026819 0.00237231
-0.0878977 0.270074 -0.126197 0.00167578 0.00319701 0.00245496
-0.0713486 0.283392 -0.183433 0.00223714 0.00326294 0.00262383
-0.074655 0.270182 -0.0940455 0.00198231 0.00346256 0.00255064
-0.0819709 0.296336 -0.241125 0.00279016 0.0030942 0.00238539
-0.0750047 0.259278 -0.227824 0.00235794 0.00330899 0.0024745
-0.0661124 0.265361 -0.130709 0.00200363 0.00372227 0.00261306
-0.0689183 0.322022 -0.0791165 0.00100709 0.00378578 0.00272805
-0.0685573 0.228106 -0.0471252 0.00096342 0.00363221 0.00264061
-0.088169 0.186021 -0.201186 0.00221559 0.00360208 0.00246779
-0.0932161 0.243512 -0.216628 0.00211971 0.00325961 0.00245905
-0.0828264 0.355048 -0.0904365 0.00161787 0.00360605 0.00244562
-0.0878747 0.335134 -0.0565127 0.00089697 0.00337953 0.00249446
-0.0682866 0.244718 -0.245382 0.00343125 0.00359636 0.00268351
-0.0442082 0.289824 -0.216472 0.00204935 0.00405615 0.0030066
-0.0429906 0.349215 -0.0883644 0.00092599 0.00385941 0.0032009
-0.0522135 0.379893 -0.0668355 0.00056148 0.00373125 0.00303052
-0.0455407 0.227771 -0.0377402 0.00052808 0.00380567 0.00301244
-0.0466195 0.184321 -0.0824414 0.00161459 0.00394556 0.00298607
-0.0282415 0.234002 -0.155852 0.00199347 0.00444254 0.00324453
-0.0241546 0.324577 -0.0787268 0.00135577 0.00454464 0.00332528
-0.0342538 0.264127 -0.0461209 0.00100175 0.00433357 0.00322255
-0.0512055 0.192846 -0.0381666 0.0015488 0.00390627 0.00285414
-0.0393371 0.288481 -0.0905398 0.00214733 0.00391989 0.00291937
-0.0194036 0.450931 -0.0356754 0.00113285 0.0044483 0.00320487
-0.0305927 0.324992 -0.028694 0.00112271 0.0039911 0.00312844
-0.0510424 0.212473 0.00909167 0.00097255 0.00416876 0.0029948
-0.064491 0.165223 -0.088447 0.00249892 0.00411117 0.00272992
-0.046773 0.11938 -0.081327 0.00239858 0.00432746 0.0030601
-0.060043 0.210821 0.00134764 0.00173787 0.00462078 0.00301864
-0.0716283 0.210672 0.0212077 0.00196066 0.00399689 0.00287992
-0.0699048 0.180123 -0.04715 0.00205497 0.00417902 0.00258434
-0.052207 0.300392 -0.0080089 0.00185959 0.00454539 0.00306679
-0.0585052 0.392598 0.0327702 0.00143682 0.00465434 0.00310648
-0.0653711 0.244607 -0.00908181 0.00188449 0.00453471 0.00296814
-0.0441404 0.177534 -0.0507621 0.00230043 0.00475138 0.00322384
-0.0475556 0.200241 -0.00179884 0.00192318 0.00479453 0.00315121
-0.0708511 0.220544 -0.0804439 0.00311017 0.00439052 0.00305187
-0.0648993 0.145128 -0.0784918 0.00314788 0.00483978 0.00301389
-0.0589279 0.196049 0.0223215 0.0031619 0.00474791 0.0029002
-0.0690126 0.231002 -0.0409274 0.00362042 0.00461201 0.00288259
-0.0532422 0.140808 -0.0549287 0.00321987 0.00502995 0.00309632
-0.0586476 0.230377 -0.0379106 0.00390928 0.00477712 0.00308975
-0.0771026 0.315 0.0290653 0.00250623 0.00469042 0.00290863
-0.0721202 0.180599 -0.0587852 0.00397493 0.00457505 0.00285366
-0.0679365 0.154578 -0.0501933 0.00306229 0.00401484 0.00293229
-0.0646268 0.175715 -0.0187732 0.00307653 0.00447025 0.00301911
-0.075556 0.282802 0.0418139 0.00252433 0.00432779 0.00303715
-0.0839219 0.17397 0.0710593 0.00243882 0.00412883 0.00290876
-0.0872823 0.112681 -0.00305776 0.00277799 0.00412884 0.00246858
-0.0653636 0.175295 -0.0315532 0.00269387 0.00424252 0.00282412
-0.0589729 0.260008 0.0416731 0.00248519 0.00412884 0.00288159
-0.0573672 0.235638 0.0370312 0.00248511 0.00448396 0.0030407
-0.067141 0.259854 0.0214359 0.00265141 0.00426685 0.00282651
-0.0681916 0.259823 -0.0940691 0.00266346 0.00384508 0.00246858
-0.0596175 0.182202 -0.0744112 0.00309483 0.00406204 0.00280707
-0.0601122 0.280788 0.0247149 0.00260951 0.00414432 0.0028512
-0.0637864 0.157966 0.0393637 0.00244465 0.00425409 0.00267267
-0.0712105 0.118527 -0.0395869 0.00344589 0.00390408 0.00279365
-0.0539625 0.202699 -0.00249112 0.00228346 0.00418051 0.00275169
-0.0454375 0.334208 0.0197179 0.00195632 0.0042688 0.00307029
-0.0435498 0.272326 0.0199932 0.00164235 0.00416256 0.00332242
-0.0437475 0.186927 -0.047536 0.00310126 0.00433183 0.00309568
-0.0227221 0.179668 -0.0575595 0.00253344 0.00433183 0.00338414
-0.0221078 0.291209 0.0210661 0.00198292 0.00433183 0.00350596
-0.0227199 0.287326 0.0643147 0.00180701 0.00433183 0.00352536
-0.0322155 0.181653 0.0838195 0.00188026 0.00426086 0.00323462
-0.0409566 0.110363 0.0262018 0.00298063 0.00434196 0.00305475
-0.0224934 0.201688 -0.00110936 0.00201517 0.00450826 0.00330159
-0.0274483 0.312342 0.0675139 0.0018975 0.00436372 0.00323463
-0.0243398 0.250004 0.0803003 0.0020145 0.00437437 0.00323463
-0.037637 0.137008 0.0799887 0.0025473 0.00435632 0.00302049
-0.030923 0.163287 -0.0638509 0.00378566 0.00445841 0.00332854
-0.0125697 0.274233 -0.0249611 0.00243589 0.00479694 0.00334621
-0.0044874 0.354575 0.0729266 0.00175461 0.0047185 0.0037431
-0.0252429 0.254578 0.0283755 0.00184521 0.00409978 0.00337291
-0.0234486 0.224907 -0.0734431 0.00335931 0.0045085 0.00329115
-0.0257047 0.167933 0.0107116 0.00252287 0.00467985 0.00318364
-0.0404006 0.249649 -0.119181 0.00390583 0.00414782 0.00323358
-0.0284087 0.24524 -0.150086 0.00316037 0.00384225 0.00309907
-0.0269416 0.287358 -0.0476524 0.00241607 0.00401933 0.00317281
-0.044654 0.237192 -0.0459022 0.00245784 0.00384225 0.00304468
-0.0388607 0.204332 -0.0178887 0.00175765 0.00384225 0.00290858
-0.0359822 0.241146 0.0249707 0.0020495 0.00384225 0.00285444
-0.058507 0.264132 -0.173193 0.00469368 0.00401144 0.00298229
-0.0680537 0.18911 -0.127461 0.00326478 0.00348298 0.00268452
-0.0472359 0.232071 -0.0158803 0.00211006 0.00384225 0.00268452
-0.0518726 0.245613 0.0311634 0.00162414 0.00372518 0.00277834
-0.0578165 0.113595 -0.0302327 0.00310488 0.00412547 0.00268452
-0.0513995 0.182651 0.00694461 0.00274188 0.00399522 0.00268452
-0.0559541 0.288585 0.0141287 0.00296211 0.00404121 0.00279453
-0.0730352 0.210398 0.0218835 0.00290229 0.00392588 0.00271654
-0.0891736 0.134386 -0.165211 0.00617144 0.0037354 0.00250355
-0.0748567 0.175517 -0.0950578 0.00428334 0.00323608 0.00255578
-0.0518768 0.259524 0.0320392 0.00312092 0.00344886 0.00267438
-0.0644566 0.249562 0.0322341 0.00303244 0.00341097 0.00276439
-0.0835017 0.117325 -0.0251991 0.00465677 0.00346071 0.0025954
-0.064561 0.136487 -0.00759181 0.00389477 0.00356199 0.0025995
-0.0659589 0.216165 0.0437858 0.0032223 0.00341303 0.00252955
-0.107587 0.12525 -0.0467708 0.00512325 0.0034022 0.00266417
-0.0975982 0.140853 -0.00951805 0.00458226 0.00332417 0.00278105
-0.0953052 0.155301 0.00481104 0.00486153 0.00336858 0.00266587
-0.0748247 0.184965 0.0107293 0.00473299 0.00389275 0.00264407
-0.0727517 0.101855 0.0444873 0.00524208 0.00402847 0.00261494
-0.0554115 0.071244 -0.0416238 0.00562916 0.00419626 0.00272945
-0.0625131 0.154678 0.00599005 0.00461589 0.00380994 0.00271176
-0.0730266 0.254713 0.0632803 0.00394535 0.00385815 0.00283784
-0.0570136 0.213292 0.0628912 0.00409495 0.00378633 0.00277161
-0.0472725 0.08371 0.0201197 0.00431092 0.00362707 0.00274269
-0.0499438 0.0257766 0.0184602 0.00512063 0.0044674 0.00272464
-0.0434912 0.161538 0.0892161 0.00408509 0.00442605 0.00303185
-0.0565014 0.143719 0.0109058 0.0058266 0.00416776 0.00292639
-0.0392362 0.139112 0.0262574 0.00520216 0.0044839 0.00305361
-0.051267 0.238944 0.0672845 0.00479864 0.00434383 0.00290214
-0.0509164 0.284544 0.0679867 0.00426427 0.00434383 0.00311027
-0.0617826 0.133672 0.0963862 0.00406159 0.00434383 0.00287915
-0.0578641 0.0680132 0.0792544 0.00466512 0.00434383 0.00260124
-0.0508708 0.0934977 0.032917 0.00453102 0.00395395 0.00267409
-0.0445854 0.20336 0.0547958 0.00513542 0.00429368 0.00293041
-0.0573611 0.145767 0.0892803 0.00451294 0.00444209 0.00290203
-0.059442 0.0813508 0.105794 0.00462264 0.00437868 0.00262822
-0.054614 0.0856331 0.0772954 0.00473212 0.00420587 0.00269821
-0.0411646 0.0852117 0.0371796 0.00511276 0.00414288 0.00298679
-0.0181921 0.167395 0.0503295 0.00490269 0.00396314 0.00318354
-0.0155917 0.217164 0.0756075 0.00453617 0.00396314 0.00317512
-0.0414625 0.312908 0.0283797 0.0048905 0.00349582 0.00289504
-0.0240699 0.202468 0.00297907 0.0040417 0.00338206 0.00297671
-0.0243674 0.123262 0.0222611 0.00457898 0.00349582 0.00288692
-0.0247556 0.200654 -0.0273449 0.00523341 0.00367965 0.00297467
-0.00263671 0.154639 -0.036582 0.00460585 0.00309008 0.00306466
0.026545 0.154593 0.0520678 0.00465443 0.00349582 0.00332886
0.0106013 0.233812 0.116782 0.00413459 0.00361151 0.00335627
0.0100486 0.100613 0.167986 0.00389335 0.00379898 0.00313603
-0.00409155 0.0543448 0.0734877 0.00582349 0.00375378 0.0028011
0.0209565 0.0938417 0.0901774 0.00476507 0.00449663 0.00299753
0.0227285 0.230169 0.155892 0.00505956 0.00381835 0.00328511
0.0157126 0.18748 0.126776 0.00492204 0.00372088 0.00325047
0.00911871 0.139623 0.0828908 0.00533364 0.00388611 0.00323697
0.0111723 0.244525 0.167643 0.00474457 0.00387406 0.0033437
0.0228247 0.245004 0.167633 0.00394009 0.00392701 0.00362857
0.00041715 0.0876106 0.193916 0.00491403 0.00344137 0.00306015
-0.00663529 0.0748114 0.178428 0.00632277 0.00388466 0.00319613
0.00171257 0.0967701 0.172988 0.00511821 0.00373006 0.00330117
0.0238041 0.193728 0.197242 0.00549253 0.00437113 0.00379355
0.0298842 0.173161 0.182895 0.00448346 0.00426581 0.00383927
0.0100739 0.106449 0.183884 0.00522706 0.00389356 0.00330117
-0.00709253 0.15486 0.20839 0.00571016 0.00428361 0.00330117
0.00775341 0.120452 0.171841 0.00535682 0.00409881 0.00349449
0.00714825 0.180983 0.254213 0.00572555 0.00431641 0.00330117
0.00322345 0.250296 0.213563 0.00547124 0.00354879 0.00330117
0.0183781 0.0778899 0.230559 0.00573062 0.00426806 0.00330117
0.0171798 0.0776054 0.195101 0.0055538 0.00419331 0.00341558
-0.0124824 0.191119 0.247214 0.00494319 0.00323194 0.00318244
-0.0445639 0.152624 0.244246 0.00406324 0.0025212 0.00221695
-0.0353573 0.162742 0.230175 0.00421212 0.00357187 0.0024041
-0.0278159 0.254172 0.225797 0.00418113 0.00355827 0.00279025
-0.0176453 0.136352 0.175237 0.00404754 0.00331494 0.00285878
-0.0183773 0.189118 0.200025 0.00390539 0.00347525 0.00298157
-0.0288538 0.220958 0.184324 0.00473406 0.00380106 0.00274757
-0.0216032 0.095738 0.17021 0.00496045 0.00356874 0.00261825
-0.0203773 0.195323 0.229021 0.00412126 0.00323409 0.00283973
-0.0314904 0.156547 0.190456 0.00425004 0.00343065 0.00286292
-0.0223253 0.103325 0.170166 0.00530367 0.00352411 0.0028023
-0.0227139 0.224212 0.200194 0.00471502 0.00368629 0.0028083
-0.0200129 0.104529 0.188336 0.00500756 0.00349128 0.00288124
-0.0341187 0.164374 0.215366 0.00549059 0.00355146 0.00261825
-0.0394682 0.204349 0.167912 0.00585591 0.00320747 0.00279649
-0.0686123 0.141847 0.0744487 0.00624553 0.00291956 0.00271248
