0.0229654 0.129719 0.0654297 -0.0001202 -0.00040035 0.00067222
0.0100351 0.215931 0.120536 -0.00054888 -0.00063408 0.00082117
0.00682772 0.0843569 0.0843023 0.00012737 -0.00078135 0.00071075
0.0239869 0.146281 0.078716 0.00046303 -0.00045206 0.00082117
0.0133208 0.228205 0.147782 -0.00012503 -0.00044535 0.00082117
0.00939791 0.11532 0.127213 0.00033942 -0.00054301 0.00082117
0.0106285 0.163605 0.106635 0.0005957 -0.0004669 0.00082117
0.0254496 0.260036 0.150853 -0.00017674 -0.00044112 0.00100074
0.0267023 0.159677 0.130583 0.0004381 -0.00032065 0.00103645
0.0109254 0.149341 0.126058 0.00031993 -0.00040299 0.00082117
0.0020653 0.251045 0.169468 -0.00024348 -0.0004928 0.00082117
0.0149506 0.220044 0.168733 -0.00045887 -0.00044352 0.00097468
0.00872331 0.15484 0.14508 -0.00026831 -0.00037052 0.00082117
0.0116613 0.208791 0.173195 -0.00035174 -0.00045842 0.00082117
0.00924089 0.267512 0.182568 -0.00031448 -0.00039542 0.00097227
0.0230694 0.049115 0.0414491 0.00074475 0 0.00082117
0.0194417 0.0313717 -0.0485281 0.00056653 0.00065119 0.00082117
0.0257969 0.127237 -0.00389942 0.00050958 0.00054541 0.00113355
0.0361194 0.0261131 -0.0145949 0.00030007 0.00089075 0.00082117
0.0321061 0.0444897 -0.00671485 0.00032092 0.00082775 0.0008805
0.0242302 0.197196 0.0291985 0.00030746 0.00016531 0.00082117
0.0238867 0.0816864 0.0369891 0.00033034 -2.405e-05 0.00071541
0.0290824 0.0970903 0.0357063 0.00028465 -0.00037105 0.00091533
0.0132291 0.210887 0.100478 -0.00033947 -5.935e-05 0.0010681
0.0141337 0.0841435 0.0571115 0.00034047 -5.821e-05 0.00124827
0.0261212 0.106616 0.0816107 0.0002634 0.00034468 0.00082117
0.0267177 0.203333 0.124023 -3.062e-05 0.00053808 0.00082117
0.0205073 0.142365 0.105029 2.09e-06 2.246e-05 0.00088521
0.00342473 0.113256 0.0852371 7.201e-05 -0.00038306 0.00059147
-0.0119362 0.249829 0.137897 -0.00052838 -0.00015558 0.00056453
-0.0120167 0.132661 0.111846 -0.00017698 -6.055e-05 0.00031111
-0.0133819 0.171572 0.102982 0.00023578 -3.905e-05 0.00054988
-0.0113862 0.24101 0.166207 -0.00065586 -5.949e-05 0.00082117
-0.00956832 0.143558 0.132488 7.187e-05 -0.00043337 0.00082117
-0.0111543 0.204879 0.140085 0.00025913 -0.00028128 0.00082117
-0.0218424 0.216743 0.137178 0.00152855 -0.00041544 0.00059995
-0.00049132 0.0680345 0.0600349 0.00105178 -0.00018968 0.00036229
0.00613904 0.227815 0.11732 0.00092782 -0.0003075 0.00028474
0.00249798 0.244053 0.178533 4.916e-05 -0.00054538 0.00033814
0.0160164 0.155506 0.11563 -2.624e-05 -0.0004552 0.00026598
0.00173992 0.271851 0.168686 -0.00016472 -0.00073643 0.00047802
-0.00700222 0.169096 0.143796 0.00067437 -0.00079984 0.00033788
-0.00039671 0.191617 0.167853 0.00024012 -0.00073371 0.00051756
-0.00618554 0.278716 0.201006 8.912e-05 -0.00060962 0.00082117
0.00017007 0.180207 0.185722 0.00066695 -0.00047944 0.00082117
0.00778321 0.206024 0.159389 0.00109822 -0.00044481 0.00082117
0.00016483 0.242288 0.147584 0.0009152 -0.00040145 0.00082117
-0.00049135 0.148158 0.102497 0.00134822 -0.00052636 0.00039798
-0.00027974 0.195799 0.122161 0.00109822 -0.00080061 0.00060447
-0.0130412 0.26014 0.166736 0.00121267 -0.00095424 0.00066044
-0.0168625 0.15849 0.157919 0.00117687 -0.00106553 0.00053986
-0.0211123 0.230545 0.186065 0.00089919 -0.00107566 0.00082117
-0.0185207 0.237979 0.185835 0.00067718 -0.0010332 0.00082117
-0.030865 0.172337 0.168054 0.0013864 -0.00114347 0.0005924
-0.0415209 0.268141 0.206606 0.00102945 -0.00123569 0.00082117
-0.0476183 0.212072 0.192985 0.00149608 -0.00106769 0.00062079
-0.0518948 0.1999 0.210918 0.001439 -0.00103875 0.00042484
-0.0372172 0.317283 0.206177 0.00178459 -0.00076095 0.00108331
-0.0352238 0.158769 0.173946 0.00177802 -0.00105518 0.00054956
-0.0423969 0.214146 0.179292 0.00164238 -0.00096976 0.00033637
-0.0410914 0.291145 0.195198 0.00088568 -0.00098935 0.00060196
-0.0499948 0.131893 0.156081 0.00118321 -0.00136048 4.572e-05
-0.0612302 0.258841 0.206163 0.00053194 -0.00156886 0.00027595
-0.0664116 0.277831 0.209441 0.00074238 -0.00177113 0.00030255
-0.0534747 0.16196 0.17972 0.00113727 -0.0014756 0.00017021
-0.0690171 0.296029 0.225696 0.00116554 -0.00147926 0.00017021
-0.068599 0.229966 0.218789 0.00127568 -0.00159725 0.00017021
-0.0594248 0.283997 0.200826 0.0019019 -0.00127715 0.00050484
-0.0535312 0.234107 0.174403 0.00184377 -0.00104515 0.00025676
-0.0457019 0.19483 0.162686 0.00170204 -0.00104081 -7.63e-05
-0.0606127 0.302778 0.196895 0.0017803 -0.00131688 -8.288e-05
-0.0613237 0.185254 0.167685 0.00152727 -0.0015461 -0.00021854
-0.0553792 0.206923 0.158147 0.00152178 -0.00133417 -5.73e-05
-0.0651073 0.31685 0.219379 0.00154277 -0.00169832 5.693e-05
-0.075253 0.167856 0.151802 0.00151514 -0.00152774 -5.73e-05
-0.0698217 0.214343 0.186251 0.00189106 -0.00160743 -5.73e-05
-0.0567792 0.273919 0.193559 0.00172226 -0.00143811 0.00035008
-0.0477298 0.181872 0.182193 0.00189106 -0.00121617 -5.73e-05
-0.0545839 0.23689 0.173779 0.00184951 -0.00123323 -5.73e-05
-0.0567173 0.269681 0.183955 0.00198163 -0.001298 0.00019724
-0.0650069 0.173208 0.186443 0.00205324 -0.00142503 -5.73e-05
-0.0684124 0.245552 0.192274 0.00164106 -0.0017039 0.00019207
-0.0651411 0.137149 0.180839 0.00164106 -0.00205147 -5.73e-05
-0.0606836 0.193666 0.189455 0.00180745 -0.0019598 0.00011711
-0.060864 0.262082 0.1897 0.00164106 -0.00212787 0.00055156
-0.0596315 0.145362 0.187986 0.0017959 -0.00229741 0.00022994
-0.0662086 0.186299 0.183738 0.00180333 -0.00230806 -0.00014079
-0.0695595 0.256968 0.201207 0.0017042 -0.00228117 0.00039426
-0.0531162 0.114849 0.152604 0.00191895 -0.00187921 7.325e-05
-0.0490943 0.23337 0.166928 0.00186536 -0.00179118 0.00016933
-0.052504 0.339158 0.259329 0.00122428 -0.00238951 0.00039864
-0.0638678 0.30598 0.214985 0.00223831 -0.00151538 0.00039131
-0.0750675 0.0320817 0.125394 0.00180008 -0.00067962 -2.531e-05
-0.0891802 -0.0838656 0.0672762 0.00267989 -0.00079433 3.733e-05
-0.0714073 -0.00688898 0.0329973 0.00278449 -0.00100506 -0.00012539
-0.0786285 0.150404 0.0964553 0.0024741 -0.00125008 0.00040671
-0.0622286 0.142844 0.101154 0.00275546 -0.00121955 0.00026455
-0.0539286 0.23724 0.15924 0.00270436 -0.00125476 0.00038634
-0.0765977 0.272685 0.163252 0.0028605 -0.00150201 0.00023468
-0.0567843 0.18424 0.123888 0.00259297 -0.00110676 -3.121e-05
-0.056875 0.248994 0.143864 0.00260696 -0.00121009 0.00029548
-0.0580339 0.119668 0.146358 0.00264659 -0.00132067 0.00027188
-0.0564667 0.0664636 0.128627 0.00259166 -0.00140143 -1.859e-05
-0.0703647 0.0962187 0.149755 0.00265157 -0.00156262 3.992e-05
-0.0650679 0.0862404 0.159933 0.00274193 -0.00162177 -0.00010513
-0.059365 0.109084 0.180108 0.00337774 -0.00193985 0.00011671
-0.0524439 0.199004 0.195947 0.00310188 -0.00155997 0.00060955
-0.0426372 0.190402 0.195973 0.00307643 -0.00166106 0.00067921
-0.0469605 0.198908 0.195784 0.00321453 -0.00159151 0.00067353
-0.0431208 0.217949 0.174924 0.00352125 -0.00149516 0.00087166
-0.0245806 0.141127 0.103107 0.00296298 -0.00191749 0.00061069
-0.0245337 0.26945 0.22895 0.00270803 -0.00139915 0.00094909
-0.0180479 0.271624 0.292802 0.00278644 -0.00184129 0.00059227
-0.00889607 0.0498903 0.106945 0.00200106 -0.00179538 -0.00010985
0.009875 0.141112 0.0875774 0.0018006 -0.00160145 0.00052893
0.00055716 0.153796 0.103067 0.00214413 -0.00158881 0.00045052
0.0180414 0.0945089 0.0711814 0.00224255 -0.00153207 3.338e-05
0.0130577 0.236952 0.122826 0.00204314 -0.00132833 0.00025942
0.0296014 0.184349 0.155716 0.00260015 -0.00132833 0.00052893
0.019247 0.182411 0.149104 0.00268614 -0.00142344 0.00033792
0.00741183 0.25826 0.152659 0.00259631 -0.00132833 0.00045283
0.0239886 0.121497 0.080773 0.00239413 -0.00174893 0.00027673
0.0124124 0.204117 0.136603 0.00239413 -0.00149002 0.00037466
-0.00528577 0.139777 0.140978 0.00265503 -0.00150219 0.00036255
-0.0161254 0.156567 0.164102 0.00259646 -0.00132833 -4.19e-05
-0.00467729 0.149832 0.166312 0.00254706 -0.00169088 0.00018988
0.0091636 0.13286 0.16625 0.00261591 -0.00155749 0.00035047
-0.00158749 0.218023 0.172605 0.00270222 -0.00187969 0.00041609
0.0125263 0.153022 0.179805 0.00285095 -0.00205499 0.00052893
0.0102579 0.236829 0.202972 0.00306183 -0.00204835 0.00042965
-0.024193 0.177353 0.174478 0.00360422 -0.00226302 -0.00017187
-0.0386445 0.133207 0.136783 0.0053229 -0.00150165 -0.00050402
-0.0115906 0.314197 0.238405 0.00995947 -2.525e-05 0.00021013
-0.0264631 0.161999 0.161527 0.0089514 -0.00068529 -0.00026065
0.0190489 0.0676018 -0.0734348 0.0100012 -0.00098101 -7.844e-05
0.0139424 0.202042 -0.0110321 0.0108148 -0.00087598 -7.844e-05
0.019218 0.0698242 -0.0845585 0.0115072 -0.00123123 -0.00064805
0.0147365 0.122167 -0.0801236 0.010478 -0.00142765 -0.00085242
0.0139378 0.163558 -0.0195549 0.00961353 -0.00193143 -0.00082695
0.0153446 0.167279 -0.0779256 0.0104336 -0.00205839 -0.00099016
-0.00224141 0.243203 -0.0152396 0.00948674 -0.00201449 -0.00067112
0.0003501 0.184901 -0.00343895 0.00971034 -0.00203458 -0.00067112
0.0066294 0.223063 0.00992411 0.00991806 -0.00186317 -0.00078396
0.00745142 0.185355 0.00095695 0.0100873 -0.00229715 -0.00067112
-0.00630253 0.154347 -0.0406988 0.0115754 -0.00232911 -0.00074977
-0.0101072 0.18911 0.00295928 0.0103408 -0.00237684 -0.00067112
-0.00851904 0.170155 0.0622063 0.00969682 -0.00214299 -0.00067112
-0.0086699 0.0439289 -0.101434 0.0109905 -0.0017837 -0.00067112
-0.0235953 0.0774029 -0.348079 0.0121551 -0.00169966 -0.00067112
-0.0256855 0.0539178 -0.345949 0.0121826 -0.00171938 -0.00084022
-0.0264147 0.183153 -0.233721 0.0112725 -0.00165988 -0.00078231
-0.00891711 0.194858 -0.120058 0.0100671 -0.00171938 -0.00080659
0.00541969 0.182834 -0.0818895 0.00936841 -0.0015688 -0.00122103
-0.0109112 0.231682 0.0229378 0.00767007 -0.00142448 -0.00086917
0.00800097 0.124307 0.00024319 0.00872777 -0.00162336 -0.00100509
-0.00620859 0.197096 0.0217284 0.00885876 -0.00153401 -0.00077727
-0.00692837 0.203845 0.0451817 0.00826427 -0.00181726 -0.00067112
-0.0167159 0.0922656 0.0316292 0.00842036 -0.00174943 -0.0011609
-0.0203566 0.206273 0.046125 0.00850445 -0.00176473 -0.00067112
-0.00908669 0.21068 0.100904 0.00813283 -0.00186217 -0.00067112
-0.00148052 0.0795883 -0.0303617 0.00854076 -0.00212477 -0.00129409
0.00575466 0.228691 -0.00171532 0.00868281 -0.00220439 -0.00110155
0.00293683 0.241795 0.0161214 0.00902461 -0.00226999 -0.00117654
-0.00983277 0.166854 0.0224945 0.00938541 -0.00219838 -0.00142138
-0.0342856 0.328075 0.122168 0.00846946 -0.00267897 -0.00093897
-0.0381414 0.300266 0.159366 0.00989497 -0.00240407 -0.00067112
-0.0214963 0.0575863 -0.0879081 0.010708 -0.00158395 -0.00140003
-0.00161334 0.121141 -0.126249 0.0101766 -0.00121249 -0.00143726
0.00254594 0.234229 0.0660774 0.00851224 -0.00148497 -0.00128206
0.0162463 0.135087 0.0449963 0.00842941 -0.00180518 -0.00152699
0.0038413 0.237519 0.0764393 0.00813888 -0.00209902 -0.00128206
-0.0176975 0.151446 -0.0136503 0.00881813 -0.00201571 -0.00140895
0.00783787 0.113261 -0.162555 0.00979701 -0.00215182 -0.00203643
-0.0124905 0.241305 -0.155939 0.0102879 -0.00280006 -0.00172032
0.00546845 0.157099 -0.146783 0.0107437 -0.00315243 -0.00157989
-0.0033483 0.223869 -0.097655 0.0101453 -0.00259633 -0.00173726
-0.00745871 0.19504 -0.053852 0.00949886 -0.00248405 -0.00180912
-0.00335873 0.168825 -0.118621 0.0115655 -0.00276395 -0.00160276
0.00773343 0.159768 -0.119596 0.0110997 -0.00254565 -0.00114747
-0.0137309 0.252002 0.0620699 0.00867026 -0.00244638 -0.00086337
-0.00956348 0.108762 0.0225685 0.00858127 -0.00263275 -0.00114747
-0.0159236 0.0986545 -0.0236581 0.008961 -0.002376 -0.00133602
-0.00964892 0.224835 -0.00064597 0.00856839 -0.00239842 -0.00079477
0.021593 0.109803 -0.0167137 0.00874749 -0.00264714 -0.00085521
0.027798 0.199287 -0.00025539 0.00888983 -0.00248658 -0.0003503
0.0178511 0.195332 0.00940989 0.00878131 -0.00263476 -0.00061239
0.0198493 0.161128 -0.00834664 0.00957646 -0.00324864 -0.00075878
0.00173226 0.248606 0.0113356 0.0096277 -0.00265804 -0.00089915
-0.00713056 0.336941 0.167006 0.00828713 -0.00230894 -0.00021488
0.00040323 0.109955 0.00773709 0.00884719 -0.00220818 -0.00021488
0.00184077 0.0080725 -0.183983 0.0110721 -0.0023932 -0.00048343
-0.00714748 0.143374 -0.108607 0.0105889 -0.00164365 -0.00062902
0.0180726 0.156548 0.00130311 0.00940822 -0.00183121 -0.00084718
0.0336297 0.159127 0.0245908 0.00888931 -0.00187695 -0.00021488
0.0309224 0.266042 0.112994 0.00828754 -0.00158344 0.00027455
0.0611595 0.144349 -0.0293061 0.00864631 -0.00192565 0.00065299
0.0686479 0.18372 -0.0928499 0.00908309 -0.00181562 0.00058275
0.0521277 0.251627 0.0643799 0.00755783 -0.00171233 0.00065299
0.0681143 0.149073 -0.0696319 0.00808287 -0.00246541 0.00027624
0.0640343 0.224212 -0.0282833 0.00833812 -0.00216264 0.00065299
0.0351622 0.226069 0.074711 0.00764302 -0.00231763 0.00090299
0.0537355 0.158812 -0.0873207 0.00836846 -0.00292313 0.00065299
0.0293517 0.253696 -0.0147336 0.00763297 -0.00270377 0.00075086
0.0292479 0.18673 -0.0207069 0.00756256 -0.00278118 0.00090299
0.0329979 0.192951 -0.00904208 0.00809949 -0.00301893 0.0008802
0.0191443 0.193402 -0.0497638 0.00883022 -0.0031035 0.00090658
0.0282434 0.147365 -0.0866293 0.00849993 -0.00361874 0.00117865
0.0221457 0.249939 -0.068371 0.00842377 -0.00351822 0.00117611
0.0340708 0.180615 -0.0770304 0.00873784 -0.00353281 0.0010574
0.0250451 0.199918 -0.0490993 0.00809827 -0.0036784 0.0010636
0.0397879 0.200812 -0.00371802 0.00838762 -0.00317278 0.00141986
0.047733 0.131958 -0.0250502 0.00877787 -0.00373706 0.00101407
0.0348681 0.224412 -0.0121965 0.00800751 -0.00368839 0.0011629
0.0461093 0.156462 0.00432801 0.00842773 -0.00299419 0.00119246
0.0502837 0.158035 -0.00301927 0.00843213 -0.00358159 0.00110971
0.0343664 0.236925 -0.00945485 0.00798807 -0.00318817 0.00097614
0.0291054 0.176074 -0.0236377 0.00884379 -0.0034793 0.00065299
0.0275354 0.118145 -0.076448 0.00863558 -0.00345402 0.00043325
0.0341458 0.240805 0.0351851 0.00769986 -0.00325466 0.00075339
0.0470651 0.145399 -0.00452912 0.00770371 -0.00367595 0.00046567
0.077619 0.0709374 -0.136062 0.00862224 -0.00415607 8.509e-05
0.0818472 0.192193 -0.0524556 0.00788574 -0.00341374 0.00045988
0.0694653 0.179575 -0.00914363 0.00779847 -0.00356067 0.00051535
0.0795552 0.112405 -0.109978 0.00954703 -0.00405009 0.00014005
0.0684483 0.297123 0.0117154 0.00797516 -0.0030458 0.00057329
0.076367 0.184746 -0.00094334 0.00776884 -0.00303683 0.00027461
0.0835021 0.162039 -0.034754 0.00765346 -0.00341252 0.00050112
0.0934324 0.256537 0.0180294 0.0076021 -0.00325602 0.00057858
0.0936249 0.135463 -0.0817318 0.00848513 -0.00403962 0.00019472
0.0917931 0.220856 -0.0272889 0.00777892 -0.00373002 0.00053125
0.0918938 0.192597 -0.00702714 0.00818013 -0.00394656 0.00038291
0.0971877 0.137374 -0.00289322 0.00780291 -0.00371338 0.00027561
0.101932 0.238082 0.0384013 0.00798675 -0.00362753 0.00077778
0.0899713 0.185275 0.0056527 0.00834783 -0.00380171 0.00065811
0.0877929 0.184917 -0.0415924 0.00944472 -0.00391013 0.00019659
0.0913865 0.289937 0.0271081 0.00801146 -0.00346554 0.0011183
0.108104 0.206584 0.0156319 0.0085972 -0.00368349 0.00105392
0.107525 0.182717 0.0499696 0.00816905 -0.0037937 0.00105065
0.102585 0.245221 0.0690449 0.00775292 -0.00380727 0.00116471
0.103759 0.159832 0.0655173 0.00776381 -0.00409666 0.0007378
0.0855192 0.261076 0.10419 0.00786813 -0.00445878 0.00082084
0.0869348 0.225285 0.0771935 0.00822044 -0.00494979 0.00101797
0.0982062 0.19547 0.083276 0.00849042 -0.00481463 0.00094511
0.0862511 0.257473 0.0798969 0.00811772 -0.00439057 0.00106203
0.0873925 0.181936 0.0628903 0.00802583 -0.00453591 0.00097618
0.10276 0.169172 0.0196171 0.00907155 -0.00451474 0.00084715
0.0847201 0.276733 0.109287 0.00792482 -0.00432457 0.0011437
0.0681103 0.193865 0.0444164 0.00845929 -0.00416564 0.00108935
0.0673508 0.0308748 -0.174783 0.0107571 -0.00467215 0.00067641
0.0471736 0.112569 -0.124139 0.0101953 -0.00426837 0.0007378
0.017478 0.203028 -0.00580404 0.00833457 -0.00377103 0.0007378
0.0372754 0.166388 0.0563917 0.00786314 -0.00432302 0.00053215
0.0479465 0.23402 0.0814225 0.00797695 -0.00414111 0.00083402
0.0329649 0.236226 0.0925002 0.00816229 -0.00432048 0.00083251
0.0350795 0.171199 0.101309 0.00830029 -0.00439423 0.00105851
0.0287453 0.264273 0.126148 0.00869804 -0.00431248 0.0008469
0.0328674 0.167237 0.12926 0.00877222 -0.00476943 0.0007378
0.0341814 0.16222 0.137831 0.00823815 -0.00476899 0.0007378
0.0169563 0.235848 0.143272 0.00798747 -0.00456968 0.0007378
0.0196209 0.132554 0.12388 0.00817149 -0.00487367 0.00065647
0.00747437 0.248338 0.144169 0.00816869 -0.00511163 0.0007378
-0.00166496 0.200796 0.147471 0.00800313 -0.00534501 0.00036941
0.00645134 0.173891 0.155474 0.00799266 -0.00547294 0.00036385
-0.00127039 0.282412 0.179487 0.00797341 -0.00568745 0.00031007
-0.00543349 0.262949 0.206442 0.00817871 -0.00557824 7.688e-05
0.00552523 0.164339 0.145517 0.00864692 -0.00576769 0.00031007
0.0165954 0.309904 0.210378 0.00857672 -0.00487353 0.00117958
0.00394559 0.321833 0.324095 0.00770727 -0.00579019 0.00095351
0.00999904 0.117071 0.129044 0.0075252 -0.00511661 0.00048281
0.023015 0.175876 0.0829582 0.00775948 -0.00496988 0.00064303
0.0231641 0.265749 0.153475 0.00793258 -0.00561299 0.00042783
0.00771639 0.161312 0.171223 0.00818508 -0.00608242 9.836e-05
-0.00147751 0.284424 0.198707 0.00853131 -0.00622913 8.168e-05
-0.0287241 0.334929 0.251169 0.00827442 -0.00662022 -0.00014814
-0.0441245 0.299316 0.285269 0.00884885 -0.00630666 -0.00040453
-0.0330872 0.33574 0.296389 0.00861852 -0.00623525 -0.00023293
-0.0374324 0.334362 0.293609 0.00808863 -0.00638183 -3.6e-07
-0.0204723 0.234949 0.259156 0.00933023 -0.00607074 8.089e-05
-0.0205598 0.249588 0.276391 0.00992224 -0.00551854 9.425e-05
-0.00080135 0.325706 0.356709 0.0103482 -0.0052826 0.00029449
0.00441761 0.166157 0.313296 0.0101197 -0.00504766 -9.934e-05
0.00230466 0.193652 0.244546 0.0102594 -0.00506498 -6.655e-05
0.00074647 0.321014 0.359196 0.00970282 -0.00510167 0.00022977
0.0111564 0.234683 0.340822 0.0084604 -0.0050576 0.00034373
0.0161506 0.314653 0.305678 0.00716939 -0.00438106 0.00034373
0.0115762 0.402639 0.403744 0.00761307 -0.00462294 0.00055169
0.0246792 0.287561 0.305716 0.00845742 -0.00504021 0.00042087
0.0316135 0.374457 0.330327 0.0082179 -0.00464453 0.00073364
0.0163823 0.39281 0.386999 0.00848991 -0.00464452 0.00061796
0.0330599 0.266439 0.288984 0.00901977 -0.0044843 0.00034373
0.0357477 0.34027 0.317473 0.00857929 -0.00450669 0.00078992
0.0308332 0.348553 0.377877 0.00873683 -0.00477783 0.00065115
0.0470096 0.256154 0.243397 0.00879067 -0.00586205 0.00034373
0.0454282 0.314362 0.26229 0.00843023 -0.00586437 0.00034373
0.0322064 0.351056 0.316997 0.00829855 -0.00577156 0.00066362
0.0469048 0.29553 0.275574 0.00874356 -0.00629954 0.00069891
0.0353901 0.39428 0.32279 0.00838143 -0.00608194 0.00078234
0.0242949 0.382279 0.361386 0.00840845 -0.00613702 0.00072328
0.0230379 0.301123 0.334247 0.00883629 -0.00657936 0.00034373
0.0149287 0.418109 0.371991 0.00907503 -0.00632518 0.00093605
0.0431299 0.290881 0.262619 0.00928285 -0.00650868 0.00075268
0.0547554 0.271971 0.225237 0.00945986 -0.00626988 0.00073204
0.0254429 0.350324 0.343587 0.00852058 -0.0057932 0.00080349
0.0165403 0.26406 0.35173 0.00884139 -0.00644468 0.00034374
0.0121077 0.302894 0.360337 0.0093756 -0.00726032 0.00034374
0.00238317 0.313372 0.368477 0.00920082 -0.00743023 0.00034374
-0.0128309 0.290611 0.348429 0.00953604 -0.0076476 0.00034374
-0.0124939 0.380518 0.380825 0.00925032 -0.00737463 0.00049242
-0.0241274 0.329658 0.385026 0.0091422 -0.0072718 0.00034374
-0.0253366 0.268874 0.376207 0.00948023 -0.00737463 0.00040805
-0.015797 0.373575 0.349129 0.00946661 -0.00724151 0.00076381
-0.0147262 0.350847 0.373611 0.00920554 -0.00684093 0.00082885
-0.0193559 0.202088 0.347752 0.00864671 -0.0074383 0.00034374
-0.0150733 0.320938 0.359704 0.00865096 -0.00736875 0.00034374
-0.0106698 0.215481 0.25051 0.00965196 -0.00706542 0.00049069
0.00331999 0.0749799 -0.064398 0.0118712 -0.00686886 0.00070883
-0.00871919 0.21213 -0.113739 0.0110039 -0.00563066 0.00101687
-0.0179361 0.197311 0.0315523 0.0105861 -0.00602736 0.00082176
-0.0261036 0.21004 0.0929236 0.0104772 -0.00576628 0.00062814
-0.01961 0.261011 0.134477 0.0100257 -0.00565933 0.00063552
-0.0159812 0.140053 0.0792293 0.0103959 -0.00565873 0.00026251
-0.0111619 0.246213 0.206642 0.0100257 -0.00601119 0.00031579
-0.0223036 0.294091 0.332635 0.00935034 -0.00626681 0.00053907
-0.0252528 0.14639 0.273448 0.00943843 -0.00643846 -0.00011251
-0.0296442 0.248285 0.320828 0.00960451 -0.00620723 -9.122e-05
-0.0162886 0.293838 0.340413 0.0092335 -0.00655144 0.00014664
-0.00758008 0.216997 0.352793 0.0092345 -0.00690047 0.00010571
-0.0110405 0.342219 0.347225 0.0097503 -0.0068304 0.00021863
-0.0123218 0.277689 0.312481 0.00981559 -0.0071895 0.0001417
-0.00719209 0.346132 0.365607 0.0102505 -0.00719325 0.00019172
-0.00459386 0.322407 0.357234 0.0102397 -0.00679834 0.00027053
-0.0041382 0.239885 0.360602 0.0106133 -0.0071227 7.813e-05
-0.0113864 0.335996 0.380503 0.0105638 -0.00715322 7.508e-05
-0.0130049 0.258191 0.367337 0.0106068 -0.00761127 1.587e-05
-0.0127849 0.258591 0.388663 0.0106155 -0.0075781 3.833e-05
-0.0122812 0.331564 0.384737 0.0105307 -0.00758102 9.624e-05
-0.0111305 0.238807 0.350315 0.0108018 -0.00772907 8.621e-05
-0.00903815 0.311911 0.382477 0.00960942 -0.00721374 0.00072026
-0.00416982 0.328996 0.375793 0.0094797 -0.0072586 0.00072026
0.0369809 0.164986 0.191038 0.0105807 -0.00710316 0.00027075
0.0269148 0.319988 0.258327 0.0112443 -0.00720135 0.00070686
0.0103441 0.293985 0.288292 0.0112597 -0.00716733 0.00027075
0.0294053 0.20559 0.241289 0.0114555 -0.00689932 0.00078826
0.0244063 0.367122 0.333715 0.0109668 -0.00624797 0.00084381
0.054767 0.249609 0.233476 0.00986988 -0.00631968 0.00059341
0.0610554 0.286205 0.195406 0.00973971 -0.00792107 0.00059234
0.0415267 0.351322 0.281047 0.0104478 -0.00803369 0.0006767
0.0781539 0.229666 0.123426 0.010722 -0.00825369 0.00059234
0.0563585 0.309605 0.20685 0.0101331 -0.00816931 0.00073455
0.0287844 0.308865 0.287092 0.00966458 -0.00775144 0.00092278
0.0406017 0.222179 0.185001 0.00925785 -0.00788491 0.00059234
0.037041 0.32281 0.201212 0.0105282 -0.00815765 0.00059234
0.0309234 0.242241 0.258422 0.0101868 -0.00812631 0.00059234
0.0421047 0.244689 0.232089 0.0113416 -0.00813773 0.000468
0.0526327 0.311909 0.230587 0.0121314 -0.00841802 0.00059234
0.060287 0.264705 0.17561 0.0122413 -0.00849119 0.00044453
0.0635223 0.286989 0.210465 0.0109495 -0.00784834 0.00056918
0.0339684 0.295668 0.28979 0.0112764 -0.00834236 0.00050977
0.0428214 0.221 0.209667 0.0118728 -0.00915405 0.00033954
0.0395511 0.295034 0.269503 0.0111571 -0.00926139 0.00057777
0.0325259 0.230574 0.258806 0.0116988 -0.0101059 0.00052266
0.0325172 0.268525 0.281142 0.0120294 -0.00973498 0.00062319
0.0224971 0.295667 0.284018 0.0117846 -0.00947161 0.00064946
0.0244967 0.270668 0.281422 0.0120719 -0.00994136 0.00077358
0.0147796 0.309827 0.283357 0.0124017 -0.00969606 0.0009276
0.0241686 0.259856 0.235713 0.0131916 -0.0104 0.00098299
0.020111 0.210122 0.147328 0.0121907 -0.00952719 0.00071498
0.0132301 0.144175 -0.0886228 0.0132344 -0.0085671 0.00118941
0.0117884 0.10412 -0.102765 0.0137677 -0.00830245 0.0010348
0.0132755 0.227764 -0.0494047 0.0136913 -0.00813205 0.00118941
0.0124058 0.273386 0.0912928 0.0126361 -0.00831525 0.00078429
0.0295867 0.19149 0.0750271 0.0123377 -0.00865198 0.00049535
0.0138665 0.337949 0.242949 0.0110888 -0.00826243 0.00078429
0.00547909 0.222093 0.220433 0.0118339 -0.00874441 0.00042071
-0.0002561 0.194431 0.22065 0.0121053 -0.00897442 0.00030294
0.00756357 0.298555 0.267144 0.0123481 -0.00888939 0.00049297
0.0151859 0.250227 0.25539 0.0128358 -0.00910286 0.00073461
0.031071 0.256097 0.202589 0.013028 -0.00899157 0.00069784
0.0150396 0.336406 0.291807 0.0117554 -0.00903065 0.00063294
0.0139401 0.261174 0.297855 0.0125754 -0.00918632 0.00047254
0.0240329 0.260414 0.291159 0.0127004 -0.00910563 0.00030294
0.0100233 0.385324 0.351352 0.011918 -0.00914077 0.00061858
0.0135473 0.420385 0.385108 0.0110641 -0.00848544 0.00093399
0.0260738 0.211117 0.342586 0.0113517 -0.00865718 0.00030294
0.032543 0.210278 0.23563 0.0121457 -0.00886219 0.00030294
0.0273894 0.349638 0.293974 0.0110099 -0.0079923 0.00063799
0.0388659 0.278455 0.262736 0.0101264 -0.0077413 0.00067936
0.0684166 0.220924 0.12567 0.0113863 -0.00759519 0.00070531
0.0561398 0.334462 0.237643 0.0109574 -0.00773003 0.00081004
0.0500119 0.252036 0.219986 0.011547 -0.00841445 0.00069146
0.0487589 0.272286 0.241766 0.0120236 -0.00841445 0.00056528
0.0336686 0.342317 0.245609 0.0114957 -0.00864905 0.00062283
0.0489173 0.231449 0.250107 0.0126533 -0.00860256 0.00054137
0.0392996 0.336441 0.274132 0.0125841 -0.00916067 0.00111768
0.0372845 0.270438 0.239286 0.0121035 -0.00906409 0.00100311
0.039124 0.275476 0.351606 0.0118608 -0.00862648 0.00093196
0.0333129 0.364059 0.405053 0.0120057 -0.00876267 0.00107655
0.0314923 0.261539 0.3734 0.0116414 -0.00845774 0.00084246
0.0288366 0.337242 0.373961 0.0117237 -0.00918258 0.00088729
0.0125008 0.311792 0.40186 0.0111269 -0.00885887 0.00079553
0.021314 0.284032 0.4373 0.0110629 -0.00898457 0.00090352
0.0263646 0.386201 0.493696 0.0106185 -0.00837528 0.00091678
0.0450042 0.403664 0.535583 0.0103899 -0.00857941 0.00092298
0.0746251 0.259772 0.304864 0.010153 -0.00851211 0.00099555
0.0804811 0.315241 0.233715 0.00984641 -0.00851211 0.00116368
0.0761582 0.39732 0.300521 0.00966564 -0.00828172 0.00133875
0.0693994 0.276629 0.272342 0.0100185 -0.00853237 0.00110165
0.0749139 0.287869 0.204432 0.00968255 -0.00877758 0.00082557
0.0643726 0.370228 0.285058 0.00969505 -0.00855442 0.00100239
0.0787158 0.255237 0.209349 0.0103244 -0.00918083 0.0008148
0.0943722 0.270752 0.216243 0.00996043 -0.00924591 0.00072053
0.106787 0.348306 0.249238 0.00929132 -0.00967785 0.00096371
0.0953863 0.250677 0.258859 0.0102353 -0.00988667 0.00055448
0.117058 0.341981 0.265697 0.0106867 -0.00973398 0.00061286
0.106728 0.303098 0.250747 0.0106692 -0.00939005 0.00063184
0.106011 0.27535 0.210886 0.0113329 -0.00940366 0.00081666
0.1014 0.368736 0.279105 0.0110676 -0.00842325 0.00093016
0.111041 0.259821 0.216398 0.0116934 -0.00943982 0.00053304
0.114642 0.271729 0.223262 0.0107599 -0.00900377 0.00047186
0.117514 0.285507 0.159216 0.0107095 -0.00812748 0.00074447
0.0989837 0.115106 -0.100573 0.0120885 -0.00826234 0.00047186
0.0960409 0.150216 -0.187814 0.0124067 -0.0078144 0.00033159
0.0929903 0.232168 -0.106524 0.0120905 -0.00806473 0.00064719
0.103051 0.147992 -0.0775216 0.0123855 -0.00837115 0.00055508
0.11163 0.252273 -0.0431716 0.0121614 -0.00801461 0.000677
0.117964 0.177693 -0.0562744 0.0126664 -0.00807615 0.00066224
0.119389 0.178384 -0.0552074 0.0131868 -0.00759199 0.00075739
0.114614 0.254691 0.0912422 0.0117483 -0.00743517 0.0007481
0.105368 0.176723 0.141216 0.0102931 -0.00744679 0.00047186
0.118546 0.281671 0.243845 0.00945121 -0.00724759 0.00047186
0.123869 0.197806 0.251093 0.00978349 -0.00824152 0.00047186
0.118724 0.226657 0.281707 0.00959005 -0.00891847 0.00047186
0.118824 0.285862 0.270028 0.00966947 -0.00904616 0.00047186
0.125766 0.25072 0.319912 0.00986985 -0.00897988 0.00047186
0.122678 0.364788 0.314957 0.0102003 -0.00858137 0.00055641
0.11903 0.28512 0.274147 0.0102329 -0.00854205 0.0006653
0.10737 0.249343 0.280881 0.0109425 -0.00864524 0.00052633
0.0996685 0.327926 0.295427 0.0102105 -0.00808517 0.00066304
0.0804918 0.30513 0.358608 0.00953935 -0.00833872 0.0006558
0.0776234 0.184347 0.316487 0.0101687 -0.00854305 0.00047186
0.079437 0.28587 0.334489 0.00996101 -0.00888822 0.00053451
0.0689795 0.317626 0.372646 0.00970981 -0.0086137 0.00052826
0.0753753 0.225674 0.38417 0.0099949 -0.00896374 0.00047186
0.0767232 0.287015 0.378576 0.0106202 -0.00938646 0.00047186
0.0669501 0.338205 0.36607 0.0106221 -0.0090304 0.00047186
0.0726779 0.254846 0.360189 0.010614 -0.0090267 0.00047186
0.0647611 0.333697 0.368121 0.0107737 -0.00889056 0.00055582
0.054385 0.298515 0.319045 0.0103642 -0.00806695 0.00017846
0.0698496 0.259897 0.266918 0.0101455 -0.0080344 0.00040364
0.0583172 0.378761 0.395528 0.00997634 -0.00860924 0.000627
0.0513182 0.23652 0.35043 0.00959778 -0.00909112 0.00039817
0.0781166 0.27008 0.328223 0.0094555 -0.00913592 0.00038751
0.0595609 0.355659 0.433142 0.00949158 -0.00938121 0.00048348
0.049821 0.276243 0.378943 0.0100814 -0.00983759 0.00032426
0.0395569 0.359108 0.456437 0.0098672 -0.00913129 0.00037298
0.037994 0.355418 0.442207 0.00929007 -0.00911726 0.0005109
0.060573 0.312899 0.351401 0.00960675 -0.00833914 0.00058728
0.0871639 0.383834 0.357808 0.00961548 -0.00837233 0.0011443
0.0824824 0.327213 0.410086 0.00978339 -0.0085359 0.00103483
0.069711 0.164921 0.209322 0.0112723 -0.00914862 0.00076544
0.0509734 0.247125 0.111224 0.0112552 -0.00845233 0.00076544
0.0427246 0.197227 0.166442 0.0111172 -0.00882908 0.00076544
0.0286609 0.250035 0.248937 0.0109574 -0.00934406 0.00084727
0.0187805 0.263609 0.264727 0.0106141 -0.00892745 0.00076544
0.0400022 0.226443 0.27756 0.0109485 -0.00939194 0.00076544
0.0367985 0.320894 0.341034 0.00995026 -0.00902477 0.00076544
0.0431559 0.275919 0.363557 0.00938964 -0.00894803 0.00076544
0.0436116 0.232639 0.384426 0.0102528 -0.00939395 0.00067144
0.0444437 0.323479 0.365851 0.0105979 -0.00940089 0.00091442
0.0685371 0.396214 0.461863 0.0101242 -0.0102957 0.00083553
0.0567856 0.47801 0.613589 0.0089752 -0.00937992 0.0011736
0.0380463 0.612748 0.762113 0.00937635 -0.0089286 0.00112017
-0.00111491 0.577609 0.758588 0.00904584 -0.00960221 0.00118749
0.0153064 0.276808 0.667649 0.00706478 -0.00919934 0.00101669
0.0638025 0.160799 0.332383 0.00477134 -0.00856371 0.00076544
0.0710108 0.288297 0.381011 0.00562944 -0.00928564 0.00076544
0.0808982 0.468904 0.376802 0.00673779 -0.0103098 0.00061369
0.090015 0.510885 0.393743 0.00673779 -0.0106829 0.00054636
0.0944235 0.49671 0.398228 0.00747415 -0.00995713 0.00068755
0.104621 0.564282 0.391099 0.00836848 -0.00985462 0.0009228
0.0918127 0.439273 0.388403 0.00753329 -0.0100242 0.00076163
0.08818 0.453301 0.365547 0.00699985 -0.0101038 0.00067935
0.0967172 0.334485 0.403673 0.00741529 -0.0104277 0.00077026
0.0904925 0.339232 0.411411 0.00706489 -0.0105652 0.00062455
0.0912149 0.290123 0.422262 0.00733522 -0.0109435 0.00046837
0.0955521 0.281304 0.447298 0.00766163 -0.0111177 0.00038954
0.109073 0.33452 0.424991 0.00781637 -0.0118388 0.00042522
0.117683 0.343919 0.453987 0.00813068 -0.0120765 0.00059256
0.109558 0.374763 0.438916 0.00835273 -0.0120337 0.00051578
0.0892604 0.400043 0.452103 0.0098006 -0.0137833 0.00030088
0.0837547 0.355153 0.412605 0.00977999 -0.0122909 0.0003526
0.0629982 0.518019 0.646965 0.00911427 -0.0111658 0.00083228
0.0670289 0.367737 0.567057 0.0091899 -0.0109714 0.0005731
0.0814522 0.305235 0.434914 0.00872289 -0.0103244 0.00043316
0.0784933 0.386209 0.522531 0.00889763 -0.0103013 0.00055143
0.078416 0.291524 0.553389 0.00788726 -0.0107763 0.00021506
0.0784206 0.354531 0.592702 0.00777751 -0.00993375 0.00019841
0.0866782 0.349666 0.552009 0.00829141 -0.0107542 0.0006034
0.0885176 0.328938 0.55958 0.00805861 -0.0114198 0.00083038
0.0897498 0.439188 0.563936 0.00823826 -0.0115539 0.00090801
0.0869133 0.355426 0.564901 0.00842034 -0.0119336 0.00081898
0.0781463 0.431818 0.510491 0.00860432 -0.0121513 0.0010185
0.114798 0.343675 0.490057 0.0081914 -0.0109898 0.00091428
0.137876 0.329827 0.504734 0.00854131 -0.0105915 0.00091194
0.127968 0.375866 0.516894 0.0086632 -0.0112184 0.00076071
0.12151 0.288071 0.516127 0.00906293 -0.0119846 0.00076071
0.107367 0.217845 0.294901 0.00992711 -0.0115828 0.00084114
0.108478 0.108799 0.0274417 0.0115338 -0.0113398 0.00102022
0.110384 0.156994 0.0763012 0.0120345 -0.0115725 0.00107715
0.103175 0.307446 0.256436 0.0104745 -0.0108609 0.00093309
0.1104 0.274343 0.362436 0.0102012 -0.0113227 0.00082519
0.115228 0.272375 0.370668 0.0106134 -0.0112833 0.00076071
0.112059 0.340789 0.373214 0.0106196 -0.0111244 0.00088353
0.123194 0.257265 0.463999 0.010003 -0.0110479 0.00076071
0.116984 0.316936 0.463538 0.00936741 -0.0108892 0.00076071
0.105141 0.28756 0.497455 0.00971548 -0.0106411 0.00050577
0.106491 0.275211 0.515794 0.00999932 -0.0110745 0.00032724
0.103392 0.333493 0.492282 0.00954069 -0.0111549 0.00067773
0.112245 0.271937 0.478132 0.0102851 -0.0118183 0.00074289
0.107706 0.386641 0.49321 0.010299 -0.011561 0.00072802
0.108197 0.372697 0.489231 0.00972261 -0.0115083 0.00063684
0.111958 0.276943 0.498639 0.0100612 -0.0115083 0.00061594
0.101781 0.409905 0.512195 0.00980525 -0.0115083 0.00068885
0.0949009 0.307268 0.50275 0.00974533 -0.0115585 0.00039127
0.0983364 0.322576 0.476387 0.00967501 -0.0113754 0.00032724
0.0819183 0.358188 0.466197 0.00926598 -0.0101601 0.00070563
0.0962812 0.170132 0.245235 0.0092527 -0.0103044 0.00060976
0.0956168 0.303839 0.319385 0.00885445 -0.00969249 0.00076079
0.0928697 0.278642 0.317015 0.00861775 -0.0100734 0.00076199
0.100045 0.20354 0.259497 0.00845003 -0.0103428 0.00053824
0.0949301 0.32197 0.322018 0.00773832 -0.0103259 0.00080258
0.107702 0.220211 0.230933 0.00870138 -0.0113294 0.00058287
0.112795 0.25404 0.228596 0.00902606 -0.0110164 0.00032724
0.107163 0.27621 0.290529 0.00853112 -0.0111417 0.00047752
0.0967789 0.203777 0.251838 0.0087731 -0.0116425 0.00032724
0.0939161 0.301501 0.263013 0.00932915 -0.0105829 0.00085654
0.0965462 0.198742 0.189659 0.0077868 -0.00867374 0.00088198
0.104602 0.207746 0.210991 0.00734555 -0.00892414 0.00083312
0.0971616 0.260127 0.240979 0.00772337 -0.00967641 0.00086015
0.0850694 0.169998 0.186726 0.00766261 -0.00958562 0.0006329
0.107552 0.218934 0.172826 0.00833096 -0.009276 0.00074617
0.0966616 0.173389 0.133327 0.00778724 -0.00945145 0.00067197
0.101459 0.196532 0.15655 0.00767183 -0.00930908 0.00090208
0.0940489 0.279102 0.225628 0.00741059 -0.00921292 0.00099682
0.0842678 0.231767 0.257996 0.00758841 -0.00975098 0.00057889
0.0996419 0.338921 0.305333 0.00761172 -0.00916736 0.00079232
0.09873 0.230784 0.274665 0.00706939 -0.00918689 0.00074347
0.108526 0.262372 0.278441 0.00672356 -0.00946517 0.00066283
0.091412 0.312367 0.299199 0.00656078 -0.00993384 0.00063779
0.0825527 0.210189 0.26828 0.00670789 -0.00977603 0.00032724
0.0829502 0.31018 0.289468 0.00697547 -0.010164 0.0006955
0.0810992 0.265715 0.311334 0.00707044 -0.0107854 0.00044041
0.0714379 0.3078 0.332043 0.00726176 -0.0106523 0.00042785
0.0634402 0.287385 0.337281 0.00745517 -0.0111889 0.00032724
0.0530269 0.28324 0.360936 0.00763866 -0.0114015 2.477e-05
0.0618747 0.350835 0.342429 0.00774741 -0.0107966 0.00061301
0.062716 0.243868 0.311184 0.00781843 -0.0110164 0.00056722
0.05597 0.298173 0.354518 0.0074566 -0.0112509 0.0006018
0.0694048 0.349252 0.432744 0.00736942 -0.0106966 0.00060052
0.0703651 0.173243 0.256136 0.00747061 -0.0113286 0.00071442
0.0718575 0.0985026 -0.0590857 0.00974313 -0.0105017 0.00040439
0.074404 0.0842718 -0.183931 0.0107767 -0.00988776 0.00040439
0.079659 0.150159 -0.0616585 0.00994733 -0.0104559 0.00040439
0.0704984 0.227398 -0.0382355 0.00975681 -0.0102964 0.00040439
0.0666659 0.163222 0.0548273 0.00912581 -0.0108358 0.00040439
0.06654 0.276956 0.201119 0.00802707 -0.0103374 0.00033062
0.0692917 0.194703 0.230671 0.00811763 -0.010912 -4.809e-05
0.0749551 0.208542 0.203623 0.00847524 -0.010178 0.00024414
0.0693131 0.24052 0.280293 0.00784355 -0.0103134 -1.742e-05
0.0636486 0.237999 0.375866 0.00794654 -0.0101771 -0.00020428
0.0632357 0.289767 0.38087 0.00747489 -0.0104511 -0.00014597
0.0671369 0.248863 0.370563 0.00818373 -0.010935 -4.124e-05
0.0780691 0.377386 0.366694 0.0074085 -0.0110075 0.00022573
0.0738371 0.323108 0.359688 0.00756685 -0.0112798 0.00024023
0.0708127 0.356736 0.404757 0.00780107 -0.0108664 0.00028407
0.0688994 0.354228 0.384117 0.00749636 -0.010796 0.00071721
0.0656003 0.247687 0.339368 0.00828898 -0.0110311 0.00042583
0.078849 0.280054 0.282932 0.0078106 -0.0101767 0.00061555
0.0808512 0.253588 0.307319 0.00767701 -0.01041 0.00069278
0.0846518 0.20368 0.345672 0.00673024 -0.0106036 0.00036229
0.071269 0.322834 0.368708 0.00600717 -0.0100898 0.00045643
0.0836827 0.213714 0.315704 0.00624502 -0.0105825 0.00051053
0.106812 0.284276 0.304895 0.0064496 -0.0106647 0.00115516
0.113992 0.339251 0.356971 0.00587733 -0.0111726 0.00120945
0.117731 0.288793 0.334475 0.00661359 -0.0122043 0.00109384
0.119791 0.415746 0.364029 0.00674837 -0.0121085 0.00091666
0.127012 0.297476 0.350445 0.00737599 -0.0116561 0.00082143
0.12733 0.344909 0.368691 0.00748358 -0.0119627 0.00082982
0.114232 0.346288 0.376526 0.00757533 -0.0114611 0.00069566
0.110235 0.277039 0.391359 0.00791802 -0.011817 0.00060611
0.0995113 0.357016 0.395276 0.00723384 -0.0117594 0.00063938
0.106166 0.282491 0.413884 0.00691275 -0.0120783 0.00049941
0.102111 0.306493 0.446739 0.00680191 -0.0122157 0.00036117
0.0992057 0.388417 0.446313 0.00684131 -0.0119997 0.00080529
0.112689 0.246837 0.425871 0.00685347 -0.0121832 0.00075701
0.107304 0.261913 0.462984 0.00637923 -0.0124319 0.00148888
0.0912335 0.309076 0.567494 0.00527427 -0.0119315 0.00251075
0.108067 0.389527 0.629388 0.00582956 -0.010839 0.00376986
0.117962 0.424747 0.66866 0.00523989 -0.00855666 0.00434048
0.178571 0.125471 0.654521 0.0052778 -0.00851248 0.00389454
