0.0389646 0.19386 0.00801257 0 0 0.00106047
0.0464176 0.166245 0.0687151 0.00088642 0 0.00121673
0.083366 0.429144 -0.0488309 0.00501237 -0.00189994 0.00110994
0.0846184 0.279899 0.11265 0.00359008 -0.00102323 0.00135723
0.0963103 0.21552 0.149322 0.00283072 -0.0006526 0.00125516
0.110757 0.402764 0.101501 0.00453557 -0.0011564 0.00138286
0.123913 0.303914 0.115934 0.0043653 -0.00096744 0.00128109
0.108946 0.243644 0.123839 0.00371915 -0.00117916 0.00070274
0.107713 0.439672 0.0910413 0.00438635 -0.00092157 0.00119678
0.0994155 0.312899 0.138876 0.0037358 -0.00136967 0.0010083
0.0975055 0.294531 0.142249 0.00403787 -0.00129168 0.00091179
0.0990591 0.408093 0.140766 0.00367058 -0.00131387 0.00107829
0.0992816 0.332151 0.129818 0.00392968 -0.00144773 0.00109874
0.106244 0.250737 0.175898 0.00392968 -0.00155974 0.00099121
0.112851 0.392941 0.161767 0.00298572 -0.00104789 0.00117876
0.115461 0.380795 0.160745 0.00345474 -0.00181792 0.00120438
0.106219 0.260659 0.196405 0.00349074 -0.00136867 0.00097923
0.101729 0.3995 0.174018 0.00285842 -0.00122917 0.00116367
0.0914225 0.390302 0.153439 0.00197081 -0.00070108 0.00113052
0.121572 0.280822 0.128202 0.00290355 -0.00205998 0.00089378
0.116631 0.423499 0.0906451 0.00251458 -0.00187925 0.00108237
0.102102 0.355812 0.100355 0.00226272 -0.00155224 0.00108237
0.104291 0.236631 0.143651 0.00231733 -0.00127094 0.00083237
0.111629 0.421492 0.0687503 0.00350055 -0.00245846 0.00108237
0.103477 0.30804 0.118621 0.00288333 -0.00186754 0.00108237
0.108359 0.229655 0.133046 0.00331549 -0.00177452 0.00108237
0.113983 0.394973 0.116092 0.00279657 -0.00148985 0.00096976
0.12852 0.317882 0.0990122 0.00370451 -0.0020153 0.00115377
0.139099 0.288443 0.126979 0.00318333 -0.00229217 0.00107803
0.144279 0.422914 0.110464 0.00311653 -0.0021493 0.00115377
0.130201 0.333597 0.129373 0.00334947 -0.0019592 0.00090377
0.143493 0.349049 0.110819 0.00286525 -0.0021823 0.00108625
0.127921 0.426118 0.103471 0.00253088 -0.00191216 0.00029979
0.149771 0.327579 0.136462 0.00398355 -0.00221059 0.00046504
0.16295 0.358089 0.124218 0.00357199 -0.0026224 0.00043757
0.15896 0.46528 0.124149 0.00345441 -0.00240657 0.00064538
0.159987 0.357494 0.126386 0.00386989 -0.00269544 0.00052297
0.161288 0.3711 0.112841 0.00402714 -0.00302391 0.00050258
0.160524 0.438898 0.0911653 0.00439415 -0.00327734 0.00061209
0.15032 0.329248 0.11445 0.00401975 -0.00273287 0.00067223
0.160361 0.368431 0.0785276 0.00408031 -0.00303537 0.00042224
0.160947 0.435147 0.0785257 0.00408031 -0.00297557 0.00067223
0.157292 0.355466 0.0901771 0.00380487 -0.00271231 0.0004808
0.159959 0.275432 0.0974989 0.00383031 -0.00291833 0.00046304
0.154348 0.475405 0.0871554 0.00338985 -0.00283957 0.00058085
0.149328 0.400026 0.101909 0.00334661 -0.00265242 0.00073059
0.146842 0.302081 0.125134 0.00308108 -0.00232444 0.00047359
0.160161 0.461429 0.0643138 0.00393315 -0.0032923 0.00050194
0.147383 0.406772 0.0435541 0.00422439 -0.0030747 0.00081116
0.150255 0.262604 0.0940576 0.00333765 -0.00267652 0.00060483
0.149805 0.430174 0.0908711 0.00309237 -0.00237087 0.00042224
0.145312 0.282751 0.131075 0.00186153 -0.00126044 0.0003202
0.156999 0.232595 0.114864 0.00197833 -0.00122071 0.00020547
0.165561 0.431998 0.0662887 0.00264386 -0.00248626 0.00067223
0.165066 0.274184 0.081176 0.00282038 -0.00270526 0.00042224
0.163479 0.299641 0.0801081 0.00248592 -0.00210074 0.00041396
0.156467 0.37785 0.0911123 0.00235211 -0.00210074 0.00042224
0.168268 0.229582 0.111156 0.00257356 -0.00210074 0.00032186
0.175812 0.330103 0.092676 0.00232265 -0.00224502 0.00037946
0.167204 0.364225 0.112397 0.00285799 -0.0023534 0.00042224
0.166547 0.296132 0.122175 0.00295844 -0.00229586 0.00042224
0.16967 0.270372 0.12283 0.00276396 -0.00223618 0.00043089
0.179152 0.381813 0.0747167 0.00354588 -0.00309443 0.00060903
0.15746 0.312902 0.105638 0.00318623 -0.00207077 0.00031035
0.140805 0.28179 0.0724415 0.00277471 -0.00262591 0.00025479
0.18663 0.456517 0.0533079 0.0042406 -0.00214767 0.0003355
0.17745 0.509638 -0.140083 0.00935276 -0.00210829 9.8e-07
0.116741 0.350218 -0.131952 0.00817227 -0.00167714 9.8e-07
0.136633 0.371971 -0.0968526 0.00724136 -0.00185266 9.8e-07
0.120327 0.489953 -0.0501905 0.00661633 -0.00113666 0.00033938
0.0986623 0.349023 -0.00931257 0.00596147 -0.00091046 9.8e-07
0.104706 0.402572 -0.0410375 0.0061502 -0.00108201 9.8e-07
0.113176 0.53373 -0.0533384 0.00685722 -0.00132924 9.8e-07
0.110121 0.449983 -0.0425938 0.00651867 -0.00087336 9.8e-07
0.117201 0.419391 -0.133121 0.008164 -0.00206079 -0.00018372
0.0772082 0.180019 -0.0370337 0.00733025 -0.0011568 -0.00053914
0.0475984 0.471933 -0.0517472 0.00818011 -0.0004615 -0.00053914
0.0231167 0.478883 0.0782843 0.00444287 -0.00016047 -0.00047928
0.0533726 0.404157 0.0102397 0.00616576 -0.00082137 -0.00027713
0.0386117 0.290915 0.028867 0.00555267 -0.00028677 -0.0003888
0.0547355 0.273235 0.0202077 0.00617018 -0.00046724 -0.00053914
0.0555779 0.197939 0.022326 0.00631813 -0.00034516 -0.00042382
0.0594068 0.189098 -0.0073197 0.00632154 -0.00044712 -0.00053914
0.0587706 0.1644 0.0695391 0.00443474 0.00032258 -0.00027712
0.0492499 0.208548 -0.0106134 0.00662213 -0.00048965 -0.00033731
0.0430365 0.174305 0.0600472 0.00578284 -0.00068328 -0.00036874
0.0496692 0.427063 -0.00613536 0.00621132 -0.00082857 0.00022363
0.0636788 0.324422 0.0493685 0.00553476 -0.00104624 -2.515e-05
0.0600702 0.319803 0.0828065 0.00522673 -0.00093375 -7.507e-05
0.0631655 0.562321 0.0026657 0.00698899 -0.00108913 -2.832e-05
0.0450141 0.395441 0.0543462 0.00598323 -0.00057019 -5.31e-05
0.0442258 0.294621 0.0448479 0.00565134 -0.00049744 -0.00016768
0.0488072 0.229426 0.0680521 0.00488496 -0.00044168 -8.95e-05
0.0410268 0.172133 0.0871232 0.00408454 -0.0002095 -0.00018594
0.0460784 0.0978604 0.0777873 0.00415113 -4.721e-05 -0.00053914
0.0469325 0.180696 0.091949 0.00346017 -0.00046063 -0.00016422
0.0518572 0.281815 0.0631041 0.00450658 -0.00065244 0.00018526
0.0308821 0.219807 0.055838 0.00439142 -0.00072372 -0.00020457
0.169766 0.670242 -0.224679 0.0139958 -0.00120464 0.00010691
0.0797332 0.261254 -0.366446 0.0107014 -0.00112061 -0.00025298
0.0461864 0.335452 -0.213385 0.00775291 -0.0012356 -0.00025495
0.0474622 0.232026 -0.116186 0.00655298 -0.00075538 -0.00039284
0.0642405 0.448176 -0.177793 0.00766705 -0.00097244 -7.693e-05
0.0479224 0.371168 -0.149042 0.00683226 -0.00080804 -7.693e-05
0.0483363 0.334921 -0.126484 0.00644341 -0.00031395 -7.693e-05
0.0691647 0.203577 -0.0260877 0.00477258 9.59e-06 -0.0005251
0.0735284 0.38003 -0.106209 0.00657691 -0.00042094 -7.693e-05
0.0810475 0.425225 -0.166546 0.00830376 -0.00084915 -0.00015916
0.103374 0.440695 -0.300049 0.0115596 -0.00149709 -0.00024122
0.0931817 0.419585 -0.214215 0.00993841 -0.00118028 -2.557e-05
0.0776154 0.461945 -0.165813 0.00854586 -0.00050805 -7.693e-05
0.0773996 0.349241 -0.147727 0.00847077 -0.00077788 -0.00017313
0.074499 0.375611 -0.0793266 0.00608054 -4.644e-05 5.119e-05
0.0687215 0.417845 -0.133524 0.0073715 -0.0003688 4.228e-05
0.062455 0.356586 -0.150948 0.00764754 -0.00080802 -7.693e-05
0.0462949 0.29095 -0.0992527 0.00610061 -0.00057888 -0.00014902
0.0514962 0.39292 -0.0586803 0.00525726 -0.00053501 7.888e-05
0.0805633 0.331666 -0.0911351 0.00553308 -0.00136104 0.00016831
0.0416837 0.171029 -0.0196282 0.00480201 -0.00038485 -0.00032693
0.0504437 0.309141 -0.0606615 0.00540833 -0.00038152 1.132e-05
0.0660371 0.424936 -0.110179 0.00658251 -0.00088786 0.00021882
0.0698908 0.390832 -0.181063 0.00734958 -0.0008245 0.00017937
0.0678422 0.235633 -0.0152811 0.00414594 0.00021282 0.00013458
0.0795861 0.401302 -0.137377 0.00704441 -0.0010173 0.00034728
0.0729535 0.343048 -0.0972712 0.00573924 -0.00065284 0.00027684
0.0617161 0.212786 0.0155394 0.00379208 -0.00025065 -7.693e-05
0.077682 0.382629 -0.110045 0.00583946 -0.00128583 0.00015665
0.070326 0.352062 -0.0501445 0.00455295 -0.00081492 0.00015982
0.0798196 0.267913 -0.0529307 0.00498714 -0.00085207 -7.693e-05
0.0834598 0.34772 -0.108337 0.00572555 -0.00117147 0.00012659
0.0643291 0.367234 -0.0987423 0.0053996 -0.00090652 0.00013933
0.0598907 0.277755 -0.0375047 0.00370215 -0.00062538 0.00012847
0.066858 0.187567 -0.0676375 0.0047938 -0.00122965 -7.693e-05
0.0569064 0.338561 -0.068186 0.00449327 -0.0008363 0.00012478
0.0614157 0.359536 -0.0748232 0.0047851 -0.00090087 0.00031659
0.0653248 0.254086 -0.0394673 0.00420084 -0.00105017 6.416e-05
0.0685568 0.248031 -0.0225659 0.00405674 -0.00086549 9.666e-05
0.0631237 0.365517 -0.0629118 0.00468933 -0.0009178 0.00032519
0.0627872 0.294734 -0.0139738 0.00371562 -0.00072517 0.0003626
0.0558106 0.17986 0.0295617 0.00335148 -0.00071916 -7.693e-05
0.0610902 0.35516 -0.024341 0.00389519 -0.00071411 0.00023107
0.0634154 0.336749 -0.0346302 0.00437537 -0.00117676 0.00042551
0.0525961 0.249826 -0.00526631 0.00430284 -0.00084143 0.00025368
0.0806351 0.326021 -0.0817015 0.00492201 -0.00177918 0.00045168
0.0622113 0.285222 -0.0142499 0.00422377 -0.0009935 0.00034071
0.0645772 0.261728 -0.00937736 0.00428893 -0.00111022 0.0001992
0.0629291 0.368929 -0.0253168 0.00408331 -0.00102827 0.00039849
0.0578945 0.245319 0.0148521 0.00391459 -0.00092199 0.00027686
0.0675949 0.264162 0.0136975 0.00374072 -0.001003 0.00033144
0.0552637 0.352876 0.00173086 0.00374964 -0.00085991 0.0001889
0.0500604 0.256317 0.0350571 0.00376795 -0.00083988 -7.693e-05
0.0551913 0.253096 0.0514482 0.00319195 -0.00094631 0.00016497
0.0802512 0.392098 -0.0667336 0.00519423 -0.0017016 0.00025155
0.0773911 0.346399 -0.0556002 0.00444194 -0.00139944 0.00039579
0.0666476 0.201849 0.0479245 0.00255106 -0.00044146 0.00021177
0.0782564 0.398035 -0.100792 0.0050118 -0.00128198 0.00028254
0.0657214 0.296909 -0.0261502 0.00317914 -0.00046314 0.00017929
0.0704456 0.225364 -0.0410912 0.00373664 -0.00069818 0.00011462
0.0755823 0.406734 -0.0662464 0.00397304 -0.00069839 0.00039768
0.0676698 0.296259 -0.0306342 0.00367254 -0.00072381 0.00045198
0.068226 0.247602 -0.0388821 0.00438907 -0.00078226 0.00025772
0.0694631 0.337605 -0.0119447 0.00303086 -0.00046912 0.00033498
0.0637008 0.257792 -0.0526298 0.00412314 -0.00078157 0.00010564
0.0549049 0.195785 0.00747284 0.00314879 -0.00049325 0.00010571
0.0540908 0.35847 -0.0949472 0.00504349 -0.00104303 0.0002469
0.0565049 0.279415 -0.0618381 0.00426543 -0.00102101 0.00010786
0.0390979 0.201246 0.00279348 0.00300864 -0.00052951 -7.693e-05
0.0420267 0.353341 -0.0587202 0.00397298 -0.00087416 0.00013945
0.0403831 0.306019 -0.0650626 0.00444776 -0.00083599 0.00022533
0.0474829 0.232081 -0.0339422 0.00419776 -0.00086741 0.00011151
0.0583185 0.327957 -0.0534173 0.00419776 -0.00098204 0.00012662
0.0668349 0.355071 -0.142428 0.00613106 -0.00132705 0.00022531
0.0460324 0.250305 0.00036819 0.00330676 -0.00059544 0.00011483
0.0476561 0.258727 -0.0126093 0.00311564 -0.00124931 0.00048279
0.0523433 0.376952 -0.0469517 0.00392163 -0.00126091 0.00045859
0.0540743 0.269316 -0.0555994 0.00416055 -0.0012921 0.00036683
0.0542894 0.250342 -0.022338 0.00359904 -0.00136481 0.00033052
0.0599747 0.379737 -0.0739124 0.00433583 -0.00165939 0.00044235
0.0704781 0.398079 -0.162756 0.00732761 -0.00215839 -7.693e-05
0.0760495 0.323298 -0.10265 0.00682102 -0.0014574 6.193e-05
0.0698953 0.444105 -0.0880083 0.00611423 -0.00132343 0.00010697
0.0605046 0.368446 -0.0617942 0.00497943 -0.00150381 0.00011645
0.0608194 0.252484 -0.00686413 0.0042633 -0.00084328 -7.693e-05
0.0671961 0.456301 -0.0610111 0.00470831 -0.0019219 0.00014228
0.0679309 0.325054 -0.0545803 0.00471109 -0.0014132 0.00013219
0.0612955 0.294684 -0.114862 0.00518922 -0.00214058 -7.693e-05
0.068682 0.479084 -0.108504 0.00530161 -0.00149644 0.00014779
0.0692841 0.349013 -0.0401857 0.00416132 -0.00133855 2.528e-05
0.0740624 0.319666 -0.055783 0.00462326 -0.00152192 0.00012867
0.0758725 0.42556 -0.0904529 0.00544342 -0.00174044 0.00041941
0.0836718 0.358179 -0.100689 0.00644421 -0.00172792 0.00019896
0.0823041 0.310012 -0.0561801 0.00569811 -0.00169367 0.00013523
0.0815592 0.40882 -0.0607789 0.00525475 -0.00189938 0.00050185
0.0730106 0.324713 -0.0276464 0.00493386 -0.00138339 0.00010551
0.0836301 0.31712 -0.0482746 0.00550731 -0.00176336 0.00036302
0.083559 0.468253 -0.0603176 0.00561886 -0.00172075 0.0005939
0.0775566 0.367719 0.00992842 0.00464378 -0.00172671 0.00047915
0.0790417 0.383512 -0.020116 0.00530378 -0.00208293 0.00059266
0.0756587 0.435768 -0.0267238 0.00501858 -0.0020016 0.00057659
0.0698889 0.35227 -0.0228879 0.00530205 -0.0018284 0.00043519
0.0636543 0.293801 0.0139967 0.00494523 -0.00194875 0.00034046
0.066262 0.429533 0.0124415 0.00452946 -0.00199125 0.00065538
0.0802647 0.367444 -0.0337391 0.005002 -0.00200595 0.00049905
0.0667598 0.293149 0.0220215 0.00403187 -0.00134604 0.00025941
0.0715501 0.43925 -0.164855 0.00719929 -0.00268779 0.00067847
0.0700034 0.42414 -0.0902956 0.00614655 -0.0022761 0.00038955
0.0684904 0.339684 -0.0795332 0.00593813 -0.00193485 0.00039192
0.0663059 0.516459 -0.148798 0.0059752 -0.00263643 0.00036376
0.0641808 0.397232 -0.099111 0.00536757 -0.00235608 0.00012018
0.0630469 0.311648 0.0543498 0.00200694 -0.00138699 -7.693e-05
0.0817615 0.511432 -0.131165 0.00745416 -0.00202489 0.00060994
0.0815425 0.344853 -0.123116 0.00755041 -0.00183558 0.00013641
0.0676765 0.426917 -0.0930186 0.00585999 -0.00139987 0.00032928
0.0720906 0.384071 -0.0913418 0.00621163 -0.001602 0.00047987
0.0699815 0.297434 -0.0659498 0.00609355 -0.00161122 0.00014822
0.0626059 0.385222 -0.0500529 0.00530073 -0.00200111 -7.693e-05
0.0755715 0.409431 -0.084723 0.00610089 -0.00198503 0.00028488
0.105391 0.349064 -0.179014 0.00749908 -0.00180433 1.473e-05
0.0848934 0.496103 -0.315331 0.00941126 -0.00250491 -7.693e-05
0.105199 0.632066 -0.304986 0.0105667 -0.00274435 0.00043286
0.0775625 0.376197 -0.161931 0.00678916 -0.00201921 0.00020427
0.0845433 0.446885 -0.15271 0.00533844 -0.00171066 0.0002045
0.0511384 0.359155 -0.102154 0.00422481 -0.0020544 2.756e-05
0.0383323 0.173251 -0.0643077 0.00393056 -0.0014438 -0.00029415
0.0474995 0.28539 -0.071184 0.0030617 -0.00171763 -0.00013982
0.0488371 0.297317 -0.0913307 0.00383161 -0.00260712 2.756e-05
0.0478213 0.244363 -0.0920005 0.00478669 -0.00238278 -0.00022244
0.0565823 0.290458 -0.126621 0.00512441 -0.00200528 0.00040031
0.0533973 0.344776 -0.09875 0.00538595 -0.0016798 0.00061383
0.0547973 0.332998 -0.103788 0.00603406 -0.00206961 2.756e-05
0.0650341 0.274911 -0.0617291 0.00538755 -0.00180129 2.756e-05
0.0782343 0.479452 -0.121234 0.00665321 -0.00210178 0.00045
0.0875823 0.427309 -0.11726 0.00718407 -0.00226872 0.00046871
0.0798737 0.32521 -0.0569554 0.00635533 -0.00194874 0.0003518
0.0938451 0.459773 -0.1505 0.00780502 -0.00244787 0.00052928
0.0765742 0.392344 -0.110545 0.00641303 -0.0018778 0.00039528
0.0780366 0.33977 -0.118533 0.00638196 -0.00197251 0.00036327
0.0423374 0.171879 -0.00193808 0.00380801 -0.00122373 -0.00022244
0.0626237 0.37636 -0.0979082 0.0058574 -0.00168324 0.00033981
0.0603231 0.328231 -0.0435571 0.00489974 -0.00155425 0.00026623
0.0617212 0.238817 0.0188999 0.00407442 -0.00115832 9.086e-05
0.059866 0.399973 0.0224499 0.00285954 -0.00116592 0.00012488
0.0608521 0.372345 -0.0633084 0.00521084 -0.00204139 0.00029031
0.0661442 0.271671 -0.0435364 0.00532883 -0.00206375 2.756e-05
0.0788324 0.382205 -0.0713113 0.00566157 -0.00214782 0.00054582
0.0909588 0.403798 -0.0762734 0.00594015 -0.00220051 0.00047036
0.105752 0.257974 -0.0215122 0.00292595 -0.0018232 2.756e-05
0.113292 0.306399 -0.0832321 0.00357174 -0.00207568 2.756e-05
0.10188 0.337924 -0.0229665 0.00269385 -0.00168981 0.00016339
0.0957876 0.23389 -0.142265 0.00529248 -0.00321528 -0.00022244
0.105185 0.326105 -0.0778596 0.00364478 -0.00226364 0.00017343
0.121659 0.382558 -0.121003 0.00547365 -0.00269151 0.000468
0.115518 0.304292 -0.0609967 0.00336792 -0.00276203 0.00015991
0.113977 0.203353 -0.0743772 0.00403867 -0.00237266 2.756e-05
0.1106 0.380214 -0.185929 0.00616337 -0.00337573 0.00032341
0.10517 0.285714 -0.0734167 0.00418828 -0.00260485 0.00027436
0.0956568 0.233398 -0.131603 0.0050751 -0.00348164 -0.00022244
0.110346 0.246305 -0.0657866 0.00429527 -0.0030847 0.00028558
0.113544 0.366383 -0.0666599 0.00368058 -0.00353336 0.00025045
0.120346 0.235182 -0.0613709 0.0038731 -0.00340905 0.00036553
0.128621 0.217052 -0.0588554 0.0039045 -0.00318591 0.00037574
0.131492 0.349401 -0.0935839 0.00482509 -0.00313524 0.00053905
0.141719 0.264134 -0.372587 0.00707826 -0.00490155 0.00030895
0.186678 0.0721484 -1.19021 0.0112489 -0.0043572 0.00051693
0.136956 0.207576 -0.712528 0.0107602 -0.00469507 0.00013337
0.127673 0.133178 -0.351758 0.00887829 -0.00499627 0.00027213
0.141189 0.250878 -0.122368 0.00671449 -0.00388845 0.00023637
0.0746592 0.336575 -0.0216889 0.00614463 -0.00313133 0.00016833
0.0551226 0.342592 0.0161313 0.00237182 -0.00193888 -9.1e-06
0.0179836 0.262316 0.0796811 0.00285826 -0.00222022 9.213e-05
0.0470188 0.388553 0.0697426 0.00232413 -0.0019875 -9.1e-06
0.073476 0.48106 0.0593775 0.00296334 -0.0017582 0.00033861
0.0735186 0.452552 0.045978 0.00461239 -0.00145429 4.449e-05
0.0727415 0.291513 0.0656358 0.00495261 -0.00260577 0.00019288
0.0657112 0.327356 0.103047 0.00375719 -0.00175596 0.0002285
0.0584567 0.256185 0.0886817 0.00430468 -0.00201063 0.00017529
0.0675607 0.187629 0.0920875 0.00372272 -0.00243727 -0.0002591
0.0798901 0.283543 0.129573 0.00305398 -0.00173067 -9.1e-06
0.077039 0.483003 0.0549669 0.00385411 -0.0024815 0.00040517
0.0811224 0.33946 0.0691222 0.00470368 -0.00236717 0.00013328
0.083268 0.422103 0.0793994 0.00399939 -0.00231265 0.00016989
0.0802269 0.562502 0.054039 0.00507954 -0.00242163 -9.1e-06
0.0785759 0.427626 0.119059 0.0036701 -0.00216271 0.00018641
0.0940466 0.28314 0.108226 0.00460085 -0.00323135 -9.1e-06
0.0884364 0.487827 0.0621033 0.00518886 -0.00330569 8.704e-05
0.0808557 0.339118 0.0992349 0.00472011 -0.0033278 -9.1e-06
0.0807743 0.278714 0.124844 0.00432474 -0.00334027 -9.1e-06
0.0841643 0.410827 0.110566 0.00405754 -0.0027639 0.00018428
0.0696627 0.363977 0.11641 0.00356823 -0.00287047 -9.1e-06
0.0802231 0.308428 0.0850105 0.00467604 -0.00343595 6.49e-05
0.0906816 0.365523 -0.0317604 0.00697129 -0.00402644 -6.455e-05
0.0273241 0.376697 0.0770662 0.00389712 -0.00294136 -2.71e-06
-0.014689 0.351033 0.0587642 0.00389276 -0.0020655 3.702e-05
0.00759798 0.388299 0.0121336 0.00464158 -0.00271453 7.227e-05
0.0185205 0.327517 0.0829307 0.00390474 -0.00255609 -9.415e-05
0.0223435 0.510135 0.0444906 0.00424141 -0.00222936 0.00018494
0.0242215 0.438593 0.00440093 0.00524938 -0.00279289 0.0001451
0.013327 0.235869 0.111147 0.002475 -0.0015179 -6.615e-05
0.00426669 0.379708 0.093671 0.00218919 -0.00147313 -8.515e-05
-0.00444259 0.33546 0.030745 0.00298582 -0.00291208 -0.0002972
-0.0263057 0.15739 0.0880305 0.00259558 -0.0025757 -0.00014775
-0.0302832 0.372579 0.0728757 0.00201239 -0.00193782 -0.00012621
-0.0347732 0.326325 0.107383 0.00109064 -0.00104575 7.227e-05
-0.0151965 0.276949 0.087896 0.00268859 -0.00242947 -0.00017717
-0.0143123 0.337585 0.0889066 0.00293974 -0.00239427 -7.493e-05
-0.0159367 0.414919 0.0744153 0.00293834 -0.00265854 -9.593e-05
-0.0201248 0.353423 0.0778 0.00289087 -0.00258309 7.227e-05
-0.0168031 0.264094 0.0970822 0.00266421 -0.00225262 -9.535e-05
-0.0256328 0.341507 0.0699479 0.00290211 -0.00306799 -6.203e-05
-0.0191531 0.411079 0.0587005 0.00295067 -0.00322445 -0.00010286
-0.0288855 0.263738 0.100228 0.00238788 -0.00222798 -4.425e-05
-0.00686408 0.286966 0.0774819 0.00253054 -0.00270953 -0.00012103
-0.00645557 0.39766 0.123154 0.00156231 -0.00184813 7.227e-05
-0.00679035 0.280717 0.103316 0.00280008 -0.00238326 7.227e-05
-0.0124356 0.237331 0.142036 0.00149666 -0.00159185 -0.0001151
-0.0240312 0.405701 0.087325 0.00239216 -0.00215597 -3.435e-05
-0.0268923 0.328945 0.091061 0.00241643 -0.00238089 -1.664e-05
-0.0277596 0.263872 0.0856753 0.00261503 -0.00280788 4.9e-06
-0.0312079 0.191457 0.110996 0.00241868 -0.00190582 -0.00014259
-0.0209211 0.397309 0.0733316 0.00291776 -0.00250121 7.227e-05
-0.0321062 0.283178 0.103592 0.00258469 -0.00235846 -0.00010076
-0.0337332 0.282211 0.122266 0.00244327 -0.00236631 -5.287e-05
-0.0199618 0.428182 0.0941358 0.00267589 -0.00259841 -3.727e-05
-0.0262227 0.341096 0.0905023 0.00260827 -0.00273712 7.227e-05
-0.0388204 0.253958 0.130291 0.0026582 -0.00218641 7.227e-05
-0.0277934 0.399437 0.0828632 0.00318414 -0.00313859 7.227e-05
-0.0336153 0.322009 0.160542 0.00153788 -0.00211332 7.227e-05
-0.0312792 0.21482 0.164135 0.001706 -0.00195096 -4.829e-05
-0.0224185 0.315939 0.10738 0.00253312 -0.00300971 -3.204e-05
-0.0270773 0.349553 0.114837 0.00243524 -0.00234758 7.227e-05
-0.0310989 0.248416 0.18086 0.00202929 -0.00240123 -6.658e-05
-0.0219672 0.432045 0.113314 0.00250039 -0.00235237 7.227e-05
-0.0270657 0.406031 0.110436 0.00255822 -0.00256395 0.00012835
-0.0264756 0.30919 0.130476 0.00280257 -0.00219494 7.227e-05
-0.0282375 0.338401 0.125727 0.0025447 -0.00261858 7.227e-05
-0.0217851 0.384979 0.095854 0.00259783 -0.00281395 7.227e-05
-0.0270686 0.314895 0.106185 0.00253595 -0.00229151 7.227e-05
-0.0284776 0.243117 0.131155 0.00233326 -0.00194523 -6.552e-05
-0.00091463 0.418028 0.0428685 0.00314003 -0.00398362 -0.00020247
0.015803 0.43698 -0.0179065 0.0062594 -0.00405825 0.00013799
-0.0201504 0.262779 0.0969523 0.00434142 -0.00339458 7.227e-05
-0.011467 0.526327 0.0149077 0.00503546 -0.00352802 7.227e-05
-0.00433431 0.45955 8.664e-05 0.00604781 -0.00394005 0.00014597
0.00046841 0.365506 0.00047873 0.00655954 -0.00481081 0.00017136
0.00090143 0.492685 0.00943056 0.00538796 -0.00369066 0.00016217
-0.00627797 0.386362 0.0232103 0.00510619 -0.00371713 0.00015888
-0.00621504 0.305839 0.0779651 0.00425139 -0.00348444 6.945e-05
0.010502 0.491642 -0.0652799 0.00732741 -0.00468656 0.00055286
0.00332633 0.391652 -0.0224463 0.00646348 -0.00443372 0.00024633
-0.00398043 0.33316 0.00283519 0.00551598 -0.00395077 -4.961e-05
0.0212363 0.490151 -0.0497087 0.0069276 -0.00494594 0.00018678
0.0360474 0.322454 0.0842682 0.0036667 -0.00321307 2.295e-05
0.0266015 0.292533 0.088089 0.0033453 -0.00323559 1.619e-05
0.0284728 0.487203 -0.0404518 0.00629207 -0.004914 7.548e-05
0.021161 0.352426 0.0313575 0.00526225 -0.00426925 2.486e-05
0.0125324 0.303129 0.0961394 0.00383288 -0.00334235 -0.00014496
0.0153976 0.422715 -0.0211391 0.00553029 -0.0044174 -2.94e-06
0.00659567 0.263287 0.0560292 0.00490957 -0.00390759 -0.00015077
0.0298238 0.409401 -0.0219232 0.00606992 -0.00425701 0.00014786
0.019268 0.389174 0.00777863 0.00563553 -0.00417106 0.00014786
0.0248783 0.305411 0.0434424 0.00563553 -0.00455081 -7.69e-06
0.0311322 0.397046 0.0314661 0.00555842 -0.00411744 0.00014786
0.0266928 0.395979 -0.0223732 0.00656141 -0.00440247 0.00014786
0.0256361 0.276644 0.0589669 0.00510849 -0.00429586 -0.00013307
0.0368183 0.429532 0.0142726 0.00567428 -0.00447116 1.029e-05
0.034264 0.440946 -0.0592455 0.00770012 -0.00489459 4.606e-05
0.0275339 0.355805 0.0318988 0.00509454 -0.00386347 -4.333e-05
0.0263839 0.297484 0.0495941 0.00467918 -0.00409921 -5.954e-05
0.0354518 0.42786 0.0250251 0.00502061 -0.00395983 0.00014786
0.0258494 0.371042 0.0259669 0.00547097 -0.0040964 0.00014786
0.0257649 0.273139 0.112344 0.00426238 -0.00376293 -0.00011385
0.0345274 0.462791 -0.0193348 0.00629187 -0.00490816 0.00014786
0.030649 0.407432 0.0183134 0.00543596 -0.00406699 0.00014786
0.0247219 0.28836 0.0725769 0.00515312 -0.0043422 0.00014786
0.035368 0.438541 0.053172 0.0050197 -0.00407779 0.00014786
0.0347636 0.443651 -0.0241052 0.0065344 -0.00462679 0.00014786
0.0285892 0.308839 0.0951836 0.00380843 -0.00343838 -1.629e-05
0.0344017 0.444683 0.0130758 0.00443945 -0.00464664 -2.73e-05
0.0249576 0.368067 0.0340819 0.00443945 -0.00392824 -9.288e-05
0.0351367 0.32176 0.0186237 0.00529905 -0.00431075 0.00014786
0.0353946 0.502461 -0.00812447 0.00559498 -0.00421941 0.00021219
0.0301672 0.381172 0.0653794 0.00434215 -0.00402913 0.00014786
0.0353145 0.289005 0.0844236 0.00403211 -0.00365041 -0.00010329
0.0389665 0.475143 -0.0244866 0.00615198 -0.00435344 0.00021658
0.0350483 0.388648 -0.0188223 0.00645304 -0.00442042 0.00014786
0.0395621 0.319574 0.0355514 0.00571363 -0.00459642 0.00014786
0.0468251 0.486164 -0.0806817 0.00762767 -0.00481374 0.00014786
0.0274206 0.33887 0.0362324 0.00466572 -0.00378786 -4.01e-06
0.0266344 0.321023 0.0110656 0.00517593 -0.00432535 0.00014786
0.0332857 0.434611 0.00619914 0.00506332 -0.00339523 0.00014786
0.0376335 0.357978 -0.0299982 0.00648512 -0.00462791 0.00014786
0.0439913 0.364353 -0.0145341 0.00616757 -0.00449457 0.00014786
0.0398292 0.466327 -0.0150436 0.00621099 -0.00441084 0.00014786
0.0346912 0.346727 0.0283277 0.00579856 -0.00454032 0.00014786
0.038141 0.349534 0.0381775 0.00528838 -0.00449246 -2.625e-05
0.0391338 0.424946 -0.00104277 0.00573048 -0.00444711 0.00014786
0.0355524 0.371841 -0.00638876 0.005449 -0.00420874 0.00014786
0.0327968 0.274462 0.0507305 0.00475178 -0.003931 -4.645e-05
0.0313737 0.450946 -0.0135623 0.00504583 -0.00463533 -1.817e-05
0.0315894 0.358137 0.0260759 0.00491706 -0.00431775 0.00014786
0.02595 0.298557 0.0456628 0.00453141 -0.00440994 0.00014786
0.0327186 0.446758 0.0268816 0.00453141 -0.00419995 0.00014786
0.0255388 0.305433 0.0761435 0.0035773 -0.00371416 -6.502e-05
0.0282714 0.35078 0.0190524 0.00504871 -0.00475035 0.00014786
0.0324465 0.477728 0.00695784 0.00530972 -0.00434873 0.00014786
0.031291 0.399872 -0.00897631 0.00591387 -0.00447473 0.00014786
0.0213871 0.26954 0.0575925 0.00425634 -0.00385124 0.00014786
0.0355459 0.38914 -0.00873746 0.0053598 -0.00431162 5.56e-05
0.0483516 0.395279 -0.0742746 0.00668338 -0.00545359 0.00014786
0.0356231 0.28085 0.00861472 0.00545803 -0.00444654 -8.949e-05
0.0385667 0.444628 0.0164869 0.00532111 -0.00446395 0.00014786
0.0345538 0.415455 0.033418 0.00483267 -0.00444836 0.00022834
0.0326802 0.334184 0.0452181 0.00563985 -0.00464942 0.00014786
0.046484 0.428972 0.00862956 0.00545434 -0.00413844 0.00039861
0.0482695 0.485206 -0.00376557 0.00592914 -0.00431193 0.00043028
0.0491174 0.344431 0.05135 0.00516804 -0.00479308 0.00014786
0.0502608 0.449222 -0.00714134 0.00588135 -0.00507344 0.00014786
0.0520383 0.499491 -0.0689303 0.00787317 -0.00485073 0.0005252
0.0394488 0.367324 0.010429 0.00613756 -0.00491026 0.00025597
0.0530705 0.412472 -0.034061 0.00735275 -0.00552791 0.00037423
0.0507743 0.49834 -0.0404997 0.00735842 -0.00541016 0.000297
0.0533691 0.423534 -0.0189314 0.00764815 -0.00552389 0.00040372
0.0575089 0.41469 -0.00856949 0.0070979 -0.00540258 0.00036371
0.0550046 0.503751 0.00664836 0.00630389 -0.00504787 0.00046639
0.060297 0.463089 -0.0349262 0.00732748 -0.00481138 0.00062437
0.0452468 0.368822 0.00818523 0.0065614 -0.00523634 0.00033148
0.0479837 0.492439 -0.00720974 0.00618816 -0.00486171 0.00049974
0.0454662 0.428454 0.0181956 0.00640918 -0.00495799 0.0004212
0.0483455 0.36675 -0.0202451 0.00731182 -0.00530417 0.00037522
0.0560996 0.515903 -0.0321988 0.00792504 -0.00538114 0.00053766
0.0542016 0.485049 -0.0249465 0.00737456 -0.00577534 0.00049062
0.0451772 0.359441 0.0811016 0.00613002 -0.00524686 0.00044856
0.0528667 0.504004 0.0474024 0.00657278 -0.00537192 0.00063684
0.0498013 0.483431 0.0473949 0.00677855 -0.0056404 0.00064814
0.0447941 0.401491 0.0576807 0.00649848 -0.00558358 0.00052388
0.0464718 0.329854 0.010212 0.00618675 -0.00513023 0.00024765
0.05406 0.533167 -0.00481066 0.00610569 -0.00493075 0.00014786
0.0681155 0.594077 -0.152101 0.00993172 -0.00657097 0.00014786
0.0561519 0.433526 -0.015409 0.00780027 -0.00537632 0.00014786
0.0571941 0.487953 -0.0192267 0.00827557 -0.00558773 0.00014786
0.0571007 0.54178 -0.10764 0.00946423 -0.00580428 0.0003044
0.0476272 0.410333 -0.0476148 0.00773355 -0.00515256 0.00014786
0.0477377 0.347653 0.0161493 0.00426072 -0.00407204 0.00014786
0.0664355 0.581567 -0.194889 0.00936662 -0.00619504 0.00030758
0.0460694 0.328876 -0.00583576 0.0061204 -0.00463094 2.621e-05
0.0583261 0.488572 -0.0843819 0.00737726 -0.00513034 0.00014786
0.0607121 0.537657 -0.0884764 0.00737226 -0.00488691 0.00053285
0.048716 0.388609 0.0340143 0.00520945 -0.00438704 0.00014786
0.0611209 0.42768 -0.0632938 0.00721098 -0.00557997 0.00014786
0.0597462 0.529512 -0.0859561 0.00746612 -0.00512715 0.00014786
0.0536217 0.394725 -0.0483517 0.00753242 -0.00551255 0.00014786
0.0576151 0.440813 -0.0505031 0.00762096 -0.00539999 0.00026495
0.0521148 0.512217 -0.0752925 0.007114 -0.00496325 0.00027024
0.0483425 0.393259 -0.00720351 0.00575458 -0.00435839 0.00014786
0.0299756 0.357636 -0.0399677 0.0062599 -0.0050578 0.00021675
0.0174774 0.445376 -0.0242284 0.00469936 -0.00472946 0.00053308
-0.00074608 0.423428 -0.0798301 0.00584165 -0.00453997 0.00041183
-0.00309625 0.395927 -0.0846548 0.00690072 -0.0049816 0.0004164
0.00647338 0.35 -0.0604238 0.00658857 -0.00495023 0.0003066
0.00833933 0.51504 -0.0809344 0.0067957 -0.00484705 0.0005935
0.00785632 0.437607 -0.088867 0.00720877 -0.00489569 0.00049148
0.00535836 0.36718 -0.0684551 0.00682274 -0.00500412 0.00040852
0.0101353 0.508884 -0.167421 0.00843949 -0.00574531 0.00058139
-0.0111398 0.324783 0.0358532 0.00442488 -0.00420092 0.00026531
0.00925524 0.430145 -0.0606007 0.00575187 -0.00456002 0.00046723
0.0157116 0.461732 -0.0584001 0.00596395 -0.00441175 0.00047577
0.0196656 0.334763 -0.0193619 0.00586354 -0.00430018 0.00029719
0.0348697 0.522276 -0.156643 0.00834131 -0.0062996 0.00061315
0.020516 0.457408 -0.0537407 0.00644888 -0.00478912 0.00058811
0.012584 0.37905 -0.100179 0.00764162 -0.00495915 0.00014786
0.0141658 0.421983 -0.0346033 0.0055707 -0.00410881 0.00036961
0.00654755 0.458129 -0.0597509 0.00595739 -0.00430322 0.00049972
0.00507072 0.33279 0.00344785 0.00566484 -0.00420912 0.00026599
0.0152393 0.391245 -0.0428838 0.0058915 -0.00437942 0.00047818
0.0130214 0.480712 -0.10006 0.00723038 -0.00502931 0.00069673
0.00839962 0.402235 -0.0511638 0.00715901 -0.00543195 0.00047637
0.0249857 0.361884 0.0138069 0.00507195 -0.00461026 0.00042717
0.0258227 0.49781 -0.0501844 0.00654831 -0.0053971 0.00065012
0.0255896 0.387782 -0.059844 0.00730388 -0.00561785 0.00052336
0.0293846 0.400875 -0.0302753 0.00666435 -0.00535782 0.00046218
0.0236242 0.460407 -0.00657474 0.00576019 -0.00502029 0.00063576
0.0226944 0.423106 -0.0711071 0.00689449 -0.00562312 0.00055361
0.0217292 0.336652 0.0297131 0.00601307 -0.00478916 0.00045609
0.031827 0.492158 -0.0688177 0.00748116 -0.00539233 0.0006475
0.0312904 0.459463 -0.0537639 0.0073008 -0.00556855 0.0005885
0.0294041 0.324384 0.00336901 0.00610634 -0.00493639 0.00033803
0.0383351 0.492819 -0.0794187 0.00742639 -0.00552096 0.00058171
0.0276318 0.479727 -0.0202714 0.0057927 -0.00449583 0.00059573
0.0336218 0.361192 0.0121678 0.00618991 -0.00474074 0.00057648
0.0391233 0.487107 -0.092412 0.00797485 -0.00510074 0.00050864
0.039054 0.477469 -0.0597695 0.00763275 -0.00539069 0.00069206
0.0356792 0.35874 0.0012353 0.00659537 -0.00467647 0.00048666
0.0381965 0.463665 -0.0740562 0.00787964 -0.00495167 0.00050917
0.0354193 0.467894 -0.0581627 0.00777155 -0.00504235 0.00062244
0.0345482 0.385956 -0.0174275 0.00780602 -0.00536275 0.00045994
0.0378142 0.478017 -0.00061702 0.00668604 -0.00528988 0.00066868
0.0323917 0.501493 -0.0183016 0.00700541 -0.00531844 0.00075989
0.0347479 0.419565 -0.0037726 0.00794273 -0.00555924 0.0004861
0.0414804 0.457887 -0.0364191 0.00762221 -0.00508171 0.00053754
0.0363803 0.572813 -0.0764366 0.00859885 -0.00588786 0.00077783
0.0378584 0.507176 -0.0578296 0.00898565 -0.00648933 0.000593
0.032166 0.419003 -0.0195941 0.00730218 -0.00529669 0.00054758
0.0191354 0.472531 -0.0338238 0.00610091 -0.00430166 0.00053964
0.0324289 0.421212 -0.188533 0.0104205 -0.00570814 0.00014786
0.0142383 0.389318 -0.0148986 0.00515394 -0.00407368 0.00045413
0.0227296 0.541565 -0.111205 0.00831764 -0.00551736 0.00057359
0.0197068 0.339393 0.0145461 0.00559084 -0.00422371 0.00034721
0.0312796 0.38107 -0.0332493 0.00667936 -0.00484614 0.00038427
0.0283362 0.52722 -0.0809995 0.00793445 -0.00521658 0.00037864
0.0265877 0.388006 -0.0203771 0.00791274 -0.00539346 0.00045047
0.0293582 0.431043 0.0193493 0.00599217 -0.00446871 0.00049877
0.0350164 0.522484 -0.111871 0.00865206 -0.00615984 0.00069845
0.0240022 0.298905 0.0376994 0.00473005 -0.00432227 0.00043985
0.0407879 0.418006 -0.0509022 0.00608635 -0.00533835 0.00039812
0.0225439 0.36757 -0.0100971 0.00581895 -0.00457688 0.00048481
0.0278312 0.289144 0.00117605 0.00611648 -0.00456398 0.00035381
0.023732 0.455035 -0.0273197 0.00662612 -0.00457365 0.00067577
0.0248378 0.46911 -0.0530799 0.00825952 -0.00500661 0.00060938
0.0263392 0.328431 -0.00299651 0.00736281 -0.00494166 0.00047812
0.034691 0.475845 -0.0362606 0.00776395 -0.00527385 0.00063607
0.0322765 0.464794 -0.0148088 0.00778314 -0.00517495 0.00082435
0.025527 0.334256 0.0723925 0.005604 -0.00417302 0.00059593
0.027062 0.461489 0.00115237 0.00653068 -0.00487533 0.00083905
0.0192113 0.382007 0.031028 0.00600164 -0.00456935 0.00073133
0.0376422 0.365669 -0.0154919 0.00770152 -0.00542619 0.00053007
0.0386324 0.497082 -0.0154892 0.00748684 -0.00529011 0.00070967
0.0285637 0.415387 0.0457009 0.00705778 -0.00527223 0.00079703
0.0379142 0.384819 0.0228606 0.00727974 -0.00584957 0.0006278
0.0286606 0.486326 -0.00417477 0.00754931 -0.00528143 0.00102455
0.0330295 0.425719 0.0323375 0.00772738 -0.00571574 0.00076363
0.030902 0.386193 0.0421608 0.00719676 -0.00512319 0.00066808
0.0404915 0.515363 0.00058684 0.00810696 -0.00553518 0.00090668
0.0307067 0.479883 0.00234463 0.00820436 -0.00531117 0.00079349
0.0303269 0.393662 0.0397182 0.00625713 -0.00436718 0.00067492
0.0550814 0.650213 -0.150595 0.0119745 -0.00618718 0.00071582
0.0628473 0.52224 -0.133264 0.0137535 -0.00637655 0.00098858
0.056671 0.502567 -0.0939073 0.0119356 -0.00647383 0.00108513
0.0435923 0.655836 -0.109291 0.0119603 -0.0067164 0.00108513
0.0316326 0.432191 -0.014957 0.00976305 -0.00508349 0.00066877
0.0428922 0.545288 -0.0764084 0.0107586 -0.00617127 0.0008004
0.0455836 0.61907 -0.0969209 0.0108032 -0.007103 0.00126067
0.0269396 0.406465 -0.00624143 0.00894463 -0.00516604 0.00066877
0.0325518 0.474346 0.00138802 0.00839748 -0.00493217 0.00076544
0.0370842 0.564026 -0.0603021 0.0101089 -0.00606083 0.00090681
0.0271599 0.377073 0.0148314 0.00829573 -0.00532621 0.00088489
0.024449 0.436154 0.00951795 0.0078796 -0.00517512 0.00073741
0.0357669 0.53879 -0.0316096 0.00879417 -0.00617119 0.00093761
0.027081 0.386719 0.0552948 0.00715391 -0.00487308 0.00079033
0.0408485 0.55063 -0.0381749 0.0094875 -0.00627005 0.00102439
0.042871 0.572763 -0.064634 0.00971312 -0.00643623 0.00114492
0.027252 0.416129 0.022546 0.00867778 -0.00538612 0.00088016
0.0369955 0.518789 -0.0248859 0.00933653 -0.00607428 0.00092605
0.0375894 0.577815 -0.0756497 0.0101563 -0.00573599 0.00076388
0.0358572 0.461539 -0.0439262 0.0101359 -0.00570934 0.00086589
0.0462546 0.554491 -0.171715 0.0122589 -0.00631347 0.00085903
0.0432142 0.580111 -0.122562 0.0108615 -0.0070132 0.00087491
0.0418271 0.404277 -0.0254311 0.00944827 -0.00687555 0.00090678
0.0371999 0.506898 -0.00693192 0.0081636 -0.0056156 0.00094546
0.0368721 0.52366 -0.0103366 0.00888007 -0.00633863 0.00107847
0.034738 0.412776 0.023861 0.00864306 -0.00567954 0.00089747
0.0411757 0.557148 -0.037983 0.00940968 -0.0061883 0.00110018
0.0276468 0.476248 -0.0123236 0.00831087 -0.00506016 0.00091428
0.0362283 0.368154 -0.0126175 0.00818487 -0.00526402 0.00066877
0.0398835 0.489241 -0.0483262 0.00786691 -0.00509281 0.00078575
0.0329507 0.459287 -0.0336768 0.00833177 -0.0052826 0.00077355
0.036865 0.37108 -0.0185965 0.00831519 -0.00530238 0.00080645
0.0440184 0.545013 -0.0412511 0.00878513 -0.00547312 0.00085717
0.0297363 0.45289 0.0339844 0.00706826 -0.00475922 0.00096327
0.0345326 0.39189 0.0268304 0.00740453 -0.00539655 0.00081961
0.035007 0.563938 -0.0332054 0.00871275 -0.00554959 0.00084073
0.0423799 0.486573 0.00957203 0.00868979 -0.00557275 0.00083176
0.0393089 0.432226 0.027391 0.00812734 -0.00530883 0.00066877
0.0407947 0.527624 -0.0130955 0.0082907 -0.00551697 0.00096096
0.0266164 0.38479 0.0163391 0.00719579 -0.00510365 0.00066877
0.0100147 0.472644 -0.0477271 0.00791135 -0.00541556 0.0008271
0.00205934 0.495906 -0.0214136 0.00617994 -0.0050674 0.00083418
0.00715667 0.392144 0.0109768 0.00670313 -0.00559686 0.00081541
0.0164623 0.564901 -0.0598194 0.00787843 -0.00553151 0.00107095
0.00380861 0.447934 0.0154436 0.00513006 -0.0044982 0.0008056
0.0111232 0.386603 -0.00110339 0.00655741 -0.00484864 0.0008325
0.0124408 0.532856 -0.0517203 0.00688926 -0.00506998 0.00100984
0.00778494 0.419347 -0.0297603 0.00687609 -0.00507093 0.00085995
0.0135099 0.398301 -0.0711505 0.00779925 -0.00499512 0.00073065
0.0124943 0.483358 -0.039506 0.00680004 -0.00488308 0.00088011
0.00290782 0.371378 0.00548876 0.00587653 -0.00443097 0.00078146
0.00481521 0.368623 -0.037762 0.00624246 -0.00543599 0.00066877
0.00565041 0.505073 0.0155424 0.00506931 -0.00468936 0.00087749
0.00481908 0.400644 0.0183053 0.00551773 -0.00533153 0.00066877
0.0042133 0.434108 0.031479 0.00482958 -0.00464494 0.00077519
0.00791964 0.487317 0.0051668 0.00529656 -0.00438846 0.00083917
0.00552845 0.360526 0.0397432 0.00543155 -0.0046517 0.00079412
0.0148912 0.499945 -0.0643169 0.00746909 -0.00564877 0.00089565
0.00516101 0.371341 0.043704 0.00518459 -0.0046611 0.000835
0.0148507 0.372126 0.00858515 0.00626875 -0.00533175 0.00081162
0.00956941 0.468502 -0.00555368 0.00570343 -0.00519772 0.00093886
0.00954445 0.357274 0.0399936 0.00622023 -0.00524638 0.00087839
0.0130676 0.420385 0.0682723 0.00509766 -0.00535068 0.00103549
0.0141339 0.470403 0.0440386 0.00599286 -0.00528332 0.00097655
0.00736805 0.372307 0.0907094 0.00572304 -0.00531825 0.00095933
0.0119119 0.445649 0.0559094 0.00527927 -0.00506621 0.00096663
0.00779695 0.470007 0.0643478 0.00452767 -0.0045715 0.00099858
0.00042529 0.372094 0.0718801 0.00477382 -0.00543675 0.00077877
-0.00631975 0.350819 0.0830088 0.00379271 -0.00429151 0.00066877
-0.00309 0.495234 0.0102088 0.00491648 -0.00481163 0.0009436
-0.00555938 0.357038 0.0448428 0.00515046 -0.00489161 0.00074134
0.00158599 0.349322 0.0604867 0.00551289 -0.00500629 0.00080043
0.0102149 0.47596 0.0405019 0.00596069 -0.00509349 0.00084669
0.00459383 0.363113 0.0966071 0.0048764 -0.00473062 0.00091303
0.0146985 0.399599 -0.008075 0.00682439 -0.00597703 0.00077963
0.0188726 0.47612 0.0227685 0.00626161 -0.00517683 0.00095405
0.0133511 0.387789 0.046689 0.00658509 -0.00526452 0.00088538
0.00842765 0.408929 0.060675 0.00594845 -0.00535062 0.00091418
0.0167941 0.480782 0.0154433 0.00617642 -0.00495189 0.00092685
0.00024098 0.419055 0.0250911 0.00545934 -0.00480193 0.00080612
-0.00071984 0.411968 -0.05384 0.00730302 -0.00492999 0.00054822
0.00830848 0.589535 -0.0876901 0.00766081 -0.00492127 0.00086186
-0.0106168 0.429291 0.00523689 0.0049575 -0.00445584 0.00076181
-0.0267227 0.285912 0.0509952 0.00334003 -0.00434818 0.00030869
-0.0707063 0.282742 0.0378501 0.003071 -0.00370968 0.00025117
-0.0956286 0.201215 0.0667911 0.00198269 -0.00300514 0.00050117
-0.0390272 0.156789 0.0808818 0.00333554 -0.00346479 0.00012146
-0.0422297 0.334765 0.049293 0.00371097 -0.00383077 0.00044521
-0.0573598 0.282518 0.0646474 0.00448171 -0.00411991 0.00051459
-0.0608691 0.219853 0.106438 0.00379704 -0.00388183 0.00041291
-0.0685232 0.398976 0.107587 0.00296156 -0.00325306 0.00069361
-0.0725429 0.362445 0.0967317 0.00433045 -0.00455203 0.00069361
-0.0777166 0.246858 0.160534 0.00424272 -0.00361924 0.00060925
-0.0800728 0.395321 0.130283 0.00379172 -0.00383605 0.00084625
-0.0735252 0.42254 0.105999 0.0046674 -0.00489178 0.00069361
-0.0670185 0.339825 0.135734 0.00465079 -0.00449092 0.00081609
-0.0387611 0.335996 0.116055 0.00529916 -0.00515749 0.00085027
-0.0364631 0.398768 0.106601 0.00479167 -0.00341439 0.00110973
-0.0545367 0.384027 0.0145789 0.00723508 -0.00528281 0.00084904
-0.0607337 0.318225 0.15797 0.00402891 -0.00367616 0.0009719
-0.0580001 0.481669 0.109989 0.00459245 -0.00438403 0.0013835
-0.0451558 0.410039 -0.0308848 0.00746601 -0.00568177 0.00090795
-0.0573388 0.27938 0.091963 0.0078729 -0.0043152 0.00071964
-0.0891894 0.481514 0.0319333 0.00960392 -0.00403644 0.00069489
-0.0963101 0.466408 0.155774 0.00403359 -0.00257112 0.00075424
-0.0905616 0.419851 0.14375 0.00410749 -0.00292919 0.00078562
-0.104037 0.242977 0.166253 0.00431565 -0.00249675 0.00049073
-0.0944564 0.195222 0.139325 0.00523805 -0.0034241 0.00058051
-0.108993 0.249273 0.157937 0.00421003 -0.00278968 0.00058051
-0.115803 0.180583 0.158925 0.00381813 -0.00275168 0.00058051
-0.115366 0.181019 0.124369 0.00466156 -0.00344701 0.00083051
-0.121513 0.170438 0.142818 0.00395407 -0.00339533 0.00058051
-0.123725 0.137743 0.232485 0.00249321 -0.002549 0.00033946
-0.112822 0.402616 0.101602 0.00502068 -0.00465412 0.00058051
-0.0863613 0.442832 0.046867 0.00710129 -0.00535842 0.00080676
-0.100539 0.33557 0.17067 0.00530497 -0.0041092 0.00085547
