0 0.0812826 0.042684 -0.00024171 0 0
-0.013454 0.0614486 0.0660503 -0.0003621 0 0.00025816
-0.0163052 0.113726 0.100025 -0.00039289 0 0.00030259
-0.0234142 0.186611 0.10663 -0.00100783 -0.00037047 0.00047893
-0.0123743 0.0967113 0.089068 -0.00119559 -0.00024534 0.00016899
-0.0137959 0.0951866 0.10674 -0.00100783 0 0.00029111
-0.0197621 0.153474 0.14083 -0.00126481 -0.00019494 0.00042664
-0.0154496 0.137293 0.0878328 -0.00071358 -0.00015444 0.00029707
-0.0059349 0.0732253 0.103337 -0.00083438 0.00012401 0.00012963
-0.00696886 0.1256 0.135257 -0.00113936 0.00033704 0.00011195
-0.0140663 0.16467 0.118021 -0.0012392 0.00035053 0.00018263
-0.00750107 0.0912027 0.0915685 -0.00067284 0.00047485 0.00011666
-0.0129565 0.116805 0.126011 -0.00093643 0.00047958 0.00021047
-0.0128311 0.188708 0.0973696 -0.00102755 0.00031435 0.0001788
-0.00745573 0.107915 0.0601171 -0.00024925 0.00022623 0.00013797
-0.0117689 0.0840174 0.0869874 -0.00073973 0.00050598 0.00013191
-0.0203004 0.16636 0.0920898 -0.0013303 0.00039879 0.0002362
-0.0123159 0.0578321 0.0573856 -0.00053569 0.00047263 0.00013446
-0.0158373 0.0834793 0.112617 -0.00091938 0.00063516 0.00021824
-0.013912 0.178379 0.134184 -0.00135833 0.0005488 0.00012463
-0.0131909 0.123291 0.0574365 -0.00033889 0.00022975 0.0002032
-0.0101588 0.114484 0.10916 -0.00076505 0.00054736 0.00011746
-0.0204842 0.191374 0.118517 -0.00056031 0.00062144 0.00017544
-0.0234189 0.174885 0.0970535 -0.00056031 0.00015272 0.00039749
-0.0141192 0.0943468 0.0860153 -0.00043548 0.00040508 0.00018603
-0.0267969 0.0933809 0.0177576 0.00019033 8.687e-05 0.00047298
-0.0109573 0.110075 0.00682385 -0.00026447 9.49e-05 3.52e-06
-0.0108662 0.111771 0.00829075 -3.281e-05 0.0001733 5.535e-05
-0.00593189 0.0570281 0.0387262 0.0005432 6.09e-05 -3.169e-05
-0.013968 0.126153 0.046495 0.00060491 0.00013112 7.078e-05
-0.0010118 0.157705 0.0682047 0.00084339 0.00060796 -0.00023205
-0.00504163 0.173597 0.0867843 0.00106758 0.00054991 -0.00026113
-0.015976 0.159973 0.0681176 0.00080885 0.00041596 -4.34e-05
-0.0207247 0.0648388 0.0411316 0.00063971 0.00035936 0.0001304
-0.0113948 0.146696 0.0600402 0.00093831 0.00067279 -0.00021902
-0.0113727 0.189075 0.0677162 0.00100586 0.00076262 -0.00018623
-0.0116808 0.262633 0.084993 0.00115091 0.00058051 -0.00020519
-0.0211053 0.164404 0.0621981 0.00091014 0.00042045 -3.47e-05
-0.0132825 0.155234 0.0798558 0.00094843 0.00074362 -0.00039895
-0.00394196 0.184469 0.110528 0.0010919 0.00102427 -0.0005147
-0.00980375 0.21554 0.109173 0.00090616 0.00088134 -0.00040161
-0.0212506 0.213507 0.0936235 0.00077218 0.00031618 -5.987e-05
-0.0117316 0.144655 0.0871176 0.00077218 0.00070904 -0.00025101
-0.00697894 0.214576 0.0995212 0.00077218 0.00104747 -0.00043411
-0.00347509 0.166059 0.113719 0.00113613 0.00095704 -0.00034341
-0.0116243 0.231303 0.149654 0.00033424 0.00082395 -0.0004694
-0.00889938 0.138304 0.0875834 0.00077218 0.00072309 -0.00045783
-0.00950393 0.110579 0.131638 0.00014392 0.00074084 -0.0003976
-0.00717528 0.195627 0.100249 0.00090589 0.00077961 -0.00047637
-0.00168742 0.184587 0.119527 0.00164324 0.00075068 -0.00033308
-0.00607225 0.205249 0.126901 -4.853e-05 0.00095499 -0.00066197
-0.0121248 0.244648 0.121552 8.331e-05 0.00099969 -0.00087539
-0.0159086 0.307428 0.137149 -0.00034917 0.00104493 -0.00067033
-0.0223939 0.22161 0.109638 -0.00038148 0.00082875 -0.00043066
-0.00227273 0.0852712 0.105352 0.00025038 0.000472 -0.00038793
-0.00851373 0.13279 0.120931 -0.00053504 0.00077101 -0.00060125
-0.00570955 0.150027 0.136818 -0.00041515 0.00073378 -0.0005344
-0.00982021 0.157324 0.13585 6.594e-05 0.00070533 -0.00055672
-0.00494212 0.199005 0.155732 0.00026952 0.000472 -0.00052581
-0.0224358 0.184047 0.122405 -0.00047302 0.00069837 -0.00043935
-0.0058969 0.227134 0.0886891 0.00079439 0.00076735 -0.00044799
-0.0219954 0.22991 0.0910576 0.00041118 0.00081831 -0.00030567
-0.0208762 0.228853 0.113253 -0.00014894 0.0003419 6.573e-05
-0.020832 0.130043 0.0897419 -3.514e-05 0.00013455 7.385e-05
-0.0207192 0.105942 0.0506716 9.443e-05 0.000472 8.699e-05
-0.0164463 0.140954 0.0911872 5.284e-05 0.00058767 3.168e-05
-0.0210862 0.1881 0.1095 1.515e-05 0.000472 -1.503e-05
-0.0108265 0.235138 0.118941 3.144e-05 0.00017479 9.017e-05
-0.0208673 0.173711 0.0927365 0.00090095 0.00037323 5.999e-05
-0.0112919 0.193471 0.0845882 0.00060486 0.000472 -8.53e-05
-0.00787016 0.127816 0.0544264 0.00024787 0.000472 -0.00017037
-0.0212564 0.27967 0.0521106 -0.0001201 0.00052388 -4.924e-05
-0.0168485 0.214198 0.0451572 5.87e-05 0.00065172 1.141e-05
-0.00510659 0.217719 0.0833692 0.00023548 0.000472 -0.00012268
-0.0207087 0.22194 0.117446 -0.0001201 0.00065175 0.00010557
-0.00864804 0.236156 0.0879002 0.00037312 0.000472 -9.736e-05
-0.0190413 0.207931 0.104396 0.00029687 0.00090512 -8.04e-05
-0.0268818 0.21301 0.0923083 -3.733e-05 0.00034704 0.00015372
-0.0222461 0.126919 0.101457 -0.00027389 0.00029546 0.00023437
-0.0191515 0.126146 0.118531 0.00024121 0.000472 0.00020843
-0.0230436 0.128471 0.102375 0.0001299 0.00014712 0.00017807
-0.0210134 0.180782 0.0904558 -4.767e-05 0.00038883 6.41e-06
-0.0253918 0.172447 0.0978667 0.00071697 0.00063438 0.00034792
-0.0289658 0.223704 0.106772 0.00058821 0.00060194 0.00028376
-0.0266588 0.230513 0.0830787 0.00096697 5.122e-05 0.00032593
-0.0355904 0.151854 0.0817266 0.00071697 7.222e-05 0.00038278
-0.0266878 0.221648 0.0926643 0.00085021 0.000472 0.0004187
-0.0241607 0.209518 0.106268 0.00125601 0.00032706 0.00031554
-0.0337367 0.312842 0.112834 0.00104975 -3.182e-05 0.00035281
-0.0313319 0.214157 0.0806152 0.00089346 -0.00040348 0.00039907
-0.0315608 0.148478 0.0757491 0.00055288 8.307e-05 0.000411
-0.0233128 0.188884 0.101559 0.00071697 0.00057635 0.00027629
-0.0246175 0.131473 0.086399 0.00081925 0.00039104 0.00018505
-0.0233304 0.148152 0.114982 0.00147625 0.00031719 0.00036311
-0.0200586 0.236234 0.114398 0.00115854 0.00012922 0.00025908
-0.0236172 0.170769 0.0649559 0.00071697 -9.766e-05 0.00028344
-0.0294167 0.179606 0.0745676 0.00086587 0.00035706 0.0003995
-0.0224625 0.134015 0.0746604 0.00115674 0.00046911 0.00025388
-0.0195323 0.1688 0.0933172 0.00127818 0.00034102 0.00027498
-0.0327092 0.197647 0.0716317 0.00098069 -1.15e-06 0.00039272
-0.0253856 0.170499 0.0741717 0.00100177 0.00010642 0.00038421
-0.0231537 0.16812 0.100044 0.00127743 0.00047512 0.00036354
-0.0269369 0.181919 0.108124 0.00134256 0.00029375 0.00041874
-0.0271657 0.1605 0.0920163 0.00120461 -1.15e-06 0.00033559
-0.0303055 0.210654 0.0917646 0.00120373 5.152e-05 0.00052364
-0.0227146 0.151862 0.116857 0.00150017 -1.15e-06 0.00030168
-0.0300922 0.242583 0.119661 0.00158902 -1.15e-06 0.00041458
-0.0314369 0.156614 0.0883675 0.00108773 -8.494e-05 0.00045295
-0.0251431 0.148471 0.106764 0.00141483 0.00010236 0.00040987
-0.0270615 0.167226 0.113795 0.00185407 8.499e-05 0.00052729
-0.0412394 0.2842 0.104381 0.00129688 -0.00010795 0.00052068
-0.0332854 0.205844 0.0632798 0.00082403 -0.00018664 0.00053979
-0.0312067 0.209639 0.0857315 0.0011444 -0.00015654 0.0005419
-0.0243533 0.139405 0.0821972 0.00175561 -0.00049116 0.00025121
-0.0185308 0.13984 0.105503 0.0015289 -7.338e-05 0.00019908
-0.0241823 0.143009 0.128574 0.00155561 -0.00014853 0.00039586
-0.0231305 0.206631 0.1348 0.00150479 -0.00031355 0.00040841
-0.0249525 0.230577 0.0957427 0.00121186 -0.00041849 0.00042981
-0.0216719 0.280844 0.102976 0.00121186 -0.00034826 0.00018549
-0.0253415 0.137817 0.0871074 0.00106309 -0.00041849 0.00024027
-0.0169407 0.223473 0.105577 0.00121186 -0.00034402 0.00020736
-0.0188139 0.176561 0.118266 0.00121186 -5.822e-05 0.00033036
-0.0175016 0.182506 0.106038 0.00104552 -0.00028529 0.00012983
-0.0244988 0.206812 0.141841 0.00089482 -0.00011995 0.0004165
-0.0235722 0.18847 0.161355 0.00114489 -0.00013424 0.00041365
-0.0261104 0.212038 0.131411 0.00072691 -0.00048382 0.00041647
-0.0220889 0.190952 0.149408 0.00066716 -0.00012206 0.0003877
-0.0232046 0.211603 0.16043 0.00101767 -0.00018114 0.00045233
-0.0343909 0.282325 0.148236 0.00101767 -0.00066849 0.00052789
-0.0231257 0.173145 0.0916336 0.00101767 -0.00041849 0.00022977
-0.0199952 0.253171 0.10684 0.00079277 -0.00030966 0.00013509
-0.0235526 0.258838 0.128411 0.00067789 -0.00048469 0.00034323
-0.0239458 0.200028 0.116188 0.00076342 -0.00066895 0.0002167
-0.0236589 0.10329 0.0885451 0.00098415 -0.00058064 0.00028374
-0.0235596 0.114185 0.129465 0.0006044 -0.00041849 0.00031524
-0.0200299 0.170886 0.178019 0.00017416 -0.00041849 0.00028359
-0.0233508 0.241794 0.155438 0.00078566 -0.00030829 0.00039575
-0.0236354 0.284952 0.138695 0.0006317 -0.00041849 0.0003202
-0.023469 0.198791 0.115324 0.00112955 -0.00041849 0.00036091
-0.02348 0.262486 0.151229 0.00120779 -0.00028525 0.00035054
-0.0139861 0.275159 0.179864 0.00109193 2.54e-06 0.0002563
-0.0307463 0.277358 0.190349 0.00078566 4.84e-05 0.00045287
-0.0268399 0.252892 0.181312 0.00124191 -0.00019709 0.00059326
-0.0297508 0.288693 0.1665 0.00085325 -0.00031013 0.00052669
-0.0334131 0.266557 0.119227 0.00063275 -0.0007563 0.00053589
-0.0279525 0.216789 0.157116 0.00021637 -0.00041849 0.00049994
-0.0194198 0.124308 0.160071 0.00095856 -0.00020675 0.00037618
-0.0213679 0.128684 0.188746 0.00041843 -0.00027265 0.00034551
-0.0294638 0.220784 0.177209 0.00134238 -0.00041849 0.00060752
-0.0232601 0.224246 0.201522 0.00123988 -0.00024603 0.00041657
-0.0211306 0.298272 0.219128 0.00053365 -0.00036149 0.00037849
-0.0331856 0.300536 0.130166 0.00076196 -0.00076841 0.00060025
-0.0178534 0.257483 0.137147 0.00052545 -0.00041849 0.00028494
-0.0169444 0.150477 0.0961791 0.00120256 -0.00020275 0.00037765
-0.0133429 0.220552 0.181263 0.00106379 -0.00018385 0.00040955
-0.0234449 0.301663 0.249562 0.00049418 -0.00041849 0.00039254
-0.0280677 0.120953 0.0211046 0.00082462 -0.00041849 0.00035828
-0.0187384 0.254062 0.166888 0.0013113 -0.00036484 0.00027745
-0.0160521 0.192455 0.237755 0.00093918 -0.00018358 0.00039213
-0.0166204 0.236956 0.240982 0.0013591 -0.00041849 0.00039215
-0.0236173 0.29912 0.207186 0.00155609 -0.00061413 0.00032266
-0.0234346 0.238058 0.219946 0.00076196 -0.00036183 0.00038044
-0.028913 0.319384 0.241678 0.0011408 -0.00041849 0.00041746
-0.0234286 0.288813 0.256504 0.00189364 -0.0004185 0.0003766
-0.021042 0.28249 0.263739 0.00167681 -0.00041849 0.00039396
-0.0234943 0.290987 0.248068 0.0014015 -0.00041849 0.00036979
-0.0233804 0.292815 0.314797 0.00108397 -0.00041849 0.00039122
-0.0233552 0.281238 0.330426 0.00134015 -0.00048171 0.00040578
-0.0203456 0.324144 0.310404 0.00202305 -0.00041849 0.00043458
-0.0235409 0.324471 0.286406 0.00096078 -0.00070701 0.00036261
-0.0211937 0.209695 0.230416 0.00102206 -0.00059374 0.00014434
-0.013758 0.133421 0.165453 0.00178251 -0.00051879 0.0002394
-0.0234173 0.198724 0.180153 0.00189344 -0.00052549 0.00034966
-0.023249 0.303827 0.225897 0.00276475 -0.00073511 0.00041889
-0.023207 0.303517 0.21175 0.0025747 -0.00041849 0.00041852
-0.0234592 0.356107 0.215583 0.00198388 -0.00054134 0.00037436
-0.0238702 0.269029 0.209302 0.00260891 -0.00068689 0.00022416
-0.0237496 0.273125 0.254783 0.00249641 -0.00060974 0.00026821
-0.0233492 0.317841 0.294876 0.00194556 -0.00054486 0.00040862
-0.0233232 0.254574 0.179977 0.00215157 -0.00050936 0.00039702
-0.0160688 0.240547 0.240665 0.00187222 -0.00041849 0.00036998
-0.0233546 0.23815 0.184245 0.00241991 -0.00054181 0.00037262
-0.0232855 0.238366 0.170119 0.00236263 -0.00064532 0.00040086
-0.0236481 0.182977 0.162827 0.00214661 -0.00051707 0.00027157
-0.0214501 0.210518 0.167475 0.00220756 -0.00051243 0.00029439
-0.023396 0.332805 0.187912 0.00222102 -0.00070749 0.00039012
-0.0254997 0.275685 0.192165 0.00238117 -0.00077417 0.00040142
-0.0273916 0.244984 0.201837 0.00284712 -0.00064694 0.00034452
-0.0273128 0.223786 0.188129 0.00311034 -0.00067269 0.00035509
-0.0233166 0.297256 0.235709 0.00290976 -0.00052672 0.00040709
-0.0233602 0.358929 0.24982 0.00262188 -0.00041849 0.00040671
-0.0233541 0.261726 0.247042 0.0025979 -0.00051529 0.0003909
-0.016683 0.240579 0.238843 0.00262408 -0.00048864 0.00027254
-0.020982 0.347475 0.277174 0.00179317 -0.00047831 0.00022678
-0.0234102 0.274596 0.221625 0.00242923 -0.00060847 0.00038896
-0.0234273 0.205398 0.205506 0.00235067 -0.00057362 0.00038567
-0.0208653 0.249573 0.173669 0.00249625 -0.00041849 0.00032428
-0.023604 0.274671 0.170133 0.002834 -0.00062762 0.00032951
-0.0230811 0.264612 0.183541 0.00274858 -0.00041849 0.00048999
-0.0230209 0.278258 0.21402 0.00321045 -0.00013914 0.0005053
-0.0250196 0.35361 0.22046 0.003393 -0.00011649 0.00052755
-0.0232241 0.344986 0.198488 0.00288645 -0.00030626 0.00045513
-0.0230366 0.315665 0.214399 0.00310575 -0.00015704 0.00049838
-0.0156083 0.238535 0.216561 0.00401076 -0.00019195 0.00039919
-0.0310721 0.364131 0.216297 0.00314961 -0.00057772 0.00054574
-0.0364952 0.169915 0.134437 0.00263832 -0.00084016 0.00065017
-0.0605147 0.115826 -0.00821459 0.00300027 -0.00166141 0.00061951
-0.0474603 0.169753 0.0375681 0.00163576 -0.00118965 0.00049923
-0.0210202 0.173908 0.102253 0.00281482 -0.00051616 0.00034932
-0.011108 0.23403 0.129124 0.00350171 -0.00017056 0.0003106
-0.0207395 0.304199 0.0908888 0.00435749 -0.00040005 0.00043946
-0.016189 0.352477 0.0949203 0.00379699 -0.00016052 0.00036658
-0.0205039 0.286967 0.0968398 0.00451075 -8.117e-05 0.00050314
-0.0208681 0.403393 0.126291 0.00447791 -8.117e-05 0.00040488
-0.0209013 0.420984 0.137675 0.00429488 -0.00054385 0.00041221
-0.0243069 0.336216 0.116865 0.00373357 -0.00054027 0.00047897
-0.0206572 0.24108 0.117272 0.00341519 -8.117e-05 0.00043472
-0.0135369 0.172653 0.140802 0.00399491 -8.117e-05 0.0004356
-0.0236997 0.271079 0.153267 0.00390438 -0.00038159 0.0004585
-0.0296026 0.256339 0.132466 0.00384547 -0.00057253 0.0006314
-0.020839 0.229399 0.14116 0.0036141 -0.00037633 0.00039556
-0.020665 0.302319 0.169813 0.00347872 -8.117e-05 0.00044348
-0.020618 0.296028 0.148146 0.00465467 4.182e-05 0.00044642
-0.0206648 0.386847 0.16698 0.00418838 -8.117e-05 0.00045463
-0.0237953 0.3419 0.145741 0.00395498 -0.00040901 0.00045163
-0.0209068 0.27056 0.16239 0.00306893 -0.00051846 0.00038762
-0.0207879 0.327231 0.177551 0.00323689 -0.00020317 0.0004123
-0.0154356 0.336567 0.210019 0.00390311 -8.117e-05 0.00042965
-0.0231241 0.448808 0.181702 0.003627 -0.00041309 0.00047493
-0.0207659 0.376182 0.169887 0.00310733 -0.00039216 0.00042312
-0.0206875 0.224401 0.194563 0.0032107 -0.00039672 0.00044333
-0.0226823 0.281468 0.203027 0.00345592 -0.00060852 0.00049491
-0.0245571 0.33456 0.224869 0.00377252 -0.0005874 0.00057837
-0.0256256 0.434489 0.266024 0.0043358 -0.00054117 0.00085579
-0.0230072 0.366172 0.245829 0.00551481 -0.00077602 0.0008166
-0.0194099 0.365901 0.292673 0.00449727 -0.00056707 0.00087004
-0.0192061 0.481096 0.333914 0.00454574 -0.0007527 0.00091401
-0.0192591 0.44942 0.328706 0.00447873 -0.00071637 0.00090251
-0.0198251 0.52838 0.29136 0.0046484 -0.00073122 0.00075819
-0.0315692 0.45286 0.282419 0.00418274 -0.00127793 0.00093966
-0.0268975 0.438392 0.332424 0.0040399 -0.00108927 0.00069186
-0.0191007 0.317655 0.331873 0.00430186 -0.00086498 0.00095778
-0.0188931 0.350226 0.342821 0.00436548 -0.0005635 0.00102881
-0.0194262 0.463736 0.304764 0.00434651 -0.00070659 0.00088549
-0.0194676 0.419981 0.321667 0.00382925 -0.00073039 0.00085626
-0.0108843 0.429273 0.335004 0.00390807 -0.0005705 0.000594
-0.00751881 0.452074 0.368762 0.00419872 -0.00046648 0.00070902
-0.0175672 0.569582 0.385944 0.00434044 -0.00070555 0.00085822
-0.0173954 0.523614 0.376218 0.00404392 -0.00084528 0.00083401
-0.0193628 0.404188 0.281056 0.0045803 -0.00066836 0.00090743
-0.0194687 0.505483 0.295264 0.00400961 -0.00069424 0.00091219
-0.00590195 0.438264 0.348077 0.00424921 -0.00030565 0.00067944
-0.00205719 0.404886 0.384505 0.00451616 -0.00033374 0.00070933
-0.00824751 0.459091 0.379349 0.00465219 -0.0004556 0.00079658
-0.0139141 0.501157 0.352272 0.00442824 -0.0005857 0.00087884
-0.0109988 0.434179 0.405462 0.00461379 -0.00080373 0.00119227
-0.00582916 0.551778 0.406204 0.0047468 -0.00047673 0.00120591
-0.00383358 0.495209 0.419246 0.00488659 -0.0005857 0.0010322
0.00138409 0.524997 0.361134 0.00434066 -0.00017695 0.00090626
-0.00551751 0.545652 0.360554 0.00445492 -0.0005857 0.00088271
-0.0137035 0.43761 0.368726 0.00397622 -0.00075856 0.00092356
-0.0115422 0.506703 0.358607 0.0042238 -0.00053211 0.00072082
-0.0066142 0.487882 0.38579 0.00432399 -0.00035611 0.0007248
-0.00110994 0.486187 0.414487 0.00482128 -0.00027498 0.00070705
-0.00797563 0.543995 0.432794 0.00503747 -0.0005857 0.00087618
-0.00680192 0.549102 0.383693 0.00356553 -0.0003302 0.0009627
-0.00849655 0.52996 0.326547 0.00395431 -0.00050739 0.00074051
-0.0164397 0.429368 0.33334 0.00400226 -0.00064948 0.00048142
-0.0124084 0.436206 0.430251 0.00287681 -0.00084042 0.00043002
-0.00329669 0.561826 0.410658 0.00360607 -0.00076106 0.00057176
-0.0106648 0.425382 0.19366 0.00397519 -0.00080143 0.00062314
-0.0116332 0.586997 0.326949 0.00436216 -0.0006844 0.00054648
-0.00120383 0.538434 0.362217 0.00463544 -0.0004815 0.00052397
0.00125718 0.508 0.428011 0.0053622 -0.00043053 0.00048706
0.0069135 0.521194 0.436402 0.00542058 -0.00026276 0.00070663
-0.00797616 0.676379 0.417832 0.0046513 -0.0008865 0.00087201
0.00163351 0.598069 0.439212 0.00525474 -0.00097554 0.0005759
0.00124704 0.49253 0.462793 0.00525048 -0.00100126 0.00048739
-0.00451408 0.693407 0.399951 0.00345434 -0.00085915 0.00072777
0.00053125 0.576246 0.431014 0.00352142 -0.00047621 0.0004482
0.00557614 0.57631 0.486778 0.00481066 -0.00045044 0.00054589
0.0208276 0.593397 0.499138 0.0057915 -0.00036066 0.00089678
0.00544734 0.62127 0.447475 0.00539243 -0.0006541 0.00115082
0.0179799 0.598639 0.507085 0.00564458 -0.00102953 0.00097931
0.0169986 0.610752 0.558583 0.00604391 -0.0001773 0.00097095
0.0212722 0.576136 0.589871 0.00574186 -0.00037724 0.0010315
0.0314732 0.647465 0.579822 0.00605501 -0.00068537 0.00075746
0.0373911 0.62908 0.543897 0.00609145 -0.00119304 0.00050553
0.0391625 0.643803 0.585471 0.00692295 -0.00155655 0.00064294
0.0425031 0.564517 0.623773 0.00558262 -0.00136201 0.00066193
0.0409936 0.595507 0.603231 0.00592385 -0.00213627 0.00057078
0.0400545 0.613987 0.55733 0.00586493 -0.0024521 0.00070633
0.0525856 0.598942 0.630187 0.00640455 -0.00235201 0.00062903
0.03833 0.54259 0.604518 0.0076831 -0.00228893 0.00074343
0.0494014 0.626562 0.646243 0.0072824 -0.0023373 0.00088837
0.0536182 0.669791 0.654598 0.00713919 -0.00276694 0.00095343
0.0485972 0.711559 0.66096 0.00642269 -0.00289873 0.00095029
0.0492803 0.703788 0.601837 0.00658416 -0.00250625 0.00094047
0.0619978 0.767998 0.712152 0.00544289 -0.00234929 0.00142253
0.0599066 0.604509 0.675028 0.00582093 -0.00275356 0.00103929
0.0522836 0.563102 0.669216 0.00529698 -0.00289606 0.00082479
0.0700299 0.717382 0.72455 0.00589924 -0.00255581 0.0011872
0.0729717 0.671447 0.756268 0.00518727 -0.00228744 0.00129319
0.0720472 0.724413 0.7598 0.00564876 -0.00278464 0.00157042
0.0548237 0.913352 0.67133 0.00565299 -0.00328779 0.00161051
0.0653657 0.70015 0.662796 0.00675182 -0.00264575 0.0011443
0.0827488 0.549254 0.701746 0.00616915 -0.00236731 0.0010601
0.0739394 0.601181 0.74561 0.00575037 -0.0026914 0.00098808
0.0778967 0.814115 0.764959 0.00663564 -0.0025017 0.00124831
0.0725842 0.725018 0.750501 0.00789001 -0.00278778 0.00113048
0.0594648 0.690851 0.670121 0.00770539 -0.00259729 0.00140799
0.0753397 0.827229 0.727233 0.00769209 -0.00265324 0.00133498
0.0661705 0.903676 0.67114 0.00771852 -0.00316267 0.00134031
0.0667798 0.794697 0.591275 0.0074009 -0.00389234 0.00145237
0.0663031 0.649998 0.621231 0.0073418 -0.00385299 0.00127574
0.0753873 0.557378 0.679779 0.00718829 -0.00365911 0.00103078
0.080043 0.582859 0.730539 0.00741344 -0.00343411 0.00096238
0.0674035 0.690521 0.672782 0.00723234 -0.00343411 0.00163725
0.0780746 0.688441 0.668058 0.0073616 -0.00333567 0.00187407
0.0694534 0.648477 0.656388 0.00792904 -0.00340885 0.00131363
0.0667594 0.640857 0.652178 0.00809376 -0.00331518 0.00139241
0.0816863 0.7561 0.698375 0.00822726 -0.00344725 0.00164817
0.0697597 0.938071 0.654909 0.00801275 -0.00347943 0.00225392
0.0658151 0.855442 0.641005 0.00770067 -0.00307128 0.00185904
0.0747412 0.775796 0.644568 0.00778524 -0.0031612 0.00151236
0.0716814 0.631679 0.648692 0.00751591 -0.00356827 0.00127156
0.0603576 0.627518 0.616711 0.00720522 -0.00382562 0.00144012
0.0651169 0.546211 0.613478 0.00732345 -0.00353844 0.00146941
0.0798968 0.634867 0.642444 0.00805519 -0.00366483 0.00134073
0.0673604 0.549706 0.607451 0.00675276 -0.00334221 0.00150114
0.00693463 0.500885 0.384813 0.00295887 -0.002824 0.00080152
0.0150619 0.536404 0.510855 0.00437547 -0.00422919 0.0008926
0.0337464 0.5745 0.528802 0.00620911 -0.00387631 0.00107527
0.0387658 0.59451 0.514493 0.00712983 -0.00324417 0.00139123
0.0352974 0.581866 0.449252 0.00654131 -0.00293921 0.00156545
0.0333998 0.619121 0.502475 0.00708552 -0.00354669 0.0016061
0.0517975 0.618117 0.58691 0.00675802 -0.00343573 0.00146006
0.0566555 0.589492 0.626208 0.00703749 -0.00282989 0.00176826
0.0639388 0.568754 0.638931 0.00727506 -0.00317275 0.00142906
0.0536707 0.568531 0.590063 0.00674759 -0.00368091 0.00130435
-0.0178319 0.353159 0.343086 0.00162716 -0.00294277 0.00060799
-0.053249 0.108019 0.267105 0.00051106 -0.00265276 0.00011707
-0.0337021 0.109382 0.255355 0.00228395 -0.00242474 0.00034132
-0.0190488 0.262392 0.315917 0.00321493 -0.00231916 0.00025073
-0.0185029 0.415973 0.303801 0.00365014 -0.00258901 0.00041178
-0.0327682 0.484643 0.315805 0.00303698 -0.00272893 0.00097255
-0.0275428 0.441972 0.33845 0.00360729 -0.00174344 0.00075232
-0.0185099 0.403473 0.375904 0.00404782 -0.00129855 0.00045873
-0.00911388 0.391764 0.379059 0.00419044 -0.00110178 0.00033526
-0.00990094 0.417881 0.396188 0.00457307 -0.00108213 0.00039969
-0.0144229 0.368901 0.366109 0.00490214 -0.0010857 0.00037802
-0.0188079 0.316296 0.375885 0.00510425 -0.00096787 0.00037201
-0.0184425 0.330019 0.392427 0.00505661 -0.00088215 0.0004886
-0.0167911 0.383193 0.409147 0.00515086 -0.00093645 0.00036789
-0.0219387 0.415077 0.403887 0.00538706 -0.0009293 0.0003887
-0.0222337 0.429947 0.411149 0.00560488 -0.00094293 0.00047144
-0.0187666 0.46377 0.429468 0.00568841 -0.00086166 0.00044522
-0.0243702 0.497856 0.425321 0.00523128 -0.00099614 0.0004281
-0.0261787 0.431782 0.403167 0.00509272 -0.00101813 0.00047604
-0.0186048 0.402161 0.409566 0.00504104 -0.00086129 0.00046878
-0.0189198 0.409956 0.420989 0.0051044 -0.00099775 0.00036311
-0.0190368 0.363183 0.396382 0.00530351 -0.00090914 0.00031566
-0.0247864 0.364355 0.416846 0.00518055 -0.0008976 0.00040935
-0.0177227 0.533003 0.536918 0.00595643 -0.00229337 0.00066011
-0.0178224 0.471043 0.573327 0.00652502 -0.00271413 0.00060193
-0.0343818 0.45646 0.54143 0.00736422 -0.00175891 0.00066585
-0.0176504 0.406225 0.526045 0.00809012 -0.00214015 0.00064679
-0.0176117 0.39419 0.555636 0.0077755 -0.00209694 0.00067245
-0.0177827 0.39834 0.563956 0.00733883 -0.00173597 0.00067793
-0.0177374 0.480836 0.52212 0.00782127 -0.0028643 0.00056516
-0.03588 0.502557 0.51647 0.00731545 -0.00272941 0.00077678
-0.0333341 0.647513 0.586924 0.00689475 -0.00266253 0.00088567
-0.0321794 0.553005 0.585079 0.00706407 -0.00256417 0.00119086
-0.0159872 0.532233 0.641439 0.00711756 -0.00305891 0.00106659
-0.0139904 0.499728 0.63467 0.00681188 -0.00311468 0.00089431
-0.0164913 0.512207 0.622047 0.00687998 -0.00288981 0.00093874
-0.0270412 0.551525 0.565366 0.00730924 -0.00233037 0.00084886
-0.0169037 0.460698 0.566967 0.00798801 -0.0029297 0.0007193
-0.017272 0.402876 0.621644 0.0075308 -0.00296956 0.000635
-0.017303 0.477642 0.635354 0.00703895 -0.00272646 0.00068367
-0.0174111 0.468653 0.591484 0.00665065 -0.00222429 0.00071167
-0.0033809 0.459715 0.633575 0.00654368 -0.00272646 0.00083521
-0.00877438 0.493438 0.623158 0.00748754 -0.00287589 0.00087605
-0.00893531 0.508783 0.657686 0.00735482 -0.00265957 0.00081152
-0.0225223 0.546958 0.623499 0.00721568 -0.00208763 0.00104695
-0.0170627 0.565172 0.643364 0.00753684 -0.00251026 0.00079368
-0.0171082 0.544527 0.652195 0.00764455 -0.00254795 0.00077866
-0.040226 0.627045 0.56495 0.00673173 -0.00216692 0.00109107
-0.0270068 0.4967 0.658027 0.00610265 -0.0029779 0.00119564
-0.0262454 0.461441 0.650802 0.00637389 -0.00310752 0.00113727
-0.0354091 0.445803 0.580569 0.00648868 -0.00318843 0.00108423
-0.0331093 0.438221 0.614235 0.00704808 -0.00382093 0.00123167
-0.0333217 0.505109 0.608421 0.00659709 -0.00370457 0.0011903
-0.0325233 0.48986 0.646641 0.00695049 -0.00376778 0.00139165
-0.0327205 0.455476 0.633813 0.00673788 -0.00387293 0.00132794
-0.051238 0.491703 0.508714 0.00565412 -0.00308968 0.00129798
-0.0343569 0.409411 0.441406 0.00535393 -0.00333968 0.00089531
-0.0327406 0.482664 0.529812 0.00623496 -0.00351433 0.00138344
-0.0332668 0.500605 0.605298 0.0069565 -0.0034001 0.00120504
-0.0269102 0.487124 0.623587 0.00750451 -0.00330582 0.00115092
-0.0328467 0.530835 0.614338 0.00724961 -0.00399463 0.00127121
-0.0328075 0.490437 0.595063 0.0073924 -0.00422305 0.00125353
-0.0324899 0.424349 0.621662 0.00716564 -0.00374879 0.00140294
-0.0329257 0.533093 0.646733 0.00723617 -0.00359353 0.00126369
-0.0287876 0.509737 0.640899 0.00752168 -0.00394155 0.00119199
-0.0297769 0.720251 0.630239 0.00799674 -0.00434132 0.00146576
-0.0181613 0.525068 0.632676 0.00734837 -0.00430537 0.00134056
-0.0257704 0.443106 0.525851 0.010326 -0.00353844 0.00143398
-0.031748 0.47288 0.592807 0.00894731 -0.00450327 0.00152845
-0.0310779 0.475944 0.612525 0.00757214 -0.00484999 0.00171746
-0.0192903 0.521971 0.632489 0.00779788 -0.00453473 0.00160468
-0.0173671 0.525638 0.667485 0.00775674 -0.00447723 0.00153553
-0.0264488 0.588079 0.639463 0.00818015 -0.00471759 0.00162253
-0.0218387 0.576999 0.680908 0.0081713 -0.00504223 0.00180785
-0.0134628 0.609951 0.630223 0.0090326 -0.00507465 0.00153747
-0.0207383 0.625664 0.666048 0.00737609 -0.00476601 0.0015066
-0.0185214 0.55886 0.675197 0.00712796 -0.00470424 0.00149631
-0.00285032 0.510498 0.722259 0.00764653 -0.00460591 0.00107688
-0.00398106 0.586188 0.784538 0.00782919 -0.0051759 0.00109382
-0.00617818 0.593432 0.783219 0.00842908 -0.00495779 0.00105729
-0.0120837 0.727542 0.772833 0.00838919 -0.00541043 0.00131804
-0.0111732 0.690189 0.799542 0.00862069 -0.00549093 0.0012884
-0.0108916 0.696355 0.8328 0.0085113 -0.00598516 0.00117809
-0.0106261 0.729861 0.827117 0.00831312 -0.0059498 0.00127128
-0.00614812 0.662046 0.736037 0.0074131 -0.00513512 0.00161775
0.00041772 0.573622 0.769686 0.00702017 -0.0053388 0.00144584
0.00529223 0.514676 0.772813 0.00702017 -0.00512862 0.00114459
0.00269834 0.554402 0.754599 0.00727017 -0.00520045 0.00105511
-0.00683928 0.550092 0.742991 0.00702017 -0.0058645 0.0009336
-0.004186 0.49098 0.773584 0.00761523 -0.00540459 0.00125186
-0.00142465 0.652763 0.796599 0.00826014 -0.00486261 0.00128675
0.00058554 0.714823 0.802077 0.00827897 -0.00493941 0.00131462
-0.00053953 0.734448 0.813793 0.00827143 -0.00471687 0.00168063
0.00470414 0.740026 0.802969 0.00844504 -0.00469517 0.00146062
-0.0157991 0.50049 0.617476 0.00907001 -0.00459048 0.00147107
-0.0163643 0.635959 0.600285 0.00958068 -0.0050412 0.00149785
-0.00375431 0.540508 0.604756 0.00826799 -0.00449402 0.00155033
0.00173704 0.432621 0.621392 0.00847482 -0.00470284 0.0010948
-0.0001597 0.477302 0.669719 0.00744408 -0.00532238 0.00098503
-0.00411363 0.432672 0.686722 0.00823184 -0.00511197 0.00106123
-0.00639697 0.558954 0.734915 0.00836962 -0.00594427 0.00104515
-0.0109734 0.601783 0.7918 0.00825329 -0.00723953 0.00094634
-0.00253305 0.668062 0.803734 0.00764417 -0.00740136 0.00122813
0.0116495 0.71603 0.821885 0.00785876 -0.00711705 0.00134103
0.0033746 0.637025 0.76035 0.00736499 -0.00572107 0.00156989
0.00764504 0.61664 0.769911 0.0070605 -0.00625009 0.00128168
0.0090569 0.577717 0.803838 0.00742313 -0.0062311 0.0010681
0.00050675 0.651102 0.815506 0.00788212 -0.00656209 0.00103945
-0.00365131 0.690761 0.824482 0.00792422 -0.00767279 0.00124494
0.00616481 0.585904 0.828019 0.00749304 -0.00742493 0.00141816
0.0140943 0.607389 0.905065 0.00799383 -0.00781725 0.00120124
0.00323893 0.642778 0.913066 0.00856639 -0.00746599 0.00103471
-0.00339763 0.746903 0.893049 0.00834987 -0.00807096 0.00123483
0.00863887 0.809037 0.93445 0.00818269 -0.00845051 0.00125077
0.0103104 0.706391 0.990761 0.00759909 -0.00889784 0.00151601
0.010741 0.622786 0.956553 0.00845139 -0.00864953 0.00138466
0.0142663 0.622197 0.973915 0.00829663 -0.00877286 0.00117859
0.0113807 0.704976 0.977269 0.00856991 -0.00849128 0.00154667
0.0165993 0.757366 0.997171 0.00894543 -0.00842915 0.00127084
0.0134357 0.795985 1.02114 0.00876678 -0.00878569 0.00119065
0.00844308 0.864239 1.03383 0.00894417 -0.00864954 0.00147149
0.007704 0.873011 1.03984 0.00971175 -0.00822032 0.0013677
-0.00200421 0.742463 0.940219 0.0111682 -0.00855982 0.0015124
-0.00168114 0.803764 0.922996 0.00950673 -0.00989514 0.0014209
0.0106434 0.562926 0.857632 0.00879898 -0.00892882 0.00117611
0.0125337 0.522607 0.939658 0.00937868 -0.00931172 0.00147028
0.0445772 0.563842 0.920812 0.00775295 -0.0102485 0.00097692
0.05582 0.504093 0.8559 0.0074882 -0.00894613 0.0007908
0.0405912 0.674246 0.86747 0.00736783 -0.00899144 0.00116046
0.032355 0.75917 0.882966 0.00783113 -0.00888628 0.00129466
0.0269004 0.802145 0.947614 0.00779075 -0.00934066 0.00108632
0.0305663 0.756576 0.945826 0.00806425 -0.00932357 0.00117546
0.0174539 0.761503 0.867236 0.00850231 -0.0086058 0.00137294
0.0213079 0.684978 0.870655 0.00847679 -0.00859939 0.00157809
0.0249653 0.694299 0.792818 0.00837844 -0.00835676 0.00124421
0.019943 0.629241 0.832658 0.00801666 -0.00871774 0.00154483
0.00691553 0.512052 0.858758 0.00793058 -0.00915938 0.00168094
0.00277039 0.522342 0.783858 0.00782741 -0.00958 0.00105019
0.00968914 0.500487 0.780806 0.00730765 -0.00911936 0.0009371
0.00939706 0.544772 0.824299 0.00729135 -0.00915356 0.00087995
0.0220853 0.688383 0.852387 0.00767373 -0.00885261 0.00096259
0.0180967 0.668934 0.859425 0.00761734 -0.00843971 0.00091644
0.00752735 0.761773 0.838457 0.00776237 -0.00884136 0.00100672
0.0126122 0.691424 0.831504 0.00747623 -0.00912196 0.00119981
0.010194 0.692761 0.872076 0.00734604 -0.00929413 0.0010681
0.0219784 0.662479 0.865468 0.00780481 -0.00914275 0.00085721
0.0188018 0.625619 0.859527 0.00804053 -0.00906433 0.00100454
-0.00014926 0.620249 0.805459 0.00752093 -0.0088442 0.00093448
-0.00805302 0.531181 0.802307 0.00789758 -0.00884882 0.00094119
0.0113198 0.606751 0.823148 0.00825152 -0.00929256 0.00102911
0.00290033 0.586316 0.836755 0.00813593 -0.00988358 0.00099424
0.00846998 0.615875 0.818373 0.00771911 -0.0093312 0.00069984
0.0120989 0.595531 0.767437 0.00631069 -0.00900212 0.00064841
0.0246902 0.647018 0.820509 0.00598056 -0.00962792 0.00123501
0.0170377 0.546524 0.818987 0.00714788 -0.0095978 0.00152978
0.00954582 0.601111 0.794791 0.00819074 -0.00931099 0.00118153
0.0123859 0.709834 0.7799 0.00700917 -0.00861648 0.00143418
0.0105367 0.752996 0.775589 0.00698878 -0.00924154 0.001439
0.0164915 0.562804 0.769524 0.00685867 -0.00934456 0.00125833
0.0112747 0.462164 0.799366 0.00636532 -0.00824072 0.00134815
0.0089301 0.580539 0.789531 0.00681735 -0.00898943 0.00096232
0.0123236 0.494025 0.804032 0.00657207 -0.00891107 0.00092207
0.0027382 0.569718 0.798666 0.00608631 -0.00946066 0.00099479
0.0067366 0.514822 0.777088 0.00615578 -0.00883808 0.00090314
0.0028824 0.492063 0.730875 0.00655912 -0.0085799 0.00114197
-0.0110549 0.543983 0.754827 0.00744796 -0.00916757 0.00123284
-0.0186393 0.555033 0.677184 0.00944379 -0.00934506 0.00124352
-0.00442351 0.632196 0.742434 0.00866923 -0.00941957 0.00123902
0.00561574 0.685407 0.742469 0.00795656 -0.00929054 0.00132317
0.00192002 0.552215 0.689548 0.00830364 -0.00871189 0.00117809
0.00295516 0.449675 0.695093 0.00803417 -0.00860837 0.00091604
0.00367982 0.470317 0.67803 0.00861161 -0.00855535 0.00086907
0.00973723 0.557801 0.754968 0.00782691 -0.0091266 0.00106218
0.00653687 0.472099 0.728945 0.00792111 -0.00905503 0.00101968
0.00335975 0.428892 0.690397 0.00864185 -0.0086019 0.00084825
0.00688784 0.540681 0.758566 0.00809204 -0.00887156 0.00096662
0.0155324 0.673288 0.790761 0.00777358 -0.00919591 0.00116041
0.0110543 0.56628 0.765098 0.00781166 -0.00899105 0.00098924
0.0106271 0.51481 0.736062 0.00771576 -0.00833948 0.00084405
0.0117496 0.557514 0.740775 0.00769341 -0.00820993 0.00086208
0.0150536 0.644377 0.778417 0.00781594 -0.0085751 0.00109329
0.0148783 0.564763 0.756212 0.00775408 -0.00846419 0.00106808
0.0137683 0.503381 0.74381 0.00795408 -0.00844429 0.00072416
0.00637208 0.556574 0.801133 0.00871973 -0.0100311 0.00111091
-0.00878029 0.567288 0.813848 0.00727909 -0.00996836 0.00118067
-0.00643098 0.508532 0.750433 0.00810858 -0.00969677 0.00104945
-0.00229395 0.51722 0.790528 0.00796095 -0.00944018 0.00099188
-0.00696212 0.549221 0.78655 0.00812877 -0.00910121 0.00099052
-0.00681674 0.603244 0.792681 0.00733037 -0.0091748 0.00102956
-0.00265134 0.525302 0.742536 0.0070164 -0.00767073 0.0008584
-0.00400409 0.559003 0.763198 0.00722421 -0.00816513 0.00100835
9.872e-05 0.651365 0.802089 0.00717996 -0.00818793 0.00118869
-0.00688628 0.560346 0.777015 0.00703559 -0.00826638 0.00112744
-0.00022817 0.529751 0.762006 0.00723755 -0.00819976 0.00105187
-0.0019221 0.601626 0.805363 0.00650717 -0.00825693 0.00118862
-0.00650003 0.57632 0.762651 0.00670649 -0.00853605 0.00118644
-0.00729376 0.45938 0.751252 0.00646219 -0.00855418 0.00095363
-0.00727095 0.464805 0.767408 0.00684946 -0.00812275 0.00101738
-0.00097021 0.499695 0.768424 0.00652377 -0.00812274 0.00099281
-0.0016555 0.592037 0.809075 0.00661026 -0.008526 0.00111752
