0.0136937 0.11802 0.156688 -0.00081171 0.00066292 -0.00022673
-0.0126606 0.194078 0.18747 -0.00056336 0.00038442 0.0004343
0.0294669 0.143286 0.105275 0.00079879 0.0008969 -0.0004399
0.0307726 0.0117489 0.0460959 0.00093595 0.00027312 -0.00012899
0.0812999 0.0833195 0.0648898 0.00115409 0.00010562 0.00024317
0.0818364 0.0718888 0.0650436 0.00105953 4.973e-05 0.00034098
0.0836155 0.0410387 0.0647668 0.00124421 0.00023533 0.00019842
0.0806191 0.0271261 0.0551997 0.00097868 6.127e-05 0.00041295
0.0914925 0.104666 0.0575366 0.00092959 -2.004e-05 0.00043112
0.0963479 0.104362 0.0646629 0.00135374 0.00050906 0.00055606
0.0938745 0.0899856 0.0605211 0.00098661 0.0001125 0.00069325
0.0901564 0.0706028 0.0808215 0.00120425 -0.00022438 0.00096213
0.0945467 0.116236 0.053555 0.00089249 -1.58e-06 0.00067225
0.0977613 0.0901403 0.0649521 0.00109637 -3.65e-05 0.0006118
0.0950475 0.0329215 0.0612741 0.00095425 -2.543e-05 0.00074811
0.0985717 0.0641244 0.0651899 0.00100045 9.585e-05 0.00107419
0.106785 0.0659097 0.065054 0.0010377 -9.349e-05 0.00084502
0.110323 0.05136 0.0650065 0.0010821 4.627e-05 0.00085533
0.102929 0.033599 0.0607767 0.00103738 0.00012955 0.00087996
0.104531 0.0365748 0.0597326 0.00095425 -0.0001008 0.00093844
0.117702 0.10598 0.065104 0.00101997 2.014e-05 0.0008301
0.110058 0.0720627 0.0425604 0.00095425 0.00026897 0.00076653
0.108819 0.0423786 0.0609103 0.00120425 0.00026897 0.00079275
0.119534 0.0880934 0.0649017 0.0011089 -6.565e-05 0.00089487
0.107342 0.0223186 0.0651807 0.00095855 -9.076e-05 0.00077632
0.0979675 0.0520274 0.0258164 0.00090283 0.00026897 0.00080527
0.110305 0.0771282 0.0613955 0.00109403 0.00019543 0.00088006
0.111268 0.0127822 0.0557009 0.00107522 0.00018117 0.00078358
0.120089 0.040479 0.0613241 0.00102937 4e-08 0.00089835
0.123033 0.0648091 0.0684287 0.00120425 0.00017742 0.00076472
0.121179 0.0209498 0.0648227 0.00120425 0.00016481 0.00072291
0.116069 0.0294632 0.0681677 0.00120425 0.00012341 0.00087737
0.12058 0.0872199 0.0648054 0.00120425 0.00012243 0.00095598
0.115179 0.0232284 0.0650044 0.00107923 1.897e-05 0.00079821
0.123845 0.0472243 0.0671786 0.00120425 0.00014231 0.00093968
0.12437 0.0507642 0.039343 0.00080286 2.287e-05 0.00095851
0.120599 0.0100476 0.0649549 0.00110453 1.897e-05 0.00068307
0.12168 0.0620209 0.0696038 0.00120425 0.0001183 0.00095198
0.126847 0.0414446 0.0648072 0.00120425 0.00012265 0.00090595
0.114217 0.00831856 0.0678322 0.00120425 0.00015058 0.00072782
0.121376 0.0354818 0.0553811 0.00095425 -6.828e-05 0.00076443
0.123735 0.0503083 0.0649143 0.00112339 1.897e-05 0.00080322
0.118048 0.0106869 0.0649428 0.00110942 1.897e-05 0.00067866
0.120047 0.0540526 0.0671213 0.00120425 0.00011147 0.0009312
0.125505 0.0532542 0.0669457 0.00120425 9.147e-05 0.00077646
0.1202 0.0121538 0.0375461 0.00083716 0.00026897 0.00068244
0.12295 0.0244778 0.0619435 0.0011244 1.897e-05 0.00065788
0.120566 0.0588991 0.0648606 0.00120425 0.00026897 0.0006053
0.125076 0.00850655 0.0648048 0.00120425 0.00011666 0.0006171
0.130267 0.0162806 0.0612209 0.00120425 0.00013439 0.00055914
0.129531 0.0451823 0.0648969 0.00113203 1.897e-05 0.00077923
0.128359 0.00209081 0.0616934 0.00120425 0.00014969 0.00055552
0.123619 0.00854751 0.0526839 0.00120425 0.00011481 0.00052335
0.126755 0.0253984 0.0597783 0.00120425 0.00026897 0.00069887
0.118423 0.00627736 0.0574655 0.00120425 0.00026897 0.00059095
0.127582 0.0109195 0.0648052 0.00120425 0.00011753 0.00071101
0.133721 0.0377722 0.0670418 0.00120425 8.321e-05 0.00086056
0.116842 0.00246373 -0.0125454 0.00053802 6.134e-05 0.00075015
0.124518 0.01028 0.027844 0.00076727 0.00026897 0.00082339
0.133511 0.0257896 0.0648096 0.00120425 0.0001296 0.00086481
0.126862 0.0082755 0.0584814 0.00120425 0.00013907 0.00078973
0.117785 -0.00174044 0.0328765 0.00086296 0.00026897 0.00050809
0.131613 0.0237911 0.0574982 0.00120425 0.00014042 0.00061929
0.127696 0.00538075 0.0647984 0.00120425 0.00010668 0.00075943
0.118275 -0.00365302 0.0309926 0.00084551 0.00026897 0.00064634
0.130269 0.0294685 0.0593703 0.00120425 0.00011347 0.000797
0.128776 0.0162297 0.0648008 0.00120425 0.00011377 0.00068681
0.107442 -0.00636589 -0.00700465 0.00013384 0.00026897 0.00054273
0.121465 0.0116505 0.0177521 0.00059699 0.00010113 0.00053499
0.12438 0.0104586 0.0179777 0.00048024 0.00026897 0.00057603
0.106478 -0.00986494 0.00999218 0.00050772 0.00026897 0.00042247
0.114807 0.00684012 0.00366177 0.000362 0.00026897 0.00061234
0.135121 0.0139634 0.0116303 0.00060651 0.00026897 0.00085154
0.135298 -0.029967 -0.0415486 0.00142058 0.00039501 0.00127774
0.134296 -0.00439804 -0.0301789 0.00104951 0.00092861 0.00083175
0.135119 0.00361199 -0.00728882 0.00095425 0.000868 0.00052862
0.155382 -0.0179193 -0.00712082 0.00097111 0.00062379 0.00112434
0.135826 -0.0158146 -0.0406226 0.00120424 0.0006395 0.00096639
0.137554 0.0170208 -0.00522019 0.00105556 0.00095817 0.00086524
0.115326 -0.0124163 -0.0304125 0.00097818 0.0006966 0.00082171
0.142352 0.0107813 -0.0135515 0.00070525 0.00072934 0.00088531
0.128818 0.00094832 -0.00242909 0.00050585 0.00065581 0.00042999
0.12085 -0.0190224 -0.00534814 0.0004009 0.00064401 0.00067999
0.11845 0.0070114 -0.0939393 0.00191759 0.00026897 0.00056853
0.123752 -0.00242569 -0.0150185 0.00095424 0.00086827 0.00030407
0.109713 -0.0286467 -0.0561413 0.00126269 0.0009079 0.0005097
0.118313 0.00323117 -0.0276852 0.00095424 0.00079049 0.00051754
0.122544 -0.00401661 -0.00106625 0.00073956 0.00092295 0.00042999
0.105768 -0.00597681 -0.127815 0.0026982 -0.0004732 0.00089864
0.117295 0.00609395 -0.0318622 0.00107331 0.00095331 0.00055318
0.103301 0.00274959 -0.0193551 0.00105812 0.00105639 0.00043336
0.0874792 -0.0171827 -0.0592884 0.00129981 0.00095027 0.00049171
0.110497 0.00242003 -0.0292954 0.0010722 0.00092742 0.00066475
0.0967159 -0.0108292 -0.00418675 0.00095436 0.00097399 0.00056504
0.115728 -0.0252128 -0.0626143 0.00143248 0.00090032 0.00076558
0.128527 0.00326525 -0.0319787 0.00112699 0.00090907 0.00043708
0.10646 -0.00955791 -0.0322396 0.00129234 0.00087782 0.00058657
0.090669 -0.00588129 -0.071024 0.00163477 0.00089298 0.00086523
0.104493 0.0124755 -0.0424748 0.00133759 0.00091948 0.00048955
0.103879 0.00014051 -0.042753 0.00158677 0.00098311 0.00048294
0.0857726 -0.00156478 -0.182581 0.00359175 -1.24e-05 0.00059748
0.0957624 0.00364625 -0.053883 0.00154685 0.0008635 0.000455
0.0951629 0.00525161 -0.0341555 0.00172489 0.00101007 0.00034304
0.0840518 -0.0207759 -0.0414159 0.00140946 0.0008217 0.00057645
0.098319 0.00884177 -0.0447409 0.00148 0.00078113 0.00065134
0.108154 0.00568523 -0.0259941 0.00127453 0.0011402 0.00025133
0.103098 -0.00463903 -0.0160603 0.00134654 0.00124796 0.00025133
0.0823502 -0.00582913 -0.0739102 0.00174599 0.00092445 0.00031276
0.0868183 0.0111905 -0.0366944 0.00160921 0.00103348 0.00025133
0.0725825 -0.00351223 -0.0450072 0.00137978 0.00092445 0.00013454
0.0647141 -0.00378626 -0.0645509 0.00119802 0.00104564 6.616e-05
0.0829215 0.00567988 -0.0308485 0.00134468 0.00125347 0.00036801
0.0725357 -0.00212309 -0.0590021 0.00182271 0.00092445 0.00022133
0.0739616 -0.00043331 -0.102632 0.00211852 0.00042386 0.00051279
0.0833133 0.00884066 -0.0376021 0.00140281 0.00107929 0.00032132
0.0823768 0.00303679 -0.03213 0.00143329 0.00126831 0.00020922
0.0955265 -0.0313531 -0.0544484 0.0013086 0.00092445 0.00050555
0.114105 0.00044591 -0.0335966 0.00105554 0.0008393 0.00075208
0.112935 -0.00568736 -0.035353 0.00115935 0.00092445 0.00068859
0.0578409 -0.0166532 -0.143104 0.00257584 0.00053873 0.00020276
0.0615493 0.00466641 -0.0636723 0.00131136 0.00092445 -2.02e-05
0.0601366 0.00151667 -0.0436324 0.00122511 0.00102009 -5.48e-06
0.0576337 -0.035598 -0.0681446 0.00153415 0.00084745 5.201e-05
0.0743253 0.00381505 -0.0557343 0.00137745 0.00133938 4.171e-05
0.0684532 0.00813403 -0.107648 0.00271828 0.00098161 -0.00019055
0.0530967 -0.0312723 -0.0933893 0.00192961 0.00066288 -5.333e-05
0.0804723 0.00850265 -0.0492814 0.00128602 0.00125394 0.000106
0.0877734 -0.00074571 -0.0368357 0.00130921 0.00121887 -3.918e-05
0.0653981 -0.0337669 -0.0456589 0.00129096 0.00115869 -9.921e-05
0.082667 -0.0006169 -0.0609224 0.00134172 0.0012271 -7.6e-07
0.0746989 -0.0005017 -0.0248921 0.00107047 0.00144291 -0.00019055
0.0492791 -0.0210098 -0.106134 0.0021304 0.00063921 -0.00019055
0.0462513 0.00075691 -0.0702256 0.00144605 0.00092445 -0.00016583
0.0679119 0.00980004 -0.0411471 0.00138077 0.0013379 -0.00034678
0.0483543 -0.0122934 -0.0750582 0.00190767 0.00131429 -0.00073104
0.0595636 -0.016825 -0.152379 0.0026526 0.00105203 -0.0003607
0.0731377 0.00384066 -0.0737694 0.00163812 0.00117445 -0.00032242
0.0652231 -0.0267053 -0.0680287 0.0015479 0.00116592 -7.515e-05
0.0712535 -0.00073387 -0.0760299 0.00141626 0.0012213 -0.0002197
0.0860424 0.0106414 -0.0602207 0.00129856 0.00131652 -0.00019426
0.0786895 -0.00450158 -0.0685475 0.00155569 0.00117445 -6.349e-05
0.0598222 -0.0260441 -0.0984106 0.00158889 0.00092445 -0.00016548
0.075339 0.0024914 -0.0762347 0.00164784 0.00142181 -0.00062293
0.0686385 -0.00314024 -0.0519381 0.00163065 0.00117445 -0.00021612
0.0549836 -0.0434877 -0.08495 0.00157869 0.00134367 -0.00055266
0.0588249 0.0110379 -0.116946 0.00218703 0.00128765 -0.000504
0.0701378 0.00851407 -0.0633793 0.00135882 0.00126515 -0.0003645
0.0573935 -0.0311629 -0.0884138 0.00154298 0.00092446 -0.00020896
0.0680292 -0.00281707 -0.0867995 0.00122166 0.00122778 -0.00034714
0.0776516 0.00042248 -0.0668888 0.00133864 0.00167217 -0.00058564
0.0598832 -0.0107046 -0.137244 0.00245878 0.00092446 -0.00025518
0.0468155 -0.0196073 -0.133766 0.00216211 0.00092446 -0.00049403
0.0541343 0.0057697 -0.0972882 0.00194837 0.00115397 -0.0005286
0.0574145 -0.0162162 -0.0905291 0.00193321 0.00108991 -0.00048677
0.0537608 -0.0470928 -0.107533 0.00166607 0.00092446 -0.00051333
0.0639577 0.00535343 -0.0823351 0.0014452 0.00127122 -0.00040394
0.0612458 -0.0085691 -0.060182 0.00150395 0.00117446 -0.00042808
0.0545045 -0.0363103 -0.126023 0.00155071 0.00092446 -0.00029431
0.0940005 0.00675965 -0.266556 0.00350489 0.00097915 -0.00018746
0.0900388 -0.057475 -0.297086 0.00381823 0.00118105 -0.00022002
0.0743624 -0.092403 -0.369989 0.00411142 0.00106321 -0.0002378
0.0858601 -0.00523173 -0.410235 0.00580756 0.00092446 -0.00036574
0.0582981 -0.0918598 -0.326137 0.00433291 0.00098426 -0.00031549
0.0535222 -0.111778 -0.356305 0.00361998 0.00101882 -0.00027004
0.0611115 -0.0311301 -0.311017 0.00383923 0.00112864 -0.00033994
0.0592799 -0.0625529 -0.306761 0.00380025 0.00110635 -0.00036719
0.0551026 -0.0769189 -0.405506 0.00498642 0.00065788 -0.00028853
0.0736457 -0.0235388 -0.316664 0.00338051 0.00137681 -0.00039784
0.0863827 -0.0381413 -0.292298 0.0037319 0.00129413 -0.0001906
0.0685829 -0.111441 -0.355995 0.00355092 0.00115081 -0.00058374
0.0793414 -0.0518241 -0.356479 0.00414565 0.00124806 -0.00030154
0.071445 -0.0111733 -0.414997 0.00578127 0.00106033 -0.00046556
0.0772157 -0.0385505 -0.441429 0.00649811 0.000233 -0.00044384
0.0653998 -0.0753823 -0.352646 0.00435934 0.00111024 -0.00093618
0.0637993 -0.021057 -0.285865 0.00359803 0.00129482 -0.00045175
0.0691762 -0.0509309 -0.266692 0.0033344 0.0012595 -0.00059594
0.0556698 -0.0498663 -0.4122 0.0053223 0.00048528 -0.00070812
0.0828888 -0.0111809 -0.224171 0.00252432 0.00096335 -0.00054934
0.0906052 -0.00782141 -0.186436 0.00267698 0.00119735 -0.00054182
0.0719388 -0.066106 -0.214576 0.0022966 0.00098796 -0.00048434
0.086519 -0.0313042 -0.238352 0.00191721 0.00104239 -0.00026798
0.0853852 -0.00111339 -0.228713 0.00311262 0.0009818 -0.00044197
0.0658876 -0.0194096 -0.233223 0.00318615 0.00090053 -0.00069043
0.0583598 -0.0542913 -0.31351 0.00349592 0.00068114 -0.00062744
0.0726557 -0.00530072 -0.274382 0.00351461 0.0008523 -0.00077285
0.0566708 -0.0320861 -0.249179 0.00385004 0.00094365 -0.00064374
0.0569548 -0.0605661 -0.275123 0.0036572 0.00078089 -0.00040774
0.069607 -0.00802652 -0.232624 0.00350294 0.00102485 -0.00062957
0.0791111 -0.0126221 -0.231077 0.00344288 0.00107279 -0.00065062
0.0718351 -0.0740638 -0.228762 0.00257452 0.00111849 -0.00051538
0.0860024 -0.0195491 -0.243643 0.00267497 0.00104263 -0.00023806
0.10404 0.0065818 -0.24969 0.00346602 0.00098526 -0.00037874
0.0975706 -0.0505665 -0.230999 0.00297584 0.00103954 -0.0001214
0.10054 -0.0543961 -0.26229 0.00310493 0.00085422 -9.47e-05
0.112473 -0.00247625 -0.231999 0.00329587 0.00100084 -0.00038266
0.10685 -0.0182476 -0.20504 0.00301452 0.00107821 -0.00041429
0.0924648 -0.0632248 -0.240316 0.00296327 0.00108845 -0.00033438
0.103268 -0.0031142 -0.221327 0.003081 0.00092056 -0.00026028
0.0973658 -0.00786484 -0.206671 0.00303873 0.00115887 -0.00039763
0.0913913 -0.0314473 -0.224628 0.00289353 0.00109436 -0.00030932
0.077802 -0.0740123 -0.254506 0.00305099 0.0007867 -0.0001771
0.0907384 -0.00418386 -0.252973 0.00329555 0.00079217 2.951e-05
0.0999018 -0.00151559 -0.240157 0.00349834 0.0003502 -0.00012032
0.0885529 -0.00960475 -0.217457 0.00328019 0.00060133 -0.00030603
0.0760295 -0.0403165 -0.241477 0.00336136 0.0004216 -0.0002794
0.0865263 0.00238063 -0.229986 0.00318959 0.00078435 -0.00011384
0.0873282 0.00121624 -0.230629 0.00327338 0.00070351 -0.00041037
0.0848415 -0.0133077 -0.235626 0.00342172 0.00066369 -0.00044737
0.0751724 -0.0642798 -0.263134 0.00265285 0.0008203 -0.00026356
0.0854169 0.00230412 -0.216466 0.00252033 0.00120285 -0.00017684
0.0923922 -0.0116241 -0.216424 0.00296988 0.00056928 -0.00010965
0.0852488 -0.0629787 -0.328065 0.00339855 0.00066659 -0.00012314
0.0935664 -0.00386165 -0.289597 0.00313545 0.00117259 2.415e-05
0.089028 0.00047044 -0.253523 0.00314675 0.00129812 -0.00034787
0.0768226 -0.057304 -0.254303 0.00303687 0.00105745 -0.00011311
0.0671752 -0.0551482 -0.320164 0.00366339 0.00112952 -0.00024722
0.0803051 -0.00288749 -0.255544 0.00341426 0.00114435 -8.985e-05
0.0780326 -0.0288758 -0.231516 0.00348896 0.00129781 -0.00013047
0.0728793 -0.0535503 -0.272974 0.00354161 0.00117346 -8.961e-05
0.0853167 9.689e-05 -0.27952 0.00428569 0.00078093 -1.32e-05
0.0798059 -0.01891 -0.212534 0.0035634 0.00128386 -5.446e-05
0.0632261 -0.0653695 -0.245549 0.00341473 0.00086356 -5.809e-05
0.0751237 0.0017405 -0.243449 0.00365329 0.00124249 -0.0003792
0.0753553 -0.0117715 -0.2282 0.00363705 0.00130949 -0.00018768
0.0646916 -0.0543027 -0.258731 0.00371108 0.00081369 -0.00016777
0.068741 -0.0575389 -0.273609 0.00333759 0.00112122 -8.216e-05
0.0901519 -0.0130411 -0.242551 0.00338116 0.00116837 -6.607e-05
0.0777674 -0.059868 -0.237523 0.00385199 0.00075119 -0.00019022
0.0658463 -0.190372 -0.30331 0.00214917 0.00068521 0.00034869
-0.0179005 -0.0502612 -0.0149634 0.00030647 0.00082609 0.00085989
-0.0992796 -0.038139 -0.162161 0.00093663 0.00068556 0.00159704
-0.0814739 -0.0221739 -0.0935494 0.00128252 0.00089638 0.001358
-0.0589591 -0.0151896 -0.0953677 0.00161415 0.00081318 0.00123676
-0.0496209 -0.012495 -0.084305 0.00157946 0.0007235 0.00080619
-0.0260873 -0.0149919 -0.0878924 0.00188254 0.00107498 0.00077117
-0.0166705 -0.0404287 -0.161641 0.00279585 0.00084105 0.00112889
-0.00131923 -0.0328379 -0.193643 0.00285297 0.00062306 0.0013552
0.00517817 -0.00786784 -0.152375 0.00255983 0.00076424 0.00117765
0.0122648 -0.00869305 -0.125243 0.0025118 0.00094409 0.00109807
0.0136366 -0.00254976 -0.119176 0.00293013 0.00112777 0.00092687
0.0130113 -0.00275585 -0.119808 0.00280885 0.00114715 0.00080264
0.00996931 0.0035282 -0.148478 0.00312765 0.00089379 0.00060433
0.0175273 -0.00113883 -0.117072 0.00259795 0.00110486 0.00066155
0.010369 -0.00094703 -0.105901 0.00235998 0.00135541 0.0003772
0.0116317 0.00254746 -0.114599 0.00256876 0.00150545 0.00012801
0.00563452 0.00331243 -0.118375 0.00259855 0.00145525 0.000103
0.0104306 0.0036385 -0.131567 0.00258208 0.00142593 7.059e-05
0.0107289 0.00220908 -0.113825 0.00201329 0.00145957 8.895e-05
0.0202104 -0.00071119 -0.143606 0.00229456 0.00139982 -9.011e-05
0.0300892 -0.023316 -0.29391 0.00344505 0.00119988 -2.496e-05
-0.00946322 0.0185297 -0.851899 0.0103964 -0.00100785 0.0003294
-0.00946516 -0.0514153 -0.881489 0.0115458 -0.00108768 0.0005371
0.103554 -0.020803 -0.556691 0.00994694 -8.849e-05 -0.00017628
0.111252 -0.0254173 -0.273914 0.004424 0.00086556 -0.00013555
0.0937135 -0.047606 -0.26402 0.0037763 0.00147445 -0.00033961
0.0864632 -0.0196807 -0.259871 0.00378294 0.00147101 -0.00026929
0.0922522 0.0099084 -0.330342 0.00528507 0.00058034 -0.00046951
0.10036 0.0125067 -0.329228 0.00688253 0.00147216 0.0002173
0.132457 0.0241774 -0.334926 0.00615869 0.00104956 0.00062458
0.130608 0.00182777 -0.301157 0.00532453 0.00117957 0.00046421
0.126811 -0.0135724 -0.31506 0.00584763 0.00106054 0.00018416
0.118101 -0.0642412 -0.279251 0.00510599 0.00127735 0.00010362
0.118011 -0.0108515 -0.334546 0.00601649 0.00143839 0.00014357
0.11256 -0.0113525 -0.362855 0.00631449 0.00098778 2.17e-06
0.103189 -0.0355485 -0.299069 0.00529316 0.001703 -2.775e-05
0.0992956 -0.050941 -0.306718 0.00487645 0.00127295 -2.024e-05
0.102455 -0.00566367 -0.280013 0.0049038 0.00146834 0.0001162
0.103592 -0.0137268 -0.281856 0.0047983 0.00128212 -5.396e-05
0.102828 -0.00993485 -0.364525 0.00619645 0.00078712 2.8e-05
0.103151 0.010002 -0.293504 0.00513085 0.00188795 8.369e-05
0.107289 -0.00928337 -0.266552 0.00469479 0.00147526 6.628e-05
0.101691 -0.0542289 -0.271199 0.00477281 0.00130631 5.838e-05
0.107387 -0.0487087 -0.298849 0.00476651 0.00129111 4.497e-05
0.110318 -0.0155258 -0.405949 0.00628184 0.00176519 6.963e-05
0.111715 0.0248798 -0.753914 0.0125944 -0.00066376 -7.172e-05
0.117696 -0.026576 -0.71143 0.0120209 -0.00021155 -2.978e-05
0.118555 -0.0159638 -0.422855 0.00713488 0.00169536 0.00013834
0.130802 0.0452793 -0.66522 0.0124887 -9.69e-06 0.00022831
0.117645 -0.0425152 -0.4108 0.00671074 0.00151258 5.939e-05
0.121058 0.0131929 -0.385315 0.00701528 0.0015488 0.00010391
0.12851 0.053166 -0.654209 0.0126432 -0.00023233 0.00020673
0.11783 -0.0490575 -0.405409 0.00650609 0.00169684 0.00020775
0.119783 0.0110331 -0.337803 0.00646475 0.00133827 0.00013393
0.113067 -0.0106168 -0.281887 0.00522711 0.00146175 -7.716e-05
0.105992 -0.0442011 -0.423677 0.00730752 0.00151673 7.545e-05
0.111343 0.0889201 -0.665354 0.0123526 -0.00094603 8.875e-05
0.125444 0.0722646 -0.67165 0.0127118 -0.00082475 0.00026727
0.0996216 -0.0471795 -0.407369 0.00749156 0.00137917 -2.063e-05
0.0958126 0.0759472 -0.687346 0.0120424 0.00011189 -0.00010856
0.0865293 0.00414539 -0.412097 0.00711319 0.00125535 -0.00030658
0.0552162 -0.0340884 -0.423008 0.00767144 0.0008669 -0.00031921
0.0918403 0.00165026 -0.3991 0.00687357 0.00118777 -0.00024194
0.0941016 0.00056569 -0.346051 0.00654749 0.00158398 -0.0003552
0.0958362 -0.0012882 -0.342371 0.00656413 0.00176677 -0.00047485
0.100347 -0.0294138 -0.343563 0.00634818 0.00135472 -0.00037472
0.0959662 0.0223144 -0.365202 0.00692601 0.00123568 -0.00029167
0.100337 0.0238031 -0.409191 0.00797553 0.00137182 -0.00030479
0.0873854 -0.0363016 -0.354534 0.00671848 0.00155602 -0.00026508
0.0848179 0.00730304 -0.377984 0.00686541 0.00154224 -0.00022361
0.0893879 0.00167359 -0.347457 0.00666593 0.0017402 -0.00037775
0.0800586 -0.0555567 -0.344725 0.0062869 0.00171059 -0.00031412
0.0878806 -0.0349526 -0.412986 0.00698531 0.00158498 -0.00033416
0.0983054 -0.00122705 -0.408083 0.00707858 0.00204874 -0.00026525
0.0833673 -0.0720798 -0.36012 0.00607968 0.00164137 -0.00016875
0.0954546 0.0654393 -0.820095 0.0123259 -0.00112219 0.00033976
0.0833752 0.0250093 -0.940861 0.0125923 -0.00045279 0.00025309
0.0761612 -0.097144 -0.703683 0.0102304 -0.00032772 0.00022316
0.0880998 -0.0603503 -0.274545 0.00492624 0.00146598 2.555e-05
0.0884689 -0.0270927 -0.273213 0.00471896 0.00157897 -0.00015477
0.0611004 -0.0685614 -0.234004 0.00433921 0.00142847 -0.00024958
0.07204 -0.00099281 -0.231396 0.00435767 0.00198849 -0.00074161
0.0684992 3.31e-06 -0.265306 0.00487937 0.00191908 -0.00068498
0.0503689 -0.00750854 -0.213642 0.00490721 0.00107053 -0.00049256
0.074746 0.0854803 0.0976381 0.00274267 0.00175316 -0.00098116
0.0853913 0.0992633 0.115367 0.00314296 0.00192484 -0.00116911
0.0676037 0.0409157 0.0873039 0.00254532 0.00127283 -0.00057916
0.0659163 0.0903167 0.0871625 0.00251719 0.00127283 -0.00062571
0.0635595 0.074081 0.108723 0.00282422 0.00127283 -0.00056286
0.0597808 0.0307933 0.0946815 0.00259672 0.00127283 -0.0005327
0.0634203 0.107048 0.0362455 0.00348567 0.00127283 -0.00061434
0.0702601 0.0906893 0.0981494 0.00254742 0.001407 -0.00094598
0.0750029 0.0596011 0.0969926 0.00274951 0.00137971 -0.00121346
0.076421 0.0839727 0.0900227 0.0024471 0.00136273 -0.00124793
0.0793543 0.11317 0.109428 0.00273337 0.00144007 -0.00144103
0.0816784 0.0274938 -0.0759488 0.00330919 0.00177281 -0.00094345
0.0740856 0.00793249 -0.12765 0.00270238 0.00180503 -0.00074213
0.0518821 0.0100862 -0.143366 0.00291661 0.00187764 -0.00078657
0.0834696 0.00077933 -0.144679 0.00324123 0.00222537 -0.00104624
0.0785506 -0.00871041 -0.170603 0.0034779 0.0021244 -0.00113898
0.0703767 -0.0170667 -0.288321 0.00488832 0.00118913 -0.00120762
0.0817408 -0.00332029 -0.154162 0.00301905 0.00220109 -0.00115398
0.0805632 -0.013025 -0.134065 0.00314412 0.00221941 -0.00114624
0.0709465 -0.0370729 -0.151592 0.00313997 0.00207754 -0.00103494
0.0802927 0.0031297 -0.153254 0.0030317 0.00211605 -0.00121616
0.0741988 0.00459617 -0.241655 0.00449586 0.00150057 -0.00103701
0.0757429 -0.0106483 -0.21452 0.00394787 0.00185343 -0.0008194
0.0764299 0.00735913 -0.178593 0.00316491 0.00194593 -0.00113009
0.0702241 -0.0321731 -0.219322 0.00384163 0.00206084 -0.00101044
0.0716707 -0.0252692 -0.220137 0.00338348 0.00207704 -0.00101579
0.0603757 -0.0232831 -0.206685 0.00366519 0.00201427 -0.00092519
0.0371983 -0.214552 -0.364886 0.00589955 0.00255996 -0.00132583
0.0508534 -0.364931 -0.167942 0.00465479 0.00246045 -0.00067299
0.041779 -0.364813 -0.296512 0.00371798 0.00279582 -0.00080799
0.0401444 -0.0382045 -0.473754 0.00222425 0.00163498 -0.0002172
0.0678559 -0.0305497 -0.409885 0.00214329 0.00137759 -0.00046493
0.0867558 -0.0388333 -0.330669 0.00199946 0.00176321 -0.00050625
0.100497 -0.115547 -0.310753 0.0025121 0.00180316 -0.001075
0.106019 -0.18727 -0.326971 0.00225936 0.00172362 -0.00109702
0.102759 -0.215652 -0.322417 0.00211424 0.0017297 -0.00101927
0.105065 -0.206374 -0.326834 0.0023739 0.00166346 -0.00109661
0.105239 -0.154243 -0.326169 0.0025354 0.00157503 -0.00109687
0.108849 -0.106746 -0.361318 0.00326913 0.00135225 -0.0011929
0.110161 -0.0853083 -0.303211 0.00221487 0.00190735 -0.00103968
0.108913 -0.0610217 -0.295837 0.00192471 0.00202408 -0.00122278
0.109313 -0.0498531 -0.300608 0.00181409 0.00188036 -0.00121185
0.112283 -0.0480284 -0.284 0.00173379 0.00194683 -0.00132298
0.112594 -0.0515091 -0.288426 0.00190473 0.00172477 -0.00125918
0.111705 -0.0719142 -0.273671 0.00187063 0.00166115 -0.00123021
0.11218 -0.0923874 -0.273052 0.00170856 0.00157409 -0.00114678
0.113185 -0.104457 -0.260016 0.00180274 0.00152301 -0.00117122
0.115093 -0.10465 -0.276374 0.00181215 0.00167445 -0.00134035
0.10262 -0.0953481 -0.366047 0.00253689 0.00119936 -0.00086794
0.098194 -0.0625715 -0.482283 0.00436622 0.00102517 -0.00104623
0.100333 -0.0804691 -0.3743 0.00280238 0.00168863 -0.00097336
0.109439 -0.076215 -0.310784 0.00202713 0.00208668 -0.00105258
0.110661 -0.0587134 -0.236057 0.00180967 0.00213457 -0.00106575
0.0940672 -0.0798203 -0.194297 0.00258728 0.00182915 -0.00058665
0.106029 0.0117379 -0.427505 0.0045181 0.00137247 -0.0005482
0.122962 -0.14514 -0.349349 0.00401359 0.00168556 -0.00051645
0.117782 -0.101906 -0.354734 0.00376479 0.00172902 -0.0006207
0.116399 -0.0660125 -0.326714 0.00400853 0.00191105 -0.00052148
0.101466 -0.160316 -0.448663 0.00395606 0.0019231 -0.00051475
0.094171 -0.110141 -0.541994 0.00521055 0.00177179 -0.00067482
0.0925276 -0.136329 -0.47703 0.00436763 0.00162639 -0.00049708
0.0819274 -0.199177 -0.535499 0.0036444 0.00145807 -0.00052554
0.0914273 -0.106038 -0.412508 0.00280108 0.00150266 -0.00057755
0.0966685 -0.137551 -0.396364 0.00303118 0.00148998 -0.00078188
0.0890352 -0.136035 -0.412364 0.00303977 0.00150589 -0.00040503
0.0979599 -0.0459828 -0.511519 0.00506701 0.00110451 -0.00073526
0.0888089 -0.130163 -0.462931 0.00427226 0.00129612 -0.00041497
0.0971588 -0.101552 -0.426957 0.00328301 0.00108494 -0.00052648
0.0941293 -0.0525479 -0.49918 0.00547204 0.00110398 -0.00065481
0.0909097 -0.135103 -0.470809 0.00475173 0.00123007 -0.00039037
0.090048 -0.118362 -0.414712 0.0034962 0.00125675 -0.00036211
0.102506 -0.104142 -0.372562 0.00366319 0.00140728 -0.00023581
0.0932134 -0.126764 -0.379311 0.00351195 0.00141078 -0.00059216
0.100274 -0.14482 -0.406801 0.00326068 0.00141288 -0.00050263
0.099404 -0.0845959 -0.352285 0.00286507 0.00161778 -0.00065259
0.110718 -0.0991799 -0.342532 0.00311094 0.0016014 -0.00066476
0.0989679 -0.131475 -0.398087 0.00308302 0.00149632 -0.00033875
0.0988162 -0.0849216 -0.3947 0.00308744 0.00144914 -0.00062792
0.10199 -0.0925318 -0.350086 0.00312444 0.00157482 -0.00070769
0.0859569 -0.13492 -0.453722 0.00212223 0.00135504 -0.0005921
0.0557477 -0.315348 -0.601429 -0.00038178 0.00121011 -0.00047993
0.0603475 -0.252945 -0.753847 -0.00115308 0.00308396 -0.00084235
0.0653162 -0.274635 -0.677484 0.00143524 0.00117341 -0.00037047
0.0828291 -0.267198 -0.565286 0.00022159 0.00166644 -0.00066219
0.0788134 -0.230151 -0.577544 -0.00038921 0.00161903 -0.00069961
0.0784633 -0.306539 -0.62586 -0.00097567 0.0013578 -0.00051327
0.0936517 -0.165579 -0.620496 -0.00071327 0.00115882 -0.00054911
0.0879299 -0.171818 -0.611766 -0.00136308 0.00120301 -0.00072101
0.0850779 -0.181929 -0.735238 -0.00104114 0.00191972 -0.0007325
0.081356 -0.286689 -0.500791 -0.00236773 0.00110545 -0.00037179
0.0862917 -0.143694 -0.344606 -0.00228958 0.00129891 -0.00068265
0.0921293 -0.105493 -0.359057 -0.00267744 0.0010994 -0.00064802
0.0914947 -0.15269 -0.389842 -0.00370807 0.00122213 -0.00066142
0.0807066 -0.265839 -0.513149 -0.00611537 0.00190097 -0.00034324
0.0730563 -0.162191 -0.476541 -0.00689634 0.00132637 -0.00035933
0.0790507 -0.138186 -0.386745 -0.00600683 0.00093949 -0.00042619
0.0764241 -0.210199 -0.394629 -0.00602711 0.0009771 -0.00043014
0.082002 -0.102269 -0.388795 -0.00638153 0.00044416 -0.00085788
0.0846566 -0.0884648 -0.347738 -0.00546256 0.0006475 -0.00054132
0.0775178 -0.163032 -0.348722 -0.00535805 0.0006475 -0.00048468
0.0826411 -0.0592281 -0.322728 -0.00495587 0.0007421 -0.000898
0.0778956 -0.0711316 -0.348576 -0.00547361 0.00053563 -0.00052492
0.0558466 -0.119445 -0.287705 -0.00317679 0.00255784 -0.00037461
0.076292 -0.0316835 -0.271687 -0.00255244 0.00260786 -0.00075619
0.0805976 -0.00815759 -0.20635 -0.00165117 0.00231875 -0.00042967
0.0745769 -0.0317417 -0.230845 -0.00205016 0.00251 -0.00075145
0.0780514 -0.0609967 -0.258434 -0.00272809 0.00253477 -0.00096373
0.0794148 -0.0204566 -0.249004 -0.00246158 0.00271874 -0.00086662
0.0781043 -0.11216 -0.255271 -0.00250346 0.00263958 -0.00096442
0.0861309 -0.0227246 -0.236384 -0.0019528 0.00267528 -0.00088051
0.0781939 -0.0210387 -0.209815 -0.00156421 0.00254654 -0.00093716
0.0771181 -0.0589816 -0.223655 -0.00196017 0.00241361 -0.00093799
0.0711441 -0.00300355 -0.278337 -0.00036262 0.00156495 -0.00069833
0.0606289 -0.0143648 -0.210794 -0.00076355 0.00173597 -0.00049269
0.0556942 -0.0278206 -0.188157 -0.00139693 0.00237592 -0.00084051
0.0577613 0.00574868 -0.195761 -0.00175855 0.00230116 -0.0008678
0.0605865 -0.0369162 -0.194351 -0.00139371 0.00246421 -0.00088067
0.0621651 -0.0198706 -0.180092 -0.00110916 0.00260993 -0.00082668
0.0593469 -0.00668605 -0.188124 -0.00129124 0.00271133 -0.00079716
0.0535826 -0.0581944 -0.210231 -0.00093148 0.00292567 -0.00099141
0.054938 -0.00815651 -0.18531 -0.00125217 0.00269698 -0.00084884
0.0490898 -0.0726184 -0.196658 -0.0014307 0.00271596 -0.00099084
0.0519542 -0.00778821 -0.191403 -0.00115165 0.0027856 -0.00103929
0.0460472 -0.00990449 -0.171564 -0.00132058 0.00226116 -0.00092452
0.0397622 -0.0676568 -0.196505 -0.00114138 0.00310178 -0.00104953
0.0422858 -0.00613289 -0.187678 -0.00112264 0.00303406 -0.00083698
0.0506748 -0.0235222 -0.226379 0.00027912 0.00291503 -0.00107819
0.0609759 -0.0661791 -0.776628 0.0100848 0.00269986 -0.00090308
0.0645502 0.0835662 -0.804131 0.0116505 0.00193102 -0.00096298
0.062347 0.0213313 -0.723129 0.0111682 0.00253981 -0.00093207
0.0637913 -0.00538378 -0.798523 0.0115773 0.00261034 -0.00107957
0.0612565 0.0751108 -0.809989 0.0126325 0.00316208 -0.00112059
0.0462705 0.0192815 -0.852949 0.0126688 0.00313766 -0.00085956
0.0368002 0.0318535 -0.948377 0.0134455 0.00340231 -0.00097827
0.0479112 0.061698 -0.911332 0.0139802 0.00355842 -0.00094739
0.0582307 0.00628261 -0.880147 0.013606 0.00251092 -0.00071534
0.0691266 0.0563939 -0.855707 0.0131153 0.0028703 -0.00063012
0.0741521 0.0993867 -0.776078 0.0130907 0.00296623 -0.00089658
0.0575472 0.0371004 -0.844269 0.0133363 0.00289796 -0.00059553
0.0620703 0.0596331 -0.938714 0.0140384 0.00310506 -0.00082329
0.0690197 0.0923787 -0.865641 0.0140141 0.00342349 -0.00092818
0.0640114 0.0280678 -0.889217 0.0137204 0.00327601 -0.00102891
0.0598871 0.090258 -0.949125 0.0147299 0.00286068 -0.00084591
0.0636738 0.0736923 -0.982274 0.0147011 0.00346945 -0.00106057
0.0581819 -0.00169637 -0.874547 0.013352 0.00308213 -0.00066739
0.0655061 0.0748455 -0.854064 0.014154 0.00323833 -0.00092869
0.071332 0.0686808 -0.760391 0.0126063 0.00240682 -0.00104375
0.0704872 -0.0435373 -0.758739 0.00897002 0.00167164 -0.0013039
0.0816269 -0.0725692 -0.318292 -0.00084663 0.00243388 -0.00147217
0.0691348 -0.0662859 -0.438747 -0.00027527 0.00289768 -0.0014429
0.0242374 -0.206619 -0.649801 -0.00189706 0.00519549 -0.0021358
0.029117 -0.0318598 -0.251814 -0.00334629 0.00134199 -0.00137988
0.033189 -0.00290394 -0.205979 -0.00382524 0.00097989 -0.00138828
0.0285611 -0.0141867 -0.231379 -0.00508748 0.0015095 -0.00131136
0.0366159 0.0593256 -0.171882 -0.00381549 0.00137932 -0.00131315
0.0337935 0.0414133 -0.161904 -0.00363389 0.0013207 -0.00139836
0.0170023 0.00786509 -0.164972 -0.00391069 0.00131941 -0.00129359
0.0359251 0.0812843 -0.0915124 -0.00351138 0.00196766 -0.00107805
0.0467802 0.149034 0.170356 -0.00331548 0.00311254 -0.00125352
0.0475229 0.191 0.208279 -0.0030875 0.00298246 -0.00132946
0.0533094 0.324597 0.272647 -0.0035057 0.00289157 -0.00146241
0.0596914 0.289795 0.298958 -0.00362501 0.00334719 -0.00144508
0.0571114 0.283151 0.290433 -0.00365377 0.00344179 -0.00152479
0.0585689 0.340376 0.347988 -0.00409313 0.00389646 -0.00166717
0.0503794 0.262439 0.363757 -0.0044489 0.00373552 -0.00148741
0.0522059 0.298291 0.327434 -0.00381689 0.00376281 -0.00159135
0.0600608 0.322188 0.354933 -0.00360493 0.00373552 -0.00164088
0.0510961 0.284148 0.338741 -0.00309508 0.00371828 -0.00160893
0.0477384 0.257651 0.322761 -0.0029014 0.00373552 -0.00154103
0.0534106 0.324532 0.377295 -0.0033236 0.00327773 -0.00146068
0.0385407 0.274499 0.363499 -0.00301527 0.00398824 -0.00144188
0.0382605 0.309085 0.339218 -0.00259725 0.00423031 -0.00158512
0.0427808 0.377597 0.380742 -0.00231743 0.00372575 -0.00163198
0.0244455 0.309919 0.355718 -0.00224434 0.00396136 -0.0015486
0.0331888 0.35935 0.322365 -0.00156701 0.00376866 -0.00157447
0.0281073 0.372836 0.348155 -0.00137857 0.00417559 -0.0016737
0.0210778 0.29552 0.320325 -0.00140032 0.00397071 -0.00155594
0.0237189 0.361749 0.318954 -0.00103657 0.00416116 -0.00162028
0.0151743 0.345448 0.32275 -0.00072847 0.00403452 -0.00178947
0.00343455 0.282914 0.302357 -0.00052068 0.0037126 -0.00172257
0.0261868 0.295799 0.183864 0.00223636 0.00171735 -0.00118322
0.0278549 0.142779 0.142026 0.00287506 0.00133257 -0.00106032
0.0235495 0.190413 0.146708 0.00224539 0.00118287 -0.00089649
0.0234474 0.303679 0.194271 0.00280256 0.00139056 -0.00123211
0.00436019 0.218953 0.178382 0.00280481 0.00118287 -0.00128901
0.0168904 0.244947 0.147091 0.00273295 0.00149015 -0.00139516
0.0199881 0.263829 0.133852 0.00299284 0.00188581 -0.00144921
-2.38e-06 0.150878 0.148847 0.00309191 0.00140965 -0.00160815
0.0036512 0.247503 0.131635 0.00297927 0.00172388 -0.00167611
0.00610101 0.286424 0.174104 0.00365356 0.0017579 -0.00187288
-0.00919126 0.212131 0.18094 0.00358145 0.00139244 -0.00187733
0.0047832 0.200772 0.143537 0.00361694 0.00231015 -0.00189421
0.00773712 0.245538 0.145095 0.00373071 0.00247514 -0.00187935
-0.00895067 0.147332 0.150247 0.00373943 0.0022936 -0.0018662
0.00056926 0.224207 0.138275 0.00369489 0.00243099 -0.0020305
0.00324908 0.231888 0.161228 0.00404483 0.00245066 -0.00204101
-0.0155853 0.106072 0.106248 0.00298922 0.00194463 -0.00198776
-0.00527578 0.171722 0.0848891 0.00332266 0.00311092 -0.00229392
-0.0131335 0.148949 0.0692378 0.00416206 0.00433101 -0.00236182
-0.0265486 0.0971544 0.0657549 0.00336584 0.0036395 -0.00206974
-0.0269646 0.20087 0.11103 0.00367837 0.00302125 -0.00205851
-0.0373271 0.152057 0.126565 0.00349193 0.00247125 -0.00196888
-0.0392783 0.170645 0.133089 0.00325765 0.00174011 -0.00190143
-0.0303333 0.280762 0.0902843 0.00543998 0.00381019 -0.00216586
-0.0424311 0.163219 0.131274 0.00394702 0.0029166 -0.00195922
-0.035324 0.177239 0.1253 0.00407028 0.00317445 -0.00199003
-0.0279824 0.20277 0.125631 0.00410469 0.00328186 -0.00197652
-0.0423778 0.0982106 0.101731 0.00357204 0.00317622 -0.00189364
-0.0351475 0.185694 0.0959933 0.00374554 0.00334894 -0.00191899
-0.035551 0.161442 0.119163 0.00386578 0.00291379 -0.0018867
-0.0419615 0.118921 0.0987302 0.00362008 0.00308534 -0.00181844
-0.0416915 0.205199 0.124603 0.00394303 0.00296896 -0.00213525
-0.0473597 0.178156 0.131648 0.00374554 0.00278214 -0.00208353
-0.0449896 0.0996974 0.115439 0.00374554 0.00286971 -0.00188448
-0.0399728 0.197553 0.119245 0.00401345 0.00309929 -0.00196656
-0.0378518 0.187453 0.116489 0.00478859 0.00358747 -0.00176014
-0.052194 0.137335 0.123932 0.00404692 0.00312858 -0.00192988
-0.0300291 0.230189 0.118858 0.00421613 0.0034269 -0.00191113
-0.0259959 0.101801 -0.0639108 0.00580281 0.00474479 -0.00171435
-0.033677 0.0893675 -0.370467 0.00984335 0.00668936 -0.00151739
-0.00939951 0.158759 -0.384505 0.010737 0.00696553 -0.00155165
-0.0120183 0.0941744 -0.373447 0.0108896 0.0062292 -0.00137355
-0.0229978 0.0818428 -0.387973 0.0104079 0.00660912 -0.00134995
-0.0240972 0.126503 -0.352789 0.0104791 0.00728289 -0.00151176
-0.0296467 0.0875556 -0.325128 0.0107154 0.00709669 -0.00130265
-0.0356888 0.113189 -0.366479 0.010249 0.00668149 -0.00136239
-0.0276143 0.178138 -0.320847 0.0106607 0.00744356 -0.00148917
-0.0268726 0.101967 -0.203215 0.00863376 0.00534827 -0.00127846
-0.0374849 0.115444 -0.349429 0.0104159 0.00687069 -0.00122299
-0.0320123 0.189758 -0.360538 0.0113714 0.00665055 -0.0016001
-0.0240338 0.22948 -0.513279 0.0143897 0.00302338 -0.00123285
-0.0313916 0.0785165 -0.34799 0.0104691 0.00584274 -0.00108864
-0.0301666 0.122302 -0.360697 0.0102626 0.00644611 -0.00120438
-0.0338299 0.138434 -0.336817 0.0104852 0.00670285 -0.00130088
-0.0422268 0.0599179 -0.230311 0.00859031 0.00483255 -0.00109084
-0.0376227 0.108004 -0.361501 0.0102581 0.00656961 -0.00101929
-0.0271331 0.180946 -0.343886 0.010964 0.00673318 -0.00125609
-0.0321946 0.093205 -0.241666 0.00862548 0.00510364 -0.00092016
-0.0500987 0.0952561 -0.357799 0.0100018 0.00705672 -0.00110721
-0.0569251 0.181899 -0.360689 0.0108729 0.00674886 -0.00120837
-0.0594194 0.170534 -0.357263 0.0111313 0.00675249 -0.00150879
-0.0685988 0.160069 -0.517673 0.0137676 0.00291151 -0.00117964
-0.0621478 0.221642 -0.541098 0.0145923 0.00310942 -0.00113999
-0.0663902 0.142109 -0.317045 0.0107517 0.00743537 -0.0016736
-0.0680121 0.0681539 -0.231802 0.00855521 0.0053471 -0.00128556
-0.0680921 0.158023 -0.354717 0.0108004 0.00734161 -0.00151514
-0.0593355 0.171077 -0.391176 0.0118361 0.00603926 -0.00150568
-0.0577749 0.078993 -0.360912 0.00973098 0.00718589 -0.00120586
-0.046322 0.147732 -0.387902 0.0102987 0.00615461 -0.00128733
-0.0626585 0.0722684 -0.25751 0.00802768 0.00494669 -0.00065292
-0.074792 0.0509395 -0.299111 0.00785793 0.00468092 -0.00067177
-0.0616859 0.120718 -0.390853 0.00858039 0.00508926 -0.00097366
-0.0718767 0.051837 -0.234377 0.00753596 0.00444019 -0.00069961
-0.0962426 0.0444793 -0.265543 0.00781685 0.00505264 -0.00079668
-0.0884788 0.110016 -0.230814 0.00811572 0.00521872 -0.00101489
-0.0985466 0.139545 -0.349057 0.0112621 0.00677956 -0.0012719
-0.0986393 0.0567626 -0.219708 0.00770851 0.0047335 -0.00087826
-0.0818486 0.120191 -0.212515 0.00812279 0.00543725 -0.00110965
-0.0952798 0.104964 -0.219103 0.00861643 0.00460239 -0.0010482
-0.11445 0.0657102 -0.139786 0.00715233 0.00462135 -0.00072813
-0.111934 0.144143 -0.174007 0.00838815 0.0051326 -0.00104047
-0.114613 0.114897 -0.159969 0.00841806 0.00488263 -0.00083619
-0.119967 0.0946043 -0.185149 0.00797425 0.00417408 -0.00065333
-0.1094 0.134263 -0.163535 0.0082187 0.00491258 -0.00104195
-0.113416 0.107465 -0.148647 0.00791544 0.00486879 -0.00108972
-0.114647 0.0618024 -0.146958 0.00726676 0.00444018 -0.00087859
-0.115561 0.12198 -0.155173 0.00785461 0.00479519 -0.00103386
-0.0887483 0.114328 -0.183699 0.00827313 0.00432758 -0.00098712
-0.0668108 0.0573577 -0.175056 0.0077244 0.0040111 -0.00059362
-0.0587277 0.0674163 -0.223407 0.00761908 0.00389989 -0.00072666
-0.0586817 0.120663 -0.178594 0.00811875 0.00402458 -0.00091498
-0.0609346 0.108545 -0.175306 0.0081803 0.00426252 -0.00111513
-0.0759714 0.0583958 -0.201044 0.00802341 0.00379997 -0.00067703
-0.0777598 0.0997117 -0.198029 0.00820938 0.00396191 -0.00077283
-0.0825579 0.119987 -0.17354 0.00826966 0.00444018 -0.00094677
-0.081036 0.10045 -0.166608 0.00809464 0.00433774 -0.00083715
-0.0915375 0.0704611 -0.212598 0.00818794 0.00422927 -0.00063927
-0.0835591 0.153745 -0.233624 0.00918229 0.00379726 -0.0008276
-0.0915619 0.146932 -0.2221 0.00894576 0.00325525 -0.00101101
-0.107465 0.0580756 -0.111079 0.00629786 0.00393998 -0.0004939
-0.0961156 0.170179 -0.197682 0.00826535 0.00310897 -0.00065299
-0.103735 0.111861 -0.10928 0.00743824 0.00402294 -0.00051646
-0.121159 0.0520242 -0.0872652 0.00628097 0.00393977 -0.00046995
-0.106404 0.124983 -0.132269 0.00711489 0.00423889 -0.00044758
-0.112932 0.0974938 -0.257365 0.00822238 0.00455268 -0.00036858
-0.11084 0.127424 -0.663907 0.0137639 0.00103194 0.00078479
-0.110911 0.0405848 -0.24646 0.00676183 0.00317452 0.00080733
