0.00600666 0.0878823 0.211994 -0.00182141 0 0
0.0156674 0.110493 0.139739 -0.00154585 -9.633e-05 0.00043677
0.0169234 0.0834131 0.139639 -0.00145369 -0.00012765 0.00056378
0.0117518 0.0858247 0.175004 -0.00199461 0.00010092 0.00024899
0.0160614 0.105252 0.17982 -0.00201568 -0.00023766 0.00019364
0.0198633 0.124036 0.140813 -0.00197358 0.00014671 0.00055475
0.0203389 0.106877 0.161967 -0.00187383 -2.847e-05 0.00055373
0.0257267 0.0893543 0.150947 -0.00224319 -0.00013486 8.844e-05
0.0165541 0.105499 0.13469 -0.00180158 -0.00010482 0.00047311
0.0236289 0.0989457 0.150886 -0.00162299 -9.148e-05 0.00078865
0.0209147 0.0931834 0.155333 -0.00160938 -4.205e-05 0.00075268
0.0258328 0.0893685 0.190189 -0.00244007 -0.00020941 0.00018735
0.025995 0.113239 0.170704 -0.00239924 -0.00035822 0.00043663
0.0223337 0.117972 0.184956 -0.00252952 -0.00016698 0.00058849
0.0208645 0.108258 0.18293 -0.00258989 -0.00023653 0.00075656
0.0220776 0.115159 0.187763 -0.00268916 -0.00027655 0.00058818
0.0225668 0.108534 0.169063 -0.00235081 -0.0005042 0.0003795
0.0197748 0.0893868 0.192327 -0.00285775 -0.00034649 0.00055034
0.0187264 0.105074 0.189684 -0.00290632 -0.00023195 0.00045847
0.0299969 0.136988 0.184139 -0.00247971 -0.00041967 0.00015416
0.0361017 0.122313 0.171211 -0.00203331 -0.00010549 0.0004485
0.033772 0.111271 0.17884 -0.00223736 -0.00018364 0.00035097
0.0405614 0.0480978 0.0744954 -0.00092342 -0.00091878 -0.00036059
0.0444462 0.0112256 -0.0618465 -0.00062595 -0.0007807 -0.00064665
0.0896711 -0.0810678 -0.398807 0.0015138 0.00109162 -0.00084168
0.116195 -0.0455094 -0.455875 0.00289818 0.0023982 -0.00179474
0.109563 0.0494784 -0.0857262 0.00059382 0.0026015 -0.00171935
0.0964039 0.075713 0.163786 -0.00262793 0.0025332 -0.00156034
0.0789574 0.0910324 0.179697 -0.00234749 0.00210078 -0.00142474
0.0485729 0.086465 0.0938064 -0.00310257 0.00054728 -0.0006778
0.0424139 0.0557753 0.0837714 -0.00149153 -0.00070784 0.00078029
0.0428427 0.056279 0.122528 -0.00134641 -0.00041953 0.00096303
0.0427869 0.0776416 0.15858 -0.00231876 -0.00023962 0.00078316
0.0407844 0.0925022 0.170302 -0.00258141 -0.00012374 0.00078269
0.0371868 0.112079 0.179162 -0.00266984 -0.00019053 0.00078029
0.0349256 0.122216 0.195544 -0.0028589 -0.00031543 0.00081577
0.0327912 0.144038 0.193445 -0.0030122 -0.00024961 0.00078029
0.0360798 0.139902 0.200966 -0.00301691 -0.00034461 0.00103029
0.0332054 0.139578 0.214053 -0.00322096 -1.281e-05 0.00103029
0.0330384 0.12999 0.210973 -0.00330337 -0.00037949 0.00103029
0.0367422 0.11959 0.221498 -0.00375065 -0.00036742 0.00103029
0.0330586 0.115958 0.215616 -0.00314859 -0.00031185 0.00103029
0.0330254 0.105026 0.212727 -0.00332619 -0.00039673 0.00103029
0.0330572 0.120291 0.21698 -0.00362237 -0.00031201 0.00103029
0.0330325 0.119951 0.226146 -0.00391328 -0.00041219 0.00103029
0.0327086 0.121362 0.214516 -0.0044337 -0.00052404 0.00078029
0.0409896 0.157099 0.204758 -0.004075 -0.0001131 0.00103029
0.0331057 0.0996242 0.210433 -0.00358236 -0.00029489 0.0010952
0.0377423 0.0717285 0.229556 -0.00466978 -0.00031831 0.00103029
0.0329408 0.132563 0.191525 -0.00448257 -0.00056335 0.00103029
0.0350535 0.143632 0.223596 -0.00456852 -0.00059781 0.00103029
0.0428408 0.088833 0.254386 -0.00516264 -0.00054885 0.00089896
0.0429272 0.0958662 0.213845 -0.00474986 -0.00063276 0.00103029
0.042934 0.127721 0.22845 -0.00444168 -0.00059496 0.00103029
0.0430042 0.109236 0.250397 -0.00482716 -0.00047707 0.00103029
0.0430163 0.0960549 0.247077 -0.00534387 -0.00051112 0.00103029
0.043014 0.127522 0.228982 -0.00461037 -0.00048396 0.00103029
0.0432256 0.0956714 0.238017 -0.00452286 -0.00045995 0.00121283
0.0494108 0.0892224 0.270368 -0.00551337 -0.00064135 0.00103029
0.0429916 0.103995 0.23175 -0.00524899 -0.00054293 0.00103029
0.0330756 0.118943 0.228603 -0.0046592 -0.00067989 0.00118275
0.0430629 0.0959633 0.26183 -0.00540476 -0.00067873 0.00113209
0.043115 0.100615 0.246545 -0.00536891 -0.00057328 0.00115345
0.043259 0.11279 0.24249 -0.00494663 -0.00036764 0.00121494
0.04294 0.0960517 0.276503 -0.00550168 -0.00070486 0.00103029
0.0479535 0.106631 0.249016 -0.00545195 -0.00044769 0.00103029
0.0505456 0.111853 0.263504 -0.00508366 -0.00040492 0.001318
0.0556948 0.100795 0.294733 -0.00519688 -0.00050624 0.00129688
0.05887 0.0961629 0.297215 -0.00602328 -0.00032609 0.00119629
0.0513835 0.114775 0.264573 -0.00511956 -0.00046184 0.00131264
0.0551351 0.0904826 0.292217 -0.00612746 -0.00033075 0.0011773
0.0576713 0.0962203 0.268526 -0.00601114 -0.00035312 0.00118043
0.0513868 0.131316 0.254121 -0.00519558 -0.00050282 0.00142473
0.0571444 0.106757 0.274549 -0.00560559 -0.00039902 0.00117781
0.0583749 0.0877376 0.28562 -0.00585833 -0.00044273 0.00133909
0.0587773 0.098565 0.262728 -0.00525907 -0.00034385 0.00142654
0.0546832 0.0912533 0.287605 -0.00549995 -0.00070254 0.00125161
0.0585527 0.0857379 0.299106 -0.00610293 -0.00056461 0.00115049
0.0580376 0.110817 0.301506 -0.0060685 -0.00077336 0.00138666
0.0588053 0.103029 0.305673 -0.00618579 -0.00051407 0.00141514
0.0572681 0.0915419 0.328854 -0.00693393 -0.0005203 0.0009309
0.0509788 0.125446 0.297015 -0.00680299 -0.0007534 0.00105209
0.05109 0.152188 0.281026 -0.00640587 -0.00086905 0.00150161
0.0529917 0.100284 0.308518 -0.00703833 -0.00076019 0.00118553
0.0508856 0.0944717 0.283633 -0.00698145 -0.00061312 0.00112756
0.0526746 0.12569 0.265022 -0.00622968 -0.00041551 0.00141155
0.0544096 0.0998888 0.290379 -0.00621695 -0.00048494 0.00127925
0.0523249 0.0512196 0.302381 -0.00723617 -0.00046018 0.00116924
0.0578645 0.10413 0.280365 -0.00628304 -0.00068871 0.00126243
0.0556592 0.0848326 0.29963 -0.00632102 -0.00067265 0.00143002
0.0585025 0.076601 0.28897 -0.00660223 -0.00064946 0.00120327
0.0561079 0.123435 0.275788 -0.00596043 -0.00050787 0.00150161
0.0567706 0.0963128 0.297281 -0.00654487 -0.00061282 0.0013342
0.0577763 0.0653222 0.288608 -0.0069289 -0.00070513 0.00109174
0.0538152 0.110042 0.258534 -0.00606575 -0.00085527 0.00125161
0.0521023 0.109827 0.247222 -0.00516774 -0.00066887 0.00134489
0.0495524 0.073242 0.0603376 -0.00077744 0.00022373 0.00172182
0.0620863 0.0739027 0.126429 -0.00209359 0.00036817 0.00181255
0.072972 0.103784 0.207892 -0.00464312 0.00041326 0.0016177
0.0765928 0.135574 0.219711 -0.0054673 0.00011137 0.00180014
0.0758301 0.135913 0.237213 -0.00516533 0.00020217 0.001996
0.0801431 0.109892 0.258378 -0.0058629 0.00025571 0.00174122
0.0804254 0.138704 0.228423 -0.00540065 0.000407 0.00176652
0.0762172 0.122457 0.251157 -0.00551942 0.00017623 0.00182182
0.0855807 0.105225 0.260549 -0.00644805 -2.309e-05 0.00157041
0.0854884 0.131746 0.240879 -0.00579158 -0.0001077 0.0015755
0.0856247 0.113212 0.274674 -0.00632812 -0.00023539 0.00170793
0.0854823 0.0921514 0.281158 -0.00703069 -0.00012127 0.00151953
0.079768 0.112948 0.287685 -0.00739286 -9.478e-05 0.00170793
0.0831586 0.0928637 0.301015 -0.00732058 -3.716e-05 0.00170793
0.0815928 0.0982367 0.280185 -0.00730436 6.77e-05 0.00170793
0.0814228 0.126446 0.283665 -0.00692339 -4.743e-05 0.00170793
0.082835 0.0981826 0.303012 -0.00724241 1.945e-05 0.00170793
0.0833291 0.0759572 0.302416 -0.00779637 0.00010043 0.00148542
0.0783283 0.120817 0.283596 -0.00746261 -0.00017607 0.00145793
0.0788259 0.111252 0.282477 -0.00737437 -0.00023579 0.00156958
0.0849414 0.0795468 0.290342 -0.00790163 -0.00021853 0.00130646
0.0828821 0.120893 0.284053 -0.00758796 -0.00014655 0.00170793
0.0856875 0.0999334 0.295172 -0.00757874 -0.0001797 0.00170793
0.083874 0.0631784 0.289562 -0.00814213 -0.00011742 0.00154475
0.0822252 0.114249 0.288422 -0.00745143 -0.00028447 0.00170793
0.0845315 0.091033 0.303922 -0.00769601 -2.285e-05 0.00170793
0.0855979 0.0795559 0.283596 -0.00821708 0.00011923 0.00148085
0.082983 0.124969 0.275503 -0.00768704 -0.00024521 0.00170793
0.0883706 0.0763695 0.240403 -0.00788658 -0.00065773 0.00170793
0.08473 0.0731345 0.278343 -0.00825148 -0.00017682 0.00139394
0.0802544 0.107633 0.296933 -0.00828748 -0.00032837 0.00154278
0.0803792 0.0764232 0.301405 -0.00854353 -0.00012253 0.00145358
0.0813593 0.0837564 0.298316 -0.00854123 -0.00025177 0.00147651
0.0805194 0.0912195 0.298102 -0.00834979 -0.00024191 0.00145793
0.0844432 0.0550523 0.313957 -0.00913046 -0.00025953 0.0014716
0.0841784 0.0892593 0.306912 -0.0089238 -0.00037269 0.00170793
0.0876603 0.0763616 0.33038 -0.00898068 -0.00054274 0.00170793
0.0875205 0.0650131 0.31644 -0.0093537 -0.00033615 0.00170793
0.0865145 0.106706 0.298605 -0.00879317 -0.00025272 0.00136584
0.0858153 0.0796126 0.319643 -0.00909855 -0.00032936 0.00138943
0.0843328 0.0781997 0.302965 -0.00928754 -0.00031565 0.00139722
0.0812127 0.101535 0.30992 -0.00879317 -0.00030213 0.00170793
0.0850128 0.0600789 0.327582 -0.00942597 -0.0003838 0.00148026
0.0775059 0.0626416 0.299347 -0.00949199 -0.0003976 0.00145958
0.0837556 0.0840252 0.315589 -0.0093214 -0.00052478 0.00170793
0.0877256 0.0432807 0.334062 -0.00995816 -0.00078928 0.00146065
0.0887501 0.0726219 0.306559 -0.00978065 -0.00075676 0.00151335
0.0912716 0.0890376 0.324206 -0.00921697 -0.00074832 0.00145177
0.100173 0.0414493 0.350387 -0.0104688 -0.00078598 0.0010903
0.0861375 0.0931043 0.315001 -0.00970225 -0.00046904 0.00131873
0.0861069 0.0782285 0.328146 -0.00937559 -0.00065484 0.00135999
0.0917534 0.0389938 0.33579 -0.0104067 -0.00083061 0.00123104
0.0861314 0.0948053 0.299764 -0.00938341 -0.00055009 0.00134744
0.0860868 0.0720438 0.330852 -0.00976324 -0.00061798 0.00132998
0.093407 0.0432925 0.336058 -0.0104607 -0.00071659 0.0013158
0.0894208 0.073285 0.329277 -0.00983157 -0.00071423 0.00146483
0.0907306 0.0580205 0.341531 -0.0100042 -0.00072757 0.0013538
0.0928828 0.0432106 0.338209 -0.0106116 -0.00076915 0.00137549
0.0863202 0.0777287 0.340652 -0.00973572 -0.00076306 0.00156713
0.0915838 0.0454446 0.350102 -0.0100858 -0.00069484 0.00148276
0.0901948 0.045521 0.337845 -0.0103684 -0.00075206 0.00152611
0.0864657 0.0537084 0.324063 -0.00969173 -0.00077283 0.00171802
0.098323 0.0333504 0.346523 -0.0107451 -0.00103636 0.0010903
0.0893566 0.066117 0.323521 -0.0103604 -0.00073548 0.00152958
0.102652 0.0522302 0.370049 -0.0102409 -0.00072366 0.0016173
0.115747 0.0308572 0.409876 -0.0106772 -0.00065833 0.00174513
0.113994 0.0697416 0.361662 -0.00985971 -0.00068623 0.00164747
0.114075 0.0581944 0.373322 -0.00999855 -0.00067878 0.00179173
0.117952 0.0332858 0.388207 -0.0105351 -0.00072995 0.00167947
0.115244 0.0587386 0.368386 -0.0100842 -0.00068645 0.00178135
0.113618 0.0488569 0.364592 -0.0100546 -0.00060048 0.00185053
0.116564 0.0420754 0.382117 -0.0104952 -0.00078083 0.00168961
0.12287 0.0505924 0.366907 -0.0104497 -0.00075394 0.00164894
0.113514 0.0692302 0.3488 -0.00999806 -0.00072403 0.00175513
0.110272 0.0604098 0.346462 -0.00999806 -0.00073638 0.00169958
0.10345 0.0321486 0.361568 -0.0110812 -0.00070828 0.00171643
0.106061 0.0746389 0.342041 -0.0103899 -0.00067858 0.00173637
0.111383 0.0537085 0.368735 -0.0106931 -0.00069871 0.00175577
0.108222 0.00897501 0.386574 -0.0117989 -0.0008356 0.00179325
0.104986 0.0918404 0.337599 -0.0102437 -0.00068739 0.00188067
0.104548 0.0488214 0.363759 -0.0105897 -0.00070607 0.0018643
0.105209 0.0329637 0.360281 -0.0112532 -0.00064827 0.00174084
0.104137 0.0792265 0.345454 -0.0104525 -0.00076837 0.00183215
0.117123 0.0328586 0.354338 -0.0105265 -0.00075512 0.00152885
0.120699 0.0166722 0.346277 -0.011142 -0.00102319 0.00127885
0.107016 0.0850777 0.337192 -0.00994693 -0.00070633 0.00152885
0.107157 0.0652844 0.35343 -0.0100329 -0.00056426 0.00160994
0.117642 0.0297548 0.352424 -0.0109366 -0.00067985 0.00152885
0.113191 0.0698219 0.344266 -0.0101733 -0.00068773 0.00170315
0.111712 0.0433254 0.378052 -0.010727 -0.00072901 0.00173465
0.113394 0.0390368 0.353928 -0.0105381 -0.00084796 0.00152885
0.110686 0.0770043 0.363821 -0.0100906 -0.00073525 0.00177167
0.113818 0.0327512 0.374104 -0.0109183 -0.00071948 0.00188295
0.113319 0.0718375 0.360221 -0.0106525 -0.00075222 0.00186087
0.114506 0.0545532 0.376319 -0.0105041 -0.00090961 0.00181414
0.117707 -0.0103229 0.424386 -0.0119673 -0.00088962 0.00172822
0.112508 0.0451172 0.380941 -0.0110193 -0.00087517 0.00183392
0.107638 0.0585502 0.377415 -0.0104985 -0.00068345 0.00205386
0.125334 0.0277824 0.382028 -0.0111982 -0.00108504 0.00152885
0.112111 0.0406895 0.356086 -0.0105432 -0.0010326 0.00187441
0.107999 0.0408183 0.373389 -0.010411 -0.00086879 0.00187114
0.111969 0.021652 0.389993 -0.0110225 -0.0010969 0.00176425
0.110751 0.0501578 0.355996 -0.0109538 -0.00081486 0.00196803
0.108329 0.0674029 0.362783 -0.0103227 -0.00080831 0.00201124
0.113205 0.0450808 0.381946 -0.0104852 -0.00098441 0.0018629
0.113082 0.0450796 0.362955 -0.0104496 -0.00078184 0.00184892
0.113471 0.0626075 0.367183 -0.010144 -0.00092165 0.0021653
0.115793 0.035993 0.388789 -0.0104145 -0.0011126 0.00199741
0.115914 0.0428243 0.382824 -0.0107961 -0.00085592 0.00198212
0.116201 0.0605265 0.373319 -0.0103168 -0.00082458 0.00198059
0.116648 0.04489 0.378234 -0.010144 -0.00111899 0.00201349
0.116055 0.0348509 0.376175 -0.010144 -0.00095736 0.00208002
0.11919 0.0450449 0.389378 -0.0106566 -0.00114205 0.00200728
0.121131 0.0514674 0.374843 -0.0104355 -0.00110148 0.00219098
0.117714 0.044603 0.35442 -0.00965599 -0.00068221 0.0022315
0.11731 0.00490004 0.368513 -0.0107249 -0.00099117 0.00217528
0.109168 -0.0238498 0.403962 -0.0122585 -0.00111503 0.00202669
0.10526 0.0208759 0.402174 -0.0109535 -0.00111278 0.00235188
0.107583 0.0443303 0.390574 -0.00947924 -0.00068221 0.00122309
0.0863769 0.10095 0.527076 -0.00788498 -0.00106441 0.00072028
0.0647282 0.173541 0.723512 -0.00452124 -0.00186709 0.00093813
-0.0780774 1.05991 1.94177 7.775e-05 0.00154523 0.00090053
0.0135637 1.08096 1.82911 0.00389044 0.0038495 -0.0025465
0.0742327 0.354176 1.50783 -0.00718789 -0.00071964 -0.00235917
0.0856275 0.00097722 1.82972 -0.00663225 -0.00088105 -0.0014975
0.0708747 0.0243761 1.80742 -0.00303124 -0.00347541 -0.00232819
0.0670746 -0.0216248 1.70704 -0.00332517 -0.0039567 -0.00224816
0.0355044 0.0387719 1.62132 -0.0029282 -0.00405766 -0.00242831
0.0618639 0.0777997 1.73184 -0.00667006 -0.00436551 -0.00203045
0.0699248 0.34262 1.9638 -0.00923227 -0.00366456 -0.00279439
0.0560672 0.812091 1.87625 -0.00840103 -0.00365761 -0.002898
0.0763154 0.878973 1.13124 -0.00934721 -0.00302464 -0.00194645
0.0790388 0.602035 0.727545 -0.0107551 -0.0035003 -0.00054811
0.0597211 0.232585 0.538267 -0.0104137 -0.00276134 0.00032138
0.0456651 -0.0169757 0.452333 -0.00888828 -0.00208563 0.00060628
0.053432 -0.172133 0.426187 -0.00840912 -0.00190512 0.0002721
0.051641 -0.272076 0.398207 -0.00785998 -0.00167253 0.00076407
0.0561202 -0.197331 0.359749 -0.00694888 -0.00136572 0.00076407
0.060299 -0.0751251 0.378664 -0.00735183 -0.00164139 0.00076407
0.0518184 0.0629861 0.39805 -0.00782252 -0.00176864 0.00083967
0.0475537 0.211284 0.298762 -0.00660842 -0.0017603 0.0016079
0.0524016 0.235087 0.208764 -0.00480377 -0.00112976 0.00204594
0.0455927 0.272284 0.347814 -0.00812407 0.00012579 0.00155248
0.0447505 0.294267 0.430385 -0.0101001 -0.00012301 0.00099128
0.0508244 0.237452 0.432596 -0.0102723 -0.00021456 0.00123495
0.0514667 0.0974753 0.427306 -0.0101162 -0.00017794 0.0012855
0.0513497 -0.00550596 0.426068 -0.0102224 -0.00031856 0.00128953
0.0572001 -0.106074 0.470428 -0.0112264 -0.00045005 0.00134144
0.0533928 -0.147354 0.532768 -0.0124098 -2.047e-05 0.00144133
0.0529727 -0.0200312 0.454803 -0.0107311 -2.047e-05 0.00120782
0.0585025 0.0186227 0.4596 -0.0112371 -0.00027295 0.00143111
0.0530783 0.0797634 0.454179 -0.0116173 -0.00017802 0.00158173
0.0502166 0.130863 0.454399 -0.0116226 -0.00015059 0.00147224
0.0506804 0.138285 0.453374 -0.0120877 -0.00015767 0.00136608
0.0551523 0.127031 0.47747 -0.01288 -0.00027631 0.00119622
0.0593587 0.132313 0.504317 -0.0130058 -0.00052906 0.00133643
0.0604959 0.0502106 0.525398 -0.0134786 -0.00058946 0.0014803
0.0502133 -0.036324 0.564085 -0.0148494 -0.00044224 0.0012808
0.0562646 0.00157053 0.526608 -0.0140924 -0.00079383 0.00133571
0.0593523 -0.0209544 0.536635 -0.0140535 -0.0006877 0.00163949
0.0624515 -0.0398234 0.544018 -0.0144166 -0.00063096 0.00154768
0.0614077 -0.0209599 0.549494 -0.0148957 -0.00044224 0.00163949
0.0633166 -0.0408279 0.525609 -0.0148764 -0.0006949 0.00154892
0.056629 -0.0161565 0.520494 -0.0154619 -0.00088511 0.00146528
0.0545466 0.102706 0.499158 -0.0137846 -0.00078768 0.00151465
0.0561358 0.0739825 0.523284 -0.0141542 -0.00088511 0.0015075
0.0622677 0.0574915 0.548265 -0.0144558 -0.00052736 0.00163949
0.0561897 -0.00643195 0.565209 -0.0155793 -0.00071025 0.00149003
0.0561453 -0.00059195 0.540908 -0.0154386 -0.00059646 0.00144468
0.0614012 -0.00145563 0.554604 -0.0150321 -0.00074391 0.00163949
0.0563624 -0.044201 0.575532 -0.0156849 -0.00093078 0.00163949
0.0562717 -0.0411484 0.594203 -0.0159714 -0.00101304 0.0015574
0.0662715 -0.014423 0.573321 -0.0155886 -0.00090149 0.00163949
0.0639092 -0.0161996 0.573051 -0.0154896 -0.00078111 0.00174157
0.0563168 -0.0344095 0.580719 -0.0164294 -0.00123731 0.00163949
0.0622618 0.0262819 0.559246 -0.0160781 -0.00105153 0.00163949
0.0629454 0.0185248 0.568116 -0.0156288 -0.00093206 0.00163949
0.0622221 0.00421056 0.576716 -0.0158593 -0.00092735 0.00163949
0.0629565 -0.00583018 0.577611 -0.0159052 -0.00085855 0.00174722
0.0653484 -0.0303293 0.589149 -0.0164043 -0.00104105 0.00170263
0.0621938 -0.0439608 0.588954 -0.0168973 -0.00105039 0.00163949
0.0638661 0.00930055 0.576947 -0.0161037 -0.00082148 0.00163949
0.0639938 -0.0201818 0.60135 -0.0162791 -0.00120571 0.00176054
0.0698634 -0.0252287 0.584703 -0.01611 -0.00087513 0.00182275
0.0739852 -0.0413061 0.599532 -0.0165236 -0.00133092 0.00176755
0.073846 -0.0342513 0.580114 -0.0168216 -0.0013108 0.00163949
0.0667082 0.00853297 0.579854 -0.0160596 -0.00126416 0.00163949
0.073832 -0.0196096 0.601242 -0.0164476 -0.00129047 0.00163949
0.0738364 -0.0195184 0.609162 -0.0168564 -0.00140583 0.00163949
0.0740206 -0.0161455 0.603819 -0.0165613 -0.00130514 0.00179758
0.0738229 -0.0243569 0.612278 -0.0165493 -0.00137364 0.00163949
0.073692 -0.0793391 0.630361 -0.0181831 -0.00176286 0.00151364
0.0738504 -0.0222435 0.583837 -0.017398 -0.00141005 0.00163949
0.0741341 -0.0134212 0.595801 -0.0164167 -0.00141005 0.00186457
0.0735613 -0.0579043 0.610164 -0.017706 -0.00169745 0.00141984
0.0670155 -0.0344554 0.54777 -0.017244 -0.00201843 0.00163949
0.0741753 -0.0121319 0.526779 -0.0164075 -0.00155791 0.0019052
0.0738082 -0.0664833 0.558172 -0.0170669 -0.00181032 0.00163949
0.0679947 -0.0342404 0.524368 -0.0167475 -0.00197326 0.00163949
0.0612568 -0.0180327 0.533453 -0.0159307 -0.00181032 0.00163949
0.0680818 -0.0680575 0.562923 -0.0167825 -0.00199883 0.00163949
0.0737934 -0.0320993 0.552497 -0.0166035 -0.00195728 0.00163949
0.0740716 -0.0335427 0.575788 -0.0166537 -0.00193421 0.0018724
0.076317 -0.0703598 0.579437 -0.0172801 -0.00221174 0.0017475
0.0740824 -0.0194103 0.558932 -0.0164605 -0.001969 0.00187071
0.0739365 -0.0383164 0.566506 -0.0166138 -0.00181032 0.00174292
0.0740138 -0.0481789 0.563015 -0.0172004 -0.00221659 0.00183166
0.0742666 -0.0228378 0.554373 -0.0165399 -0.00194945 0.00202751
0.0737577 -0.0703374 0.573524 -0.0170639 -0.00227638 0.00163949
0.0738742 -0.0202051 0.552681 -0.0164651 -0.00206849 0.00171603
0.0809406 -0.0494069 0.589058 -0.0168544 -0.00209932 0.00163949
0.0739486 -0.0355001 0.570286 -0.016706 -0.00217164 0.00177036
0.0771178 -0.0402793 0.586235 -0.0165589 -0.00198768 0.001934
0.0831669 -0.0537662 0.593757 -0.0167399 -0.00227057 0.00188747
0.0854609 -0.0377286 0.576145 -0.0167336 -0.00239676 0.00194766
0.0866998 -0.0321544 0.590908 -0.0164327 -0.00225822 0.00203021
0.0869646 -0.0326132 0.569064 -0.0166456 -0.00210832 0.00196203
0.0916439 -0.0536417 0.593066 -0.0171822 -0.00260808 0.00181748
0.0774579 -0.0626845 0.592571 -0.018299 -0.00243948 0.00163949
0.0765281 0.0291102 0.547986 -0.0163437 -0.00206371 0.00163949
0.0730035 -0.0157255 0.568659 -0.0164564 -0.00197388 0.00188501
0.0727488 -0.0624965 0.56955 -0.0173102 -0.00223434 0.0016988
0.0732508 -0.0443055 0.569775 -0.0173606 -0.00181032 0.00206509
0.0802049 -0.0997881 0.602565 -0.0177542 -0.00214724 0.00206509
0.0727586 -0.0858563 0.542525 -0.0177771 -0.00222603 0.00169706
0.0781116 -0.0318756 0.542176 -0.0166171 -0.00181032 0.0018486
0.0838723 -0.0526221 0.57141 -0.0169404 -0.00181032 0.00192864
0.0841048 -0.0737262 0.55744 -0.017391 -0.0023359 0.00154846
0.0840702 -0.0208867 0.545716 -0.0169626 -0.00204496 0.00181613
0.0837928 -0.0240558 0.564048 -0.0166145 -0.00204476 0.00190207
0.0834526 -0.0655012 0.573349 -0.0175279 -0.00239704 0.00165292
0.0837126 -0.0141167 0.574028 -0.0174665 -0.00233586 0.00184583
0.0838723 -0.0321056 0.573256 -0.0166451 -0.00181032 0.0019499
0.0836894 -0.0708035 0.583052 -0.0178047 -0.00228788 0.00182529
0.0791256 -0.0352219 0.547799 -0.0175053 -0.00224073 0.00214047
0.0713723 -0.054345 0.555842 -0.0168821 -0.00221615 0.00211621
0.0838659 -0.0749102 0.585216 -0.0173408 -0.00221198 0.0019876
0.0840002 -0.0393362 0.579101 -0.0169265 -0.00205133 0.0020789
0.0837836 -0.0542433 0.576866 -0.0170005 -0.00181032 0.00189069
0.0884384 -0.0499636 0.585919 -0.0179903 -0.0025832 0.00209942
0.088689 -0.0542516 0.589131 -0.0182757 -0.00273305 0.00209895
0.089007 -0.0727198 0.601774 -0.0187214 -0.00299285 0.00195761
0.0838306 -0.0743462 0.590752 -0.0196831 -0.00338313 0.00199545
0.0843103 -0.0157028 0.562097 -0.0179008 -0.00291125 0.00237929
0.084176 -0.0647319 0.582697 -0.0183133 -0.0027854 0.00226544
0.0840597 -0.0876414 0.565567 -0.0191818 -0.00310675 0.00216777
0.0844561 -0.0611212 0.558065 -0.0184172 -0.00319645 0.00250436
0.0842837 -0.0910022 0.573167 -0.0185671 -0.00295059 0.00234657
0.0941899 -0.117271 0.555875 -0.0195714 -0.00326211 0.00219693
0.0844606 -0.0594076 0.564485 -0.0186755 -0.00292742 0.00247704
0.0843325 -0.0819835 0.563189 -0.0180778 -0.00308645 0.00240498
0.0876096 -0.11834 0.560612 -0.0191011 -0.003276 0.00212061
0.0882384 -0.04398 0.555612 -0.0182263 -0.00326478 0.00230705
0.0885305 -0.0550788 0.559342 -0.0180133 -0.00323756 0.00232402
0.0885759 -0.0651641 0.553878 -0.0181637 -0.00321279 0.00235827
0.0885602 -0.0828554 0.574967 -0.0187634 -0.00326102 0.00235044
0.0920182 -0.0969764 0.560611 -0.0193125 -0.00355455 0.00230389
0.0956519 -0.0604763 0.581475 -0.0185847 -0.00317712 0.00246021
0.100335 -0.0913408 0.59879 -0.0184738 -0.00333099 0.00248279
0.10411 -0.115256 0.585219 -0.0193776 -0.00339534 0.00235329
0.0950805 -0.0619804 0.571244 -0.018768 -0.0032033 0.00255975
0.0957965 -0.0889735 0.589928 -0.0189996 -0.00338661 0.00249788
0.101641 -0.102681 0.583384 -0.0192665 -0.00357904 0.00240932
0.094117 -0.0425374 0.559002 -0.0183678 -0.00363736 0.00251588
0.104858 -0.067259 0.585582 -0.0185743 -0.00363088 0.00257186
0.104228 -0.0908571 0.57765 -0.0195553 -0.00361842 0.00244487
0.0924323 -0.0657622 0.579566 -0.0188728 -0.00331791 0.00260899
0.0962113 -0.0917931 0.599607 -0.0193156 -0.00330966 0.00276119
0.101429 -0.1367 0.588495 -0.0198269 -0.00377641 0.00240055
0.0994746 -0.0825782 0.547079 -0.019213 -0.00390578 0.00260903
0.0994872 -0.0695156 0.567356 -0.0181999 -0.00334716 0.00273864
0.0956648 -0.0869512 0.584843 -0.0189084 -0.00347342 0.00265814
0.0955147 -0.117962 0.571805 -0.0201051 -0.00376222 0.00254004
0.0973482 -0.0499173 0.540573 -0.0186357 -0.00377767 0.00278658
0.107792 -0.0857329 0.565948 -0.0188594 -0.00367893 0.00243061
0.108775 -0.098531 0.56185 -0.0191096 -0.00376204 0.00262747
0.107978 -0.084004 0.58127 -0.0186712 -0.00353219 0.00278835
0.113818 -0.110838 0.59839 -0.018951 -0.00369304 0.00281529
0.110661 -0.120937 0.573477 -0.0195381 -0.00401547 0.00272252
0.108463 -0.0701098 0.572843 -0.0188408 -0.00378414 0.00278416
0.107214 -0.0738455 0.581312 -0.0188439 -0.00379911 0.00290234
0.113563 -0.0976892 0.597091 -0.0194218 -0.0037193 0.00258887
0.10914 -0.120912 0.584364 -0.020507 -0.00406764 0.00243061
0.105563 -0.041663 0.553125 -0.0192026 -0.00387246 0.00270478
0.110906 -0.0743872 0.574012 -0.0191228 -0.003768 0.00286594
0.1032 -0.100246 0.56874 -0.0198372 -0.00395368 0.00261752
0.0987306 -0.0677725 0.55335 -0.0193655 -0.0037488 0.00266714
0.105062 -0.0814213 0.574746 -0.0188973 -0.00369782 0.00274062
0.109008 -0.0914551 0.579586 -0.0188814 -0.00387189 0.00269566
0.11309 -0.141345 0.59028 -0.0203948 -0.00389969 0.00256656
0.109205 -0.0628639 0.566808 -0.0192723 -0.00428241 0.00267256
0.116086 -0.0515067 0.566232 -0.0193541 -0.00381803 0.00308083
0.106509 -0.131698 0.584311 -0.0206235 -0.00385596 0.00275433
0.103064 -0.120207 0.669466 -0.021365 -0.00414292 0.00254885
0.126893 -0.116086 0.50829 -0.0188443 -0.0032389 0.00203194
0.136808 -0.0713033 0.342448 -0.0164192 -0.00387277 0.00156719
0.134969 -0.0682683 0.567775 -0.0173377 -0.0046255 -6.939e-05
0.127222 -0.13799 0.544237 -0.0192625 -0.00502204 -0.00015287
0.104914 -0.16154 0.883135 -0.018668 -0.00532369 -0.00028853
0.103904 0.106704 0.92433 -0.0184814 -0.00433577 -0.00079193
0.115261 0.160794 0.904965 -0.0177848 -0.00311525 -0.00112895
0.111846 0.302592 0.868765 -0.0141956 -0.00344819 -0.00071524
0.107471 0.106431 0.811082 -0.0141633 -0.00035692 -0.00020093
0.112508 -0.00197363 0.946179 -0.0182648 -2.573e-05 0.00087391
0.111427 -0.0893686 0.980024 -0.018535 -7.352e-05 0.00110058
0.0973445 -0.101419 0.789773 -0.0168924 0.00010783 0.00110058
0.0942317 -0.160477 0.74415 -0.0158566 0.00084763 0.00172196
0.0818128 -0.0746231 0.769408 -0.0163603 0.00042831 0.00156815
0.0817924 -0.0279171 0.754241 -0.0167485 0.00044603 0.00156815
0.0819714 0.0294635 0.75198 -0.0170798 0.00034323 0.00169021
0.0817055 0.0724243 0.818428 -0.0181226 0.00017951 0.00143945
0.0968587 0.12317 0.869934 -0.0191423 -0.00013296 0.00090351
0.0953033 0.162759 0.853707 -0.0190419 4.168e-05 0.00156815
0.0984317 0.0745428 0.876782 -0.0191283 0.00014773 0.00156815
0.0996988 -0.00661812 0.881205 -0.0196489 3.477e-05 0.00172657
0.0910982 -0.0493434 0.863922 -0.0196057 0.00023955 0.00156815
0.0936155 -0.0893272 0.86368 -0.0198562 2.496e-05 0.00171508
0.0982632 -0.126814 0.887087 -0.0203505 3.236e-05 0.00172756
0.0976002 -0.068327 0.853489 -0.0201856 9.84e-05 0.00171547
0.0954789 -0.0452669 0.859712 -0.0198805 -5.352e-05 0.00172456
0.0917399 -0.0453373 0.861728 -0.0204521 -0.00029053 0.00163614
0.0961002 0.0378916 0.826998 -0.0204602 -0.00019034 0.00156815
0.104151 0.0322547 0.850553 -0.0202761 -0.00027698 0.00156815
0.114691 -0.00487912 0.849349 -0.0211083 -0.00036398 0.00119793
0.115181 0.0142922 0.852549 -0.0204118 -0.00026982 0.00156815
0.107789 -0.0124042 0.865074 -0.0201662 -0.00054092 0.00171863
0.118895 -0.0758501 0.876976 -0.0209392 -0.00042897 0.0014668
0.112181 -0.0894677 0.91998 -0.0218579 -0.0006967 0.00062383
0.111409 -0.0361474 0.850328 -0.0211629 -0.00061319 0.00079305
0.0970278 -0.0304277 0.835089 -0.0202584 -0.0003361 0.00171661
0.102138 -0.0680957 0.843808 -0.0203503 -0.00050338 0.00156815
0.103181 -0.0772114 0.827771 -0.0211078 -0.00057017 0.00125631
0.0970968 -0.00753142 0.829019 -0.0203398 -0.00048037 0.00174543
0.10215 -0.0246574 0.859483 -0.0204553 -0.00051883 0.00171906
0.105909 -0.0522824 0.864312 -0.0210528 -0.00050891 0.00156815
0.106882 -0.0115698 0.847756 -0.0210452 -0.00037395 0.00173289
0.109754 -0.0397141 0.853386 -0.0208744 -0.00040711 0.00183346
0.112097 -0.0616895 0.860722 -0.0210897 -0.00035588 0.00171957
0.122218 -0.0415343 0.84452 -0.0204651 -0.00040382 0.00156815
0.123216 -0.0614135 0.85057 -0.0206196 -0.0005068 0.00151645
0.116122 -0.0913563 0.875297 -0.0211949 -0.00064489 0.00156815
0.12208 -0.0792396 0.844422 -0.0219483 -0.00078161 0.00137856
0.125656 -0.00500394 0.849709 -0.0205512 -0.00064761 0.00156815
0.115776 -0.0229655 0.86106 -0.020141 -0.00043781 0.00184561
0.129365 -0.0508883 0.890503 -0.0207894 -0.00065466 0.00156815
0.123482 -0.0340328 0.853709 -0.0204468 -0.00047429 0.00172702
0.118771 -0.0389699 0.863423 -0.0203192 -0.00066088 0.00189418
0.134716 -0.0712254 0.887678 -0.0205513 -0.00083695 0.00142836
0.133465 -0.0534251 0.853639 -0.0205739 -0.00080328 0.00143576
0.129515 -0.050889 0.851032 -0.0205362 -0.00049814 0.00169184
0.138905 -0.066411 0.881442 -0.0207363 -0.00044478 0.00156815
0.140987 -0.0934319 0.889208 -0.0212557 -0.0006037 0.0012677
0.129255 0.0101815 0.848534 -0.0204252 -0.00051368 0.00150532
0.129609 0.0201504 0.866225 -0.0199803 -0.00050858 0.00177873
0.129973 -0.00906705 0.858193 -0.0199397 -0.00047117 0.0020707
0.137968 -0.037582 0.888551 -0.0203926 -0.00061887 0.00167478
0.130148 -0.0237024 0.868126 -0.019977 -0.00056436 0.00208019
0.130297 -0.0504168 0.878728 -0.0198219 -0.00061491 0.00218872
0.144338 -0.061632 0.912026 -0.0203586 -0.00089118 0.0017527
0.143926 -0.0459171 0.883674 -0.0199208 -0.00095105 0.00208202
0.130342 -0.0352893 0.868776 -0.0197903 -0.00082374 0.00218872
0.127329 -0.0294342 0.868121 -0.0198234 -0.00108638 0.00188147
0.13841 -0.0210291 0.899406 -0.0199464 -0.00120974 0.00175793
0.129868 -0.0056629 0.869787 -0.0198274 -0.00124152 0.00173048
0.12975 -0.00870835 0.866066 -0.0200603 -0.00065942 0.00175426
0.126828 -0.0210244 0.873502 -0.0201871 -0.00058159 0.00173128
0.132189 -0.0308102 0.864951 -0.0202251 -0.0007022 0.00144838
0.125088 -0.0602074 0.87795 -0.0211467 -0.00068816 0.00135316
0.127396 -0.00628854 0.849926 -0.0206612 -0.00052715 0.00145089
0.123273 -0.0318107 0.85839 -0.019963 -0.00014524 0.00196357
0.131614 -0.0816907 0.8558 -0.0205609 -0.00057375 0.00146681
0.126952 -0.0426209 0.829747 -0.0204723 -0.00046913 0.00173921
0.132346 -0.0304605 0.860573 -0.019792 -0.00048193 0.00165575
0.13566 -0.0820551 0.875625 -0.0206237 -0.00054712 0.00135338
0.135775 -0.0472064 0.852867 -0.0205149 -0.00034868 0.00148921
0.13225 -0.0279315 0.867578 -0.0199117 -0.00056855 0.00173921
0.140697 -0.0863866 0.866759 -0.0206132 -0.00076647 0.00129078
0.13072 -0.0279784 0.853794 -0.0201861 -0.00068475 0.00159914
0.131349 -0.0248157 0.849633 -0.0192603 -0.00077021 0.00158484
0.131737 -0.0706109 0.854771 -0.0199804 -0.00077418 0.00143768
0.133161 -0.0175976 0.841674 -0.0201489 -0.00051176 0.00173921
0.127172 -0.00686437 0.866619 -0.0197081 -0.00044655 0.00202221
0.141735 -0.0600731 0.887165 -0.0203078 -0.00073716 0.00173921
0.134162 -0.0507617 0.864074 -0.0200927 -0.00067254 0.00198775
0.133823 -0.0578489 0.879948 -0.0197728 -0.00037303 0.0018953
0.144091 -0.0728308 0.895578 -0.0198303 -0.00042514 0.00173921
0.145985 -0.0639433 0.883374 -0.0203619 -0.00040597 0.00173921
0.134319 -0.0220911 0.86528 -0.0198812 -0.00079106 0.00190785
0.136124 -0.045036 0.874025 -0.0198859 -0.00100141 0.00173921
0.136076 -0.027582 0.855925 -0.0200524 -0.00077816 0.00173921
0.136297 0.0108227 0.868541 -0.0198106 -0.00055486 0.00195379
0.136197 -0.0329008 0.865319 -0.020027 -0.0007087 0.00186137
0.136636 -0.041228 0.869162 -0.0204217 -0.00068422 0.00213433
0.134246 -0.0330744 0.865867 -0.0197451 -0.00059499 0.00213328
0.136362 -0.084166 0.872911 -0.0204407 -0.00077875 0.00190183
0.136616 -0.0419427 0.848152 -0.0200084 -0.00067966 0.00215573
0.136469 -0.0462404 0.862756 -0.0197962 -0.00051281 0.00206934
0.136117 -0.0787488 0.873815 -0.0205794 -0.00072325 0.00173921
0.13609 -0.0303765 0.847464 -0.0202285 -0.00061175 0.00173921
0.136494 -0.0173244 0.867483 -0.0198444 -0.00051302 0.00206489
0.136278 -0.0518319 0.880044 -0.0201605 -0.00084024 0.0018351
0.136369 -0.00890677 0.858448 -0.0200623 -0.00082687 0.00189974
0.136614 -0.0291547 0.887765 -0.0198603 -0.00052134 0.002161
0.136646 -0.0692567 0.912095 -0.020182 -0.00064654 0.00214302
0.136681 -0.0398337 0.879344 -0.0199001 -0.000465 0.00221109
0.142717 -0.0495558 0.890276 -0.0198155 -0.00058625 0.00210349
0.144877 -0.0532627 0.888585 -0.0199409 -0.00072649 0.00213094
0.143242 -0.0318532 0.872852 -0.0197966 -0.00040237 0.00210901
0.136681 -0.0442224 0.882643 -0.0201259 -0.00050642 0.00222038
0.144305 -0.0496475 0.880159 -0.0206187 -0.00077626 0.00192637
0.136899 -0.00554979 0.866602 -0.020049 -0.00070476 0.00236154
0.136877 -0.0264503 0.876564 -0.0197993 -0.0006655 0.00236154
0.145034 -0.0448131 0.869282 -0.0202913 -0.00081543 0.0019209
0.136777 -0.0165907 0.868701 -0.0200026 -0.00047193 0.00228955
0.136785 -0.0361381 0.882169 -0.0201908 -0.00051294 0.00227322
0.145009 -0.0472305 0.884012 -0.0204497 -0.00088349 0.00217234
0.136895 -0.0189542 0.874373 -0.0198824 -0.00056129 0.00236154
0.140475 -0.0414795 0.88449 -0.0197981 -0.00058072 0.00236154
0.143738 -0.044096 0.889766 -0.0201507 -0.00078853 0.00221163
0.142027 -0.0188875 0.869205 -0.0199336 -0.00050704 0.0022637
0.141987 -0.0581145 0.913376 -0.020696 -0.00093223 0.00183138
0.117158 -0.020938 1.06092 -0.01918 -0.00060597 0.00157103
0.162219 0.0537974 1.09907 -0.018042 -0.00119072 0.00064277
0.19418 0.172504 1.14612 -0.0189414 -0.00038451 0.00010823
0.203255 0.22474 1.10578 -0.0206343 -0.00114002 -0.00038946
0.202418 -0.00706285 0.988442 -0.021317 -0.00013662 0.00036859
0.214537 -0.0772464 0.986338 -0.0199385 0.00077311 -2.571e-05
0.207095 -0.0403349 0.691005 -0.0162026 0.00064918 0.00067061
0.200734 -0.0720477 0.838203 -0.0179291 -0.00070026 0.00206074
0.201314 -0.0739897 0.882116 -0.0180469 -0.00101049 0.00228522
0.208368 -0.0624427 0.90707 -0.0179915 -0.00097133 0.00230933
0.215042 -0.0791708 0.923187 -0.0192586 -0.00097363 0.0021139
0.209179 0.0445948 0.91125 -0.0184488 -0.00091122 0.00228953
0.212985 0.0649514 0.904559 -0.0180865 -0.00113021 0.00242892
0.214704 0.0561882 0.92619 -0.0186863 -0.00121487 0.00238937
0.21477 0.0515668 0.919257 -0.0189356 -0.00124005 0.0024102
0.221059 0.0588246 0.955174 -0.0188533 -0.00106413 0.00261087
0.220034 -0.0220351 0.978768 -0.019872 -0.00129381 0.00249753
0.220063 -0.0032369 0.951228 -0.0193128 -0.00109145 0.00277359
0.225975 -0.0249512 0.960659 -0.019187 -0.00097906 0.00277359
0.221656 -0.0598323 0.955185 -0.0196655 -0.00104515 0.00277359
0.222844 -0.0273137 0.936226 -0.0193346 -0.00091807 0.00302032
0.222351 -0.0330175 0.951557 -0.0194241 -0.00108477 0.00298312
0.219192 -0.0302079 0.946175 -0.0198728 -0.00142513 0.00277359
0.225241 0.0276261 0.941048 -0.019323 -0.00109328 0.00296834
0.230248 -0.00986601 0.972817 -0.0195895 -0.00089389 0.00304416
0.231588 -0.00480725 0.974819 -0.019845 -0.00104506 0.00302137
0.234665 -0.00211154 0.984883 -0.0196255 -0.00106402 0.00299502
0.234239 -0.036668 0.990738 -0.0197448 -0.00111919 0.00298011
0.237566 -0.00880625 0.972652 -0.0193011 -0.00106013 0.00298876
0.235469 -0.0252174 0.9765 -0.0192188 -0.00092703 0.00319735
0.238424 -0.0419466 1.00618 -0.0195432 -0.00108992 0.00277359
0.222571 -0.0424159 1.04997 -0.0203889 -0.00142209 0.00237164
0.225368 0.0381496 0.98908 -0.0188992 -0.00168619 0.00237164
0.200663 0.0495389 0.939897 -0.018783 -0.00126146 0.00292234
0.216978 0.00168512 0.943831 -0.0191441 -0.00140545 0.00290627
0.222947 -0.0138459 0.941776 -0.0198328 -0.00154364 0.00288309
0.224817 0.0329755 0.938608 -0.0190364 -0.00137343 0.00295634
0.227694 -0.0211639 0.968909 -0.0194495 -0.00136941 0.00287011
0.219052 -0.0254675 0.964382 -0.0200885 -0.0020608 0.00257597
0.223146 0.0279556 0.936238 -0.0192489 -0.00165332 0.0029297
0.227517 -0.0100743 0.946996 -0.019164 -0.00145626 0.00308045
0.228915 -0.0530815 0.966619 -0.020259 -0.00177875 0.00275451
0.1904 0.0228516 0.912527 -0.0192229 -0.00144353 0.00280919
0.180603 0.0127192 0.907509 -0.0188619 -0.00172974 0.00286211
0.20426 -0.0352528 0.915622 -0.0194927 -0.00189113 0.00269282
0.209933 0.00097366 0.91434 -0.019194 -0.00175644 0.00302922
0.214971 -0.0188617 0.94966 -0.0194883 -0.00158569 0.00302922
0.217668 -0.0384307 0.970343 -0.0203062 -0.00182481 0.00302922
0.21867 0.00972769 0.958445 -0.0196318 -0.00158999 0.00317166
0.221534 0.0176228 0.977463 -0.0193566 -0.00130728 0.00321673
0.224322 -0.0298684 0.990146 -0.0199 -0.00161907 0.00302922
0.223548 -0.0121487 0.968322 -0.0195617 -0.00151886 0.00302922
0.195626 -0.0123014 0.966556 -0.0192102 -0.00133189 0.00302922
0.190049 -0.029683 0.985923 -0.0197882 -0.00161863 0.00292798
0.191893 -7.735e-05 0.962795 -0.0193456 -0.00132964 0.00302922
0.195465 -0.0101471 0.963782 -0.0194478 -0.0014081 0.00302922
0.195409 -0.0145882 0.988112 -0.0197361 -0.00168363 0.00288709
0.195586 0.0224269 0.961315 -0.0194237 -0.00171361 0.00302922
0.195652 0.0177535 0.973822 -0.0191826 -0.00173691 0.00309413
0.19329 -0.0125137 0.986073 -0.0196769 -0.0017208 0.00302922
0.186318 -0.0481378 1.03879 -0.0210052 -0.00182431 0.00262104
0.170502 0.0393179 1.15951 -0.0202796 -0.0019152 0.00171824
0.168513 0.0675347 0.929417 -0.0179775 -0.00221189 0.00131838
0.180663 -0.0734481 0.606986 -0.015593 -0.00224524 0.00192302
0.186256 -0.197334 0.368315 -0.014984 -0.00325322 0.00170605
0.193712 -0.121347 0.34409 -0.0162823 -0.00579744 0.00181783
0.208788 -0.0752984 0.453483 -0.0186772 -0.00623912 0.00181783
0.196817 -0.121828 0.540679 -0.0202989 -0.00607954 0.00120919
0.206549 -0.0826387 0.583686 -0.0205573 -0.00565131 0.00090529
0.209314 -0.0343674 0.640697 -0.0196004 -0.00525271 0.00075304
0.201721 -0.0331217 0.663117 -0.0188271 -0.00503298 0.00023884
0.196963 -0.138183 0.603454 -0.0190541 -0.00474704 0.00033576
0.198185 -0.101664 0.589201 -0.0185613 -0.00468967 0.00077269
0.204612 -0.0577913 0.693038 -0.0192052 -0.00356773 0.0017136
0.197478 -0.165042 0.734533 -0.0199149 -0.0030565 0.00185777
0.176761 -0.155788 0.824556 -0.0207129 -0.00362726 0.00192035
0.16402 -0.0778017 0.860329 -0.0196748 -0.00334431 0.00242163
0.171237 -0.0585522 0.867792 -0.0197706 -0.00327877 0.00274401
0.174811 -0.0585566 0.866757 -0.0205284 -0.00373271 0.00242163
0.185971 -0.0243551 0.848511 -0.0203834 -0.00328388 0.00288676
0.207152 0.0202914 0.833518 -0.0208355 -0.00483573 0.00355629
0.214073 -0.032003 0.850096 -0.0226774 -0.00418217 0.00313905
0.207682 -0.0757133 0.995342 -0.0260464 -0.00410902 0.00240883
