0 0.0176909 0.255773 0.0007673 0 0
0.014916 0.0525293 0.146692 0.00200125 0.00058422 0
0.00957925 0.019182 0.201279 0.00125854 0.00077456 5.188e-05
0.00373277 0.0125881 0.234706 0.00132567 0.00037911 0
-9.711e-05 0.0451272 0.193318 0.00164745 0.0001332 0
-0.00019372 0.0211677 0.251045 0.00129138 0.00024413 0
0 0.0481323 0.246883 0.00156735 0 0
-7.698e-05 0.0642533 0.236236 0.00159542 0.00010091 0
0 0.00733652 0.345997 -0.00018478 0 0
-0.00017319 0.0437709 0.277569 0.00120913 0.00018937 0
0 0.0282492 0.306583 0.00096871 0 0
-1e-08 0.0304572 0.320569 0.0006125 0 0
0 0.0465479 0.306262 0.00110851 0 0
-1e-08 0.0304533 0.372013 0.00063705 0 0
0 0.0527566 0.332871 0.00047958 0 0
2e-08 0.0371301 0.349212 0.00062932 0 0
0 0.0456423 0.349271 0.00070906 0 0
0 0.0557675 0.309326 0.00091399 0 0
0 0.0311214 0.343667 0.00047314 0 0
-1e-08 0.0514484 0.31246 0.00055171 0 0
0 0.0262798 0.3228 0.00078237 0 0
1e-08 0.0476457 0.299214 0.0006192 0 0
0 0.00948133 0.407653 7.238e-05 0 0
0 0.0570184 0.324611 0.00051005 0 0
0 0.0366584 0.375341 -0.00024082 0 0
-1e-08 0.0455123 0.395194 0.00026763 0 0
0.0203151 0.186115 0.277693 0.00577777 0 0.00082471
-1e-08 -0.024479 0.162231 0.00156496 0 0
-1e-08 0.00873875 0.298575 0.00151618 0 0
0 0.0571477 0.269501 0.00350764 0 0
-1e-08 0.00184468 0.316917 0.0008984 0 0
0 0.0124047 0.348874 0.00038776 0 0
0 0.0609958 0.377847 0.00097295 0 0
0 0.102882 0.315045 0.00164341 0 0
1e-08 0.0672112 0.356664 0.00095906 0 0
-1e-08 0.0332824 0.399441 -0.00065087 0 0
0 0.0526169 0.332626 -0.00012959 0 0
0 0.0348613 0.368236 0.0008974 0 0
1e-08 0.00397062 0.354757 0.00026226 0 0
0 0.00924659 0.401668 -0.00029912 0 0
0 0.0125826 0.434693 0.00016443 0 0
0 0.0164766 0.426404 -0.00097262 0 0
1e-08 0.0416865 0.392621 -0.00108257 0 0
0 0.044487 0.447359 -0.00126152 0 0
0 0.0605517 0.366757 0.00060913 0 0
0.00023615 0.058998 0.452623 -0.00264458 0 8.778e-05
-0.0170376 0.0332927 0.449844 -0.00187986 0 0.00024819
0 0.0434487 0.387901 -0.00126031 0 0
0.00122263 0.00599178 0.333531 -0.00049782 0.00033884 0.00058117
-0.0035436 0.00590853 0.316759 -0.00069029 0 0.00017186
0 0.0127357 0.311832 -0.00059633 0 0
0.00059672 0.0057654 0.334321 -0.00084437 0 0.00023365
0.00234221 0.0046605 0.384057 -0.00190964 0 0.00090351
-0.0105627 0.00492926 0.369632 -0.00170711 -0.00013427 0.00050071
-0.00297044 0.0295986 0.333306 -0.00127762 0 0.00017522
-0.00267058 0.0313392 0.343069 -0.00133905 0 0.00025709
-0.00713204 0.0245344 0.448422 -0.00198205 0 0.00056408
-0.00524536 0.0431715 0.345568 -0.00143667 0 0.0004677
0.00040412 0.0256199 0.345113 -0.00088957 0 0.00015982
0.00022357 0.0253539 0.376972 -0.00119456 0 8.735e-05
-0.00264748 0.0208072 0.390522 -0.00089402 0 7.399e-05
-0.0108606 0.0247634 0.325238 -0.00184916 -0.00010016 0.0005845
-0.00453637 0.00955071 0.358022 -0.00185914 0 0.00016698
-0.00659751 0.0244871 0.45772 -0.00212859 0 0.000164
-0.0219524 0.0420557 0.422599 -0.00149875 -0.00072085 0.00031866
0 0.0981346 0.344654 0.0013435 0 0
-0.00455321 -0.00914778 0.800693 -0.00055954 -0.0028148 0.00077773
0.0295204 0.0469501 1.09426 -0.00125874 -0.001157 0.00081625
0.00439188 0.144554 0.68476 -0.00252226 -0.00054196 0.00073463
0.00864613 0.133305 0.535699 -0.0013813 -2.33e-05 0.00082005
8.101e-05 0.13458 0.243683 0.00063173 0.00030035 0.00138468
-0.00111763 -0.0159686 0.237994 0.00063365 0.0002352 0.00055496
-0.0109435 -0.00383713 0.229891 0.00052178 -2.33e-05 0.00053737
-0.0109734 -0.0137898 0.243209 0.00055984 -0.00014706 0.00048944
-0.00372802 -0.0249943 0.271402 0.00118612 -0.0001606 0.00091184
-0.0161599 -0.0320544 0.281017 -0.00011909 -0.0005585 0.00096529
-0.0101169 -0.00213712 0.290798 -0.00067678 -0.00061447 0.00067579
-0.0104062 0.0187758 0.283194 -0.00094458 -0.00049524 0.00059545
-0.00487452 0.0376403 0.436654 -0.00203222 -0.00060972 0.00088895
0.00247633 0.0918288 0.311827 0.00165152 -0.00063909 0.00136981
-0.00449322 0.0162623 0.301075 0.00087772 -0.00080976 0.00104091
-0.00883514 0.0373801 0.291411 0.00078758 -0.00107083 0.00104091
-0.00869405 0.0247866 0.301738 0.00018682 -0.0012429 0.00104091
0.0295876 0.0362759 0.224802 0.00171774 -0.00012459 0.00233252
-0.00884126 -0.0136927 0.350145 0.00108426 -0.00052837 0.00129078
-0.0211794 0.00052355 0.301735 0.00083213 -0.00106158 0.00104078
0.00240921 -0.00600156 0.252114 0.00108426 -0.00018972 0.00149378
-0.0164134 -0.023448 0.326089 -5.349e-05 -0.00065957 0.00104078
-0.0216396 -0.00134619 0.29599 0.00014382 -0.00106158 0.00091989
-0.020257 0.0032181 0.296435 -1.914e-05 -0.00090903 0.00094345
-0.00077191 0.0498248 0.362318 0.00130404 -0.00088055 0.00160777
-0.0198033 0.00624885 0.318391 -0.00029047 -0.00106158 0.0005559
-0.0260293 0.025316 0.316424 -0.00052248 -0.0011425 0.00080107
-0.00716285 0.0904332 0.291976 0.00304319 -0.00099662 0.00102169
-0.0312533 0.00113012 0.354757 1.66e-05 -0.00133402 0.00036329
-0.0348481 0.0197228 0.347107 -0.00020319 -0.00121168 0.00069381
-0.0289543 0.0224296 0.355764 -9.037e-05 -0.0012635 0.00076965
-0.0193919 0.0472718 0.432292 0.00095627 -0.00126847 0.00101748
-0.0202374 -0.001028 0.415171 0.00016067 -0.00111939 0.00076965
-0.019641 0.0223903 0.366526 -0.0001248 -0.00131052 0.00092515
-0.00154325 0.0654115 0.386267 0.00202405 -0.00084967 0.00153351
-0.0192822 0.0133682 0.381772 -0.00028155 -0.00215398 0.00076965
-0.0168494 0.0312566 0.360923 -0.00044332 -0.00195532 0.00076965
-0.0150644 0.039273 0.368619 -0.00068752 -0.00165912 0.00076965
-0.00828142 0.0311213 0.355152 -0.00058168 -0.00165999 0.00092424
0.00663343 0.038172 0.524366 -0.00032 -0.00120916 0.0014622
-0.0257394 0.00602415 0.488611 -0.00160572 -0.00221036 0.00114205
-0.0182261 0.0514683 0.431971 -0.00240929 -0.00217807 0.00110055
-0.0035751 0.0360684 0.356683 -0.00016586 -0.00117447 0.00130147
-0.019267 0.0166143 0.355348 -0.00166692 -0.00177578 0.00082039
-0.0194027 0.0299765 0.341611 -0.00165026 -0.00175806 0.00076965
-0.0194093 0.0297138 0.338135 -0.00130176 -0.00174866 0.00076965
-0.0191759 0.00359472 0.350179 -0.0012425 -0.00174726 0.00086212
-0.00463734 0.010361 0.505971 -0.00182548 -0.00112947 0.00076965
-0.0176035 0.0216866 0.499298 -0.00236511 -0.00246295 0.00121316
-0.0180666 0.0599456 0.408712 -0.00264074 -0.00251121 0.00100901
-0.0193804 0.0593137 0.362823 -0.00195564 -0.00170078 0.00076965
-0.00187428 0.0745022 0.368298 -0.00187237 -0.00060031 0.00037905
-0.0156096 0.0346714 0.386531 -1.402e-05 -0.00192997 0.00076965
-0.0291213 0.0150708 0.355048 -0.00111737 -0.00206972 0.00062598
-0.0350461 0.0191772 0.325464 -0.00150504 -0.00262451 0.00076965
-0.0350158 0.0138774 0.329114 -0.00174035 -0.00265579 0.00076965
-0.0135725 0.0170453 0.320107 -0.00411574 -0.00246769 0.00076965
-0.027257 -0.0538179 0.441603 -0.00318266 -0.00277505 0.0006417
-0.0269744 -0.019728 0.464237 -0.00627182 -0.00314269 0.00076965
-0.0135583 0.10092 0.135873 0.00169254 -0.00226605 0.0007239
-0.015434 -0.0149844 0.311489 0.00019509 -0.00180087 0.0002589
-0.0154737 0.014673 0.255902 -0.00057382 -0.00155804 0.00032648
-0.0157261 0.0227248 0.24855 -0.00055241 -0.00123528 0.00032648
-0.00284431 0.0475653 0.482519 -0.00271359 -0.0027467 0.00010699
0.0116369 0.0764347 0.408477 -0.00191488 -0.00247756 0.00043087
0.00067336 0.0544023 0.380486 -0.00141928 -0.00294219 0.00057021
-0.00702373 0.045912 0.342372 -0.00080837 -0.00290394 0.00051508
-0.00857092 0.045988 0.351204 -0.00129447 -0.00317763 0.00051583
0.013578 0.0215298 0.422583 -0.00040339 -0.00357242 0.00136574
-0.00250831 -0.00391031 0.381612 0.00021928 -0.00348285 0.00109397
-0.00292776 0.0507007 0.440777 -0.00267361 -0.00398305 0.00073859
0.00017334 0.0578222 0.373876 -0.00071992 -0.00343988 0.00090431
-0.00739876 0.0150831 0.371883 -0.00155458 -0.00406388 0.00061881
-0.00883387 0.0616535 0.354107 -0.0019904 -0.00406416 0.00055492
-0.0105867 0.0511551 0.344921 -0.0019044 -0.00427382 0.00055492
-0.0024895 0.0619254 0.331014 0.001681 -0.00267348 0.00120812
-0.0258864 0.0101461 0.296327 0.00058411 -0.00373612 0.00112282
-0.02743 0.0271303 0.272728 -6.817e-05 -0.00420319 0.00113113
-0.0170749 0.029057 0.293715 -0.00010586 -0.00217821 0.00117131
-0.0174321 0.00661927 0.311206 0.00024126 -0.00280806 0.00071476
-0.0117017 0.0267381 0.286873 0.00032033 -0.00310703 0.00100153
0.00115177 0.0267151 0.304276 0.00028287 -0.00310703 0.00087269
0.013174 0.0254967 0.536837 -0.00076969 -0.00320653 0.00113148
-0.0114715 0.120579 0.352252 0.00270579 -0.00264864 0.00114504
-0.0213499 0.00693132 0.304619 0.00168 -0.00296051 0.00118416
-0.0191103 0.0551891 0.301496 0.00125054 -0.00319849 0.00108889
-0.0113258 0.0727122 0.321467 0.00064206 -0.00319849 0.0011009
0.0111831 0.0965497 0.31622 0.00239235 -0.00214488 0.00150791
-0.0247742 -0.00994142 0.323858 -0.00161433 -0.00316331 0.0012039
-0.0176925 0.013334 0.291414 -0.00132985 -0.00313655 0.00120462
0.0274348 0.0694172 0.297064 0.00101723 -0.00320357 0.00222715
-0.0180972 -0.0229592 0.363528 -0.00062812 -0.00254847 0.00095699
-0.00588227 0.027677 0.335061 -0.00079015 -0.00271444 0.00079248
-0.00626239 0.0576064 0.355795 -0.00191109 -0.00245595 0.00073226
-0.0062404 0.0591896 0.356021 -0.00197169 -0.00247427 0.00073226
-0.0143077 0.0363136 0.293105 -0.00038969 -0.00178899 0.00073226
-0.0165155 0.00541125 0.289372 -0.00110308 -0.00225298 0.00090504
-0.0215144 0.0282667 0.267588 -0.00117382 -0.00255754 0.00087993
-0.0330334 0.02426 0.275891 -0.00144483 -0.00264738 0.00073226
-0.0200994 0.0104671 0.289355 -0.00134263 -0.00277038 0.0007975
-0.00967156 0.00541523 0.104871 0.00209094 -0.0022887 0.00217868
-0.0468922 -0.021173 0.269367 -0.00069107 -0.00304649 0.00113554
-0.0480827 0.0166849 0.262835 -0.00171152 -0.00304754 0.00083506
-0.0468023 0.0154345 0.269237 -0.00320763 -0.00373745 0.00073226
-0.0553636 -0.0704721 0.486579 -0.00967364 -0.00276286 0.0002256
-0.0261015 0.0782157 0.631744 -0.00560348 -0.00471388 0.00069298
-0.0366831 0.0241844 0.560338 -0.00760449 -0.00582775 0.00070209
-0.0542725 0.0157264 0.429003 -0.00731329 -0.0052544 0.00062054
-0.0480666 0.0345239 0.461151 -0.00861683 -0.00574147 0.00065268
-0.0467711 0.0386295 0.38566 -0.0064586 -0.00486671 0.00043338
-0.0698962 -0.0773496 0.580081 -0.0107036 -0.00457276 0.00062443
-0.0563817 -0.0742845 0.639298 -0.0107748 -0.00484214 0.00058215
-0.0383641 -0.0285698 0.494223 -0.00787765 -0.00500184 0.00087074
-0.0323771 -0.0176261 0.463985 -0.00722101 -0.00516254 0.0008374
-0.0366543 -0.0162954 0.715041 -0.00900577 -0.005439 0.00096329
-0.0316758 0.0585024 0.595922 -0.00818282 -0.00561054 0.00095303
-0.0352806 0.0562756 0.508923 -0.00741411 -0.00584032 0.00096291
-0.0313049 0.0478799 0.46156 -0.00673637 -0.0058157 0.0010433
-0.0352942 0.0289236 0.45941 -0.00704193 -0.00583179 0.00104786
-0.0311254 0.0208095 0.449223 -0.00668564 -0.00608928 0.00103955
-0.0311378 0.0021554 0.481546 -0.00684692 -0.0058297 0.00113153
-0.0255058 -0.0122828 0.666774 -0.00821002 -0.00539032 0.00111761
-0.0272748 0.033371 0.50627 -0.00668287 -0.00596039 0.00112346
-0.0282945 0.0191026 0.467022 -0.00628954 -0.00583919 0.0010906
-0.0283795 -0.00396213 0.597694 -0.00791789 -0.00529011 0.00088828
-0.0229051 0.0296588 0.523643 -0.00698397 -0.00603557 0.00082927
-0.0321959 0.0203472 0.373749 -0.00495047 -0.00548798 0.00091271
0.0173332 -0.0104503 0.453236 -0.00702118 -0.00591574 0.00108084
0.112004 0.0611494 0.929914 -0.00038319 -0.00879248 0.00157547
0.00108927 0.135486 0.479435 0.00194522 -0.00423258 0.00113955
-0.0248392 0.00791722 0.554282 -0.00322134 -0.00542335 0.00052193
-0.0206878 0.0581754 0.455841 -0.0032771 -0.00479965 0.0006169
-0.0351797 0.0424559 0.371553 -0.00189302 -0.00389889 0.00097256
-0.034428 -0.0174897 0.434685 -0.00280603 -0.0038989 0.00103408
-0.0231955 0.00966896 0.403298 -0.00365131 -0.00430156 0.00088932
-0.030475 0.0199762 0.364623 -0.00273308 -0.00333488 0.00081794
-0.0282319 -0.0575966 0.431966 -0.00619258 -0.00473672 0.00108254
-0.0337567 -0.0184245 0.415641 -0.00633312 -0.0049558 0.0011314
-0.0339801 -0.0186864 0.419403 -0.00599445 -0.00527572 0.00126985
-0.0187322 -0.0217427 0.528211 -0.00739338 -0.00514853 0.00120726
-0.0364182 0.0798068 0.41154 -0.00211356 -0.00417676 0.00111238
-0.0346219 0.0257437 0.358801 -0.00187824 -0.00444034 0.0010844
-0.0373362 0.0375282 0.411727 -0.00372302 -0.00489637 0.00087149
-0.0182377 0.055016 0.371699 0.00075513 -0.00467853 0.00147362
-0.0272924 0.00238887 0.39281 -0.0024399 -0.00465547 0.00117379
-0.0256363 0.0241909 0.380613 -0.00290864 -0.00472685 0.00097062
-0.0277251 0.0177266 0.370627 -0.00291768 -0.00492277 0.00106942
-0.0081724 0.0248077 0.318272 0.00117956 -0.00387717 0.00197039
-0.0191666 -0.00975915 0.400887 -0.00251195 -0.00435272 0.0012156
-0.0194213 0.0322555 0.382872 -0.00297165 -0.00469263 0.00099201
-0.0193828 0.047571 0.383159 -0.00308132 -0.00476695 0.00098135
-0.0229029 0.0483459 0.415983 -0.00216736 -0.00461516 0.0014729
-0.0304641 0.0272147 0.454214 -0.00309299 -0.00564873 0.00133455
-0.0237731 0.0471299 0.418794 -0.00337589 -0.00570144 0.00126248
-0.0336424 0.0392244 0.383731 -0.0028071 -0.00524694 0.00127847
-0.0334071 -0.00372176 0.566753 -0.00592649 -0.00584904 0.0013843
-0.0254908 0.030427 0.569519 -0.00340588 -0.00592896 0.00173992
-0.0326604 0.0200297 0.539305 -0.00550236 -0.00662404 0.00138843
-0.0331128 0.0218427 0.479545 -0.0055652 -0.00630381 0.001341
-0.023349 0.0149749 0.46482 -0.00571371 -0.00645049 0.00137934
-0.010127 0.0391549 0.536233 -0.00543811 -0.00572754 0.00169455
-0.0345597 0.0367022 0.428683 -0.00358595 -0.0058436 0.00113597
-0.0217223 0.0267545 0.561182 -0.00532158 -0.00614432 0.00144446
-0.0237708 0.0434191 0.552828 -0.00668919 -0.00655165 0.00136959
-0.0301554 0.0479159 0.569799 -0.00534409 -0.00605639 0.00184154
-0.016381 0.0676319 0.48663 -0.00566765 -0.00555231 0.00149676
-0.00655149 0.0521275 0.524681 -0.00555557 -0.00547595 0.001683
0.00081609 0.0747688 0.548944 -0.00403233 -0.00332794 0.00173431
-0.0122361 0.00763128 0.537312 -0.00600881 -0.00333277 0.00153559
-0.00494057 0.0351339 0.480796 -0.00526417 -0.00358037 0.00165329
0.00421703 0.0353172 0.504299 -0.00507428 -0.00345352 0.00164695
0.00167726 0.0193604 0.539382 -0.00573978 -0.0037417 0.00166646
-0.0314568 -0.0271958 0.546277 -0.00764742 -0.00461966 0.00176081
-0.0256875 -0.0516868 0.550503 -0.00820111 -0.00559171 0.00172976
-0.0273093 0.0319363 0.490072 -0.00704447 -0.00555453 0.00164993
-0.0224876 0.0306053 0.472633 -0.00673372 -0.00506224 0.0015453
-0.00782656 -0.00214086 0.525673 -0.00767909 -0.00558796 0.0015453
-0.0220092 0.0801922 0.472622 -0.00277289 -0.00473712 0.00182484
0.0106686 0.00633557 0.645833 -0.00349295 -0.00573803 0.00194463
0.00398672 0.0584259 0.618252 -0.00523447 -0.00510208 0.00168035
0.0266558 0.0886067 0.485611 -0.00224203 -0.00189718 0.00211366
0.004183 -0.0274243 0.668932 -0.00637786 -0.00412076 0.00166624
0.0336325 0.064878 0.610522 -0.00506024 -0.00355922 0.00175764
0.0376809 0.0645959 0.68083 -0.00535077 -0.00346553 0.00186924
0.0319523 0.0722883 0.752471 -0.0060512 -0.00429084 0.00179318
0.0030722 0.150122 0.488824 -0.00077836 -0.00321072 0.00163315
0.0272314 0.00418931 0.70898 -0.00554057 -0.00358995 0.00199948
0.0395975 0.0726107 0.775043 -0.00617015 -0.00430157 0.00189569
0.0181357 0.107165 0.686967 -0.0055797 -0.00387146 0.00168778
0.0205532 0.123675 0.514659 -0.00075504 -0.00304162 0.00262237
-0.0112102 0.0184956 0.671663 -0.00467096 -0.00413049 0.00156238
-0.00749414 0.0572641 0.639278 -0.0051216 -0.00413049 0.00138539
-0.00881884 0.0495608 0.697988 -0.00524276 -0.00360812 0.00159073
-0.00414743 0.0646626 0.724986 -0.00528139 -0.00504963 0.00165719
-0.00967097 0.151134 0.687812 0.00078169 -0.00378449 0.00211276
-0.0246405 0.049651 0.64604 -0.00205254 -0.00460206 0.00161136
-0.0285712 0.0772677 0.650072 -0.00412819 -0.00473074 0.00129563
-0.0205568 0.0663526 0.630991 -0.00421626 -0.00407491 0.00100051
0.0226433 0.157201 0.574732 0.00321492 -0.00466971 0.0032441
0.00506025 0.0382474 0.712654 -0.00094019 -0.00552831 0.00181915
-0.00075188 0.0770056 0.730708 -0.00453331 -0.00563405 0.00156243
0.0143762 0.0675134 0.732683 -0.00568939 -0.00611863 0.00172993
0.0522218 0.179787 0.363913 0.00181665 -0.00530551 0.00442833
-0.00911437 0.00275652 0.504771 -0.00013994 -0.00270613 0.0020385
-0.00163246 0.0445395 0.498786 -0.00152262 -0.00374772 0.00179653
0.0144395 0.0649232 0.543519 -0.00290753 -0.00457573 0.00225391
0.0883247 0.00052228 0.601771 -0.00724501 -0.00397923 0.0046398
0.0259728 -0.0102813 0.967007 -0.00805091 -0.00350914 0.00308186
0.0199614 0.0842705 0.773505 -0.00695405 -0.00351848 0.00257569
0.0231949 0.168003 0.350155 0.00068507 -0.00239281 0.00369566
0.0143903 0.0282685 0.67233 -0.00530126 -0.00181977 0.00209131
0.0101874 0.0680212 0.64352 -0.00549057 -0.00281088 0.00225654
0.00547334 0.0644852 0.662833 -0.0065294 -0.00281088 0.00214201
0.0165084 0.0466429 0.672827 -0.00648272 -0.00321145 0.00236421
0.0379908 0.0899916 0.614536 -0.00109095 -0.00242929 0.00327012
0.0259139 0.0213341 0.698515 -0.00294035 -0.00265052 0.00239141
0.0163889 0.0752659 0.680901 -0.00395806 -0.0030468 0.00239027
0.0473679 0.0872001 0.489321 0.00061912 -0.00273717 0.00359079
0.0278281 0.0947627 0.532246 -0.00108978 -0.00365712 0.00294969
0.0368912 0.120403 0.571182 -0.00309457 -0.00381313 0.00304409
0.0425855 0.0988502 0.533726 -0.001073 -0.00214499 0.0035629
0.0177641 0.0435544 0.728509 -0.00566964 -0.00312927 0.00281616
0.0259428 0.0710653 0.726993 -0.00628212 -0.00364269 0.00278322
0.0348364 0.0703967 0.710566 -0.00617023 -0.00358057 0.00271227
0.0476537 0.05969 0.830402 -0.00765276 -0.00328515 0.00269538
0.0404001 0.111849 0.947253 -0.00463714 -0.00202796 0.00296132
0.0365011 0.0711383 0.92081 -0.00639104 -0.00392533 0.00287017
0.0323672 0.102967 0.879654 -0.00700428 -0.00405379 0.00279308
0.0432019 0.0943203 0.848771 -0.00632682 -0.00463769 0.00283129
0.0393734 0.094419 0.607585 -0.0009723 -0.00237688 0.00317129
0.0279676 0.0507292 0.624898 -0.00174507 -0.00311078 0.00284014
0.0417668 0.0746577 0.618567 -0.00203638 -0.00348085 0.00279655
0.0415154 0.0773161 0.489484 0.00057866 -0.00186722 0.00329338
0.0384986 0.0610592 0.625816 -0.00216606 -0.00350627 0.00310108
0.0306055 0.0914508 0.654541 -0.00386196 -0.00446206 0.00299768
0.0138186 0.0838675 0.564541 -0.00229318 -0.00186396 0.00279218
0.0145505 0.0617056 0.651432 -0.00531352 -0.00313755 0.00234451
0.00961555 0.0757961 0.644486 -0.00551516 -0.00324148 0.00249574
0.034107 0.0458743 0.756052 -0.00599462 -0.00311123 0.00259169
0.0446827 0.145349 0.687303 -0.00085047 -0.00327897 0.00365869
0.0306402 0.0840264 0.737116 -0.00372837 -0.00315181 0.00298403
0.0271604 0.0902483 0.730175 -0.00547298 -0.0034906 0.00287367
0.0384455 0.0982681 0.723568 -0.0055583 -0.00349762 0.00285676
0.0427694 0.123416 0.434117 0.00097134 -0.00170963 0.00336226
0.0122632 0.0382967 0.337566 0.00091285 -0.00269559 0.00320562
0.0120867 0.0415884 0.41525 -0.00176587 -0.00325963 0.00291592
0.0208034 0.0369143 0.439121 -0.00196731 -0.00325963 0.00275436
0.0562986 0.032139 0.699345 -0.00401464 -0.00346586 0.00359086
0.0549306 0.122331 0.689539 0.00117092 -0.00425065 0.00391039
0.021634 0.0899435 0.674843 -0.00338223 -0.00441787 0.00331199
0.0209809 0.109143 0.636454 -0.00332148 -0.00467586 0.00323862
0.0343639 0.108919 0.61633 -0.00307298 -0.00414852 0.00308337
0.030999 0.109107 0.615711 -0.00298503 -0.00402887 0.00317249
0.0343432 0.123102 0.503978 -0.00043365 -0.00207822 0.00368997
0.00316603 0.0106856 0.679468 -0.00355264 -0.00322117 0.00319599
0.00264242 0.054046 0.568349 -0.00293713 -0.0033724 0.00312546
0.0103883 0.0620461 0.510443 -0.00174835 -0.00295823 0.00323734
0.0170435 0.0858741 0.477569 -0.00265816 -0.00332314 0.00340342
0.0334408 0.0787382 0.489135 -0.00059408 -0.00200253 0.0038304
0.0141488 0.0397915 0.485776 -0.0020339 -0.00149806 0.00297175
-0.00310868 0.0854288 0.459792 -0.00213831 -0.00142926 0.00260073
-0.00783395 0.088032 0.437989 -0.00175297 -0.00198892 0.002683
0.00401203 0.0851925 0.457626 -0.00166296 -0.00176928 0.00268951
0.0207048 0.0745815 0.495725 -0.00092175 -0.00137225 0.00336422
0.0148824 0.0378977 0.491106 -0.00187451 -0.00161605 0.00278375
0.0238763 0.0813103 0.479427 -0.00185785 -0.0013995 0.00294892
0.0363371 0.0633999 0.492065 -0.00198021 -0.00137759 0.00272527
0.0376627 0.0664847 0.55988 -0.00161057 -0.00120707 0.00325252
0.0369108 0.0615418 0.54834 -0.00201813 -0.00132443 0.00300536
0.0345486 0.0857258 0.506024 -0.0023419 -0.00191002 0.00269759
0.0512724 0.123057 0.433453 0.00035101 -0.00070834 0.00345292
0.0438871 0.0609178 0.559992 -0.00237812 -0.00164707 0.00286312
0.0441367 0.0820362 0.601423 -0.00471052 -0.00214551 0.00257801
0.0214003 0.0290397 0.607793 -0.00723225 -0.00373413 0.00193621
0.0513243 -0.0455837 0.720332 -0.00661905 -0.00564888 0.00286959
0.0671661 0.0601964 0.746068 -0.00724618 -0.0043155 0.00275428
0.03983 0.0343737 0.741792 -0.00990079 -0.00482298 0.0028715
0.0611409 -0.00128016 0.833305 -0.0119965 -0.00412813 0.00306234
0.0565547 0.0642389 0.73564 -0.00853323 -0.00330234 0.00294542
0.0387648 0.0208451 0.796446 -0.0108904 -0.00394976 0.00287431
0.0323403 0.0026892 0.953711 -0.0120282 -0.00414799 0.00271048
0.0656812 0.0386481 1.51864 -0.011572 -0.00403024 0.00362247
0.0761649 0.122827 1.14454 -0.0115951 -0.00448853 0.00309427
0.0713357 0.0805656 0.868912 -0.0118202 -0.00382829 0.00312919
0.0770789 0.0748279 0.847093 -0.0104579 -0.00367665 0.00335122
0.0580271 0.0339032 0.859172 -0.0112518 -0.00374058 0.00300082
0.0598476 0.00551405 0.907345 -0.0126625 -0.00312244 0.00303392
0.053233 0.0114101 0.893074 -0.0118934 -0.00348511 0.00291115
0.0633661 0.00429617 0.90721 -0.0125937 -0.00281599 0.0033256
0.0620791 -0.00923504 0.93282 -0.0129828 -0.00312219 0.00311078
0.0707362 -0.00697046 1.11599 -0.012754 -0.00311452 0.00313713
0.07744 0.0718702 0.996321 -0.0117747 -0.00333794 0.00316006
0.0694726 0.0798399 0.903718 -0.0113556 -0.00352693 0.00298779
0.072152 0.0783191 0.921189 -0.0124986 -0.00356 0.00295321
0.0663401 0.0714668 0.928571 -0.0125545 -0.00386396 0.00300183
0.067136 0.0525022 0.920262 -0.0122002 -0.00395703 0.00293907
0.0727852 0.0179845 0.95912 -0.0119171 -0.00402394 0.00299509
0.112265 0.0709335 1.00871 -0.00869933 -0.00441546 0.0032519
0.0917261 0.199747 0.656258 0.0001993 -0.00517536 0.00404402
0.0491841 0.087604 0.721748 -0.00078685 -0.00620824 0.00314405
0.0605843 0.141695 0.683859 -0.00280686 -0.0053396 0.00305795
0.0525783 0.14785 0.618728 -0.00065864 -0.00236278 0.00389538
0.0253018 0.0305326 0.738368 -0.00497518 -0.00360257 0.00316469
0.0340416 0.104417 0.706888 -0.00576432 -0.00372784 0.0031343
0.0306743 0.103445 0.707627 -0.00562601 -0.0040512 0.00324258
0.0557489 0.107755 0.70335 -0.00526257 -0.0038107 0.00343608
0.0769896 0.15371 0.574732 0.00041043 -0.00220831 0.00438955
0.0504832 0.121697 0.610062 -0.00359497 -0.00270185 0.00351615
0.0501096 0.126727 0.635934 -0.0048786 -0.00300275 0.00324115
0.034095 0.071743 0.643798 -0.00514534 -0.00238769 0.00299519
0.058184 0.063244 0.684871 -0.00579646 -0.00226235 0.00343859
0.0749672 0.0983919 0.899892 -0.00396846 -0.00276306 0.00424218
0.0372829 0.0695703 1.03866 -0.0057216 -0.00431586 0.00380116
0.036958 0.124107 0.848793 -0.00701861 -0.00403658 0.00375258
0.035999 0.109605 0.762299 -0.00664198 -0.00379029 0.00343966
0.0357334 0.112821 0.54545 -8.321e-05 -0.0019687 0.00402761
0.0268138 0.0844066 0.740342 -0.00527855 -0.00334969 0.00324955
0.0185143 0.101569 0.701744 -0.00561696 -0.00365246 0.00311485
0.0336659 0.0912305 0.710284 -0.00566673 -0.00302672 0.00286799
0.0754696 0.078627 0.48417 0.00103846 -0.00236636 0.00393355
0.0448775 0.0171617 0.740559 -0.00527054 -0.00368831 0.00350677
0.0430268 0.0583995 0.680556 -0.00578393 -0.00302719 0.00299511
0.0420491 0.0766745 0.643715 -0.00574543 -0.00237855 0.00286261
0.0520856 0.0482998 0.696217 -0.00551684 -0.00278543 0.00309946
0.0551451 0.132537 0.960459 -0.00043161 -0.00344571 0.00369166
0.0433934 0.0459486 0.864477 -0.00429635 -0.00290768 0.00325169
0.0405419 0.123003 0.772008 -0.00490215 -0.00270759 0.00301418
0.0437558 0.226675 0.671272 0.00272846 -0.00329048 0.00327314
0.011153 0.0639873 0.799781 -0.0062273 -0.00245567 0.00190727
0.00692073 0.0861686 0.775687 -0.00612973 -0.00340077 0.00204806
0.00998981 0.0844295 0.77572 -0.00613053 -0.00338894 0.00218683
0.0164649 0.0764852 0.805083 -0.00675709 -0.00286254 0.00218551
0.0287761 0.138611 0.798349 -0.00036354 -0.0038556 0.00346649
-0.00702576 0.0263176 0.935089 -0.00751739 -0.00359542 0.00278833
0.0024607 0.0747092 0.926517 -0.00945501 -0.00382486 0.00269363
-0.00270098 0.0735448 0.916388 -0.00958792 -0.00407204 0.00245013
0.0315707 0.183465 0.609884 0.00057569 -0.00257558 0.00375078
0.01056 0.0497436 0.664972 -0.00176007 -0.00447558 0.0029633
-0.0043722 0.0921088 0.715686 -0.00395733 -0.00516117 0.00279295
-0.00518851 0.141445 0.547999 0.00041917 -0.00319356 0.0033885
-0.00756717 0.0395862 0.57056 -0.00219767 -0.00436876 0.00285339
-0.00695016 0.0743482 0.587595 -0.00380432 -0.00462178 0.00259535
0.00346112 0.0812972 0.725499 -0.00459451 -0.00472912 0.00284305
0.0569605 0.108496 0.96372 -0.00543924 -0.00555267 0.00421261
-0.00316194 0.0420595 0.937087 -0.00659488 -0.00575105 0.003082
-0.0148915 0.100995 0.847778 -0.00860588 -0.00529433 0.00263556
-0.0146074 0.139793 0.66234 -0.00395362 -0.00380516 0.00286609
-0.0140718 0.0565425 0.738167 -0.00644931 -0.00435182 0.00276976
-0.0165942 0.0905217 0.71736 -0.00628557 -0.00439085 0.00237935
-0.0167224 0.0829419 0.707981 -0.00636602 -0.00434514 0.0023273
-0.0132806 0.0636992 0.700483 -0.00622519 -0.00434514 0.00228652
-0.00798253 0.0684744 0.709779 -0.0022491 -0.00583748 0.00298478
-0.0184105 0.0463431 0.718108 -0.00553333 -0.00542527 0.0026414
-0.0288273 0.0834264 0.701994 -0.00580126 -0.00510037 0.00230154
-0.0266991 0.0783616 0.718285 -0.00554188 -0.00501773 0.00228637
-0.0201891 0.0780629 0.718944 -0.00579393 -0.0049558 0.00236597
-0.0187398 0.00671572 0.92837 -0.0134704 -0.00300825 0.00200021
-0.0761747 -0.0532653 1.19354 -0.0144059 -0.00530608 0.00194076
-0.0900079 0.0584879 1.04274 -0.0135646 -0.00475544 0.00163468
-0.0958661 0.0695045 0.976274 -0.0125811 -0.00499345 0.00156378
-0.0387474 0.0706431 1.11688 -0.0141142 -0.00337705 0.00167662
-0.0566063 0.0514155 1.14766 -0.0107666 -0.00548503 0.00176591
-0.0566428 0.0548385 1.02448 -0.0113524 -0.00462633 0.00160762
-0.0458959 0.0374148 1.00823 -0.0116519 -0.00443043 0.00152776
-0.0310316 0.0776579 0.855321 -0.00638863 -0.00395587 0.00165734
-0.0541076 0.0595985 0.791539 -0.00598461 -0.00474974 0.00162991
-0.0580179 0.0585467 0.795687 -0.00689638 -0.00432004 0.00153912
-0.0390602 0.0755937 0.704832 -0.00380388 -0.00366818 0.00183439
-0.042238 0.0791142 0.652548 -0.00378999 -0.00383851 0.00146114
-0.0432478 0.0835121 0.688579 -0.00517612 -0.00410252 0.00146114
-0.0393373 0.0842344 0.714524 -0.00542253 -0.00410252 0.00146114
-0.0393373 0.0954821 0.732794 -0.00560154 -0.00410252 0.00146114
0.0732628 0.255666 0.867389 0.00536465 -0.00631416 0.00326496
-0.00989215 0.123509 1.19012 -0.00140664 -0.00431416 0.00199998
-0.0180754 0.163416 1.00411 -0.00410242 -0.00539195 0.00166895
-0.00167847 0.167469 0.934433 -0.00542735 -0.00484322 0.00177714
-0.00669228 0.154924 0.853836 -0.00442044 -0.00560376 0.0018945
0.0403784 0.158582 0.754982 -0.00467794 -0.00348461 0.00308904
-0.00098264 0.0598659 1.02181 -0.00449606 -0.00514193 0.00285649
-0.0242223 0.13641 0.904714 -0.00630526 -0.00501921 0.00214304
-0.0249556 0.138381 0.838081 -0.00607797 -0.00447512 0.00204665
0.00425031 0.173323 0.678477 0.00075532 -0.00457178 0.00330636
-0.00524651 0.060821 0.691895 -0.00115497 -0.00533934 0.00281923
0.00322805 0.0959884 0.705539 -0.00278784 -0.00514193 0.00297521
0.019074 0.0891946 0.684403 -0.00288 -0.00465338 0.00296579
0.0468837 0.0889321 0.771522 -0.0028614 -0.00334932 0.00368204
0.0382404 0.0877426 0.793302 -0.00393827 -0.00414998 0.00335722
0.0430067 0.120754 0.754833 -0.00374554 -0.0047268 0.00317904
0.0392715 0.132728 0.746961 -0.00261188 -0.00333133 0.00336205
0.0499996 0.0870583 0.790946 -0.00446152 -0.00360655 0.00321479
0.066848 0.110876 0.826141 -0.0054374 -0.00412599 0.00345699
0.0475993 0.0766604 0.771246 -0.00551062 -0.00503798 0.0038228
0.0234734 0.0522533 0.791642 -0.00572561 -0.00563475 0.00338238
0.0339858 0.0588985 0.828208 -0.00664403 -0.00621715 0.00320489
0.0592032 0.0955697 0.701015 -0.00364721 -0.00386216 0.0037066
0.0291045 0.0211563 0.774025 -0.00445432 -0.00529221 0.00333698
0.0262928 0.0874376 0.776095 -0.0051035 -0.00568146 0.0032863
0.0247906 0.0916102 0.79616 -0.0059411 -0.0047922 0.00315436
0.0407489 0.110402 0.791133 -0.0058609 -0.00525654 0.00301024
0.0713444 0.141119 0.794271 -0.00678231 -0.00522751 0.00360777
0.0342731 0.0304451 0.917062 -0.00554948 -0.0045864 0.00311594
0.0274552 0.0909022 0.864326 -0.00719102 -0.00448712 0.0029438
0.0371456 0.117844 0.672052 -0.00381887 -0.00313381 0.00321385
0.030233 0.0588068 0.70826 -0.00457685 -0.00349528 0.00299789
0.0163951 0.0871986 0.713024 -0.00581775 -0.00374528 0.00270422
0.0520092 0.114527 0.70132 -0.00589791 -0.00228644 0.00316077
0.0180771 0.0247956 0.776231 -0.00426615 -0.00372418 0.00313408
0.0154883 0.0684001 0.846727 -0.00790734 -0.0034695 0.00288424
-0.001255 0.0874548 0.885601 -0.00906703 -0.00398591 0.00238227
0.0189145 0.131678 0.689184 -0.00352804 -0.00356193 0.0029538
0.016076 0.0469697 0.738647 -0.00555503 -0.00390811 0.00296204
0.0187671 0.100724 0.720865 -0.00572302 -0.00316408 0.00285286
0.0129684 0.0802037 0.744375 -0.00692178 -0.00454207 0.00294669
0.0560313 0.133748 0.565416 -0.00032649 -0.00290719 0.00394936
0.00840938 0.0393214 0.742602 -0.00460445 -0.00383553 0.00305148
-0.00398149 0.0746535 0.697817 -0.00552987 -0.00433936 0.00289654
-0.00945891 0.0740072 0.675641 -0.00552987 -0.00450682 0.00283871
0.041288 0.117534 0.70081 -0.00247158 -0.00238569 0.00362075
-0.00020657 0.030853 0.928256 -0.00732419 -0.00471604 0.00312472
-0.00396858 0.0565938 0.880356 -0.0094988 -0.00540041 0.00302645
0.0602896 0.17306 0.655216 -0.00139187 -0.00338965 0.00391903
0.0224234 0.0919539 0.792317 -0.00301675 -0.00416898 0.00322456
0.0165973 0.142128 0.757226 -0.00414855 -0.00471566 0.0031556
0.0334158 0.117968 0.650561 -0.00108833 -0.00366084 0.00367196
-0.00512811 0.0351013 0.73925 -0.00619337 -0.0049895 0.00323194
-0.00794409 0.0691426 0.756913 -0.00690216 -0.00562906 0.00305103
-0.0104847 0.0711178 0.778079 -0.00704243 -0.00576278 0.00287559
-0.00161202 0.0851683 0.799221 -0.00681699 -0.00519104 0.00249601
0.0163497 0.0932344 0.496168 -0.00217533 -0.00452332 0.00352601
0.00602524 0.0207482 0.611078 -0.00201066 -0.00620573 0.00321053
0.00989807 0.0647963 0.663962 -0.00427186 -0.00647731 0.00315774
0.00906409 0.0728481 0.634796 -0.00434247 -0.00616126 0.00295031
0.00959349 0.073535 0.595767 -0.00371644 -0.00680831 0.00289482
0.00960318 0.0733766 0.533442 -0.00383602 -0.00591089 0.00315891
-0.00312322 0.0623517 0.686314 -0.00503164 -0.0069788 0.00302596
-0.0123395 0.0912359 0.601959 -0.00515182 -0.00702189 0.00297192
-0.0102425 0.0933563 0.576165 -0.0051766 -0.00705268 0.00282685
0.00102737 0.0834161 0.593818 -0.00517971 -0.0073641 0.00301312
0.0274663 0.128138 0.588195 -0.00089739 -0.00610968 0.0033973
0.00664262 0.0353691 0.715263 -0.00285541 -0.00701635 0.00304533
0.00865073 0.0824021 0.69675 -0.00336018 -0.00811161 0.00331241
0.00551266 0.0890933 0.691292 -0.00382439 -0.00770937 0.00311101
0.00127466 0.0606143 0.73278 -0.00713469 -0.00647159 0.0022222
-0.00233792 0.0860027 0.714698 -0.00655813 -0.00639792 0.0022222
-0.00068074 0.0863467 0.742984 -0.0073596 -0.00692345 0.00236989
-0.0107076 0.0560546 0.769055 -0.00841677 -0.00726079 0.00245784
-0.00523615 0.0699555 0.756054 -0.00779945 -0.00689915 0.00265105
-0.00573776 0.0867417 0.731847 -0.00744921 -0.00676356 0.0026236
-0.00502924 0.0800409 0.731985 -0.00734604 -0.00715565 0.00246596
0.00150386 0.0218705 0.905443 -0.00910551 -0.00782153 0.00288599
0.0171346 0.0820685 0.925185 -0.00945054 -0.0077071 0.00297246
0.0284324 0.115105 0.821556 -0.00782448 -0.00751425 0.00301971
0.0307433 0.106136 0.797529 -0.00705771 -0.00734341 0.00301678
0.0309998 0.100349 0.788752 -0.00696323 -0.00735011 0.00311957
0.0383118 0.081047 0.772564 -0.00684397 -0.007513 0.00313196
0.0328782 0.028493 1.03236 -0.00985186 -0.00855632 0.0032408
0.0579537 0.0822734 1.09263 -0.00948662 -0.00831853 0.00327635
0.0426745 0.126118 0.807223 -0.00742139 -0.00792444 0.0030406
0.0421851 0.113033 0.791214 -0.00720102 -0.00784371 0.00303685
0.0366677 0.102712 0.832911 -0.00853765 -0.0080459 0.00307651
0.0362819 0.092971 0.826006 -0.00831962 -0.00780955 0.00302592
0.0459976 0.0754662 0.833868 -0.00826846 -0.0078321 0.00307506
0.0545921 0.0751633 0.837124 -0.00753281 -0.00783436 0.00308117
0.0549603 0.0742542 0.857531 -0.00788137 -0.00811602 0.00307851
0.0541546 0.0994721 0.845033 -0.00759154 -0.00748336 0.00305949
0.0444652 0.0772708 0.868966 -0.00845087 -0.00791078 0.00297998
0.0508838 0.0845454 0.874659 -0.00829106 -0.0076927 0.00314987
0.0550629 0.0589396 1.11281 -0.0101253 -0.00736957 0.00348346
0.0436951 0.133336 0.941145 -0.00907283 -0.00721946 0.00303133
0.0432389 0.138966 0.858724 -0.00811764 -0.00712063 0.00293891
0.0531023 0.136283 0.840336 -0.00766619 -0.00685121 0.00301787
0.0531023 0.1207 0.83995 -0.00753869 -0.00685736 0.00302169
0.0589766 0.111246 0.833435 -0.00749211 -0.00695293 0.0029868
0.0682137 0.064111 0.929281 -0.00871239 -0.00756728 0.00332391
