0 0.15212 -0.0161781 0.00225339 0 0
-1.061e-05 0.262555 0.0649716 0.00190444 -0.00099064 0.00088418
-4.588e-05 0.140157 0.0341666 0.00161223 -0.00078294 0.0006654
3.276e-05 0.096019 0.0337973 0.00238624 -0.00068663 0.0006654
1.784e-05 0.232345 0.0624042 0.00201277 -0.00074045 0.0006654
9.05e-06 0.0944603 0.054453 0.00233481 -0.00073103 0.0006654
-6.07e-06 0.255844 0.0396157 0.00293286 -0.00082209 0.0006654
-0.00341266 0.122143 0.0147449 0.00346664 -0.00077187 0.0006654
-0.0256981 0.261959 0.0589949 0.00283992 -0.00050968 0.0009494
-0.0188934 0.133852 0.0206147 0.00365939 -0.00062761 0.00097024
-0.0163676 0.18716 0.0369668 0.00310042 -0.00038862 0.00091572
-0.0148374 0.160577 0.0535344 0.00319314 -0.00041499 0.00078006
-0.0171852 0.110773 0.0193514 0.00358641 -0.00034833 0.00072358
-0.0138539 0.170808 0.0903462 0.00270018 -0.00025968 0.00074966
-0.0171507 0.120922 0.0480182 0.00297098 -0.00032537 0.00088957
-0.0171182 0.227 0.0712932 0.00350412 -0.00050968 0.0009154
-0.0259361 0.0969495 0.0062074 0.0036178 -0.00042896 0.00080054
-0.0154786 0.274844 0.0934284 0.00254314 -0.00037982 0.00081527
-0.0139409 0.0840317 0.0403439 0.00324083 -0.00050968 0.00085168
0.00172782 0.240984 0.0437941 0.00291621 -0.00037907 0.00072731
0.0171908 0.151641 0.0210209 0.00338033 -0.0010522 0.0006654
0.0172162 0.158255 -0.00515449 0.00361405 -0.00101094 0.0006654
0.0172208 0.151991 0.0258602 0.00355849 -0.0010177 0.0006654
0.0139776 0.139581 -0.0263508 0.0041147 -0.00103914 0.0006654
0.0171697 0.218342 0.0312556 0.00340959 -0.00106227 0.0006654
0.0171586 0.126535 -0.00560598 0.00318199 -0.00095412 0.00054153
0.0171571 0.244526 0.034811 0.00313648 -0.00099318 0.00057903
0.00963388 0.106282 0.00918847 0.00341102 -0.00107853 0.0006654
0.00321017 0.217009 0.0179654 0.00329738 -0.00089531 0.0006654
0.0151147 0.227566 0.0596465 0.0030627 -0.00103798 0.00056982
0.0110486 0.128899 0.023625 0.00310042 -0.00106374 0.0006654
0.0107653 0.11753 0.0472375 0.00330914 -0.00113569 0.0006654
0.010012 0.125786 0.0230419 0.00344715 -0.00106382 0.0006654
0.00578412 0.168383 0.0219941 0.0036484 -0.0011104 0.0006654
0.00612804 0.114884 -0.00936322 0.0038655 -0.00103474 0.00061471
-0.00838183 0.237003 0.0163026 0.00278672 -0.00050968 0.0006654
-0.00473934 0.187153 0.0117046 0.00355144 -0.00084974 0.0006654
-0.0111489 0.127299 0.00017827 0.00357655 -0.00050968 0.0006654
-0.00564639 0.232505 0.032152 0.00329893 -0.00072015 0.0006654
0.00830752 0.11946 -0.0044758 0.00409572 -0.00098166 0.0006654
0.00476261 0.202818 0.00724817 0.00370937 -0.00079653 0.00051003
0.00265673 0.128637 0.0130372 0.00378405 -0.00080459 0.00056866
-0.00843564 0.127081 -0.0385932 0.00364031 -0.00039539 0.0006654
0.00095437 0.241884 0.0135842 0.00336238 -0.00086451 0.00054109
0.00345668 0.114843 0.00282581 0.00373465 -0.00086419 0.00060014
0.00849814 0.236741 -0.00036667 0.00311091 -0.00065123 0.00041139
0.00352553 0.0827782 0.0125736 0.0030882 -0.00070513 0.00054412
0.00481118 0.15763 0.00809787 0.00312388 -0.00057765 0.00051843
0.0073957 0.144191 -0.0127729 0.00425253 -0.00072947 0.0006654
0.00749227 0.178302 -0.0469438 0.00437254 -0.0006309 0.0006654
0.00336222 0.291195 0.0233737 0.0020946 -0.0002346 0.00036454
0.0107968 0.0624668 -0.0806474 0.00476374 -0.0008636 0.0006654
0.00257661 0.220391 0.015536 0.00138533 -8.423e-05 0.00034458
0.00731599 0.0710394 -0.0273464 0.00280522 -0.00048775 0.00035897
0.00463694 0.186378 -0.017832 0.00246491 -0.00036185 0.0005049
0.00045992 0.274039 0.0245845 0.00196956 -0.00047 0.0006654
0.0145991 0.0810749 -0.0162384 0.00272727 -0.00042763 0.0006654
0.00347517 0.137444 -0.0579779 0.00409922 -0.00054994 0.0006654
0.0125777 0.264221 -0.0349241 0.00370187 -0.00082502 0.00077513
0.0117842 0.158764 -0.0364775 0.00326485 -0.000482 0.0006654
0.011253 0.137937 -0.0287999 0.0033818 -0.00052754 0.00097177
0.0139207 0.131231 -0.0621939 0.00356374 -0.00080404 0.0006654
0.00733713 0.242449 -0.0385317 0.00374608 -0.00081949 0.0006654
0.0126846 0.0787737 -0.0770053 0.00372867 -0.00054555 0.00060177
0.0175088 0.195492 -0.030612 0.002831 -0.00056063 0.0006654
0.0174934 0.14576 -0.0304714 0.00297392 -0.00035337 0.0004154
0.0175982 0.207068 -0.0226758 0.00277845 -0.00046979 0.0006654
0.0196043 0.168562 -0.00822479 0.00320504 -0.00054355 0.0006654
0.014968 0.157142 -0.0434404 0.00334054 -0.00040052 0.0006654
0.0176574 0.177497 -0.0195695 0.00286263 -0.00040625 0.0006654
0.0176382 0.151989 -0.0684477 0.00342652 -0.00043039 0.0006654
0.0145737 0.0763501 -0.106048 0.00528951 -0.00095614 0.00076623
0.0127387 0.283522 -0.0514115 0.00423407 -0.00023841 0.0006654
0.0177845 0.210122 -0.0519466 0.00380065 -0.0001951 0.0006654
0.018014 0.074527 -0.0487032 0.00356369 -0.00033671 0.0006654
0.0171739 0.162158 -0.0498294 0.00366596 -0.00026602 0.0006654
0.0210522 0.178925 0.00350261 0.00326047 -0.00038067 0.0006654
0.0218614 0.0631201 -0.0754376 0.00450615 -0.00056559 0.0006654
0.0233814 0.202695 -0.019691 0.00361934 -0.00036705 0.0006654
0.01305 0.0782786 -0.0971839 0.00393716 -0.00064857 0.00036209
0.015879 0.163028 -0.126092 0.00494912 -0.00043404 9.821e-05
0.0147174 0.265896 -0.0558863 0.00366692 0.00021435 0.00026007
0.0115717 0.204587 -0.0559519 0.0040842 -3.461e-05 0.00026007
0.0143831 0.150218 -0.0806437 0.00439455 -0.00017945 0.00049433
0.0134265 0.226882 -0.0394404 0.0038015 -0.0001877 0.00026007
0.00481397 0.071157 -0.0842359 0.00384607 -0.00025836 0.00054787
0.0143914 0.182127 -0.0340096 0.00318917 -3.464e-05 0.00026007
0.017722 0.0680116 -0.0524633 0.00358524 -0.00012238 0.00064701
0.00958543 0.110167 -0.0738088 0.00417195 -0.00051584 0.00061001
0.0126088 0.138683 -0.0490922 0.00380344 -0.00035862 0.00045243
0.0245395 0.107464 -0.112643 0.00491991 -0.00059289 0.00010485
0.0189217 0.296673 -0.0825487 0.00525535 -0.00080128 0.00049371
0.0152656 0.0862062 -0.105274 0.00458649 -0.00044836 0.0005124
0.0273059 0.253867 -0.0271897 0.00392911 -0.00024031 4.816e-05
0.0170216 0.0790892 -0.082183 0.0038827 -0.00029297 0.00041866
0.0209812 0.220115 -0.0347676 0.0030294 -9.96e-05 0.00010485
0.00931171 0.078743 -0.0629713 0.00376162 -0.00017467 0.00010485
0.015746 0.172841 -0.051837 0.00374672 -0.00033564 0.00015563
0.0218661 0.125246 -0.073098 0.00431409 -0.00051443 0.00010485
0.0135555 0.114211 -0.0994481 0.00441474 -0.0002248 4.956e-05
0.0264726 0.215173 -0.0715447 0.00455649 -0.00057559 0.00010485
0.0256635 0.1133 -0.10468 0.00496527 -0.00043495 0.00010485
0.0334403 0.20011 -0.0459881 0.00408403 -0.00025654 0.00010485
0.0359551 0.0987689 -0.0526487 0.00425939 -0.00017342 0.00010485
0.0304383 0.153087 -0.0623689 0.00438006 -0.00011863 1.499e-05
0.033436 0.218706 -0.0415016 0.00390741 -0.0001769 -3.093e-05
0.0252778 0.0952318 -0.0805971 0.00417478 -0.0001329 3.642e-05
0.0194661 0.216686 -0.0343074 0.00389069 -1.697e-05 -0.000171
0.0296486 0.0907755 -0.0679961 0.00436067 -0.00011335 -5.494e-05
0.0293483 0.196098 -0.0614313 0.00409557 -0.00015851 -3.782e-05
0.0296427 0.140055 -0.0657931 0.00451987 -0.00020021 2.875e-05
0.0436016 0.0979435 -0.106083 0.00518483 -0.00024361 1.892e-05
0.0339125 0.212919 -0.0222439 0.00357436 5.094e-05 1.581e-05
0.0337073 0.0774516 -0.0847652 0.00411749 -0.00019644 0.0001576
0.0398808 0.205136 -0.0490134 0.00367701 -0.00013731 9.885e-05
0.0436719 0.116629 -0.0567241 0.00412464 -0.00014898 8.197e-05
0.0434689 0.137317 -0.109797 0.00479374 -0.00046771 5.128e-05
0.0411698 0.197545 -0.0637971 0.00469447 -0.00052404 -3.15e-06
0.0357381 0.084146 -0.0898473 0.00411519 -0.00058705 9.138e-05
0.0397271 0.216733 -0.0556964 0.00369624 -0.00020159 2.583e-05
0.0435664 0.106228 -0.075043 0.00439733 -0.00033281 9.138e-05
0.0269975 0.157905 -0.0866016 0.00399514 -0.00025569 9.138e-05
0.038198 0.211822 -0.0811013 0.0042678 -0.00031679 0.00015794
0.037749 0.111799 -0.0997564 0.00448829 -0.00087951 0.00040037
0.0437299 0.177184 -0.0721152 0.0039047 -0.00023922 0.00024743
0.0439096 0.12895 -0.0633555 0.00398554 -0.00013092 0.00034138
0.0382575 0.104991 -0.11646 0.00475235 -0.00039576 0.00041815
0.0487531 0.242108 -0.0750481 0.00452556 -0.00041244 0.00016595
0.051601 0.0931217 -0.0715685 0.00360666 -0.00025376 9.138e-05
0.0503619 0.179442 -0.0622276 0.00371986 -5.375e-05 9.138e-05
0.0454878 0.174906 -0.0929196 0.00493409 -0.00037462 0.00020902
0.065599 0.166293 -0.0621152 0.00392587 -0.00019636 9.138e-05
0.069453 0.204828 -0.0612762 0.00386749 -0.00010254 0.00019731
0.0704143 0.13492 -0.118847 0.00602749 -0.00091484 0.00024557
0.0677475 0.128411 -0.136226 0.00572102 -0.0005329 0.00034138
0.0727456 0.203186 -0.0779122 0.00457929 -6.424e-05 0.00028461
0.0797463 0.10363 -0.109361 0.00478504 -0.00025965 0.00017109
0.0765762 0.21547 -0.0628939 0.00398972 0.0001453 0.00039235
0.0796589 0.104932 -0.0803662 0.0041447 0.00012579 0.00017006
0.0699791 0.205132 -0.0923161 0.00450638 0.0001002 0.00017109
0.0761382 0.203142 -0.07905 0.00455213 -0.00049918 0.00034138
0.084333 0.107106 -0.0936752 0.00416882 0.0001002 0.00013884
0.0811427 0.237979 -0.0756932 0.00484963 -0.00030447 0.00034138
0.0824542 0.10923 -0.128582 0.00505675 -9.031e-05 0.00025695
0.0839388 0.102132 -0.115038 0.00554573 -0.0002787 0.0001205
0.0833248 0.146442 -0.109955 0.00505467 -0.00021881 6.432e-05
0.080184 0.157194 -0.0972199 0.00524377 0.00023785 0.00021708
0.0944333 0.135305 -0.122551 0.00503247 0.00038691 0.00011694
0.0896334 0.254214 -0.0764064 0.00448612 0.00061775 9.819e-05
0.0909959 0.114087 -0.12561 0.00500961 0.00017125 0.00024946
0.0743226 0.247674 -0.0653803 0.00385769 0.00044728 -6.393e-05
0.0725487 0.150366 -0.0762728 0.00403469 0.00048581 -0.00024387
0.0719267 0.110146 -0.126394 0.00469369 -0.00016378 -5.858e-05
0.0683448 0.235185 -0.0647174 0.0034077 0.00052591 -0.00012588
0.0789762 0.0332802 -0.130406 0.00449677 0.00038814 2.359e-05
0.0774937 0.187403 -0.103725 0.00489877 0.00033778 -6.836e-05
0.077008 0.0972101 -0.110742 0.00458481 0.00037659 3.306e-05
0.0820447 0.188683 -0.0908283 0.00424815 0.00026651 4.327e-05
0.0835047 0.155165 -0.117267 0.00493379 0.00022966 3.483e-05
0.09403 0.168152 -0.134351 0.00513873 -0.00012862 3.483e-05
0.0972773 0.309834 -0.0725313 0.00314301 0.00053005 0.00015159
0.0909853 0.0809954 -0.154656 0.00546051 -0.00012388 0.00025691
0.0953653 0.220938 -0.124599 0.00483895 0.00023654 0.000108
0.102004 0.127646 -0.125031 0.00503506 0.00022605 0.00014866
0.103757 0.159762 -0.1429 0.00489492 0.00010261 0.00011143
0.110469 0.15324 -0.102649 0.00425076 0.00048057 0.00017676
0.113444 0.122458 -0.14675 0.00510483 0.00014388 0.00021522
0.111934 0.244989 -0.100721 0.00469491 0.00038225 0.00018823
0.120657 0.105563 -0.153371 0.0052005 0.00037237 0.0002623
0.119175 0.256187 -0.116046 0.00451981 0.00072925 0.00026916
0.0995991 0.17582 -0.119136 0.00463735 0.00026673 8.798e-05
0.0806821 0.154083 -0.128176 0.00461701 0.0003243 -0.00029115
0.080273 0.18359 -0.109231 0.00462031 0.00038715 -0.00037967
0.0730673 0.0941179 -0.14332 0.00452955 0.00040126 -0.00037967
0.0891614 0.183743 -0.110536 0.00448158 0.00043684 -6.48e-05
0.102665 0.0861266 -0.172473 0.00478812 0.00027112 -9.509e-05
0.110814 0.232065 -0.120875 0.00448608 0.00065481 -0.00015459
0.120599 0.126935 -0.160613 0.00503733 0.00026702 0.00016818
0.124772 0.227029 -0.151441 0.00529518 0.00063177 -8.44e-06
0.124427 0.263102 -0.111412 0.00520954 0.00089916 0.00018763
0.114609 0.122432 -0.148022 0.00447075 0.00089378 0.0001732
0.105066 0.240719 -0.0957941 0.00408308 0.00096934 7.197e-05
0.0961156 0.0946784 -0.156203 0.00449348 0.00095791 8.584e-05
0.0931308 0.232226 -0.115426 0.00420512 0.00062368 -3.72e-06
0.0964499 0.0877356 -0.145883 0.00438352 0.00094054 -8.04e-06
0.100934 0.135211 -0.141553 0.00439228 0.00091887 -0.00014459
0.105507 0.201726 -0.122422 0.00404821 0.00076367 -2.676e-05
0.0989674 0.107092 -0.122823 0.0039318 0.00064386 -0.00028663
0.103644 0.215024 -0.0968181 0.00381615 0.00107472 -5.945e-05
0.104173 0.1532 -0.134656 0.00469931 0.00113789 -3.14e-06
0.0983313 0.160703 -0.156367 0.00502015 0.00087884 -2.56e-05
0.094828 0.27543 -0.0810334 0.00392772 0.00103068 -5.689e-05
0.0842972 0.0513786 -0.130979 0.00382705 0.00133748 6.724e-05
0.0826136 0.103507 -0.151662 0.00416434 0.00123714 -5.82e-05
0.0769626 0.264763 -0.0902449 0.0036726 0.00143043 -0.00012338
0.0853351 0.0431938 -0.16468 0.00463566 0.00096317 -5.489e-05
0.0837556 0.217382 -0.130379 0.00421865 0.00109849 -0.00022183
0.0823338 0.111484 -0.128984 0.00423684 0.00115646 -1.713e-05
0.0799068 0.129082 -0.15612 0.00435548 0.00122633 -2.689e-05
0.0803598 0.203753 -0.10009 0.00404584 0.00118186 2.88e-05
0.0762821 0.0927909 -0.175831 0.00441881 0.0010268 3.975e-05
0.0822 0.27802 -0.0901102 0.00401177 0.00127663 0.00018177
0.0988925 0.126045 -0.134564 0.00429969 0.00123866 -5.769e-05
0.103592 0.15267 -0.159898 0.00534992 0.00073913 0.00055483
0.102956 0.113797 -0.188381 0.00505407 0.00063497 0.00057081
0.0979692 0.180316 -0.131076 0.00415526 0.00144681 0.00036004
0.108651 0.10104 -0.17422 0.00439297 0.00117375 0.00016568
0.103511 0.208023 -0.146338 0.00428769 0.00103523 0.00010361
0.109513 0.134983 -0.159288 0.00456268 0.00092444 0.00021745
0.113897 0.148442 -0.171042 0.00474186 0.00110428 0.00016365
0.116212 0.188133 -0.136416 0.00462999 0.00093532 0.00030817
0.120657 0.137077 -0.167183 0.00492468 0.00088226 8.507e-05
0.115606 0.236761 -0.135907 0.00450711 0.00113606 0.00017592
0.118577 0.128382 -0.181969 0.00509317 0.00108247 9.937e-05
0.116016 0.221369 -0.173613 0.00453535 0.0014213 -0.00011949
0.123668 0.203274 -0.144411 0.00404134 0.00107478 1.321e-05
0.122691 0.129574 -0.192399 0.00433874 0.00103408 9.442e-05
0.120022 0.214146 -0.147116 0.00407002 0.00163371 0.00022171
0.129369 0.163312 -0.17129 0.00393259 0.00139047 0.00014159
0.1324 0.298708 -0.119287 0.00329015 0.00153546 -7.21e-06
0.15334 0.196227 -0.140772 0.00350156 0.00132728 5.508e-05
0.136585 0.308085 -0.11917 0.00303598 0.00134492 7.377e-05
0.137864 0.16876 -0.136672 0.00326243 0.00106776 -8.206e-05
0.129952 0.324612 -0.110735 0.00305236 0.00143026 9.2e-06
0.148971 0.231196 -0.136187 0.00335013 0.00147565 4.774e-05
0.142789 0.300787 -0.126777 0.00347536 0.00149732 -0.0001224
0.134825 0.255657 -0.0982332 0.00285336 0.00103638 9.235e-05
0.137916 0.211308 -0.14645 0.00319323 0.00133754 -0.00017453
0.156042 0.303644 -0.115157 0.00287539 0.00098248 -6.256e-05
0.14201 0.198772 -0.158495 0.00292651 0.00109269 1.104e-05
0.136789 0.267261 -0.0975246 0.00192504 0.00135595 0.00025578
0.139602 0.12769 -0.167093 0.00267827 0.00094861 0.00037721
0.13776 0.264306 -0.135883 0.00292533 0.00097906 0.00056874
0.133618 0.128368 -0.170414 0.00314966 0.00112738 0.00049475
0.137149 0.282991 -0.112984 0.00228194 0.0013961 0.00038871
0.125253 0.127891 -0.171827 0.00301837 0.00115588 0.00061491
0.116058 0.218009 -0.202319 0.00337078 0.00133684 0.00057119
0.118058 0.312926 -0.0990105 0.00159 0.00157301 0.00057263
0.114225 0.138008 -0.232897 0.00412034 0.00112561 0.00066491
0.117508 0.360532 -0.142704 0.00322668 0.0013832 0.00067849
0.120973 0.0936191 -0.222124 0.00383631 0.00134356 0.00051424
0.118625 0.251988 -0.166589 0.003054 0.00167725 0.00051235
0.106342 0.103485 -0.220685 0.00336111 0.00135882 0.000558
0.10154 0.284485 -0.161573 0.0028658 0.00146878 0.00050943
0.108628 0.138401 -0.196094 0.00338989 0.00123972 0.00064302
0.111396 0.292369 -0.199514 0.00339349 0.00168185 0.00058257
0.119256 0.204583 -0.23656 0.00425456 0.00193185 0.00077308
0.111085 0.316172 -0.20754 0.00360695 0.00168185 0.00084786
0.128187 0.108165 -0.254689 0.00386769 0.00236494 0.0006979
0.135709 0.309662 -0.218759 0.00316926 0.00267112 0.00071616
0.135949 0.255648 -0.215107 0.00303431 0.00278004 0.0005573
0.133014 0.233871 -0.232313 0.00331547 0.00278004 0.00052641
0.126676 0.265936 -0.19492 0.00260988 0.00254634 0.00068703
0.121189 0.193553 -0.266917 0.00376416 0.00227725 0.0006106
0.124035 0.322785 -0.201006 0.00343256 0.00236808 0.00061452
0.122788 0.171958 -0.253959 0.00357594 0.00238476 0.00058779
0.122743 0.27374 -0.219058 0.00293695 0.00250592 0.00059574
0.119411 0.266174 -0.219091 0.00288789 0.0024209 0.00056061
0.1294 0.220113 -0.250488 0.00285165 0.00264371 0.00055075
0.132537 0.228887 -0.230362 0.00279578 0.00268011 0.00048895
0.139875 0.240229 -0.267574 0.00287564 0.00278005 0.0005148
0.145551 0.364189 -0.205858 0.00250455 0.00319027 0.00019658
0.141044 0.219673 -0.252034 0.00259177 0.00295875 0.0005783
0.137654 0.297363 -0.201639 0.00208821 0.00308291 0.00074583
0.139337 0.208915 -0.241791 0.00271147 0.00316216 0.00075183
0.140826 0.337619 -0.227272 0.00220519 0.00337961 0.00071604
0.13394 0.243411 -0.235443 0.00198363 0.003061 0.00079229
0.124415 0.211089 -0.308094 0.00246438 0.00281646 0.0007331
0.123828 0.347228 -0.258254 0.00249115 0.00325054 0.00090217
0.124287 0.185951 -0.287823 0.00225424 0.00316344 0.00088825
0.124187 0.280895 -0.275443 0.00219597 0.00310373 0.00093115
0.134689 0.287757 -0.229546 0.00195731 0.00325054 0.0009736
0.121095 0.185718 -0.316635 0.00254614 0.00280574 0.0011134
0.130398 0.320304 -0.215709 0.00230639 0.00315801 0.00095661
0.137969 0.212099 -0.282449 0.00254062 0.0031027 0.00091912
0.134429 0.316928 -0.230555 0.00213008 0.00346011 0.00109325
0.121181 0.21691 -0.293269 0.00254848 0.00332351 0.00083465
0.101359 0.284669 -0.233137 0.00092371 0.00332938 0.00048061
0.0877446 0.231242 -0.278229 0.00255886 0.00240495 0.00060552
0.0856834 0.22342 -0.305056 0.00252266 0.00227191 0.00051644
0.0993141 0.328652 -0.230166 0.00199582 0.00303899 0.00060568
0.0990085 0.184495 -0.311596 0.00264934 0.00278899 0.00039808
0.100105 0.324793 -0.252778 0.00188934 0.00278899 0.00050935
0.0978027 0.247908 -0.267347 0.001851 0.00303899 0.00057511
0.105987 0.268709 -0.282299 0.00204063 0.00322709 0.00025771
0.113511 0.35033 -0.217464 0.00189132 0.00337228 0.00022169
0.103253 0.138429 -0.292559 0.00218484 0.00303899 0.00048665
0.103217 0.314657 -0.251071 0.00184948 0.00298197 0.00037484
0.0706927 0.200703 -0.238686 0.00151354 0.00264325 0.00019266
0.082276 0.261121 -0.25711 0.00158598 0.00246203 5.258e-05
0.0916946 0.262603 -0.239493 0.00178448 0.00256219 0.0002676
0.0860558 0.193495 -0.316806 0.00226337 0.00239366 0.00022551
0.0899865 0.305646 -0.236242 0.00190311 0.0027781 0.00040083
0.083081 0.174074 -0.311253 0.00214206 0.00243068 0.00015227
0.0808356 0.28441 -0.2695 0.00186921 0.002631 5.396e-05
0.0806972 0.203969 -0.279713 0.00237319 0.00265089 -6.41e-05
0.0799977 0.21831 -0.34426 0.0029061 0.00244487 0.00014893
0.0687653 0.287474 -0.290679 0.00252666 0.00283604 -7.311e-05
0.0652054 0.261581 -0.312992 0.00226255 0.00283604 -0.00017452
0.0766279 0.205775 -0.31708 0.00355876 0.00258604 -0.0001313
0.0757993 0.18658 -0.356881 0.00336294 0.00260977 -0.00018086
0.0794621 0.268931 -0.280678 0.00214528 0.00283604 -0.00011351
0.0714274 0.145918 -0.370117 0.00271583 0.00296991 -0.00028237
0.074187 0.331285 -0.27445 0.0024624 0.00303413 -0.00020076
0.0734887 0.13367 -0.346285 0.00275227 0.00329497 -0.00029609
0.0756566 0.297691 -0.304783 0.00252168 0.00281452 -0.00019627
0.0623691 0.269721 -0.313608 0.00307771 0.00280338 -0.00035677
0.0637293 0.218781 -0.343023 0.002702 0.00311693 -0.00034355
0.0707772 0.301041 -0.291096 0.00299478 0.00312273 -0.00019102
0.0666302 0.198144 -0.353127 0.00284227 0.00285185 -0.00049681
0.0744616 0.38755 -0.277758 0.00196186 0.00298591 -0.00092491
0.0744405 0.207375 -0.347725 0.00247801 0.00238772 -0.00082225
0.0898442 0.377514 -0.241319 0.00132905 0.00262581 -0.00010342
0.0653048 0.140468 -0.333881 0.00276705 0.00264955 -0.00032799
0.0560347 0.296584 -0.250759 0.00200996 0.0030999 -0.00043797
0.0559081 0.201744 -0.277162 0.00248138 0.00324686 -0.00028038
0.0564883 0.247279 -0.293455 0.00189863 0.00316051 -0.00038783
0.0443042 0.303092 -0.255856 0.00111704 0.00325654 -0.00076265
0.0351347 0.178382 -0.312984 0.00082216 0.00341051 -0.00088708
0.050068 0.329385 -0.267602 0.00105372 0.00341051 -0.00056121
0.0582225 0.209184 -0.320323 0.00157172 0.00381935 -0.00085099
0.0578765 0.317416 -0.275231 0.00129565 0.00353196 -0.00048308
0.0467519 0.267174 -0.286257 0.00112373 0.00358604 -0.00049496
0.0467899 0.366394 -0.281156 0.001327 0.00401567 -0.00081336
0.0368421 0.469596 -0.190376 1.556e-05 0.00388305 -0.00145813
0.0244962 0.209797 -0.290163 0.00089995 0.00434465 -0.00084489
0.0360097 0.336436 -0.285869 0.00114909 0.00318113 -0.00032471
0.0376213 0.326873 -0.293533 0.00067178 0.00405703 -0.00064092
0.0484942 0.274898 -0.279015 0.00138695 0.00431476 -0.0007639
0.0189033 0.389991 -0.300801 0.00055443 0.00416319 -0.00112432
0.0240755 0.423975 -0.257751 0.00058637 0.00416319 -0.00103946
0.0205692 0.274673 -0.315756 0.00057546 0.00445027 -0.00103946
0.0188292 0.450949 -0.265181 0.00019514 0.00416319 -0.00118022
0.0132387 0.277522 -0.322971 0.00072005 0.00472311 -0.0010941
0.0197695 0.334042 -0.286067 0.00100199 0.00458182 -0.00089064
0.0219199 0.160071 -0.37219 0.00113151 0.00445428 -0.00081521
0.0241817 0.339412 -0.31286 0.00096059 0.00448414 -0.00071262
0.0191239 0.186112 -0.386896 0.00133734 0.00450855 -0.00074188
0.0241798 0.3318 -0.333694 0.00118736 0.00449356 -0.00081161
0.0420723 0.188035 -0.371184 0.00166777 0.00435878 -0.0003713
0.0389764 0.32752 -0.308762 0.00092965 0.00440973 -0.0004663
0.0499889 0.228387 -0.396541 0.00242384 0.00422829 -0.00035561
0.0571053 0.245299 -0.410259 0.0029251 0.00417876 -0.00033297
0.0711336 0.260336 -0.343836 0.00229974 0.00428758 -2.94e-06
0.0711325 0.187305 -0.404325 0.00232895 0.00435694 1.36e-06
0.0768226 0.31737 -0.323766 0.00178354 0.00428141 0.00024268
0.0750149 0.17499 -0.397777 0.00178354 0.00401302 5.36e-05
0.0660594 0.328878 -0.331302 0.00156647 0.00465247 -8.643e-05
0.0640762 0.233441 -0.353659 0.00171661 0.0045707 -0.00030587
0.0636881 0.287628 -0.411318 0.00277759 0.00430397 -0.00021495
0.0758928 0.305865 -0.359859 0.00230109 0.00421724 -1.776e-05
0.0621826 0.196614 -0.419068 0.00150512 0.00497727 -0.00013508
0.072324 0.248291 -0.392836 0.00214551 0.00465679 1.315e-05
0.0611953 0.233547 -0.416304 0.00238208 0.00496811 -0.00025717
0.0674144 0.290539 -0.342077 0.00170225 0.00497042 -8.608e-05
0.0606874 0.198812 -0.417644 0.00188554 0.00476194 -0.00014424
0.0655417 0.36545 -0.401682 0.00283397 0.0047148 -0.00030607
0.0662027 0.213346 -0.444833 0.00290883 0.00431322 -0.00018856
0.0732464 0.345953 -0.404717 0.00249606 0.00465913 -0.00021754
0.0822025 0.252785 -0.405753 0.00270767 0.00470048 -8.805e-05
0.0739789 0.252275 -0.426515 0.00251045 0.00502095 -0.00014231
0.0731937 0.256495 -0.415734 0.0026811 0.00509167 -0.00025678
0.0825391 0.327842 -0.404838 0.0020301 0.00513366 -0.00034306
0.0825463 0.284166 -0.392341 0.00238541 0.00511696 -0.00029989
0.0828785 0.273919 -0.404741 0.00208311 0.00537691 -0.00025406
0.0750027 0.262252 -0.379054 0.00190596 0.00482873 -0.00025181
0.0497204 0.263311 -0.404598 0.00159777 0.00593644 -0.000795
0.0651829 0.313452 -0.348383 0.00133382 0.00501223 -0.00042511
0.0716088 0.19112 -0.433436 0.0018916 0.00510995 -0.00029277
0.0827131 0.337815 -0.367744 0.00131858 0.00534351 -0.00046745
0.0856867 0.259921 -0.385954 0.00157633 0.00511181 -0.00027279
0.0915385 0.276083 -0.419078 0.0018019 0.00543975 -3.627e-05
0.0902963 0.361231 -0.370485 0.00120054 0.00552678 -0.00015627
0.110789 0.223282 -0.456528 0.00160963 0.00640952 -0.00019964
0.125273 0.395843 -0.354614 0.00095985 0.00634036 7.514e-05
0.114394 0.218523 -0.403195 0.00108529 0.00611645 0.00017517
0.0839465 0.252473 -0.509851 0.00241922 0.00684491 -0.00013705
0.0928042 0.349487 -0.324097 -0.00040833 0.00652891 0.00021206
0.0940341 0.182809 -0.491764 0.00144015 0.00685659 1.599e-05
0.111522 0.424986 -0.384452 0.00107508 0.00654874 0.00010918
0.124052 0.298966 -0.476647 0.00130746 0.00715114 -3.999e-05
0.129212 0.426789 -0.431458 0.00064023 0.00770286 -0.00019533
0.110532 0.355228 -0.407695 0.00031818 0.00791627 0.00012179
0.11759 0.276575 -0.451502 0.00046297 0.00829837 -6.393e-05
0.117857 0.410205 -0.381568 0.0002925 0.00782706 7.408e-05
0.122241 0.235472 -0.465058 0.00047685 0.00853124 -0.00010196
0.107066 0.341232 -0.413133 -1.64e-06 0.00858911 0.00020858
0.0890542 0.291214 -0.491136 0.00102055 0.00817851 0.00036348
0.0732729 0.38867 -0.430668 0.00024771 0.00846395 -7.559e-05
0.0782343 0.291626 -0.454445 0.00114642 0.00787755 -5.819e-05
0.0841606 0.348209 -0.45912 0.00061243 0.00836704 -0.00023601
0.0929228 0.368766 -0.399017 0.00051601 0.00820897 -4.513e-05
0.0897723 0.274442 -0.484097 0.00076843 0.0085052 -0.00011288
0.100186 0.385384 -0.420172 -6.418e-05 0.00856719 -4.6e-05
0.104541 0.340701 -0.448528 0.0002796 0.00870796 -0.00015465
0.0997168 0.360073 -0.454539 0.00041463 0.00892411 -0.00038708
0.0913446 0.363189 -0.360764 -0.00012668 0.00829413 -0.00010799
0.0848064 0.231811 -0.489584 0.00025155 0.00905547 0.00028139
0.101984 0.397943 -0.363795 -0.00097118 0.00876153 0.00028671
0.0857461 0.212433 -0.470408 0.00072316 0.00821215 0.00011203
0.087849 0.379944 -0.415248 -0.00014617 0.00861274 0.00018074
0.0865112 0.268957 -0.447794 0.00062896 0.008855 0.00020337
0.0942259 0.302249 -0.462092 0.00023511 0.00901181 0.00018433
0.0899193 0.273078 -0.439716 -0.00048937 0.00911357 0.00029496
0.0969533 0.305658 -0.483139 0.00038441 0.00879724 -4.517e-05
0.101519 0.375504 -0.41081 -1.71e-06 0.00910863 -0.0001126
0.0982809 0.206701 -0.507613 0.00084613 0.00888384 0.00027119
0.0901421 0.388946 -0.42154 -6.48e-05 0.00840809 5.601e-05
0.0828974 0.255345 -0.497476 0.00026573 0.00886445 4.579e-05
0.0904238 0.474198 -0.381728 -0.00031116 0.00858182 -8.549e-05
0.0994551 0.192542 -0.478111 0.00056594 0.00860977 2.007e-05
0.104196 0.462396 -0.424401 0.00036172 0.00892613 -9.28e-06
0.0902014 0.148884 -0.478825 -6.183e-05 0.00939403 -0.00025747
0.0968811 0.370439 -0.409385 -0.00031844 0.00848694 -0.00019503
0.0996248 0.297182 -0.403392 -0.00041004 0.00840766 -0.00017265
0.102134 0.398174 -0.42038 0.00015073 0.00825815 -0.00034417
0.101652 0.380999 -0.459996 -1.407e-05 0.00917327 -0.00042923
0.113703 0.475257 -0.434276 -0.00066357 0.0090805 -0.00045367
0.10898 0.433957 -0.408241 -0.00025512 0.00855379 -0.00056061
0.111062 0.403072 -0.437981 -0.00047094 0.00896376 -0.00062801
0.118994 0.366071 -0.415786 -0.00024816 0.00866059 -0.00045331
0.119344 0.434844 -0.409601 -0.00042169 0.00848142 -0.00063408
0.110678 0.325687 -0.425366 -0.00101834 0.00806576 -0.00058481
0.0970357 0.485005 -0.351541 -0.00171549 0.00756652 -0.00051069
0.0800569 0.380606 -0.385604 -0.00114738 0.00691363 -0.00038924
0.0856774 0.470943 -0.330062 -0.00108056 0.0063857 -0.00025028
0.0880804 0.372248 -0.328085 -0.00164749 0.00691363 -0.00035162
0.100587 0.484511 -0.330184 -0.00148574 0.00724092 -0.00037925
0.0778755 0.365236 -0.391297 -0.00163885 0.00761761 -0.00045138
0.0634791 0.543526 -0.35146 -0.0019801 0.00706397 -0.00036406
0.0384792 0.398665 -0.391596 -0.00145511 0.00623164 -0.00022742
0.0440191 0.379206 -0.391744 -0.00228549 0.0069972 -0.00060899
0.0719023 0.431408 -0.324305 -0.00249583 0.00662469 -0.00025232
0.0819691 0.350939 -0.407183 -0.0022895 0.00688829 -0.00032585
0.0831951 0.453688 -0.341162 -0.0027254 0.00732299 0.00013692
0.0827439 0.295669 -0.445207 -0.0013888 0.00692999 0.00026453
0.0966537 0.496804 -0.329846 -0.00252035 0.00719267 0.00082909
0.108491 0.229148 -0.440643 -0.00083418 0.00606797 0.00096225
0.113981 0.58474 -0.285781 -0.00215443 0.00678145 0.00134659
0.0989148 0.754688 -0.0946884 -0.00446949 0.00611699 0.00294833
0.102017 0.0378835 -0.218476 -0.00205563 0.00589044 0.00233162
0.107359 0.0152314 -0.330505 -0.00085479 0.0052935 0.00223954
0.13239 0.237829 -0.305491 -0.00351174 0.00620831 0.00233551
0.162003 0.406022 -0.44469 -0.00045904 0.00479007 0.0031972
0.154188 0.560157 -0.436952 -0.00098336 0.00546829 0.00320507
0.168727 0.624483 -0.400975 -0.00160452 0.0058484 0.00321903
0.169207 0.501417 -0.492995 -0.00235773 0.00651642 0.002332
0.183428 0.569049 -0.411925 -0.00163404 0.00606223 0.00238238
0.191744 0.417108 -0.460942 -0.00142222 0.00616993 0.0023291
0.180478 0.352557 -0.39029 -0.00163972 0.00611354 0.00259706
0.173525 0.209499 -0.390378 -0.00212175 0.00652707 0.00228817
0.163995 0.257174 -0.41075 -0.00198046 0.00654985 0.00210791
0.166673 0.22467 -0.37879 -0.00175987 0.00592357 0.00207877
0.178129 0.25574 -0.449266 -0.00224345 0.00664739 0.001996
0.182844 0.413116 -0.345221 -0.00295285 0.00668407 0.00184011
0.17663 0.385756 -0.471666 -0.00229719 0.00702847 0.00197928
0.175451 0.59687 -0.414294 -0.00380769 0.00699101 0.00192245
0.172173 0.452063 -0.481298 -0.00319644 0.00692374 0.00157071
0.174102 0.612544 -0.455449 -0.0034468 0.00690418 0.00171861
0.148604 0.403241 -0.453781 -0.00308594 0.006935 0.00171433
0.14234 0.317728 -0.517828 -0.00318288 0.00708353 0.00198338
0.116922 0.297944 -0.461371 -0.00269003 0.00696206 0.00188751
0.104709 0.251371 -0.514225 -0.00321901 0.00704938 0.00167553
0.119071 0.318011 -0.431475 -0.00439027 0.00657388 0.00164494
0.118428 0.20792 -0.534566 -0.00354649 0.00713332 0.00164745
0.120745 0.384874 -0.489358 -0.00401976 0.00686636 0.00169983
0.122778 0.311256 -0.491903 -0.00402479 0.00712193 0.00168937
0.121824 0.347912 -0.532633 -0.00365664 0.0075153 0.00176373
0.119839 0.356789 -0.45892 -0.00366699 0.00700256 0.00162125
0.118852 0.317567 -0.525875 -0.00365109 0.00785892 0.00156617
0.12617 0.382549 -0.475544 -0.00392794 0.00787894 0.00188208
0.131317 0.281778 -0.528602 -0.00331468 0.00686542 0.00211917
0.137963 0.340756 -0.475541 -0.00513912 0.00737658 0.00197768
0.140405 0.35825 -0.493395 -0.00170793 0.00652089 0.00190927
0.134697 0.300069 -0.569253 -0.00317874 0.0074417 0.00190201
0.141362 0.403267 -0.491872 -0.00371354 0.00796814 0.00181635
0.136098 0.311708 -0.594994 -0.0032713 0.00816778 0.00156206
0.13279 0.440661 -0.484545 -0.00371472 0.00733474 0.00174616
0.137466 0.324956 -0.579237 -0.00331569 0.00816385 0.00171844
0.14089 0.548242 -0.461567 -0.00462889 0.00789183 0.00155145
0.115665 0.335179 -0.569269 -0.00362782 0.00771502 0.00166702
0.109544 0.4058 -0.513955 -0.00416829 0.00756466 0.00188361
0.103248 0.229943 -0.636267 -0.00328899 0.00795112 0.00209733
0.110518 0.431519 -0.497316 -0.00497387 0.0078072 0.00205388
0.111219 0.225567 -0.564326 -0.00461318 0.00801635 0.00208344
0.107022 0.31482 -0.540448 -0.00531074 0.00808265 0.00193826
0.113287 0.371951 -0.509172 -0.00577138 0.00816685 0.00212908
0.107133 0.26372 -0.592826 -0.00367579 0.0078064 0.00207586
0.107056 0.34766 -0.569029 -0.00462225 0.00819529 0.00214007
0.112519 0.299248 -0.547947 -0.00432055 0.00829558 0.00199731
0.118322 0.306355 -0.579678 -0.00421368 0.00789366 0.00208504
0.121428 0.334332 -0.52071 -0.0040578 0.00777092 0.0021351
0.121639 0.252229 -0.591227 -0.00379804 0.007896 0.00197383
0.11726 0.366704 -0.489367 -0.00584053 0.00785004 0.00197937
0.108141 0.221505 -0.591141 -0.00361281 0.00760541 0.00205528
0.104 0.369289 -0.559397 -0.00438094 0.00760399 0.00228126
0.110868 0.263598 -0.538292 -0.00445672 0.00792499 0.00216971
0.119632 0.302494 -0.588455 -0.00465453 0.00838099 0.00186917
0.11878 0.340477 -0.519944 -0.00507958 0.00838815 0.00196058
0.119594 0.275383 -0.572888 -0.00443656 0.00802173 0.0020545
0.12191 0.403349 -0.514787 -0.00425874 0.00755758 0.0024015
0.111796 0.265655 -0.547243 -0.00502979 0.00806337 0.00182065
0.124032 0.383203 -0.490748 -0.00621148 0.00837542 0.00221284
0.115683 0.239472 -0.599944 -0.00368847 0.00735454 0.00197735
0.118118 0.359873 -0.537746 -0.00515222 0.00807437 0.00189141
0.11798 0.32053 -0.528354 -0.00437605 0.00797682 0.00206954
0.115433 0.277824 -0.583254 -0.00510639 0.00772651 0.00173526
0.121392 0.382777 -0.523868 -0.00517458 0.00749163 0.00183766
0.112968 0.257631 -0.628425 -0.00435223 0.00769628 0.00197829
0.112049 0.405657 -0.528997 -0.0046773 0.00765593 0.00218546
0.121833 0.270873 -0.558927 -0.00427054 0.00799571 0.00176375
0.125531 0.326125 -0.545952 -0.00471745 0.00768572 0.0018943
0.107457 0.345212 -0.502965 -0.00478464 0.00794148 0.00175905
0.116622 0.298512 -0.521146 -0.00580342 0.00797099 0.00160638
0.120472 0.340508 -0.524213 -0.0035563 0.00744033 0.00189284
0.11473 0.257499 -0.564898 -0.00502563 0.00831535 0.00165092
0.114807 0.380462 -0.510598 -0.00478481 0.00813249 0.0015125
0.118534 0.247603 -0.585873 -0.00503752 0.00783838 0.0013937
0.121942 0.39738 -0.536213 -0.00475378 0.00780213 0.00148755
0.122214 0.276968 -0.548435 -0.00455201 0.0079435 0.00145148
0.138877 0.367796 -0.53018 -0.00476093 0.0083326 0.00167258
0.132874 0.330327 -0.479325 -0.00534172 0.00827056 0.00182297
0.130941 0.253151 -0.639675 -0.00445798 0.00791527 0.00219192
0.142362 0.387926 -0.483522 -0.0071766 0.00859128 0.00227088
0.133013 0.260664 -0.605254 -0.00493003 0.00777508 0.00210851
0.132402 0.381125 -0.558321 -0.00588972 0.00787306 0.00215046
0.147327 0.280413 -0.56948 -0.00668915 0.00813485 0.00208896
0.140594 0.297902 -0.645306 -0.0056484 0.00820759 0.00208965
0.141763 0.383785 -0.531484 -0.00647877 0.00841236 0.00210111
0.134983 0.294194 -0.641633 -0.00550819 0.00862199 0.00223935
0.131919 0.360318 -0.579742 -0.0063638 0.00890495 0.00229941
0.125294 0.299681 -0.62438 -0.00552065 0.00784286 0.00229827
0.136656 0.368123 -0.575884 -0.0072584 0.00890899 0.00198555
0.137239 0.342128 -0.60205 -0.00623416 0.00854097 0.00197096
0.139149 0.337315 -0.643776 -0.00726614 0.00866729 0.00189208
0.134056 0.424532 -0.561297 -0.00750008 0.00829784 0.00186936
0.135356 0.279065 -0.617566 -0.0070922 0.00863358 0.00217544
0.138099 0.377368 -0.532856 -0.00762648 0.00820053 0.00218677
0.129721 0.218963 -0.611466 -0.00677312 0.0082402 0.00207004
0.129609 0.372224 -0.571993 -0.0078971 0.00857074 0.00209266
0.125777 0.270151 -0.611236 -0.00768442 0.00876215 0.00200118
0.125225 0.363358 -0.598601 -0.00817251 0.00864708 0.00183277
0.129345 0.294745 -0.618026 -0.00702693 0.00833282 0.00205426
0.136167 0.338413 -0.623919 -0.00814937 0.00907313 0.00206895
0.126958 0.379902 -0.579981 -0.00782786 0.0088115 0.00193297
0.128463 0.277876 -0.655337 -0.0073585 0.00895579 0.00194292
0.137856 0.398045 -0.55913 -0.00847835 0.00899728 0.00218929
0.141771 0.24078 -0.623669 -0.00727553 0.00788498 0.00217162
0.14149 0.416448 -0.583949 -0.00816386 0.00822197 0.00221472
0.138771 0.311722 -0.588923 -0.00809894 0.00803736 0.00208845
0.135524 0.326698 -0.55236 -0.010354 0.00905497 0.00187805
0.138533 0.339383 -0.604766 -0.00713421 0.00765099 0.00200093
0.12721 0.299601 -0.645316 -0.00810893 0.00881672 0.00193865
0.134483 0.445081 -0.546474 -0.00912558 0.0079406 0.0019152
0.140531 0.306784 -0.634739 -0.00817015 0.00836805 0.00164996
0.138662 0.458288 -0.549904 -0.00937776 0.00828702 0.00178201
0.141924 0.295663 -0.621382 -0.0084893 0.00855016 0.0017988
0.138612 0.526604 -0.564462 -0.00933512 0.00852751 0.00166373
0.124308 0.370299 -0.618068 -0.00866063 0.00902017 0.00174507
0.117098 0.387575 -0.579926 -0.00921674 0.00904946 0.00170207
0.109059 0.246809 -0.610892 -0.00941299 0.00826398 0.0018925
0.0914885 0.464712 -0.52878 -0.0111705 0.00827533 0.00175468
0.0950266 0.231231 -0.649739 -0.00817224 0.00750947 0.0018043
0.108286 0.459186 -0.569001 -0.00972073 0.00800726 0.00182283
0.114833 0.250365 -0.648128 -0.00878226 0.00855574 0.00169788
0.128422 0.45717 -0.599993 -0.00987322 0.00833138 0.00185388
0.13023 0.324861 -0.611505 -0.00936563 0.00806408 0.00150375
0.125973 0.394472 -0.629193 -0.00962306 0.00880444 0.00131105
0.126058 0.382275 -0.55334 -0.0103452 0.00901983 0.00181796
0.11865 0.327056 -0.637941 -0.00905897 0.00811084 0.0019494
0.0940426 0.311784 -0.641779 -0.0101009 0.00906961 0.00220196
0.104184 0.31638 -0.715122 -0.00913255 0.00735663 0.00216606
0.111846 0.452105 -0.60177 -0.00910314 0.00816836 0.0024051
0.119856 0.22126 -0.682889 -0.00903435 0.00877617 0.00197913
0.109675 0.462776 -0.586072 -0.0108791 0.00891886 0.00218739
0.110952 0.288148 -0.652246 -0.00947172 0.00849984 0.0019631
0.1156 0.456522 -0.595257 -0.0106217 0.00907665 0.00213887
0.110399 0.290506 -0.633401 -0.00931524 0.00896718 0.00224991
0.114051 0.399589 -0.612029 -0.00985544 0.00877351 0.00206835
0.105858 0.311347 -0.620448 -0.0093125 0.00835483 0.00220806
0.107793 0.32146 -0.658907 -0.00950734 0.00918105 0.00216695
0.112171 0.464928 -0.554566 -0.0108987 0.00889772 0.00215424
0.117289 0.271944 -0.656008 -0.00895421 0.00902856 0.00181024
0.117597 0.418416 -0.590661 -0.00992832 0.0090286 0.00204757
0.123026 0.249184 -0.657374 -0.00927705 0.00901487 0.00188824
0.123849 0.419742 -0.605648 -0.00971173 0.00935197 0.00170694
0.113949 0.342478 -0.612636 -0.00905504 0.00813898 0.0020163
0.13572 0.434614 -0.641263 -0.00992078 0.00958348 0.00171407
0.122628 0.564509 -0.569462 -0.00999883 0.00903361 0.00175923
0.108731 0.310893 -0.695198 -0.00843779 0.00899281 0.0011719
0.0891545 0.422367 -0.607889 -0.00987374 0.00889608 0.00195106
0.0748457 0.212394 -0.731408 -0.00917775 0.00898033 0.00184864
0.074078 0.39235 -0.64507 -0.00952863 0.00877554 0.0018708
0.0715488 0.273396 -0.699785 -0.00970483 0.00892867 0.00175501
0.0904521 0.405917 -0.637821 -0.0102084 0.00951167 0.00183706
0.0942647 0.266604 -0.662705 -0.0100773 0.00937048 0.00178227
0.104701 0.326617 -0.687549 -0.0103058 0.0097264 0.00183212
0.109123 0.34427 -0.69124 -0.0095188 0.00870965 0.00214359
0.109956 0.289145 -0.756643 -0.00917588 0.00929227 0.00200318
0.115025 0.403777 -0.655521 -0.00979795 0.0091919 0.0021261
0.109437 0.248861 -0.731978 -0.00920156 0.00919099 0.00203276
0.107903 0.424567 -0.657791 -0.0101847 0.00918425 0.00204714
0.113937 0.318957 -0.718112 -0.00832738 0.00911661 0.00209756
0.10921 0.475834 -0.636908 -0.0112351 0.00929728 0.00218415
0.113603 0.241342 -0.740632 -0.00762695 0.00840483 0.00209965
0.1163 0.44685 -0.668473 -0.00952537 0.0089141 0.00195653
0.120241 0.372429 -0.677472 -0.00761217 0.0089141 0.00208896
0.116505 0.309701 -0.675491 -0.00883343 0.00949421 0.0021277
0.117438 0.3378 -0.647417 -0.00954289 0.00866091 0.00233623
0.112771 0.251575 -0.724888 -0.00942208 0.00885639 0.00200476
0.110662 0.383478 -0.686096 -0.00947825 0.00935815 0.0020529
0.0999345 0.313149 -0.711276 -0.00961823 0.00983857 0.00199823
0.106336 0.475404 -0.629924 -0.0119021 0.00970072 0.00213921
0.114119 0.323478 -0.718269 -0.00860552 0.00795275 0.00242591
0.105885 0.331123 -0.712214 -0.00979695 0.00941621 0.00208885
0.111532 0.355617 -0.665041 -0.0093681 0.00939209 0.00203338
0.119123 0.267842 -0.763788 -0.00958816 0.00961619 0.00204649
0.123947 0.435723 -0.646392 -0.01016 0.00913194 0.0021552
0.130265 0.360104 -0.73323 -0.00894497 0.00891762 0.00185984
0.122441 0.524968 -0.628816 -0.0103137 0.00843594 0.00185568
0.129324 0.335719 -0.68473 -0.00926455 0.00866876 0.00157368
0.131658 0.510526 -0.605828 -0.00997945 0.00843594 0.00185579
0.13503 0.29963 -0.683927 -0.00898465 0.00911473 0.00152874
0.141237 0.541051 -0.610375 -0.0101982 0.00927112 0.00152501
0.144539 0.346612 -0.688633 -0.00933282 0.00880445 0.00122694
0.130617 0.474946 -0.601087 -0.0104411 0.00827902 0.00126887
0.137414 0.317132 -0.667806 -0.00967536 0.00833345 0.00168066
0.137933 0.47655 -0.627671 -0.00979649 0.00813124 0.00200652
0.136413 0.271267 -0.660212 -0.0107015 0.00948898 0.00151121
0.131216 0.48618 -0.582993 -0.0111067 0.00885925 0.00161788
0.131975 0.322961 -0.645197 -0.00989528 0.00941951 0.00140587
0.140143 0.548666 -0.579794 -0.0113091 0.00930251 0.00187446
0.147644 0.319648 -0.643793 -0.00968782 0.00915291 0.00124983
0.146754 0.52466 -0.581211 -0.0106766 0.00869779 0.00149874
0.134489 0.445234 -0.614349 -0.00977474 0.00885117 0.00126329
0.121314 0.638414 -0.571333 -0.0106304 0.00804742 0.00137847
0.11686 0.627514 -0.492884 -0.0100953 0.00804535 0.00154155
0.133998 0.394961 -0.564797 -0.00963336 0.00853691 0.00108389
0.135611 0.625551 -0.49558 -0.0105613 0.00823517 0.00153943
0.124098 0.465651 -0.592595 -0.00973757 0.00792699 0.00119988
0.120295 0.614621 -0.547565 -0.0111298 0.00808833 0.00140241
0.104944 0.487729 -0.527185 -0.0111877 0.00776954 0.00138825
0.1274 0.397962 -0.601757 -0.0104493 0.00794638 0.00123013
0.133081 0.472774 -0.574294 -0.00949185 0.00833416 0.00180708
0.126751 0.33157 -0.627085 -0.00985923 0.00870565 0.00178108
0.134973 0.490251 -0.573533 -0.0108272 0.00821712 0.00170841
0.142901 0.310609 -0.674999 -0.0102871 0.00931684 0.00195243
0.134133 0.498743 -0.592313 -0.0112514 0.00790777 0.00193399
0.127616 0.282286 -0.636543 -0.0102035 0.0086007 0.00169327
0.135068 0.5183 -0.56283 -0.0113028 0.00881689 0.00197665
