0 0.133838 0.258875 -0.00279462 0 0
0 0.157245 0.30781 -0.00349319 0 0
-5.849e-05 0.120677 0.386898 -0.00346799 0 -3.078e-05
-0.00020821 0.24359 0.262705 -0.00256454 -0.00016625 -4.505e-05
6.564e-05 0.110672 0.282676 -0.00225974 -4.521e-05 3.834e-05
-0.0041376 0.236672 0.280257 -0.00303228 -0.00026312 1.113e-05
-0.0111981 0.137973 0.314659 -0.00335135 -0.00051312 2.484e-05
-0.0148335 0.191935 0.320579 -0.00343716 -0.00069031 5.577e-05
-0.0237973 0.178717 0.407236 -0.00585353 -0.00093908 -0.00041081
-0.0172667 0.115645 0.404141 -0.00411932 -0.00080168 -0.00014028
-0.0162857 0.200845 0.452633 -0.00488784 -0.00087971 -0.00013848
-0.00270777 0.139788 0.503971 -0.00492683 -0.00071918 -3.353e-05
0.00409305 0.234474 0.527332 -0.00546146 0.000115 -0.00033967
0.00248297 0.213945 0.510706 -0.00519243 6.465e-05 -0.00032666
-0.00805589 0.152252 0.519506 -0.00483443 -0.0005379 6.823e-05
-0.00042466 0.196065 0.523059 -0.00518468 -0.00011649 -0.00028756
0.00596597 0.136393 0.654155 -0.00699866 6.11e-05 -0.00011615
0.00586265 0.189812 0.580924 -0.00594111 -1.301e-05 -0.00012784
0.00090747 0.205065 0.587317 -0.00608869 -2.78e-06 -0.00017754
0.0060147 0.166213 0.650476 -0.0062897 0.00010582 -7.656e-05
-0.00497943 0.258588 0.636663 -0.00670444 -0.00015287 -0.0002477
-0.00193764 0.184336 0.668082 -0.00693327 -8.442e-05 -0.00030258
-0.00825513 0.19384 0.666442 -0.00684496 -0.00039202 -0.00047048
-0.0173018 0.241147 0.670042 -0.00709596 -0.0005702 -0.00051874
-0.0116896 0.155353 0.679529 -0.00692158 -0.00043854 -0.00038915
-0.00531987 0.167272 0.692269 -0.00701934 -0.00010403 -0.0004724
-0.013052 0.240275 0.666216 -0.00678215 -0.0006133 -0.00064388
-0.00681329 0.148746 0.662857 -0.00633875 -0.00064161 -0.00049814
-0.00517593 0.177416 0.689999 -0.00624662 -0.00058624 -0.00037362
-0.0111916 0.235171 0.673576 -0.00643696 -0.00023632 -0.00054386
-0.00307917 0.129053 0.735902 -0.00794468 -0.00031673 -0.00010326
-0.00199893 0.172506 0.606061 -0.00646054 -5.682e-05 -0.0001482
-0.00175908 0.169442 0.707085 -0.00621442 -0.00017279 -0.00011203
-0.0197169 0.268726 0.618436 -0.00520302 -0.00035552 -0.00048978
-0.00963933 0.179549 0.809498 -0.00690283 1.248e-05 -0.0005445
-0.0193789 0.232909 0.84104 -0.00725931 -0.00021821 -0.00062479
-0.0124863 0.221517 0.848169 -0.00742507 -0.00011703 -0.00047963
-0.0196197 0.209674 0.88464 -0.00803189 -0.00031017 -0.00057503
-0.0200583 0.232836 0.839312 -0.00802475 -0.00014762 -0.00078792
-0.00210209 0.104786 0.914152 -0.00760503 6.667e-05 -0.00052457
-0.0155429 0.230755 0.839894 -0.00745884 -0.00012105 -0.00064924
-0.00034074 0.158891 0.837017 -0.00745966 3.558e-05 -0.00048636
-0.00313124 0.215445 0.838811 -0.0078396 0.00030582 -0.00066478
-0.0112287 0.158373 0.8781 -0.00804048 -0.00012105 -0.00064566
-0.0161614 0.254321 0.820304 -0.00791352 9.293e-05 -0.00094335
-0.0159948 0.156025 0.911991 -0.00860221 0.0002108 -0.00088214
-0.0263051 0.236433 0.882077 -0.00846722 -9.66e-05 -0.00113755
-0.0196344 0.168252 0.869378 -0.00764139 0.00014619 -0.00094085
-0.0185149 0.17981 0.917657 -0.00835313 -1.5e-07 -0.00085754
-0.0231974 0.258602 0.871837 -0.00805465 -4.113e-05 -0.00105532
-0.0163565 0.181207 0.886476 -0.00792074 1.071e-05 -0.00105257
-0.0224906 0.204386 0.954978 -0.00982665 0.00043356 -0.00114122
-0.015584 0.03973 0.918889 -0.00783307 0.00035667 -0.00069008
-0.0122922 0.0938175 1.09532 -0.00374642 0.00112766 -7.123e-05
-0.0368275 0.497328 1.42388 -0.0112713 -0.0007586 -0.00043003
-0.0387074 0.405802 1.32988 -0.0107934 -0.00072176 -0.00077587
-0.0371662 0.314395 1.28263 -0.0110716 -0.00062743 -0.0009747
-0.0328626 0.197431 1.26756 -0.0107319 -0.00065938 -0.00092906
-0.032791 0.188435 1.23796 -0.0106728 -0.0006898 -0.00088885
-0.0378057 0.138569 1.23286 -0.0108448 -0.00033795 -0.00114328
-0.0427491 0.0992325 1.30478 -0.01274 -0.00057247 -0.00136068
-0.0330124 0.111073 1.23846 -0.0100629 -0.00033795 -0.00101979
-0.0410903 0.244654 1.21048 -0.0108065 -0.00033795 -0.00131608
-0.044775 0.204271 1.27512 -0.0110709 -0.00033795 -0.00137826
-0.0479825 0.290995 1.3815 -0.0127761 -0.00044271 -0.00166936
-0.0597824 0.349492 1.26509 -0.0122072 -0.00033795 -0.00207012
-0.0494887 0.272777 1.05872 -0.00905733 0.00049986 -0.00159192
-0.0388807 0.195962 1.15509 -0.00941353 -0.00020678 -0.00118498
-0.0528783 0.288258 1.23413 -0.0114086 -0.00045309 -0.00162031
-0.0454072 0.189452 1.27249 -0.0112009 -0.00026203 -0.00131087
-0.0477906 0.25483 1.20516 -0.0115157 -0.00034193 -0.00159508
-0.038578 0.116635 1.31024 -0.0109653 0.00056256 -0.00155457
-0.0750202 0.207023 1.29939 -0.0120166 -0.00022233 -0.00210038
-0.0539777 0.213902 1.32396 -0.0118213 0.00023034 -0.00193295
-0.0559496 0.237687 1.3816 -0.0133159 -0.00035658 -0.00198123
-0.0676557 0.214538 1.33346 -0.0122644 -8.442e-05 -0.00200134
-0.0616152 0.250375 1.34567 -0.0120051 0.00025004 -0.00200046
-0.0549624 0.267136 1.35536 -0.0122315 0.00024229 -0.00201069
-0.0560185 0.210818 1.37715 -0.0124007 -0.00018187 -0.00195838
-0.0575224 0.280968 1.38124 -0.012529 0.00051166 -0.00246291
-0.0545606 0.172351 1.43801 -0.013269 0.00018882 -0.00215131
-0.0420862 0.242102 1.40653 -0.0125086 0.00021733 -0.00199554
-0.052214 0.291282 1.39569 -0.0125722 0.0003102 -0.00201399
-0.0386509 0.187363 1.43369 -0.0115113 0.0006525 -0.00161677
-0.051321 0.282518 1.39536 -0.0126145 0.00026542 -0.00198066
-0.0553577 0.184323 1.41841 -0.0123497 0.00051979 -0.00208955
-0.0616747 0.29572 1.43647 -0.0129065 0.00054467 -0.00232066
-0.0614957 0.195984 1.41859 -0.0126853 0.00037452 -0.00209181
-0.06972 0.240653 1.47524 -0.0141627 -0.00029339 -0.00243729
-0.0619818 0.240945 1.41428 -0.0128249 0.00046752 -0.00229066
-0.0614393 0.164989 1.46719 -0.0137883 0.00029618 -0.00206612
-0.0622602 0.245004 1.44487 -0.0134144 0.00065677 -0.00239912
-0.0624877 0.165599 1.50291 -0.0128281 0.00149854 -0.00226719
-0.062131 0.26691 1.44478 -0.0131584 0.00067904 -0.00225371
-0.043043 0.149134 1.59316 -0.0127471 0.00102082 -0.00208109
-0.0512082 0.283604 1.61943 -0.0130866 0.00072412 -0.0021923
-0.0411906 0.213843 1.6155 -0.0131119 0.00047609 -0.00182042
-0.0319415 0.172366 1.69347 -0.0141595 0.00062165 -0.00179008
-0.0438587 0.219704 1.69495 -0.0153874 0.00031762 -0.00180366
-0.0432174 0.137277 1.67056 -0.0126556 0.00033305 -0.00149831
-0.0347947 0.281555 1.62955 -0.0132862 0.00051036 -0.00187005
-0.0184954 0.187684 1.6383 -0.0132373 0.00096552 -0.00139061
-0.0283327 0.216294 1.56723 -0.013437 0.00069828 -0.00183122
-0.0164857 0.173791 1.6132 -0.0123719 0.00087472 -0.0012325
-0.0237214 0.302945 1.57721 -0.0136314 0.00057207 -0.00132602
-0.0044489 0.210148 1.64301 -0.0131224 0.00073129 -0.00087678
-0.0209294 0.296938 1.68095 -0.0141102 0.00066584 -0.00153624
-0.0380396 0.23582 1.68894 -0.0145689 0.00053057 -0.00171863
-0.0382333 0.225089 1.68291 -0.0138316 0.00064932 -0.0018032
-0.0527858 0.235003 1.68251 -0.0145773 0.00092071 -0.00210248
-0.0446268 0.172949 1.67345 -0.0137178 0.00088425 -0.00192853
-0.0489905 0.278497 1.64335 -0.0154198 0.00077549 -0.00227154
-0.0532318 0.139919 1.71717 -0.0164587 0.00069465 -0.00263962
-0.0613856 0.270254 1.62494 -0.0169542 0.00037886 -0.00234436
-0.0529424 0.109492 1.60329 -0.0135677 0.00073852 -0.00219536
-0.0661376 0.22379 1.28227 -0.00937625 0.00146764 -0.00233931
-0.0940648 0.223684 1.14488 -0.00897921 -0.00021263 -0.00250434
-0.0728611 0.223958 1.26129 -0.00829381 -0.00019311 -0.00238391
-0.0708257 0.301822 1.17014 -0.00941227 -0.00056317 -0.0025088
-0.0633821 0.193941 1.21119 -0.00772626 -5.113e-05 -0.00203549
-0.0750097 0.28877 1.21964 -0.00904425 0.00056264 -0.00276308
-0.06665 0.109539 1.36476 -0.0112414 -0.00018171 -0.00212516
-0.070873 0.239438 1.2748 -0.0096751 0.00050115 -0.00246294
-0.0668261 0.1715 1.32476 -0.00927621 0.00102698 -0.00252136
-0.0759532 0.212295 1.32269 -0.00971802 0.00120094 -0.00260298
-0.0758003 0.178074 1.34122 -0.0101771 0.00086558 -0.00258142
-0.0856484 0.238867 1.3426 -0.00955321 0.00101948 -0.00296429
-0.0753737 0.135084 1.36389 -0.00901481 0.00095107 -0.00232902
-0.0937313 0.125968 1.42586 -0.00512039 0.00301262 -0.00213262
-0.050625 0.525579 1.5629 -0.00930409 0.0011128 -0.00170576
-0.0881395 0.352485 1.52161 -0.0089267 0.00162398 -0.00241734
-0.106806 0.25354 1.50736 -0.010271 0.00124676 -0.00285721
-0.0796741 0.172738 1.51819 -0.00939328 0.00202129 -0.00245375
-0.0914837 0.18623 1.50954 -0.0102565 0.00168212 -0.00279403
-0.0951691 0.125173 1.52173 -0.0103443 0.00155937 -0.00297934
-0.0954355 0.125231 1.53256 -0.0103 0.0018517 -0.00301484
-0.0954995 0.140745 1.5485 -0.0107002 0.00161487 -0.00310405
-0.0960032 0.209124 1.546 -0.0105348 0.00181227 -0.00331558
-0.0955952 0.184525 1.58843 -0.0108198 0.00179515 -0.00310117
-0.10243 0.306718 1.62256 -0.012619 0.00123064 -0.00337589
-0.0963381 0.266576 1.58515 -0.0112759 0.00195746 -0.00339841
-0.0967317 0.248106 1.61373 -0.011463 0.00196765 -0.00359126
-0.0969867 0.307209 1.63091 -0.0128909 0.00214318 -0.00364319
-0.0926873 0.137861 1.71005 -0.0111903 0.00215963 -0.00317792
-0.107519 0.275912 1.66436 -0.0118654 0.00216027 -0.00382571
-0.10359 0.135329 1.67061 -0.0116041 0.00229362 -0.0034737
-0.0961842 0.160644 1.71069 -0.0127144 0.0019178 -0.00330062
-0.107497 0.191981 1.61683 -0.0113494 0.00229107 -0.00330246
-0.0894524 0.123608 1.67427 -0.0113932 0.00228333 -0.00307107
-0.0963626 0.25248 1.62173 -0.0116737 0.00194423 -0.00333205
-0.094323 0.1974 1.61361 -0.0118333 0.00186475 -0.00333851
-0.0795044 0.26712 1.60833 -0.0121858 0.0025395 -0.00344954
-0.0787903 0.173826 1.65682 -0.0121009 0.00248084 -0.0033296
-0.0919966 0.240702 1.54748 -0.0123938 0.00223315 -0.00352777
-0.106224 0.203146 1.35633 -0.0093151 0.00258116 -0.00322469
-0.139552 0.158683 1.31588 -0.0072917 0.00159801 -0.00392184
-0.121427 0.264265 1.48672 -0.0099898 0.00132585 -0.00406657
-0.122858 0.28881 1.47442 -0.0101326 0.00232852 -0.00383198
-0.122628 0.198524 1.52486 -0.0109821 0.00218051 -0.0037105
-0.131608 0.266366 1.49565 -0.011696 0.00281888 -0.00412786
-0.139694 0.16517 1.5678 -0.0118339 0.00258756 -0.00413175
-0.141334 0.215572 1.53733 -0.0125517 0.00281888 -0.00422757
-0.140751 0.110549 1.62428 -0.0127398 0.00287352 -0.00408938
-0.156889 0.253109 1.54514 -0.0127704 0.00301357 -0.0046334
-0.124783 0.138856 1.61047 -0.0125786 0.002845 -0.00415336
-0.139191 0.252584 1.57706 -0.0126021 0.00333174 -0.004317
-0.145918 0.232996 1.56555 -0.0131122 0.00310904 -0.00448838
-0.14599 0.198032 1.60805 -0.0138685 0.00332927 -0.00449308
-0.134157 0.188746 1.60276 -0.0127946 0.0032935 -0.00419871
-0.136655 0.209181 1.60832 -0.0130233 0.00274151 -0.00416026
-0.141133 0.216424 1.64347 -0.0146252 0.00289628 -0.00455243
-0.140131 0.13364 1.64296 -0.0137219 0.00332938 -0.00444285
-0.143532 0.256326 1.59626 -0.0140017 0.00374192 -0.0048762
-0.129888 0.132053 1.65326 -0.0131359 0.00400445 -0.0044118
-0.14062 0.27933 1.57507 -0.0135994 0.00343698 -0.00450834
-0.128877 0.147835 1.62316 -0.0133756 0.00343698 -0.00440601
-0.138309 0.284305 1.56866 -0.0134962 0.00343698 -0.00476446
-0.142981 0.206451 1.59541 -0.013386 0.0034898 -0.00491107
-0.139353 0.192378 1.63485 -0.0138034 0.00366947 -0.00488125
-0.157847 0.232955 1.63771 -0.0138439 0.00373473 -0.00540596
-0.155112 0.135185 1.65212 -0.0140027 0.00371208 -0.00541188
-0.145473 0.253511 1.60405 -0.013766 0.00343698 -0.00534524
-0.137737 0.124188 1.6516 -0.0135358 0.00432491 -0.00513449
-0.144233 0.259015 1.5716 -0.0137678 0.00415109 -0.00539351
-0.136809 0.143461 1.63551 -0.0135742 0.00382389 -0.00480568
-0.142993 0.289839 1.55891 -0.0138738 0.00372293 -0.00534204
-0.141321 0.15812 1.71999 -0.015266 0.00325096 -0.00482113
-0.138545 0.263612 1.65871 -0.014502 0.00414443 -0.00543928
-0.137508 0.188689 1.66942 -0.0140213 0.00362929 -0.00510279
-0.144099 0.186089 1.66243 -0.0135824 0.00372293 -0.00518806
-0.14932 0.216977 1.66599 -0.0141228 0.00372293 -0.00550137
-0.142825 0.142523 1.68461 -0.0137999 0.00372293 -0.00535396
-0.142135 0.220459 1.65817 -0.0142949 0.00370597 -0.00522835
-0.131814 0.104149 1.71242 -0.0136883 0.00352402 -0.00496964
-0.150294 0.272809 1.66822 -0.0145503 0.00384786 -0.00534142
-0.137066 0.196457 1.66145 -0.0135298 0.00355592 -0.00484652
-0.135076 0.249074 1.68051 -0.014273 0.0034218 -0.00501977
-0.137611 0.235761 1.6984 -0.0139221 0.00393612 -0.00492821
-0.136827 0.21886 1.71156 -0.0140724 0.00299078 -0.0048836
-0.146491 0.236433 1.70187 -0.0145837 0.00367932 -0.00516478
-0.145461 0.1377 1.80824 -0.0163179 0.00284869 -0.00508246
-0.151164 0.243535 1.66066 -0.0149946 0.00354147 -0.0053026
-0.137998 0.108664 1.77746 -0.0147433 0.00337332 -0.00488141
-0.146412 0.228047 1.74 -0.0157351 0.00320509 -0.0053273
-0.142021 0.135735 1.77035 -0.0152215 0.00323558 -0.00518881
-0.148021 0.257767 1.6947 -0.0143876 0.00367492 -0.00526629
-0.123918 0.173934 1.73289 -0.0145227 0.00293785 -0.00462698
-0.122922 0.262896 1.7438 -0.0154177 0.00286477 -0.00502528
-0.139908 0.262815 1.7138 -0.0153681 0.00293801 -0.00500836
-0.123996 0.148195 1.6993 -0.0149388 0.00300199 -0.00476006
-0.129333 0.266229 1.74398 -0.016548 0.00270684 -0.00506104
-0.111059 0.135402 1.68683 -0.0144053 0.00293785 -0.0041692
-0.103304 0.251603 1.65111 -0.014852 0.00293785 -0.00418099
-0.115774 0.201236 1.68272 -0.0152716 0.00293785 -0.00445295
-0.123752 0.179831 1.68333 -0.0151892 0.00293785 -0.00447473
-0.139181 0.253542 1.68651 -0.0155421 0.00325869 -0.00490546
-0.141371 0.157245 1.70813 -0.0145568 0.00373537 -0.00486036
-0.158364 0.268144 1.71789 -0.0158576 0.00311888 -0.00544817
-0.141183 0.163997 1.71974 -0.0139822 0.00357643 -0.00476026
-0.152154 0.29152 1.71816 -0.0145694 0.00357554 -0.0050308
-0.153902 0.207624 1.78833 -0.0153764 0.00353114 -0.00529214
-0.153009 0.167889 1.83151 -0.0151889 0.00366496 -0.00522951
-0.157636 0.254697 1.82968 -0.0151805 0.00367963 -0.00535937
-0.148889 0.169349 1.80804 -0.0146694 0.00317661 -0.00527821
-0.155129 0.235532 1.80763 -0.0155117 0.00320326 -0.00543756
-0.143666 0.14832 1.82776 -0.0139312 0.0029268 -0.00500522
-0.151239 0.231477 1.82442 -0.0148184 0.00272836 -0.0052405
-0.147558 0.15764 1.83886 -0.0145667 0.00252302 -0.0052195
-0.152561 0.228001 1.82624 -0.014688 0.00296109 -0.00550968
-0.173759 0.211894 1.83968 -0.01504 0.00323318 -0.00585143
-0.162064 0.172455 1.88988 -0.0153407 0.00327963 -0.00576132
-0.164822 0.270218 1.81796 -0.0142466 0.00358555 -0.00597179
-0.156879 0.139061 1.89495 -0.0141427 0.00354323 -0.00543327
-0.158568 0.278754 1.83422 -0.0147763 0.00338274 -0.00584151
-0.144278 0.121994 1.98915 -0.0161198 0.00325866 -0.00534636
-0.142511 0.277154 1.84672 -0.0143503 0.0032196 -0.00515827
-0.141695 0.139653 1.93403 -0.0154545 0.00320978 -0.00510201
-0.149356 0.245553 1.89681 -0.0148359 0.00331805 -0.00543113
-0.153797 0.188495 1.89817 -0.0148934 0.0034209 -0.00533004
-0.15349 0.17774 1.94665 -0.0156787 0.00386152 -0.00540412
-0.152752 0.175888 1.93532 -0.0147595 0.00422547 -0.00539465
-0.156457 0.224992 1.89876 -0.0147166 0.00387203 -0.00582781
-0.158415 0.125198 1.96761 -0.0150909 0.00392196 -0.00565346
-0.158761 0.223961 1.94386 -0.0148557 0.004002 -0.00576176
-0.158585 0.194443 1.92823 -0.0147606 0.0041043 -0.00563822
-0.158635 0.158341 1.98064 -0.0153835 0.00394022 -0.00572493
-0.159007 0.22962 2.00138 -0.0154189 0.00454032 -0.00557732
-0.128786 0.152254 2.01951 -0.014532 0.00324014 -0.00477238
-0.137371 0.387286 1.95377 -0.0139831 0.00386839 -0.00506701
-0.136718 0.211471 1.99293 -0.0150216 0.00348303 -0.00496233
-0.14521 0.241488 2.02625 -0.0158151 0.00398415 -0.00534216
-0.150703 0.249359 2.00476 -0.014925 0.00407384 -0.00550408
-0.14471 0.114106 2.10283 -0.0170365 0.00350791 -0.00525708
-0.152479 0.195936 2.04403 -0.0155355 0.00404978 -0.00565633
-0.152288 0.102774 2.09578 -0.0154183 0.00384736 -0.0054886
-0.155737 0.254366 2.05039 -0.0158408 0.00367416 -0.00558625
-0.134289 0.148802 2.09285 -0.0156737 0.00393735 -0.00530096
-0.136814 0.229715 2.14414 -0.0164902 0.00415639 -0.00518498
-0.139624 0.264542 2.10766 -0.0163395 0.00391419 -0.00539168
-0.152278 0.206096 2.13374 -0.0156988 0.00370589 -0.00540989
-0.160724 0.285723 2.11011 -0.0156347 0.00373994 -0.00580434
-0.145886 0.184924 2.1597 -0.0148401 0.00387651 -0.00527423
-0.140562 0.273177 2.1612 -0.0153974 0.00327305 -0.00544362
-0.138918 0.146895 2.20778 -0.0158503 0.00327305 -0.00519066
-0.139581 0.218103 2.23169 -0.0175991 0.00372619 -0.00559739
-0.135187 0.168481 2.18668 -0.0157962 0.00352832 -0.00546632
-0.143875 0.154773 2.11219 -0.017186 0.00327305 -0.00561652
-0.159421 0.191366 1.99614 -0.0135972 0.00320594 -0.00541404
-0.171796 0.211309 2.02401 -0.0136056 0.00251676 -0.00564827
-0.222389 0.248614 1.88582 -0.0106208 0.00199975 -0.00634583
-0.211722 0.216726 1.95028 -0.0100907 0.00149393 -0.00615168
-0.147865 0.306285 2.17824 -0.0137505 0.00077028 -0.00523717
-0.113852 0.215229 2.34993 -0.0147878 0.0014047 -0.00426516
-0.124431 0.16868 2.45207 -0.0149904 0.0026007 -0.00418161
-0.127967 0.189254 2.46145 -0.0160589 0.00267927 -0.00428737
-0.121508 0.0971112 2.50444 -0.0160325 0.00363212 -0.00432822
-0.136272 0.209939 2.40246 -0.016611 0.00304322 -0.00488702
-0.133361 0.0993628 2.45702 -0.015456 0.00361396 -0.00446725
-0.125825 0.272828 2.35783 -0.0162805 0.00332284 -0.00437453
-0.100221 0.14014 2.45027 -0.0159243 0.00332284 -0.00359096
-0.11859 0.271173 2.47849 -0.0166376 0.00334962 -0.00380185
-0.1033 0.176822 2.44931 -0.01494 0.00278802 -0.00296287
-0.0851683 0.193622 2.44125 -0.014566 0.00272379 -0.00296468
-0.113328 0.266585 2.42725 -0.0155712 0.00297909 -0.00376736
-0.119618 0.106725 2.48747 -0.0163888 0.00332337 -0.00386522
-0.116771 0.207904 2.39838 -0.0165024 0.0033475 -0.00411369
-0.114921 0.0904388 2.51096 -0.0165892 0.00377066 -0.00396199
-0.104007 0.205125 2.3814 -0.0154085 0.00278802 -0.00342422
-0.0977385 0.116445 2.49982 -0.0161945 0.00374436 -0.00320767
-0.100021 0.264303 2.52454 -0.0172946 0.00408331 -0.00339303
-0.119298 0.183877 2.51041 -0.0170507 0.00408048 -0.00381121
-0.13024 0.192113 2.48621 -0.0175348 0.00434046 -0.00429131
-0.143001 0.199661 2.49912 -0.0170892 0.00476455 -0.00461196
-0.139089 0.116059 2.53531 -0.0175539 0.00445368 -0.00430166
-0.142499 0.205126 2.50207 -0.0172527 0.00434859 -0.00463389
-0.144219 0.107959 2.53424 -0.0172584 0.004774 -0.00441941
-0.154167 0.190444 2.53819 -0.0188279 0.00429057 -0.00477737
-0.142262 0.101587 2.57834 -0.01808 0.00461674 -0.00438135
-0.146034 0.243526 2.49553 -0.0167169 0.00477872 -0.00450688
-0.138134 0.122123 2.57107 -0.0176424 0.00473285 -0.00442824
-0.135981 0.242685 2.53581 -0.0180112 0.00509709 -0.00447939
-0.141814 0.174685 2.59792 -0.0186919 0.00530368 -0.00450968
-0.146535 0.158401 2.53278 -0.0182323 0.00497074 -0.00456749
-0.147453 0.252095 2.45867 -0.0176658 0.00451712 -0.00482832
-0.146515 0.12141 2.54449 -0.0187323 0.00536337 -0.00460681
-0.140988 0.142996 2.52061 -0.0186999 0.00494757 -0.00440619
-0.141409 0.224658 2.4408 -0.0182151 0.00475447 -0.00482908
-0.106479 0.0753747 2.46248 -0.0168934 0.00471533 -0.00362464
-0.120287 0.31094 2.06832 -0.0123219 0.00340519 -0.00343169
-0.13445 0.236586 1.90856 -0.0128326 0.00395613 -0.00352707
-0.0879744 0.164418 2.07352 -0.0133215 0.00352633 -0.00245726
-0.0833583 0.303143 2.00615 -0.0110096 0.00414166 -0.0025714
-0.107604 0.197772 2.07489 -0.0110064 0.00447633 -0.0030155
-0.129695 0.303493 2.03717 -0.0115254 0.00490754 -0.00349163
-0.115764 0.181238 2.11109 -0.011424 0.00389291 -0.0029678
-0.137436 0.283924 2.19826 -0.0145217 0.0042351 -0.00374324
-0.139227 0.229394 2.14167 -0.0116613 0.005545 -0.00399558
-0.132813 0.227642 2.17985 -0.0134192 0.00506965 -0.00394482
-0.136975 0.250889 2.11771 -0.0124853 0.00552842 -0.00386406
-0.136674 0.222969 2.20246 -0.0132666 0.00503442 -0.00353784
-0.138063 0.349215 2.1539 -0.0131801 0.00487543 -0.00406233
-0.1449 0.224209 2.17122 -0.011936 0.00546154 -0.00382356
-0.155037 0.266695 2.17496 -0.0134595 0.00515633 -0.00434734
-0.150608 0.219373 2.17177 -0.0131763 0.00528284 -0.00394979
-0.133831 0.169466 2.22263 -0.0132161 0.00499121 -0.00381593
-0.149781 0.286224 2.14924 -0.0135416 0.00515077 -0.00441106
-0.122741 0.153021 2.22386 -0.0140487 0.00564195 -0.00396048
-0.134496 0.250992 2.15108 -0.012507 0.00564627 -0.00414878
-0.132896 0.215938 2.15888 -0.0129938 0.00535244 -0.00393665
-0.1441 0.209884 2.17554 -0.0131922 0.00560477 -0.00423607
-0.156618 0.254758 2.18805 -0.0137699 0.00554774 -0.00460184
-0.156552 0.182489 2.2064 -0.0135813 0.00583013 -0.00453903
-0.152252 0.250701 2.21236 -0.0152255 0.00543513 -0.00468795
-0.146223 0.155374 2.22385 -0.0132842 0.00597106 -0.00442984
-0.150255 0.252164 2.19971 -0.0139966 0.00572117 -0.0046088
-0.145754 0.174458 2.22565 -0.0141525 0.00533012 -0.00467714
-0.152623 0.184827 2.25473 -0.0150032 0.00579122 -0.00477879
-0.150559 0.226635 2.184 -0.0139569 0.00584742 -0.00494043
-0.154227 0.14283 2.26436 -0.0153905 0.00589782 -0.00495123
-0.15753 0.231287 2.19378 -0.0146288 0.00618581 -0.00479581
-0.137717 0.175543 2.20501 -0.0133124 0.00574916 -0.00426264
-0.154828 0.283795 2.20888 -0.0149191 0.00568435 -0.00491583
-0.143016 0.165089 2.27336 -0.0149224 0.00572924 -0.0048279
-0.154122 0.255571 2.2192 -0.0151685 0.00578752 -0.00497477
-0.139342 0.130571 2.25124 -0.0135943 0.00552143 -0.00444854
-0.154755 0.265697 2.24709 -0.0141662 0.00579717 -0.00490247
-0.15477 0.195155 2.26444 -0.0148972 0.00576025 -0.00495486
-0.164893 0.200552 2.27832 -0.0161076 0.00576811 -0.00514142
-0.161615 0.0988191 2.34481 -0.0163479 0.00593125 -0.00502418
-0.165663 0.237767 2.26132 -0.0149698 0.0063031 -0.00518831
-0.153871 0.105283 2.29601 -0.0143876 0.00629177 -0.00464487
-0.143867 0.192445 2.24989 -0.0126642 0.00620901 -0.00423965
-0.153399 0.154408 2.25961 -0.0127014 0.00605451 -0.00448629
-0.135009 0.193509 2.33206 -0.0139243 0.00538143 -0.00415816
-0.132097 0.259081 2.32944 -0.0133816 0.0054762 -0.00411655
-0.12645 0.189897 2.33676 -0.0140718 0.00594384 -0.00427837
-0.130564 0.20711 2.37836 -0.015511 0.00547276 -0.00446957
-0.1133 0.0755151 2.44078 -0.0160305 0.00562543 -0.00396194
-0.119592 0.176467 2.34322 -0.0145814 0.0054071 -0.00416959
-0.0974581 0.0894712 2.4307 -0.0150812 0.00517223 -0.00369294
-0.106301 0.218299 2.41539 -0.014329 0.00543667 -0.00392488
-0.101905 0.131438 2.45384 -0.0141407 0.00595238 -0.00403422
-0.120732 0.271302 2.37111 -0.0134057 0.00603306 -0.00445234
-0.110459 0.218948 2.3926 -0.0132449 0.00557719 -0.0040994
-0.108364 0.205386 2.44033 -0.0145939 0.00569899 -0.00403047
-0.105355 0.258434 2.41198 -0.0134476 0.00594119 -0.00418312
-0.107396 0.195266 2.40398 -0.0132897 0.00644486 -0.00404897
-0.102649 0.232636 2.37158 -0.014404 0.00552927 -0.00405751
-0.0913467 0.130823 2.45842 -0.0127553 0.00540164 -0.00380067
-0.1078 0.273694 2.41645 -0.0136985 0.00540486 -0.00411579
-0.103411 0.15065 2.41661 -0.0132169 0.00524283 -0.00413368
-0.114654 0.236074 2.40188 -0.0127911 0.00583694 -0.0042816
-0.109461 0.17315 2.41526 -0.0132292 0.00567299 -0.00406112
-0.0968412 0.192612 2.41041 -0.0127016 0.00502345 -0.00378885
-0.113728 0.231643 2.41712 -0.0128959 0.00514193 -0.00415385
-0.110051 0.155767 2.44079 -0.0130553 0.00561836 -0.00390738
-0.111041 0.260485 2.39099 -0.0138741 0.00541104 -0.00426114
-0.103835 0.154398 2.49859 -0.013369 0.00574056 -0.00389358
-0.121746 0.234839 2.481 -0.0147367 0.00542222 -0.00422249
-0.128134 0.132398 2.49892 -0.013947 0.00552738 -0.00428033
-0.13315 0.268132 2.44837 -0.0134446 0.00545521 -0.00434681
-0.133356 0.146849 2.48328 -0.0134536 0.00553121 -0.00443736
-0.128771 0.206505 2.44621 -0.0127058 0.00518579 -0.00419899
-0.122952 0.167947 2.43732 -0.0120987 0.00559182 -0.0041804
-0.126399 0.138849 2.42947 -0.0122729 0.00578109 -0.00426465
-0.12193 0.185718 2.43632 -0.0121953 0.00537306 -0.00406762
-0.122731 0.137802 2.48281 -0.0124727 0.00547249 -0.00397285
-0.132528 0.23037 2.44578 -0.0131973 0.00559297 -0.00456567
-0.141379 0.136516 2.48508 -0.0130938 0.005678 -0.00437776
-0.142024 0.26168 2.4038 -0.0124435 0.00560079 -0.00496961
-0.13665 0.136634 2.46326 -0.0127543 0.00543979 -0.00470324
-0.153028 0.230796 2.41752 -0.0130001 0.00572595 -0.00508031
-0.149644 0.14974 2.46729 -0.0124962 0.00575072 -0.00477866
-0.155019 0.163751 2.43284 -0.0128785 0.00626898 -0.00512452
-0.159442 0.168724 2.4357 -0.012403 0.00611767 -0.00511222
-0.148912 0.099127 2.47014 -0.0126273 0.00555971 -0.00464948
-0.141478 0.222097 2.35519 -0.0119842 0.00585088 -0.0048731
-0.146503 0.0958543 2.50945 -0.0135884 0.00578 -0.00470289
-0.146857 0.227642 2.49367 -0.0147837 0.00508568 -0.00477482
-0.139753 0.154012 2.48155 -0.0130666 0.00515271 -0.0045162
-0.145504 0.246489 2.49746 -0.0148042 0.00532443 -0.0048863
-0.153942 0.168107 2.53976 -0.0143221 0.00585769 -0.00509554
-0.152804 0.165007 2.51384 -0.0134208 0.00552157 -0.00474764
-0.14361 0.137154 2.52474 -0.0147651 0.00538057 -0.00480564
-0.129723 0.0970342 2.57046 -0.0143178 0.00557298 -0.00431393
-0.137884 0.238074 2.47441 -0.0135003 0.0056589 -0.00474426
-0.132792 0.105893 2.55135 -0.0146468 0.00639564 -0.0045564
-0.136071 0.186982 2.52591 -0.0128926 0.0063338 -0.0046198
-0.128314 0.144827 2.537 -0.0129336 0.00575715 -0.00424809
-0.124211 0.17349 2.56615 -0.0131589 0.0058455 -0.00440964
-0.134749 0.221317 2.59449 -0.0140905 0.00632986 -0.0045027
-0.122043 0.131733 2.61791 -0.0139607 0.00569611 -0.00433073
-0.125906 0.243136 2.53632 -0.0130153 0.00549122 -0.00433257
-0.0968665 0.146901 2.61195 -0.0127842 0.00564621 -0.00374004
-0.110147 0.268035 2.58421 -0.0134742 0.00564621 -0.00384693
-0.0956924 0.144478 2.61891 -0.0127873 0.00521158 -0.00355627
-0.0908628 0.263653 2.62849 -0.0131401 0.00521158 -0.00368426
-0.108553 0.165962 2.63499 -0.0129104 0.00563502 -0.00365748
-0.109441 0.186609 2.62273 -0.0129176 0.00597776 -0.00382629
-0.111944 0.23544 2.61462 -0.0124241 0.0054556 -0.00388115
-0.108383 0.15142 2.61548 -0.012226 0.00523624 -0.00382451
-0.114574 0.258829 2.59597 -0.0124557 0.0055832 -0.00400112
-0.101177 0.128615 2.62429 -0.0121976 0.00523625 -0.00348922
-0.106643 0.2689 2.59009 -0.0120061 0.00523625 -0.00375797
-0.114074 0.212176 2.63841 -0.0122874 0.00534169 -0.00389523
-0.107574 0.164786 2.64878 -0.0123977 0.00523624 -0.00369737
-0.121084 0.235556 2.62534 -0.0125939 0.00523624 -0.00406771
-0.120296 0.115362 2.67086 -0.0121494 0.00572974 -0.00390372
-0.126498 0.272853 2.64137 -0.0120792 0.00592802 -0.00385594
-0.112788 0.168837 2.70475 -0.0132922 0.00586861 -0.00375125
-0.11383 0.230197 2.67621 -0.0128121 0.00586567 -0.00399856
-0.120837 0.1894 2.75131 -0.0138599 0.00632957 -0.00386202
-0.126594 0.188132 2.70588 -0.0129278 0.00617537 -0.00406545
-0.120129 0.209957 2.75466 -0.0148862 0.00632957 -0.00420214
-0.112937 0.142716 2.71631 -0.0126185 0.00595868 -0.00377894
-0.132558 0.232103 2.68273 -0.0128493 0.00565732 -0.00415617
-0.121091 0.177499 2.66902 -0.0123536 0.00551785 -0.00395983
-0.119348 0.231604 2.65824 -0.0123483 0.0050942 -0.00397538
-0.114867 0.239984 2.65086 -0.0122722 0.00511541 -0.00374998
-0.120419 0.185096 2.73648 -0.0136551 0.00593946 -0.00363769
-0.11913 0.326345 2.62263 -0.012071 0.00561486 -0.0038924
-0.102957 0.15878 2.70883 -0.0126026 0.00561486 -0.00335908
-0.120447 0.297423 2.65755 -0.0133969 0.00572816 -0.00369916
-0.116961 0.154408 2.68465 -0.0127846 0.00561486 -0.00372984
-0.122469 0.25996 2.67821 -0.013078 0.00593556 -0.00375911
-0.114159 0.177616 2.66505 -0.012426 0.00529113 -0.00345734
-0.123254 0.218431 2.67753 -0.0124689 0.00571283 -0.00374523
-0.12695 0.233813 2.65238 -0.0120594 0.00571283 -0.00381867
-0.128739 0.138198 2.74783 -0.0140203 0.00649238 -0.00405519
-0.126061 0.263865 2.64514 -0.0126336 0.00573957 -0.00418105
-0.119042 0.158189 2.7465 -0.0128472 0.00652031 -0.00386325
-0.114503 0.264448 2.65768 -0.0126874 0.00591818 -0.00382064
-0.112884 0.15204 2.68278 -0.0122375 0.00605522 -0.00363249
-0.126506 0.225629 2.66338 -0.0124027 0.00609599 -0.00405643
-0.112176 0.19053 2.68314 -0.0126464 0.00629195 -0.00371631
-0.117029 0.186412 2.73623 -0.0137532 0.00628912 -0.00381217
-0.128862 0.23758 2.68975 -0.0127897 0.00632056 -0.00402346
-0.115471 0.165052 2.70495 -0.0117751 0.00644987 -0.00374341
-0.124296 0.266307 2.69454 -0.0126485 0.00627463 -0.0040523
-0.109917 0.142589 2.72956 -0.0125841 0.00607018 -0.00362719
-0.121324 0.274242 2.64815 -0.0113143 0.00634409 -0.00384094
-0.113301 0.174983 2.68442 -0.0121357 0.00610857 -0.00359666
-0.106203 0.186412 2.49634 -0.00830837 0.00531719 -0.00312027
-0.146698 0.268528 2.37286 -0.00651898 0.0057325 -0.00324449
-0.166963 0.145295 2.40859 -0.00609987 0.0050271 -0.00298456
-0.157663 0.299997 2.45806 -0.00673446 0.00540862 -0.00336113
-0.113154 0.218172 2.54307 -0.00730607 0.00535353 -0.00256209
-0.104286 0.280782 2.55301 -0.00806601 0.00563169 -0.00268379
-0.110887 0.182289 2.60647 -0.0081535 0.00641458 -0.0027297
-0.108693 0.191964 2.65468 -0.0103998 0.00564111 -0.00273855
-0.11224 0.15855 2.61945 -0.00895682 0.0060784 -0.00286305
-0.125129 0.227453 2.59045 -0.0090133 0.00648279 -0.00327633
-0.117417 0.179897 2.64412 -0.00982235 0.00637583 -0.00327603
-0.117684 0.204806 2.67781 -0.0116846 0.00635544 -0.00328809
-0.117876 0.184517 2.67072 -0.00979248 0.00670753 -0.0031307
-0.11537 0.248164 2.70675 -0.0111628 0.00679455 -0.00324563
-0.122592 0.244495 2.76386 -0.0122622 0.00711156 -0.00339402
-0.111312 0.196353 2.73509 -0.0108072 0.00734602 -0.00314197
-0.108469 0.298653 2.72426 -0.0106849 0.00729765 -0.00327317
-0.101242 0.17236 2.7521 -0.0107787 0.00725277 -0.00310442
-0.0685658 0.252987 2.57187 -0.00697761 0.00588088 -0.00224995
-0.0513346 0.117138 2.53782 -0.00608368 0.00573835 -0.0016961
-0.038772 0.243649 2.60304 -0.00738767 0.00618802 -0.00163548
-0.0618591 0.385548 2.592 -0.00827141 0.00682675 -0.00242599
-0.05977 0.237651 2.70471 -0.0110034 0.007011 -0.0022645
-0.0731015 0.211046 2.61998 -0.0086063 0.00753037 -0.00246108
-0.0822549 0.237629 2.60437 -0.00866205 0.00744843 -0.00275081
-0.0856762 0.169915 2.65385 -0.00909603 0.00757592 -0.0024682
-0.100218 0.242991 2.6429 -0.0089463 0.00736635 -0.00289456
-0.101269 0.172843 2.66858 -0.00917655 0.00734184 -0.00291832
-0.120781 0.25219 2.68953 -0.00931622 0.00799296 -0.00341915
-0.117183 0.190867 2.74413 -0.00991317 0.00814985 -0.00303891
-0.102278 0.214393 2.73353 -0.0101891 0.00768047 -0.00295167
-0.0977062 0.205343 2.67637 -0.00879617 0.00782559 -0.00285856
-0.112027 0.288497 2.66744 -0.00897683 0.00790483 -0.0033505
-0.109132 0.223872 2.7095 -0.00918661 0.00894675 -0.00314662
-0.113758 0.251571 2.71274 -0.00914173 0.00932993 -0.00337814
-0.0995946 0.168277 2.75918 -0.00865294 0.00915099 -0.00288685
-0.0991739 0.325964 2.69249 -0.00858942 0.00867015 -0.00293687
-0.113622 0.258085 2.70015 -0.00889636 0.00801447 -0.00335898
-0.101754 0.218162 2.7297 -0.00945335 0.00799064 -0.00315356
-0.108952 0.242761 2.68561 -0.00902574 0.00795503 -0.00345901
-0.108463 0.168951 2.7175 -0.00895124 0.00848996 -0.00342377
-0.11581 0.265346 2.67447 -0.00895124 0.0083645 -0.00344422
-0.115842 0.164367 2.70318 -0.00915144 0.00838606 -0.00349678
-0.124178 0.229872 2.67797 -0.00855808 0.00866804 -0.00375914
-0.126878 0.245577 2.66708 -0.00857147 0.00830594 -0.00374155
-0.135437 0.20962 2.70014 -0.0088494 0.00868304 -0.0038205
-0.150421 0.318659 2.65707 -0.00821155 0.00940502 -0.00440287
-0.15289 0.215749 2.76653 -0.00927164 0.00942416 -0.00437654
-0.158355 0.273464 2.7379 -0.00917282 0.00985873 -0.00484855
-0.158303 0.176282 2.76339 -0.00945364 0.0100058 -0.00470987
-0.153272 0.249791 2.73433 -0.00873599 0.0108668 -0.00484296
-0.159052 0.218346 2.69359 -0.00835261 0.0105971 -0.00464034
-0.154136 0.136409 2.77613 -0.00961761 0.0101637 -0.00464515
-0.151312 0.274642 2.74102 -0.0097809 0.0101822 -0.00482834
-0.144883 0.173594 2.71358 -0.00802954 0.00959656 -0.00423024
-0.149172 0.253196 2.76995 -0.00976762 0.00975871 -0.00455221
-0.161965 0.259728 2.75197 -0.00886469 0.0102605 -0.00485279
-0.164627 0.212382 2.77446 -0.00843043 0.0114023 -0.00497822
-0.153561 0.27388 2.79131 -0.00957327 0.0107994 -0.00510194
-0.157714 0.182853 2.79141 -0.00924816 0.0112562 -0.00518749
-0.14919 0.30658 2.67205 -0.00861978 0.0110923 -0.00514882
-0.14986 0.16413 2.73731 -0.00886708 0.0107781 -0.00486093
-0.15057 0.258797 2.69651 -0.00835999 0.0104899 -0.00483344
-0.148708 0.198373 2.72482 -0.00844684 0.0102547 -0.00458914
-0.159433 0.22312 2.46693 -0.00579166 0.00939603 -0.00465006
-0.167302 0.164077 2.1975 -0.0032223 0.00896897 -0.00417187
-0.132657 0.185228 2.43706 -0.00514321 0.00762243 -0.00344693
-0.106382 0.290658 2.39898 -0.00517102 0.00750342 -0.0036472
-0.117366 0.215643 2.43829 -0.00477521 0.0084717 -0.00345464
-0.116349 0.273304 2.43737 -0.0056127 0.00827699 -0.00381607
-0.128462 0.214222 2.47162 -0.00547182 0.00882265 -0.00401929
-0.136101 0.256509 2.50018 -0.00616623 0.00924067 -0.00437786
-0.136256 0.200076 2.57442 -0.00739444 0.0092913 -0.00448902
-0.157473 0.199707 2.54392 -0.00645237 0.00984243 -0.00465255
-0.157246 0.250466 2.51425 -0.00599528 0.00967726 -0.00481211
-0.131982 0.237807 2.21233 -0.0033314 0.00897122 -0.00406202
-0.13868 0.147253 2.19059 -0.00294164 0.00853931 -0.00382892
-0.142035 0.183379 2.28437 -0.00318733 0.00831215 -0.00403989
-0.143046 0.202308 2.3048 -0.00249951 0.0088512 -0.00418634
-0.143845 0.275293 2.31831 -0.00358363 0.00886694 -0.00455388
-0.151599 0.163569 2.39305 -0.00372469 0.0087047 -0.00426342
-0.14674 0.304024 2.35661 -0.00414905 0.0089667 -0.00465171
-0.14434 0.182559 2.45452 -0.00479882 0.00959776 -0.00432337
-0.14259 0.276553 2.46444 -0.00633781 0.00875914 -0.00466083
-0.146825 0.173213 2.48839 -0.00511672 0.0104069 -0.00434748
-0.144182 0.261343 2.43866 -0.00467567 0.00961932 -0.00459818
-0.146824 0.199615 2.43934 -0.00488533 0.00946761 -0.00469023
-0.146009 0.145367 2.50097 -0.00539962 0.00988464 -0.00462536
-0.147773 0.238514 2.43944 -0.00518818 0.00960792 -0.00482817
-0.153634 0.155774 2.48358 -0.00567176 0.00996798 -0.00482515
-0.152198 0.25163 2.45689 -0.00552748 0.010023 -0.00500193
-0.155126 0.150859 2.58011 -0.0068901 0.0102903 -0.00482642
-0.145635 0.22271 2.52136 -0.00630482 0.0107318 -0.00469602
-0.135656 0.203526 2.59129 -0.00723608 0.00889785 -0.00449929
-0.133668 0.218719 2.53466 -0.0057602 0.00952833 -0.00433442
-0.145821 0.264748 2.57119 -0.00714878 0.00965475 -0.00481963
-0.146192 0.196676 2.5697 -0.00613886 0.0103701 -0.00497727
-0.146297 0.255028 2.55636 -0.00672876 0.0102317 -0.00509214
-0.149567 0.171485 2.59773 -0.00672876 0.0106703 -0.00497277
-0.158862 0.225201 2.55096 -0.00634341 0.010988 -0.00508988
-0.152941 0.135307 2.58502 -0.00718049 0.0104368 -0.00510147
-0.147322 0.209397 2.57462 -0.00832394 0.0107191 -0.00530877
-0.151571 0.103941 2.63217 -0.00789824 0.0108574 -0.00495696
-0.154932 0.263765 2.55539 -0.00700181 0.0112132 -0.00513656
-0.16909 0.228547 2.61971 -0.00718692 0.0121267 -0.00549162
-0.157262 0.176592 2.70699 -0.00844552 0.0118103 -0.00553725
-0.151746 0.234099 2.71621 -0.00931611 0.0112995 -0.00543138
-0.148369 0.159378 2.68891 -0.00782554 0.0117953 -0.00496806
-0.158439 0.266071 2.6499 -0.00782419 0.0116521 -0.0055475
-0.149188 0.167292 2.67487 -0.00840067 0.0114754 -0.00564355
-0.13935 0.251069 2.65878 -0.00869294 0.0120747 -0.00546861
-0.145808 0.215509 2.64058 -0.00778882 0.0121519 -0.00529169
-0.138571 0.168144 2.63499 -0.00771902 0.0108419 -0.00534194
-0.123619 0.242286 2.46934 -0.00581028 0.0101005 -0.00469491
-0.130501 0.206695 2.3665 -0.0040247 0.0095623 -0.00441462
-0.140721 0.230172 2.28236 -0.00331091 0.00988062 -0.00421515
-0.112899 0.202871 2.40831 -0.00380417 0.0090707 -0.00355675
-0.122963 0.230192 2.44156 -0.0052436 0.00960792 -0.00426668
-0.109767 0.143597 2.54607 -0.0059935 0.00958326 -0.00388364
-0.110904 0.256128 2.47049 -0.00575238 0.00970151 -0.0042346
-0.121585 0.17269 2.52244 -0.00586789 0.00988517 -0.00430026
-0.129311 0.194562 2.54231 -0.00577084 0.0105901 -0.00442537
-0.142518 0.231426 2.56718 -0.00733735 0.011592 -0.00498789
-0.13785 0.163355 2.58478 -0.00659969 0.0112762 -0.00485157
-0.146729 0.285785 2.56502 -0.00746263 0.011309 -0.00547538
-0.145168 0.169631 2.61272 -0.00733354 0.0118374 -0.00511577
-0.141997 0.267245 2.54377 -0.0063144 0.011918 -0.0050804
-0.129254 0.169213 2.6041 -0.00665128 0.0114712 -0.00458766
-0.146034 0.271414 2.5678 -0.00721402 0.011195 -0.00512688
-0.142526 0.235295 2.59164 -0.00699905 0.0119807 -0.0050794
-0.150368 0.208531 2.64109 -0.00811778 0.01197 -0.00565438
-0.160237 0.189421 2.61685 -0.00726425 0.011984 -0.00535192
-0.159392 0.146971 2.69884 -0.00842331 0.0127543 -0.00558638
-0.157905 0.219845 2.63176 -0.00769934 0.012255 -0.00536666
-0.15389 0.143646 2.69065 -0.00753518 0.0129157 -0.00554195
-0.16284 0.267224 2.6474 -0.00776404 0.0125974 -0.00556641
-0.153627 0.15327 2.67385 -0.00774722 0.0122005 -0.00552282
-0.158118 0.244616 2.66154 -0.00800474 0.0124016 -0.00566641
-0.163501 0.249584 2.60778 -0.00758503 0.0129059 -0.00571258
-0.138237 0.126459 2.65077 -0.00781249 0.0121603 -0.00479608
-0.150439 0.270259 2.61194 -0.00727778 0.0122642 -0.00527181
-0.158138 0.155431 2.65179 -0.00834789 0.012684 -0.00553983
-0.168316 0.165364 2.64444 -0.00781954 0.0126312 -0.00565982
-0.173379 0.22265 2.61528 -0.00750565 0.0123657 -0.00608018
-0.176705 0.135093 2.66055 -0.00812754 0.0127462 -0.00614126
-0.192611 0.212893 2.61683 -0.00790693 0.0128947 -0.0066833
-0.187439 0.17588 2.63845 -0.00757923 0.0133159 -0.00632786
-0.178152 0.179536 2.65418 -0.00789044 0.012835 -0.00610419
-0.179437 0.231078 2.63128 -0.00770448 0.0134709 -0.00632777
-0.179732 0.181036 2.68098 -0.00770533 0.0140826 -0.00601488
-0.177195 0.257572 2.61095 -0.00820764 0.0138829 -0.00629836
-0.179323 0.124873 2.67586 -0.00837895 0.0133463 -0.00634181
-0.163428 0.206194 2.57027 -0.00707694 0.0121128 -0.00579876
-0.16144 0.195467 2.54972 -0.00600521 0.0117592 -0.00500733
-0.146324 0.260049 2.50793 -0.00530533 0.0117204 -0.00495086
-0.146251 0.238134 2.55153 -0.00597412 0.0118287 -0.0048472
-0.146345 0.17535 2.65284 -0.00841983 0.0114862 -0.0051177
-0.148109 0.262146 2.56925 -0.00618797 0.0128396 -0.00507944
-0.140036 0.17253 2.61648 -0.00683673 0.0121512 -0.00470456
-0.150803 0.285321 2.56019 -0.00615001 0.0127034 -0.00512542
-0.14794 0.173678 2.64596 -0.00692474 0.0126887 -0.00505864
-0.142905 0.269733 2.61925 -0.00681304 0.0125674 -0.00511481
-0.136297 0.172466 2.66738 -0.0069417 0.0124103 -0.00497136
-0.140667 0.238247 2.66033 -0.00688956 0.0123752 -0.00542202
-0.133951 0.244765 2.65584 -0.00716499 0.0121094 -0.00499337
-0.128144 0.15099 2.76303 -0.00897349 0.0123936 -0.00519134
-0.143026 0.247445 2.73178 -0.00899649 0.0124552 -0.0053886
-0.143901 0.162942 2.71122 -0.00791538 0.0127234 -0.00529654
-0.142371 0.268746 2.66227 -0.0064973 0.0134988 -0.00545771
-0.151643 0.231299 2.66168 -0.00686829 0.0125109 -0.00534236
-0.148641 0.186829 2.67209 -0.00721154 0.0121146 -0.0052561
-0.152436 0.278906 2.64458 -0.00656255 0.0129116 -0.00556045
-0.157646 0.154069 2.70271 -0.00745479 0.0129111 -0.00538531
-0.1674 0.266427 2.65922 -0.00741816 0.0132148 -0.00593458
-0.172926 0.216602 2.68795 -0.00737175 0.0133115 -0.00589967
-0.176643 0.170251 2.75079 -0.00876752 0.0137773 -0.00599416
-0.179077 0.263771 2.64484 -0.0068198 0.0140581 -0.00626132
-0.176172 0.180273 2.70197 -0.00749335 0.013584 -0.00606523
-0.17724 0.24283 2.68139 -0.00743519 0.0135535 -0.00607742
-0.177788 0.16594 2.75146 -0.00901247 0.0138747 -0.00620695
-0.17721 0.190677 2.74909 -0.00813737 0.0139948 -0.00626258
-0.174119 0.303804 2.66412 -0.00702881 0.0141311 -0.00636617
-0.17848 0.166013 2.73905 -0.00798734 0.0142595 -0.00610783
-0.178687 0.29267 2.71204 -0.00746203 0.0139554 -0.00620027
-0.18122 0.21346 2.77726 -0.00897746 0.0142074 -0.00625364
-0.177033 0.185536 2.78215 -0.00843942 0.0143015 -0.00605824
-0.174414 0.295518 2.76564 -0.00955424 0.0133877 -0.00628493
-0.174188 0.155608 2.76525 -0.00814827 0.013655 -0.00582594
