-1e-08 0.0156281 0.198237 -0.00251937 0 0
0.00053757 -0.00066341 0.214811 -0.00175088 0 0.00030581
-0.00215957 0.0279741 0.237553 -0.00185288 0 0.00032076
0.00048529 0.0747319 0.213817 -0.00258809 0 0.00025102
0.00078552 0.0234043 0.227004 -0.00196225 -0.00025925 0.0005211
-0.0111545 0.0335331 0.229418 -0.00159019 -0.00044434 0.00056723
0.00072114 0.0803079 0.231595 -0.00244886 -0.00021592 0.00045628
-0.00559098 0.039637 0.225177 -0.00212813 -0.00040859 0.00066591
-0.0123161 0.0313136 0.255697 -0.00186513 -0.00066913 0.00078016
-0.0119072 0.0395859 0.260468 -0.00188381 -0.0007531 0.00089934
-0.00792346 0.0767987 0.25038 -0.00281844 -0.0005031 0.00082494
-0.00747267 0.0249394 0.240246 -0.00182537 -0.00055868 0.00075032
-0.0146743 0.0111177 0.256614 -0.00176801 -0.0007531 0.00088751
-0.0139092 0.0260827 0.247243 -0.00167412 -0.00094443 0.00093701
-0.00664811 0.0734217 0.224802 -0.00245337 -0.00059949 0.00077874
-0.0147898 0.0242837 0.23879 -0.00162059 -0.00100092 0.00088026
-0.0152326 0.0448894 0.252408 -0.00188455 -0.00129185 0.00112896
-0.0178862 0.0535672 0.248473 -0.001878 -0.00129185 0.00121512
-0.012114 0.0977287 0.21572 -0.00257063 -0.00085625 0.00094978
-0.0135794 0.0115067 0.217925 -0.00155878 -0.00117516 0.00107493
-0.015728 0.017707 0.236827 -0.00146114 -0.00129185 0.00126123
-0.00913895 0.0515966 0.214592 -0.00170356 -0.00116366 0.00112002
-0.00635037 0.055748 0.219708 -0.00208559 -0.00111271 0.00106019
-0.00589469 0.0109607 0.23502 -0.00144411 -0.00170661 0.00133312
0.0015255 0.0418603 0.233573 -0.00139852 -0.00157339 0.00142759
0.00124694 0.0793903 0.212862 -0.00186023 -0.00071924 0.00092501
-0.0070134 0.0106611 0.206651 -0.00095476 -0.00108289 0.00105524
0.00135862 0.0412252 0.229673 -0.00144411 -0.00121563 0.00119188
0.00803098 0.0860542 0.231346 -0.0022034 -0.00075489 0.00104994
0.00131236 0.0121701 0.245305 -0.00111507 -0.00107397 0.00110761
0.00131843 0.0370672 0.222532 -0.00104545 -0.00097724 0.00107967
0.00655503 0.0572496 0.168363 -0.00045461 -0.00084871 0.00106401
0.00141009 0.017884 0.210966 -0.00064028 -0.00097724 0.00111865
-0.00085561 0.0451024 0.257287 -0.00114616 -0.00127483 0.00118989
0.00757167 0.0594048 0.197419 -0.00049098 -0.0007955 0.00109572
0.00157124 0.0449169 0.21627 -0.00056365 -0.00097725 0.00119797
-0.00148977 0.0216324 0.231086 -0.00087046 -0.0012912 0.0012565
0.00157298 0.0589026 0.260065 -0.00108242 -0.00157543 0.00140713
0.00148147 0.0814907 0.240425 -0.00108019 -0.00129711 0.0012623
-0.00931609 0.0238643 0.248019 -0.00035544 -0.00204725 0.00166409
-0.00813941 0.0452456 0.243186 -0.00045985 -0.00186079 0.00159046
0.00377384 0.0718911 0.186721 -0.00087784 -0.00115338 0.00129282
0.0108501 0.0142971 0.257972 -0.00062784 -0.00131187 0.00138447
0.0108207 0.0536908 0.284521 -0.00096131 -0.00128169 0.00134364
0.00551591 0.0594166 0.268473 -0.00087784 -0.00148833 0.00141425
0.0136477 0.106037 0.248633 -0.00195857 -0.00118209 0.00131057
0.00749563 0.025347 0.275092 -0.00083949 -0.00134638 0.00132466
0.00618293 0.058625 0.28224 -0.00113015 -0.0014244 0.00138102
0.0227265 0.0857013 0.215313 -0.00139637 -0.00031642 0.00098448
0.0194629 0.0265005 0.268719 -0.00071651 -0.00064002 0.0011319
0.0157669 0.0486741 0.296006 -0.00057965 -0.00078134 0.0011253
0.00965094 0.033442 0.17713 0.00054084 -0.00037113 0.00095249
0.00245996 0.0403231 0.212372 -0.00118797 -0.00065478 0.00079226
-0.00334047 0.0722928 0.244693 -0.00111291 -0.00107029 0.00125616
0.00696419 0.123433 0.255091 -0.00200241 -0.00079963 0.00119136
-0.0071961 0.0624062 0.28751 -0.00138558 -0.00163825 0.00157624
-0.0043151 0.0943974 0.29904 -0.00217847 -0.00160243 0.00134612
0.0068235 0.11792 0.307222 -0.00242554 -0.00092795 0.00121742
0.00043585 0.034977 0.30132 -0.00122839 -0.00114702 0.00117818
-0.00026663 0.0670235 0.271673 -0.00183871 -0.00106414 0.00119958
0.0113721 0.0876049 0.229826 -0.0019453 -0.00063017 0.00103663
-0.00243132 0.0406044 0.287955 -0.00127378 -0.00111694 0.00121365
0.00109498 0.0909614 0.293314 -0.00195314 -0.0012797 0.00127704
0.0113873 0.10468 0.27052 -0.00212041 -0.00077831 0.00109858
0.00501468 0.0583079 0.315826 -0.00154837 -0.00135556 0.00129074
-0.0005199 0.0806909 0.306829 -0.00161919 -0.00136746 0.00125576
0.011547 0.117787 0.245428 -0.00231516 -0.00099845 0.0012106
0.00647699 0.0407079 0.252 -0.00161415 -0.00097815 0.00118169
-0.00135239 0.0730877 0.290363 -0.00159948 -0.00144787 0.00145289
0.0117179 0.0961937 0.254215 -0.00254314 -0.00080587 0.00121897
0.00056062 0.0714382 0.306842 -0.00206724 -0.00146846 0.00133833
-0.00676478 0.065142 0.325227 -0.00175003 -0.00192244 0.00163557
-0.00262246 0.0804351 0.31494 -0.00175003 -0.00157812 0.0013594
0.0115055 0.0856151 0.221606 -0.00174519 -0.00070073 0.00105596
0.0121067 -0.0186999 0.159543 0.00212231 -0.00074842 0.00145068
0.00608391 0.0348821 0.231451 0.00053663 -0.0012308 0.00150894
-0.00034892 0.0395287 0.2322 0.00028392 -0.0013502 0.00162392
0.0120066 0.0834741 0.188956 -0.00077311 -0.00103609 0.00143017
-0.00105134 0.0315469 0.253774 -0.00035132 -0.00157177 0.0014334
-0.00449532 0.0713347 0.287557 -0.00062898 -0.00178928 0.00158402
0.00088766 0.0900433 0.247483 -0.00110727 -0.00121558 0.0013066
0.00229531 0.0586343 0.21855 -0.0008412 -0.00099132 0.00120607
-0.00799342 0.0248283 0.267258 -0.00056885 -0.00152257 0.00136005
-0.00059046 0.0855608 0.266979 -0.00137184 -0.00078547 0.00117392
-0.00271139 0.0367141 0.241612 -0.00079956 -0.00079407 0.0010952
-0.0181379 0.0408395 0.281888 -0.00103979 -0.00177468 0.0015563
-0.0080429 0.0708495 0.225624 -0.00115121 -0.00116264 0.00120565
-0.00429186 0.0633486 0.190949 -0.00101737 -0.00078108 0.00090413
-0.00687891 0.0514982 0.273288 -0.00071182 -0.00094794 0.0009794
-0.00543776 0.0401015 0.209644 0.00087675 -0.00129156 0.00136103
0.00664353 0.0574226 0.155064 0.00084386 -0.00061702 0.00120229
-0.00465225 0.00542971 0.214092 0.00061891 -0.00107667 0.00130593
-0.00592302 0.0304699 0.231648 0.00021027 -0.00123273 0.00136265
0.0115675 0.0710303 0.202188 -0.00077948 -0.00059112 0.00110548
-0.00490476 0.0203693 0.25276 -0.00017406 -0.00129824 0.00136906
-0.011097 0.0362014 0.246411 5.566e-05 -0.00151899 0.00140711
-0.00027233 0.0487556 0.141804 -4.937e-05 -0.0005951 0.00106228
-0.00161335 0.010853 0.172372 0.00040647 -0.00063473 0.00109459
-0.01669 0.0393217 0.215694 0.00015699 -0.00147512 0.00152076
-0.00106731 0.0687416 0.187761 -0.00082984 -0.00035081 0.00102655
-0.00359725 0.0296972 0.213968 -2.997e-05 -0.00104785 0.00126003
-0.00710618 0.044175 0.248097 -0.00018804 -0.00091897 0.00114371
-0.00078446 0.0458007 0.176588 0.00052361 -0.00069157 0.00116483
-0.0010107 0.0253184 0.163383 0.00081994 -0.00052354 0.00110705
-0.0139483 0.0253381 0.235443 0.00021668 -0.00126863 0.00135608
0.00014482 0.0632099 0.232504 -0.00053636 -0.00097423 0.00120487
-0.00220906 0.0462798 0.238161 -0.00015535 -0.00106723 0.00127601
-0.0117799 0.0358396 0.255629 0.00057444 -0.00116979 0.00145952
-0.00029356 0.0658242 0.225852 -0.00047911 -0.00071064 0.0011941
-0.00634089 0.039728 0.211496 -6.827e-05 -0.00096776 0.00117569
-0.0200048 0.0333076 0.235132 0.00042346 -0.00137331 0.00144979
-0.0159104 0.0731904 0.223301 -0.0006382 -0.00122334 0.0012673
-0.0137342 0.0601231 0.225119 -0.00030644 -0.00122334 0.00117413
-0.020255 0.0473439 0.252331 -0.00012541 -0.00158367 0.00136168
-0.0284198 0.0556191 0.258859 -0.00024956 -0.00132654 0.00130682
-0.00660756 0.0557561 0.17292 -0.00046234 -0.00063104 0.00088712
-0.0134495 0.0166321 0.206339 -1.873e-05 -0.00097602 0.00104347
-0.0258138 0.0390125 0.255698 -0.0002398 -0.00133745 0.00111751
-0.0118803 0.0765546 0.211852 -0.00110866 -0.00092587 0.00100832
-0.0310968 0.0296732 0.258454 -0.00033589 -0.0015167 0.00108046
-0.0385393 0.0375062 0.269534 0.00033378 -0.00168957 0.00108669
-0.0281503 0.0790805 0.223391 -0.00084478 -0.00106385 0.00095742
-0.031451 0.0462386 0.206073 -0.00018424 -0.00118532 0.00098072
-0.0388303 0.037929 0.260177 -5.185e-05 -0.00118532 0.00096637
-0.0281162 0.0598204 0.196075 -0.00068063 -0.00098802 0.00088712
-0.0206669 0.0596131 0.205988 -0.00074738 -0.00085723 0.00088712
-0.0392824 0.0401707 0.261113 -0.00039 -0.00118532 0.00082245
-0.0380573 0.0345873 0.228964 0.00015546 -0.00118532 0.00081656
-0.0211968 0.0467768 0.0903763 0.00133194 -0.00049882 0.00042761
-0.0395862 -0.0184749 0.0727183 0.00438905 -0.00113002 0.00077192
-0.0385769 0.0301254 0.109428 0.00248881 -0.00076506 0.00047948
-0.0302703 0.0246557 0.0986964 0.0020898 -0.00058615 0.00047948
-0.0408472 0.00851058 0.106859 0.00279935 -0.00076506 0.00070137
-0.0331998 0.0356984 0.0981118 0.00292543 -0.0004801 0.00032108
-0.0440122 0.0408106 0.0992854 0.00241219 -0.00057367 0.00035955
-0.0442702 -0.0135691 0.12521 0.00310272 -0.00065032 0.00054133
-0.0294606 0.0326137 0.0815825 0.00221734 -0.00039009 0.00047948
-0.0406903 0.0234428 0.0743462 0.0019092 -0.0004591 0.00047948
-0.0444472 -0.00646607 0.0928487 0.00333031 -0.00062119 0.00047948
-0.0469887 0.0255505 0.0914244 0.00333932 -0.00046999 0.00032502
-0.0475678 0.0658749 0.087871 0.00244365 0.00019326 -3.637e-05
-0.0491875 -0.0120843 0.0994103 0.00251306 -0.00072576 0.00044872
-0.0428839 0.00171118 0.114464 0.00291076 -0.00047594 0.00030352
-0.0420875 0.0439505 0.0757225 0.00187816 -0.00058852 0.00016969
-0.0522702 -0.0091687 0.0878339 0.00257684 -0.0006029 0.00032816
-0.0507469 0.00956293 0.0955525 0.00249289 -0.00048368 0.00026269
-0.0517606 0.0409265 0.0624895 0.00246361 -0.00017038 -3.637e-05
-0.0587369 0.00283628 0.0998349 0.00340838 -0.00036447 0.00027567
-0.060891 0.0276318 0.100015 0.00316437 -0.0005353 0.00011298
-0.0511527 0.0631541 0.0941036 0.00234711 0.00019527 -3.637e-05
-0.0565723 -0.00838745 0.0834002 0.00347991 -6.481e-05 -3.637e-05
-0.0570388 0.00716249 0.0956986 0.00341226 -0.00035133 -3.637e-05
-0.0561224 0.0450793 0.0736647 0.0025818 0.00027206 -3.637e-05
-0.0647794 -0.00855008 0.0801559 0.00344934 -0.00048108 -3.637e-05
-0.0645244 0.0150391 0.095406 0.00344385 -0.00027434 -3.637e-05
-0.0636681 0.0719149 0.0854689 0.00313015 0.00027206 -0.00024011
-0.0746743 0.0263319 0.0986652 0.00513249 0.00065195 -0.00030407
-0.0765735 0.0436522 0.10852 0.00409677 0.00012787 -0.00015324
-0.056532 0.121185 0.117208 0.0045049 0.00109935 -0.00050581
-0.049581 0.27054 0.266818 0.00675533 0.00182312 -0.00101401
-0.0599116 -0.0678568 0.184249 0.00630246 0.00142113 -0.00046067
-0.0423219 -0.191128 0.12183 0.00734261 0.00078873 -1.512e-05
-0.0463464 -0.072034 0.181576 0.00756564 0.00034953 0.0004365
-0.0543706 0.0363869 0.173756 0.00778996 0.00069871 3.368e-05
-0.0544071 0.0809946 -0.0136715 0.00863065 -0.00104767 0.00036695
-0.0509676 0.162057 0.0112209 0.00759391 -0.00094868 0.00010183
-0.0564242 0.171969 0.0199438 0.00794817 -0.00075329 -1.276e-05
-0.0535319 0.181666 0.0554231 0.00906049 0.00075163 -0.00025882
-0.0579944 0.0773398 0.0536595 0.00892548 -0.00012063 -9.141e-05
-0.0594486 0.0418837 0.0739615 0.00916404 0.00034266 -0.00020499
-0.0651775 0.0620414 0.11497 0.00855126 0.00109785 -0.00042001
-0.0733933 -0.00753202 0.170841 0.00957645 0.0016982 -0.00061107
-0.0729385 0.00616378 0.204142 0.00685902 0.00031313 -0.0001674
-0.0782697 0.0252194 0.216282 0.00677781 0.00065171 -0.00031018
-0.0878169 0.0792901 0.230427 0.00657979 0.0004578 -0.00041441
-0.0842345 0.136247 0.183506 0.00676042 0.00099341 -0.00059013
-0.0654102 0.102663 0.14032 0.006353 -0.00037093 -0.00016453
-0.0883972 0.11652 0.167344 0.00632668 0.00013945 -0.00041441
-0.0816784 0.120318 0.169002 0.00603898 0.00019018 -0.00041441
-0.0839166 0.141945 0.176289 0.00637956 0.00101085 -0.00065977
-0.0860188 0.0382853 0.186025 0.00637975 0.00024616 -0.00041441
-0.0828774 0.0630627 0.193203 0.00702928 0.0004578 -0.00041441
-0.0854857 0.0528464 0.172329 0.00685945 0.00039389 -0.00041441
-0.0863289 0.0792103 0.168881 0.006215 0.00076806 -0.00049056
-0.0902891 0.0145738 0.228582 0.0065154 0.00087867 -0.00041441
-0.10038 0.0483016 0.220771 0.00714358 0.00060886 -0.00041441
-0.0933084 0.108724 0.170172 0.00671151 0.00125846 -0.00073199
-0.100944 0.0721898 0.169711 0.00730287 0.00079679 -0.0006062
-0.107191 0.0853904 0.174814 0.00830217 0.00064614 -0.00055625
-0.0997319 0.118708 0.168984 0.00731491 0.00121466 -0.000717
-0.10822 0.0994526 0.140583 0.00844266 0.00180839 -0.0009367
-0.112642 0.0556513 0.13846 0.00797433 0.00112976 -0.00075803
-0.123896 0.0579252 0.129181 0.00743957 0.00052088 -0.0006079
-0.119713 0.125987 0.133276 0.00753829 0.00159153 -0.0010241
-0.108008 0.0212487 0.115803 0.00855717 0.00120998 -0.00078254
-0.106198 0.0140528 0.135836 0.00715264 0.0007103 -0.00058279
-0.103779 0.0915285 0.127817 0.00654315 0.00136417 -0.00083112
-0.113381 0.0539545 0.16058 0.00711382 0.00143249 -0.0008648
-0.120133 0.0659947 0.170927 0.00710499 0.0012875 -0.0007226
-0.118106 0.0777724 0.0992333 0.0072381 0.00072464 -0.00081112
-0.0927565 0.208343 0.151694 0.00687204 0.00217784 -0.00128323
-0.0424739 0.309342 0.309465 0.00635884 0.00183935 -0.00094264
-0.045403 -0.0623177 0.219306 0.00634399 0.00193758 -0.0010241
-0.0453958 -0.156469 0.144881 0.00416432 0.00112816 -0.000195
-0.0258116 -0.0572561 0.132257 0.0031437 0.0002793 2.596e-05
-0.0178274 0.0256145 0.141674 0.00234905 -0.00033444 0.00057879
-0.025602 0.0875439 0.0878231 0.00430642 -0.00043025 0.0002817
-0.0284579 0.164757 0.0562397 0.00482049 -0.0004893 0.00048402
-0.0210709 0.201171 0.0681503 0.00427674 9.681e-05 4.098e-05
-0.0420653 0.0815203 0.061921 0.00429351 0.00012519 -0.00010119
-0.0469072 0.081772 0.0909468 0.00400526 0.00011367 -0.00018484
-0.0507393 0.0903703 0.0689685 0.00316039 -2.267e-05 -0.0003512
-0.0517315 -0.0118372 0.101235 0.00313337 -0.00045377 8.437e-05
-0.0606597 -0.0117982 0.113991 0.00306405 -0.00017935 -0.00010119
-0.0440518 0.0502411 0.111126 0.00289625 0.00043788 -0.00010119
-0.0493893 -0.0209761 0.111815 0.00247309 -0.000514 0.00020045
-0.0613813 0.0271519 0.140709 0.00210631 -0.00028466 0.00013109
-0.0611349 0.0719168 0.137077 0.00277722 0.0001005 -0.00010119
-0.0592221 0.160383 0.16786 0.00392713 0.00114331 -0.00024463
-0.0770195 0.0780152 0.157744 0.00550407 0.00077781 -0.00010119
-0.074232 0.102293 0.170631 0.00464567 0.00014107 -0.00024101
-0.0928896 0.103162 0.167331 0.00347463 0.00011141 -0.00010119
-0.0982574 0.1217 0.202102 0.00327088 0.00018364 -0.00028522
-0.0991692 0.0874642 0.152416 0.00586068 0.00103614 -0.00052096
-0.0989869 0.0127343 0.163716 0.00462974 0.00088934 -0.00052096
-0.101771 0.0443134 0.143555 0.00515733 0.00030371 -0.00052096
-0.0972628 0.0391198 0.119541 0.00450047 0.00050398 -0.0003929
-0.0957871 0.0981647 0.116984 0.00626297 0.0018353 -0.00130658
-0.102103 0.0651478 0.152712 0.00717511 0.00170352 -0.00104214
-0.111464 0.0799329 0.159402 0.00752297 0.00150885 -0.00092129
-0.126552 0.0503836 0.128271 0.00518353 0.00067418 -0.00092129
-0.111287 0.117676 0.108285 0.00473346 0.00085194 -0.00092129
-0.111547 0.111167 0.103897 0.00541362 0.00093756 -0.00092129
-0.112311 0.0377604 0.131667 0.00479443 0.00071927 -0.00062921
-0.114545 0.0625413 0.117456 0.00455867 0.00087976 -0.00068329
-0.10983 0.127373 0.106368 0.00494515 0.00160371 -0.00092129
-0.115788 0.0288794 0.133444 0.00555907 0.00132071 -0.00092129
-0.117045 0.0326823 0.138358 0.00525796 0.00132025 -0.00075071
-0.113874 0.111174 0.115175 0.00501429 0.00166224 -0.00101774
-0.109028 0.0420132 0.149215 0.0056959 0.00145951 -0.00092129
-0.11854 0.0573314 0.173568 0.00538853 0.00151271 -0.00092129
-0.114497 0.103149 0.158103 0.00502536 0.00199989 -0.00103926
-0.121139 0.166258 0.173874 0.00620065 0.00234966 -0.00124516
-0.129278 0.064901 0.195389 0.00639982 0.00186444 -0.00092129
-0.12875 0.0901993 0.175171 0.00593741 0.00186445 -0.00110092
-0.119857 0.168885 0.174346 0.00523827 0.00220684 -0.0013117
-0.131457 0.0557963 0.188028 0.00640702 0.0025096 -0.00133114
-0.129343 0.0696346 0.191209 0.00589503 0.00186445 -0.00114311
-0.118445 0.130578 0.163802 0.00530218 0.00254724 -0.00143244
-0.12502 0.0699035 0.225021 0.00604865 0.0028569 -0.00139066
-0.137321 0.092733 0.200621 0.00704955 0.00222881 -0.00135408
-0.139333 0.132065 0.192055 0.00558836 0.00242773 -0.00131793
-0.13464 0.131898 0.165724 0.00553674 0.00238991 -0.00142619
-0.144627 0.0639492 0.189822 0.0072863 0.00244092 -0.00139229
-0.142947 0.097996 0.196665 0.00621809 0.00229956 -0.00133924
-0.144489 0.14383 0.190634 0.00582809 0.00277647 -0.00162992
-0.149689 0.0912809 0.198301 0.00645764 0.00257677 -0.00154187
-0.156273 0.105697 0.195116 0.00688455 0.00259045 -0.00149073
-0.151907 0.139616 0.183829 0.00633294 0.00252695 -0.00183794
-0.15799 0.086792 0.199281 0.00627876 0.00267719 -0.00149365
-0.1667 0.0885569 0.172309 0.00594447 0.00210271 -0.00136048
-0.163897 0.143218 0.160556 0.00590073 0.00230283 -0.00149365
-0.161406 0.0671411 0.191572 0.00636452 0.00216195 -0.00157593
-0.17774 0.0785414 0.160481 0.00684363 0.00186445 -0.00149365
-0.1753 0.137701 0.131649 0.00633551 0.0022337 -0.00158282
-0.181271 0.0772145 0.130518 0.00683701 0.00186445 -0.00149365
-0.165086 0.0789847 0.110426 0.0066462 0.00180513 -0.00149365
-0.137692 0.0972498 -0.0509869 0.0141947 0.0005373 -0.00162099
-0.130364 0.0903481 -0.155108 0.0167942 0.00118553 -0.00203586
-0.139055 0.0162423 -0.114443 0.0137723 0.00126701 -0.00155894
-0.134499 0.0579063 -0.125253 0.0130691 0.00153121 -0.00188855
-0.11167 0.16555 -0.112487 0.0121172 0.0015904 -0.00152486
-0.11805 0.0137906 -0.0895419 0.0134267 0.00141191 -0.00149756
-0.131684 0.00626419 -0.0186519 0.0113043 0.00162921 -0.0014477
-0.140513 0.0894993 -0.0354398 0.0110111 0.00181551 -0.00170952
-0.144066 0.115269 -0.0330908 0.0120252 0.00222541 -0.00168264
-0.154932 0.0441731 0.0135565 0.0135754 0.00236289 -0.00195624
-0.151979 0.12124 0.0139613 0.0122896 0.00248944 -0.00195624
-0.151808 0.13062 -0.00017188 0.0119013 0.00253999 -0.00195624
-0.161233 0.0634933 -0.00081511 0.0111151 0.00184024 -0.00161316
-0.148484 0.0928767 -0.00759 0.0108899 0.00204969 -0.00185874
-0.148276 0.143213 -0.0337099 0.00981831 0.00204969 -0.0017334
-0.148282 0.0890813 -0.0366934 0.0105908 0.00204969 -0.00174102
-0.15592 0.0656266 -0.0122588 0.0113177 0.00204969 -0.00188337
-0.165924 0.0842391 -0.0225678 0.012133 0.00245195 -0.00198033
-0.143003 0.160206 -0.00944083 0.0111568 0.00204969 -0.00174599
-0.101316 0.307978 0.196509 0.0104236 0.00147891 -0.00137382
-0.0978233 0.155375 0.21524 0.010422 0.00139633 -0.00114783
-0.0956941 -0.220956 0.0374752 0.0105549 0.00204969 -0.00104677
-0.0864875 -0.144475 0.016725 0.00812515 -0.00066968 -6.868e-05
-0.0743936 0.00615686 -0.059039 0.0103087 -0.00116068 8.276e-05
-0.077078 0.0747164 -0.0859481 0.012171 -0.00047261 -0.00042896
-0.0889607 0.16906 -0.0335473 0.0111474 0.00025012 -0.00082375
-0.109931 0.168785 -0.0136159 0.0103664 0.00075209 -0.00162292
-0.100782 0.213934 -0.0156727 0.00866088 0.00125884 -0.00142416
-0.10787 0.178022 -0.00444556 0.00738307 0.00120398 -0.00169801
-0.110041 0.121074 -0.00016421 0.00767461 0.00120398 -0.00122925
-0.0963759 0.119613 -0.0341655 0.00762903 0.00120398 -0.00085433
-0.117741 -0.0589427 0.00694468 0.00804937 0.00136287 -0.00111138
-0.130206 -0.0424547 0.0226682 0.00849774 0.00156914 -0.00119372
-0.124267 -0.0196615 0.0474358 0.00742759 0.00178704 -0.00136346
-0.132682 0.046064 0.0464582 0.00765647 0.00176037 -0.00136346
-0.129487 0.11531 0.0585191 0.00720205 0.00198586 -0.00136346
-0.136078 0.165852 0.0149898 0.00848875 0.00181816 -0.00166337
-0.13123 0.179619 0.0367418 0.00757349 0.00201326 -0.00169468
-0.136331 0.192248 0.0159225 0.0081598 0.00266184 -0.00182668
-0.140391 0.118454 0.0184642 0.00825225 0.0021728 -0.00168088
-0.152056 0.0731144 -0.0136737 0.00920811 0.0024621 -0.00194774
-0.135096 0.0594824 -0.0154562 0.008613 0.00262209 -0.00187166
-0.136728 0.0504292 -0.0694938 0.0105956 0.00394423 -0.00202757
-0.141603 0.0305826 -0.0753564 0.0116788 0.00337918 -0.00193497
-0.150632 -0.010559 -0.0281978 0.0100323 0.00320702 -0.00194722
-0.148768 0.0354204 -0.047147 0.0101586 0.00343375 -0.00211013
-0.137408 0.200437 0.0192355 0.0096209 0.00326199 -0.00195594
-0.139561 0.0447601 0.0400119 0.0110586 0.00354856 -0.00219845
-0.130678 0.07351 0.0591186 0.00815794 0.00214022 -0.00160444
-0.135562 0.172472 0.0367224 0.0090491 0.00294362 -0.00194501
-0.130195 0.135679 0.0205031 0.00854844 0.00237175 -0.0018068
-0.136157 0.076033 0.0474331 0.00859485 0.0024834 -0.0018068
-0.146573 0.153248 0.0484587 0.00815118 0.0030026 -0.00204772
-0.143281 0.107621 0.0822654 0.00813638 0.00305928 -0.00215494
-0.144726 0.0365313 0.0683027 0.0070004 0.00221276 -0.00153685
-0.146943 0.0828714 0.0758103 0.00662596 0.0020561 -0.00169079
-0.155135 0.157865 0.0750169 0.00682948 0.00274672 -0.00198251
-0.165138 0.0509634 0.0929779 0.00778296 0.00287383 -0.00207124
-0.152267 0.0863036 0.0673065 0.00681077 0.00227594 -0.00205559
-0.158283 0.123609 0.0807737 0.0064594 0.00252587 -0.00199786
-0.163538 0.103929 0.081611 0.00677037 0.00253687 -0.00198488
-0.163916 0.106907 0.0629837 0.00725265 0.00257152 -0.00207768
-0.155506 0.121328 0.0174889 0.00798201 0.0025195 -0.00213717
-0.159811 0.121351 0.0148291 0.00778144 0.0030826 -0.00227907
-0.155048 0.1193 -0.0160405 0.00989078 0.00334283 -0.00214693
-0.155767 0.0439747 0.0091955 0.00866035 0.0030424 -0.00217458
-0.145175 0.0464662 -0.0164428 0.00868136 0.00288859 -0.00226999
-0.144601 0.114454 0.0223666 0.00838748 0.00357654 -0.0022807
-0.156327 0.0381811 0.00775119 0.00866004 0.00267563 -0.0019818
-0.153145 0.0496158 -0.0470825 0.0097637 0.00272816 -0.0021472
-0.140015 0.0926564 -0.0202034 0.00898837 0.00337329 -0.00242083
-0.13858 0.115662 0.00678452 0.00907826 0.00317827 -0.00215869
-0.145913 0.0672355 -0.0456622 0.0102885 0.00267563 -0.00186005
-0.154395 0.0880588 -0.043011 0.00917327 0.00272801 -0.00227181
-0.12839 0.145971 0.00101873 0.00896538 0.00308587 -0.00192193
-0.12962 0.020676 -0.0425367 0.0100181 0.00289593 -0.00201693
-0.123051 0.0519226 -0.00783317 0.00807699 0.00179922 -0.00186005
-0.118086 0.1256 0.00444487 0.0080984 0.00240903 -0.00172864
-0.134568 0.0390074 -0.00799624 0.00933955 0.00270496 -0.00186005
-0.140033 0.059267 0.0152094 0.00806821 0.00241709 -0.00198253
-0.14657 0.12798 -0.0185566 0.00796069 0.00281031 -0.00224644
-0.152504 0.0532997 0.00642187 0.00820719 0.00266452 -0.00228125
-0.153144 0.0611382 -0.0230572 0.00928375 0.00280631 -0.00220676
-0.145876 0.107372 -0.0208405 0.00824658 0.00277685 -0.00224071
-0.130739 0.145341 -0.0168257 0.00883127 0.00304204 -0.00186005
-0.140507 0.0189573 -0.00375095 0.00972768 0.00290615 -0.00186005
-0.140706 0.0613459 0.00542119 0.0080816 0.00234931 -0.00198988
-0.130203 0.150246 0.0415026 0.00794658 0.00300198 -0.00210897
-0.143231 0.0423757 0.0552175 0.00830286 0.0028344 -0.00198793
-0.157464 0.072359 0.0390901 0.0102686 0.00298629 -0.00229034
-0.145824 0.140518 0.0531846 0.00832225 0.00308302 -0.00206766
-0.134698 0.129144 0.0533218 0.00860315 0.00326564 -0.00221999
-0.132504 0.0587587 0.0544436 0.00812325 0.00249513 -0.00186005
-0.133962 0.136142 0.0576057 0.00809081 0.0025857 -0.00177448
-0.114941 0.140124 0.0575018 0.0084059 0.00298795 -0.00186005
-0.130923 0.044634 0.0728668 0.00879118 0.00338384 -0.0020173
-0.137263 0.106605 0.055411 0.00766655 0.00301838 -0.00205
-0.133988 0.107943 0.0407898 0.00834973 0.00307303 -0.00225376
-0.135309 0.057414 0.0655273 0.00744138 0.00237567 -0.00186005
-0.126161 0.150186 0.0659724 0.00762524 0.00283205 -0.00221145
-0.124913 0.116324 0.0563409 0.00817735 0.00309201 -0.0022406
-0.135733 0.106634 0.100195 0.00945243 0.00347218 -0.00224591
-0.13224 0.134768 0.0783484 0.00842765 0.00340374 -0.00232545
-0.131508 0.137797 0.0460619 0.00888791 0.00340374 -0.00230213
-0.132658 0.0729982 0.0920995 0.0084158 0.00340374 -0.00211389
-0.134278 0.0979067 0.0801175 0.0090794 0.00356164 -0.00229313
-0.139954 0.144595 0.0677862 0.00817515 0.00340374 -0.00235799
-0.137021 0.0920232 0.0416683 0.00858753 0.00306707 -0.00226013
-0.148786 0.0898711 0.0342154 0.00805674 0.00270517 -0.0020339
-0.152932 0.10065 0.0367514 0.00864815 0.0028501 -0.00226013
-0.152418 0.13039 0.0255324 0.00768803 0.00312871 -0.00226013
-0.154704 0.0854596 0.0397415 0.00887553 0.00281198 -0.00226013
-0.156372 0.0932831 0.0433236 0.00788791 0.00285177 -0.00226013
-0.166686 0.0891223 -0.0247646 0.00953573 0.00278015 -0.00254515
-0.157684 0.111393 0.0192361 0.00849367 0.0029574 -0.00257049
-0.162072 0.103277 0.023029 0.00806528 0.00316419 -0.00240313
-0.158545 0.0543094 0.0283533 0.00831134 0.00306169 -0.00232885
-0.150576 0.0714817 0.0016724 0.00891074 0.00285315 -0.00226013
-0.15224 0.133003 -0.017672 0.0093872 0.00356033 -0.00263354
-0.161962 0.0480625 0.0360194 0.00906269 0.00335681 -0.00268866
-0.15157 0.0628274 -0.0174408 0.00986465 0.00323988 -0.00226013
-0.133441 0.171751 -0.00135737 0.00771494 0.00315258 -0.00219151
-0.0968736 0.316301 0.266124 0.00839376 0.00240647 -0.00200048
-0.0813727 0.0851864 0.378319 0.00793065 0.00230561 -0.00161659
-0.088106 -0.153304 0.220932 0.00723579 0.00359398 -0.00171082
-0.054858 -0.0571848 0.183254 0.00416913 0.00087491 -0.0006243
-0.033285 0.0102239 0.0688438 0.00547777 0.00071815 -0.00097543
-0.0323546 0.105215 0.0924638 0.00463627 0.00018235 -0.00079575
-0.0326211 0.220904 0.0878804 0.0033303 0.00074694 -0.00079575
-0.0314662 0.176801 0.0991732 0.00290015 8.624e-05 -0.00079575
-0.0349196 0.166796 0.141048 0.00247313 -0.00019182 -0.00069841
-0.0333078 0.165039 0.136132 0.00241999 8.984e-05 -0.00079575
-0.0345412 0.202952 0.149902 0.00237826 0.00085737 -0.00112033
-0.0416039 0.0348358 0.172016 0.00290485 0.00078384 -0.00096211
-0.052257 0.0198821 0.18357 0.0026516 0.00060092 -0.00108257
-0.063696 0.0417585 0.181786 0.0024561 0.0009377 -0.0012619
-0.0628754 0.0903813 0.159443 0.00316485 0.00140579 -0.00122466
-0.0749645 0.0198205 0.1898 0.00307118 0.00149764 -0.00115546
-0.0856394 0.0908908 0.183081 0.00267793 0.00187419 -0.00167449
-0.104799 0.177319 0.190678 0.00249359 0.00240498 -0.00172853
-0.101647 0.147622 0.173929 0.00281588 0.0025457 -0.00172853
-0.113827 0.101884 0.18516 0.00274116 0.00236963 -0.00172853
-0.115943 0.163334 0.188784 0.00249868 0.00280765 -0.00182412
-0.119127 0.149076 0.169928 0.00334973 0.00296331 -0.00216097
-0.127862 0.0645097 0.183941 0.00313493 0.00319032 -0.00216097
-0.119162 0.0719306 0.179502 0.00371965 0.00350153 -0.00216097
-0.0902397 0.101639 0.151889 0.00317907 0.00296331 -0.00180192
-0.102595 0.0299949 0.169891 0.00269054 0.00251535 -0.00156237
-0.115569 0.050086 0.185246 0.0029379 0.00303408 -0.00197209
-0.12756 0.0682605 0.178516 0.00343264 0.00310453 -0.00205807
-0.129476 0.149 0.186333 0.0024944 0.00333326 -0.00229558
-0.131158 0.109026 0.162607 0.00358222 0.00357653 -0.00250444
-0.142358 0.0623356 0.122233 0.00346383 0.00332552 -0.00236656
-0.141458 0.128749 0.0703452 0.00318207 0.00323822 -0.00224236
-0.140293 0.125992 0.100959 0.00336138 0.00323822 -0.00215278
-0.148116 0.0419423 0.162216 0.00363222 0.0036057 -0.00242791
-0.137963 0.0823987 0.153136 0.00290608 0.00336114 -0.00228616
-0.145916 0.0513147 0.135548 0.0030222 0.00323822 -0.00198234
-0.155255 0.0468389 0.152687 0.00297437 0.00330608 -0.00215185
-0.157211 0.0636704 0.152008 0.00317842 0.00341843 -0.00242365
-0.161925 0.140222 0.118658 0.00272586 0.00351066 -0.00232999
-0.168731 0.0585775 0.144971 0.00372443 0.00323822 -0.00218469
-0.171133 0.072034 0.151354 0.00347957 0.0033659 -0.00226416
-0.176602 0.124064 0.117489 0.00447778 0.00344149 -0.0024654
-0.154094 0.0684743 0.114219 0.00567467 0.00370732 -0.00257767
-0.169573 0.0879748 0.0783825 0.00575552 0.00394088 -0.00242671
-0.169982 0.0733379 0.0858298 0.00563727 0.00418826 -0.00296311
-0.152516 0.140575 0.0746839 0.0057241 0.00430801 -0.0025155
-0.149258 0.0298379 0.111636 0.00492226 0.00363414 -0.0024307
-0.163442 0.0632689 0.121134 0.00439144 0.003885 -0.0024307
-0.164567 0.115262 0.111255 0.00472752 0.00472325 -0.00291375
-0.163422 0.0562258 0.113486 0.00461688 0.00416891 -0.00283982
-0.169759 0.0809054 0.136736 0.00421851 0.00414048 -0.00281675
-0.167553 0.137182 0.143099 0.00401018 0.0047204 -0.00283726
-0.15499 0.115473 0.1527 0.00504276 0.00551836 -0.00313353
-0.170655 0.0741934 0.131672 0.00535596 0.00438514 -0.00300536
-0.170841 0.0983327 0.138689 0.00456343 0.00454935 -0.00284607
-0.154037 0.146505 0.123199 0.00564029 0.00519007 -0.00297839
-0.153435 0.0535778 0.130643 0.0057876 0.00518947 -0.0029121
-0.152511 0.071035 0.126168 0.00491532 0.00471684 -0.00284607
-0.128662 0.149608 0.150279 0.00505114 0.00498634 -0.00284607
-0.138798 0.0332016 0.13923 0.00560267 0.00479232 -0.00284607
-0.156007 0.0795565 0.136891 0.00506429 0.00479232 -0.00289682
-0.151056 0.144638 0.156665 0.00500179 0.00534824 -0.00320508
-0.160425 0.0768233 0.139242 0.0051136 0.00479232 -0.00292748
-0.161984 0.10099 0.113679 0.00629255 0.00479232 -0.00318264
-0.157486 0.119368 0.140958 0.00512534 0.00490039 -0.00290578
-0.149647 0.110423 0.131928 0.00550846 0.00479232 -0.00284608
-0.156589 0.0722287 0.146422 0.00533376 0.00479232 -0.00295414
-0.148415 0.12764 0.172198 0.00474969 0.00496389 -0.00284608
-0.157941 0.0770865 0.1742 0.00541787 0.00536442 -0.00311319
-0.164996 0.0708628 0.170705 0.00609351 0.00522596 -0.00311801
-0.165795 0.1272 0.182553 0.00515734 0.00564103 -0.00328223
-0.174283 0.120473 0.174506 0.00557775 0.00542386 -0.00319959
-0.173773 0.0671586 0.183081 0.00547507 0.00468837 -0.00284608
-0.174553 0.123472 0.17261 0.00496091 0.0049958 -0.00296547
-0.176324 0.110902 0.194435 0.0054978 0.00517596 -0.00292536
-0.185949 0.0890704 0.18677 0.00608975 0.00517596 -0.00325414
-0.184756 0.124614 0.194909 0.00546302 0.00508107 -0.00317681
-0.176039 0.157828 0.19781 0.00547724 0.00517596 -0.00306143
-0.178328 0.0967741 0.23351 0.00581157 0.00492734 -0.00284608
-0.186439 0.105284 0.199041 0.00633815 0.00482829 -0.00295062
-0.186083 0.135892 0.194774 0.00622878 0.00492148 -0.00316696
-0.178364 0.124374 0.182148 0.00523573 0.00473897 -0.00284608
-0.180207 0.0670613 0.178699 0.00542475 0.00456868 -0.00284608
-0.164767 0.0960568 0.178532 0.00565537 0.00502841 -0.00284608
-0.148167 0.146184 0.150015 0.00552343 0.0053383 -0.00295912
-0.154415 0.0575173 0.151416 0.00639236 0.00489958 -0.00284608
-0.160126 0.0969355 0.163803 0.00601547 0.0047371 -0.00284608
-0.154223 0.148899 0.165385 0.00542633 0.00555411 -0.00312948
-0.160796 0.0837746 0.172288 0.00598704 0.00505377 -0.00317245
-0.157372 0.103629 0.172008 0.00673952 0.0055333 -0.00313603
-0.136957 0.191435 0.201134 0.00600149 0.00594669 -0.00325362
-0.136951 0.0711716 0.153559 0.00610208 0.00482099 -0.00278395
-0.146211 0.0934835 0.148498 0.00586299 0.00474268 -0.00284608
-0.136949 0.173694 0.181265 0.00621491 0.00582949 -0.00318935
-0.134721 0.0631772 0.168389 0.00614385 0.00495887 -0.00284608
-0.136452 0.120958 0.18194 0.00572527 0.0054623 -0.00322182
-0.136206 0.132062 0.183388 0.00603367 0.00593043 -0.00327394
-0.143898 0.0713288 0.197854 0.00574952 0.00515115 -0.00284608
-0.140098 0.159763 0.192624 0.00536021 0.00509256 -0.00293754
-0.130549 0.154581 0.17549 0.0051382 0.00512685 -0.00284608
-0.142302 0.083167 0.205844 0.0050449 0.00489971 -0.00284608
-0.142126 0.157396 0.21463 0.00501986 0.00545948 -0.00284608
-0.148951 0.169549 0.213769 0.00523823 0.00567991 -0.00300676
-0.157759 0.103941 0.240054 0.00575345 0.00558032 -0.00296364
-0.157212 0.115652 0.235264 0.00577621 0.00558032 -0.00315727
-0.155867 0.166255 0.223107 0.00528899 0.00604672 -0.00329042
-0.166806 0.0858699 0.222935 0.00541952 0.00558032 -0.00297842
-0.165846 0.115549 0.206907 0.00548966 0.00555173 -0.00297259
-0.168621 0.149575 0.207624 0.00545791 0.00557197 -0.00319773
-0.173427 0.105202 0.209516 0.00590749 0.0052411 -0.00338044
-0.164322 0.109221 0.209795 0.00562866 0.00549882 -0.00302514
-0.180013 0.100425 0.186307 0.00647434 0.00557197 -0.00321176
-0.166059 0.172518 0.20458 0.00562145 0.00594162 -0.00315911
-0.166791 0.0639054 0.186981 0.00699667 0.0056805 -0.00316289
-0.172807 0.0867718 0.177343 0.00606166 0.00503273 -0.00284608
-0.174705 0.100416 0.171615 0.00600369 0.00507573 -0.00329791
-0.162816 0.128171 0.191295 0.00574566 0.00566083 -0.00339579
-0.166523 0.0673531 0.225983 0.00621158 0.00600569 -0.00328129
-0.162414 0.129738 0.212005 0.00583595 0.00599229 -0.00329225
-0.162652 0.153183 0.179238 0.00620943 0.00544257 -0.00324517
-0.179513 0.0760627 0.198279 0.00599679 0.00532159 -0.00293375
-0.178137 0.117228 0.196265 0.00586892 0.00554504 -0.00327594
-0.162766 0.154435 0.196401 0.00553537 0.00554504 -0.00331573
-0.17196 0.059696 0.19811 0.00615854 0.005227 -0.00274604
-0.165485 0.113856 0.198516 0.00584093 0.00554504 -0.00321581
-0.143817 0.139922 0.201677 0.00586456 0.00571863 -0.00316589
-0.153451 0.0701343 0.213849 0.00634293 0.00559523 -0.00291692
-0.149627 0.164252 0.192265 0.00543541 0.00554503 -0.00319766
-0.127681 0.0847917 0.198448 0.00536863 0.00494576 -0.00284608
-0.102385 0.0913426 0.193862 0.00473518 0.0044165 -0.00264875
-0.109671 0.185449 0.169234 0.00602228 0.00580034 -0.00299378
-0.0930727 0.0779684 0.116057 0.00747079 0.00532336 -0.00292875
-0.0792753 0.140848 0.147333 0.00572467 0.00507336 -0.00284608
-0.0704947 0.330979 0.260754 0.00671096 0.00617424 -0.00284608
-0.0594999 0.102473 0.285275 0.00856274 0.00696937 -0.00284608
-0.00298312 -0.116474 0.184915 0.00469386 0.00508262 -0.00212848
0.0165568 -0.0312053 0.158926 0.00597647 0.00461939 -0.00170377
-5.82e-06 0.098213 0.185022 0.0054455 0.00446904 -0.0017334
0.00334811 0.145162 0.184756 0.00603865 0.00461939 -0.00189832
-0.00274075 0.245529 0.177515 0.00524569 0.00461939 -0.00194372
-0.00620641 0.180529 0.192473 0.00609548 0.00476598 -0.00183496
0.00225882 0.189875 0.207214 0.00533912 0.00441423 -0.00188542
0.00619714 0.202615 0.218893 0.00495683 0.0046194 -0.00191829
-0.00054834 0.179357 0.262745 0.00513486 0.00534075 -0.00209712
-0.00773403 0.0910261 0.276284 0.00528238 0.00496152 -0.00194007
0.00414581 0.103068 0.245958 0.00493018 0.00460418 -0.00186887
0.00705233 0.119868 0.246738 0.00459949 0.00544213 -0.00209712
-0.00128306 0.0649949 0.257324 0.00535018 0.00479545 -0.00191061
-0.00157034 0.0942876 0.238408 0.00550645 0.00462271 -0.00181729
0.00572389 0.141405 0.22881 0.00494103 0.0046461 -0.00186669
0.00576602 0.183127 0.242934 0.00516218 0.00521386 -0.00203005
0.00638245 0.154058 0.253644 0.00548036 0.00479182 -0.00181597
0.00084718 0.181522 0.239784 0.00623052 0.00510665 -0.0018777
0.00565184 0.167891 0.227428 0.00502058 0.00510786 -0.00198276
1.467e-05 0.165254 0.225403 0.0048815 0.0047988 -0.00209712
0.00810326 0.0853639 0.254544 0.00548688 0.00480336 -0.00187571
0.00767161 0.111422 0.226236 0.00510414 0.00454071 -0.0018163
8.497e-05 0.124073 0.241926 0.00477469 0.00442859 -0.00180749
-0.00502784 0.0727664 0.268492 0.00476433 0.00395105 -0.00186535
0.00144989 0.105815 0.250842 0.00571814 0.00412122 -0.00181347
0.00698213 0.15919 0.242754 0.00579041 0.00401502 -0.00179751
0.00272959 0.177477 0.244619 0.00541981 0.00433441 -0.0018962
0.00035821 0.0796673 0.2486 0.00536858 0.0037261 -0.00172991
0.00872534 0.128839 0.235523 0.00507067 0.00395105 -0.00183498
0.00770952 0.202761 0.232921 0.00416387 0.00479912 -0.00209501
0.00417191 0.0806188 0.237233 0.00484348 0.00396593 -0.00181525
0.00618674 0.117914 0.239605 0.00450503 0.00387877 -0.00184897
0.0110894 0.174151 0.237013 0.00564655 0.00483726 -0.00211246
0.0118119 0.0656485 0.247023 0.00511974 0.00378195 -0.00175112
0.00670832 0.12379 0.220763 0.00521414 0.00403195 -0.00198187
0.00668186 0.149522 0.21685 0.00494432 0.00434847 -0.00218914
0.0170921 0.0867306 0.245217 0.00505244 0.00400934 -0.00184395
0.0125605 0.180183 0.242941 0.00423502 0.00440751 -0.00217683
0.0125526 0.147538 0.255307 0.00490878 0.00500508 -0.00211246
0.0113725 0.0918223 0.268271 0.0056563 0.00430585 -0.00185932
0.0104555 0.159754 0.269627 0.00414242 0.00435744 -0.00200247
0.00896131 0.13349 0.265251 0.00475379 0.00462284 -0.00201666
0.00716933 0.106677 0.313032 0.0058985 0.00495131 -0.00188628
0.00530647 0.143962 0.277886 0.00595131 0.00461048 -0.00200902
0.00708346 0.181145 0.260503 0.00517861 0.00488582 -0.00211246
0.00380001 0.12863 0.300067 0.00572742 0.00488294 -0.00211246
0.00619548 0.142831 0.295294 0.00549882 0.00447144 -0.00188657
0.00323655 0.189301 0.257864 0.00420515 0.00446216 -0.00211246
0.00204181 0.114062 0.282112 0.0051945 0.00413575 -0.00175331
0.00467882 0.114712 0.272485 0.00496936 0.0034395 -0.00160033
0.0106597 0.127518 0.245451 0.00579976 0.00379831 -0.00170858
0.0141719 0.188699 0.2298 0.0054792 0.0043179 -0.00193816
0.0080889 0.0819372 0.221222 0.00707083 0.0039592 -0.00160247
0.00970664 0.0682083 0.0839643 0.0108624 0.00308498 -0.00115086
0.0159694 0.148783 0.128622 0.00908846 0.00290116 -0.0010888
0.0265223 0.173494 0.153526 0.00798789 0.00365528 -0.00156797
0.00074503 0.145313 0.224335 0.00277902 0.0030786 -0.00141875
-0.0445318 0.0970959 0.134115 0.00021098 0.00160783 -0.00133878
-0.0299349 0.0825003 0.249598 0.00047529 0.00262732 -0.00170319
-0.0169458 0.267412 0.451311 0.00126059 0.00396884 -0.00205567
-0.0142959 0.354055 0.829909 0.00629772 0.003716 -0.00088396
-0.0378475 -0.0565881 0.675659 0.00775013 0.0039806 -0.00037691
-0.0382701 -0.140728 0.444152 0.00710908 0.00382788 -0.00049639
-0.0406564 -0.0321705 0.201081 0.00130726 0.00163904 -0.00057339
-0.0363806 0.113781 0.222014 0.00040985 0.0009873 -0.00069417
-0.0337742 0.22171 0.190124 -0.00082643 0.00018032 -0.00056019
-0.0303146 0.29214 0.205068 -0.0012495 0.00015604 -0.00037934
-0.0318291 0.316076 0.186852 -0.00162009 0.00038227 -0.00060964
-0.0350958 0.153341 0.17572 -0.00089658 -0.00022264 -0.00013197
-0.0457655 0.101647 0.191758 -0.00082334 -0.00070034 -0.00053115
-0.0449282 0.053036 0.20944 -0.0010204 -0.00020755 -0.00020846
-0.0382587 0.0540456 0.238477 -0.00163659 7.461e-05 -0.00020846
-0.04476 -0.014502 0.236527 -0.00075689 -0.00031069 -0.00020846
-0.0428516 0.0238327 0.241313 -0.00076052 -0.0004885 -0.00020846
-0.0397288 0.0632285 0.230952 -0.00144167 -0.00044875 -0.00020846
-0.038865 0.0559065 0.223254 -0.00135239 -0.00071705 1.564e-05
-0.0412651 0.11383 0.229754 -0.00199273 -0.00071261 -0.00020846
-0.0347258 0.211512 0.239745 -0.00248668 -0.00031069 -0.00020846
-0.0352542 0.11019 0.216545 -0.00178011 -0.00056069 -0.00020846
-0.0346523 0.139022 0.224346 -0.0018915 -0.00056069 2.627e-05
-0.0339028 0.154972 0.209841 -0.00224389 -0.00020574 -9.451e-05
-0.0364633 0.051794 0.20781 -0.00133498 -0.00019633 -8.738e-05
-0.057435 0.0758486 0.264556 -0.00027143 0.00095325 -0.00073564
-0.0547177 0.165956 0.392509 -0.00288957 0.00148292 -0.00041237
-0.0360452 -0.0602768 0.104014 -0.00250119 0.00155149 -0.0008223
-0.036432 -0.00276839 0.0794158 -0.00082032 0.0013261 -0.00064937
