-0.0485937 0.113078 0.0465927 0.00051164 -0.0004165 -0.00078082
-0.0541629 0.0529034 0.0892403 0.00091915 -0.00043653 -0.00078603
-0.018362 0.00128717 -0.0111729 0.00288663 0.00020503 -0.00041104
-0.0386874 0.0226735 -0.274785 0.0108752 0.00098303 -0.00124092
-0.0569433 0.430279 -0.253952 0.0101445 -0.0003952 -0.00098794
-0.077882 0.16249 -0.296707 0.00960435 -0.00043898 -0.00137731
-0.0952769 0.0194381 -0.277449 0.00934512 -0.00112096 -0.00134944
-0.080745 0.0285622 -0.260772 0.00964375 -0.00085535 -0.00116104
-0.0851324 0.0840696 -0.275236 0.00926538 -0.00050626 -0.00145836
-0.0987997 0.0394437 -0.245543 0.00889208 -0.00082144 -0.00139511
-0.0975621 -0.00249878 -0.165954 0.00773268 -0.00035712 -0.00136229
-0.0997115 0.136675 -0.206302 0.00833658 -0.00093477 -0.00153746
-0.0964059 0.0663656 -0.176437 0.00788832 -0.00063885 -0.0014341
-0.0981825 0.208381 -0.198291 0.00852221 -0.00066945 -0.0017541
-0.109865 0.158692 -0.104645 0.00672822 -0.00040184 -0.00163953
-0.110024 0.17452 -0.104395 0.0071665 0.00012049 -0.00177935
-0.123884 0.200067 -0.135387 0.00768589 -0.0004283 -0.00193269
-0.120009 0.0738979 -0.105937 0.00725713 -0.00032833 -0.00173375
-0.115846 0.19714 -0.159259 0.00815655 -0.00058836 -0.00182442
-0.117801 0.0997762 -0.154436 0.00779052 -0.00041978 -0.00185974
-0.114916 0.0320257 -0.14006 0.00744023 -0.00084328 -0.00178711
-0.115495 0.153353 -0.137763 0.00740435 -0.00029434 -0.00211958
-0.118336 0.041955 -0.102441 0.00686062 -0.00018869 -0.00175987
-0.117394 0.163868 -0.114524 0.00708083 -0.00016372 -0.0018704
-0.119541 0.127987 -0.101853 0.00710131 -0.00014062 -0.00211484
-0.115252 0.126806 -0.124527 0.00794676 -0.00041998 -0.00207701
-0.12811 0.237246 -0.0687508 0.00647151 -0.00104415 -0.0020453
-0.125946 0.11855 -0.126445 0.00778093 -0.00091259 -0.00194334
-0.123755 0.197278 -0.131331 0.00818866 -0.00051139 -0.00239642
-0.123012 0.15509 -0.0918022 0.00677521 -0.00051139 -0.00224727
-0.104204 -0.0369521 0.0155665 0.00565876 -0.00025729 -0.0012663
-0.0571595 -0.0132702 -0.147292 0.0106494 0.0003278 -0.00018316
-0.0463343 0.22142 -0.199098 0.0122844 0.00137891 -6.728e-05
-0.0550015 0.382201 -0.279483 0.0145144 0.00139117 4.294e-05
-0.0257332 0.378537 -0.258589 0.0108772 0.00061894 0.00037364
-0.0301555 0.0458971 -0.277617 0.0107248 0.00072796 -0.00029155
-0.0790869 -0.0905729 -0.30004 0.0125853 -2.64e-06 -0.00071679
-0.153754 -0.0424633 -0.371376 0.0140403 -0.00028895 -0.00135122
-0.0890605 -0.0260131 -0.168766 0.00992118 -0.00097267 -0.00070203
-0.0941307 0.0707828 -0.135013 0.00897631 -0.00135538 -0.00082974
-0.0929428 -0.00065016 -0.0769257 0.00815506 -0.00080145 -0.00065361
-0.111265 0.232063 -0.158242 0.00971567 -0.00053519 -0.00119977
-0.108952 0.12126 -0.100292 0.00893301 -0.00049035 -0.00111946
-0.10866 0.304133 -0.126564 0.00974934 -0.00034659 -0.00128256
-0.107753 0.238778 -0.1113 0.00929012 -6.839e-05 -0.00118954
-0.110803 0.190842 -0.117953 0.0087059 -0.00031375 -0.00134495
-0.0957985 0.058313 -0.0526314 0.00767405 1.722e-05 -0.00132303
-0.103415 0.181634 -0.0717266 0.00812749 -0.00024828 -0.00148014
-0.118541 0.137572 -0.0941158 0.00836376 -0.00062118 -0.00165179
-0.110421 0.0308943 -0.0757303 0.00835564 0.00012482 -0.00145864
-0.122869 0.126135 -0.043658 0.00756378 -0.00018168 -0.00167687
-0.0935687 -0.051001 -0.036733 0.00817066 0.00012482 -0.00107231
-0.0815027 0.0268043 -0.245991 0.0137531 0.00078636 -0.00038552
-0.130982 0.509772 -0.274114 0.0151487 -0.00047899 -0.0003972
-0.104395 0.310549 -0.288385 0.0148653 -0.00078971 6.581e-05
-0.105887 0.272319 -0.206413 0.0123422 -0.00078926 -0.00042269
-0.0780826 0.161763 -0.127818 0.0105929 -0.00032802 -1.505e-05
-0.0688633 0.123105 -0.21015 0.011068 0.00012482 -0.0001323
-0.0877857 -0.0202367 -0.15312 0.0109754 -0.00021233 -0.00023227
-0.0954484 -0.0149783 -0.0951475 0.0107178 -0.00081913 -0.00050605
-0.105097 0.169351 -0.103488 0.0101655 -0.00031616 -0.0005624
-0.0938729 0.0237467 -0.0829546 0.0103804 -0.00020808 -0.00053186
-0.0993031 0.228792 -0.139094 0.010726 -0.00030749 -0.00067561
-0.0964173 0.126016 -0.0604024 0.00916037 -0.00032507 -0.00054155
-0.100702 0.23884 -0.119924 0.0104221 -0.00036653 -0.00072008
-0.0896025 0.225164 -0.11766 0.0110166 -0.00013556 -0.00060758
-0.0848902 0.146311 -0.103295 0.010605 -0.00041362 -0.0004843
-0.0662858 0.237967 -0.0702432 0.00868664 0.00013796 -0.00039208
-0.0859327 0.0640635 -0.0963571 0.00975695 -0.00037535 -0.00051576
-0.202008 0.012174 -0.513335 0.0211356 -0.00096651 -0.00199078
-0.227223 0.0331055 -0.48055 0.0188538 -0.0017823 -0.00295973
-0.196771 0.0495208 -0.337557 0.0175612 -0.00209755 -0.00248177
-0.177459 0.260684 -0.386855 0.0188258 -0.00153729 -0.00244394
-0.177174 0.170551 -0.29342 0.0164741 -0.00184352 -0.00243033
-0.176498 0.181939 -0.293178 0.0162727 -0.00162764 -0.00245772
-0.167262 0.12559 -0.197125 0.013497 -0.00165192 -0.00214099
-0.153424 0.131303 -0.2231 0.0144025 -0.0015067 -0.0018941
-0.161289 0.212348 -0.204523 0.0136387 -0.00145847 -0.00191673
-0.151073 0.0727563 -0.208418 0.0134505 -0.0013775 -0.00167593
-0.148295 0.209121 -0.267603 0.0145836 -0.00129418 -0.00182634
-0.145917 0.0572309 -0.180654 0.0130401 -0.0009552 -0.00170038
-0.158968 0.237149 -0.266959 0.0148581 -0.0014669 -0.00198012
-0.151372 0.0652368 -0.145714 0.011884 -0.00059036 -0.00179247
-0.140033 0.0203733 -0.136286 0.0131175 -0.00041081 -0.00125984
-0.124833 0.304168 -0.132146 0.0122856 -0.00064844 -0.0007403
-0.117335 0.384133 -0.071165 0.0117436 -0.00135252 -0.00059613
-0.125225 0.209905 -0.0547827 0.0111712 -0.00107165 -0.00089678
-0.136382 0.0967775 -0.0791464 0.0111658 -0.00063245 -0.00098244
-0.135036 0.142155 -0.0283052 0.00980919 -0.00065902 -0.00107682
-0.111578 0.0480309 -0.0741723 0.00983371 -0.00030921 -0.00082516
-0.118568 0.0307309 -0.125838 0.011075 -0.0004629 -0.00125984
-0.141625 -0.00751456 -0.1749 0.0130449 -0.00102338 -0.00174305
-0.234618 0.0302065 -0.195179 0.0143156 -0.00120878 -0.00276092
-0.185232 0.10874 -0.0355739 0.0120988 -0.00158149 -0.00164473
-0.172843 0.0982369 0.0760191 0.0107867 -0.00149208 -0.0012171
-0.162648 0.178553 0.0318303 0.0110765 -0.0015428 -0.00096968
-0.146463 0.0322417 0.0266631 0.0106019 -0.0011766 -0.00085129
-0.143201 0.197365 0.011049 0.0105765 -0.00135381 -0.00088877
-0.147744 0.0496338 0.0450294 0.0101898 -0.00108484 -0.00080366
-0.136559 0.157501 -0.0187188 0.0102178 -0.0011933 -0.00083554
-0.121062 0.0786559 0.0223401 0.00903077 -0.0006993 -0.00057162
-0.122364 0.117245 0.0219414 0.00910641 -0.00062924 -0.000745
-0.117259 0.0847866 0.1053 0.00816049 -0.00109666 -0.00079917
-0.117842 0.0961908 0.0721383 0.00832242 -0.00039201 -0.00071023
-0.115501 0.10412 0.0802449 0.00802838 -0.00069368 -0.00082677
-0.0932349 -0.047735 -0.0302469 0.0114328 -0.00078669 0.00018922
-0.075539 0.143519 -0.13512 0.0147189 -0.00041725 0.00025328
-0.110461 0.313028 -0.0233299 0.0136134 -0.00076757 9.19e-06
-0.110582 0.305662 0.0224636 0.0116985 -0.0012928 -8.621e-05
-0.0945275 0.131535 0.0470705 0.0103812 -0.0003499 0.00018922
-0.087605 0.141154 0.097161 0.0082745 -0.00018611 0.00018922
-0.0757282 0.017377 0.126436 0.00803024 -0.00021253 0.00018922
-0.0725237 0.0180691 0.0271888 0.00945012 -0.00051243 5.238e-05
-0.123481 0.0516014 -0.0176014 0.0092876 -0.00128507 -0.00074898
-0.139888 -0.0239645 0.0442071 0.00910768 -0.00086776 -0.00077355
-0.157572 0.251059 0.0384938 0.0093391 -0.00093403 -0.00139689
-0.164646 0.11799 0.0512136 0.00955757 -0.00056416 -0.00127185
-0.166894 0.263118 0.0264714 0.00963616 -0.00084089 -0.00129814
-0.159522 0.178042 0.0635452 0.0093849 -0.00061086 -0.00125665
-0.162882 0.197629 0.0786527 0.00871284 -0.00088148 -0.00118842
-0.173744 0.184595 0.115751 0.00832692 -0.00040162 -0.00167343
-0.15547 0.0739161 0.0928847 0.00825043 -4.674e-05 -0.00130285
-0.134101 0.193978 0.0642555 0.00765868 -0.00083302 -0.00075447
-0.142293 0.0161579 0.0708051 0.00722006 -0.00109357 -0.00073357
-0.14208 0.0454643 0.0627459 0.00843794 -0.00138165 -0.00081476
-0.140837 0.027609 0.0227326 0.009361 -0.00071005 -0.00072108
-0.137403 0.136284 0.0631308 0.00844558 -0.00106005 -0.00062984
-0.113579 0.0706518 0.0330832 0.00862505 -0.00118875 -0.00031818
-0.110838 0.310693 -0.0230548 0.00956211 -0.00151561 -0.00022096
-0.104628 0.171613 0.0302661 0.00806185 -0.00114644 0.00017727
-0.0760191 0.344731 0.0234604 0.00960167 -0.00085697 0.00042727
-0.0581122 0.200093 0.106447 0.00786101 -0.00049473 0.00050851
-0.0772395 0.184707 0.0198088 0.007725 -0.00019502 5.688e-05
-0.106097 0.0956603 0.0810715 0.00863334 -0.00089345 -7.593e-05
-0.0921327 0.190128 0.103044 0.00829397 -4.354e-05 -5.303e-05
-0.0939543 0.133888 0.107582 0.00825504 -0.00016589 -0.00022573
-0.106701 0.0934204 0.146534 0.0074864 -0.00036001 -0.00039143
-0.106484 0.222369 0.136847 0.00768187 -0.00056611 -0.00039941
-0.11072 0.105562 0.164401 0.0074447 -5.326e-05 -0.00045429
-0.108786 0.22451 0.162591 0.00781394 -4.754e-05 -0.00053757
-0.117279 0.16352 0.111286 0.00791926 -0.00023389 -0.0005692
-0.122591 0.132863 0.0754552 0.00887105 -0.00047066 -0.00086473
-0.130039 0.138586 0.102259 0.00874343 -0.00044517 -0.0007489
-0.109784 0.0886671 0.136882 0.00744758 -0.0003789 -0.00045883
-0.103973 0.203249 0.138557 0.00737606 2.395e-05 -0.00071714
-0.110427 0.077412 0.152202 0.0079018 2.395e-05 -0.00069643
-0.109457 0.269936 0.124237 0.00829596 -5.068e-05 -0.000598
-0.109652 0.0799918 0.208823 0.00797561 -0.00029803 -0.00045884
-0.115393 0.273426 0.195259 0.00719873 -0.00042219 -0.00070758
-0.112238 0.130374 0.187404 0.00772062 -2.757e-05 -0.0005935
-0.109977 0.185867 0.179906 0.00710444 -0.00027309 -0.00059016
-0.105939 0.121004 0.233738 0.00767892 0.00021044 -0.00039835
-0.0938019 0.130767 0.304069 0.0056863 -0.00109923 -0.00030185
-0.10521 0.191871 0.258822 0.00784513 0.00028689 -0.00045411
-0.104941 0.116216 0.251428 0.00712281 0.00026845 -0.00033692
-0.10623 0.105778 0.259669 0.00555283 -0.00012652 -0.00071006
-0.108605 0.0974861 0.22019 0.00790641 -0.00025645 -0.00055414
-0.112383 0.218197 0.219763 0.00773269 0.0001489 -0.00087377
-0.109078 0.102917 0.248921 0.00776314 0.00033639 -0.00070927
-0.10609 0.214312 0.255415 0.00809786 0.00013243 -0.00067526
-0.105572 0.171374 0.258511 0.00821942 0.00028187 -0.00052424
-0.105371 0.0966442 0.299463 0.00874872 0.00031209 -0.00018111
-0.0844598 -0.0785325 0.362457 0.0105585 0.00076333 0.00087295
-0.0771889 0.395972 -0.0873861 0.0139218 0.00043855 0.00109138
-0.113937 0.327662 -0.383987 0.0201007 -0.00038882 0.00065678
-0.110525 0.127177 -0.164603 0.0153903 -0.00133046 0.00034967
-0.0928818 0.114106 -0.0067702 0.0119911 -0.00154345 0.0006537
-0.100628 -0.00393058 0.0561396 0.00989747 -0.00085827 0.00035445
-0.11058 -0.0470248 0.0559913 0.0117712 -0.00067123 0.00034158
-0.109422 -0.0273548 0.0562552 0.0116327 -0.00082376 5.088e-05
-0.0988566 -0.0160568 0.104383 0.0103204 -0.00061409 0.00035278
-0.0971066 0.107282 0.135275 0.0094443 -0.00044102 0.00028849
-0.0992291 0.167773 0.182303 0.00854064 -0.00018375 -3.043e-05
-0.0922749 0.116734 0.223238 0.00916708 0.00017422 0.00048213
-0.0923217 0.351475 0.25409 0.00899264 0.00017422 0.00041835
-0.0719512 0.238833 0.474602 0.00722556 0.0008346 0.00059669
-0.0630573 0.331294 0.450265 0.00725304 0.00113492 0.0008669
-0.0611662 0.1747 0.45631 0.00599401 0.00116228 0.00056873
-0.071005 0.132771 0.428856 0.00495925 0.0003979 0.00024797
-0.0807729 0.16297 0.367091 0.00649758 0.00047725 0.00052309
-0.0718016 0.0736084 0.367876 0.0072471 0.00121598 0.00045881
-0.0822711 0.155808 0.390226 0.00448402 0.00061982 0.00041872
-0.074633 0.0888204 0.394699 0.0069125 0.00091451 0.00053655
-0.0789966 0.208213 0.361532 0.00610255 0.00115814 0.00040986
-0.0757384 0.178106 0.397846 0.00594127 0.00129693 0.00036717
-0.0760414 0.167698 0.380571 0.00553781 0.00089216 0.00011569
-0.0736201 0.280461 0.406469 0.00665715 0.00100484 0.00010716
-0.0778094 0.144759 0.47862 0.00645452 0.00145718 0.00019292
-0.0634722 0.183905 0.403431 0.00766079 0.00099909 0.00019043
-0.12131 0.232955 0.374666 0.00539316 0.00084598 3.292e-05
-0.147334 0.176792 0.335032 0.00659621 0.00032013 -0.00080852
-0.0973272 0.187343 0.381496 0.00468728 0.00047972 -0.00012867
-0.0914644 0.140109 0.336865 0.00658788 0.0001323 5.67e-06
-0.0822342 0.129106 0.433864 0.00362901 0.00058929 0.00011895
-0.0713005 0.1271 0.403262 0.00627468 0.00041659 0.00024691
-0.0814568 0.132572 0.380972 0.00533453 0.00076791 0.0001097
-0.0736044 0.128593 0.36959 0.00622698 0.0007341 0.00028114
-0.0680099 0.0279935 0.0448661 0.0138147 8.877e-05 0.00113668
-0.0783759 0.00158276 0.320957 0.0108556 -3.034e-05 0.00089653
-0.0793239 0.176986 0.32847 0.0107402 0.00112274 0.00058995
-0.0882209 0.232899 0.30375 0.010649 0.00088742 0.00037208
-0.0789755 0.14538 0.331541 0.0107839 0.00066978 0.00077874
-0.0903694 0.253919 0.336097 0.0107181 0.00095172 0.00050481
-0.0788452 0.0685696 0.379225 0.0105335 0.00101207 0.00075093
-0.0959998 0.201654 0.389693 0.00983008 0.00079466 0.00060274
-0.0884552 0.0999991 0.385383 0.0104485 0.00104838 0.00059728
-0.0878815 0.156864 0.344091 0.0109704 0.00095811 0.00055851
-0.103246 0.155056 0.355971 0.0106948 -8.777e-05 0.00014361
-0.0949787 0.073393 0.355201 0.0111104 0.00092475 0.00086729
-0.0877746 0.248582 0.361716 0.0111931 0.00094222 0.00074724
-0.087155 0.112625 0.379327 0.0102222 0.00108158 0.00058865
-0.0956668 0.179066 0.369541 0.0104331 0.00108158 0.0001426
-0.100228 0.171149 0.339428 0.0110229 0.00093171 0.00018504
-0.100346 0.0833348 0.411016 0.00983503 -9.997e-05 6.862e-05
-0.100833 0.195042 0.357353 0.0101614 0.00108696 7.387e-05
-0.104798 0.0751991 0.383034 0.0108181 0.00093727 0.00041746
-0.104216 0.180681 0.378394 0.00977695 0.00019825 0.0003084
-0.096504 0.106952 0.415044 0.00980585 0.00094374 0.00017415
-0.0965391 0.150455 0.353442 0.0104597 0.00095258 0.00043716
-0.0940275 0.154712 0.415794 0.00951126 0.00102092 0.0001348
-0.0914759 0.0841452 0.481 0.008451 0.00111695 0.00039444
-0.096624 0.21638 0.426126 0.00949823 0.00081581 5.445e-05
-0.0952197 0.0854599 0.42613 0.00987357 0.00096999 0.00037573
-0.0781226 0.210725 0.381044 0.00954737 0.00073864 0.0003877
-0.0856922 0.0527327 0.354494 0.00916499 0.00070131 0.00013937
-0.0954161 0.164968 0.286283 0.00989041 -7.319e-05 0.00039109
-0.0893297 0.0969656 0.331695 0.0106979 0.00069726 0.00058865
-0.0897968 0.260326 0.331102 0.0111276 0.00025921 3.698e-05
-0.097981 0.144001 0.375907 0.00996909 0.00090396 0.00029024
-0.0908538 0.159594 0.366415 0.010493 0.0010474 0.00037305
-0.0996984 0.157443 0.384834 0.00972634 0.00079702 0.00025363
-0.0946154 0.0817876 0.415442 0.00940569 0.00081085 8.317e-05
-0.0728712 0.164478 0.311919 0.0102666 0.00023634 0.00072773
-0.0894019 0.0811108 0.322578 0.0109741 -0.00010824 0.00072797
-0.0931231 0.118121 0.335681 0.010853 0.00046154 0.00049623
-0.0842474 0.180511 0.293732 0.0103627 0.00066848 0.00039095
-0.073014 0.0202933 0.388255 0.0104476 0.00066848 0.00034694
-0.0908709 0.210137 0.293108 0.0118179 0.00035704 8.67e-06
-0.1125 0.128207 0.425146 0.0117193 9.565e-05 -9.908e-05
-0.108259 0.283606 0.379362 0.0115291 0.00029143 -0.00011783
-0.103545 0.108761 0.455741 0.0104166 0.00085853 -0.00024504
-0.107162 0.20241 0.38452 0.0112056 0.00076064 -0.00012395
-0.098851 0.188265 0.398287 0.0110585 0.0003016 -2.26e-05
-0.103679 0.0398462 0.415797 0.0106879 0.00072723 5.634e-05
-0.0993281 0.217648 0.367834 0.0107792 0.00046615 1.945e-05
-0.0992846 0.0792289 0.365982 0.0113759 0.00046614 -0.00011859
-0.0959437 0.159934 0.356352 0.011192 0.00046614 6.358e-05
-0.0731486 0.185976 0.388601 0.0101604 0.00094309 0.00049896
-9.064e-05 0.258441 0.597171 0.0109109 0.00130346 0.00022334
0.0413506 0.477267 0.56527 0.0129588 0.0008575 0.00044527
0.00633234 0.329368 0.635442 0.0111537 0.00079545 0.00015763
0.0015026 0.369203 0.634688 0.00983458 0.00070457 6.632e-05
-0.00223785 0.351353 0.663257 0.00921145 0.00082138 0.00023551
-0.00704317 0.229724 0.694907 0.00815623 0.00135837 0.00024164
-0.016017 0.370472 0.580275 0.0103703 0.00056448 0.00038995
-0.0176236 0.198478 0.591586 0.0101577 0.00063942 0.00037532
-0.0147119 0.307916 0.522569 0.0103501 0.00120114 0.00030457
-0.0146738 0.233165 0.477463 0.00996592 0.00132355 0.00033074
0.00206749 0.191629 0.451978 0.0104958 0.00173966 9.75e-05
-0.0549074 0.219385 0.424476 0.0107093 0.00072136 -0.00027843
-0.0791745 0.165682 0.422905 0.0119056 0.00055991 -0.0006104
-0.0765378 0.211991 0.412066 0.0116451 0.00062187 -0.00040992
-0.0765177 0.168413 0.504217 0.0109792 0.00078178 -0.00035965
-0.0699278 0.138884 0.609468 0.00903478 0.00103766 -0.00012627
-0.0653321 0.225192 0.594969 0.00953427 0.00123755 -0.00011079
-0.071817 0.137304 0.605134 0.0103084 0.0011162 -6.537e-05
-0.0542919 0.290976 0.555795 0.0100669 0.00063646 7.014e-05
-0.0544375 0.0863695 0.635852 0.0087267 0.00118298 7.014e-05
-0.0549198 0.280494 0.553605 0.0101033 0.00118507 -0.0005105
-0.0501684 0.126359 0.575306 0.00998079 0.00091999 7.014e-05
-0.0595199 0.248295 0.652611 0.00793481 0.00056047 -0.00015427
-0.0644445 0.198129 0.548026 0.00975837 0.00061489 7.014e-05
-0.057788 0.159017 0.580743 0.00933744 0.00126979 -0.00015056
-0.0560944 0.253258 0.538863 0.00932001 0.00085172 -7.069e-05
-0.0676251 0.113172 0.554823 0.00926828 0.00093983 7.014e-05
-0.0569901 0.242579 0.632768 0.00749316 0.00028103 -7.118e-05
-0.0548741 0.214679 0.553552 0.00945346 0.00095166 -0.00049768
-0.0558183 0.180922 0.554077 0.00854707 0.00096914 7.014e-05
-0.052542 0.251829 0.542044 0.00911808 0.00125266 -9.467e-05
-0.0520241 0.155582 0.561747 0.00914485 0.00114121 -0.00038778
-0.0565902 0.268854 0.492658 0.00946383 0.00089535 -0.00025883
-0.0503295 0.132674 0.527914 0.0092879 0.00095142 7.084e-05
-0.0512676 0.289398 0.499557 0.00896543 0.0013116 -0.00012514
-0.0528415 0.206778 0.567218 0.00797973 0.00093327 -2.547e-05
-0.0524568 0.179506 0.56714 0.00830964 0.0007865 -0.00029746
-0.0492392 0.227071 0.510595 0.00879975 0.00055521 -0.00037485
-0.0331521 0.0575812 0.517079 0.00831095 -0.00016745 7.014e-05
-0.0666354 0.15127 0.367814 0.0106206 0.00044785 -0.00015348
-0.052327 0.204136 0.314009 0.0108875 0.0011732 7.014e-05
-0.0253073 0.157754 0.41597 0.00873747 0.0016403 7.014e-05
-0.0378333 0.189257 0.474124 0.00929467 0.00091331 7.014e-05
-0.0492266 0.270609 0.504508 0.00769588 0.00063325 0.00018393
-0.0331715 0.151472 0.521762 0.00921789 1.733e-05 0.00039116
-0.0332169 0.223913 0.48451 0.00873422 0.00057494 7.014e-05
-0.0377265 0.176719 0.550134 0.00854759 0.00118511 7.014e-05
-0.0376887 0.27363 0.493103 0.00903342 0.00080807 1.487e-05
-0.039848 0.198864 0.54107 0.00863651 0.00094228 7.014e-05
-0.0408436 0.258655 0.526381 0.00892423 0.00092574 -2.587e-05
-0.0454986 0.282612 0.514175 0.00798424 0.00126781 -0.00010007
-0.0178409 0.241266 0.564883 0.00846581 0.00122496 0.00046531
-0.00979875 0.273125 0.514364 0.00882 0.00128764 0.00014407
-0.0133 0.171544 0.609063 0.00825122 0.00166487 5.58e-05
-0.0194498 0.334383 0.53785 0.00826317 0.00116797 -0.00027054
-0.0129306 0.208265 0.655256 0.00779607 0.00153211 0.00055411
-0.00435541 0.344433 0.646184 0.00698773 0.00123814 0.00061856
-0.00264379 0.302452 0.640357 0.00749623 0.0016403 0.00061856
-0.00177835 0.260241 0.797389 0.00565514 0.00173731 0.00061856
-0.00668192 0.34519 0.666202 0.00767111 0.00214718 0.00061856
-0.0103311 0.264917 0.704367 0.00760734 0.00226595 0.00061856
-0.00787119 0.379446 0.700374 0.00622722 0.00240474 0.00061856
0.00758111 0.228942 0.746553 0.00467345 0.00220939 0.00044904
-0.00425586 0.230122 0.389056 0.00912667 0.00194644 0.00024521
-0.00493308 0.0872232 0.296965 0.0101953 0.00272585 0.0003201
-0.00590866 0.104757 0.637709 0.00880951 0.00325462 0.00047528
-0.0458614 0.35284 0.596748 0.00954822 0.00170206 0.00070094
-0.100306 0.371915 0.539885 0.00994643 0.00101102 0.00012923
-0.18027 0.239325 0.594 0.00785492 -5.214e-05 -0.00109295
-0.131024 0.30954 0.592684 0.00797383 0.00036341 -0.00070934
-0.0838931 0.158606 0.679001 0.00735264 0.00078223 -0.00038682
-0.078704 0.128471 0.678212 0.00862442 0.00167897 -9.084e-05
-0.0490012 -0.0377841 0.604563 0.0134434 0.00182079 0.0004126
-0.134061 0.620737 0.824324 0.00832046 0.00197926 -0.00034283
-0.177064 0.504635 0.74431 0.00651064 0.00098878 -0.00102943
-0.122971 0.358553 0.723717 0.00766363 0.00146917 -0.00100575
-0.128995 0.172688 0.868908 0.00859024 0.0026121 -0.00102789
-0.11351 0.165919 0.898849 0.00661844 0.00203845 -0.00093884
-0.107892 0.14137 0.919431 0.00715864 0.00203872 -0.00090447
-0.115086 0.118617 0.996231 0.00523896 0.00238404 -0.00113478
-0.123678 0.236342 0.938561 0.00601766 0.00166224 -0.00093326
-0.119457 0.171496 0.927697 0.00604209 0.00201568 -0.0008723
-0.12073 0.394724 0.909192 0.00664346 0.00162016 -0.00102376
-0.116565 0.35821 0.916847 0.00651189 0.00137481 -0.00070129
-0.10517 0.312886 0.947085 0.00551045 0.0016449 -0.00068002
-0.0839401 0.472328 0.852878 0.00492571 0.00150139 -0.00023617
-0.0982383 0.260689 0.833264 0.00526627 0.00171802 -0.00064749
-0.110568 0.352411 0.818442 0.0051513 0.00150358 -0.00101497
-0.105985 0.186131 0.910586 0.0042865 0.00138147 -0.00123501
-0.116828 0.27131 0.897395 0.00357775 0.00157531 -0.0013766
-0.105556 0.153498 0.949365 0.00264332 0.001616 -0.00112729
-0.0960415 0.183521 1.04182 0.00248766 0.00189931 -0.00070446
-0.0899777 0.352932 0.932897 0.00456901 0.00133023 -0.00078998
-0.0896958 0.222872 0.980275 0.00292327 0.00174449 -0.00086356
-0.069022 0.393648 0.884565 0.0032587 0.00179671 -0.00054761
-0.0698234 0.33538 0.795704 0.00315199 0.00189821 -0.00053904
-0.0717544 0.239 0.675615 0.00479415 0.00157632 -0.00053975
-0.0776604 0.200978 0.896003 0.00330381 0.0017476 -0.000775
-0.0902318 0.340907 0.858921 0.00310482 0.00127401 -0.00059157
-0.0925245 0.288883 0.847021 0.00342483 0.00107472 -0.00105644
-0.10664 0.230287 0.888746 0.00191605 0.00138758 -0.0010982
-0.0921953 0.103394 1.00443 0.00044057 0.00085499 -0.0009682
-0.0944129 0.298198 0.962791 0.00125394 0.00105092 -0.00090115
-0.09258 0.188417 0.98819 7.264e-05 0.00046674 -0.00102062
-0.0889668 0.196685 1.06368 -0.00027659 0.0006152 -0.00103735
-0.0846329 0.282587 1.03432 0.00088674 0.00140521 -0.00100964
-0.057371 0.279694 1.06104 -2.307e-05 0.00161958 -0.00051302
-0.0575752 0.352805 1.0809 -0.00166203 0.00150805 -0.00076249
-0.0576403 0.21739 1.06714 -0.00038007 0.00175734 -0.00079218
-0.0653027 0.339409 1.06002 -0.00049283 0.00184919 -0.00121968
-0.0644759 0.20028 1.0793 -0.00094678 0.00121053 -0.00100547
-0.059238 0.2093 1.11738 -0.00195212 0.00124297 -0.00090231
-0.0555818 0.253121 1.11631 -0.0018598 0.00141134 -0.00096388
-0.0609347 0.163609 1.12342 -0.00220148 0.00158099 -0.00080103
-0.0637109 0.288183 1.06019 -0.00167638 0.0016198 -0.00132002
-0.0677621 0.203857 1.08297 -0.00167554 0.00158926 -0.00103361
-0.0616789 0.308518 1.03062 -0.00275136 0.0021614 -0.00116395
-0.0649647 0.283831 1.03559 -0.00430254 0.00185539 -0.00120226
-0.0648726 0.234594 1.08341 -0.00267714 0.00186904 -0.00132067
-0.0673439 0.281003 1.07877 -0.00495035 0.00184321 -0.00155512
-0.0698861 0.196524 1.07026 -0.00241756 0.00177442 -0.00131854
-0.0884252 0.310577 1.03478 -0.00389594 0.00161539 -0.0017433
-0.0777943 0.164025 1.10654 -0.00275404 0.00166111 -0.00156436
-0.0830608 0.259395 1.06218 -0.00416205 0.001782 -0.00169567
-0.0801561 0.189613 1.09811 -0.00329933 0.00161956 -0.00158428
-0.0750391 0.204141 1.0627 -0.00367448 0.00156172 -0.00128485
-0.0772209 0.309069 1.06205 -0.00378659 0.00135278 -0.00156545
-0.0711023 0.179654 1.0619 -0.0040428 0.00124398 -0.0013804
-0.0497785 0.262685 1.04675 -0.00598628 0.0011676 -0.00115383
-0.040736 0.183066 1.14431 -0.00680349 -0.0005824 -0.00060359
-0.0544934 0.223759 1.08129 -0.00751369 -0.00093498 -0.00078522
-0.0528965 0.186302 1.05145 -0.00676877 -0.00042855 -0.00064846
-0.0643881 0.261026 1.09481 -0.0081449 -0.00066271 -0.00079026
-0.0583647 0.221075 1.02073 -0.00686009 -0.00032314 -0.00087779
-0.0696185 0.228343 0.959838 -0.00631417 7.793e-05 -0.00096025
-0.073249 0.257967 0.989229 -0.00679094 -6.483e-05 -0.001179
-0.0742334 0.185652 0.985982 -0.00655168 0.00046197 -0.00110559
-0.0862473 0.2675 0.994833 -0.00701808 -0.00018614 -0.00156058
-0.0903303 0.155834 1.03893 -0.00700375 0.00023823 -0.00132897
-0.0975112 0.28233 1.00144 -0.00680744 0.00044809 -0.0015268
-0.0934296 0.195093 1.03893 -0.00747579 0.00060321 -0.00170262
-0.106353 0.23243 1.08402 -0.00857407 0.0003786 -0.00190425
-0.118198 0.236176 1.09113 -0.0084354 0.00018937 -0.0019309
-0.143437 0.178156 1.04649 -0.0055557 0.00020092 -0.002401
-0.167834 0.187405 1.04537 -0.00079387 -0.00056378 -0.00294806
-0.141327 0.238492 0.997426 -0.00054641 -0.00031845 -0.00248441
-0.127203 0.263128 0.98222 -0.00257708 -0.00094292 -0.00245616
-0.1263 0.23236 0.814172 -0.00236196 1.138e-05 -0.00217685
-0.123369 0.316607 0.787721 0.00184015 0.00093212 -0.00236416
-0.127092 0.206227 0.831394 -0.00212688 0.00039118 -0.00243646
-0.133327 0.295723 0.834829 -0.00234016 0.00049125 -0.00256554
-0.144779 0.141721 0.994536 -0.00229843 0.00087809 -0.00263372
-0.152883 0.269669 0.865448 -0.00243111 0.00023732 -0.00326311
-0.156915 0.145576 1.1571 -0.00315536 0.0002205 -0.00344264
-0.148878 0.289825 1.11585 -0.00259691 0.0002205 -0.0036036
-0.146637 0.202096 1.12905 -0.00283251 0.0002205 -0.00342692
-0.147531 0.22131 1.12561 -0.00301436 0.00028011 -0.00352043
-0.147859 0.303576 1.07714 -0.00169717 0.00056974 -0.00371573
-0.157317 0.197724 1.07144 -0.0019982 0.0005975 -0.00372928
-0.162446 0.27229 1.09429 -0.00273836 -0.00022198 -0.00394489
-0.163737 0.184974 1.09141 -0.00264911 -0.00013826 -0.00391185
-0.161054 0.268106 1.1143 -0.00322509 0.00012278 -0.00394935
-0.15036 0.128998 1.02704 -0.0010661 0.00032554 -0.00371145
-0.15655 0.272365 0.837498 0.00189108 -0.00011185 -0.00363049
-0.160693 0.257727 0.901332 -0.0021718 -0.0003437 -0.00357932
-0.144554 0.241275 0.927723 -0.00324629 -0.00051105 -0.00331876
-0.139637 0.189768 0.971662 -0.00309176 3.786e-05 -0.00328211
-0.152278 0.249359 0.954753 -0.00341117 -6.482e-05 -0.00365658
-0.152343 0.206643 1.04441 -0.00209486 0.00024396 -0.00372183
-0.160456 0.301621 1.04567 -0.00241077 0.00036077 -0.00393454
-0.160335 0.187668 1.11909 -0.00281041 -0.00019519 -0.00379402
-0.171698 0.28506 1.10233 -0.00325509 -0.00041723 -0.004132
-0.168329 0.155724 1.12242 -0.0031356 -0.00038039 -0.00384947
-0.176048 0.268596 1.08862 -0.00544813 -0.00102623 -0.00377038
-0.163102 0.125755 1.16761 -0.00370101 4.082e-05 -0.00370675
-0.16152 0.270885 1.07884 -0.00481929 -0.00012623 -0.00381156
-0.166223 0.202455 1.14235 -0.00377453 -1.147e-05 -0.00375979
-0.14383 0.236515 1.07955 -0.00552209 5.305e-05 -0.00341878
-0.13892 0.247394 1.11167 -0.00531421 5.311e-05 -0.00345123
-0.150358 0.178127 1.13698 -0.00447614 0.00034983 -0.00359176
-0.150273 0.284866 1.03913 -0.00518572 -0.0002607 -0.00381263
-0.14405 0.149557 1.28707 -0.00533305 0.00065529 -0.00350429
-0.105301 0.218025 1.46905 -0.00395276 0.00141617 -0.00256273
-0.107555 0.187773 1.43275 -0.00436266 0.00094713 -0.0024308
-0.11429 0.303636 1.35306 -0.00510195 5.028e-05 -0.00295129
-0.121821 0.221532 1.41713 -0.00551019 0.00030028 -0.00271146
-0.126806 0.23926 1.42183 -0.00541909 0.00078241 -0.00304637
-0.130745 0.293471 1.37752 -0.00541677 0.00043544 -0.0032911
-0.117187 0.177044 1.38278 -0.00515562 0.00086949 -0.00288923
-0.120706 0.247866 1.30952 -0.0063464 0.00069094 -0.00299779
-0.123097 0.150479 1.32849 -0.00532977 0.00061949 -0.00303062
-0.129456 0.243933 1.26506 -0.00605712 0.00083001 -0.00323961
-0.131107 0.195184 1.33213 -0.0061919 0.00062165 -0.0032587
-0.134566 0.199993 1.35269 -0.00677615 0.00077116 -0.00323331
-0.141438 0.294597 1.32346 -0.00654472 0.0007681 -0.00345188
-0.138014 0.172092 1.3633 -0.00575074 0.00125321 -0.00312985
-0.138411 0.31249 1.33366 -0.00630575 0.00096736 -0.00339952
-0.126376 0.21379 1.35391 -0.0061602 0.00105199 -0.00313851
-0.113494 0.280541 1.3302 -0.00659211 0.00097413 -0.00302268
-0.115117 0.246668 1.35571 -0.00685544 0.00090874 -0.00307483
-0.120516 0.16985 1.34898 -0.00627203 0.00147444 -0.00307541
-0.131624 0.323855 1.27947 -0.00671927 0.00039603 -0.00351837
-0.130279 0.147761 1.38495 -0.00629113 0.00103721 -0.00351351
-0.135701 0.233323 1.35612 -0.00662208 0.00102842 -0.00352593
-0.133886 0.257827 1.43609 -0.00801839 0.00056504 -0.0036926
-0.132909 0.180215 1.40663 -0.00674395 0.00116633 -0.00351088
-0.13676 0.279813 1.41195 -0.00720221 0.00098905 -0.00369349
-0.143977 0.205452 1.45886 -0.00779299 0.0007113 -0.00375635
-0.133198 0.207799 1.38139 -0.00763977 0.00128635 -0.00335337
-0.127929 0.257106 1.38005 -0.00839244 0.00111411 -0.00357943
-0.140025 0.1776 1.41852 -0.00707151 0.0013248 -0.00373779
-0.138959 0.328993 1.3594 -0.0071577 0.00134892 -0.00374341
-0.137101 0.183891 1.39817 -0.00694632 0.00141974 -0.00367451
-0.144383 0.267997 1.3689 -0.00722253 0.00107381 -0.00368529
-0.142432 0.260193 1.40696 -0.00710379 0.00120116 -0.00363744
-0.140002 0.202101 1.39973 -0.00714539 0.00135262 -0.0037664
-0.144427 0.27286 1.42525 -0.00795507 0.00080192 -0.00380934
-0.122306 0.100571 1.3996 -0.00622222 0.00128781 -0.0029371
-0.116251 0.239741 1.13905 -0.00130933 0.00159439 -0.0030066
-0.124043 0.273335 1.26005 -0.00368984 0.00043143 -0.00306276
-0.118234 0.272582 1.20961 -0.00648876 0.00134285 -0.0029288
-0.124416 0.314786 1.23674 -0.00556474 0.00151413 -0.00340351
-0.127674 0.209722 1.29629 -0.00570101 0.00063109 -0.00324485
-0.124697 0.269581 1.26181 -0.00477542 0.00142568 -0.00322667
-0.129613 0.149656 1.30796 -0.00518647 0.00092457 -0.00326363
-0.130666 0.258537 1.28286 -0.00558626 0.00107506 -0.00342716
-0.142838 0.183876 1.33598 -0.00594532 0.00063629 -0.00362577
-0.141283 0.219164 1.32464 -0.00544421 0.00049836 -0.00360062
-0.148569 0.283658 1.31386 -0.00576357 0.00057359 -0.003837
-0.146275 0.186906 1.36252 -0.0054937 0.00091021 -0.0036043
-0.147136 0.324983 1.30869 -0.00632524 0.00046189 -0.00377876
-0.14065 0.252389 1.34071 -0.00608514 0.0012008 -0.00342059
-0.147114 0.237317 1.15048 -0.00488232 0.00188691 -0.00372914
-0.145188 0.166366 1.13473 -0.00258832 0.00154133 -0.00354125
-0.143756 0.212655 1.28578 -0.00563517 0.0012532 -0.00358692
-0.153652 0.300103 1.28235 -0.00605388 0.00039036 -0.00399619
-0.149114 0.181746 1.32597 -0.005964 0.00035836 -0.00376995
-0.153214 0.311661 1.29709 -0.00616904 0.00021189 -0.00376333
-0.154561 0.162938 1.38511 -0.00669061 0.00073647 -0.00397391
-0.154727 0.285896 1.29066 -0.00660983 0.00083143 -0.00383847
-0.15349 0.185366 1.35015 -0.00609351 0.00113209 -0.0038892
-0.150358 0.248964 1.34814 -0.00646822 0.00119084 -0.00384116
-0.146955 0.264106 1.39889 -0.00713731 0.00101332 -0.0037661
-0.146267 0.19786 1.42923 -0.00805844 0.00122244 -0.0037665
-0.121558 0.216084 1.5958 -0.00684933 0.00138471 -0.00307865
-0.0338484 0.096211 2.18713 -0.00379857 0.00167272 -0.0001282
-0.0587295 0.277421 2.08677 -0.00449676 0.00169591 -0.00039872
-0.0744175 0.215239 1.98649 -0.00398408 0.00141568 -0.00037549
-0.0834791 0.32711 1.91645 -0.00758694 0.00167215 -0.0007806
-0.0857556 0.255162 1.86625 -0.00718861 0.00213458 -0.00091387
-0.0890767 0.238887 1.83127 -0.00726301 0.00206967 -0.00110171
-0.0849424 0.242344 1.7893 -0.00690714 0.00226796 -0.00080738
-0.0688479 0.164082 1.80161 -0.0063514 0.00186896 -0.00057531
-0.0734282 0.21969 1.83453 -0.00758572 0.00181177 -0.00071958
-0.0671133 0.12855 1.8557 -0.00752996 0.00208224 -0.00070935
-0.041528 0.241295 1.78831 -0.00839894 0.00268942 -0.00057536
-0.0601946 0.134472 1.8307 -0.00752179 0.00242248 -0.00073418
-0.0706732 0.264655 1.76675 -0.00800879 0.00240669 -0.00075504
-0.0665536 0.208494 1.76329 -0.00733426 0.00239391 -0.00089185
-0.058051 0.228374 1.78291 -0.00801387 0.00218152 -0.0007961
-0.0420482 0.230229 1.76882 -0.00758279 0.00209108 -0.00021006
-0.0343955 -0.0630129 1.01032 0.00499228 0.00401377 0.00142805
-0.04004 0.144683 1.25179 0.00093233 0.00242534 0.00132221
-0.0402601 0.0867012 1.37854 -0.0013472 0.00238921 0.00108376
-0.0420463 0.100178 1.46404 -0.00258069 0.00302299 0.0008267
-0.0436028 0.111683 1.39318 -0.00227158 0.00271002 0.00081395
-0.0338044 0.00798102 1.42728 -0.00195996 0.00267663 0.00086506
-0.0542865 0.212955 1.38532 -0.00235972 0.00262007 0.00079027
-0.0565216 0.134997 1.38867 -0.00273956 0.00211071 0.00083721
-0.0549234 0.0858058 1.41235 -0.002472 0.00177645 0.00065819
-0.0676106 0.120311 1.46494 -0.00337274 0.00259373 0.00058939
-0.0570475 0.0800319 1.43334 -0.00304803 0.00221166 0.00062409
-0.0511089 0.073984 1.48084 -0.00320972 0.00176881 0.00063656
-0.0567861 0.126018 1.49751 -0.00360586 0.00177836 0.00050024
-0.051569 0.0343883 1.50029 -0.00363301 0.00264985 0.00054231
-0.0489148 0.118314 1.50056 -0.00397168 0.00248402 0.00058602
-0.0412715 0.114149 1.55317 -0.00523404 0.00316973 0.00041762
-0.0517751 -0.0266823 1.51723 -0.00374559 0.00274423 0.00015737
-0.0667368 0.178209 1.39098 -0.00359811 0.00146533 0.00030993
-0.0586914 0.135494 1.42665 -0.00303649 0.00264159 0.00041602
-0.0519983 0.144431 1.46555 -0.00384177 0.0029387 0.00025829
-0.0518115 0.139277 1.43449 -0.00316866 0.00265418 0.00027911
-0.0520098 0.0556892 1.51301 -0.00443511 0.00284416 0.0001007
-0.0569718 0.0784046 1.38334 -0.00228436 0.00255177 0.00017844
-0.0463059 0.005182 1.24685 -0.00030787 0.00174209 0.00031102
-0.0734994 0.0383147 1.3702 -0.00155457 0.00176738 -0.00017142
-0.0821851 0.0995905 1.39081 -0.00235756 0.0017173 -0.00019332
-0.0734694 0.0742028 1.41081 -0.00328209 0.00139927 -9.455e-05
-0.0780919 0.141112 1.38393 -0.00338118 0.00165362 -0.00020399
-0.0764269 0.0908469 1.42082 -0.00241458 0.00224192 -0.0002159
-0.080082 0.197177 1.41956 -0.00308793 0.00134134 -0.00032262
-0.0742997 0.0836826 1.48151 -0.00324598 0.00142939 -8.331e-05
-0.0772321 0.093135 1.54419 -0.00371705 0.00249062 -0.00028163
-0.0764831 0.0869546 1.56394 -0.00390067 0.00249213 -0.00013257
-0.0595873 -0.0227309 1.60377 -0.00408247 0.00213217 -0.00013347
-0.0638345 0.123149 1.57327 -0.00438531 0.00274606 -0.00010274
-0.0652703 0.0445329 1.58298 -0.00392723 0.00281063 -9.109e-05
-0.0599164 0.0723284 1.58723 -0.00485848 0.00248382 6.32e-06
-0.0577501 0.0574262 1.61375 -0.00544977 0.00264762 -0.00012819
-0.046172 0.0524279 1.58935 -0.00440418 0.0027296 -0.00016858
-0.0470161 0.120963 1.63889 -0.0054368 0.00254524 -0.00019082
-0.0484344 0.0175069 1.68729 -0.00515639 0.00214717 -8.35e-06
-0.0437392 0.0993552 1.70248 -0.00634331 0.00219892 -0.0002629
-0.0402502 0.0121593 1.78667 -0.00686368 0.00235646 -6.28e-05
-0.0427688 0.0538535 1.73925 -0.00653488 0.0022975 -4.748e-05
-0.0572862 0.0677453 1.67866 -0.0060943 0.00261289 -0.00030615
-0.0474576 -0.00273218 1.73211 -0.006189 0.00249222 -0.00020511
-0.0536175 0.117835 1.66006 -0.00617298 0.00298463 -0.0002311
-0.0562408 0.00129998 1.70818 -0.00618749 0.00266676 -0.00025432
-0.0542334 0.0823026 1.67761 -0.00709901 0.00289084 -0.0004339
-0.0434031 -0.0180875 1.7947 -0.00621779 0.0030331 1.48e-06
-0.0530811 0.0483361 1.77791 -0.00655838 0.00214222 -0.00014796
-0.0363142 -0.18854 2.12007 -0.00495158 0.00302102 0.00018423
-0.048644 -0.126662 2.14563 -0.00352749 0.00318853 9.267e-05
-0.0526146 0.0156801 2.14479 -0.00441212 0.00226996 -0.00015441
-0.0472223 -0.0618685 2.13413 -0.00382669 0.00269284 -4.047e-05
-0.0472839 0.0590674 2.09934 -0.00430771 0.00269952 0.00010049
-0.0531769 -0.0134471 2.09015 -0.00394545 0.00287665 -0.00019227
-0.0402712 0.0325649 2.06728 -0.00444366 0.00330684 -0.00023973
-0.0365258 -0.0340011 2.0952 -0.00634346 0.00362494 3.281e-05
-0.0264006 -0.0410575 1.93012 -0.00464338 0.00377564 -0.0001179
-0.0493096 0.0363653 1.81833 -0.00355682 0.00367809 -0.00025142
-0.0266321 -0.0420097 1.81231 0.00023058 0.00239412 0.00027476
-0.0439427 -0.110167 1.84052 -2.562e-05 0.00208617 1.8e-05
-0.0461813 -0.126179 1.97869 -0.00180182 0.00258348 0.00016833
-0.0380336 0.0455584 1.94342 -0.00165294 0.00288383 0.00025283
-0.0399806 -0.0400255 1.96221 -0.00144917 0.00330415 0.00041832
-0.0177149 0.0403122 1.92382 -0.00125557 0.00330553 0.00038029
-0.0206909 0.190717 2.10301 -0.00401752 0.00319566 0.00088725
-0.039302 0.0916762 2.13437 -0.00420151 0.0049112 0.00057735
-0.0351371 0.150834 2.12087 -0.00454133 0.00451753 0.00064346
-0.0412229 0.0706842 2.09462 -0.0039958 0.00452737 0.00058306
-0.033496 0.0505579 2.0945 -0.00392684 0.00377069 0.00057759
-0.0467775 0.00710708 2.15316 -0.0055453 0.00470072 0.00053314
-0.0441412 0.0118861 2.10614 -0.0041661 0.00410184 0.00061946
-0.0455771 0.0412521 2.13884 -0.00492133 0.00440161 0.00043396
-0.0437632 0.00032265 2.10729 -0.00423803 0.00486834 0.00042706
-0.0359109 0.126787 2.10303 -0.00549896 0.00550145 0.00049597
-0.0444566 0.0591161 2.11716 -0.00520782 0.00511932 0.00044436
-0.0396207 0.122545 2.10267 -0.00453878 0.00423579 0.0004608
-0.0406265 0.125399 2.07835 -0.00436285 0.00413579 0.00038945
-0.0542629 0.0584777 2.08009 -0.00345424 0.00398172 0.00028316
-0.0465743 0.131575 2.07649 -0.00446626 0.00395663 0.00037927
-0.0471886 0.0242096 2.11959 -0.00386193 0.00407007 0.00042212
-0.0344225 0.068699 2.10758 -0.0044754 0.00404394 0.00019007
-0.0512324 0.0658973 2.14654 -0.00447848 0.00446716 0.00038283
-0.0362588 0.00164162 2.12053 -0.00423852 0.00434479 0.00017387
-0.046649 0.103445 2.10809 -0.00442156 0.00454346 0.00023467
-0.04796 0.00523453 2.10553 -0.00396984 0.00449732 0.00032518
-0.0458876 0.090314 2.06709 -0.00418498 0.00400137 0.00019777
-0.053135 0.089915 2.10016 -0.00467 0.00550578 0.00023276
-0.0400718 0.0854882 2.05179 -0.00477957 0.00521975 0.0001797
