1e-08 0.163331 0.18626 -0.00172333 0 0
-3e-08 0.143719 0.182077 -0.00146454 0 0
0 0.287694 0.21849 -0.00230708 0 0
0 0.17178 0.151076 -0.00035605 0 0
2e-08 0.308436 0.186354 -0.00114917 0 0
0 0.119771 0.164875 -0.00057516 0 0
0 0.294257 0.199731 -0.00054685 0 0
0 0.170793 0.184953 -0.00064738 0 0
-2e-08 0.259688 0.211651 -0.00081641 0 0
-2e-08 0.190521 0.201888 -0.00099749 0 0
2e-08 0.211331 0.213474 -0.00104292 0 0
1e-08 0.270161 0.23743 -0.00183935 0 0
0 0.151989 0.239047 -0.00153713 0 0
-1e-08 0.315898 0.238109 -0.00154658 0 0
-2e-08 0.159918 0.209427 -0.00113717 0 0
0 0.295173 0.234325 -0.00173581 0 0
-0.00016827 0.0795166 0.105444 0.00069583 -0.00015098 0
-8.95e-05 0.0730393 0.106994 0.00052714 -4.359e-05 0
2.614e-05 0.21916 0.160702 -5.891e-05 1.24e-06 0
4.21e-05 0.107382 0.124909 0.00065278 1.718e-05 0
1.24e-05 0.258816 0.159455 0.00021685 -7.937e-05 0
0.00014457 0.0977454 0.114406 0.00054814 2.288e-05 0
0.00016696 0.250938 0.17656 0.00010493 4.792e-05 0
5.762e-05 0.160588 0.134167 0.0003993 -0.00011564 0
0.00026234 0.254449 0.156778 0.00057795 0.00011124 0
-0.00214101 0.211939 0.159752 0.00048475 -0.00012234 0
-0.0160633 0.170051 0.144815 0.00055045 -0.00044961 0.00013145
-0.0221009 0.213137 0.141068 0.00014128 -0.00059159 0
-0.0147878 0.181393 0.180513 -0.00058851 -0.00048199 0
-0.0162048 0.186267 0.135345 0.00020177 -0.00048548 0
-0.00955752 0.213597 0.161286 7.02e-06 -0.00024092 0
-0.0115996 0.184869 0.146906 -1.091e-05 -0.00015423 -8.485e-05
-0.0219756 0.250418 0.1941 -0.00040657 -0.00052254 0
-0.00828319 0.204479 0.136291 -7.355e-05 6.466e-05 0
0.00051704 0.238413 0.128435 -0.00054252 0.00043413 0
-0.00366648 0.221525 0.154035 -0.00068755 -4.143e-05 0
-0.018024 0.226214 0.17882 -0.00121107 -0.00028899 0
-0.0164094 0.214388 0.160446 -0.00123148 -0.00022154 -8.642e-05
-0.0277288 0.269427 0.184546 -0.00154915 -0.0002482 -8.975e-05
-0.0273733 0.199895 0.167588 -0.00078722 -0.0002981 -0.00031606
-0.0249181 0.313099 0.233959 -0.00152912 -0.0002704 -0.0004673
-0.0211415 0.165557 0.194296 -0.0010191 -0.00045592 -0.00032322
-0.0249834 0.298037 0.228077 -0.00135342 -9.187e-05 -0.00058961
-0.025206 0.163609 0.198837 -0.00154286 -0.00031592 -0.00054157
-0.00617781 0.286312 0.186072 -0.00187571 0.00019343 -0.0002066
-0.0262549 0.196594 0.165884 -0.00138683 -0.00013476 -0.00025684
-0.0350165 0.294747 0.225743 -0.00181742 -5.681e-05 -0.00080591
-0.0378403 0.156284 0.146901 -4.589e-05 -0.00015084 -0.00083165
-0.0527414 0.268845 0.202055 -0.00177891 -0.0003332 -0.0011699
-0.0449941 0.168884 0.186202 -0.0016416 -0.00019377 -0.00099613
-0.0562804 0.293981 0.22047 -0.00197914 -0.0003092 -0.00120797
-0.0576817 0.188432 0.211422 -0.00219245 -0.00033764 -0.00110762
-0.0506437 0.33404 0.223607 -0.00168055 0.00013705 -0.0011896
-0.0520202 0.196495 0.203636 -0.00177116 -0.00026984 -0.00111482
-0.0550252 0.295366 0.240705 -0.00186586 -6.537e-05 -0.00114267
-0.0594265 0.21521 0.208219 -0.00208602 -0.0001358 -0.00130265
-0.0495458 0.237523 0.186896 -0.00241823 5.04e-06 -0.00129858
-0.0591465 0.235311 0.174544 -0.00243543 -4.115e-05 -0.00141061
-0.0597741 0.25242 0.216747 -0.00206476 -6.649e-05 -0.00139204
-0.0690143 0.247456 0.211061 -0.00243888 -0.00022737 -0.00151752
-0.0649815 0.237164 0.223838 -0.00245844 -0.00033934 -0.0013907
-0.0621401 0.247887 0.217214 -0.00283879 -6.621e-05 -0.00148134
-0.057137 0.247233 0.234693 -0.00217699 0.00020981 -0.00139291
-0.0636499 0.275229 0.198137 -0.00132063 0.00018965 -0.00151303
-0.0567533 0.226722 0.261606 -0.0030588 0.00016622 -0.00137543
-0.056878 0.32511 0.269672 -0.0032136 0.00025801 -0.00146793
-0.0512933 0.207096 0.204239 -0.00160986 -5.602e-05 -0.00123672
-0.0363155 0.332591 0.232989 -0.00205555 0.00036217 -0.00106107
-0.0469441 0.237931 0.214798 -0.00147583 -0.00016081 -0.0013299
-0.0570736 0.255417 0.173364 -0.00135283 7.976e-05 -0.00150421
-0.0396305 0.172388 0.161246 -0.00105634 -0.00053681 -0.00088126
-0.0569944 0.194719 0.235713 -0.00250247 -0.00017977 -0.00131309
-0.0567684 0.177271 0.197069 -0.0016434 -0.00042413 -0.00147336
-0.0585178 0.275714 0.272787 -0.00285894 -0.00025329 -0.00143129
-0.0608683 0.203389 0.244272 -0.00252498 -2.497e-05 -0.00152869
-0.0638996 0.304338 0.310558 -0.00311097 -7.279e-05 -0.00156277
-0.0660187 0.242313 0.264262 -0.00283499 -2.754e-05 -0.00172016
-0.069245 0.274114 0.315656 -0.00311962 -2.618e-05 -0.00163678
-0.0635269 0.289619 0.25986 -0.00317188 -3.53e-05 -0.00151042
-0.053692 0.255937 0.277556 -0.00329351 8.635e-05 -0.00145339
-0.0698491 0.294625 0.287213 -0.00344659 -2.204e-05 -0.00173751
-0.0690957 0.270924 0.326198 -0.00364889 0.00017313 -0.00188456
-0.0763803 0.267547 0.307946 -0.00364192 -0.00012221 -0.00186501
-0.0764089 0.260076 0.323496 -0.00335106 5.61e-05 -0.00196409
-0.0762282 0.26762 0.271063 -0.00250672 0.0001461 -0.00192837
-0.0761646 0.274492 0.319501 -0.00323611 9.664e-05 -0.00185127
-0.075599 0.287943 0.287953 -0.00316721 0.0002025 -0.00192591
-0.0756494 0.274734 0.303612 -0.00302458 -0.00017027 -0.0018592
-0.0796224 0.327889 0.331257 -0.00372375 0.00023115 -0.00192318
-0.0754717 0.228499 0.338804 -0.00394172 0.00033373 -0.00178177
-0.078487 0.352736 0.317981 -0.00370133 0.00025135 -0.00198544
-0.071148 0.20003 0.291927 -0.00369996 4.461e-05 -0.00184761
-0.0696789 0.324956 0.24707 -0.00247753 0.0002227 -0.0018812
-0.071312 0.152209 0.218929 -0.00219836 -9.172e-05 -0.00167134
-0.0507045 0.304983 0.240474 -0.0022 0.00037559 -0.0014212
-0.0659297 0.110074 0.166408 -0.00082125 0.0001864 -0.00174234
-0.0457883 0.0871014 0.0907414 -2.401e-05 -0.00040895 -0.00093689
-0.0561959 0.209304 0.185583 -0.00086879 -0.00041687 -0.0011835
-0.0649154 0.28166 0.225164 -0.00135333 -0.00012657 -0.0014582
-0.07061 0.207336 0.250055 -0.00145447 -9.809e-05 -0.00152687
-0.0662343 0.298897 0.235284 -0.00208725 -6.591e-05 -0.0015262
-0.0590741 0.179281 0.230636 -0.00250749 -4.733e-05 -0.00132632
-0.0656948 0.30185 0.235522 -0.00263138 0.0001836 -0.00160242
-0.0689869 0.159648 0.205626 -0.00115073 -0.00017506 -0.00161336
-0.0804557 0.291536 0.212933 -0.0012497 -6.629e-05 -0.00186434
-0.0859268 0.131197 0.211686 -0.00159592 -2.249e-05 -0.00191982
-0.0810722 0.316463 0.228595 -0.00184718 4.955e-05 -0.00176383
-0.0824686 0.181332 0.208334 -0.00167809 0.00010883 -0.00171995
-0.0798142 0.324872 0.247844 -0.00207749 0.00020204 -0.00177622
-0.0830855 0.205757 0.239754 -0.00235823 -0.00013238 -0.00171555
-0.0755817 0.343408 0.273271 -0.00194663 -0.00011409 -0.00157772
-0.0845713 0.221445 0.228007 -0.00160311 -0.00027014 -0.00157772
-0.082059 0.292478 0.26713 -0.00205838 -0.00026818 -0.00172264
-0.0743529 0.222583 0.205117 -0.00167321 -0.0006076 -0.00157772
-0.0757934 0.291575 0.274615 -0.0027172 0.00023253 -0.00161904
-0.0830168 0.199696 0.238431 -0.00218449 -0.00028858 -0.00179354
-0.0895938 0.287706 0.281343 -0.0031515 -0.00016814 -0.00186332
-0.0842704 0.217693 0.200397 -0.00122651 -8.038e-05 -0.00179787
-0.0804776 0.342346 0.272663 -0.00221111 0.00029735 -0.00178921
-0.0833442 0.202737 0.241314 -0.00252693 0.00032274 -0.00179398
-0.0780271 0.349102 0.259628 -0.00225652 -0.00019554 -0.00167452
-0.0852402 0.222132 0.255598 -0.00239756 -2.442e-05 -0.00168377
-0.0808041 0.275837 0.288523 -0.00276356 -0.00015586 -0.00174858
-0.0784747 0.283219 0.266719 -0.00304564 -0.00027192 -0.00166555
-0.0813226 0.229311 0.265592 -0.00309232 0.00012356 -0.0018509
-0.0809396 0.3287 0.296198 -0.00297298 9.767e-05 -0.00189191
-0.0859804 0.203071 0.26254 -0.0029463 0.00020532 -0.00186186
-0.084698 0.356453 0.316286 -0.00335401 9.829e-05 -0.00183565
-0.0841523 0.218484 0.294787 -0.00351944 0.00011501 -0.00183757
-0.076863 0.280336 0.311083 -0.00293321 0.00019106 -0.00168796
-0.0768228 0.347158 0.327164 -0.00347302 0.00037935 -0.00177852
-0.07501 0.205354 0.286271 -0.00241385 0.00010599 -0.00158134
-0.0802956 0.361966 0.311521 -0.00304425 0.00023869 -0.00187779
-0.0779977 0.193219 0.282419 -0.00287633 -0.00014935 -0.00169139
-0.0828052 0.338395 0.325829 -0.00342679 0.00030104 -0.00186238
-0.0833418 0.230595 0.286878 -0.00287233 0.00027041 -0.00197499
-0.0960225 0.328877 0.326545 -0.00355423 -3.535e-05 -0.00212402
-0.0823054 0.230246 0.300088 -0.00366142 1.17e-06 -0.00206089
-0.0862357 0.318734 0.309296 -0.0033302 0.00035393 -0.00214016
-0.0769313 0.227734 0.273715 -0.00283026 0.00042501 -0.00199036
-0.0901874 0.342935 0.34595 -0.00409327 0.00039951 -0.00211049
-0.0824716 0.222935 0.303729 -0.0039464 0.00071942 -0.00216354
-0.0910901 0.347134 0.3371 -0.00401981 0.00020019 -0.00219957
-0.0796503 0.2307 0.287375 -0.00369522 0.00032446 -0.00199702
-0.0878972 0.332354 0.349321 -0.00523703 0.00048977 -0.00215153
-0.0855769 0.237129 0.266083 -0.00307932 0.00013469 -0.00218758
-0.0861041 0.328375 0.329216 -0.00380048 3.562e-05 -0.00207222
-0.0825473 0.216992 0.304294 -0.00401971 0.00044079 -0.00200129
-0.0842093 0.318956 0.336777 -0.00430658 0.00045095 -0.00215299
-0.0770173 0.236554 0.280003 -0.0033723 0.00057843 -0.00202583
-0.0721644 0.337313 0.342785 -0.00375761 0.00069998 -0.00202382
-0.0682589 0.274093 0.307676 -0.00365171 0.00090091 -0.00198318
-0.0683031 0.328531 0.328168 -0.00342475 0.00063666 -0.00188066
-0.0702948 0.3414 0.310863 -0.00345975 0.00065346 -0.00184044
-0.069974 0.254136 0.300182 -0.00384699 0.00071916 -0.00166086
-0.0584189 0.280437 0.195378 -0.00307514 0.00087134 -0.00166494
-0.0801449 0.158607 0.18344 -0.00084217 0.00093535 -0.00197216
-0.151373 0.0777099 0.17684 -0.00045051 -1.19e-05 -0.00261837
-0.128373 0.09109 0.223424 -0.00117343 -0.00025059 -0.00199976
-0.0867916 0.264096 0.288629 -0.00217864 0.00044334 -0.00172168
-0.0899588 0.173423 0.210274 -0.00086295 0.00038218 -0.00173436
-0.0841759 0.419804 0.337653 -0.00239721 0.00045417 -0.00174139
-0.0897376 0.215725 0.309769 -0.00189065 0.00053259 -0.00143623
-0.087723 0.223423 0.340558 -0.00227762 0.00092891 -0.00171552
-0.0964704 0.36124 0.367982 -0.00332972 0.00091032 -0.00190644
-0.088524 0.247449 0.343691 -0.00346747 0.00086756 -0.00180828
-0.0988754 0.397446 0.380529 -0.00389318 0.00112534 -0.0020773
-0.105825 0.254922 0.339845 -0.00342741 0.00063175 -0.00205826
-0.100408 0.371537 0.378291 -0.0035845 0.00065026 -0.00224986
-0.0994124 0.239007 0.343695 -0.00333506 0.00101321 -0.00192796
-0.0998423 0.362903 0.38661 -0.00358477 0.00096712 -0.0021126
-0.0993062 0.223614 0.359476 -0.00378402 0.00098892 -0.0018582
-0.0995079 0.362953 0.408512 -0.00380578 0.00111447 -0.00200288
-0.103289 0.280484 0.375503 -0.00381813 0.00099404 -0.0020669
-0.103674 0.282375 0.3716 -0.00339169 0.00085308 -0.00229138
-0.107115 0.355193 0.380494 -0.00427673 0.00093918 -0.00230608
-0.1036 0.274203 0.387865 -0.0048347 0.00106052 -0.00226152
-0.122891 0.317405 0.243147 -0.0009326 0.00067303 -0.00273351
-0.146889 0.0485147 0.0832842 0.00082053 0.0002518 -0.00275779
-0.177464 0.14241 0.200478 -0.00026787 0.00029927 -0.00355107
-0.132456 0.254087 0.320946 -0.00238166 0.00046101 -0.00292834
-0.124136 0.16973 0.341432 -0.00321451 0.00087087 -0.00259819
-0.116846 0.350938 0.377488 -0.00302138 0.00107144 -0.00266693
-0.116175 0.192668 0.341032 -0.00314525 0.00124871 -0.0024164
-0.0914659 0.429854 0.425155 -0.00454318 0.00100857 -0.00207591
-0.0954197 0.241514 0.384182 -0.00387615 0.00076185 -0.0017075
-0.103717 0.267106 0.401607 -0.00436851 0.00078411 -0.00206007
-0.0907053 0.402653 0.407179 -0.00486661 0.0010759 -0.00219575
-0.0899749 0.270377 0.375075 -0.0052504 0.00124467 -0.00191886
-0.0967095 0.410378 0.426601 -0.00531221 0.00080817 -0.00213213
-0.112907 0.251006 0.380605 -0.00403542 0.00135853 -0.00233153
-0.113249 0.378516 0.403972 -0.00419647 0.00121954 -0.0024589
-0.118127 0.250577 0.392765 -0.00457917 0.00145609 -0.002416
-0.125697 0.353778 0.434382 -0.00508296 0.00164506 -0.0026456
-0.124279 0.287542 0.424779 -0.00550233 0.00133896 -0.00248897
-0.112918 0.292074 0.443297 -0.00516503 0.00123684 -0.00242407
-0.130825 0.366935 0.435899 -0.00530348 0.00121613 -0.00301692
-0.130331 0.281171 0.433859 -0.00521461 0.00111304 -0.00273467
-0.130767 0.415971 0.464174 -0.00542926 0.00111304 -0.00289245
-0.130078 0.265611 0.44332 -0.00542664 0.00111304 -0.00259446
-0.133027 0.385253 0.457813 -0.00506401 0.00091462 -0.00276932
-0.131569 0.266056 0.429152 -0.00539009 0.00102029 -0.00276763
-0.128803 0.366507 0.479599 -0.00569186 0.00157395 -0.00297785
-0.114094 0.311933 0.43019 -0.00489417 0.00111304 -0.00265831
-0.119416 0.250839 0.449341 -0.00502043 0.00086304 -0.00249732
-0.126254 0.389036 0.508926 -0.00574101 0.00175837 -0.00279137
-0.116141 0.264089 0.471526 -0.00507692 0.00155725 -0.00250198
-0.113581 0.426286 0.513755 -0.00559296 0.00171857 -0.00258995
-0.116143 0.275024 0.477433 -0.00503219 0.00148844 -0.0025428
-0.11359 0.426671 0.530663 -0.0058362 0.00182065 -0.00262748
-0.113782 0.309149 0.481304 -0.00548157 0.00152723 -0.0026454
-0.113419 0.373169 0.463318 -0.00433535 0.00169293 -0.00249303
-0.119555 0.364831 0.487328 -0.00527475 0.00143637 -0.00259376
-0.130655 0.30369 0.494672 -0.00550296 0.0014092 -0.00252972
-0.118365 0.390009 0.51647 -0.00591229 0.00157261 -0.00279604
-0.118399 0.261135 0.478404 -0.00496131 0.00189406 -0.00255641
-0.120806 0.41291 0.498969 -0.00532074 0.00138871 -0.00271765
-0.127602 0.265671 0.423115 -0.00451345 0.00189406 -0.00275347
-0.122684 0.42838 0.492592 -0.00533844 0.00156826 -0.00296969
-0.124155 0.291228 0.454608 -0.00503674 0.00134628 -0.00285249
-0.133267 0.387275 0.511559 -0.00585428 0.00189406 -0.00294389
-0.133079 0.267769 0.464941 -0.00503279 0.00170027 -0.00283399
-0.133239 0.375754 0.51609 -0.00541608 0.00199022 -0.00299385
-0.128863 0.322643 0.474627 -0.00518943 0.00189406 -0.00274998
-0.103928 0.404647 0.467433 -0.00540464 0.00189406 -0.00241104
-0.0903719 0.438098 0.434197 -0.00475028 0.00179459 -0.00259099
-0.0955466 0.114803 0.353448 -0.00351627 0.00144834 -0.0024118
-0.121842 0.21209 0.468814 -0.00425421 0.00154391 -0.0025544
-0.0866134 0.27327 0.493633 -0.00494984 0.00169136 -0.00222074
-0.0933833 0.30571 0.48859 -0.00515373 0.00203428 -0.00236872
-0.0847762 0.39792 0.512865 -0.00560983 0.00240169 -0.00225489
-0.0914652 0.403563 0.499965 -0.00524797 0.00249666 -0.00239474
-0.103333 0.432257 0.520741 -0.0049879 0.00218916 -0.0025695
-0.103416 0.441832 0.516956 -0.00599753 0.00242852 -0.00265972
-0.0892716 0.357811 0.530105 -0.00653047 0.00264101 -0.00235751
-0.103774 0.449893 0.573339 -0.0071295 0.00270956 -0.00290556
-0.102804 0.286098 0.503776 -0.00545109 0.00257227 -0.00263232
-0.11152 0.40899 0.550471 -0.00680686 0.00236781 -0.00298497
-0.115528 0.259433 0.522955 -0.00612068 0.00295843 -0.00269855
-0.114766 0.389366 0.544655 -0.00639842 0.00295843 -0.00278162
-0.102959 0.262685 0.549781 -0.00612149 0.00295843 -0.00247106
-0.102117 0.46831 0.590084 -0.0062777 0.00295843 -0.00273527
-0.0906285 0.298565 0.535077 -0.00563389 0.00295843 -0.00237624
-0.0990816 0.465461 0.562665 -0.00559422 0.00295843 -0.00262457
-0.0979807 0.391501 0.545389 -0.00612576 0.00320843 -0.00272351
-0.0791271 0.407306 0.591439 -0.00700257 0.00295843 -0.00263957
-0.091278 0.460273 0.621737 -0.00801184 0.00297827 -0.0028139
-0.093619 0.352595 0.60936 -0.00746111 0.00261961 -0.00256266
-0.0931046 0.457708 0.655092 -0.00794443 0.0029249 -0.00263154
-0.0947266 0.288436 0.603514 -0.00690504 0.00295843 -0.00248353
-0.0988127 0.430926 0.622986 -0.00674809 0.00295843 -0.00263663
-0.0928651 0.344519 0.596962 -0.00707409 0.00295843 -0.00246583
-0.100324 0.419857 0.627243 -0.00737268 0.00295843 -0.00261101
-0.087225 0.415011 0.603619 -0.00700299 0.00295843 -0.00233959
-0.0902109 0.350834 0.594398 -0.00677534 0.00295843 -0.00241029
-0.0913753 0.498951 0.631024 -0.00777855 0.00274806 -0.00263664
-0.0887694 0.362062 0.588871 -0.00713217 0.00295843 -0.00250617
-0.0736826 0.459305 0.63537 -0.00817474 0.00295843 -0.00236909
-0.0837236 0.374644 0.613808 -0.0078902 0.00308154 -0.00243746
-0.0907628 0.477613 0.646859 -0.00848077 0.00295843 -0.00277616
-0.0873685 0.350346 0.596878 -0.0075914 0.00318266 -0.00262734
-0.084327 0.44361 0.616584 -0.00781455 0.00324012 -0.00277228
-0.08868 0.352062 0.579547 -0.00721114 0.00303862 -0.0026723
-0.093756 0.493868 0.629302 -0.00772181 0.00270723 -0.00275425
-0.0873995 0.327469 0.584311 -0.00734769 0.00299352 -0.00259001
-0.0993416 0.464265 0.644814 -0.00838538 0.00292202 -0.0028324
-0.0826356 0.376948 0.598621 -0.00814611 0.00313689 -0.00268602
-0.0745833 0.459311 0.642642 -0.00879527 0.00291424 -0.00252602
-0.086638 0.436054 0.644021 -0.00937943 0.00326657 -0.00288122
-0.0866153 0.395202 0.663818 -0.00917973 0.00309329 -0.00281453
-0.0932891 0.502202 0.650093 -0.00933261 0.00292919 -0.00293464
-0.0910966 0.355698 0.666862 -0.00892704 0.00294243 -0.00267914
-0.0869015 0.498512 0.673072 -0.00953958 0.00333657 -0.00298851
-0.0897157 0.362512 0.674244 -0.00905059 0.00322319 -0.0026029
-0.0867761 0.531131 0.690985 -0.00965799 0.00325623 -0.00289174
-0.0854999 0.353213 0.671527 -0.00875896 0.00342817 -0.00243401
-0.0894457 0.542874 0.729171 -0.00986771 0.00342862 -0.00295512
-0.086149 0.372147 0.694879 -0.00926812 0.00309367 -0.0026393
-0.0801341 0.503363 0.717557 -0.00995359 0.00307853 -0.00234694
-0.0863191 0.435958 0.686796 -0.00929194 0.00313941 -0.00271196
-0.0863865 0.468943 0.709001 -0.00946025 0.00323844 -0.00276768
-0.0869575 0.454566 0.714886 -0.00996623 0.00309142 -0.0029712
-0.0862647 0.421434 0.714608 -0.00950691 0.00307219 -0.00268696
-0.0863387 0.49564 0.715609 -0.0102125 0.00303904 -0.00266419
-0.0859783 0.363645 0.692516 -0.00924731 0.00325278 -0.0026028
-0.0806709 0.532581 0.741587 -0.0104025 0.00311719 -0.00278169
-0.086161 0.372888 0.699384 -0.00939027 0.00334963 -0.00271112
-0.0871409 0.537329 0.761406 -0.0102543 0.00294197 -0.00311616
-0.105352 0.406159 0.72581 -0.00943741 0.00321471 -0.00282817
-0.101911 0.459257 0.745827 -0.00995566 0.00336338 -0.00294134
-0.105707 0.455607 0.716952 -0.0101519 0.00348751 -0.00302994
-0.105677 0.513283 0.75441 -0.0102128 0.00355551 -0.0030399
-0.0892236 0.480007 0.645869 -0.00829068 0.00303712 -0.00302171
-0.105679 0.21431 0.489622 -0.00471133 0.00269382 -0.00293893
-0.115117 0.33599 0.542696 -0.00531776 0.00297755 -0.00347213
-0.117667 0.439157 0.614963 -0.00668108 0.00338375 -0.0036021
-0.123101 0.319714 0.58559 -0.00701369 0.00349015 -0.00333068
-0.110727 0.410206 0.657845 -0.00792567 0.00314508 -0.00315261
-0.110904 0.413193 0.663587 -0.00801784 0.00299574 -0.00296972
-0.10507 0.359823 0.671977 -0.00798234 0.00328802 -0.00285999
-0.105595 0.455335 0.668768 -0.00795222 0.00318397 -0.00307823
-0.104856 0.343947 0.659568 -0.00788064 0.00343162 -0.002828
-0.0984213 0.497931 0.638593 -0.00893177 0.00343317 -0.00314835
-0.100677 0.440434 0.682722 -0.00930854 0.00349246 -0.00304424
-0.0958681 0.495333 0.697706 -0.00992459 0.00342901 -0.00318229
-0.100266 0.426866 0.703497 -0.00994971 0.00354018 -0.00314149
-0.103728 0.500577 0.68538 -0.00983851 0.00328009 -0.00329596
-0.104385 0.349526 0.691995 -0.00981488 0.00325475 -0.00315079
-0.109532 0.517168 0.70286 -0.0102866 0.00315264 -0.00359155
-0.101957 0.374042 0.697429 -0.00989958 0.00317207 -0.00310353
-0.105734 0.546954 0.757713 -0.0114729 0.00313854 -0.00320294
-0.104018 0.415698 0.725595 -0.0104176 0.00343154 -0.00323195
-0.104263 0.547689 0.781711 -0.0113286 0.00380315 -0.00341542
-0.105684 0.416868 0.728828 -0.010198 0.00337919 -0.00320335
-0.098261 0.551747 0.788156 -0.0115913 0.00335086 -0.00309378
-0.0996116 0.464323 0.684304 -0.00848815 0.00321544 -0.00331848
-0.0861189 0.418147 0.718624 -0.00767535 0.00312016 -0.00273138
-0.0727791 0.476322 0.76934 -0.00854585 0.00293544 -0.00257944
-0.0692649 0.354988 0.757674 -0.00861631 0.00305067 -0.00260764
-0.0743399 0.49454 0.797424 -0.00969301 0.00298154 -0.00268414
-0.0879678 0.378372 0.755596 -0.00878632 0.00327985 -0.00267869
-0.0766243 0.516551 0.865365 -0.0106948 0.00384206 -0.00272457
-0.068851 0.421543 0.837342 -0.00994202 0.00353665 -0.00208056
-0.0698101 0.467316 0.864003 -0.00988673 0.00322771 -0.00235365
-0.0701522 0.50259 0.865195 -0.0103953 0.00354297 -0.00258993
-0.0708038 0.373296 0.844272 -0.0098131 0.00352257 -0.00236959
-0.0657851 0.51091 0.818089 -0.0106412 0.00388761 -0.00245071
-0.0369872 0.41715 0.852082 -0.0103376 0.00282419 -0.0016632
-0.0734794 0.498967 0.76034 -0.00902013 0.00308097 -0.00248448
-0.0873333 0.33246 0.770272 -0.00906778 0.00348915 -0.00249214
-0.0716781 0.50161 0.800748 -0.0106255 0.00323915 -0.00252512
-0.06792 0.347071 0.706829 -0.00780691 0.003543 -0.0023242
-0.0749772 0.523229 0.747117 -0.00795387 0.00311263 -0.00266998
-0.0728097 0.374312 0.755681 -0.00827407 0.00284884 -0.00231685
-0.0837484 0.467531 0.819729 -0.0100483 0.0032533 -0.00237486
-0.0871339 0.507982 0.78547 -0.0099625 0.00321477 -0.00289699
-0.0823622 0.407529 0.821872 -0.0109688 0.00361102 -0.00262292
-0.0842175 0.479538 0.786088 -0.0106909 0.00359049 -0.00286298
-0.117807 0.218716 0.575157 -0.00647274 0.00335253 -0.00296304
-0.127834 0.322563 0.558338 -0.00624456 0.00285318 -0.00304581
-0.118719 0.396842 0.598246 -0.00668825 0.0025946 -0.00309658
-0.117692 0.283871 0.541568 -0.00522581 0.00298414 -0.00277667
-0.110888 0.552264 0.676179 -0.00776206 0.0026862 -0.00309069
-0.123406 0.544814 0.687527 -0.00824194 0.00240273 -0.0031038
-0.124756 0.154872 0.513004 -0.00560559 0.00154182 -0.00256472
-0.126711 0.109376 0.434594 -0.00542906 0.00155811 -0.00287364
-0.114062 0.316701 0.479689 -0.00597319 0.00237128 -0.00318874
-0.0936281 0.335513 0.428376 -0.00547223 0.00214935 -0.0028359
-0.0923346 0.461574 0.552359 -0.0060811 0.002419 -0.00302163
-0.105941 0.508341 0.537621 -0.00596686 0.00233181 -0.00323062
-0.119762 0.534411 0.568927 -0.00739208 0.00216471 -0.00367578
-0.132643 0.497375 0.58579 -0.0075436 0.00223733 -0.00381281
-0.130091 0.503502 0.609519 -0.00740432 0.00254448 -0.00382394
-0.133572 0.378335 0.62927 -0.00809758 0.00257735 -0.00361004
-0.116228 0.372168 0.624198 -0.00729094 0.00257735 -0.00326933
-0.123124 0.328156 0.625925 -0.0071169 0.00275319 -0.0033924
-0.115924 0.253788 0.641136 -0.00790392 0.00291754 -0.00323925
-0.10561 0.35299 0.676691 -0.00879581 0.00346093 -0.00331685
-0.106607 0.348367 0.65381 -0.00792577 0.00321526 -0.00330305
-0.107114 0.420314 0.661901 -0.00851498 0.00318104 -0.00347432
-0.123998 0.429555 0.659109 -0.00824837 0.00314081 -0.00387219
-0.11848 0.415837 0.618738 -0.00821243 0.00322417 -0.00382954
-0.115952 0.461624 0.628709 -0.00717757 0.00267562 -0.00365323
-0.125252 0.405378 0.546647 -0.00573483 0.00279412 -0.00370059
-0.125298 0.49406 0.613335 -0.00665527 0.00267562 -0.00387313
-0.115707 0.330607 0.57787 -0.00623874 0.00267562 -0.00352852
-0.124498 0.375972 0.637092 -0.00721057 0.0028154 -0.00369274
-0.110756 0.351844 0.60652 -0.00775299 0.00296768 -0.00355226
-0.111277 0.38341 0.625813 -0.00766482 0.00308687 -0.00355243
-0.116437 0.206504 0.30635 -0.00143002 0.0019164 -0.00346789
-0.159636 -0.00322528 0.185441 0.00051116 0.00138133 -0.00382864
-0.15709 0.129669 0.277542 1.81e-06 0.00098538 -0.00385348
-0.151762 0.298805 0.402801 -0.00161635 0.00168201 -0.00382494
-0.130539 0.147679 0.362304 -0.00113196 0.00121061 -0.00342867
-0.141065 0.349628 0.408206 -0.0018945 0.00166773 -0.00402368
-0.130663 0.221823 0.402223 -0.00282825 0.00161949 -0.00384531
-0.14231 0.373627 0.446899 -0.00295319 0.00181005 -0.00399578
-0.126359 0.218793 0.402355 -0.00292412 0.00182238 -0.00379642
-0.127449 0.305023 0.420466 -0.00358923 0.00190574 -0.00379814
-0.127656 0.217419 0.354886 -0.00274739 0.00194717 -0.00378307
-0.142704 0.263525 0.384197 -0.00268774 0.00193784 -0.00401791
-0.144969 0.225964 0.369542 -0.00313215 0.00209366 -0.00412154
-0.144935 0.259481 0.390907 -0.00279411 0.00232573 -0.00420939
-0.144896 0.293484 0.377228 -0.00278991 0.00241863 -0.00423255
-0.128969 0.244087 0.34626 -0.00201028 0.00215683 -0.00371478
-0.0701315 0.37522 0.44019 -0.00392098 0.00215558 -0.00239316
-0.0408682 0.257676 0.342877 -0.00148547 0.00287904 -0.00202788
-0.0529022 0.429362 0.417509 -0.00230829 0.00214338 -0.00192219
-0.0528305 0.283983 0.381183 -0.00232461 0.0019362 -0.00191179
-0.052725 0.407035 0.315311 -0.00110152 0.00211603 -0.00190809
-0.104498 0.0778018 0.245431 -0.00027787 0.00147677 -0.00252628
-0.0631249 0.364217 0.420714 -0.00305598 0.00183256 -0.00181782
-0.0607503 0.166501 0.347356 -0.00171602 0.00172369 -0.0014828
-0.0533399 0.321514 0.547422 -0.0043003 0.00260342 -0.00161693
-0.04708 0.242136 0.520374 -0.00378747 0.00261807 -0.00149751
-0.0441216 0.319594 0.56782 -0.00469046 0.00293482 -0.00152437
-0.0477243 0.399852 0.594595 -0.00495051 0.00270515 -0.0017538
-0.0416717 0.36568 0.576428 -0.00486753 0.00304518 -0.00160148
-0.041645 0.504098 0.583882 -0.00485922 0.00313324 -0.00173745
-0.0368665 0.311175 0.555592 -0.00447727 0.0029476 -0.00158725
-0.046303 0.506685 0.625619 -0.00532336 0.00333746 -0.00168995
-0.0484246 0.318373 0.608499 -0.00559776 0.00336671 -0.00167583
-0.0454979 0.445864 0.706195 -0.00681607 0.00368438 -0.00190968
-0.0482632 0.395548 0.683313 -0.00585731 0.00352495 -0.0016645
-0.0486747 0.362123 0.729723 -0.00678178 0.00359629 -0.00186688
-0.0485683 0.424532 0.704357 -0.00587481 0.00340038 -0.00178779
-0.04839 0.289788 0.678461 -0.0055528 0.00361787 -0.00174288
-0.0490202 0.426608 0.700446 -0.00638701 0.0036017 -0.00195905
-0.0552688 0.333519 0.646078 -0.00512245 0.00343564 -0.00172101
-0.0506581 0.536494 0.69336 -0.00515349 0.00342569 -0.00192018
-0.046281 0.314245 0.664956 -0.00572259 0.00323586 -0.00169017
-0.0510231 0.442424 0.71956 -0.00643378 0.00362465 -0.00197091
-0.0534953 0.367034 0.693655 -0.00631887 0.00363928 -0.00193611
-0.0469934 0.462688 0.723212 -0.00698331 0.00361996 -0.00191755
-0.037957 0.390838 0.61547 -0.00569989 0.00354871 -0.0018929
-0.0467351 0.53623 0.679126 -0.0062685 0.00340135 -0.00210377
-0.0348109 0.25207 0.636113 -0.00529233 0.00317488 -0.00164349
-0.0359777 0.420243 0.72619 -0.00690622 0.00307111 -0.00183379
-0.0375781 0.310567 0.690567 -0.00641296 0.00317909 -0.00165951
-0.036901 0.433279 0.746453 -0.00681912 0.00314124 -0.00183385
-0.0394293 0.367287 0.720004 -0.00657063 0.0032331 -0.00172549
-0.0436322 0.424162 0.747637 -0.00733507 0.00338144 -0.00181313
-0.0390634 0.478224 0.742438 -0.0067486 0.00309149 -0.00150061
-0.0388197 0.341886 0.713493 -0.00636927 0.00324311 -0.00142508
-0.0453185 0.52957 0.78779 -0.00741831 0.00357339 -0.00184834
-0.0394789 0.389602 0.783905 -0.00804677 0.00379153 -0.00185951
-0.0297809 0.4639 0.835439 -0.00957763 0.00437075 -0.00212164
-0.032144 0.44239 0.793225 -0.0082355 0.0036122 -0.00202353
-0.0223679 0.404533 0.833635 -0.00946183 0.00420176 -0.00150555
-0.0120923 0.412948 0.820019 -0.00859402 0.00362287 -0.00128207
-0.0256623 0.340811 0.786856 -0.00767429 0.00370278 -0.00150529
-0.0336102 0.48615 0.810416 -0.00860559 0.00387993 -0.00196167
-0.035488 0.376747 0.809837 -0.00852665 0.00375329 -0.00181357
-0.0301913 0.543241 0.867472 -0.00985746 0.00364729 -0.00198165
-0.0314399 0.38691 0.811712 -0.00838303 0.00391347 -0.00176659
-0.0315323 0.510787 0.857494 -0.00903862 0.00444182 -0.00199857
-0.0305669 0.447476 0.855826 -0.00918025 0.0038173 -0.0017264
-0.0206696 0.473661 0.891165 -0.00968567 0.00427446 -0.00166882
0.00645581 0.409391 0.860239 -0.00948168 0.00393559 -0.00100947
-0.00795342 0.515043 0.946097 -0.0106484 0.00476929 -0.00141107
0.00043868 0.368069 0.784569 -0.00752891 0.00383603 -0.00095486
0.0106918 0.37221 0.830133 -0.00801639 0.00329256 -0.00089804
-0.0140272 0.470655 0.837404 -0.00858175 0.00333848 -0.00137036
-0.00779117 0.366976 0.837765 -0.00855847 0.00375538 -0.00118879
-0.0117231 0.508175 0.859025 -0.00916404 0.00310351 -0.00168749
-0.00573892 0.371733 0.826871 -0.00818495 0.00362436 -0.00108457
-0.0118118 0.513539 0.862452 -0.00874943 0.00376593 -0.00141176
-0.00965157 0.364953 0.848718 -0.00818495 0.00380782 -0.00126682
-0.0173705 0.511837 0.910368 -0.00975956 0.00393335 -0.00180589
-0.00543115 0.357967 0.847106 -0.00835568 0.00383016 -0.00124857
-0.00757334 0.534944 0.905376 -0.010136 0.00346299 -0.00162724
-0.0149968 0.41224 0.877132 -0.00963391 0.00383086 -0.00145505
-0.0192897 0.490395 0.908701 -0.0100014 0.00360313 -0.0017736
-0.0159503 0.410606 0.850545 -0.00864183 0.00369236 -0.00168839
-0.024904 0.459867 0.893682 -0.00987918 0.00362537 -0.00193082
-0.0223579 0.43735 0.873776 -0.00948971 0.00413261 -0.00204935
-0.0210636 0.508985 0.915553 -0.00997475 0.00356871 -0.00178006
-0.0163016 0.429424 0.903622 -0.00992643 0.00425861 -0.00172478
-0.0169044 0.505846 0.903504 -0.00958107 0.00371593 -0.00186141
-0.0126753 0.415766 0.878717 -0.00945701 0.00380208 -0.00134954
0.0100829 0.445093 0.907466 -0.00999268 0.00413376 -0.00137664
-0.01681 0.502348 0.891597 -0.0100026 0.00383506 -0.00174665
-0.0154751 0.388273 0.893574 -0.00954742 0.00427434 -0.00176166
-0.0178895 0.524826 0.8689 -0.00919965 0.00338892 -0.0019159
-0.0165602 0.389027 0.852702 -0.00894429 0.00410994 -0.00148092
-0.0200972 0.521973 0.88935 -0.00964891 0.00342343 -0.00189013
-0.0137255 0.395691 0.823888 -0.0076735 0.00394093 -0.00171503
-0.00431552 0.641903 0.966957 -0.0110113 0.00451343 -0.00129827
0.00529341 0.400122 0.922351 -0.00904935 0.00454922 -0.00079984
0.00629535 0.3479 0.923947 -0.00872339 0.0038224 -0.00080622
0.00411903 0.480702 0.942525 -0.0102939 0.00437903 -0.00082198
0.0171781 0.405204 0.813667 -0.00795757 0.00434173 -0.00111396
0.00288325 0.288206 0.641808 -0.00508765 0.00404844 -0.00120776
-0.0352395 0.390948 0.758218 -0.00678569 0.00385908 -0.00205034
-0.0209258 0.465113 0.803703 -0.00735906 0.0039746 -0.00196253
-0.0145237 0.384305 0.777938 -0.00689302 0.00414593 -0.00153311
-0.0203612 0.460073 0.848804 -0.00841254 0.00417065 -0.00200339
-0.0189722 0.475997 0.828322 -0.00831626 0.0041494 -0.00201726
-0.0110232 0.4211 0.857029 -0.00812859 0.00449049 -0.00159339
-0.00985751 0.474991 0.891444 -0.00890456 0.00456557 -0.00185079
-0.00601338 0.349097 0.863947 -0.00835078 0.00475901 -0.00170748
-0.00282973 0.494128 0.881697 -0.00934542 0.00430896 -0.00176426
0.00050374 0.359241 0.804668 -0.00849978 0.00455608 -0.00154887
-0.0218907 0.534592 0.871898 -0.00953815 0.00417144 -0.0022141
-0.0102204 0.371009 0.817265 -0.00825175 0.00420148 -0.00205713
-0.0149352 0.546133 0.916518 -0.0100346 0.00494051 -0.00220261
-0.00996101 0.388551 0.85896 -0.0085247 0.00478747 -0.00187358
-0.0203003 0.494801 0.877275 -0.00920048 0.00437874 -0.00200064
-0.0164116 0.467646 0.856946 -0.00896259 0.00408796 -0.0019304
-0.00546104 0.42196 0.88786 -0.00915076 0.00519613 -0.00186309
-0.0180691 0.526647 0.939668 -0.0100344 0.00469346 -0.00207082
-0.00510468 0.382816 0.912951 -0.00898421 0.00471209 -0.00163851
-0.02362 0.549625 0.973342 -0.0101567 0.00462948 -0.00220033
-7.943e-05 0.393173 0.919263 -0.00938511 0.00465009 -0.00146842
-0.00521442 0.481347 0.927046 -0.00947812 0.00457571 -0.00166988
-0.0109797 0.448241 0.949608 -0.010216 0.00473371 -0.00173745
-0.0199102 0.433556 0.940202 -0.00970268 0.0046055 -0.00198683
-0.0227158 0.4492 0.885849 -0.00923713 0.00444742 -0.00208238
-0.011798 0.476548 0.914478 -0.00937823 0.0042433 -0.00183949
-0.0114622 0.453931 0.891095 -0.00901077 0.00419317 -0.00212704
-0.0130632 0.449675 0.891646 -0.00880009 0.00487012 -0.00187656
-0.0236745 0.476275 0.894937 -0.00849493 0.00463907 -0.00219569
-0.00476411 0.409641 0.911332 -0.00861799 0.00509152 -0.00157281
-0.00052643 0.50303 0.916987 -0.00990396 0.00474362 -0.00165573
0.00198663 0.411733 0.881304 -0.00912013 0.00456224 -0.0016735
-0.0103294 0.529975 0.949085 -0.0103025 0.0050281 -0.00188495
-0.00891526 0.38372 0.896634 -0.00918121 0.00462939 -0.00177132
-0.0166553 0.527698 0.984613 -0.0106534 0.00492286 -0.00199878
-0.0207268 0.418455 0.904621 -0.00904094 0.00431331 -0.00187475
-0.0228286 0.4896 0.939292 -0.00972431 0.00406094 -0.00218597
-0.0241397 0.487938 0.927268 -0.00985415 0.00457778 -0.0022156
-0.0168337 0.436018 0.90206 -0.00860818 0.00451083 -0.0018457
-0.0218887 0.602299 0.992468 -0.010883 0.00455223 -0.0022527
-0.0149672 0.361966 0.965137 -0.0101269 0.0049168 -0.0016701
-0.0267769 0.568083 1.00599 -0.0107634 0.00472671 -0.00223018
-0.0165733 0.387037 0.940647 -0.009643 0.00484258 -0.00156041
-0.0223324 0.557206 1.00569 -0.0109417 0.00451273 -0.00198595
-0.0158997 0.441213 0.952738 -0.00998313 0.00493985 -0.00193054
-0.0286476 0.499366 0.967113 -0.0101245 0.00407871 -0.00213211
-0.0267958 0.487664 0.947911 -0.0105162 0.00470371 -0.00219722
-0.0190889 0.453131 0.941297 -0.00975999 0.00399095 -0.00203733
-0.0260045 0.534363 0.972727 -0.0109883 0.00460796 -0.00223366
-0.0058388 0.307695 0.766552 -0.00591734 0.00382374 -0.00153088
-0.0016855 0.410991 0.79008 -0.00635822 0.00380804 -0.00140757
-0.0242199 0.534766 0.888644 -0.00804674 0.00403322 -0.0019483
0.00147495 0.34538 0.831087 -0.00751422 0.00405481 -0.0012893
-0.0108101 0.537062 0.920582 -0.00985157 0.0044704 -0.00149923
-0.00948161 0.402125 0.869496 -0.00827486 0.00399214 -0.00147655
-0.00342796 0.458611 0.93817 -0.0092189 0.0043236 -0.00156933
-0.0115675 0.442825 0.903481 -0.00890591 0.00426408 -0.00161626
-0.019769 0.37529 0.891524 -0.00860056 0.00399076 -0.00177066
-0.0192123 0.493385 0.896885 -0.00940549 0.00388916 -0.00226119
-0.018689 0.424188 0.885536 -0.00866722 0.00365551 -0.00199976
-0.0212224 0.541981 0.968086 -0.010588 0.00451767 -0.00211742
-0.0105382 0.384822 0.919776 -0.00889719 0.00407603 -0.00150058
-0.0122898 0.610342 0.996303 -0.0103791 0.00447066 -0.00201823
-0.0001136 0.391506 0.921731 -0.00963293 0.00431457 -0.00151645
-0.0156338 0.546661 0.97338 -0.0107298 0.00444419 -0.00223438
-0.0219105 0.466622 0.960826 -0.0105625 0.0048018 -0.00228065
-0.0219879 0.433505 0.973101 -0.0100111 0.00474936 -0.00230926
-0.0224301 0.509886 0.955039 -0.0104368 0.00452764 -0.0024391
-0.029471 0.390889 0.954419 -0.0100201 0.00448876 -0.00219443
-0.0240274 0.561717 0.971156 -0.0106295 0.00436375 -0.00238569
-0.0233392 0.39515 0.959977 -0.00975887 0.00462052 -0.0020716
-0.0169227 0.626544 1.05932 -0.0116407 0.00483927 -0.00215742
-0.00562111 0.375125 0.979204 -0.00942612 0.00533665 -0.00159191
-0.0164773 0.563823 1.05559 -0.0118475 0.00457891 -0.0019435
-0.0256881 0.460534 0.974645 -0.0107729 0.00432615 -0.00218837
-0.0118001 0.482429 0.985573 -0.0110882 0.00469297 -0.00191306
-0.0225861 0.587374 1.04169 -0.012134 0.00487791 -0.00239253
-0.0219962 0.379037 0.972938 -0.0102989 0.00477877 -0.00213912
-0.0293144 0.585273 1.02529 -0.0119049 0.00485745 -0.00254391
-0.0225058 0.431045 0.968568 -0.0108213 0.00442831 -0.00231622
-0.0252222 0.53649 1.00046 -0.0110601 0.00447658 -0.0026316
-0.0224371 0.462299 0.909579 -0.00844573 0.00457559 -0.00232883
-0.0328911 0.528848 0.877339 -0.00678915 0.00466612 -0.00197255
-0.0192156 0.335261 0.881495 -0.00663113 0.00473296 -0.00112894
-0.0391502 0.237949 0.842158 -0.00583974 0.00470648 -0.00196513
-0.0619354 0.323992 0.893348 -0.007815 0.00468836 -0.00248003
-0.0336029 0.424228 0.926281 -0.00852977 0.0039102 -0.00205269
-0.0031222 0.360232 0.904735 -0.00809072 0.00477481 -0.00152956
-0.0208978 0.517356 0.927767 -0.00814608 0.00416357 -0.00221408
-0.0148056 0.421905 0.98233 -0.00905339 0.00462439 -0.00185127
-0.0217104 0.602295 1.01567 -0.0100723 0.00457351 -0.00249105
-0.0222773 0.439195 0.977559 -0.00878486 0.00459309 -0.00212918
-0.0231764 0.64304 1.06125 -0.0114761 0.00479141 -0.0024641
-0.0223106 0.411013 0.991653 -0.00963176 0.00431517 -0.00204895
-0.0227994 0.509683 1.04103 -0.0108843 0.00479725 -0.00232272
-0.0049184 0.444071 0.986164 -0.0104397 0.00463017 -0.00173335
-0.00128331 0.444567 0.971522 -0.0099452 0.0046812 -0.00184523
-0.0183284 0.52108 1.03493 -0.0110772 0.00508721 -0.00210982
-0.00521791 0.380454 1.00967 -0.0106324 0.00510368 -0.00168159
-0.0177038 0.571118 1.03502 -0.0111517 0.00497534 -0.00232397
-0.00099483 0.433146 0.983706 -0.0101079 0.00494609 -0.00187508
-0.0155453 0.58916 1.04635 -0.0111197 0.00489476 -0.00219402
-0.00545002 0.499337 0.993016 -0.0105994 0.00495228 -0.00201345
-0.00030119 0.482678 1.03198 -0.0105987 0.00553174 -0.00178568
-0.010041 0.606058 1.01769 -0.0102854 0.00511463 -0.00225239
-0.00034267 0.414705 1.05004 -0.01061 0.00534439 -0.0017707
-0.0118339 0.55883 1.09435 -0.0116816 0.00512829 -0.00198225
-0.00262303 0.415238 1.04377 -0.010432 0.00545325 -0.00194604
-0.013165 0.478324 1.0841 -0.010992 0.00527542 -0.00194805
-0.00785796 0.523831 1.08059 -0.0109648 0.00524042 -0.00192517
-0.00424219 0.402643 1.06691 -0.0102459 0.005235 -0.00191586
-0.0205291 0.588114 1.07262 -0.0107422 0.00485349 -0.00234184
-0.0205189 0.416933 1.06106 -0.0103962 0.00551674 -0.0020326
-0.021198 0.591262 1.12117 -0.0117923 0.00465047 -0.0021931
-0.00708839 0.435359 1.0729 -0.0108589 0.00482079 -0.00190372
-0.0060804 0.488253 1.10528 -0.0119592 0.00476054 -0.0017056
0.0113364 0.459274 1.09619 -0.0112293 0.00496361 -0.00129795
0.0157652 0.399243 1.04977 -0.0100477 0.00448269 -0.00129795
0.00439438 0.552373 1.1187 -0.0120307 0.00495117 -0.00168247
0.013745 0.393119 1.04494 -0.00997284 0.00438247 -0.00137291
0.0094581 0.534385 1.12018 -0.0114179 0.00481361 -0.00145395
0.0100483 0.484107 1.06622 -0.011092 0.00498419 -0.00133095
0.0081223 0.441784 1.08646 -0.0109217 0.00468193 -0.00139542
0.00882282 0.525264 1.07774 -0.0115159 0.00465224 -0.00148111
0.0085781 0.436946 1.08068 -0.0110017 0.0044056 -0.00137267
0.00622573 0.557626 1.09135 -0.0113717 0.00428644 -0.00147256
0.00781547 0.408335 1.03423 -0.00985245 0.00427887 -0.0013299
