0.00946626 0.0841325 0.0468451 -4.274e-05 -0.00159241 0.00029879
0.0158698 0.116353 0.0544363 -5.534e-05 -0.00167127 0.00054444
0.0166738 0.0443093 0.0807701 -0.0008138 -0.00209437 0.00046612
0.0310734 0.14242 0.0667497 -0.00065245 -0.00177909 0.00035834
0.0116237 0.0581899 0.12336 -0.0009905 -0.0023466 0.00018247
0.0114058 0.171726 0.103599 -0.00124401 -0.00241759 -0.00021846
0.0155604 0.155662 0.165851 -0.00201079 -0.00250249 0.00046612
-0.00460858 0.164468 0.154128 -0.00164108 -0.00296875 -0.00032409
0.00120302 0.227949 0.193403 -0.0022109 -0.0033276 -0.00021277
-0.0162131 0.180892 0.300502 -0.00340939 -0.00353049 -6.28e-05
-0.00420104 0.33438 0.28455 -0.00359883 -0.00348645 -0.00021277
-0.0149075 0.210296 0.290458 -0.00337246 -0.00377629 -0.00030538
0.00041044 0.336216 0.290718 -0.00412218 -0.00329569 -5.031e-05
-0.012203 0.282921 0.261472 -0.00289637 -0.00329535 -0.0005715
-0.0141105 0.21328 0.311232 -0.00346466 -0.00351422 -0.00021277
-0.0151753 0.380907 0.276753 -0.00281046 -0.00367528 -0.00035124
-0.0185196 0.276275 0.411562 -0.00524954 -0.00475095 5.46e-06
-0.00187781 0.415337 0.394784 -0.00551909 -0.00488013 -6.387e-05
-0.016562 0.283414 0.533495 -0.00750813 -0.0040696 -0.00046089
-0.0222136 0.382781 0.505318 -0.00699951 -0.00555557 -0.00021702
-0.0337616 0.410367 0.558812 -0.00766018 -0.00544975 -0.00044336
-0.0349887 0.343445 0.523497 -0.00681666 -0.00542928 -0.00059887
-0.0310204 0.459981 0.564066 -0.00809544 -0.00503089 -0.00042705
-0.0417011 0.312991 0.665231 -0.00815235 -0.00632095 -0.00054688
-0.0228824 0.472017 0.647654 -0.00977754 -0.00459658 -0.00057058
-0.030406 0.377505 0.56371 -0.00683948 -0.00521882 -0.00026077
-0.00888799 0.426121 0.46218 -0.00514978 -0.00521882 -0.0001564
0.00670414 0.519987 0.532592 -0.00497986 -0.00541495 1.103e-05
0.00764634 0.362887 0.523978 -0.00496888 -0.00493086 -0.00039627
0.00768131 0.468366 0.53332 -0.00504101 -0.00492606 -0.00056724
-0.00078072 0.390927 0.605892 -0.00698251 -0.00386631 -0.0003266
-0.00811788 0.453369 0.631603 -0.00820831 -0.00332794 -0.0003266
-0.0124641 0.415355 0.633597 -0.00750842 -0.00492792 -0.0003266
-0.00675757 0.445174 0.604066 -0.007143 -0.00552383 -0.00042114
-0.00572131 0.53 0.620072 -0.00813509 -0.00434062 -0.00041531
-0.0121411 0.338788 0.533406 -0.0059264 -0.00542624 -0.00037684
0.00509101 0.353555 0.401982 -0.00276798 -0.00314769 -0.00012574
-0.00642216 0.270886 0.389261 -0.00263538 -0.00367158 -0.00020783
-0.00703466 0.318109 0.526799 -0.00494095 -0.00445003 -0.00014122
-0.0058885 0.460577 0.538272 -0.00516958 -0.00450996 -0.0003238
-0.0345978 0.377519 0.632234 -0.00680743 -0.00391165 -0.0006623
-0.0205055 0.45426 0.611131 -0.00681205 -0.00435574 -0.00051966
-0.0387164 0.387196 0.592676 -0.00568083 -0.00652497 -0.00066031
-0.0352272 0.439683 0.575444 -0.00651051 -0.0055046 -0.00045468
-0.0318561 0.473371 0.649291 -0.00812534 -0.00341008 -0.000482
-0.0239498 0.33724 0.647973 -0.00671305 -0.00464232 -0.0002187
-0.00822616 0.473025 0.674132 -0.00754242 -0.00381521 -0.0007159
-0.0104378 0.379858 0.720237 -0.00802 -0.00463911 -0.00068807
-0.00201041 0.483724 0.793643 -0.00953991 -0.00451513 -0.00025218
-0.00692573 0.596931 0.776991 -0.00889366 -0.00464879 -0.00050218
-0.00218178 0.475876 0.854398 -0.0103297 -0.00371324 -0.00050218
0.0217106 0.543928 0.801259 -0.00898897 -0.00425944 -0.00018567
0.0239636 0.442308 0.834687 -0.00982809 -0.00529871 -0.00015669
0.00831692 0.622574 0.796076 -0.00958775 -0.00414544 -0.00014713
-0.00493749 0.466732 0.886958 -0.010581 -0.00386825 -0.0002163
0.00732704 0.656913 0.787733 -0.00935382 -0.00487748 -0.00036855
-0.00241393 0.551873 0.932453 -0.0113249 -0.00412469 -0.00027055
-0.0147846 0.489882 0.905934 -0.0105707 -0.00427243 -0.00036855
-0.00928254 0.661017 0.911369 -0.0107171 -0.00391437 -0.00020258
-0.0060891 0.507368 1.04628 -0.0131567 -0.00468198 -0.00023604
0.0166561 0.706031 0.929066 -0.0112833 -0.00417336 0.00022986
0.0225814 0.667238 0.902714 -0.0107891 -0.00439516 -9.485e-05
0.0224077 0.677324 0.933919 -0.0112175 -0.00421475 3.313e-05
0.00840999 0.71828 1.01842 -0.0129268 -0.00413361 -0.0002241
0.00813994 0.562238 1.02166 -0.0130389 -0.00489383 -3.07e-06
0.00204548 0.721615 0.91888 -0.0110743 -0.00458727 -0.00055958
0.00422146 0.583442 0.976352 -0.0118769 -0.00435163 -0.0002604
0.0252252 0.741833 0.958204 -0.0123403 -0.00407841 0.00022059
0.00487869 0.655223 1.05065 -0.0133199 -0.00384585 -0.00026502
0.00199671 0.614325 0.999695 -0.012312 -0.00411267 -0.00026502
0.00442061 0.784111 1.03275 -0.0135923 -0.00432606 -0.00015881
0.00490242 0.643215 0.948756 -0.0112934 -0.0039401 0.00016493
0.011363 0.807778 0.975726 -0.0128028 -0.00423274 -0.00013174
0.0310772 0.608409 0.993325 -0.0113514 -0.00323071 -0.00012436
0.0449859 0.574707 0.985554 -0.0101517 -0.00201791 -0.00047866
0.0102414 0.830895 0.883016 -0.00992229 -0.00371081 -0.00028294
0.0226427 0.569505 0.95111 -0.0110862 -0.00442994 -7.052e-05
0.0114765 0.758746 0.82892 -0.00976801 -0.00407743 4.43e-05
0.0216957 0.547668 0.852988 -0.00863593 -0.00542246 0.00028516
0.00955624 0.61871 0.916097 -0.0103997 -0.00306513 2.427e-05
0.00763966 0.588369 0.96551 -0.0110192 -0.0026451 -7.85e-06
0.0504572 0.56652 0.847893 -0.00898198 -0.00298417 0.00074949
0.0420501 0.793134 0.943038 -0.0104088 -0.00433719 0.00084623
0.0476044 0.624851 0.985819 -0.0107267 -0.00446362 0.00042288
0.0478171 0.807259 0.978926 -0.0109526 -0.00295727 0.00050606
0.0403058 0.683755 1.03097 -0.0119722 -0.00279305 0.00068148
0.0505829 0.788929 0.959468 -0.0109124 -0.00341594 0.00061055
0.0588807 0.732507 0.962917 -0.0107067 -0.00386933 0.00086555
0.0601512 0.652191 0.926839 -0.0100583 -0.00397706 0.00063876
0.0509168 0.808045 1.03786 -0.0133933 -0.00259889 0.00010542
0.0485707 0.688401 1.11209 -0.0134538 -0.00288332 -0.00028604
0.0740375 0.816915 0.99844 -0.011945 -0.00181247 0.0003856
0.0638064 0.818922 1.04423 -0.01233 -0.00300014 0.00027217
0.0637796 0.758311 1.0961 -0.0127298 -0.00251053 0.00044291
0.0722442 0.894707 1.0602 -0.0121689 -0.00247147 0.00040239
0.0524443 0.784332 1.08425 -0.0127227 -0.00260164 0.0002932
0.0567468 0.872345 1.12534 -0.0140218 -0.00301735 0.00022717
0.0629472 0.84251 1.14566 -0.0140388 -0.00273133 0.00011002
0.0508725 0.724571 1.05482 -0.0119876 -0.0027911 0.00025115
0.0308274 0.882392 1.17183 -0.0139952 -0.00210104 0.000442
0.035089 0.631749 1.15328 -0.0129799 -0.0035138 0.000285
0.0495124 0.787969 1.02938 -0.0118656 -0.0042508 -3.69e-06
0.0549345 0.817774 1.15963 -0.0126997 -0.00252454 -0.00018766
0.0521524 0.756946 1.18133 -0.0134398 -0.00173967 -0.00076456
0.0688929 1.0131 1.24523 -0.013453 -0.00176344 -0.0006261
0.0601592 0.813971 1.30094 -0.0148267 -0.00259137 -0.00091725
0.0495591 0.842859 1.24592 -0.0139845 -0.0023511 -0.00095362
0.047978 0.981761 1.22947 -0.0133024 -0.00212082 -0.00097036
0.0469133 0.790672 1.25374 -0.0135945 -0.00348036 -0.00075564
0.0591398 1.01348 1.26118 -0.0142336 -0.00296709 -0.00048876
0.031396 0.731082 1.29901 -0.0135972 -0.0035984 -0.00050956
0.0466923 0.931107 1.26965 -0.014434 -0.0027993 -0.00059685
0.0162097 0.881864 1.31068 -0.0141588 -0.00241688 -0.00085131
0.0295879 0.913021 1.2568 -0.0135861 -0.00279256 -0.00022632
0.0205465 1.12893 1.30006 -0.0147212 -0.00189384 -0.00014104
0.0224079 0.914627 1.30376 -0.0137852 -0.00315464 -0.00034967
0.00687527 1.10294 1.28494 -0.0130507 -0.00168208 -0.00018121
0.0119574 0.907009 1.41928 -0.0151259 -0.00375893 -0.00042237
0.0103938 1.04191 1.32382 -0.0145261 -0.00286066 -0.00024331
0.00696677 0.975746 1.47129 -0.0165416 -0.00417823 -8.595e-05
-0.00462439 0.873124 1.38349 -0.0149077 -0.00383471 -0.00043973
0.0120624 1.08556 1.36818 -0.0147028 -0.00316214 -0.00023522
0.0165802 0.930336 1.36692 -0.0143159 -0.00081355 -0.00036982
0.0176389 1.05459 1.3725 -0.0143162 -0.00136209 -0.00019701
0.0263929 0.859531 1.43226 -0.014342 -0.00123228 -0.00090909
0.0229352 1.04842 1.4234 -0.0154797 -0.00236515 -0.00017295
0.0241537 1.14046 1.37339 -0.0145539 -0.00152168 -0.00023121
0.00270383 0.962699 1.47746 -0.0164536 -0.00281977 -0.00035109
0.0261813 1.11933 1.40885 -0.0145339 -0.001892 -0.00056112
0.034265 0.956211 1.54158 -0.0169905 -0.00304731 -0.00052584
0.0349083 1.22429 1.40368 -0.0158222 -0.00141245 -0.00021186
0.0294757 1.08252 1.4734 -0.0158986 -0.00251095 -0.00021186
0.0365366 1.05977 1.43795 -0.0155167 -0.00182324 0.00012411
0.0378304 1.1559 1.45516 -0.0158822 -0.00296602 4.32e-06
0.0117361 0.981776 1.43174 -0.015057 -0.00171895 -0.00081441
0.0391225 1.19549 1.41551 -0.0150835 -0.00377004 0.00046924
0.0185105 1.0052 1.52356 -0.0161235 -0.00328888 -0.00033117
0.0325477 1.15906 1.4186 -0.0154966 -0.00196718 -0.00012859
0.0256052 1.14548 1.50672 -0.0165315 -0.00272808 -0.00020641
0.018777 1.02335 1.48965 -0.0157057 -0.00268497 -0.00021598
0.0350706 1.18608 1.55694 -0.0169804 -0.00379176 0.00011964
0.0225839 1.06638 1.5778 -0.0174828 -0.00351201 0.00014215
0.0163786 1.10386 1.49507 -0.0158481 -0.0031731 -0.000471
0.0145783 1.17458 1.51455 -0.016133 -0.00343956 -0.00025431
0.00793855 1.02771 1.49874 -0.0165253 -0.00364392 -0.00037069
0.0208042 1.24101 1.54032 -0.0166909 -0.00416102 5.257e-05
0.0343409 1.18636 1.54209 -0.0172048 -0.00148831 -0.00196637
0.0325608 1.18208 1.48737 -0.0163062 -0.00224108 -0.00055504
0.0364193 1.21224 1.48199 -0.0159343 -0.0013503 -0.00075962
0.045411 1.04451 1.50409 -0.0159343 -0.00211297 -0.00063973
0.035555 1.28385 1.45399 -0.0146039 -0.00168245 -0.00063973
0.028514 1.07176 1.51464 -0.0146593 -0.00231616 -0.00104332
0.0234278 1.15482 1.54619 -0.0159912 -0.00259399 -0.0008537
0.0161279 1.13614 1.48036 -0.0146932 -0.00249921 -0.00114142
0.0269804 1.09985 1.48169 -0.0151902 -0.00226919 -0.0007255
0.0306586 1.23623 1.49279 -0.0156189 -0.00204713 -0.00063809
0.00577194 1.01697 1.51382 -0.0157582 -0.00250405 -0.00110769
0.0207219 1.21925 1.504 -0.0158143 -0.00234191 -0.00097186
0.0122427 1.04926 1.50807 -0.0153901 -0.00176273 -0.00107412
0.0252595 1.23463 1.51593 -0.0170518 -0.00326159 -0.00058587
0.0104886 1.162 1.42672 -0.0139992 -0.00252154 -0.00096662
0.0166922 1.11387 1.53098 -0.0159729 -0.00339998 -0.00104433
0.00350766 1.22476 1.55057 -0.016459 -0.0033147 -0.00089876
-0.0037607 1.00383 1.55375 -0.0165927 -0.0033306 -0.00100808
0.00783165 1.24614 1.45141 -0.0146908 -0.00194511 -0.00107454
-0.00259593 1.1415 1.48302 -0.0154258 -0.0030627 -0.00068383
0.00246524 1.17039 1.42288 -0.0143313 -0.00280462 -0.00089016
0.0095338 1.14703 1.50494 -0.0157368 -0.00377327 -0.00063381
-0.0003648 1.09503 1.39847 -0.0150559 -0.00277801 -0.00092248
0.00728909 1.18573 1.46127 -0.0145834 -0.00277801 -0.00105336
-0.00583244 0.946447 1.57817 -0.0162805 -0.00326966 -0.00125673
0.00528157 1.18865 1.54716 -0.0163635 -0.00351072 -0.00120316
0.0062559 1.14662 1.54291 -0.0161309 -0.00299442 -0.00118931
0.0184465 1.12183 1.64632 -0.0190143 -0.00349163 -0.00076835
0.0223092 1.26576 1.5363 -0.0160597 -0.00310126 -0.00082543
0.00614909 1.12995 1.55894 -0.0165474 -0.00387002 -0.00093285
0.0182304 1.36438 1.49767 -0.0159812 -0.00243944 -0.000696
0.00427864 1.11581 1.51545 -0.0160498 -0.00320959 -0.00088876
0.0167651 1.11529 1.53143 -0.0156651 -0.00321681 -0.00087425
0.0173148 1.33343 1.51622 -0.0155242 -0.00208614 -0.00101895
0.0645322 1.03511 1.6021 -0.0176229 -0.00193532 -0.00105162
0.10309 1.1829 1.51879 -0.014584 -0.00093257 -0.00138028
0.0747478 1.23964 1.51591 -0.0147945 -0.00131588 -0.00145288
0.0559593 1.05859 1.56672 -0.0151226 -0.00250988 -0.00122164
0.0589599 1.19744 1.61215 -0.0173584 -0.00283598 -0.00114616
0.0410432 1.11098 1.55186 -0.0160679 -0.00284096 -0.00134445
0.0585109 1.17352 1.59556 -0.0174971 -0.00285825 -0.00103554
0.0333289 1.14261 1.56064 -0.015798 -0.00302065 -0.00113401
0.0339691 1.11579 1.57754 -0.0152755 -0.00297724 -0.00133249
0.0348902 1.2577 1.5859 -0.0157434 -0.00257601 -0.00102767
0.0177144 1.16001 1.59453 -0.014921 -0.00293417 -0.00155511
0.0279274 1.29762 1.64536 -0.0165974 -0.00308302 -0.0010991
0.0208514 1.18253 1.69352 -0.017449 -0.00408016 -0.00091247
0.0111309 1.41837 1.66647 -0.0157855 -0.00392333 -0.0010991
0.024712 1.31493 1.73053 -0.017194 -0.00314972 -0.00072743
0.0658241 1.57744 1.87126 -0.0208888 -0.00326856 0.00060473
0.0464876 1.2652 1.78805 -0.017278 -0.00322985 -0.00063116
0.0744117 1.12978 1.70402 -0.0160632 -0.00230869 0.00046564
0.108637 1.50435 1.61265 -0.0144655 -0.00126571 0.00027664
0.103235 1.42268 1.61731 -0.014276 -0.00150706 0.00036406
0.107976 1.25361 1.70129 -0.0158019 -0.00187282 0.00016352
0.107987 1.47696 1.69731 -0.0161748 -0.0017831 0.00044793
0.0954171 1.332 1.74482 -0.016829 -0.00182399 0.00034781
0.0998557 1.32794 1.67285 -0.0154295 -0.00173212 0.0002913
0.0885323 1.35673 1.68117 -0.0151977 -0.00178189 -3.174e-05
0.0805067 1.17826 1.69653 -0.0159489 -0.0022616 -3.174e-05
0.0882498 1.33138 1.69626 -0.0156357 -0.00236794 -0.00033924
0.0805401 1.19808 1.73083 -0.0156783 -0.00190143 -0.00053318
0.0985828 1.3202 1.68672 -0.0158064 -0.00220775 -3.346e-05
0.0922507 1.3666 1.77814 -0.0174837 -0.00155071 0.00013987
0.0979672 1.27809 1.73529 -0.0161684 -0.00161828 0.00036592
0.0889715 1.46295 1.67403 -0.0144722 -0.0019215 -0.0002657
0.0801798 1.29899 1.78683 -0.0167937 -0.00233239 -8.074e-05
0.0934229 1.42744 1.71342 -0.0158054 -0.00166501 0.00030594
0.0899801 1.40012 1.72733 -0.0163014 -0.00130323 -1.878e-05
0.0832672 1.21671 1.66542 -0.0161881 -0.00171824 0.00048998
0.106501 1.47835 1.60695 -0.0149092 -0.00100814 0.00023998
0.0897789 1.20661 1.78752 -0.0174453 -0.00144383 0.00048998
0.0872214 1.30535 1.62592 -0.0144798 -0.0011924 -5.279e-05
0.0923876 1.38279 1.70877 -0.0163383 -0.00168657 0.00041277
0.0986748 1.2895 1.66313 -0.0155416 -0.00157208 0.00055668
0.103124 1.4921 1.69242 -0.0156764 -0.00153437 0.00082829
0.098361 1.27796 1.7154 -0.0162666 -0.00159746 0.00070599
0.112395 1.50839 1.71256 -0.0170416 -0.00130499 0.00061837
0.0936827 1.41416 1.69414 -0.0157967 -0.00227711 0.00083312
0.0908227 1.28741 1.78106 -0.0174318 -0.00233891 0.00070599
0.130075 1.47908 1.70114 -0.0159405 -0.00151377 0.00070599
0.114796 1.39787 1.69106 -0.0150594 -0.00180427 0.00070599
0.10957 1.27816 1.7084 -0.0156781 -0.00218455 0.00037693
0.124147 1.44955 1.65035 -0.014289 -0.00126776 0.00056993
0.109093 1.24613 1.67623 -0.0136437 -0.00123196 0.00054127
0.120354 1.39427 1.70226 -0.0146477 -0.00124173 0.00058324
0.108697 1.32961 1.70902 -0.0152753 -0.00207414 0.00049
0.117635 1.29974 1.70377 -0.0155073 -0.00191893 0.00049614
0.115429 1.45122 1.70882 -0.0152134 -0.00208143 0.0005887
0.112321 1.29398 1.72631 -0.0154516 -0.00172483 0.00039812
0.0999108 1.45197 1.66362 -0.0138956 -0.00142227 0.00016722
0.101625 1.28443 1.77768 -0.0161616 -0.00199341 0.00049151
0.104393 1.40186 1.746 -0.0163762 -0.00248674 0.00044454
0.100388 1.3809 1.76187 -0.0158653 -0.00162281 0.00016722
0.106728 1.34875 1.64871 -0.0143325 -0.00163664 0.00056471
0.098837 1.40675 1.67712 -0.0147561 -0.00174914 0.00029906
0.0915068 1.23217 1.74889 -0.0159601 -0.00215823 0.0003145
0.0856789 1.42968 1.7383 -0.015374 -0.00240091 -0.00016573
0.0946178 1.2632 1.79931 -0.0167245 -0.0014965 0.00016722
0.0793833 1.39031 1.74471 -0.0159122 -0.00208952 -5.938e-05
0.0837969 1.33112 1.7499 -0.0159802 -0.00174718 7.451e-05
0.102486 1.35825 1.70158 -0.0159784 -0.00146095 0.00047881
0.0989302 1.46639 1.70522 -0.0158317 -0.00205599 0.00023316
0.099916 1.31357 1.73721 -0.0161675 -0.00219382 -6.988e-05
0.105551 1.41183 1.69042 -0.015239 -0.00130553 0.00041653
0.0945023 1.45866 1.79357 -0.017086 -0.0021765 0.0006931
0.0953683 1.29278 1.68209 -0.0145958 -0.00212952 0.00057937
0.0994099 1.4826 1.77133 -0.0168915 -0.00271938 0.00045205
0.0884544 1.29845 1.822 -0.0185433 -0.00285124 0.00056016
0.091258 1.31206 1.74482 -0.0189856 -0.00244118 0.00031016
0.107182 1.24934 1.56316 -0.0135358 -0.00047905 0.00020686
0.110493 1.1392 1.63046 -0.0163802 -0.00083291 0.00028971
0.119205 1.16952 1.5884 -0.0147978 -0.00098263 0.00028449
0.104919 1.36418 1.58963 -0.0147281 -0.00030936 0.00050458
0.0938398 1.13415 1.66289 -0.014283 -0.00198951 0.00082918
0.109103 1.31764 1.59858 -0.0140373 -0.00113123 0.00128614
0.106536 1.27942 1.62658 -0.0141877 -0.00131476 0.00090967
0.11335 1.20435 1.6076 -0.0141695 -0.00118912 0.00082045
0.107091 1.35599 1.65699 -0.0149046 -0.00163514 0.00075997
0.103523 1.19033 1.64434 -0.0135515 -0.00120701 0.00067595
0.111936 1.33901 1.65751 -0.014446 -0.00176933 0.00075997
0.0980593 1.26711 1.6806 -0.0148849 -0.00214974 0.0006531
0.106912 1.26238 1.66745 -0.0144871 -0.0021093 0.0005532
0.105809 1.41801 1.71357 -0.0156701 -0.00208883 0.00045105
0.0976109 1.22716 1.6776 -0.0138027 -0.00220618 0.00045369
0.108498 1.40837 1.64004 -0.0143079 -0.00153927 0.0009621
0.109089 1.3906 1.70344 -0.0157353 -0.00235585 0.00063588
0.131991 1.33229 1.65683 -0.0142158 -0.00098206 0.00063588
0.107332 1.52173 1.64315 -0.0138704 -0.00082494 0.00025638
0.101427 1.29341 1.65805 -0.0126466 -0.00047827 0.00023097
0.115206 1.36756 1.67971 -0.0139381 -0.00104957 0.00049826
0.111913 1.33508 1.70435 -0.013287 -0.00075345 0.00021853
0.108273 1.21783 1.75987 -0.0158308 -0.00141936 0.00030052
0.105373 1.42914 1.63204 -0.012892 -0.00068672 0.00019971
0.0921114 1.25273 1.69669 -0.0144446 -0.00177931 0.00027531
0.109921 1.44885 1.67371 -0.0146204 -0.0014476 0.00047188
0.102749 1.35761 1.70346 -0.0143654 -0.00145023 0.00079906
0.090015 1.24283 1.69592 -0.0152705 -0.00181823 0.00014705
0.105232 1.52842 1.68573 -0.0151049 -0.00124268 0.00047964
0.0764785 1.2543 1.71125 -0.01421 -0.00229624 -6.75e-06
0.106352 1.39074 1.75105 -0.0149966 -0.00196873 0.00051213
0.0959609 1.38572 1.805 -0.0165191 -0.0014711 0.00097552
0.083318 1.22826 1.82505 -0.0172541 -0.00186085 0.00097554
0.083628 1.40937 1.75247 -0.0144798 -0.00146735 0.000257
0.0654852 1.26029 1.74708 -0.0145036 -0.0024496 5.121e-05
0.0983354 1.53068 1.72339 -0.0151651 -0.00198563 0.00056169
0.0792618 1.44052 1.76224 -0.0151531 -0.00099429 0.00035172
0.063375 1.32571 1.71489 -0.0140478 -0.0019685 -0.00044972
0.0963134 1.59721 1.72299 -0.0144537 -0.00159673 0.00069912
0.0806349 1.28056 1.77989 -0.0153261 -0.002066 0.00021466
0.102205 1.41736 1.75407 -0.0152723 -0.0014241 0.00030043
0.0941145 1.34218 1.81372 -0.0157275 -0.0013445 0.00034133
0.092174 1.31525 1.82765 -0.0173771 -0.00219579 0.00041861
0.10081 1.47802 1.84255 -0.0173334 -0.00157757 0.00021466
0.077892 1.29114 1.77966 -0.0159375 -0.00199119 0.00021466
0.0953031 1.52431 1.72036 -0.0153381 -0.00112007 0.00058714
0.0825488 1.44919 1.72728 -0.0142365 -0.00208676 0.00070757
0.0743999 1.21395 1.69889 -0.0135253 -0.00182531 0.00014282
0.0643216 1.48271 1.653 -0.0120298 -0.00090553 0.00029953
0.0642107 1.30834 1.81994 -0.016613 -0.00208556 0.00055729
0.062569 1.33322 1.6829 -0.0125535 -0.00166545 -0.00032624
0.0687807 1.34941 1.69812 -0.0127668 -0.00192577 -0.00032655
0.0725236 1.19859 1.69907 -0.0137882 -0.00257211 0.00052687
0.0736321 1.34155 1.69782 -0.0126885 -0.00180177 0.00013564
0.0674619 1.17678 1.73129 -0.0133347 -0.00232697 0.00010114
0.0777499 1.31271 1.66957 -0.0134483 -0.00214536 0.00038539
0.0723113 1.37884 1.7198 -0.0135399 -0.0023587 0.0005015
0.0774693 1.21418 1.69053 -0.0136089 -0.00276562 0.00043357
0.0850756 1.49972 1.63648 -0.0131615 -0.00110935 0.00030079
0.0709899 1.30513 1.77049 -0.0139016 -0.00192332 7.261e-05
0.0879458 1.46553 1.73701 -0.01347 -0.00170837 9.355e-05
0.076021 1.41607 1.75314 -0.0133346 -0.00175636 -0.00029568
0.074672 1.28125 1.71321 -0.0137644 -0.00189056 0.00015001
0.0728399 1.41845 1.70574 -0.0141442 -0.00220149 -7.613e-05
0.0599907 1.20578 1.73595 -0.0139784 -0.00260044 -0.00043123
0.0733949 1.33119 1.76589 -0.0157282 -0.00237266 0.00043455
0.0794159 1.4459 1.71729 -0.0137806 -0.00258499 -0.00035603
0.0460057 1.18174 1.77044 -0.0151125 -0.00229836 -0.0007118
0.055189 1.44702 1.72304 -0.013193 -0.00227364 -0.00077174
0.0723655 1.36841 1.71047 -0.0138889 -0.00197507 -4.827e-05
0.0468619 1.39496 1.71037 -0.0136415 -0.00256066 -0.00080249
0.0582048 1.41436 1.76941 -0.0154965 -0.00252872 0.0003064
0.0450448 1.21866 1.75156 -0.0153541 -0.00208785 -0.00019372
0.0482216 1.43873 1.7115 -0.0134236 -0.00226687 -0.00080249
0.0462016 1.27049 1.75642 -0.0147181 -0.0022969 -0.00042445
0.0551431 1.40241 1.70487 -0.0139091 -0.00237082 -0.00061005
0.0571409 1.47357 1.83232 -0.0168144 -0.00254747 -0.00027038
0.0483521 1.30109 1.71677 -0.0141027 -0.00301729 -0.00027038
0.0377469 1.48225 1.7333 -0.0139934 -0.00242149 -0.00082454
0.0363195 1.3407 1.78471 -0.0156887 -0.00231136 -0.00078179
0.0549145 1.49836 1.75324 -0.0153356 -0.00251435 0.00034261
0.0508395 1.46069 1.72568 -0.0147061 -0.00218745 0.00052745
0.0460841 1.23011 1.75626 -0.0149837 -0.00241054 9.826e-05
0.0529845 1.49784 1.72516 -0.0143408 -0.00206717 -0.00041018
0.043325 1.29883 1.81289 -0.0157332 -0.00272906 -0.00053954
0.0401114 1.48787 1.72779 -0.0133678 -0.00246816 -0.00075373
0.0364179 1.37528 1.82348 -0.0162498 -0.00239478 -0.00043676
0.0436135 1.41324 1.75449 -0.0148854 -0.00273348 -0.00037434
0.0511326 1.4959 1.78541 -0.016138 -0.00233412 0.00041505
0.0591238 1.3302 1.75088 -0.015525 -0.00269655 0.00044105
0.0332683 1.44651 1.82346 -0.0171877 -0.00225049 0.00037008
0.0230855 1.26787 1.76677 -0.0156363 -0.00328086 -5.41e-06
0.0369912 1.45891 1.68266 -0.0132135 -0.00237407 -1.54e-06
0.0278244 1.38133 1.72587 -0.0137298 -0.00265261 -0.00012519
0.0367465 1.30972 1.70093 -0.0139308 -0.00260051 -0.00028814
0.0396244 1.45891 1.73005 -0.0143121 -0.0022658 -0.00039081
0.0319211 1.25229 1.72951 -0.0132981 -0.00246381 -0.00031877
0.0485805 1.44142 1.69244 -0.014405 -0.00280064 0.00015339
0.025307 1.33996 1.70293 -0.0143673 -0.00251071 -0.00052251
0.0311014 1.3394 1.69486 -0.0135843 -0.00233054 -0.00047058
0.0354647 1.5345 1.67691 -0.0133821 -0.001936 -3.793e-05
0.0407577 1.33868 1.72609 -0.0151063 -0.00268032 0.00065928
0.0416182 1.48469 1.72802 -0.015023 -0.00202405 0.00034155
0.0422869 1.35723 1.72525 -0.014786 -0.00248105 0.0004157
0.04819 1.47966 1.70259 -0.0142122 -0.0027393 0.00038385
0.0385906 1.4197 1.76698 -0.0154576 -0.0027047 0.00070329
0.0841245 1.67036 1.83067 -0.0176511 -0.00202105 0.0016757
0.0619098 1.63101 1.8413 -0.017812 -0.00217306 0.00158056
0.0443749 1.38742 1.84076 -0.0173942 -0.00243648 0.00111763
0.0627357 1.61559 1.77735 -0.0156649 -0.0021977 0.0010171
0.0603078 1.48021 1.78809 -0.0164742 -0.0012 0.00113959
0.0725843 1.53419 1.70674 -0.012837 -0.00255362 0.00064123
0.0759714 1.59173 1.77351 -0.0146231 -0.00073806 0.00015105
0.0849599 1.37816 1.81089 -0.0153563 0.00068307 0.00058061
0.0968847 1.56813 1.74516 -0.0146628 -0.00043827 0.00074565
0.0663809 1.14166 1.65825 -0.0129593 0.0006694 0.00139911
0.0773545 1.41599 1.65651 -0.0146473 0.00087316 0.00136914
0.07522 1.33811 1.71029 -0.0138837 -8.616e-05 0.00111996
0.0768314 1.34842 1.80759 -0.0172036 3.756e-05 0.00131617
0.0795751 1.44041 1.79722 -0.015972 -0.00064106 0.00128019
0.0776392 1.31998 1.69808 -0.014392 -0.00080416 0.00109041
0.0806554 1.51189 1.71735 -0.0142139 -0.00065892 0.00130977
0.0898243 1.31809 1.69737 -0.013942 -0.00043562 0.00081268
0.0867324 1.51657 1.66981 -0.0131612 -0.00076735 0.0004881
0.0786178 1.35687 1.79608 -0.015942 -0.00169209 0.00115046
0.0820872 1.35373 1.70388 -0.0133133 -0.00100805 0.0007888
0.0833407 1.46524 1.74351 -0.0142245 -0.00226461 0.00149404
0.0691794 1.18745 1.87804 -0.0170964 -5.489e-05 0.00056262
0.0715947 1.44448 1.70647 -0.0128194 -0.00050409 0.0011248
0.079986 1.45278 1.75395 -0.0146754 -0.00051807 0.00049773
0.0655814 1.42081 1.85657 -0.0166626 -0.00095784 0.00074719
0.0756369 1.59756 1.86035 -0.0169984 -0.00082768 0.00183243
0.0668784 1.42323 1.78367 -0.015465 -0.00083633 0.00175025
0.0644183 1.54263 1.79729 -0.0149267 -0.00031432 0.00178791
0.0684753 1.35661 1.8237 -0.0156645 -0.00053431 0.0011749
0.067088 1.50503 1.82631 -0.0153002 -0.00043559 0.00162363
0.0739373 1.52027 1.80841 -0.0146008 -0.00116048 0.00106936
0.0775843 1.47717 1.80905 -0.0158129 -0.00086226 0.00158052
0.0855171 1.69157 1.77097 -0.0141714 -0.00081262 0.00161274
0.0690926 1.43747 1.88389 -0.0155446 -0.00081808 0.00138532
0.0888347 1.56548 1.84137 -0.0161548 -0.00072727 0.0012964
0.0814261 1.60305 1.82102 -0.0153799 -0.00065824 0.00139506
0.0828991 1.37221 1.85518 -0.0158922 -0.00146957 0.00119022
0.0973355 1.62311 1.76322 -0.0148832 -0.00085482 0.00142588
0.0973434 1.41275 1.87098 -0.0157902 -0.00135441 0.00114044
0.0984764 1.50463 1.78928 -0.0137457 -0.00150873 0.00147391
0.0995642 1.56899 1.82712 -0.0153966 -0.00123003 0.00125277
0.101711 1.44455 1.84897 -0.0151444 -0.00125943 0.00125277
0.0944089 1.66286 1.77799 -0.0140882 -0.00021297 0.00162755
0.08844 1.45801 1.94446 -0.0173618 -0.00083102 0.00091327
0.10336 1.52806 1.74836 -0.0122296 -0.00077784 0.00110863
0.107112 1.58108 1.89348 -0.0161303 -0.00047532 0.00110358
0.0916655 1.43926 1.87827 -0.0152029 -0.00076818 0.00126503
0.0902168 1.58243 1.9383 -0.0171145 0.00054507 0.00140664
0.0855506 1.53066 1.86003 -0.01589 -0.00092844 0.00093242
0.095139 1.46504 1.86398 -0.0163965 -0.0005626 0.0009084
0.108672 1.6245 1.82184 -0.0155103 -0.00030809 0.00094892
0.0878506 1.47744 1.86241 -0.0162914 -0.00055854 0.00112673
0.104421 1.57719 1.77205 -0.0139105 -0.00134161 0.00085169
0.081643 1.48144 1.88012 -0.0162526 -0.00110294 0.0007113
0.0863199 1.48695 1.84516 -0.0152322 -0.00077023 0.00062418
0.0819579 1.64636 1.83708 -0.0156522 -0.00035045 0.00056359
0.0908785 1.4475 1.8651 -0.0161191 -0.00049086 0.00064536
0.0923055 1.60111 1.86552 -0.0154208 -0.00026256 0.00102496
0.069437 1.33161 1.9054 -0.0147906 -0.00058985 0.00151812
0.0776337 1.45991 1.79752 -0.0123821 -0.00136064 0.00093857
0.0663111 1.49146 1.87865 -0.0148733 -0.00078625 0.00137255
0.0611656 1.42158 1.86114 -0.0146748 -0.0003581 0.00163756
0.0697737 1.67277 1.81887 -0.0155617 -0.0014052 0.00102043
0.0619399 1.4495 1.83001 -0.0154607 -0.00192894 0.00090871
0.0565346 1.59934 1.95502 -0.0188951 -0.00050002 0.00078717
0.0491906 1.36774 1.85401 -0.0148765 -0.00151661 -4.281e-05
0.0589144 1.61378 1.81298 -0.0149052 -0.00161151 0.00093644
0.0657678 1.47262 1.8645 -0.016118 -0.00247266 0.00093351
0.0620789 1.47659 1.85472 -0.0154523 -0.00183396 0.00099222
0.0468263 1.51194 1.85115 -0.0138706 -0.0025198 0.00051658
0.0607867 1.34416 1.89519 -0.0155169 -0.00120859 0.00122056
0.0513227 1.31056 1.65967 -0.0134088 -0.00138598 0.00140742
0.0482993 1.35955 1.69395 -0.0115596 -0.00084479 0.00140742
0.0561841 1.32291 1.80337 -0.0140582 -0.00191779 0.00159279
0.0713868 1.47438 1.83366 -0.0163927 -0.00142603 0.00184779
0.0624055 1.51398 1.75025 -0.0127357 -0.00215362 0.00094469
0.0610565 1.27666 1.78766 -0.0120913 -0.00148559 0.00139177
0.0816732 1.55936 1.76682 -0.0146911 -0.00185249 0.00139605
0.0654061 1.38845 1.75465 -0.0116127 -0.0013573 0.00097141
0.0637736 1.39944 1.85149 -0.0156431 -0.00119193 0.00131106
0.0673057 1.48337 1.85213 -0.0152889 -0.00199489 0.00136499
0.0617912 1.36768 1.77588 -0.0128016 -0.00132341 0.0014818
0.0687363 1.51032 1.84703 -0.0152844 -0.00173155 0.00145977
0.0649557 1.29046 1.87498 -0.0163871 -0.00201364 0.00133005
0.0677888 1.60568 1.76945 -0.0129061 -0.00172279 0.0013713
0.0606002 1.45346 1.8159 -0.0152661 -0.00183466 0.00143738
0.0583663 1.53279 1.75305 -0.0118935 -0.0002947 0.00058674
0.0528403 1.46741 1.82883 -0.0124629 -0.0028214 0.00032341
0.062212 1.34442 1.76341 -0.0130338 -0.00192855 0.00146761
0.0637032 1.42799 1.73205 -0.0155336 -0.00292371 0.00202591
0.0588769 1.28183 1.66193 -0.0131759 -0.00182185 0.00187553
0.0543253 1.40196 1.75754 -0.01327 -0.00182906 0.00169061
0.0615184 1.31382 1.8139 -0.0133147 -0.00162118 0.00144723
0.0569396 1.28596 1.75252 -0.0128573 -0.00114887 0.00133064
0.0652514 1.37495 1.82256 -0.014444 -0.00193628 0.00172378
0.0802337 1.28874 1.79656 -0.0132698 -0.00183341 0.00121122
0.0691111 1.5638 1.7661 -0.0133992 -0.00149103 0.00134158
0.0602968 1.34181 1.78937 -0.0132511 -0.00148973 0.00154369
0.0694748 1.53463 1.72779 -0.0119624 -0.00147249 0.00130916
0.0649097 1.33532 1.79581 -0.0133122 -0.00143595 0.00118894
0.0738621 1.38833 1.76774 -0.0134698 -0.00168283 0.00103135
0.0779087 1.36183 1.83349 -0.0147204 -0.00225454 0.00157124
0.0774142 1.21623 1.74428 -0.0128578 -0.00101846 0.00236884
0.0732444 1.29854 1.68406 -0.0111445 -0.00036503 0.00202605
0.0839768 1.2799 1.7723 -0.0114815 -0.00042994 0.00170475
0.103937 1.28672 1.75759 -0.0126512 0.00031626 0.00207863
0.0870399 1.47665 1.69989 -0.0120007 -0.00040839 0.00162136
0.0993188 1.29416 1.8615 -0.0162155 -0.00170443 0.00146752
0.0825349 1.46817 1.77522 -0.0126144 -0.0011871 0.00110676
0.0793425 1.43032 1.79201 -0.0143142 -4.643e-05 0.00184263
0.0891515 1.43722 1.77853 -0.0135565 -0.00114024 0.00173274
0.0717613 1.36257 1.85763 -0.0144361 -0.00090843 0.00079844
0.0633936 1.49422 1.92127 -0.0163223 -0.00061819 0.00109695
0.0939752 1.51356 2.03917 -0.019262 -0.00166314 0.00205873
0.0828297 1.58575 1.86936 -0.0156313 -0.00058196 0.00202932
0.0821747 1.45826 1.8981 -0.0135755 -0.00140444 0.00167784
0.0813625 1.41085 1.98878 -0.0151286 -0.00044174 0.001787
0.0881871 1.60097 1.86946 -0.0145199 -0.0014277 0.0015613
0.0775379 1.52406 1.85714 -0.0137252 -0.00132871 0.00111588
0.0823447 1.50119 1.90114 -0.0128598 -0.00075884 0.00144129
0.0799857 1.66413 1.89753 -0.0141524 -0.00104505 0.00158866
0.0748948 1.47589 1.89362 -0.0149533 -0.00029108 0.00183313
0.0665935 1.56818 1.82481 -0.0129675 -0.00245078 0.00151366
0.0485981 1.21499 1.74308 -0.0153374 -0.00354188 0.00179945
0.0645267 1.26317 1.60928 -0.0132056 -0.00186934 0.00159851
0.0478284 1.23 1.74062 -0.015097 -0.00233607 0.00120937
0.0341364 1.27117 1.83142 -0.0142941 -0.00195742 0.00094014
0.0297872 1.31438 1.85362 -0.0136662 -0.00198784 0.00106413
0.0378921 1.4088 1.92751 -0.0155174 -0.00096524 0.00063064
0.0453667 1.39181 1.87114 -0.0134883 -0.00113884 9.273e-05
0.0482509 1.40315 1.90741 -0.0148249 -0.00213406 0.00039774
0.0478261 1.53013 1.97556 -0.016638 -0.00150191 0.00063317
0.0307233 1.32138 1.93478 -0.0139933 -0.00130593 0.00086363
0.0504443 1.58288 1.94822 -0.0144632 -0.00168781 0.00110441
0.0494961 1.35242 1.9086 -0.0138766 -0.00126546 0.00128813
0.063125 1.36439 1.89903 -0.0133328 -0.00115352 0.00067253
0.105663 1.28266 2.01936 -0.0136254 0.00058426 0.00023676
0.0998911 1.23105 2.0198 -0.0130935 0.00023937 6.09e-05
0.0741161 1.44827 2.02627 -0.0129149 -0.00086471 0.00099178
0.063117 1.21919 1.92434 -0.0126863 -0.00174751 0.0007403
0.0695122 1.40488 1.95269 -0.0146167 -0.00247988 0.00070324
0.05348 1.25836 1.93563 -0.0136818 -0.00188206 0.00069412
0.0612314 1.32657 1.94593 -0.0132899 -0.00216067 0.00070331
0.0499112 1.30977 1.94797 -0.0139235 -0.00195519 0.00014634
0.0535557 1.23814 1.90441 -0.0132164 -0.00219349 0.00039264
0.067529 1.47207 1.92124 -0.0135289 -0.00266651 0.0005971
0.0343887 1.19262 2.01348 -0.0138716 -0.00208757 -0.00034756
0.0534151 1.33604 1.97147 -0.0126271 -0.00260686 -0.0007257
0.0527708 1.47664 2.018 -0.0143621 -0.00173498 -0.00055792
0.0445302 1.26917 2.06175 -0.0145073 -0.00201632 -0.00066865
0.0528888 1.47081 2.05598 -0.0147615 -0.00200004 -0.00043252
0.0471485 1.36375 2.05411 -0.015026 -0.00283863 -0.00033485
0.0418958 1.38265 1.98133 -0.0131995 -0.00291034 -0.00061298
0.0280405 1.31872 2.16688 -0.0179629 -0.00198193 -0.00092006
0.0534217 1.31971 2.16303 -0.0186052 -0.00226267 -0.00057038
0.047124 1.53897 2.04541 -0.0154069 -0.00301474 -0.00019947
0.0428685 1.31826 2.12048 -0.0158415 -0.00289797 -0.00019981
0.0529443 1.53713 2.1348 -0.0163136 -0.00253942 -0.00031867
0.0344664 1.39025 2.14787 -0.015243 -0.00361407 -0.00080971
0.0499994 1.48723 2.17892 -0.0171307 -0.00240126 -0.00074874
0.0527743 1.51071 2.16718 -0.0170621 -0.00258082 -0.00047391
0.0513977 1.37735 2.19948 -0.0182902 -0.00272481 -0.0003522
0.0642264 1.59285 2.1735 -0.0177737 -0.00290025 -0.00020997
0.0307074 1.48267 2.07401 -0.0133505 -0.00166165 -0.00115124
0.044663 1.33025 2.24594 -0.0183876 -0.00282166 -0.00087893
0.0496932 1.46952 2.1195 -0.0158979 -0.00320072 0.00016474
0.0653072 1.33336 2.09963 -0.0156813 -0.00320453 0.00012658
0.0703306 1.54379 2.06209 -0.0150675 -0.00212215 0.00019477
0.0751761 1.42297 2.18354 -0.0174884 -0.00078201 0.00012056
0.0932174 1.29566 2.26594 -0.0173015 -2.919e-05 -0.00012752
0.0998159 1.60996 2.35597 -0.0174976 -0.00052199 5.263e-05
0.0790295 1.7194 2.14113 -0.0137492 -0.00153282 0.00020842
0.0681923 1.41144 2.27056 -0.0179352 -0.00121866 -0.00025746
0.069131 1.44664 2.11049 -0.0136933 -0.00232145 -0.00036895
0.068564 1.36921 2.2736 -0.0178604 -0.00250619 -0.00014955
0.0482238 1.19026 2.20854 -0.0159192 -0.00245426 -0.00077098
0.0649144 1.36154 2.07716 -0.0137701 -0.00290128 -0.00040226
0.0546363 1.19034 2.26027 -0.0181892 -0.00201708 -0.00045868
0.0675481 1.47602 2.15809 -0.0165048 -0.00263946 0.00022015
0.0564956 1.3638 2.15468 -0.0149881 -0.00310793 -0.00069214
0.0644212 1.56081 2.12431 -0.0156177 -0.00330345 -0.00011
0.0614801 1.49414 2.20209 -0.0167731 -0.00188807 -0.00023514
0.0686796 1.3717 2.27393 -0.0184081 -0.00275519 -0.00023514
0.0665978 1.67701 2.16731 -0.0164849 -0.00301115 0.00027685
0.0602191 1.38256 2.31402 -0.0196373 -0.00329855 -0.00020485
0.070262 1.33114 2.21624 -0.0175556 -0.00317796 -0.00041177
0.0695917 1.47093 2.25047 -0.0192705 -0.00238883 0.00018267
0.0740459 1.32107 2.18814 -0.0164752 -0.00300363 -0.00046236
0.0686721 1.53596 2.24709 -0.0183932 -0.0021087 -0.00015386
0.0514248 1.3222 2.26489 -0.0179259 -0.00303959 -0.00060549
0.0799364 1.62855 2.31597 -0.0205017 -0.00071031 0.00034407
0.0881825 1.54701 2.36499 -0.0218259 -0.00034189 0.0011331
0.0914106 1.64016 2.26841 -0.0198259 -6.491e-05 0.00044084
0.098162 1.5818 2.27188 -0.0197502 -0.000528 0.00066025
0.111928 1.61281 2.25646 -0.0203834 -0.00038293 0.00099971
0.094186 1.71457 2.2377 -0.0178754 -0.00105209 0.00069931
0.0912371 1.44676 2.31441 -0.0191016 -0.00082502 0.00020282
0.0984678 1.71614 2.20794 -0.0171923 -0.00132477 0.00080588
0.0949535 1.58413 2.2944 -0.0191408 -0.00091027 0.00061364
0.120318 1.63492 2.21417 -0.0171822 -0.00122185 0.00101293
0.0995669 1.66307 2.30954 -0.0197555 -0.00121292 0.00136477
0.113268 1.38101 2.33436 -0.0196822 -0.00074354 0.00075811
0.108174 1.63904 2.29343 -0.0192095 -0.00067093 0.00084218
0.0959975 1.46718 2.25277 -0.0182482 -0.00103842 0.00030984
0.122682 1.49471 2.32089 -0.0200716 -0.001111 0.0007036
0.10204 1.62412 2.26435 -0.0180076 -0.00070577 0.00089698
0.110761 1.50659 2.28605 -0.0187729 -0.00101443 0.00049566
0.112708 1.68484 2.26138 -0.0177333 -0.00105439 0.00042145
0.113667 1.49205 2.38911 -0.0213758 -0.00179002 0.00105001
0.113903 1.63666 2.28792 -0.0186956 -0.00157727 0.00103147
0.116208 1.61956 2.27464 -0.0182244 -0.00079576 0.00048479
0.113184 1.50797 2.28524 -0.0191514 -0.00059479 0.00054738
0.10956 1.69886 2.25251 -0.0184929 -0.0002044 0.00068439
0.112443 1.47609 2.29402 -0.0194644 -0.00026065 0.00086128
0.120831 1.68504 2.24051 -0.0188063 -0.00099687 0.0009725
0.117241 1.66217 2.3029 -0.0199023 -0.00077654 0.00077043
0.117669 1.50708 2.30946 -0.0198553 -0.00036131 0.00096456
0.1161 1.69819 2.32769 -0.0202197 -0.00102257 0.0012993
0.107692 1.55767 2.32473 -0.0198773 -0.00026449 0.00077168
0.111072 1.6153 2.35123 -0.02057 -0.00064127 0.00101086
0.106362 1.57867 2.37391 -0.021384 -0.00051462 0.00084864
0.117632 1.45315 2.3037 -0.0192533 -0.00044009 0.00072924
0.121558 1.68431 2.27517 -0.0183305 -0.00036368 0.00084001
0.116486 1.57008 2.31147 -0.0197713 -0.00038623 0.00083228
0.125068 1.61875 2.30937 -0.0196436 -0.00030321 0.00080398
0.117472 1.75312 2.30536 -0.0195361 -0.00022673 0.00074522
0.119196 1.53464 2.36923 -0.0214312 -0.00042857 0.00100081
0.130352 1.72226 2.32459 -0.0201447 -0.00055242 0.00103069
0.132135 1.59436 2.30411 -0.0195142 -0.00101513 0.00145881
0.135861 1.57462 2.28267 -0.0193952 -0.00020072 0.00080784
0.133788 1.71316 2.30669 -0.0189177 -8.215e-05 0.00086306
0.134116 1.50206 2.32776 -0.0205677 5.052e-05 0.00079699
0.139618 1.63454 2.2792 -0.0199767 -0.00034223 0.00089675
0.141734 1.5916 2.4042 -0.022122 -0.00072607 0.00181144
0.152218 1.35691 2.39098 -0.021477 -0.00010809 0.00126525
0.209064 1.69196 2.26283 -0.0181234 0.00076456 0.00143828
0.178422 1.53408 2.22165 -0.0180189 0.00060768 0.00110189
0.157654 1.6711 2.19856 -0.0182272 0.00045104 0.00133974
