0.00085147 0.0486751 0.0739501 -0.00016318 0.00037942 0.0002548
0.00051766 0.0435848 0.0840471 -0.00013839 0.00048076 0.00010182
0.00702694 0.100571 0.072437 -0.00013677 0.00058913 0.00012101
0.00445674 0.113829 0.0764396 -0.00031854 0.00069954 0.00026647
0.00721333 0.00670291 0.0772815 0 0.00058913 0.00020634
0.00105371 0.0369516 0.0671844 0 0.0009006 0.00021555
0.00705221 0.130141 0.0535003 -5.475e-05 0.00103031 3.083e-05
0.0161775 0.0468985 0.0390858 -6.505e-05 0.00103031 1.06e-05
0.0147678 -0.00032095 0.0367832 0.00036899 0.00058463 -4.386e-05
0.0165019 0.0641388 0.0338452 0.00010245 0.00074363 0.00014209
0.0121717 0.0636668 0.0312448 0.00022758 0.00061635 -1.967e-05
0.00924826 0.0409658 0.0408771 0.00032671 0.00061235 -4.271e-05
0.0139723 0.128173 0.0405425 0.00011152 0.00072553 -6.959e-05
0.0157083 0.0666543 0.0336553 0.00018152 0.00082198 -3.063e-05
0.0169592 0.0183169 0.0399756 0.00037101 0.00083934 1.72e-05
0.0145463 0.0687941 0.0386722 0.0002962 0.00086813 -6.12e-05
0.0084761 0.0911812 0.0335405 0.00022286 0.00086351 -8.706e-05
0.00551063 0.0207209 0.0331048 0.00039516 0.00074032 -6.832e-05
0.00693098 0.0755684 0.025855 0.00043188 0.00071754 -0.00012001
0.0112809 0.148878 0.023958 7.509e-05 0.00103031 -0.00012329
0.0154007 0.00614594 0.0281125 0.00055102 0.00108917 -0.00011339
0.0165857 0.0365048 0.0328648 0.00050554 0.00103031 -0.0001351
0.0193892 0.126212 0.0332667 0.00032045 0.00090646 -0.00015171
0.0164871 0.0174844 0.0198712 0.00052701 0.00091738 -0.00023608
0.00922281 0.0405438 0.0208683 0.00065424 0.00095637 -0.00019449
0.0141012 0.126723 0.0232294 0.00034742 0.00103031 -0.00025577
-0.00970416 0.0342774 -0.0259504 8.135e-05 0.00200652 0.00011386
-0.00654851 0.0493988 -0.0109035 1.95e-06 0.00160104 0.00016604
0.00077224 0.133828 0.0177644 -8.95e-06 0.00174776 -0.00012163
0.0116736 -0.00110073 -0.0028928 0.00052968 0.00185148 -0.00018937
-0.0149528 0.0179742 -0.0477869 0.00020716 0.00241711 -0.00014842
-0.0111119 0.0205769 -0.0371471 0.00037235 0.00205144 -0.00020536
0.00384063 0.129406 -0.0178505 0.00014946 0.00174044 -0.00037679
-0.00626448 0.0757362 -0.0553951 0.00034333 0.00214132 -0.00033798
0.00327713 0.022006 -0.0414532 0.00055109 0.00250089 -0.00039602
0.00524419 0.0469217 -0.0323605 0.00046727 0.00239929 -0.0004536
-0.0108552 0.0404114 -0.0581774 0.00038163 0.00252919 -0.00039
0.00356948 0.0318325 -0.0201491 0.00062852 0.00219501 -0.00049913
0.00603722 0.106587 -0.0222331 0.00048562 0.0021186 -0.00038364
0.00772657 0.0257064 -0.0406251 0.00063095 0.00255304 -0.0004382
0.00480439 0.0718089 -0.0321644 0.00086921 0.00265988 -0.00051132
-0.0136517 0.139057 -0.029767 0.00098078 0.00251312 -0.00059818
-0.0117029 0.0675077 -0.0155319 0.00103094 0.00260144 -0.00046025
-8.391e-05 0.141925 -0.0170181 0.00053618 0.00235012 -0.00064099
-0.0181572 0.0327691 -0.0478867 0.00077651 0.00275943 -0.00057052
-0.00855946 0.0328425 -0.027347 0.00075975 0.00234028 -0.00059266
-0.0178788 0.0263008 -0.0177902 0.00063336 0.00228589 -0.00074523
-0.0055669 0.103193 -0.0196885 0.00059253 0.00246641 -0.00086976
-0.00126708 0.0462429 -0.0373514 0.00080869 0.00271386 -0.00076826
-0.00128409 0.0348502 -0.0441076 0.00055201 0.00273785 -0.00079701
-0.00187005 0.0877201 -0.0340621 0.00057196 0.00241212 -0.00088776
-0.00235676 0.153953 -0.0352675 0.0004863 0.00245675 -0.00104399
-0.00182857 0.0758939 -0.0281076 0.00093283 0.00269525 -0.00096799
-0.0191327 0.153253 -0.0450738 0.0009886 0.0027982 -0.00090943
-0.0189013 0.104039 -0.0262464 0.00052244 0.00228661 -0.00103504
-0.0195917 0.160682 -0.0311511 0.00067629 0.00301608 -0.00096328
-0.00800172 0.0339136 -0.0372006 0.00064768 0.0028433 -0.00084513
-0.0281748 0.0665385 -0.0343325 0.0004525 0.00268267 -0.00071942
-0.0191976 0.0418 -0.0398956 0.00065516 0.00274569 -0.00096955
-0.0149343 0.136925 -0.0260786 0.00045816 0.00280173 -0.00102362
-0.0167091 0.10603 -0.0528543 0.00064173 0.00298049 -0.00112962
-0.0017802 0.0384483 -0.040786 0.0007204 0.00334524 -0.00117655
-0.00673571 0.0710262 -0.0305188 0.00085315 0.00314118 -0.00122631
-0.0074568 0.175287 -0.0273225 0.00070204 0.00312694 -0.00118002
-0.0139061 0.0621756 -0.0213476 0.00101111 0.00320361 -0.0012126
-0.0203207 0.189451 -0.0307292 0.00095345 0.00369812 -0.00138552
-0.0301543 0.111128 -0.0369358 0.00060328 0.00301143 -0.00136711
-0.0227428 0.125291 -0.0155053 0.00044004 0.00311261 -0.00159569
-0.0142154 0.140676 -0.0177509 0.00065626 0.0032727 -0.00134387
-0.0153779 0.0673457 -0.0127621 0.00089363 0.00313646 -0.00141477
-0.0188408 0.172531 -0.0229956 0.00065799 0.00335158 -0.00166077
-0.0261932 0.0722594 -0.024823 0.0008558 0.00303386 -0.00173772
-0.026717 0.0689642 -0.00187833 0.00077655 0.00293301 -0.00154516
-0.0196768 0.155867 -0.0058353 0.00049787 0.00344812 -0.00158765
-0.0219658 0.115362 -0.0358575 0.00078796 0.00361798 -0.00154967
-0.0327449 0.0514642 -0.0265479 0.00075003 0.00334525 -0.00152793
-0.031293 0.0943743 -0.0219071 0.00064096 0.00326702 -0.00160721
-0.0225168 0.185421 -0.02373 0.00034295 0.00354084 -0.00161863
-0.0217119 0.150789 -0.0578699 0.00084555 0.00417845 -0.00158737
-0.0310402 0.0798839 -0.0478595 0.001148 0.00416134 -0.00152648
-0.029388 0.137325 -0.0277058 0.00041192 0.00402555 -0.00159161
-0.0225501 0.121799 -0.035659 0.00050033 0.00409915 -0.00182974
-0.0194929 0.123819 -0.0376433 0.0004388 0.00424667 -0.00146764
-0.0202142 0.0879672 -0.0360222 0.00075743 0.00410414 -0.00147139
-0.0224035 0.104981 -0.0304987 0.00047081 0.00377604 -0.00166188
-0.0204388 0.139347 -0.0438244 0.00041796 0.00415384 -0.00176179
-0.0279318 0.0602106 -0.0362121 0.00073531 0.00404134 -0.00146426
-0.0298536 0.157027 0.00038344 0.00078491 0.00448839 -0.00157982
-0.0399607 0.13311 -0.00343015 0.00057581 0.00327582 -0.00169972
-0.0270973 0.197141 -0.0215398 7.901e-05 0.00431137 -0.00185878
-0.0329096 0.110084 -0.0705167 0.00033795 0.00446111 -0.00177539
-0.0297997 0.05535 -0.0508641 0.0005111 0.00434477 -0.00156388
-0.0297631 0.112806 -0.0263964 0.00021324 0.0043489 -0.00172233
-0.0316185 0.122083 -0.0853429 0.00017995 0.00477571 -0.00139022
-0.0338181 0.0999126 -0.0703094 0.00027344 0.00438337 -0.00157308
-0.0388289 0.129883 -0.0608097 0.00013037 0.00438257 -0.00160777
-0.0299447 0.15925 -0.0616751 0.00015271 0.00451276 -0.00181063
-0.0223621 0.11222 -0.107638 4.86e-06 0.00528416 -0.00162143
-0.0332019 0.0575599 -0.0859164 0.00049295 0.00496533 -0.00149207
-0.0328111 0.128887 -0.057687 0.00021905 0.00496163 -0.00172297
-0.0293516 0.110176 -0.100461 1.096e-05 0.0055578 -0.00163338
-0.0428422 0.0533697 -0.088325 0.00062593 0.00504678 -0.00175169
-0.0262074 0.0924054 -0.0871366 0.00027203 0.00526389 -0.00186861
-0.0225394 0.12603 -0.0986353 -8.605e-05 0.00523258 -0.00166044
-0.0228232 0.0546546 -0.0762314 0.00046155 0.00515887 -0.00176124
-0.0241974 0.200363 -0.0856993 0.00048488 0.00561135 -0.00187512
-0.0258224 0.0689413 -0.0920933 0.00020698 0.00502885 -0.00171521
-0.0322639 0.117192 -0.0835762 -4.944e-05 0.00534396 -0.00177234
-0.0479186 0.142205 -0.120252 0.00050149 0.00554036 -0.00181628
-0.0463169 0.0612999 -0.105498 0.00047383 0.00515618 -0.00153801
-0.0471826 0.0964357 -0.105358 0.00018161 0.00516159 -0.00183739
-0.0447712 0.0909346 -0.105599 0.00048392 0.00552759 -0.00183877
-0.046757 0.0519891 -0.0926185 0.00098203 0.00548403 -0.0018175
-0.0353927 0.137666 -0.13564 0.00083999 0.00617379 -0.00172441
-0.047196 0.0624178 -0.107602 0.0003619 0.00543945 -0.00179043
-0.0521427 0.0910183 -0.111359 0.00016058 0.00555225 -0.00182585
-0.0431501 0.145048 -0.104891 0.00039002 0.00567796 -0.00170205
-0.0525046 0.117398 -0.126997 0.00069954 0.00587832 -0.0018846
-0.0611117 0.0591822 -0.1049 0.00056204 0.00531515 -0.00189915
-0.0539564 0.116564 -0.112877 0.00014866 0.00542758 -0.00199877
-0.0574118 0.0433555 -0.117507 0.0005628 0.00533888 -0.00196518
-0.0608225 0.0600941 -0.103927 0.00072271 0.00525188 -0.00177869
-0.0546274 0.144643 -0.120648 0.00042897 0.00568659 -0.00199802
-0.0620836 0.0716457 -0.112855 0.00028551 0.00557676 -0.00186576
-0.0589911 0.126334 -0.0954139 0.0006184 0.00529647 -0.00189256
-0.0630423 0.156053 -0.137001 0.00044518 0.00577314 -0.00160649
-0.0665128 0.0431555 -0.117053 0.00047008 0.00538227 -0.00158475
-0.0653984 0.0852026 -0.120281 0.00032483 0.00543948 -0.00181592
-0.0517303 0.13333 -0.12673 -3.678e-05 0.00539568 -0.00168316
-0.0557677 0.11853 -0.148168 -2.197e-05 0.00572641 -0.00180027
-0.0624416 0.0325371 -0.134711 0.00023044 0.00539407 -0.00155124
-0.0626996 0.0312866 -0.118665 0.00043679 0.00529566 -0.00160814
-0.0536131 0.131493 -0.114348 -8.87e-06 0.00540941 -0.00167893
-0.063195 0.0550988 -0.120548 0.00033152 0.00529253 -0.00169657
-0.0584166 0.174779 -0.120015 -1.792e-05 0.00582217 -0.00189324
-0.0633329 0.0517196 -0.123534 -9.93e-06 0.00497224 -0.00161835
-0.0640463 0.1081 -0.0917956 -0.0005156 0.00510494 -0.00188989
-0.0586154 0.111336 -0.115334 -0.00013867 0.00532715 -0.00176084
-0.0621618 0.0858997 -0.124167 0.00014759 0.00554603 -0.00179143
-0.0556934 0.0421094 -0.113462 4.37e-05 0.00534337 -0.00149986
-0.0511714 0.139059 -0.111482 -0.00031014 0.00544149 -0.00190388
-0.0544232 0.0594707 -0.117442 1.314e-05 0.00558193 -0.00184542
-0.0614846 0.0785696 -0.113548 9.671e-05 0.00551644 -0.001862
-0.0569004 0.170607 -0.140456 -0.00030536 0.00638926 -0.00181849
-0.0652521 0.0800904 -0.138813 -1.449e-05 0.00582628 -0.0018409
-0.0650059 0.0959189 -0.101163 -0.00053138 0.0056915 -0.0017438
-0.0555541 0.127787 -0.12058 -0.00043293 0.00597126 -0.0017472
-0.0559686 0.0108078 -0.125666 0.00015467 0.00581182 -0.00157162
-0.0468981 0.111771 -0.148807 -0.00014233 0.00665115 -0.00172891
-0.0582161 0.0562904 -0.144342 0.00012548 0.00624876 -0.00174386
-0.0597852 0.0839588 -0.132726 1.924e-05 0.00611987 -0.00183615
-0.0580936 0.115466 -0.140871 0.00011826 0.0062548 -0.00190304
-0.0635401 0.101386 -0.151574 8.115e-05 0.00691701 -0.00201211
-0.0716365 0.0705159 -0.136998 0.00024361 0.00632111 -0.00191053
-0.0640295 0.131824 -0.129987 -7.467e-05 0.00622284 -0.00191694
-0.0637104 0.064473 -0.156004 0.00035871 0.00662492 -0.00197562
-0.0699988 0.116332 -0.151207 0.00022615 0.00677523 -0.00183829
-0.0800355 0.0596651 -0.148795 0.00021275 0.00639867 -0.00185377
-0.0665393 0.15127 -0.139598 -5.865e-05 0.00635819 -0.00212223
-0.0688128 0.0870422 -0.206318 -0.000557 0.00730465 -0.00201677
-0.066555 0.0443162 -0.183007 0.00012223 0.00688711 -0.00190534
-0.0591395 0.0745875 -0.152937 0.00026205 0.00688857 -0.00198965
-0.0466851 0.106215 -0.208713 -6.849e-05 0.00777365 -0.00218254
-0.0516135 0.0485528 -0.20532 0.00017127 0.00729786 -0.00189863
-0.0520389 0.0716976 -0.168423 0.00020496 0.00696005 -0.00191656
-0.0461103 0.131963 -0.190948 -4.469e-05 0.00766048 -0.00228741
-0.0287554 0.082515 -0.208407 -5.782e-05 0.00757033 -0.00214153
-0.040698 0.0569479 -0.172665 0.00020461 0.00719044 -0.00202468
-0.0372438 0.149286 -0.167369 0.00018534 0.00766869 -0.00219142
-0.0378004 0.0830227 -0.174178 0.00072994 0.00758094 -0.00214635
-0.00873205 0.292677 -0.147377 0.00035259 0.00787996 -0.00239484
0.0356433 0.263388 -0.0568577 0.00140806 0.00896659 -0.00276335
0.0215452 -0.0412161 -0.0946323 0.00182031 0.00864729 -0.00275704
0.00758275 -0.0115647 -0.0881151 0.00194717 0.00870811 -0.00287549
-0.0120199 0.0554317 -0.0974403 0.00213688 0.00863075 -0.00315916
-0.0262993 0.141777 -0.0998913 0.00222398 0.00864993 -0.00333668
-0.0297413 0.217603 -0.0872965 0.00207314 0.00841814 -0.00347951
-0.0322244 0.241358 -0.0970609 0.002218 0.008866 -0.0034571
-0.0398371 0.216217 -0.094609 0.00206767 0.00871803 -0.00350592
-0.0427053 0.209899 -0.0941947 0.00219536 0.00885575 -0.00350419
-0.045493 0.186581 -0.0949203 0.00224839 0.00880964 -0.00354472
-0.0445135 0.134869 -0.0972491 0.00237381 0.00874558 -0.00347365
-0.0472783 0.104794 -0.096401 0.00236728 0.00906055 -0.00349509
-0.0474145 0.120543 -0.0935547 0.00239939 0.00878346 -0.00337511
-0.0552538 0.0852293 -0.0897183 0.0024253 0.00876559 -0.00345148
-0.0493273 0.120513 -0.0864035 0.00235138 0.00882603 -0.00344548
-0.0496205 0.166409 -0.105855 0.00225035 0.00896694 -0.00359856
-0.0497501 0.117802 -0.103824 0.00209095 0.0084713 -0.0034929
-0.0498409 0.214096 -0.0976072 0.00178748 0.00878306 -0.00358453
-0.0493756 0.128378 -0.1151 0.00212732 0.00881179 -0.00347129
-0.0565475 0.14317 -0.113338 0.00204427 0.00882907 -0.00359021
-0.0501172 0.166962 -0.124146 0.00188429 0.00879159 -0.00370441
-0.0589948 0.070282 -0.14275 0.00254079 0.00892362 -0.0035931
-0.0498499 0.204829 -0.142213 0.00164681 0.00892682 -0.00363864
-0.0487151 0.0550816 -0.160418 0.00210513 0.00923244 -0.00343259
-0.0745811 0.132055 -0.219131 0.00226694 0.0104075 -0.00363334
-0.0750015 0.0579316 -0.204254 0.00181968 0.00923248 -0.00344087
-0.070974 0.164325 -0.168715 0.00218298 0.0089888 -0.00382982
-0.0644145 0.0916569 -0.185018 0.00218158 0.00924838 -0.00372446
-0.0821805 0.126062 -0.287855 0.0029205 0.00996542 -0.00362409
-0.0784796 0.0793899 -0.198666 0.00144441 0.00801453 -0.00314491
-0.0713656 0.156757 -0.164533 0.00149084 0.00830412 -0.0035779
-0.0645628 0.151722 -0.176565 0.0016942 0.00893254 -0.00364614
-0.0640327 0.0785888 -0.172004 0.00224911 0.008783 -0.00345282
-0.0729768 0.176253 -0.218221 0.00200247 0.00933464 -0.00354071
-0.0696407 0.104651 -0.208355 0.00159417 0.00912701 -0.00317499
-0.067577 0.106962 -0.171708 0.00190982 0.00889436 -0.00329264
-0.0672446 0.18119 -0.182286 0.00170224 0.0091806 -0.00378041
-0.0590133 0.121424 -0.190496 0.00160215 0.00878496 -0.00355733
-0.0641854 0.0677364 -0.16256 0.00214036 0.00877037 -0.00351336
-0.0643639 0.245773 -0.19802 0.00165297 0.00887519 -0.00356636
-0.0662753 0.151999 -0.217427 0.00259954 0.00889087 -0.00349814
-0.0611205 0.154649 -0.171585 0.00196695 0.00900159 -0.00355066
-0.0789504 0.18668 -0.200291 0.00134147 0.00927512 -0.00336243
-0.0668237 0.131329 -0.166907 0.0014067 0.0090155 -0.00334162
-0.0531361 0.157529 -0.137631 0.00152247 0.00918319 -0.00322654
-0.0499176 0.149056 -0.175532 0.00169233 0.00961325 -0.00343391
-0.0505732 0.0975095 -0.166439 0.00156935 0.0092763 -0.00332728
-0.0463638 0.127337 -0.166253 0.00169994 0.00944243 -0.00320354
-0.0421192 0.166115 -0.153417 0.00161054 0.0096453 -0.00340856
-0.038629 0.123506 -0.143466 0.00184456 0.00946051 -0.00326378
-0.0308695 0.213167 -0.222506 0.00165048 0.0113621 -0.00321928
-0.0396078 0.179376 -0.191338 0.00130226 0.00950151 -0.00317543
-0.0472641 0.153113 -0.164339 0.00157191 0.00947138 -0.00320381
-0.0344065 0.189519 -0.157136 0.00148496 0.00979748 -0.00335691
-0.0407171 0.164438 -0.191699 0.00087747 0.0107337 -0.00256608
-0.0459713 0.113499 -0.160678 0.00121738 0.00965509 -0.0027042
-0.032368 0.163994 -0.118223 0.00079261 0.00990528 -0.00292103
-0.0202484 0.116168 -0.144186 0.0010126 0.0102429 -0.0029287
-0.0132285 0.166036 -0.132424 0.00072212 0.0104869 -0.00316107
-0.0214996 0.101259 -0.1304 0.00079765 0.0100139 -0.00282739
-0.0142501 0.135485 -0.13484 0.00075322 0.0103199 -0.00308563
-0.00611241 0.19238 -0.154961 0.00067347 0.0107104 -0.00324837
0.00561472 0.201045 -0.181085 0.00072847 0.0118552 -0.00304339
-0.0226055 0.1391 -0.151318 0.00053853 0.0104079 -0.00291184
-0.0242635 0.175612 -0.131762 0.00037904 0.0102305 -0.00310888
-0.0130004 0.189659 -0.159043 0.00063597 0.0103936 -0.00304022
-0.0133716 0.127459 -0.137869 0.00095397 0.0102586 -0.00315467
-0.0107741 0.181899 -0.159172 0.00024004 0.0116424 -0.00273104
-0.0121472 0.160044 -0.140703 0.00032049 0.0102595 -0.00269417
-0.0130288 0.221571 -0.146026 0.00032536 0.0101593 -0.00296905
-0.0129991 0.108237 -0.143879 0.00050095 0.0104916 -0.00311423
-0.0130612 0.0993173 -0.138413 0.00102982 0.0102305 -0.00305413
-0.0112006 0.173262 -0.193088 -0.00030006 0.012491 -0.00322715
-0.0125296 0.144414 -0.183173 0.00038076 0.0108864 -0.00310235
-0.010185 0.166206 -0.143191 0.00056937 0.0105606 -0.00312468
-0.00519275 0.223602 -0.146079 0.00041869 0.010981 -0.00296896
-0.00635414 0.20398 -0.152145 0.0007604 0.0118806 -0.0030941
-0.0125641 0.158334 -0.134476 0.0007371 0.0103911 -0.0029552
-0.0161063 0.183132 -0.137283 0.00025202 0.0107784 -0.0030525
-0.00583917 0.183165 -0.154966 3e-04 0.0114628 -0.00325787
0.00156259 0.13707 -0.24307 0.00021374 0.013021 -0.00328149
-0.0166471 0.103849 -0.196568 0.0003362 0.0112676 -0.00291911
-0.0121721 0.14523 -0.18257 0.00043633 0.0117927 -0.00336325
-0.00226802 0.15603 -0.240587 -0.00012487 0.013316 -0.00299257
-0.0108022 0.125489 -0.188489 0.00041798 0.0117635 -0.00286864
-0.00750409 0.240604 -0.155582 4.809e-05 0.0120897 -0.0030567
-0.00273458 0.190202 -0.23737 0.00056768 0.0130071 -0.00341081
-0.0176123 0.110766 -0.21361 0.0005404 0.0117799 -0.00291045
-0.0136803 0.17058 -0.18991 0.00084118 0.0118985 -0.00312052
-0.00971389 0.229111 -0.233332 0.00048346 0.0129359 -0.00296473
-0.0108684 0.122907 -0.191266 0.00038652 0.0116234 -0.00288091
-0.00907748 0.161004 -0.17796 0.00069073 0.0117485 -0.00303955
-0.0106209 0.179201 -0.220148 0.00018588 0.0120355 -0.00292835
-0.0159352 0.138582 -0.177415 0.00016145 0.0117283 -0.00306956
-0.0110873 0.21834 -0.148988 -0.00011716 0.0115938 -0.00289602
-0.00423106 0.151166 -0.180335 -1.6e-05 0.0119114 -0.0029232
-0.00775843 0.143224 -0.170379 0.00014998 0.0115603 -0.00315775
-0.0106647 0.249488 -0.177952 0.00043197 0.0126016 -0.00304757
-0.0287861 0.121789 -0.165048 9.051e-05 0.0114329 -0.00278597
-0.026 0.16736 -0.138019 -0.00021012 0.0114682 -0.00293287
-0.0113958 0.167343 -0.157136 -0.00017538 0.011688 -0.00303171
-0.023621 0.219096 -0.178674 0.00050966 0.0118725 -0.00308913
-0.0404937 0.127589 -0.175627 0.0004277 0.0113139 -0.00288878
-0.0312487 0.178185 -0.14054 0.00050387 0.0112105 -0.00296761
-0.0226121 0.174961 -0.161806 0.0004463 0.011769 -0.00305397
-0.0207986 0.153054 -0.154431 0.00053558 0.0115236 -0.00317298
-0.0191881 0.233578 -0.214071 0.00022727 0.0135114 -0.00303194
-0.0240577 0.122041 -0.175276 0.00058242 0.0120866 -0.00300257
-0.0174818 0.190046 -0.159185 9.63e-06 0.011934 -0.00296794
-0.0217952 0.149869 -0.178579 0.00024481 0.012005 -0.00308918
-0.0310131 0.121645 -0.167322 0.00059248 0.0114732 -0.00298676
-0.0200226 0.230203 -0.179671 1.956e-05 0.0129119 -0.00279571
-0.0301213 0.113851 -0.172219 0.00044362 0.0111301 -0.00256618
-0.0145677 0.232532 -0.147509 -0.00026992 0.0119309 -0.00272801
-0.0164871 0.132225 -0.168074 0.00025785 0.0118279 -0.00296931
-0.0234655 0.208888 -0.196002 0.00025226 0.0127344 -0.00268432
-0.0293191 0.128531 -0.196071 0.00021 0.0119624 -0.00260057
-0.0226471 0.219345 -0.178269 -0.0005867 0.0118079 -0.00283839
-0.0231079 0.11419 -0.20304 -7.24e-06 0.0118741 -0.00278178
-0.0218186 0.123963 -0.171742 0.00024301 0.011859 -0.00277763
-0.026818 0.172627 -0.287783 -0.0001217 0.0140484 -0.00259167
-0.0318228 0.172319 -0.223124 0.0004272 0.0119653 -0.00263033
-0.013632 0.252838 -0.19544 -0.00024014 0.0122498 -0.0028256
-0.0223027 0.148262 -0.235245 -0.00051084 0.0126848 -0.00293777
-0.0189133 0.143499 -0.190014 0.0004142 0.0115858 -0.00284687
-0.0172592 0.18559 -0.192596 2.17e-05 0.0120644 -0.0028251
-0.0209344 0.177433 -0.237222 -0.00040442 0.0127622 -0.00316594
-0.0299967 0.118512 -0.207196 4.385e-05 0.0119617 -0.00287482
-0.0303401 0.192046 -0.187161 -3.432e-05 0.0119331 -0.00295599
-0.0215629 0.201319 -0.214647 -6.371e-05 0.0120982 -0.00309353
-0.03041 0.123173 -0.205035 0.00044989 0.0121808 -0.00311357
-0.0275967 0.214336 -0.250771 -0.00057845 0.013843 -0.00277804
-0.0304691 0.129315 -0.225538 0.00014063 0.0119407 -0.00307102
-0.0296628 0.169528 -0.207547 -5.732e-05 0.0120515 -0.0027954
-0.03006 0.190361 -0.216148 7.066e-05 0.0126786 -0.00314524
-0.0301522 0.113863 -0.207991 0.00060738 0.0122919 -0.00308915
-0.0221517 0.241561 -0.212035 0.00011943 0.0136266 -0.00319951
-0.0309124 0.162942 -0.217883 0.00021814 0.0120054 -0.00324151
-0.0345005 0.142963 -0.183245 0.00010255 0.0118547 -0.00331697
-0.0311741 0.185016 -0.207134 0.00020706 0.0123106 -0.0034421
-0.0273538 0.0969459 -0.211911 0.00083035 0.0124648 -0.00333183
-0.0301306 0.201401 -0.227882 0.00035585 0.0131787 -0.00343835
-0.0357178 0.146865 -0.23653 0.00039849 0.0125154 -0.00333959
-0.0390816 0.173529 -0.216686 0.00060554 0.0123031 -0.00341322
-0.0312038 0.207303 -0.223473 0.00051412 0.012526 -0.00352577
-0.0335619 0.207513 -0.226932 0.00033626 0.0137037 -0.00380011
-0.0328226 0.14909 -0.261285 0.00041399 0.0133218 -0.00354639
-0.0352062 0.104515 -0.220428 0.00087162 0.0128352 -0.00346786
-0.0369314 0.20111 -0.240888 0.00053718 0.0141324 -0.00380475
-0.0309555 0.142615 -0.223578 0.00060525 0.0124535 -0.00346747
-0.0312172 0.139374 -0.211557 0.00072981 0.0122258 -0.00347277
-0.0317534 0.206388 -0.22237 0.00058936 0.0128387 -0.00384454
-0.0154654 0.212223 -0.223655 0.00060937 0.0141452 -0.00411078
-0.0227038 0.132496 -0.231423 0.00049657 0.0127766 -0.00344643
-0.0298504 0.156265 -0.227482 0.00055976 0.0128624 -0.00322329
-0.0217347 0.198797 -0.236738 0.00055201 0.013422 -0.00326251
-0.0158279 0.133462 -0.217619 0.00115536 0.0132459 -0.0032123
-0.0255023 0.207015 -0.257776 0.00047878 0.0138394 -0.0032434
-0.0294744 0.155448 -0.26496 0.0008922 0.0132168 -0.00319994
-0.0338579 0.170452 -0.228837 0.00092836 0.0130439 -0.00317374
-0.0232367 0.216691 -0.234051 0.00075519 0.0133713 -0.00324482
-0.0120238 0.203725 -0.277277 3.996e-05 0.0145302 -0.00333279
-0.0086456 0.119769 -0.255622 0.00062115 0.0138082 -0.00333252
-0.029224 0.118633 -0.252325 0.00113633 0.0133844 -0.0032581
-0.0125525 0.199546 -0.242714 0.00064232 0.013926 -0.00348647
-0.0292152 0.157532 -0.28968 0.00037894 0.0141838 -0.00361627
-0.0226214 0.104497 -0.27571 0.00061034 0.0138325 -0.00341143
-0.0223509 0.164303 -0.256218 0.00046114 0.0134682 -0.00354861
-0.0291415 0.158481 -0.256371 0.00064657 0.0138471 -0.00337413
-0.0232337 0.129687 -0.246561 0.00096041 0.0131912 -0.0033164
-0.0154631 0.229309 -0.250903 0.00047856 0.0135725 -0.00332731
-0.0246932 0.13597 -0.266999 0.00086907 0.013429 -0.00316275
-0.0332207 0.151931 -0.259498 0.00107088 0.0131243 -0.00346979
-0.0296344 0.229344 -0.251721 0.00071479 0.0130788 -0.0032581
-0.0348229 0.113805 -0.265762 0.00101668 0.0133751 -0.00333096
-0.035724 0.127507 -0.247086 0.00090325 0.012517 -0.00332181
-0.029964 0.181338 -0.249214 0.0004137 0.0127994 -0.00329197
-0.0359497 0.103684 -0.256736 0.00121408 0.012498 -0.00316057
-0.0323082 0.169492 -0.258819 0.00060082 0.0131705 -0.00335643
-0.0148811 0.187492 -0.321018 0.00156815 0.015783 -0.00365205
-0.0142095 0.130492 -0.317053 0.00240423 0.015987 -0.00359298
-0.0324123 0.252109 -0.268245 0.00123541 0.0137012 -0.00365742
-0.0286909 0.108423 -0.316562 0.00169856 0.0147151 -0.0036513
-0.0368064 0.135405 -0.287193 0.0019199 0.0146992 -0.00377996
-0.0379901 0.183515 -0.296368 0.00146685 0.0146491 -0.00392717
-0.0433578 0.102968 -0.308341 0.00191306 0.0145954 -0.00371249
-0.0415533 0.220064 -0.287878 0.00152268 0.0146923 -0.003982
-0.0400452 0.126641 -0.325269 0.00187963 0.0152581 -0.00394448
-0.0414231 0.162616 -0.299806 0.00215406 0.0146711 -0.00387173
-0.0363658 0.199567 -0.32832 0.00218582 0.0150219 -0.00409851
-0.0422552 0.111277 -0.322488 0.00255308 0.0147473 -0.00403277
-0.0349278 0.192517 -0.303796 0.00208849 0.0143742 -0.0041803
-0.0299445 0.247426 -0.304813 0.00169897 0.0153317 -0.00422603
-0.0561249 0.113179 -0.375773 0.00208359 0.0152638 -0.00429676
-0.0418747 0.124668 -0.358907 0.00240949 0.0154193 -0.00439908
-0.0340322 0.175283 -0.331833 0.00250266 0.0154529 -0.00444635
-0.0275456 0.104751 -0.352004 0.00316131 0.0158957 -0.00445078
-0.0358005 0.14545 -0.393211 0.00206669 0.0164709 -0.00439063
-0.0442778 0.125606 -0.362304 0.00252088 0.0158179 -0.0043032
-0.0444274 0.22436 -0.343402 0.00263355 0.0160358 -0.00464658
-0.0316557 0.135989 -0.347608 0.00319167 0.0161254 -0.00439728
-0.0386736 0.164115 -0.334014 0.00344322 0.016118 -0.00449869
-0.0360026 0.230849 -0.374619 0.00244601 0.0164641 -0.00492422
-0.044879 0.13852 -0.373194 0.00233088 0.0162412 -0.00436348
-0.0448109 0.137482 -0.354302 0.00285372 0.0156163 -0.00431159
-0.0220872 0.194788 -0.368811 0.00646472 0.0155755 -0.00442858
0.0201924 -0.0380426 -0.229201 0.00849083 0.0146123 -0.00292331
0.0870267 0.298647 -0.150618 0.00762135 0.0140014 -0.00340661
0.111622 0.906782 -0.186517 0.0054215 0.011226 -0.00251626
0.0651886 0.37807 -0.332742 0.00336129 0.0122404 -0.00252691
0.0461572 0.19468 -0.346308 0.0043313 0.0136969 -0.00249378
0.0176396 0.0821085 -0.360056 0.00369228 0.0131429 -0.0024155
0.0400011 0.0804451 -0.329548 0.00341023 0.0129221 -0.0025499
0.0491651 -0.0352134 -0.371139 0.00429456 0.0129961 -0.00210241
0.0489942 0.0472954 -0.404602 0.00409853 0.0141967 -0.00241743
0.0332531 0.0782992 -0.377029 0.00369446 0.0134156 -0.00226229
0.0371802 0.156185 -0.329861 0.00256546 0.0129608 -0.00233681
0.0333174 0.29897 -0.374965 0.00230352 0.0145483 -0.00263046
0.0289948 0.253716 -0.386979 0.00299217 0.0140299 -0.00239304
0.0268441 0.212267 -0.352599 0.00291405 0.0140878 -0.00243798
0.0346181 0.294588 -0.415803 0.00266071 0.0160543 -0.00274709
0.0346802 0.162471 -0.40512 0.00200679 0.0152902 -0.00247674
0.0348389 0.0771213 -0.390325 0.00313337 0.015347 -0.00247648
0.0346121 0.148267 -0.365664 0.00246667 0.0153772 -0.00248968
0.0179972 0.0947987 -0.392571 0.00221667 0.0159889 -0.00266716
0.013598 0.0623455 -0.392051 0.00267585 0.0155484 -0.00272719
0.0100992 0.110238 -0.352802 0.00228174 0.0150769 -0.00266856
0.0127324 0.204934 -0.368722 0.00225359 0.0156842 -0.00289543
0.0123256 0.210959 -0.398644 0.0022227 0.0161578 -0.00294697
0.00134041 0.167862 -0.415635 0.0029468 0.0157478 -0.00303586
0.00041607 0.145219 -0.395327 0.0028358 0.0155909 -0.0029776
0.00369651 0.205706 -0.390375 0.00209296 0.0158486 -0.00305573
0.00912258 0.132553 -0.387166 0.00244775 0.0156913 -0.00297404
0.0103373 0.230144 -0.409739 0.00236613 0.0174291 -0.00325214
0.00986446 0.141029 -0.417547 0.0020246 0.0166022 -0.00310895
-0.010701 0.0866716 -0.381925 0.00234825 0.0158576 -0.00286001
-0.00260267 0.208204 -0.41834 0.00226779 0.0171242 -0.00324834
-0.00585699 0.117496 -0.438784 0.00210046 0.0171745 -0.00319641
-0.0231882 0.100757 -0.395354 0.00255356 0.0166473 -0.00302644
-0.0191018 0.206894 -0.389192 0.0023945 0.0165735 -0.00332239
-0.00761712 0.172984 -0.401824 0.00253943 0.0167607 -0.0033338
-0.00784182 0.193011 -0.433737 0.00141482 0.0176544 -0.0036133
-0.00640272 0.138522 -0.427513 0.00192413 0.0170493 -0.00345609
-0.00160228 0.148876 -0.391313 0.00204371 0.0167406 -0.00338003
-0.00211222 0.189639 -0.443022 0.00153326 0.0178704 -0.00337386
-0.0142214 0.11809 -0.432101 0.00156957 0.0169094 -0.00328156
-0.0157334 0.103175 -0.408043 0.00197536 0.0164909 -0.00307894
0.00323614 0.228789 -0.406774 0.00145823 0.0175847 -0.00339084
0.00131314 0.118996 -0.407145 0.00148635 0.0166276 -0.00324924
-0.0173162 0.0886534 -0.377976 0.00143983 0.0155823 -0.00308347
-0.0018493 0.21268 -0.367517 0.00147651 0.0162923 -0.00330228
0.00517253 0.218198 -0.413996 0.00106537 0.0176053 -0.00334938
0.0043265 0.144046 -0.406258 0.00140726 0.0164564 -0.00277859
0.0014848 0.121374 -0.369172 0.0019476 0.0160705 -0.00294688
0.00102127 0.205916 -0.370333 0.00210863 0.0163698 -0.00312505
0.00759786 0.180108 -0.394999 0.00197502 0.0166072 -0.00318367
-0.00116726 0.19379 -0.415095 0.0014607 0.0171978 -0.00285467
0.012195 0.165536 -0.387299 0.0012336 0.0164863 -0.00296703
-0.00611502 0.112646 -0.359917 0.00161436 0.0161039 -0.00293512
-0.00188129 0.161509 -0.352542 0.00169617 0.015914 -0.00294866
0.00231328 0.220031 -0.397605 0.00084589 0.017202 -0.00271501
-0.00669805 0.144438 -0.399052 0.00110379 0.0162577 -0.00287356
-0.0183849 0.12558 -0.372172 0.00171313 0.0156923 -0.0027259
-0.00761633 0.18499 -0.393293 0.00145237 0.0168437 -0.00280974
-0.0186323 0.17089 -0.392085 0.0014827 0.0159194 -0.00290106
-0.016476 0.188032 -0.390027 0.00168745 0.0160771 -0.00298717
-0.0170973 0.203538 -0.41089 0.00155812 0.0168173 -0.0027133
-0.0180347 0.115469 -0.375273 0.00167366 0.0157129 -0.00258681
-0.0180465 0.128104 -0.362125 0.00186457 0.0156226 -0.00255137
-0.0127047 0.198045 -0.378794 0.00083676 0.0157174 -0.00256785
-0.0144557 0.146604 -0.410154 0.00122914 0.0166592 -0.00290997
-0.0172159 0.0780057 -0.378865 0.00121826 0.0157755 -0.00240614
-0.0181691 0.123893 -0.361409 0.00084128 0.01561 -0.0026585
-0.00855301 0.12494 -0.390685 0.00117647 0.0158912 -0.00283946
0.00250694 0.216923 -0.400423 0.00100408 0.0170989 -0.00281419
-0.00222436 0.152261 -0.426528 0.00140124 0.0164981 -0.00279443
-0.0179433 0.130002 -0.39918 0.00190378 0.0159636 -0.00275176
-0.00421129 0.221106 -0.401942 0.0015459 0.0163368 -0.00274993
-0.00950815 0.132276 -0.393384 0.00220449 0.0161369 -0.00271161
-0.0188312 0.193252 -0.426864 0.00192482 0.0165852 -0.00259022
-0.00878817 0.12835 -0.407405 0.00145303 0.0161715 -0.00255589
-0.0139779 0.132599 -0.410841 0.00244906 0.0160422 -0.00268298
-0.0178957 0.155503 -0.392718 0.00232068 0.0157875 -0.00265309
-0.0101913 0.153872 -0.417246 0.00246967 0.0162014 -0.00279541
-0.0161997 0.126393 -0.449276 0.00212474 0.0167936 -0.00253128
-0.0206846 0.128041 -0.417125 0.00252486 0.0158621 -0.00262113
-0.0178908 0.139728 -0.407232 0.00230994 0.0159009 -0.00269874
-0.0184591 0.169943 -0.416977 0.00225091 0.0160649 -0.00293796
-0.0239849 0.115057 -0.404227 0.00313721 0.0156564 -0.00270587
-0.0289143 0.211557 -0.425566 0.00249573 0.0169223 -0.00268524
-0.0175632 0.146691 -0.405322 0.00227857 0.0164774 -0.00280288
-0.0178062 0.222409 -0.376215 0.00194918 0.0161431 -0.00272366
-0.0181265 0.14352 -0.397549 0.00241123 0.015906 -0.0028045
-0.0169725 0.189711 -0.434417 0.00191951 0.0167228 -0.00270438
-0.0278192 0.0855041 -0.404733 0.00206563 0.0157122 -0.00248036
-0.0181352 0.158875 -0.401467 0.0016734 0.0159329 -0.002797
-0.0141576 0.0915493 -0.417858 0.00222312 0.016189 -0.00275493
-0.0130187 0.142808 -0.380838 0.00232352 0.0157832 -0.00292146
-0.0208791 0.200028 -0.434737 0.00174581 0.0163696 -0.00306571
-0.0298102 0.157778 -0.451597 0.00298897 0.0163042 -0.00301075
-0.0280926 0.18171 -0.417977 0.00233471 0.0158791 -0.00303956
-0.024999 0.148187 -0.441537 0.002312 0.0161464 -0.00295904
-0.0256171 0.131173 -0.412505 0.002312 0.0157381 -0.00285338
-0.0225967 0.201931 -0.450634 0.0016239 0.0168505 -0.00292315
-0.0285499 0.11555 -0.483535 0.00322971 0.016248 -0.0027163
-0.0177777 0.149666 -0.433977 0.00236284 0.0164677 -0.0029204
-0.025303 0.170204 -0.433781 0.00235621 0.0164124 -0.00296555
-0.0175562 0.195802 -0.417323 0.00150098 0.0168443 -0.00298006
-0.0179782 0.136172 -0.450705 0.00167981 0.0164521 -0.00298888
-0.018175 0.124159 -0.404409 0.00194652 0.0160763 -0.00291152
-0.0181717 0.182032 -0.410107 0.00184912 0.0164667 -0.00304389
-0.0182808 0.119257 -0.414297 0.00276848 0.0162343 -0.00302931
-0.0174787 0.236046 -0.449105 0.00183417 0.0176903 -0.00328295
-0.0234034 0.127825 -0.46876 0.00246543 0.0171079 -0.00317201
-0.0217666 0.135591 -0.414371 0.00264704 0.0164366 -0.00290544
-0.0167291 0.21237 -0.450239 0.00160277 0.0177144 -0.00307452
-0.0180081 0.146752 -0.434816 0.00203502 0.0166104 -0.0030747
-0.0178361 0.150867 -0.406074 0.00197786 0.0162255 -0.00286027
-0.0296723 0.223042 -0.456792 0.00172177 0.0172366 -0.00293328
-0.0246758 0.16484 -0.454885 0.00191257 0.0169654 -0.00305042
-0.0183208 0.13256 -0.404603 0.00172256 0.0163225 -0.00308271
-0.0182719 0.205454 -0.413477 0.00160109 0.0166395 -0.00316258
-0.0177436 0.0797659 -0.419105 0.00260978 0.0164369 -0.00294171
-0.0166972 0.167072 -0.453051 0.00186325 0.0177186 -0.00309348
-0.0415127 0.127704 -0.423161 0.00175932 0.0162751 -0.00313581
-0.0537352 0.158943 -0.405095 0.00209927 0.0158655 -0.00317087
-0.0450487 0.223684 -0.420195 0.00168916 0.0161662 -0.00326342
-0.0429942 0.164431 -0.471155 0.00109471 0.017878 -0.00331225
-0.045188 0.138888 -0.442942 0.00142618 0.0165266 -0.00358526
-0.0457447 0.0643027 -0.435852 0.00112387 0.0164016 -0.00373416
-0.027838 0.12247 -0.489408 0.00134768 0.0181461 -0.00351603
-0.041117 0.100704 -0.429303 0.00122011 0.0165365 -0.00317648
-0.0387263 0.153014 -0.426594 0.00105635 0.0164648 -0.00321315
-0.0436006 0.223789 -0.4603 0.00098007 0.0178647 -0.00353834
-0.0284534 0.138832 -0.454798 0.00152074 0.0168351 -0.00327879
-0.0306221 0.135643 -0.42857 0.00141301 0.0167199 -0.00327599
-0.0253951 0.221212 -0.425451 0.00127525 0.0169223 -0.00320222
-0.0275263 0.121137 -0.422011 0.00173027 0.0169601 -0.003185
-0.0148098 0.266556 -0.425659 0.00125739 0.0171055 -0.00328513
0.0216153 0.303307 -0.40185 0.00140305 0.0183594 -0.00362632
0.03574 -0.0560463 -0.426386 0.00211003 0.018808 -0.00333834
0.0275136 0.0105144 -0.410775 0.00190051 0.0186181 -0.00341852
0.0210039 0.0982023 -0.400834 0.00200393 0.0181804 -0.00353763
0.0120031 0.169183 -0.403953 0.0023654 0.0182637 -0.00352036
0.00687564 0.246176 -0.403146 0.00203745 0.0175394 -0.00363973
0.00094208 0.268796 -0.407689 0.00216565 0.0184655 -0.0037241
-0.00656491 0.267518 -0.409859 0.00194264 0.0179713 -0.00354311
-0.00287168 0.227908 -0.409806 0.00209035 0.0178448 -0.00351897
-0.0121639 0.197327 -0.400215 0.00192466 0.0177201 -0.00357008
-0.0105487 0.143026 -0.363858 0.00156656 0.0173819 -0.00330027
-0.00643353 0.104549 -0.380759 0.00178837 0.0177502 -0.00339747
-0.0004679 0.0818509 -0.393001 0.00181143 0.0177079 -0.00344556
-0.0100373 0.113076 -0.384651 0.00162509 0.0174498 -0.00319002
-0.00163948 0.196635 -0.368364 0.00143173 0.0175783 -0.00365425
0.00251931 0.137785 -0.398912 0.00143785 0.0179341 -0.00352031
-0.0019495 0.150258 -0.400957 0.00171219 0.017875 -0.00350334
0.0129528 0.253431 -0.371087 0.00028569 0.0179838 -0.00335776
0.00653292 0.127649 -0.37423 0.00016606 0.0175525 -0.00339718
0.00503953 0.145195 -0.391287 0.00135697 0.0175418 -0.00354609
0.0156247 0.262898 -0.391238 0.00049209 0.0177583 -0.00348105
0.00827459 0.123579 -0.428773 0.00129934 0.0181116 -0.00342329
0.00932355 0.132488 -0.422954 0.00114428 0.0176816 -0.00334763
0.00750008 0.179095 -0.453143 0.00061507 0.0182955 -0.00350249
-0.00074535 0.0841013 -0.40986 0.00079896 0.0171062 -0.0032821
-0.00589768 0.201269 -0.4214 0.00269382 0.0168661 -0.00369488
-0.00591154 0.174334 -0.412725 0.00252725 0.0169479 -0.00373003
0.00160001 0.104586 -0.406527 0.00269382 0.0169435 -0.00336865
0.00994328 0.203757 -0.351671 0.00059293 0.0166333 -0.00352916
0.00885627 0.168299 -0.353314 0.0003753 0.0165113 -0.00339374
