-0.00392629 0 0.114629 0 -0.00014684 0
-0.0202737 0.0147133 0.0960169 0.00054302 -0.0004278 0.00023829
-0.0205119 -7.24e-06 0.195835 0 -0.00083562 6.478e-05
-0.0342525 0.024814 0.200759 -0.00017021 -0.00128552 0.00017978
-0.0407443 0.027415 0.173472 -0.00020894 -0.00165981 5.267e-05
-0.0429499 0.0220398 0.225572 -0.00050837 -0.00153506 2.263e-05
-0.0546093 0.0142578 0.230405 -0.00035744 -0.0020805 -6.284e-05
-0.0551942 0.0411382 0.200424 -0.00050837 -0.00241925 -0.00036142
-0.0637164 0.0169187 0.173938 -0.00035552 -0.00244022 -9.434e-05
-0.0714282 0.0134112 0.241292 -0.00040582 -0.00271303 -0.00012169
-0.0806859 0.0395152 0.210948 -0.00093171 -0.00338875 -0.00030346
-0.0755259 0.0322509 0.186375 -0.00076861 -0.00348443 -0.00033067
-0.0653881 0.0206449 0.208288 -0.00081344 -0.00310545 -0.00032773
-0.0561806 0.00797343 0.21869 -0.00039197 -0.00229162 -0.00020589
-0.0640138 0.0509044 0.187354 -0.00106854 -0.00341149 -0.00029869
-0.0583178 0.0292941 0.179602 -0.00086154 -0.00338585 -0.00015582
-0.0591142 0.0140012 0.234973 -0.00050491 -0.00307673 -0.00019229
-0.0608247 0.0371146 0.171179 -0.00079416 -0.00311016 -0.00033395
-0.0547842 0.0294651 0.139786 -0.00071176 -0.00333955 -0.0002194
-0.0478824 0.0200278 0.177836 -0.00080776 -0.00315378 -0.00020424
-0.0564987 0.0265643 0.193314 -0.00093605 -0.0032446 -0.00028621
-0.0570075 0.0356359 0.147977 -0.00072654 -0.00345328 -0.00035193
-0.0543729 0.0264798 0.146691 -0.0007998 -0.00362859 -0.00026018
-0.0517919 0.0154063 0.222284 -0.00075296 -0.00282438 -0.00027362
-0.0530477 0.0390463 0.183586 -0.00091675 -0.00307241 -0.0002502
-0.0577153 0.0325128 0.152481 -0.00081118 -0.00346312 -0.00027949
-0.0480036 0.0004399 0.199693 -0.00010197 -0.00262859 -0.00011435
-0.0603723 0.0499863 0.20856 -0.00117429 -0.0031894 -0.00016278
-0.0616054 0.0419653 0.192287 -0.0012066 -0.00328821 -0.00010385
-0.0548827 0.0116078 0.220762 -0.00037234 -0.00289787 -0.00016214
-0.0662393 0.0270488 0.142748 0.00038277 -0.00230571 -0.00020599
-0.0653163 0.025501 0.16699 -0.000777 -0.00328474 -4.759e-05
-0.0544963 0.00368411 0.169892 -2.962e-05 -0.0027713 -8.273e-05
-0.062817 0.0328082 0.16414 -0.00060387 -0.00323034 -0.0002038
-0.0561644 0.0100345 0.128426 -0.00014862 -0.00287117 1.196e-05
-0.0497587 0.00695133 0.157738 -0.00015424 -0.00267886 9.884e-05
-0.0444801 -0.00015682 0.183277 8.415e-05 -0.00187736 -3.533e-05
-0.0494825 0.0150366 0.128714 -4.274e-05 -0.00282633 0.00010498
-0.0402648 -0.0083774 0.170677 0.00036457 -0.00191645 3.75e-06
-0.049291 0.0325525 0.169898 -0.00063756 -0.00283147 0.00014085
-0.0594134 0.0142973 0.127954 -0.00019084 -0.0029744 0.00018842
-0.0540652 0.0113126 0.201249 -0.00036917 -0.0029411 0.00013268
-0.0541488 0.00887021 0.159594 6.179e-05 -0.00255317 0.00020455
-0.0555641 0.0218876 0.122259 -0.00024187 -0.00317884 0.00024013
-0.043417 0.0101119 0.225986 -0.00033044 -0.0029218 0.00014311
-0.0542596 0.0140412 0.174808 -0.00012451 -0.00229367 0.00041546
-0.0655845 0.01505 0.128393 -0.00029436 -0.00328638 0.00018
-0.0552398 0.00880362 0.20832 -0.00032899 -0.00289955 0.00021863
-0.0494073 0.017724 0.156796 -3.326e-05 -0.00336327 0.00011745
-0.0437312 0.0176251 0.133379 0.000794 -0.00283888 0.00057747
-0.0388974 0.0117154 0.217239 -0.00041917 -0.00304671 0.00019619
-0.0393517 0.0259823 0.158422 -6.119e-05 -0.00287886 0.00064861
-0.0399793 0.0200534 0.120577 -0.00016375 -0.00324542 0.00052415
-0.0358418 0.0149599 0.203227 -0.00040288 -0.00305792 0.00051919
-0.0366917 0.0401729 0.14575 2.391e-05 -0.003783 0.00038808
-0.0365604 0.00490545 0.145769 0.0002186 -0.00298889 0.00031077
-0.0346113 9.39e-05 0.201758 8.092e-05 -0.0034997 0.00015507
-0.0317646 0.0254371 0.138646 6.184e-05 -0.0038021 0.00059968
-0.0312033 0.0129217 0.146698 6.794e-05 -0.00410954 0.00044461
-0.021225 -0.00072468 0.201518 0.00018987 -0.00382277 0.00060295
-0.00831457 0.0495382 0.159858 0.00028183 -0.00395769 0.00085521
-0.0163609 0.0315679 0.152736 0.00040556 -0.00403372 0.00090009
-0.0176135 -0.00519511 0.202164 0.0007316 -0.00299607 0.00080091
-0.0193776 0.0404243 0.148516 0.00018987 -0.00405759 0.00080553
-0.0252662 0.0345023 0.123502 -0.00026829 -0.00416554 0.00084628
-0.0105982 0.0136248 0.195893 -0.00026829 -0.0041906 0.00067636
-0.0146579 0.0287691 0.132659 0.00091732 -0.0031534 0.00092512
-0.00714961 0.0140272 0.191947 2.987e-05 -0.00394154 0.00093882
-0.00554538 0.0301092 0.16451 0.00032513 -0.004245 0.00092649
-0.00865864 0.0439967 0.128469 0.00056906 -0.00436436 0.00109211
-0.00669379 -0.00091147 0.198731 0.00050503 -0.00350173 0.00093474
-0.00280877 0.0290139 0.186539 -5.872e-05 -0.00441572 0.00088724
-0.00448009 0.0495736 0.150907 -0.00015798 -0.00456193 0.00113883
-0.00379019 0.0186377 0.207846 -0.00010512 -0.00417697 0.0008424
-0.00911589 0.0328977 0.184724 -0.00015798 -0.00393083 0.00107491
-0.0125899 0.0381768 0.145849 -2.556e-05 -0.00428566 0.00118286
-0.0121362 0.0157952 0.196017 -8.115e-05 -0.0041414 0.00075168
-0.0110947 0.0577182 0.156949 0.0001061 -0.00435369 0.00112432
-0.0160478 0.0273376 0.146156 0.00109331 -0.00314322 0.00106529
0.0042743 0.0205373 0.213222 -5.801e-05 -0.00427169 0.0010593
0.00432486 0.0593064 0.160037 -7.024e-05 -0.0047569 0.00123799
0.00088197 0.0258498 0.181488 -0.00015798 -0.00418025 0.00095882
0.00972196 0.0128731 0.208606 -0.00015798 -0.0042415 0.00094514
0.00876873 0.0620815 0.155728 -1.347e-05 -0.00448662 0.00126617
0.0106223 0.0356841 0.163417 1.511e-05 -0.00458538 0.00136276
0.00676275 0.0246859 0.201424 -0.00015798 -0.00455794 0.00136276
0.0122742 0.0586629 0.138209 -0.00015798 -0.00440237 0.00124693
0.0184711 0.0480832 0.141872 -0.00044618 -0.00455848 0.00142699
0.0168382 0.0294772 0.201436 -0.00045716 -0.00439953 0.00136276
0.0315183 0.061832 0.158562 -5.334e-05 -0.00460526 0.00141485
0.0251024 0.0410555 0.155147 0.00011297 -0.00443357 0.00150589
0.0224764 0.0215173 0.218781 -0.0001259 -0.00455379 0.00141241
0.0202874 0.0553933 0.174239 0.0001711 -0.00475149 0.00158124
0.0178268 0.0308338 0.174612 -4.342e-05 -0.00468613 0.00136202
0.0269323 0.0285667 0.220307 -1.507e-05 -0.0047858 0.0012677
0.0248167 0.0674349 0.180589 0.00014157 -0.00491414 0.00163969
0.0171264 0.0410904 0.186751 0.00013814 -0.00478168 0.00152881
0.0340591 0.0311105 0.22289 4.31e-06 -0.00464553 0.00155626
0.0326278 0.0740496 0.179869 0.000422 -0.00465973 0.00164376
0.0305537 0.0427869 0.191988 0.00028576 -0.00452576 0.00161567
0.026903 0.0306799 0.190318 0.00045974 -0.00368493 0.00163957
0.0138773 0.0577161 0.157753 0.00033975 -0.00466617 0.00175971
0.0160103 0.0096807 0.165537 0.0014887 -0.00417909 0.00166277
0.0166102 0.0659069 0.164341 0.00044767 -0.00482882 0.00179563
0.0374895 0.0234856 0.206803 0.00043117 -0.0042512 0.00159019
0.047895 0.0531783 0.207044 0.00026603 -0.00449655 0.00180244
0.0354911 0.0757658 0.159557 0.00181828 -0.00325651 0.00164095
0.0316016 0.0265166 0.227251 0.00026603 -0.00430709 0.00156164
0.0416499 0.0878657 0.184498 0.00088654 -0.00439673 0.00198609
0.0543453 0.0731572 0.168959 0.0007929 -0.00442464 0.00199618
0.0505094 0.0198296 0.220506 0.00089571 -0.00347876 0.00207591
0.0544006 0.0717122 0.189956 0.00085931 -0.00466861 0.00219881
0.0584579 0.0449218 0.193507 0.0007929 -0.00489113 0.00219881
0.0497285 0.0224678 0.230972 0.00073955 -0.00437333 0.00228008
0.0526367 0.0767292 0.16386 0.00232839 -0.00351332 0.00219881
0.050788 0.063039 0.171261 0.00107043 -0.00467551 0.0021263
0.0555694 0.0277869 0.21513 0.00076627 -0.00464847 0.00212609
0.0672559 0.0852306 0.166043 0.00092618 -0.00439085 0.00219881
0.0689336 0.0668498 0.187652 0.00081112 -0.00442661 0.00234882
0.0661827 0.0461758 0.213539 0.00065332 -0.00448044 0.00219881
0.0713071 0.0850452 0.199302 0.00081652 -0.00477313 0.00255653
0.0622798 0.0524249 0.176776 0.00085587 -0.00470553 0.00219881
0.0572955 0.00717456 0.201822 0.00131497 -0.00350039 0.00239585
0.0637099 0.0852007 0.178982 0.00142566 -0.0051767 0.00219881
0.0621086 0.0628082 0.173349 0.00152552 -0.00500768 0.00219881
0.0664194 0.0258009 0.216142 0.00115486 -0.00541727 0.0024474
0.0689286 0.093848 0.188949 0.0016485 -0.00566771 0.00253794
0.0783152 0.0785306 0.18211 0.0018975 -0.00588169 0.00268263
0.0773217 0.030431 0.200018 0.00238129 -0.0044007 0.00272782
0.0920446 0.107945 0.19459 0.00197805 -0.00578948 0.00275697
0.0883886 0.0719112 0.207581 0.00168615 -0.00545755 0.00296397
0.0897025 0.0659551 0.195383 0.00255588 -0.00531653 0.00296397
0.0957993 0.0941711 0.196536 0.00180441 -0.00621677 0.00296397
0.0885174 0.0352967 0.233035 0.00169556 -0.00589742 0.00290874
0.0776255 0.0754899 0.207909 0.00242472 -0.00632954 0.00256308
0.0862999 0.134874 0.171174 0.00338314 -0.00669559 0.00296397
0.0841682 0.0614412 0.214397 0.00222476 -0.00618402 0.00282244
0.0862852 0.133524 0.16737 0.00285724 -0.00644216 0.00296397
0.0864685 0.118758 0.155385 0.00274352 -0.00602735 0.00296397
0.0907252 0.0654138 0.223322 0.00225267 -0.00571869 0.00296397
0.0925108 0.140226 0.173248 0.00314045 -0.00616687 0.00296397
0.092661 0.112791 0.173949 0.00318606 -0.00661674 0.00296397
0.0937877 0.0737539 0.216124 0.00243787 -0.00575584 0.00296397
0.101672 0.131274 0.164334 0.0027444 -0.00603556 0.00296397
0.101781 0.0874751 0.183725 0.00229818 -0.00543261 0.00296398
0.1046 0.0900998 0.162386 0.00330181 -0.00468518 0.00296397
0.106059 0.111726 0.177347 0.00190783 -0.00592155 0.00306038
0.124445 0.0355964 0.228072 0.00164167 -0.00576245 0.00330736
0.12414 0.117368 0.178179 0.00257266 -0.00594728 0.00317994
0.125586 0.107178 0.14772 0.0035713 -0.00570689 0.00321913
0.111357 0.0627322 0.210806 0.0022719 -0.00576397 0.00309785
0.121502 0.137825 0.189373 0.00287415 -0.00601733 0.00318704
0.12296 0.116037 0.161738 0.00260158 -0.00574719 0.0031242
0.120998 0.0597078 0.153241 0.00355163 -0.00523403 0.00325997
0.132529 0.140547 0.128468 0.00296208 -0.00579653 0.00310376
0.12811 0.0963349 0.167228 0.00271552 -0.00539468 0.00315032
0.13196 0.0651112 0.208711 0.00238833 -0.00561397 0.00302131
0.135934 0.118655 0.149843 0.00366682 -0.00514993 0.00339849
0.108489 0.0400823 0.217095 0.00229645 -0.00600081 0.00321729
0.11603 0.108494 0.219535 0.0027115 -0.00656648 0.00307119
0.118962 0.151307 0.157146 0.00409298 -0.00673792 0.00298878
0.113013 0.0838606 0.205588 0.00355238 -0.00632417 0.00300013
0.108058 0.146966 0.197411 0.00364662 -0.00625018 0.00276775
0.12495 0.155288 0.136594 0.00469619 -0.00685959 0.0029915
0.111415 0.0894623 0.175972 0.00400618 -0.00690582 0.00316993
0.0977663 0.132263 0.171977 0.00342412 -0.00684401 0.00282551
0.108304 0.121521 0.149643 0.00459868 -0.0070667 0.00287828
0.0900622 0.0687028 0.215795 0.00300063 -0.00626528 0.00270909
0.0850167 0.128789 0.220447 0.00213045 -0.0070753 0.00276374
0.094186 0.134178 0.152551 0.00341494 -0.0071344 0.0026078
0.101172 0.0601753 0.192425 0.00455714 -0.0072673 0.00294114
0.0873048 0.153629 0.183671 0.00392767 -0.00655846 0.00255098
0.0829613 0.113948 0.182129 0.00340636 -0.00609014 0.0025539
0.0730845 0.0899293 0.2476 0.00292392 -0.00553913 0.00258497
0.0685912 0.139126 0.184639 0.00303838 -0.00532163 0.00233123
0.071511 0.0813442 0.208706 0.00270333 -0.00494669 0.00231116
0.0708305 0.0805802 0.209153 0.00336205 -0.00463968 0.00235343
0.0694133 0.0987639 0.246617 0.00270491 -0.00512935 0.00254592
0.0279816 -0.00034592 0.821774 0.00160789 -0.00570331 0.00288029
-0.00155801 0.0462974 1.23298 -9.459e-05 -0.0016207 0.00198692
-0.0763897 0.29586 0.784281 0.00120473 -0.00462613 0.00123265
-0.11722 0.203878 0.41817 0.00100187 -0.0031192 0.00078358
-0.112389 0.112952 0.409135 0.00090605 -0.00331975 0.00112687
-0.1095 0.0253864 0.389504 0.00070989 -0.00321221 0.00093737
-0.103934 -0.00833655 0.347356 0.00093044 -0.00308052 0.00091702
-0.0929057 -0.0220269 0.386943 0.00087352 -0.00308154 0.00092235
-0.090437 -0.00927558 0.396986 0.000494 -0.00275999 0.00089571
-0.0849748 0.0223072 0.355286 0.00036278 -0.00321185 0.00093314
-0.0776471 0.0398234 0.341022 0.0002154 -0.00344372 0.00125557
-0.0750925 0.0429311 0.418606 -0.00040667 -0.00327489 0.00123267
-0.069279 0.103603 0.392279 0.00023962 -0.00285711 0.00146292
-0.0704481 0.105931 0.350785 6.794e-05 -0.00327489 0.00134611
-0.0636964 0.0643924 0.38866 -0.00056864 -0.00352292 0.00129371
-0.0678173 0.0340935 0.42624 -0.00012797 -0.00342711 0.00128555
-0.0651889 0.0616514 0.36299 -7.807e-05 -0.00374764 0.00134289
-0.0621336 0.0340325 0.401037 -0.00042812 -0.00483806 0.00120191
-0.0641235 -0.00897576 0.397981 0.00065715 -0.00423544 0.00137379
-0.0762365 0.0198748 0.331033 -1.224e-05 -0.00502141 0.00168199
-0.0704937 0.0373257 0.268723 0.00015273 -0.00446359 0.00175642
-0.0564045 0.026949 0.251915 -0.00013582 -0.00473687 0.00175642
-0.0565611 0.0186525 0.337711 -0.00015252 -0.00447757 0.00166237
-0.0735615 0.065869 0.276058 -0.00032739 -0.00461681 0.00175642
-0.0664616 0.0562106 0.251965 -0.00034807 -0.00503264 0.00175642
-0.0530667 0.0366018 0.258034 -0.00025085 -0.00470336 0.00175642
-0.0675134 0.0199871 0.304468 -0.00014792 -0.00471188 0.00175642
-0.0571572 0.0467731 0.300883 -0.00037368 -0.00485529 0.00175642
-0.05405 0.0342728 0.293132 -0.0007278 -0.00450306 0.00175642
-0.0533649 0.0195407 0.279265 -0.00114077 -0.00402706 0.00164986
-0.0631197 0.0213537 0.256859 -0.00043154 -0.00418737 0.0016246
-0.0510054 0.013264 0.320196 -0.00036798 -0.00485133 0.00175642
-0.0528055 0.0571056 0.241615 -0.00036798 -0.00513191 0.00170047
-0.0644323 0.0335802 0.230916 -0.00036798 -0.00501529 0.00175642
-0.0883077 -0.00438598 0.233571 0.00021983 -0.00421583 0.0014095
-0.0918319 0.0625399 0.238192 -0.00071455 -0.00571085 0.00175642
-0.103325 0.0774574 0.234426 -0.00113134 -0.00633169 0.00175642
-0.100304 0.0311886 0.22161 -0.00076437 -0.00549386 0.00170509
-0.0833712 0.0117289 0.305603 -0.00090661 -0.00523768 0.0016992
-0.0805913 0.0506294 0.27052 -0.00147489 -0.00561552 0.00175642
-0.0810605 0.033471 0.216044 -0.0004866 -0.0055837 0.00153451
-0.0877703 -0.0118933 0.226379 0.00036424 -0.00404372 0.00159388
-0.0850453 0.0399631 0.248247 -0.00120337 -0.00544841 0.00138754
-0.0950091 0.045317 0.227823 -0.00087971 -0.00569912 0.00159027
-0.0838508 0.0195868 0.280123 -0.00094663 -0.0052581 0.00155861
-0.0957239 0.0466299 0.218736 -0.00082066 -0.00480866 0.00151839
-0.0928381 0.0348168 0.227077 -0.00124069 -0.0055302 0.00150106
-0.0883811 0.032335 0.272424 -0.00124347 -0.00547556 0.00144611
-0.0901422 0.0529083 0.220828 -0.00097954 -0.00573207 0.00152841
-0.104673 0.0182864 0.233193 -0.0008905 -0.00593134 0.00175642
-0.118665 0.0190155 0.246533 -0.00075677 -0.00613948 0.00133314
-0.113097 0.0471039 0.196403 -0.00054342 -0.00671498 0.00140727
-0.110304 0.0296222 0.215512 -0.00045659 -0.00672906 0.00175642
-0.0984567 0.0222017 0.268669 -0.00094732 -0.00638182 0.00169411
-0.0974718 0.053359 0.191679 0.00039993 -0.00555751 0.00175642
-0.096398 0.0371216 0.212048 -0.00065387 -0.00681869 0.00165178
-0.0875164 0.0271993 0.260136 -0.00063614 -0.00703656 0.00175642
-0.087578 0.0647652 0.214765 -0.00036481 -0.00719318 0.00175642
-0.0937806 0.0170765 0.266543 -0.00030669 -0.00623087 0.00175642
-0.0890809 0.0401904 0.237339 -0.0003917 -0.00773922 0.00175642
-0.0767869 0.0527527 0.204436 -0.00062205 -0.00739573 0.00184159
-0.082337 0.0177448 0.271872 -0.00032454 -0.00746235 0.00175642
-0.0858671 0.020583 0.237724 0.00042685 -0.00709243 0.00175642
-0.0931118 0.0425411 0.224675 -0.0003161 -0.00791999 0.00175642
-0.0925223 0.0150888 0.292962 -0.00071981 -0.00843427 0.00167784
-0.106466 0.0533554 0.274695 -0.00056353 -0.00883855 0.00168661
-0.0937378 0.0533615 0.242777 -0.00051147 -0.00847668 0.00169391
-0.0977989 0.0218217 0.289496 -0.0005984 -0.00829544 0.00148572
-0.102246 0.0633547 0.235944 -0.00091326 -0.00861828 0.00156245
-0.108254 0.0368624 0.262818 -0.00076968 -0.00796603 0.00144597
-0.0972245 0.0220902 0.296174 -0.00038965 -0.0084282 0.00164935
-0.103991 0.0483477 0.261171 -0.00025419 -0.0090785 0.00158365
-0.112971 0.0310712 0.251147 -0.00022741 -0.00900889 0.00160851
-0.106771 0.0135334 0.307531 -0.00040896 -0.00795841 0.00168212
-0.100385 0.0448792 0.253503 -0.00036171 -0.00841325 0.0018182
-0.0963794 0.0304064 0.248339 -0.00016881 -0.00832768 0.0018311
-0.0993507 0.00608174 0.319496 -0.00049778 -0.00831348 0.0019385
-0.0967248 0.0462564 0.242755 0.00063622 -0.00722801 0.00201017
-0.100159 0.0400683 0.262775 -0.0002131 -0.00841568 0.00197962
-0.0910313 0.0229399 0.300085 -2.543e-05 -0.00831516 0.002163
-0.0974374 0.0684204 0.280343 0.00020925 -0.00830055 0.00241803
-0.090831 0.0297358 0.269781 0.00082266 -0.00704419 0.00235896
-0.0807978 0.0380944 0.30577 -0.00015497 -0.00855038 0.00240723
-0.0781521 0.0723656 0.250164 -0.00044763 -0.00833917 0.00230834
-0.0785155 0.0326104 0.298913 -0.00069103 -0.0080586 0.00246042
-0.0714409 0.0399373 0.276217 -0.00011268 -0.00834274 0.00238513
-0.0577345 0.0584772 0.264263 -0.00047408 -0.00873857 0.00256443
-0.0644086 0.0257152 0.30743 -0.00048476 -0.00818932 0.00261381
-0.066748 0.0321813 0.296426 -0.00033357 -0.00667375 0.00251595
-0.0632002 0.0602433 0.26013 -0.000361 -0.00888852 0.00260541
-0.061544 0.027766 0.315895 -0.00057225 -0.00840082 0.00284782
-0.0529853 0.0526606 0.305553 -0.00038092 -0.00863293 0.00284571
-0.0638909 0.0517994 0.253757 3.5e-05 -0.00861722 0.00295957
-0.0562478 0.0283963 0.311585 -0.0003266 -0.00859747 0.00295957
-0.0515672 0.018925 0.353051 -0.00029318 -0.00772946 0.00314236
-0.0571769 0.0691203 0.247711 0.00038384 -0.00838662 0.00287617
-0.0596496 0.0209972 0.330082 -8.239e-05 -0.00861334 0.00302992
-0.0584183 0.0419056 0.32943 0.00035168 -0.00875721 0.00295957
-0.0229353 0.0501081 0.358427 -0.00416732 -0.0119697 0.00377738
-0.055441 -0.0366134 0.347727 -0.00439523 -0.00932733 0.00337349
-0.0633992 0.100767 0.29793 -0.00373141 -0.00931532 0.00282882
-0.0676882 0.0741059 0.264343 -0.00336798 -0.00940818 0.0029848
-0.0750528 0.00029893 0.344954 -0.00367312 -0.00959995 0.00326637
-0.0758215 0.0661583 0.280178 -0.00326583 -0.00919635 0.0029241
-0.0665936 0.0321531 0.265729 -0.00265477 -0.00926609 0.0029534
-0.0725857 -0.00287806 0.341244 -0.00273587 -0.00856459 0.00301072
-0.0838678 0.0604079 0.263061 -0.00245303 -0.0095632 0.00243569
-0.091119 0.0187952 0.297463 -0.00271615 -0.00934165 0.00271817
-0.100142 0.0230252 0.335784 -0.00289126 -0.00924887 0.00249094
-0.109277 0.0633442 0.303816 -0.00284136 -0.00864997 0.00238378
-0.112006 0.0335509 0.302877 -0.003099 -0.00925354 0.00245592
-0.122603 0.0378976 0.298151 -0.00265811 -0.00902155 0.00204014
-0.132188 0.0672375 0.249921 -0.0023356 -0.00926329 0.00174061
-0.125817 0.00777907 0.271662 -0.00212778 -0.00675197 0.00194745
-0.129388 0.0392308 0.312387 -0.00285657 -0.00884242 0.00175145
-0.131249 0.0627048 0.257935 -0.00235258 -0.0090974 0.0016827
-0.142502 0.0108522 0.316051 -0.0027551 -0.00927517 0.00196385
-0.130996 0.0216992 0.296236 -0.00189663 -0.00888966 0.00213336
-0.144501 0.056766 0.268648 -0.00246061 -0.00916083 0.00180086
-0.13926 -0.0155802 0.346062 -0.00343995 -0.00903534 0.00205053
-0.132862 0.0696245 0.262445 -0.00246856 -0.00946191 0.00164995
-0.139746 0.0483702 0.27697 -0.00298856 -0.00951739 0.00182872
-0.118034 0.00149938 0.360044 -0.00326098 -0.00929577 0.00225519
-0.132917 0.0731152 0.319011 -0.00299979 -0.00906173 0.00186045
-0.12841 0.042325 0.286648 -0.00286802 -0.00908961 0.0019524
-0.123816 0.0173717 0.226063 -0.00109434 -0.00692303 0.0019276
-0.125337 0.0704876 0.24908 -0.00248684 -0.00882634 0.00174209
-0.114019 0.00481783 0.343769 -0.00312133 -0.00932455 0.00211919
-0.112669 0.0488669 0.289316 -0.00249973 -0.009323 0.00186736
-0.118157 0.0495717 0.263123 -0.00228567 -0.00845372 0.00177357
-0.113728 0.00755624 0.314614 -0.00262395 -0.00902472 0.00210783
-0.108313 0.0622848 0.246263 -0.00202583 -0.00904344 0.00170712
-0.0946276 0.0458827 0.256788 -0.00215863 -0.00962093 0.0021607
-0.0911647 0.0175183 0.275128 -0.00136617 -0.00777943 0.00201944
-0.0854398 0.0597024 0.238973 -0.00189172 -0.00958638 0.00211008
-0.0908474 0.0202609 0.299725 -0.00225741 -0.00968545 0.00242204
-0.0983425 0.0358195 0.315529 -0.00241154 -0.010003 0.00236328
-0.0962763 0.0338796 0.192246 -0.00019335 -0.00835209 0.00212113
-0.0962204 -0.00527176 0.285144 -0.0011062 -0.00754789 0.00222318
-0.10296 0.069634 0.294119 -0.00231921 -0.0103069 0.00203826
-0.0910648 0.0282155 0.333044 -0.00297311 -0.0115092 0.00254312
-0.0854561 0.0237633 0.322412 -0.00265198 -0.0100826 0.00216109
-0.0827609 0.0659049 0.263083 -0.00219914 -0.0104746 0.00190082
-0.0791207 0.00722512 0.34195 -0.00280994 -0.0104345 0.00242203
-0.0873752 0.02837 0.366125 -0.00328768 -0.0116078 0.00242203
-0.0896068 0.0495659 0.276794 -0.00197649 -0.0104149 0.00201072
-0.0901271 0.0113856 0.350192 -0.00221634 -0.0107872 0.00227352
-0.0913611 0.0651362 0.310534 -0.00190791 -0.0105846 0.00196726
-0.0898759 0.0308276 0.329596 -0.00207307 -0.0103299 0.00194533
-0.0954399 0.00523412 0.400715 -0.00259651 -0.0119701 0.00218146
-0.102023 0.0557779 0.279837 -0.00150111 -0.010714 0.00188594
-0.101294 0.0199745 0.289766 -0.00116284 -0.0102324 0.00201987
-0.101563 0.0296852 0.270067 -0.0006821 -0.0109933 0.00180315
-0.102048 0.0292064 0.323588 -0.00150389 -0.0116232 0.00211261
-0.102663 0.0216652 0.380687 -0.00207169 -0.0114827 0.00207842
-0.0936222 0.0744147 0.256275 -0.00122999 -0.0115742 0.00201348
-0.100055 0.0152577 0.336146 -0.0020341 -0.0106204 0.00225683
-0.105458 0.0418551 0.270778 -0.00116018 -0.0108236 0.00182909
-0.102611 0.0910697 0.230487 -0.00129608 -0.0109801 0.00201029
-0.10532 0.0378636 0.187832 -0.00036402 -0.0109975 0.00184894
-0.104003 0.00448979 0.211567 0.00029577 -0.0108942 0.00208235
-0.116368 0.0248282 0.320823 -0.00132872 -0.0114262 0.00180197
-0.126528 0.0269635 0.204714 0.00038385 -0.0102276 0.00181813
-0.125758 0.00495554 0.316791 -0.00068841 -0.0121347 0.00206269
-0.12544 0.028081 0.298211 -0.00019545 -0.0129262 0.00198447
-0.121466 0.0521806 0.24007 0.00025028 -0.0136453 0.00214773
-0.116843 -0.00823451 0.241474 0.00157458 -0.0117185 0.00233331
-0.138127 0.0236378 0.353581 2.637e-05 -0.0137358 0.00205178
-0.116161 0.0674662 0.30698 -0.00021799 -0.0137839 0.00214557
-0.104573 0.0147019 0.32055 0.00017269 -0.013948 0.00222633
-0.11043 0.0252655 0.366981 -0.00043107 -0.0137835 0.00217169
-0.104272 0.0685371 0.24981 0.00093707 -0.0147352 0.00219525
-0.105524 0.0120713 0.339674 0.00053648 -0.0142764 0.00206242
-0.0929667 0.050508 0.326991 0.00096651 -0.0144814 0.00221986
-0.0934186 0.0628628 0.253576 0.00183713 -0.0132123 0.00229994
-0.0876079 0.0147709 0.363593 0.00029635 -0.0135914 0.00219751
-0.0966303 0.0529039 0.314196 0.00041755 -0.013624 0.00208007
-0.0871986 0.0527523 0.270561 0.0011295 -0.0139212 0.00219724
-0.0995167 0.0238555 0.332673 0.00069795 -0.0134554 0.0022274
-0.0956997 0.0825611 0.287269 0.00101063 -0.013936 0.00218533
-0.0972235 0.0370177 0.277432 0.00159859 -0.0125137 0.00219279
-0.112247 0.0130904 0.349717 0.00060233 -0.0140726 0.00193677
-0.0983025 0.0795265 0.289176 0.00098879 -0.0145789 0.00205229
-0.11117 0.0431497 0.23564 0.00216691 -0.012591 0.00197797
-0.133607 0.00629042 0.360059 0.0008564 -0.0137995 0.00201147
-0.138421 0.0683219 0.29555 0.00185709 -0.0144509 0.0020374
-0.134955 0.0586616 0.255091 0.00216106 -0.0139361 0.00223632
-0.124344 0.0317126 0.250607 0.00351306 -0.0139276 0.00223632
-0.129495 0.0414207 0.366357 0.00191679 -0.0154382 0.00223632
-0.106538 0.119878 0.315147 0.00254745 -0.0158671 0.00212648
-0.114107 0.0447724 0.318318 0.00273835 -0.0131992 0.00211683
-0.1241 0.010538 0.364657 0.00174527 -0.0146742 0.00189436
-0.129869 0.1019 0.327821 0.00240896 -0.0153688 0.00194206
-0.116403 0.0661028 0.33716 0.00212562 -0.0160642 0.00214766
-0.124151 0.0350556 0.299607 0.00427716 -0.0142906 0.00184994
-0.112637 0.0879096 0.33514 0.00255555 -0.0159029 0.00209228
-0.113674 0.101419 0.325702 0.00257073 -0.0159941 0.00211707
-0.125562 -0.00787399 0.422232 0.00178352 -0.0152575 0.00225199
-0.117552 0.112303 0.346861 0.00128077 -0.0151087 0.00185472
-0.124575 0.104149 0.287486 0.00270681 -0.0148899 0.00198626
-0.124325 0.049942 0.371243 0.00251054 -0.0150162 0.00232771
-0.116485 0.0938344 0.314324 0.0047866 -0.0135664 0.00219744
-0.134086 0.092723 0.295746 0.00310845 -0.0157391 0.00208974
-0.133818 0.0240844 0.382328 0.0026989 -0.0153572 0.00232771
-0.126954 0.100164 0.347192 0.00351586 -0.01573 0.00215897
-0.113971 0.0749911 0.3348 0.00434175 -0.0155284 0.00237861
-0.133332 0.0127772 0.397811 0.00438222 -0.014911 0.00248436
-0.12482 0.124196 0.31695 0.00563484 -0.0146421 0.00238694
-0.117504 0.138513 0.305352 0.00493492 -0.0168144 0.00239402
-0.135843 0.0769495 0.407043 0.00364985 -0.0163455 0.00257324
-0.13295 0.161025 0.343408 0.00425799 -0.0164533 0.00228028
-0.137434 0.131937 0.287382 0.00447076 -0.0163988 0.00226217
-0.140347 0.0143944 0.377504 0.0033903 -0.014379 0.00239209
-0.146997 0.0949581 0.273789 0.00507512 -0.0147045 0.00185542
-0.152965 0.104647 0.256191 0.00423735 -0.0151517 0.00190073
-0.153744 0.00041871 0.377677 0.00304497 -0.0155711 0.00223082
-0.158806 0.0246948 0.382821 0.00367282 -0.0155972 0.00188487
-0.159043 0.0511904 0.282287 0.00550607 -0.0158372 0.00137629
-0.149702 0.0690598 0.262931 0.00443649 -0.0137824 0.00179533
-0.154396 0.077701 0.334684 0.00400864 -0.0166172 0.00226358
-0.172616 0.117957 0.338367 0.00311056 -0.0163587 0.0018867
-0.200363 0.0527468 0.228069 0.00462427 -0.017332 0.00130778
-0.208144 0.0310459 0.263279 0.0014338 -0.01824 0.00138434
-0.232955 -0.00573217 0.372019 0.00164727 -0.0177921 0.00114606
-0.23168 0.0541024 0.302633 0.00320423 -0.0185291 0.00067323
-0.232926 -0.00320445 0.160437 0.00422169 -0.0185452 0.00067526
-0.216466 0.00483283 0.252138 0.00189727 -0.0194339 0.00109702
-0.204871 0.0156629 0.331658 0.00263602 -0.0181354 0.00130148
-0.199477 0.086085 0.266121 0.00301676 -0.0189982 0.0012138
-0.175366 0.0329931 0.30119 0.00279218 -0.0169174 0.00129337
-0.18731 0.0592605 0.283911 0.00418344 -0.016477 0.00111552
-0.179133 0.137445 0.253907 0.00330097 -0.0183252 0.00152222
-0.157745 0.0156092 0.458127 0.00173212 -0.0186455 0.00213625
-0.134979 -0.0203706 0.938043 0.00127896 -0.0155701 0.00211502
-0.158614 0.179296 0.751587 0.00144228 -0.0122283 0.00125599
-0.164973 0.314361 0.423121 0.00282399 -0.0137145 0.00115724
-0.161085 0.160091 0.380604 0.00357995 -0.0142427 0.00159809
-0.162632 0.10998 0.360332 0.00419612 -0.0145948 0.00185
-0.157576 0.0316393 0.361856 0.0047536 -0.0150272 0.00202905
-0.150947 -0.0236488 0.388781 0.00373942 -0.0146787 0.00199184
-0.148127 0.0667036 0.351817 0.00410158 -0.0150232 0.00204363
-0.146298 0.069782 0.331367 0.00467835 -0.0149956 0.00207659
-0.137791 0.0801054 0.356837 0.0045513 -0.0155889 0.0023051
-0.128273 0.128155 0.386229 0.00447372 -0.0160162 0.00259692
-0.124408 0.196692 0.309788 0.00684268 -0.014705 0.00224286
-0.122154 0.181412 0.340951 0.004829 -0.0167085 0.00240436
-0.116937 0.119573 0.421554 0.00403746 -0.0162597 0.00248342
-0.108156 0.163733 0.379116 0.00475706 -0.0166025 0.00239289
-0.103592 0.100303 0.333319 0.00661752 -0.0149647 0.00235117
-0.124831 0.0193582 0.431912 0.00428746 -0.0165981 0.00235333
-0.129365 0.0744978 0.359247 0.00568771 -0.017068 0.0020451
-0.123739 0.109043 0.304053 0.00541985 -0.01849 0.00232647
-0.127087 0.0750694 0.305518 0.00570704 -0.0180555 0.00226378
-0.128912 0.0292606 0.437131 0.00327258 -0.0166549 0.00268896
-0.123006 0.154556 0.340305 0.00468912 -0.0180494 0.0023269
-0.122597 0.13325 0.314982 0.00611189 -0.0174879 0.00208143
-0.122285 0.0854225 0.373718 0.00481791 -0.0158384 0.00246436
-0.133713 0.165886 0.332343 0.00452767 -0.0173526 0.00216204
-0.128291 0.13813 0.311686 0.00437735 -0.0178533 0.00221622
-0.141384 0.0570068 0.402031 0.00370814 -0.0173299 0.00243223
-0.125974 0.130728 0.364395 0.00446132 -0.0172315 0.00226715
-0.141546 0.0889209 0.318457 0.00530388 -0.0176334 0.00207967
-0.132455 0.00310869 0.373922 0.00531811 -0.0165704 0.00238913
-0.147119 0.107092 0.36576 0.00519287 -0.017932 0.00211432
-0.146867 0.107788 0.325055 0.00548161 -0.0194733 0.00222781
-0.130777 0.0769905 0.403123 0.0048126 -0.0180141 0.00244671
-0.129307 0.169295 0.370033 0.00535236 -0.0186751 0.00229898
-0.139951 0.168137 0.283532 0.00718772 -0.0173423 0.00181889
-0.146671 0.0987638 0.372327 0.00522661 -0.0185097 0.00247477
-0.147293 0.169825 0.341309 0.00545348 -0.0189925 0.00219645
-0.147466 0.136318 0.268756 0.00732915 -0.0173075 0.00207354
-0.146827 0.0776505 0.381253 0.00462042 -0.0186906 0.00245895
-0.152457 0.124771 0.324824 0.0059251 -0.0195526 0.00212375
-0.165105 0.101262 0.289894 0.0065568 -0.0197237 0.00200335
-0.156367 0.0317507 0.355048 0.00607374 -0.0179599 0.00191144
-0.15596 0.144019 0.343356 0.00564337 -0.0203027 0.0021919
-0.15386 0.178667 0.253764 0.00823632 -0.0203614 0.00148112
-0.166385 0.124575 0.237249 0.00614904 -0.0211481 0.00147664
-0.164341 0.0914726 0.305644 0.00678931 -0.0202093 0.00199834
-0.152514 0.144307 0.340415 0.0070039 -0.0214028 0.00227734
-0.151561 0.191571 0.307316 0.00727712 -0.0210494 0.00219729
-0.152129 0.103041 0.372852 0.00645029 -0.0202652 0.00247459
-0.142737 0.145597 0.388515 0.00707869 -0.0204426 0.0023402
-0.141878 0.177761 0.310874 0.00857694 -0.0210959 0.00216771
-0.13848 0.150535 0.300921 0.00797943 -0.021322 0.00222676
-0.128327 0.110773 0.387725 0.00762835 -0.0212953 0.00270915
-0.139851 0.214418 0.312675 0.00733568 -0.0208507 0.00224417
-0.139602 0.164771 0.302476 0.00737184 -0.0210823 0.00223976
-0.138285 0.109109 0.281487 0.00912372 -0.0187699 0.00218314
-0.145352 0.192737 0.240228 0.00749826 -0.0213614 0.00214392
-0.157511 0.085887 0.362071 0.00670932 -0.0201438 0.00246089
-0.165172 0.160356 0.312047 0.00946514 -0.0218634 0.00220258
-0.166088 0.173564 0.299739 0.00836929 -0.0202688 0.00188557
-0.192971 0.0978346 0.361623 0.00908926 -0.0207472 0.00135345
-0.191026 0.203408 0.261338 0.00951429 -0.0210708 0.0011286
-0.178167 0.207029 0.253918 0.00883415 -0.0217498 0.00135345
-0.164742 0.151156 0.327916 0.00884619 -0.0216639 0.00178225
-0.159419 0.23108 0.299233 0.00975935 -0.0221817 0.00190978
-0.174123 0.209057 0.307879 0.00919923 -0.0221951 0.00169584
-0.187201 0.168328 0.357668 0.00904719 -0.0214298 0.00159005
-0.187529 0.254572 0.312759 0.00969427 -0.0218713 0.0013599
-0.191177 0.199968 0.295548 0.0102893 -0.0221082 0.00144994
-0.204064 0.140858 0.366381 0.00895302 -0.0213641 0.0012965
-0.213513 0.234378 0.288858 0.0103526 -0.0226477 0.00116179
-0.215528 0.199339 0.275143 0.00980658 -0.0226399 0.00122112
-0.214699 0.138308 0.382339 0.00935166 -0.022105 0.00155033
-0.216445 0.229739 0.326887 0.00952034 -0.0225455 0.00123278
-0.217477 0.184831 0.324356 0.00983909 -0.0223845 0.00124796
-0.205198 0.139638 0.366206 0.00919868 -0.0221146 0.00127553
-0.217227 0.238672 0.309125 0.00962548 -0.0222445 0.00112241
-0.21429 0.196818 0.274215 0.0114267 -0.022694 0.0011087
-0.200031 0.156446 0.361837 0.0089791 -0.0221241 0.001502
-0.204939 0.246073 0.306277 0.00942733 -0.0228957 0.00103044
-0.208803 0.192606 0.317555 0.00957441 -0.0230221 0.00110108
-0.214661 0.136866 0.344639 0.0106417 -0.0226818 0.00130425
-0.215967 0.241885 0.265577 0.0106515 -0.0237236 0.00124883
-0.209371 0.143521 0.374633 0.00944442 -0.0225703 0.00146513
-0.200534 0.212211 0.372672 0.0103366 -0.0234794 0.00132133
-0.189229 0.210901 0.271175 0.0126603 -0.0220165 0.00134364
-0.188179 0.114722 0.425614 0.00904751 -0.0225282 0.00183635
-0.188124 0.245931 0.327908 0.00993853 -0.0232324 0.00141229
-0.187198 0.215602 0.324683 0.00998408 -0.0233377 0.00145268
-0.19729 0.127148 0.397645 0.0096307 -0.0225304 0.00160361
-0.198102 0.246704 0.334655 0.00984195 -0.0236207 0.001416
-0.181332 0.202038 0.337763 0.00949456 -0.0234098 0.0015063
-0.166046 0.133266 0.423855 0.00879121 -0.0228232 0.0018371
-0.159303 0.20689 0.370362 0.00959336 -0.0230547 0.00148888
-0.160368 0.156152 0.355508 0.0099905 -0.0232872 0.0018008
-0.172437 0.117163 0.427237 0.00917509 -0.0224483 0.00190725
-0.176428 0.215725 0.332166 0.0107714 -0.0225792 0.00149934
-0.179401 0.183675 0.353125 0.00941426 -0.0233161 0.00179026
-0.167004 0.125922 0.393145 0.00876198 -0.0228306 0.00196565
-0.166828 0.205391 0.33768 0.00978826 -0.0234597 0.00174963
-0.162523 0.175456 0.332683 0.00958581 -0.0234581 0.0019913
-0.188056 0.141134 0.405773 0.00928012 -0.0229998 0.00211792
-0.18005 0.237396 0.247792 0.00957939 -0.0233881 0.00190725
-0.207453 0.157413 0.257196 0.0082022 -0.0231006 0.00184243
-0.189834 0.15723 0.300062 0.0101709 -0.0229917 0.00166688
-0.177138 0.225608 0.284968 0.00964922 -0.0236419 0.00159108
-0.181054 0.139876 0.356951 0.00971444 -0.023117 0.00225823
-0.190515 0.207823 0.287332 0.00971822 -0.0224489 0.00149344
-0.1941 0.181699 0.271967 0.00668225 -0.0220759 0.00145769
-0.190387 0.148023 0.252724 0.00774244 -0.0217564 0.00161172
-0.187438 0.119452 0.312248 0.00932732 -0.0216092 0.00190511
-0.199093 0.220303 0.261832 0.0075052 -0.022257 0.00147679
-0.20561 0.162564 0.292252 0.00741341 -0.0222914 0.00175513
-0.18997 0.146388 0.320033 0.00748421 -0.0216568 0.00184092
-0.215286 0.156053 0.218515 0.00691983 -0.0218234 0.00129889
-0.207862 0.0626112 0.351246 0.00668875 -0.0219166 0.00173731
-0.190401 0.199877 0.343794 0.0081523 -0.0224104 0.00146942
-0.191044 0.162695 0.290977 0.0100898 -0.0217625 0.00138915
-0.182854 0.114605 0.366403 0.00826147 -0.0225649 0.00207009
-0.192164 0.217197 0.302189 0.00861134 -0.0225398 0.00150718
-0.183637 0.169919 0.320647 0.00849938 -0.0223572 0.00165942
-0.183735 0.162986 0.35945 0.00821486 -0.021783 0.00169265
-0.184056 0.229537 0.327927 0.00884252 -0.02232 0.0015327
-0.189704 0.150388 0.358376 0.008607 -0.022418 0.0017935
-0.165512 0.164769 0.304384 0.0095185 -0.0178453 0.00135931
-0.184787 0.205366 0.279568 0.0083258 -0.0182119 0.00149979
-0.179964 0.104264 0.366075 0.00818802 -0.0191125 0.00165527
-0.185145 0.171917 0.319874 0.0092378 -0.0188245 0.00111791
-0.194235 0.208187 0.294734 0.00817077 -0.0192667 0.00147537
-0.199336 0.150864 0.354046 0.00814883 -0.0194014 0.00149275
-0.202887 0.18809 0.314826 0.00939523 -0.0193147 0.00133063
-0.211608 0.197628 0.289994 0.00869128 -0.0200254 0.00134357
-0.211301 0.117717 0.406628 0.00841697 -0.0204645 0.00175361
-0.224051 0.199704 0.348426 0.00949683 -0.0210682 0.00131588
-0.224345 0.22258 0.274367 0.00965169 -0.0217418 0.00141547
-0.202146 0.152815 0.379147 0.00902719 -0.0223019 0.0019663
-0.20202 0.198407 0.396527 0.00873584 -0.0220656 0.00192333
-0.202708 0.235816 0.314264 0.00919587 -0.0223634 0.00186571
-0.202153 0.132306 0.365448 0.00954879 -0.0216864 0.00198929
-0.198887 0.208139 0.351569 0.00909798 -0.0219316 0.00184825
-0.203252 0.211533 0.268712 0.0108577 -0.021529 0.00164391
-0.202919 0.139647 0.374652 0.00860074 -0.021081 0.00179051
-0.203331 0.207671 0.2935 0.0101907 -0.0214966 0.00155817
-0.199711 0.200038 0.315879 0.00979022 -0.022145 0.00183377
-0.202795 0.143187 0.363934 0.0100003 -0.0217644 0.00174796
-0.203246 0.215101 0.309905 0.00942893 -0.0223348 0.00163139
-0.202294 0.138231 0.371748 0.00996076 -0.0223517 0.00199193
-0.214462 0.163517 0.411671 0.0102123 -0.0221602 0.00173842
-0.220351 0.241659 0.308039 0.0120659 -0.0227104 0.00161375
-0.218769 0.212624 0.318536 0.0100527 -0.0234039 0.00174544
-0.210909 0.161471 0.390359 0.00956572 -0.0233128 0.00198212
-0.210898 0.234063 0.364142 0.00980836 -0.0234527 0.00199746
-0.211259 0.193385 0.324521 0.0107901 -0.0232701 0.00174668
-0.204966 0.113047 0.43069 0.00923024 -0.0232757 0.00236782
-0.208012 0.200108 0.382857 0.00975907 -0.0238238 0.00212793
-0.210857 0.213695 0.362744 0.00916601 -0.0232642 0.00213241
-0.21937 0.137007 0.41801 0.00881128 -0.023214 0.00210988
-0.219852 0.241463 0.379786 0.00924319 -0.0236856 0.00195265
-0.216649 0.19735 0.335249 0.00978539 -0.0240631 0.00202931
-0.220084 0.12256 0.359477 0.0108215 -0.0218092 0.0020077
-0.208156 0.22507 0.378468 0.00992703 -0.0238574 0.00207251
-0.224378 0.223518 0.2784 0.0114669 -0.0245662 0.00165026
-0.218137 0.146784 0.388022 0.00876292 -0.0237223 0.0022674
-0.217766 0.25218 0.331275 0.0101086 -0.0239083 0.00192086
-0.20953 0.216242 0.330524 0.00909218 -0.0241003 0.00209445
-0.206382 0.185171 0.354563 0.00920723 -0.0236205 0.00222263
-0.208909 0.149275 0.40484 0.00845724 -0.0237741 0.00234512
-0.201391 0.252848 0.342722 0.0095745 -0.0243585 0.00192802
-0.200541 0.204762 0.35378 0.00972066 -0.0248893 0.00196468
-0.212328 0.151549 0.418434 0.00962089 -0.0239002 0.00217495
-0.223047 0.256059 0.32521 0.00924003 -0.0234178 0.00204509
-0.224201 0.213849 0.32181 0.00936535 -0.0239197 0.00190945
-0.212207 0.155033 0.417833 0.00876251 -0.023696 0.00234512
-0.208057 0.196751 0.3708 0.0112814 -0.0235418 0.00193559
-0.212718 0.172681 0.307002 0.0116828 -0.0233861 0.00154905
-0.228948 0.104062 0.365754 0.0108421 -0.0237624 0.00186416
-0.23946 0.158984 0.347193 0.010869 -0.0234208 0.00148938
-0.249428 0.180143 0.266809 0.011079 -0.0240047 0.00128349
-0.255615 0.126749 0.268417 0.010784 -0.0245842 0.00141081
-0.242866 0.116593 0.321836 0.00823854 -0.0243123 0.00202611
-0.243455 0.181412 0.344823 0.00800543 -0.0247699 0.00186442
-0.243847 0.194825 0.324122 0.00777297 -0.0246263 0.00167087
-0.241821 0.118083 0.42755 0.00694212 -0.0234419 0.00170511
-0.255321 0.22837 0.317061 0.00756447 -0.0238109 0.00134719
-0.256586 0.146448 0.331345 0.00807556 -0.0232277 0.00140176
-0.251871 0.132667 0.403004 0.00747865 -0.0232437 0.00150933
-0.258696 0.222805 0.309423 0.00753355 -0.0238854 0.00098175
-0.270667 0.142753 0.35363 0.00740666 -0.023701 0.00107623
-0.25903 0.137143 0.433826 0.00732665 -0.0233454 0.00110323
-0.268146 0.197973 0.376349 0.00746535 -0.0237767 0.00076513
-0.258539 0.100201 0.369448 0.00841008 -0.0242225 0.00126607
-0.256615 0.0435845 0.406274 0.00874404 -0.0215331 0.00126607
-0.269942 0.185943 0.309958 0.00979058 -0.0218938 0.00051601
-0.261327 0.119953 0.357119 0.00849056 -0.0247991 0.00132669
-0.250334 0.124863 0.425019 0.00803937 -0.0229639 0.0012051
-0.249342 0.238402 0.387658 0.0082074 -0.0234406 0.00086988
-0.261211 0.210459 0.337355 0.00807032 -0.0236445 0.0006244
-0.253085 0.106948 0.454654 0.00619781 -0.0223238 0.00130804
-0.245539 0.196579 0.413757 0.00767131 -0.0232575 0.00123354
