2e-08 0.10286 0.178094 -0.00204883 0 0
0.00449269 0.0550386 0.179396 -0.00132449 0.00012796 -7.39e-05
0.00015008 0.203829 0.0992496 -0.00176967 0 8.568e-05
-9.23e-06 0.170436 0.193124 -0.00234884 2.396e-05 1.864e-05
0.00016811 0.0769944 0.253238 -0.00216594 -8.766e-05 0.00011996
0.00219814 0.18215 0.164598 -0.00264859 -1.222e-05 0.00011161
8.015e-05 0.158779 0.175732 -0.00263031 -1.076e-05 5.725e-05
3.194e-05 0.0676518 0.277563 -0.00228569 -0.0001927 6.477e-05
7.219e-05 0.172024 0.211826 -0.00305975 -0.00013418 9.37e-05
-8.091e-05 0.155919 0.215118 -0.00262759 -4.998e-05 -3.902e-05
0.00012934 0.0827422 0.312727 -0.00237135 -0.00014835 6.95e-05
3.915e-05 0.124664 0.271564 -0.00260389 -0.00020011 8.642e-05
-0.0001084 0.221344 0.22995 -0.00275026 -0.00013082 4.18e-06
-0.00020277 0.128715 0.270103 -0.00266793 -0.0001789 -6.896e-05
-0.00019802 0.101518 0.288977 -0.00257049 -0.00017125 -5.495e-05
0.00246677 0.203544 0.226774 -0.00265222 -0.00017663 -8.763e-05
0.00296782 0.12548 0.285718 -0.00279835 -0.00016035 -0.00012559
-0.00024393 0.113918 0.305154 -0.00279631 -0.00015738 -7.503e-05
-0.0001993 0.21289 0.241644 -0.00333417 -0.00015872 1.97e-06
-0.00023696 0.141828 0.259014 -0.00290598 -0.00013616 -5.934e-05
-0.0001845 0.0961369 0.28934 -0.0027422 -8.781e-05 -8.179e-05
-0.00015726 0.202065 0.213092 -0.00335003 -4.214e-05 -6.865e-05
-7.943e-05 0.129801 0.253861 -0.00292449 -0.00011293 2.006e-05
0.0034485 0.10592 0.256433 -0.00279881 -0.00019646 -0.00010515
-0.00034963 0.242997 0.191933 -0.00295448 -0.00018329 -4.227e-05
-0.00034958 0.118407 0.249872 -0.00278023 -0.00012422 -0.00013392
-0.00029994 0.11786 0.21508 -0.00247606 -0.00019849 -7.767e-05
-0.00016307 0.230039 0.192979 -0.00299298 -5.808e-05 -5.17e-06
-0.00039753 0.0906224 0.265062 -0.00273545 -0.00033004 -7.051e-05
-0.0003143 0.192158 0.169974 -0.00298367 -0.00021215 -8.63e-06
-0.00036234 0.156457 0.207845 -0.00318801 -0.00019621 -6.604e-05
-0.00022733 0.0809985 0.235061 -0.00270185 -6.88e-05 -9.293e-05
-0.00030306 0.237099 0.204513 -0.00353962 -0.00013038 -3.835e-05
0.00475983 0.207569 0.205831 -0.0032469 -0.00010227 -0.00011791
0.00352712 0.0890787 0.24987 -0.00265667 3.478e-05 -7.281e-05
-0.00057648 0.153713 0.201192 -0.00333781 -0.00021513 -0.00015483
0.00729554 0.206378 0.170691 -0.00289385 2.286e-05 -0.00014937
0.0094818 0.0759202 0.249474 -0.00287876 -7.777e-05 -0.00032726
0.0133078 0.155917 0.226913 -0.00367998 -4.78e-06 -0.0002075
0.0409827 0.181805 0.218826 -0.0038403 0.00106184 -0.00055845
0.0347248 0.118713 0.228265 -0.00340905 0.00073241 -0.0005495
0.0398036 0.187852 0.158235 -0.00308886 0.00085533 -0.00051718
0.0396116 0.15183 0.163651 -0.00299665 0.00078801 -0.00058186
0.02938 0.0779983 0.24047 -0.00297926 0.00052918 -0.00060024
0.039532 0.162795 0.2006 -0.00333729 0.00070552 -0.00057277
0.0397177 0.181516 0.115305 -0.00208712 0.00081507 -0.0005477
0.0219336 0.0985448 0.0713737 -0.00172373 0.00019306 -0.00063016
0.0248378 0.0558254 0.130174 -0.0014898 7.233e-05 -0.00059176
0.0294431 0.0478338 0.172377 -0.00143208 0.00015005 -0.00064181
0.0373079 0.251647 0.113221 -0.00212983 0.00038831 -0.00070893
0.0295856 0.216397 0.151401 -0.00260759 0.00038238 -0.00064321
0.0247571 0.104242 0.217561 -0.00304027 0.00045552 -0.0004008
0.0230374 0.247211 0.184711 -0.00355029 0.0006776 -0.00032085
0.0229722 0.165979 0.159487 -0.00323874 0.0005631 -0.00031699
0.0229386 0.0707518 0.209237 -0.00297443 0.00047539 -0.00033382
0.0255637 0.134332 0.190565 -0.00319043 0.00057307 -0.00033756
0.0268594 0.159061 0.163982 -0.00328128 0.00058668 -0.00034382
0.0229974 0.0958531 0.190474 -0.00323422 0.0005365 -0.00030048
0.0226926 0.0883023 0.177064 -0.00290547 0.00031936 -0.00034934
0.0252318 0.195773 0.145831 -0.00296839 0.00060075 -0.00031817
0.0228858 0.126915 0.190607 -0.00327907 0.00051201 -0.00035371
0.0178639 0.117501 0.189183 -0.00320964 0.00043454 -0.00022186
0.0233046 0.218702 0.163825 -0.00343541 0.00057784 -0.00016727
0.0230192 0.140997 0.194806 -0.00342325 0.000459 -0.00023605
0.00976769 0.119285 0.169739 -0.0030888 0.00034544 -0.00010331
0.0155803 0.184546 0.136889 -0.00290043 0.00053443 -0.00010314
0.0198654 0.0997274 0.200063 -0.00337906 0.00043155 -0.00017822
0.0176888 0.130113 0.199481 -0.00346323 0.00053284 -7.949e-05
0.0186065 0.16996 0.176317 -0.00361872 0.00058725 -7.712e-05
0.0180649 0.119242 0.157415 -0.00300481 0.00053143 -0.00014735
0.00427672 0.0895051 0.195107 -0.00340445 7.413e-05 -0.00015957
0.00436592 0.173086 0.163271 -0.00347757 0.00012709 -0.00011828
0.00438291 0.149326 0.173889 -0.00335046 0.0001072 -0.00010565
0.00426189 0.0923301 0.206773 -0.00361872 9.471e-05 -0.00018173
0.004458 0.186897 0.169561 -0.00361872 0.0001318 -7.097e-05
0.00798581 0.15382 0.169261 -0.0034617 0.00012074 -9.064e-05
0.00775171 0.0967134 0.207455 -0.00386223 8.24e-05 -0.00018275
0.00451936 0.20861 0.172732 -0.00418298 8.256e-05 -1.552e-05
0.0085778 0.155582 0.137964 -0.00269895 0.00017651 -0.00010774
0.00086283 0.0892313 0.114155 -0.00233504 6.349e-05 -0.00011924
0.00400898 0.0382615 0.217331 -0.00233504 2.042e-05 -0.00028872
0.00459745 0.154374 0.176029 -0.00341703 0.00014522 -1.552e-05
0.00448609 0.194686 0.186162 -0.00398764 0.00019996 -8.374e-05
0.0044398 0.0929101 0.207376 -0.00371155 0.00011342 -8.748e-05
0.00459608 0.210183 0.186971 -0.00423807 0.00014261 -1.552e-05
0.00444369 0.205562 0.182462 -0.00390103 0.00015398 -9.427e-05
0.00461899 0.0963664 0.203351 -0.00390405 0.0001245 -1.552e-05
0.00456197 0.175252 0.168825 -0.00386141 0.00013319 -1.552e-05
0.00457278 0.15297 0.175077 -0.00366267 0.00012632 -1.128e-05
0.00433293 0.0663369 0.210236 -0.00374172 0.00011556 -0.00019389
0.00419026 0.147961 0.194058 -0.00395397 9.217e-05 -0.00019071
0.00433721 0.152524 0.185825 -0.00370392 9.304e-05 -0.00011823
0.0005308 0.072721 0.218368 -0.00382898 6.808e-05 -0.0001654
-0.00042681 0.170282 0.188233 -0.004111 2.888e-05 -7.68e-05
0.00438883 0.184913 0.181751 -0.00421387 0.00015185 -0.00011688
0.00441517 0.0961968 0.201053 -0.0040541 9.523e-05 -6.895e-05
0.00919504 0.184797 0.114034 -0.0042053 0.00051613 -7.308e-05
-0.00083782 0.159672 0.139338 -0.00400573 0.00013968 -0.00022492
0.00017687 0.108538 0.189256 -0.0042913 9.859e-05 -0.00022496
0.006347 0.18864 0.13596 -0.00450608 0.00018511 -0.00014837
0.00619521 0.120807 0.165953 -0.00432173 0.00015497 -0.00023708
0.00377234 0.0859034 0.195513 -0.00416127 7.934e-05 -0.00025322
0.0061483 0.172196 0.173913 -0.00469712 0.00018109 -0.00027264
0.00629661 0.139029 0.192427 -0.00452133 0.00015733 -0.00017831
0.00606908 0.0870444 0.217218 -0.00450966 0.00016656 -0.00034299
0.0062914 0.184529 0.126137 -0.00447795 0.0001491 -0.00017096
0.00620148 0.1321 0.190976 -0.00462036 0.00014957 -0.0002457
0.0062412 0.111247 0.173243 -0.00462036 0.00021133 -0.00025501
0.00866087 0.191929 0.0998764 -0.00445404 0.00014118 -0.00021794
0.00608832 0.108188 0.186679 -0.00462036 -2.28e-06 -0.00020571
0.00635276 0.130581 0.144103 -0.00462036 0.00019393 -0.00015877
0.0123679 0.190188 0.114251 -0.00443775 0.00024405 -0.00021925
0.00910386 0.0814217 0.207786 -0.00456871 0.00016242 -0.00040765
0.00622109 0.16182 0.140806 -0.00458696 0.00018741 -0.00020558
0.00619647 0.1628 0.168105 -0.00494914 9.484e-05 -0.00017442
0.00600507 0.11203 0.191416 -0.00485431 0.00012174 -0.00032614
0.00113392 0.207894 0.154686 -0.00500274 5.836e-05 -1.627e-05
0.00652353 0.130885 0.219119 -0.00530018 0.00011768 -6.119e-05
0.00633288 0.131928 0.210663 -0.00540255 4.263e-05 -0.00015823
0.0065415 0.204733 0.125637 -0.00471651 0.00017909 -5.205e-05
0.00640402 0.115291 0.18179 -0.00445359 0.0001166 -0.00014329
0.00599172 0.138855 0.203221 -0.00470451 2.449e-05 -0.00027539
5.06e-06 0.186182 0.177169 -0.00434113 -1.217e-05 -0.00029566
0.00551666 0.12181 0.19589 -0.00443163 -0.00019665 -0.00038831
-0.0121544 0.0354915 0.148197 -0.0036379 -0.00081022 -0.0003142
-0.0112515 0.190692 0.122024 -0.00448185 -0.00053367 2.048e-05
-0.0302335 0.300388 0.112601 -0.00422671 -0.0009992 9.732e-05
-0.0205814 0.203546 0.141974 -0.00417053 -0.00101434 3.061e-05
-0.0053674 0.0677876 0.161673 -0.00334458 -0.00086011 -0.00013595
-0.011344 0.166424 0.132943 -0.00352484 -0.00093557 9.732e-05
-0.00454393 0.166476 0.150553 -0.00380743 -0.00093557 9.732e-05
-0.00130145 0.0551002 0.178356 -0.00343141 -0.00078757 -0.00036858
0.00425736 0.0674545 0.136287 -0.00327244 -0.00068557 -0.00034141
-0.00773103 0.208959 0.168666 -0.0044849 -0.00093557 -0.00010322
-0.0075239 0.192982 0.190629 -0.0043938 -0.00093557 -0.00015057
-0.00449769 0.105785 0.172795 -0.00392219 -0.00078721 -0.00024954
-0.0112539 0.10439 0.13559 -0.00383311 -0.00093557 -0.00012505
-0.0153888 0.20735 0.0968733 -0.004263 -0.00093557 -0.00016111
-0.00489118 0.174009 0.127749 -0.004263 -0.00088679 -0.00025539
-0.00470662 0.10315 0.166331 -0.004263 -0.00081283 -0.00020546
-0.016172 0.172677 0.106731 -0.00423233 -0.0007102 -8.293e-05
-0.0192058 0.133178 0.151672 -0.00459138 -0.00080031 -0.00010858
-0.012649 0.0808436 0.155008 -0.00419057 -0.00077053 -0.00015137
-0.0298228 0.174673 0.121794 -0.00414181 -0.00097212 9.732e-05
-0.0426289 0.178054 0.126062 -0.00416068 -0.00140398 0.0001631
-0.026208 0.0919656 0.133243 -0.00409835 -0.00125459 -0.00012797
-0.0460202 0.145635 0.0849274 -0.00396799 -0.00150709 0.00010616
-0.0433389 0.213688 0.0822273 -0.00450371 -0.00149441 0.00014426
-0.032083 0.0994601 0.138417 -0.00426158 -0.0012986 -3.455e-05
-0.0356354 0.131234 0.102726 -0.00410044 -0.00160626 0.00014791
-0.041614 0.185252 0.0843206 -0.00420086 -0.00143142 0.00021847
-0.0388523 0.112456 0.125963 -0.00420086 -0.00156049 0.00017688
-0.0425835 0.152586 0.121224 -0.0044081 -0.00159108 0.00014335
-0.040737 0.156212 0.113572 -0.00440369 -0.00149461 0.0001222
-0.0303054 0.0879355 0.146159 -0.00411591 -0.00145643 -0.00010847
-0.0407964 0.183938 0.128249 -0.0046154 -0.0015547 -1.754e-05
-0.0467206 0.167751 0.113978 -0.00434136 -0.00152438 7.257e-05
-0.0400413 0.0869314 0.140029 -0.00444192 -0.00149291 -6.866e-05
-0.0473709 0.160505 0.121007 -0.00486291 -0.0015379 0.00010687
-0.0450831 0.205277 0.0959315 -0.00454905 -0.00157318 0.00021363
-0.0357844 0.104267 0.155134 -0.00466225 -0.00149793 3.264e-05
-0.0338656 0.16849 0.149 -0.00509929 -0.00156423 0.00011795
-0.0327751 0.203085 0.125486 -0.00476429 -0.00151793 0.0001445
-0.0318482 0.104277 0.147966 -0.00453561 -0.00144761 -4.132e-05
-0.040172 0.148731 0.120095 -0.00445149 -0.0015517 0.00011388
-0.0404956 0.170493 0.113134 -0.00456524 -0.00155595 5.658e-05
-0.0349615 0.0720579 0.154702 -0.00463085 -0.00149559 -6.569e-05
-0.0440818 0.189552 0.118931 -0.00495156 -0.00152903 0.00013269
-0.0376746 0.135567 0.14105 -0.00473351 -0.00165076 0.00011845
-0.0341609 0.112493 0.148425 -0.00504372 -0.00147898 6.837e-05
-0.039908 0.218975 0.113053 -0.00528501 -0.00157398 0.00023829
-0.0313292 0.140659 0.128544 -0.00525934 -0.00134398 3.778e-05
-0.0411623 0.10275 0.111549 -0.00451808 -0.0015323 6.9e-05
-0.0368332 0.187088 0.0666163 -0.00481147 -0.00125475 -9.497e-05
-0.0321105 0.0872079 0.139479 -0.00509716 -0.00125085 -3.13e-05
-0.0443922 0.138754 0.0883851 -0.00495391 -0.00124572 1.269e-05
-0.0424463 0.163363 0.0952849 -0.00499948 -0.00120168 6.219e-05
-0.043648 0.0585406 0.180766 -0.00531411 -0.00126756 -0.0002571
-0.0428891 0.156362 0.152238 -0.00548598 -0.0015357 0.00014773
-0.0510337 0.201767 0.122425 -0.0049212 -0.00162769 0.00030612
-0.0510988 0.102147 0.157109 -0.00517862 -0.00149241 0.0002106
-0.0512439 0.142682 0.13227 -0.00529084 -0.00159935 0.0002169
-0.0455676 0.214416 0.108885 -0.00526719 -0.0016022 0.00023559
-0.0408779 0.129305 0.151934 -0.00514898 -0.0013756 5.581e-05
-0.0431102 0.0988184 0.148755 -0.00496608 -0.00148107 -8.052e-05
-0.0446833 0.20057 0.0953095 -0.00490353 -0.00161878 0.00014417
-0.0386988 0.155143 0.113332 -0.00463963 -0.00138635 4.798e-05
-0.0490791 0.0826314 0.172615 -0.00494303 -0.00150465 2.162e-05
-0.0471322 0.129749 0.154119 -0.00511863 -0.0015028 2.662e-05
-0.0487576 0.180028 0.121943 -0.00462972 -0.00167489 0.00017298
-0.0465632 0.10679 0.165139 -0.00525308 -0.00156399 -6.398e-05
-0.0514841 0.116961 0.133805 -0.00507417 -0.00160198 3.255e-05
-0.0512991 0.169774 0.0944248 -0.00433893 -0.00151677 0.00018199
-0.0392466 0.157242 0.0606427 -0.00437799 -0.00172209 0.0001232
-0.0417826 0.195657 0.034825 -0.00457329 -0.00153409 2.774e-05
-0.038876 0.112515 0.105242 -0.00450946 -0.0017287 0.00010546
-0.036954 0.128056 0.0893522 -0.00441949 -0.00153284 2.869e-05
-0.0407073 0.221309 0.0397145 -0.00430798 -0.00159888 0.00022275
-0.0349547 0.151385 0.0789181 -0.00408536 -0.00135801 -5.285e-05
-0.0420077 0.0609859 0.076182 -0.0024467 -0.00150965 -5.007e-05
-0.017602 0.150661 -0.00433858 -0.00259227 -0.00129679 -0.00023324
-0.0056899 0.162627 0.0181818 -0.00295333 -0.00079562 -0.00057261
-0.0201725 0.0780853 0.0930527 -0.00280405 -0.0015232 -9.818e-05
-0.0223977 0.120725 0.0851347 -0.00299863 -0.00159888 -0.00012284
-0.015298 0.205185 0.0608801 -0.00359024 -0.00120014 -0.00016909
-0.020532 0.159492 0.0783095 -0.00347751 -0.00153747 -0.000245
-0.0303547 0.105147 0.101631 -0.00330651 -0.00159888 -0.00013255
-0.0324513 0.178222 0.0989371 -0.00379549 -0.00154375 -0.00014326
-0.0304992 0.176443 0.102479 -0.00375435 -0.00159888 -0.00018693
-0.0322598 0.128013 0.111131 -0.0034518 -0.00143794 -9.809e-05
-0.0330237 0.182276 0.130808 -0.00422224 -0.00149769 -0.00010834
-0.0293496 0.216367 0.0725077 -0.00354685 -0.00116845 -0.00016285
-0.0375199 0.139922 0.0821335 -0.00326502 -0.00145147 -0.00016285
-0.0324481 0.0928761 0.101156 -0.00361831 -0.00117663 -0.00016285
-0.0337794 0.187439 0.0764774 -0.00402218 -0.00147219 -0.00016285
-0.0255172 0.190368 0.0721925 -0.00409027 -0.00117663 -0.00016285
-0.0498994 0.0732423 0.114871 -0.00307645 -0.00199295 -0.00016285
-0.047897 0.00215552 0.15321 -0.00220914 -0.00191822 -0.00016285
-0.0216532 0.221623 0.272371 -0.00458065 -0.00117663 -0.00016285
-0.017564 0.531917 0.258692 -0.00380201 -0.00130217 -6.072e-05
-0.0308941 0.528717 0.32231 -0.0038916 -0.00160719 0.00011966
-0.027801 0.38682 0.414331 -0.00454647 -0.00200811 3.296e-05
-0.0227903 0.11197 0.40324 -0.00334937 -0.00224077 8.351e-05
-0.0175081 -0.0207921 0.268355 -0.00117767 -0.00203783 -4.025e-05
-0.0192202 0.0770025 0.238742 -0.00215955 -0.00156227 0.00016594
-0.0175199 0.100794 0.243287 -0.00200633 -0.00189706 5.003e-05
-0.019792 0.0795437 0.226709 -0.00150524 -0.00184455 0.00015291
-0.0173436 0.0704585 0.257889 -0.00171253 -0.00173174 3.968e-05
-0.0122757 0.199552 0.25144 -0.00254667 -0.00143584 -5.705e-05
-0.014879 0.322157 0.228719 -0.0022396 -0.00153774 -0.00010013
-0.0174599 0.291184 0.212945 -0.00248742 -0.00139672 -0.00010616
-0.0147195 0.268841 0.215532 -0.00268165 -0.00157106 -8.99e-05
-0.0131705 0.177905 0.269158 -0.00341085 -0.00148916 -3.7e-06
-0.015284 0.122238 0.298585 -0.00315255 -0.00160767 -7.609e-05
-0.0131407 0.225479 0.292804 -0.003843 -0.00140003 -2.873e-05
-0.00973307 0.17222 0.248943 -0.00337562 -0.00135757 -0.00010833
-0.0128081 0.0971741 0.282051 -0.00314687 -0.00128395 -7.722e-05
-0.0171339 0.135927 0.243751 -0.00299893 -0.00150947 6.209e-05
-0.0270158 0.214457 0.223489 -0.00306337 -0.00141605 0.00010662
-0.0266629 0.162289 0.273247 -0.00358889 -0.0013778 0.00016711
-0.0368947 0.159971 0.289444 -0.00343324 -0.00173922 0.00020766
-0.0307549 0.241094 0.231284 -0.00302068 -0.0017223 0.00020652
-0.0272985 0.187658 0.251591 -0.00353684 -0.0017223 0.00012316
-0.0270841 0.108001 0.244621 -0.00304527 -0.0017223 0.00020274
-0.0222164 0.178989 0.216402 -0.00341132 -0.00156739 8.401e-05
-0.0236256 0.335197 0.262304 -0.00379648 -0.00132669 0.00020614
-0.0271206 0.235692 0.2082 -0.00291042 -0.00156575 0.00010522
-0.0175526 0.0823389 0.225989 -0.00281509 -0.0017223 -8.142e-05
-0.0169614 0.107229 0.175139 -0.00263952 -0.00148366 0.0001206
-0.0171215 0.323538 0.212001 -0.00289612 -0.0017223 0.00021381
-0.0168156 0.273439 0.251745 -0.0033711 -0.00160436 0.00028941
-0.0195428 0.161274 0.257745 -0.00340651 -0.0017223 5.236e-05
-0.0172046 0.0712759 0.219951 -0.00264531 -0.00159519 -4.86e-06
-0.0128852 0.168743 0.206496 -0.0032511 -0.0017223 1.877e-05
-0.0124739 0.294199 0.232113 -0.00312909 -0.0017223 -9.839e-05
-0.00942351 0.23094 0.239271 -0.00319889 -0.0017223 -8.315e-05
-0.0141283 0.137828 0.24232 -0.00295661 -0.0017223 3.74e-06
-0.0149608 0.17291 0.206582 -0.00314502 -0.0017223 8.692e-05
-0.010323 0.124705 0.185274 -0.0025532 -0.0017223 5.677e-05
0.00217674 2.784e-05 0.204143 -0.00098254 -0.00111665 6.977e-05
0.0123284 0.161578 0.276795 -0.00386754 -0.00088499 0.00023808
0.025399 0.557245 0.357956 -0.00512346 -0.00111665 0.00121504
0.00079594 0.573501 0.355015 -0.00386376 -0.00133925 0.00121504
7.715e-05 0.375811 0.302797 -0.00294699 -0.0014092 0.00091296
-3.229e-05 0.0776266 0.232374 -0.00191321 -0.00098175 0.00050633
0.0147907 -0.0738912 0.158284 -0.00019852 -0.00054122 0.00014834
0.0186046 0.0294876 0.0932114 -0.00085717 -0.00067143 0.00028954
0.0173865 0.202286 0.138335 -0.00202136 -0.00081392 0.0010457
0.0217559 0.27826 0.211199 -0.00224007 -0.0009957 0.00105556
0.0242795 0.241892 0.266036 -0.00295097 -0.0008404 0.00095154
0.0265069 0.174606 0.314832 -0.00323546 -0.00091283 0.0008918
0.0170743 0.0696728 0.274826 -0.0021731 -0.00096817 0.00062641
-0.00885581 0.0718975 0.148712 -0.00162976 -0.00096817 0.00054637
-0.00802909 0.26089 0.162523 -0.00248751 -0.00125406 0.00118312
-0.00826771 0.325962 0.198015 -0.00239936 -0.00150406 0.00117918
-0.00443822 0.232721 0.197628 -0.00264292 -0.00132112 0.00117701
-0.0254758 0.0708757 0.157439 -0.00177303 -0.00150406 0.00084382
-0.0261271 0.0255816 0.0707413 -0.00077894 -0.0013215 0.00034743
0.00477273 0.154157 0.0933126 -0.00210745 -0.001138 0.00131067
0.00433609 0.310942 0.188409 -0.00302592 -0.00129651 0.00120412
0.00459983 0.186952 0.154587 -0.00301685 -0.00081416 0.00104101
-0.00233689 0.157838 0.164643 -0.00298029 -0.00099446 0.00097302
-0.00365627 0.0620401 0.165175 -0.00205637 -0.00096742 0.00051805
-0.00207454 0.0870818 0.127001 -0.00204745 -0.00125064 0.00092461
0.00471528 0.198195 0.196684 -0.0037016 -0.00081822 0.00114756
0.00443478 0.167356 0.183208 -0.0033624 -0.00058469 0.0008258
0.00411241 0.145467 0.196756 -0.00352043 -0.00067699 0.00075176
0.00434945 0.110004 0.190241 -0.00335496 -0.00067699 0.00084616
0.00444393 0.214961 0.204844 -0.00385527 -0.00081616 0.00101056
0.00706609 0.199754 0.214521 -0.00396589 -0.00073625 0.00093151
0.00419196 0.155054 0.209858 -0.00358921 -0.00072977 0.00082131
0.0128651 0.0979072 0.197156 -0.00306435 -0.00077826 0.00079585
0.00438503 0.209656 0.178682 -0.00341147 -0.00103251 0.00109098
0.00445886 0.218334 0.212811 -0.00399175 -0.00067699 0.00090049
0.00626433 0.13972 0.158298 -0.0027689 -0.00087873 0.00080216
0.00433418 0.124359 0.180515 -0.00310232 -0.00079905 0.00084386
0.00992812 0.175706 0.179073 -0.00324549 -0.000936 0.0010529
0.00966422 0.157058 0.213971 -0.00360097 -0.00054345 0.00074772
0.00994564 0.147727 0.193014 -0.00329668 -0.00076901 0.00080697
0.00774985 0.16314 0.188044 -0.00343834 -0.00079108 0.00074728
0.00427706 0.171572 0.203393 -0.00368002 -0.00078201 0.00090112
0.0109135 0.11383 0.223559 -0.00360607 -0.00088497 0.00103531
0.00651674 0.144104 0.210893 -0.0039383 -0.00099641 0.00104128
0.00474698 0.27287 0.175562 -0.00366241 -0.00079236 0.00118768
0.00449961 0.228615 0.194409 -0.00388144 -0.00103346 0.00116692
0.00699158 0.0912847 0.213403 -0.00342633 -0.00101936 0.00082572
0.00428148 0.159358 0.154669 -0.00320428 -0.00125244 0.00114758
0.0106062 0.253002 0.151302 -0.00311001 -0.00117436 0.00124838
0.0127074 0.179622 0.178661 -0.00312576 -0.00117436 0.00113576
0.0105824 0.0978655 0.197192 -0.00309411 -0.00117436 0.00109102
0.0139206 0.173284 0.171461 -0.00322119 -0.00117436 0.00113178
0.0130558 0.164594 0.179039 -0.00315171 -0.00117436 0.00100794
0.0198357 0.0732451 0.193475 -0.00247925 -0.00083 0.00075827
0.0120269 0.137244 0.155428 -0.00277968 -0.00111592 0.00097146
0.00998208 0.161537 0.193873 -0.00330627 -0.00102611 0.00091584
0.00900098 0.109117 0.209127 -0.00305115 -0.00117436 0.00100473
0.00428663 0.195788 0.144374 -0.00277968 -0.00097975 0.00098142
0.00941116 0.200163 0.196608 -0.00353132 -0.00117436 0.00118971
0.0133669 0.145452 0.207697 -0.00313676 -0.00159138 0.00110346
0.0150323 0.226681 0.198802 -0.00339184 -0.00129179 0.00121576
0.0183124 0.194511 0.219692 -0.003676 -0.00146708 0.00116463
0.0168638 0.0774245 0.204178 -0.00277968 -0.00130111 0.00071582
0.025358 0.126731 0.174602 -0.00324625 -0.00117436 0.0008349
0.0254414 0.253702 0.162007 -0.00321783 -0.00117436 0.00112255
0.0247529 0.16722 0.192778 -0.00367484 -0.00117436 0.00087459
0.027947 0.0766281 0.149926 -0.00255046 -0.0016326 0.00088498
0.0345275 0.167123 0.145991 -0.00312381 -0.00117436 0.00120226
0.0399244 0.295318 0.164289 -0.00319633 -0.00117436 0.00120226
0.0396365 0.159696 0.198857 -0.00352983 -0.00123185 0.00105914
0.0396352 0.123693 0.176482 -0.00277968 -0.00131892 0.00111624
0.0397441 0.190601 0.192477 -0.00335141 -0.00111937 0.00107777
0.0507359 0.13093 0.218341 -0.00320726 -0.00162708 0.00101824
0.0392185 0.104873 0.189941 -0.00272521 -0.00133669 0.00091563
0.0418771 0.204345 0.173777 -0.00319345 -0.00117436 0.00109743
0.0399244 0.179987 0.167454 -0.00302968 -0.00117436 0.00120226
0.026411 0.11647 0.182509 -0.00300537 -0.00129543 0.00100087
0.0258908 0.112967 0.151292 -0.00252304 -0.00117436 0.00084873
0.0329471 0.277873 0.151113 -0.00294148 -0.00117436 0.00120226
0.0316145 0.149226 0.175399 -0.00301432 -0.00171427 0.00102041
0.030712 0.115038 0.167296 -0.00272532 -0.00160515 0.00109446
0.0291817 0.242692 0.132104 -0.00267527 -0.00117436 0.00105882
0.0222783 0.144984 0.185394 -0.00309931 -0.00171043 0.00094947
0.020181 0.0794234 0.166027 -0.00226089 -0.00199457 0.00120226
0.0354953 0.19543 0.164691 -0.00318426 -0.00168632 0.00137898
0.0342587 0.172439 0.16995 -0.00317411 -0.0015046 0.00120226
0.0268013 0.0872002 0.158313 -0.00259063 -0.00166901 0.00109886
0.036236 0.205838 0.132991 -0.00279785 -0.00114992 0.00122593
0.0414855 0.194427 0.163352 -0.00311501 -0.0015046 0.00136766
0.0385112 0.106128 0.150721 -0.00247958 -0.0015046 0.00108537
0.0368439 0.224452 0.129926 -0.00272374 -0.0013269 0.00111929
0.0370356 0.17998 0.155655 -0.0026569 -0.0015046 0.00131979
0.0305913 0.12302 0.180315 -0.00257699 -0.00137795 0.00098327
0.036488 0.20349 0.172589 -0.00297989 -0.0015046 0.00105693
0.0395244 0.140938 0.179808 -0.0028505 -0.00170062 0.00104321
0.0418703 0.091741 0.170777 -0.0026351 -0.0015046 0.0010818
0.0443473 0.179729 0.127463 -0.00278291 -0.00155386 0.00119156
0.0390173 0.169763 0.156466 -0.0030565 -0.00169915 0.0013034
0.0414065 0.103523 0.171378 -0.00284067 -0.0016404 0.00127368
0.0433367 0.22298 0.167953 -0.00324613 -0.00169723 0.0013885
0.0609789 0.225704 0.169534 -0.00302988 -0.0015046 0.00149298
0.050304 0.106745 0.195607 -0.0027176 -0.00182222 0.00128466
0.0602175 0.146877 0.1836 -0.00307585 -0.00161656 0.00113961
0.0651317 0.187826 0.175319 -0.00325766 -0.00145821 0.00133405
0.0533641 0.107238 0.193819 -0.00257699 -0.00164817 0.00103194
0.0564442 0.173826 0.182104 -0.00298328 -0.0018083 0.00134839
0.0603049 0.228901 0.189639 -0.00288637 -0.00212041 0.00148333
0.0590531 0.12041 0.206965 -0.00257699 -0.00220029 0.00081078
0.0573641 0.138262 0.171963 -0.00273193 -0.00197612 0.00122712
0.0582228 0.214306 0.164012 -0.00311589 -0.00188927 0.00147507
0.0553364 0.105587 0.198233 -0.00305607 -0.00231463 0.00107205
0.0639428 0.198465 0.161722 -0.00300734 -0.00188877 0.00153346
0.0605871 0.197101 0.162898 -0.00306184 -0.00190001 0.00149906
0.0596028 0.120275 0.194665 -0.00311412 -0.00210831 0.00102408
0.0663579 0.232442 0.18474 -0.00294036 -0.00198386 0.0014351
0.0659419 0.196394 0.194512 -0.0033404 -0.00211547 0.00138183
0.0528949 0.119461 0.214999 -0.00291206 -0.00234482 0.00123608
0.0599725 0.14057 0.194115 -0.00300854 -0.00207194 0.00125103
0.0606334 0.244328 0.160094 -0.00305511 -0.00208763 0.00164756
0.0592278 0.113857 0.173072 -0.00243888 -0.00257923 0.00108717
0.0597859 0.137816 0.162232 -0.00270357 -0.00231821 0.00129964
0.0652862 0.241391 0.130473 -0.0019103 -0.00199615 0.0015482
0.0503224 0.136047 0.0803649 -0.00118269 -0.00130804 0.00112358
0.0517352 0.0519196 0.113916 -0.00073754 -0.00177812 0.00114413
0.0520493 0.0256322 0.089766 -0.00012819 -0.00145066 0.00117778
0.0553795 0.264327 0.0943911 -0.00100203 -0.00179252 0.00158342
0.0591632 0.309269 0.109919 -0.00110208 -0.0020125 0.00164756
0.0690765 0.113203 0.142641 -0.00131567 -0.00220101 0.00164756
0.0651596 0.0770739 0.123402 -0.00122505 -0.00189621 0.00107467
0.0692474 0.246721 0.127267 -0.00127593 -0.00195292 0.00164756
0.0689928 0.208298 0.140561 -0.00136481 -0.00203803 0.00155211
0.0682357 0.0612819 0.169934 -0.00144658 -0.00205593 0.00109725
0.0883845 0.110266 0.149002 -0.00180994 -0.00161088 0.00116291
0.0787331 0.197706 0.0993285 -0.00115523 -0.00184525 0.00152978
0.0880868 0.120564 0.124723 -0.0014644 -0.00193254 0.0012059
0.0878896 0.0773822 0.141261 -0.00143897 -0.00200994 0.00112255
0.0887068 0.201556 0.0946037 -0.00120017 -0.00161088 0.00137857
0.0922347 0.150357 0.136023 -0.00185662 -0.00184327 0.00123356
0.0998689 0.064673 0.132792 -0.00127887 -0.00209829 0.00088994
0.10213 0.226635 0.0973002 -0.00135215 -0.00161088 0.00121994
0.10964 0.217449 0.0945146 -0.00143618 -0.00149665 0.00084789
0.0968845 0.0648528 0.126775 -0.00127887 -0.00208904 0.00090981
0.104428 0.17249 0.0942449 -0.00133754 -0.00144785 0.001026
0.0981236 0.187123 0.11801 -0.00193369 -0.00142396 0.00093512
0.103282 0.0652513 0.148704 -0.00158753 -0.00235272 0.00093402
0.110414 0.128247 0.118752 -0.00192612 -0.00149406 0.00096736
0.107822 0.180204 0.10388 -0.00173971 -0.00161088 0.00080041
0.0972907 0.0710771 0.12165 -0.00123821 -0.00227539 0.00054104
0.111735 0.124034 0.107744 -0.00183084 -0.00161088 0.0007553
0.127577 0.228279 0.0357735 -0.00080118 -0.0012385 0.00077671
0.119268 0.117649 0.111588 -0.00185545 -0.00163944 0.00090777
0.115992 0.075268 0.118821 -0.00156041 -0.00173308 0.00059847
0.119168 0.250975 0.0785621 -0.00146423 -0.00143117 0.00106513
0.110507 0.217615 0.095802 -0.00163864 -0.0016042 0.00083816
0.108556 0.0811448 0.136496 -0.0016997 -0.00230395 0.00121994
0.105117 0.18349 0.110006 -0.00158844 -0.00200098 0.00121994
0.0986068 0.150578 0.172801 -0.00278817 -0.00221434 0.00121994
0.09753 0.0892134 0.149315 -0.00169068 -0.00259628 0.00128329
0.0884315 0.248942 0.118774 -0.00180718 -0.00204135 0.00147776
0.11268 0.164289 0.148814 -0.00208823 -0.00224846 0.00120798
0.112664 0.129743 0.178024 -0.00243611 -0.0022327 0.00117185
0.112984 0.238831 0.150119 -0.00205102 -0.00204135 0.00127423
0.122152 0.159025 0.194098 -0.00260574 -0.00214752 0.00127
0.115002 0.105118 0.20333 -0.002301 -0.00249053 0.00098191
0.121733 0.218381 0.194105 -0.00292466 -0.002097 0.00143918
0.117846 0.166309 0.185967 -0.00274155 -0.00204134 0.00131906
0.0989814 0.108055 0.173054 -0.00242104 -0.00231977 0.00128175
0.0920083 0.222967 0.158833 -0.00259959 -0.00242277 0.00175844
0.0940239 0.202649 0.18233 -0.00265237 -0.00271845 0.00189267
0.0987869 0.105761 0.202524 -0.00244669 -0.00249428 0.00147381
0.101209 0.225027 0.139961 -0.00181482 -0.00267807 0.00191866
0.098253 0.170782 0.159835 -0.00173374 -0.0027198 0.00195897
0.104421 0.117387 0.202206 -0.00210849 -0.00262637 0.00140754
0.0983479 0.264868 0.197754 -0.00233833 -0.00282465 0.00191866
0.091325 0.137795 0.24904 -0.00242923 -0.00258906 0.00161704
0.100136 0.115918 0.218564 -0.00190174 -0.00276693 0.00141623
0.0941979 0.225627 0.17341 -0.00194774 -0.00271013 0.00191866
0.0934066 0.12346 0.180535 -0.00162478 -0.0031157 0.00172242
0.0938947 0.15444 0.17131 -0.00216406 -0.00296203 0.00191866
0.11342 0.23397 0.142413 -0.00162929 -0.00258045 0.00197594
0.11441 0.11904 0.17323 -0.0017094 -0.00289549 0.0015125
0.0941123 0.220397 0.195444 -0.00219996 -0.00269267 0.00185466
0.0762859 0.231358 0.226353 -0.00215107 -0.00262371 0.00153795
0.0658432 0.143078 0.24543 -0.00214123 -0.00321814 0.00137057
0.068567 0.123078 0.204207 -0.00196138 -0.0032547 0.00118117
0.0723088 0.204993 0.156708 -0.00162829 -0.00303825 0.00137055
0.0691841 0.0615282 0.171938 -0.00110995 -0.00297821 0.00087191
0.0908413 -0.0516867 0.101459 0.00144719 -0.00196556 0.00118136
0.0875972 0.283835 0.10218 -0.00061045 -0.00136532 0.00208869
0.0661944 0.464366 0.0683493 0.00043916 -0.00135653 0.00198304
0.0654039 0.362663 0.0771751 -8.883e-05 -0.00157695 0.0017488
0.0728022 0.254709 0.105462 -0.00028858 -0.0018072 0.0014988
0.0643023 0.0833417 0.187599 -0.00079795 -0.00184859 0.00124486
0.0635255 0.00677832 0.184033 0.00022995 -0.0021429 0.00092143
0.0640907 0.0399073 0.176088 -0.00029682 -0.00208819 0.00131289
0.0606829 0.0239607 0.212454 -0.00055209 -0.00206665 0.00098299
0.0698147 0.177519 0.211203 -0.00140792 -0.00198081 0.00178066
0.0736109 0.267137 0.200813 -0.00096378 -0.00168459 0.00192374
0.0703893 0.235722 0.221355 -0.00097841 -0.0019738 0.00172995
0.0750137 0.154646 0.270254 -0.00198128 -0.00166045 0.00168483
0.0750055 0.27752 0.220844 -0.00114142 -0.00166045 0.00171176
0.092654 0.233899 0.20981 -0.00143816 -0.00111773 0.00121062
0.0965284 0.175392 0.1569 0.00023683 -0.00121592 0.00118053
0.0848385 0.0829233 0.00362188 0.0041555 0.00014845 0.00123736
0.0892722 -0.0271973 0.107484 0.00264058 0.00040259 0.00102759
0.0811878 0.00362715 0.130239 0.00196998 -5.836e-05 0.00139764
0.0938442 0.24783 0.0964322 0.00170942 0.00015272 0.00157516
0.0998662 0.281914 0.0980908 0.00172075 0.00015272 0.00151494
0.0931329 0.17005 0.129288 0.00067114 0.00015272 0.00157516
0.0820799 0.113376 0.113727 0.00078186 -0.00030881 0.00157516
0.10058 0.308138 0.098295 0.00151139 3.214e-05 0.00157516
0.0941607 0.238581 0.104854 0.00115839 -3.453e-05 0.00152497
0.0880472 0.0973432 0.1523 0.00033595 -0.00028653 0.00140292
0.0891015 0.105943 0.117485 0.00081674 -0.00029117 0.00157516
0.0982654 0.151292 0.105776 0.00035558 0.00015272 0.00140919
0.0963578 0.0547675 0.17207 -0.00022013 0.00015272 0.00094201
0.0939534 0.0794028 0.157858 -0.00039072 -0.00020154 0.00122808
0.0958542 0.234868 0.120073 0.00029547 -8.727e-05 0.00150716
0.0956103 0.171628 0.151059 -0.00031228 -0.00030162 0.00142942
0.0903327 0.116734 0.162194 -0.00053519 -0.00033377 0.00157516
0.0923406 0.241717 0.130903 -0.00073427 0.00011154 0.00143314
0.0783664 0.199184 0.178987 -0.00073559 -7.636e-05 0.00136974
0.0672494 0.121891 0.21149 -0.00113807 -0.00044372 0.00169034
0.0793299 0.21663 0.159685 -0.00032342 -0.00050604 0.00158107
0.0763833 0.124111 0.182229 -0.00106804 -0.00021654 0.00151709
0.073248 0.0949257 0.194699 -0.00068474 -0.00023867 0.00150096
0.094201 0.178534 0.159569 -0.00042961 -0.0001672 0.00174812
0.0886319 0.157612 0.16717 -0.00055022 -0.0005206 0.00179974
0.0715935 0.0787969 0.219896 -0.00057184 -0.00060981 0.00139363
0.0927096 0.233434 0.172955 -0.00041788 -0.00049582 0.00203312
0.0941689 0.242195 0.176661 -0.00050234 -0.00063962 0.00203312
0.0785985 0.0818002 0.231953 -0.00098853 -0.00048417 0.0013205
0.0795149 0.193936 0.193028 -0.00096532 -0.00087203 0.00203312
0.0848987 0.284135 0.171025 -0.00014602 -0.00082437 0.00203312
0.0867658 0.12252 0.20805 -0.00070321 -0.00062389 0.00203312
0.0836735 0.126342 0.214333 -0.0011255 -0.0007559 0.00203312
0.0872432 0.222431 0.197668 -0.00078984 -0.00057716 0.00203312
0.0898506 0.138807 0.190406 -0.00022792 -0.00098701 0.00203312
0.0793559 0.0740442 0.218374 -0.00060127 -0.0007718 0.0017727
0.093057 0.189149 0.203255 -0.00080368 -0.00064549 0.00203312
0.0903566 0.156795 0.226587 -0.0009048 -0.00074723 0.00184014
0.077029 0.085715 0.259347 -0.00089023 -0.00080377 0.00181084
0.0847147 0.227421 0.206353 -0.00091668 -0.00062093 0.00196448
0.0797894 0.152101 0.243845 -0.00115792 -0.00097109 0.00189231
0.0765289 0.0991705 0.232317 -0.00085781 -0.00096534 0.00164954
0.085634 0.295884 0.17516 -0.00012941 -0.00104886 0.00203312
0.0805125 0.187804 0.200942 -0.00078571 -0.00093934 0.00186025
0.0730868 0.0836124 0.20742 -0.00022887 -0.00122184 0.00167754
0.0801538 0.167093 0.138184 0.00143516 -0.00094013 0.00203312
0.0768773 0.131201 0.119719 0.00118069 -0.00088763 0.00180456
0.0764879 0.184581 0.116084 0.0009361 -0.00093013 0.0016259
0.0659978 0.0638604 0.175964 0.00030005 -0.00118574 0.00148112
0.0767907 0.100466 0.186518 -6.254e-05 -0.00113342 0.00187796
0.0768037 0.28897 0.167574 0.00062251 -0.0013849 0.00203312
0.0767356 0.158289 0.209634 0.00027003 -0.00148178 0.00203312
0.0629351 0.109269 0.220868 7.941e-05 -0.00173918 0.00196052
0.0662404 0.265328 0.195937 0.00025767 -0.00173295 0.00203312
0.0726092 0.197264 0.197289 0.00011705 -0.00198462 0.00203312
0.0768312 0.18976 0.157126 0.00196681 -0.00134021 0.00203312
0.0681586 0.144927 0.115778 0.00201021 -0.00095735 0.00179168
0.0396638 0.0268748 0.178257 0.0020572 -0.00117752 0.00146856
0.0475085 0.0618333 0.203637 0.00169596 -0.00123412 0.00203312
0.0648087 0.325531 0.16052 0.00267106 -0.00110297 0.00237427
0.0653788 0.286207 0.203204 0.00179969 -0.00115535 0.00203312
0.0590628 0.0907422 0.260836 0.00073637 -0.00118765 0.00214272
0.0683026 0.226893 0.250598 0.00060343 -0.00101832 0.00225848
0.0711237 0.319397 0.2259 0.00127389 -0.00106241 0.00210539
0.0712467 0.13026 0.287759 0.00029836 -0.00130101 0.0021947
0.0713042 0.114408 0.26788 0.00036955 -0.00123556 0.00219524
0.0792474 0.239227 0.250397 0.00108353 -0.0015657 0.00239696
0.0782652 0.174818 0.238711 0.00077831 -0.00116056 0.00229857
0.0636828 0.0612096 0.257537 0.00066761 -0.00116261 0.00180081
0.0712384 0.187346 0.200646 0.00125218 -0.00134856 0.00222812
0.0714526 0.240979 0.197228 0.00100002 -0.00119283 0.00230709
0.0803231 0.129902 0.252061 0.00018511 -0.00111913 0.00222212
0.0827237 0.218359 0.224152 0.00063586 -0.00070325 0.00223876
0.0779294 0.25921 0.251756 0.00022464 -0.00127016 0.00231932
0.0767599 0.105383 0.288545 -3.421e-05 -0.00116683 0.00221725
0.0712963 0.268741 0.225079 0.00046865 -0.00112411 0.0022213
0.0674679 0.211425 0.235918 7.411e-05 -0.00112411 0.00223845
0.066431 0.0613601 0.258345 -2.3e-05 -0.00114405 0.00213698
0.0662934 0.225458 0.209144 0.00024481 -0.00112411 0.00260928
0.0625095 0.25961 0.189271 0.00085401 -0.00104881 0.00230913
0.0662324 0.107996 0.274906 -0.0004249 -0.00094894 0.0021833
0.0649121 0.130128 0.237114 -8.037e-05 -0.00112411 0.0023802
0.0655463 0.250784 0.196913 0.00042967 -0.00112411 0.00229474
0.0704175 0.211995 0.203012 0.00029932 -0.00077425 0.00229894
0.0742173 0.163018 0.148862 0.00028263 -0.00060261 0.00216821
0.0736392 0.163977 0.127145 0.00134597 -0.00099815 0.00211431
0.0518619 0.0700268 0.119222 0.00073433 -0.00060261 0.00158467
0.0529652 -0.136476 0.273725 0.00278451 0.00036073 0.0015314
0.090116 0.159001 0.327814 0.00059683 0.00100826 0.0023628
0.103051 0.550111 0.445607 -0.00119669 0.00044545 0.00312327
0.139517 0.651867 0.536341 -0.00164394 0.00021892 0.00416207
0.147023 0.472906 0.53367 -0.0016134 0.00036401 0.00390121
0.141952 0.142597 0.528826 -0.0013183 0.00043255 0.00299776
0.1395 0.0931126 0.413137 -0.00061052 0.00069109 0.00304853
0.149138 0.290813 0.46474 -0.00086382 0.00067776 0.00370391
0.144243 0.255986 0.472588 -0.00065858 0.00020309 0.00358878
0.139606 0.151235 0.467184 -0.00107599 0.00035844 0.00324071
0.138137 0.0653298 0.459358 -0.0004118 0.00027722 0.00294927
0.116887 0.141463 0.424313 -0.00053811 -3.005e-05 0.00326553
0.108606 0.362122 0.442735 -0.00027285 -0.00022231 0.00414914
0.112875 0.355887 0.462306 -0.00071935 1.768e-05 0.00406597
0.124556 0.274583 0.475742 -0.00063424 0.00012291 0.0040247
0.128678 0.194075 0.415244 -0.0004168 -0.0001905 0.00386037
0.125867 0.373195 0.417497 -0.00034363 -0.00016789 0.00398953
0.127063 0.366853 0.453963 -0.00045257 -0.00015566 0.00395696
0.118206 0.24307 0.442996 -0.0007572 0.00020892 0.00373063
0.122567 0.124897 0.439672 -0.00072799 0.0003766 0.00317319
0.126438 0.195297 0.398903 -0.00040058 0.0003766 0.00383156
0.119782 0.225988 0.411831 -0.00062564 -6.608e-05 0.00362576
0.112342 0.193771 0.391133 -5.007e-05 -9.209e-05 0.00361354
0.110844 0.113071 0.404758 -0.00033336 -0.00015659 0.0031549
0.114874 0.212553 0.370444 -0.00024204 -2.986e-05 0.00374697
0.116019 0.365561 0.357147 0.00067351 -0.00030617 0.00387792
0.123635 0.297707 0.386599 -3.627e-05 -0.00010021 0.00377764
0.116326 0.161163 0.394379 -0.00063893 -0.00010021 0.0033552
0.115397 0.250136 0.351862 -7.89e-05 -0.00010021 0.00361353
0.114518 0.33694 0.365064 0.00027303 -0.00010021 0.00380378
0.106748 0.270642 0.357579 0.0004088 -0.00021442 0.0038264
0.110633 0.136428 0.399782 -0.00032397 -4.81e-05 0.00346845
0.11312 0.210524 0.362941 -1.961e-05 -0.00010021 0.00400212
0.112206 0.24385 0.373104 0.00040154 -0.00023293 0.00393152
0.108617 0.224051 0.386627 0.00026088 -0.00033331 0.00394592
0.0997715 0.194271 0.416368 -0.00017693 -0.00041955 0.00393441
0.100179 0.240224 0.409575 -0.00011372 -0.00050865 0.00396029
0.103769 0.226309 0.407371 2.807e-05 -0.00010021 0.00398004
0.103635 0.0714694 0.373392 0.00024682 -0.00055628 0.0032262
0.107196 0.312631 0.329334 0.00087088 -0.00015675 0.00376016
0.101605 0.502198 0.297736 0.00174044 -0.00021772 0.00376464
0.100701 0.398 0.321882 0.00154373 -0.00050177 0.00346679
0.117979 0.158056 0.365344 0.00119636 -0.00042351 0.00362441
0.106975 0.255024 0.35747 0.00128669 -0.00040942 0.00376841
0.102152 0.245416 0.349046 0.00209169 -0.00081002 0.00393814
0.094323 0.161661 0.364887 0.00180463 -0.00047426 0.00358157
0.100611 0.0993132 0.397018 0.00140675 -0.00048822 0.00358593
0.0990357 0.190377 0.372043 0.00159495 -0.00065228 0.0038419
0.104555 0.208041 0.397751 0.00119123 -0.00052226 0.00365471
0.10879 0.161541 0.401848 0.00139218 -0.00084893 0.00382039
0.109408 0.345968 0.368095 0.00169032 -0.00078363 0.00406235
