0.0218087 0.202949 0.557801 -0.00602039 0.00068466 0
-0.0155851 0.276633 0.640832 -0.00700758 -0.00031916 0.00033672
-0.0123069 0.233446 0.710858 -0.00710023 -0.00043613 0.00042142
0.0246464 0.180622 0.711659 -0.0067433 0.00061737 -5.606e-05
0.00040197 0.196905 0.735749 -0.00707213 0 0.00022584
-0.0145466 0.216815 0.779195 -0.00719158 -0.00040695 0.00018739
-0.0148717 0.223329 0.807966 -0.00700486 -0.00047382 0.00017168
0.00931367 0.218175 0.756301 -0.00630761 0.00018921 -2.032e-05
0.02555 0.173396 0.777238 -0.00527616 0.00085557 -0.00025593
0.0532024 0.341899 0.903943 -0.00751121 0.00115799 -6.35e-05
0.0344358 0.228338 0.851474 -0.00702655 0.0007405 -0.00026822
0.0290016 0.19394 0.819242 -0.00700499 0.00078251 -0.00024266
0.0292862 0.205906 0.905979 -0.00741518 0.00069604 -0.00013069
0.0110358 0.258163 0.862942 -0.00685527 0.00034856 -0.00011853
0.0317776 0.31052 0.917923 -0.00789033 0.00104648 -0.00027162
0.0306844 0.310573 0.925328 -0.00857423 0.00071196 -0.00019521
0.0129167 0.230486 0.961164 -0.00811076 0.00032356 -0.00013595
0.0104586 0.258603 1.04497 -0.0081728 0.00012225 -9.013e-05
0.0130645 0.282241 1.06257 -0.00801971 0.00026818 -9.574e-05
0.0130474 0.29371 1.10794 -0.00785632 0.0001766 -0.00012429
0.00952443 0.31408 1.17601 -0.00761005 0.00011299 -7.781e-05
0.0130151 0.318942 1.27646 -0.00752551 0.00025699 -0.00014967
-0.0149603 0.304964 1.33401 -0.00667351 -0.00054715 0.00032186
-0.0155056 0.293116 1.37472 -0.00634232 -0.00070868 0.00040224
0.0176594 0.266841 1.42559 -0.00748941 0.00014576 -0.0001076
-0.0150742 0.34596 1.38932 -0.0121527 -0.00063844 0.00020298
-0.0194628 0.321836 1.36955 -0.0123179 -0.00099559 0.00019339
0.0158383 0.266374 1.33829 -0.0121155 -7.907e-05 -0.00013486
0.0179974 0.321495 1.34301 -0.0120441 7.482e-05 -7.262e-05
0.025239 0.436687 1.39238 -0.0126617 0.00016798 -0.0008056
0.0236708 0.384302 1.32758 -0.0121832 -0.00023331 -0.00047447
0.0227297 0.31548 1.31864 -0.0110439 -5.67e-06 -0.00022818
0.0209821 0.370134 1.36766 -0.0112336 -0.00012985 -0.00034729
0.00666718 0.403154 1.41059 -0.0118951 -0.00104227 -0.00035838
0.0258648 0.300036 1.36183 -0.0108237 -0.00014379 -0.00037268
0.0271545 0.29988 1.33323 -0.010096 -8.052e-05 -0.00030499
0.0312231 0.37358 1.41542 -0.0105184 3.007e-05 -0.00065925
0.0296182 0.327638 1.4216 -0.0097006 -0.00044151 -0.00041557
0.026192 0.301726 1.3765 -0.00967003 -0.00021268 -0.00038114
0.0272492 0.351837 1.35814 -0.00923824 -0.00017844 -0.00043443
0.028668 0.39614 1.45294 -0.011199 -0.00027482 -0.00074696
0.0368988 0.285159 1.41314 -0.00907982 9.377e-05 -0.0004248
0.0372814 0.31043 1.38893 -0.00946165 0.00074997 -0.00046769
0.0353448 0.360295 1.4264 -0.0103445 0.00086355 -0.00045168
0.0350748 0.426138 1.47194 -0.0110455 0.0007444 -0.00057677
0.043719 0.332482 1.44993 -0.00930526 0.00091132 -0.00057647
0.0478909 0.331989 1.44115 -0.00867308 0.001015 -0.00064566
0.0485805 0.372266 1.48057 -0.00939024 0.0009637 -0.00061522
0.0421749 0.406365 1.53279 -0.0105812 0.00097168 -0.00067558
0.0415839 0.351619 1.51393 -0.00929259 0.00094171 -0.00057218
0.0349556 0.359384 1.52168 -0.00834852 0.00081084 -0.00058312
0.0348103 0.3921 1.58601 -0.0105812 0.00090551 -0.00062356
0.035209 0.422295 1.60289 -0.012259 0.00092084 -0.00048016
0.0511459 0.41093 1.52443 -0.0102716 0.00134545 -0.00060046
0.0289018 0.351964 1.48225 -0.00932676 0.00060874 -0.00048975
0.0267371 0.42783 1.52053 -0.0118953 0.00011406 -0.00048522
0.0365517 0.342768 1.47907 -0.0113915 0.00060517 -0.00078363
0.0331081 0.322593 1.45186 -0.00948619 0.00063118 -0.00081367
0.0261278 0.352576 1.4975 -0.00898371 0.00022464 -0.00038911
0.0314742 0.397681 1.53282 -0.00943764 0.00039223 -0.0008338
0.0348181 0.354965 1.5054 -0.0098934 0.00065743 -0.00067156
0.0422106 0.235394 0.953331 -0.00668222 0.00120981 -0.00106472
0.0196687 0.387036 1.02947 -0.00720789 0.00050352 -0.00098746
0.0381344 0.347019 1.09436 -0.00793385 0.00050216 -0.00061595
0.0399451 0.262762 1.10171 -0.0073081 0.00115139 -0.00080302
0.0434551 0.279629 1.11368 -0.00690212 0.00147206 -0.00078177
0.0382659 0.341114 1.18601 -0.00868773 0.00085486 -0.00093371
0.0389644 0.277303 1.09842 -0.00742775 0.00089792 -0.00057369
0.0278199 0.245756 1.05475 -0.00671342 0.00047928 -0.00055683
-0.039533 0.329566 1.16509 -0.00825265 -0.00051465 -0.00142723
-0.0442286 0.365558 1.14339 -0.00998876 -0.00101479 -0.00060342
-0.0479441 0.332873 1.05989 -0.00931894 -0.00119345 -0.00033127
-0.0501664 0.289106 1.12244 -0.00835954 -0.00141499 -0.00035794
-0.0544529 0.359103 1.15057 -0.00902716 -0.00141499 -0.00045451
-0.0498346 0.366074 1.17932 -0.00956324 -0.00138149 -0.00051111
-0.050347 0.308242 1.12108 -0.00828977 -0.0013123 -0.00062306
-0.0533734 0.333647 1.1492 -0.00885933 -0.00107331 -0.00052535
-0.0537924 0.360427 1.19473 -0.00902329 -0.00132759 -0.00073394
-0.0535948 0.372224 1.23061 -0.00889975 -0.00131568 -0.00064323
-0.0462301 0.309664 1.26486 -0.00728799 -0.0011088 -0.0003614
-0.0325014 0.301643 1.24962 -0.00798374 -0.00067289 -0.00130155
-0.0534314 0.288006 1.12909 -0.00755402 -0.00130954 -0.00057909
-0.0445054 0.383548 1.27961 -0.0096061 -0.00121065 -0.00079049
-0.0454268 0.277703 1.17346 -0.0075365 -0.0011493 -0.00045922
-0.0473168 0.274061 1.21576 -0.00717451 -0.00119384 -0.000389
-0.05186 0.377139 1.24502 -0.00949249 -0.00162179 -0.00066211
-0.045819 0.308823 1.21189 -0.00973391 -0.00134686 -0.00070733
-0.0612274 0.268013 1.16509 -0.00768744 -0.00149988 -0.00049533
-0.0623331 0.309727 1.1839 -0.00801537 -0.00148962 -0.00062539
-0.0645544 0.392639 1.23291 -0.00903031 -0.00178105 -0.00085481
-0.0603341 0.339556 1.21554 -0.00840885 -0.00165755 -0.00088124
-0.0583434 0.318151 1.2183 -0.00790028 -0.00144889 -0.00086165
-0.0513107 0.325105 1.25595 -0.00757879 -0.00113591 -0.00107736
-0.0579691 0.336093 1.29803 -0.00745909 -0.00135618 -0.00070652
-0.0644904 0.395057 1.30578 -0.00883722 -0.00163623 -0.00098124
-0.0721998 0.375882 1.31193 -0.00920696 -0.00163409 -0.0009787
-0.0610537 0.365796 1.4411 -0.0105664 -0.00162889 -0.0016376
-0.0286078 0.222452 1.34055 -0.00850708 -0.0003087 -0.00161807
-0.0197376 0.206418 1.30628 -0.00834139 5.656e-05 -0.00137557
-0.0258353 0.256496 1.29612 -0.00805162 -0.00011294 -0.00133317
-0.0331506 0.388564 1.31902 -0.0096397 -0.00022001 -0.00188417
-0.0319554 0.370865 1.30219 -0.00968369 -1.726e-05 -0.00183036
-0.0676167 0.365962 1.28957 -0.00972168 -0.00094678 -0.00175583
-0.0585674 0.389906 1.32285 -0.0100498 -0.00033246 -0.00201682
-0.0618003 0.41976 1.34358 -0.00969626 -0.00047056 -0.00209338
-0.049809 0.423379 1.39513 -0.00974966 -0.00048729 -0.00212226
-0.0475313 0.334263 1.4433 -0.00752333 -0.00067163 -0.00198857
-0.0459225 0.314781 1.4333 -0.00861006 -5.979e-05 -0.00206828
-0.0446156 0.339077 1.41412 -0.00888627 -0.00015153 -0.00211706
-0.0540166 0.372915 1.43549 -0.00951684 -0.00063532 -0.00224701
-0.0461641 0.287899 1.49915 -0.00826095 -0.00019451 -0.00222909
-0.048892 0.312642 1.50025 -0.00778364 -0.00014042 -0.00212696
-0.0531058 0.340525 1.55326 -0.00693664 -0.00075753 -0.00166959
-0.0490688 0.329908 1.55989 -0.00682858 -0.00071855 -0.00178963
-0.0538696 0.366961 1.53897 -0.00724892 -0.00055225 -0.00219641
-0.071103 0.451616 1.51445 -0.00951283 -0.00167626 -0.00194057
-0.0642314 0.327908 1.47579 -0.00832492 -0.00095812 -0.00221335
-0.035822 0.32823 1.49574 -0.00693324 -0.00092413 -0.00175004
-0.0222946 0.251597 1.46693 -0.00664594 -0.00092217 -0.00155307
-0.0808095 0.347355 1.46308 -0.0114236 -0.00213924 -0.00097493
-0.0226518 0.187643 1.2273 -0.00309841 -0.00015957 -0.00146195
-0.0519212 0.329148 1.44361 -0.00651807 -0.00025994 -0.00170706
-0.0727605 0.26391 1.44155 -0.00871044 -0.00059406 -0.00183979
-0.0146095 0.357921 1.44018 -0.00795474 -0.00049813 -0.00194953
0.00449551 0.438885 1.66864 -0.0109039 -0.001455 -0.00291301
-0.0629551 0.380881 1.82868 -0.010654 -0.00128037 -0.00242229
-0.170221 0.450456 1.83768 -0.0103996 -0.0019624 -0.00173333
-0.16784 0.493283 1.87785 -0.00941783 -0.00175202 -0.0016516
-0.149968 0.61008 1.95034 -0.00854019 -0.00178753 -0.00172454
-0.0654529 0.658561 1.60136 -0.00854019 6.597e-05 -0.0022971
-0.0786825 0.222846 0.596894 -0.0047558 -0.00248283 -0.00256688
-0.130535 0.203814 0.553705 -0.00739986 -0.00114002 -0.00229909
-0.114696 0.277069 0.697895 -0.00774796 -0.00092282 -0.00144165
-0.122045 0.372853 0.766971 -0.00798895 -0.0009828 -0.00160072
-0.11908 0.361159 0.798167 -0.00729914 -0.00133282 -0.00145287
-0.127448 0.407113 0.866058 -0.00842491 -0.00152592 -0.00145836
-0.153827 0.409856 0.969369 -0.00878152 -0.00219413 -0.00183115
-0.172815 0.365468 1.08586 -0.00827626 -0.00271592 -0.00223197
-0.180947 0.314734 1.17585 -0.00721374 -0.00306233 -0.00200879
-0.189859 0.281248 1.34088 -0.00559414 -0.00297347 -0.00177633
-0.19491 0.266483 1.4552 -0.00548254 -0.00324738 -0.00192095
-0.197946 0.266796 1.49277 -0.00568137 -0.00306955 -0.00198125
-0.198261 0.277926 1.46998 -0.00559263 -0.00286827 -0.00214965
-0.208828 0.297587 1.56272 -0.0068296 -0.0034453 -0.00208059
-0.203896 0.310318 1.63012 -0.00589523 -0.00369619 -0.00188585
-0.20839 0.297436 1.65485 -0.00535517 -0.00374903 -0.00198619
-0.226818 0.358592 1.55469 -0.0072742 -0.00305073 -0.0032223
-0.24013 0.406261 1.57584 -0.0104903 -0.00378314 -0.0028929
-0.198921 0.374063 1.74054 -0.0101338 -0.00140621 -0.00236825
-0.170997 0.295793 1.3576 -0.00848006 -0.00037886 -0.00329917
-0.230429 0.212198 1.32661 -0.00721682 -0.00215251 -0.00309757
-0.202058 0.214275 1.25352 -0.0084008 -0.00126629 -0.00319184
-0.179418 0.312712 1.34045 -0.00776867 -0.00292524 -0.00188188
-0.169828 0.279083 1.31198 -0.00727902 -0.0027541 -0.0019033
-0.195531 0.221989 1.33826 -0.00660184 -0.00293535 -0.00255338
-0.188354 0.0344414 0.898107 0.00034159 -0.00568077 -0.0032552
-0.16879 -0.00998192 0.81924 0.00341682 -0.00673984 -0.0034072
-0.089 0.071023 0.969058 0.00031383 -0.00593378 -0.00318468
-0.0828395 0.137063 0.932761 -0.00242318 -0.00383857 -0.00336701
-0.14514 0.119478 1.00153 -0.00312353 -0.00460902 -0.00319137
-0.184059 0.125929 1.07225 -0.00241383 -0.00457669 -0.0032552
-0.194181 0.150401 1.16653 -0.0019897 -0.00362598 -0.00357506
-0.206154 0.209426 1.21463 -0.00255302 -0.00414484 -0.00368619
-0.214415 0.231066 1.31964 -0.0030463 -0.00479879 -0.00330643
-0.218262 0.247537 1.40854 -0.00316478 -0.00487467 -0.00338077
-0.222142 0.253023 1.46237 -0.00327102 -0.00522683 -0.00339255
-0.226312 0.260576 1.4504 -0.00304475 -0.00507092 -0.00371828
-0.22527 0.240815 1.47857 -0.0030518 -0.00543183 -0.00344669
-0.230479 0.226117 1.48043 -0.00289049 -0.0052277 -0.003523
-0.234253 0.230319 1.44865 -0.0028185 -0.00538046 -0.00333657
-0.197715 0.289214 1.53911 -0.00475211 -0.00535343 -0.00207426
-0.206792 0.307173 1.65698 -0.00574152 -0.00607893 -0.00296563
-0.136273 0.212723 1.62992 -0.00449959 -0.00576204 -0.00268055
-0.163643 0.188578 1.59902 -0.00479311 -0.0047604 -0.00297629
-0.189983 0.250346 1.55658 -0.00561102 -0.0047604 -0.00331273
-0.203065 0.342344 1.7138 -0.00707142 -0.00558271 -0.00308612
-0.211144 0.298879 1.75478 -0.00672072 -0.00537347 -0.00314644
-0.21882 0.269222 1.75659 -0.00497882 -0.00564968 -0.00298187
-0.222806 0.284449 1.84595 -0.00393003 -0.00638208 -0.00293491
-0.224343 0.297454 1.89441 -0.002672 -0.00687499 -0.0026948
-0.235835 0.254022 1.91988 -0.00261534 -0.0071548 -0.00304514
-0.240331 0.235988 1.90289 -0.00289562 -0.00716925 -0.00310879
-0.246059 0.247964 1.87886 -0.00323987 -0.00721996 -0.0031919
-0.263549 0.304133 1.87776 -0.00477815 -0.00807808 -0.00377136
-0.245926 0.192259 1.81211 -0.00404361 -0.00732881 -0.00328095
-0.245172 0.204061 1.84985 -0.00373718 -0.00737335 -0.00305798
-0.250277 0.229195 1.85276 -0.00479197 -0.00716925 -0.00301527
-0.255502 0.322887 1.82351 -0.00479591 -0.0085168 -0.00365611
-0.259643 0.307604 1.81383 -0.00562771 -0.00844838 -0.00366591
-0.242213 0.246307 1.73758 -0.00320065 -0.00813116 -0.00349797
-0.241352 0.262064 1.78922 -0.00372776 -0.00802142 -0.0033313
-0.241705 0.302686 1.81755 -0.00418594 -0.00787421 -0.00368151
-0.24973 0.321526 1.83958 -0.00583657 -0.00768349 -0.00376231
-0.262711 0.285197 1.80482 -0.00479232 -0.00865387 -0.00413421
-0.252574 0.285062 1.81544 -0.00477891 -0.00770142 -0.00422845
-0.260746 0.34017 1.86328 -0.00566331 -0.00785054 -0.00447617
-0.276578 0.402646 1.8814 -0.00699391 -0.00860813 -0.00513264
-0.274837 0.288567 1.86146 -0.0056774 -0.00847808 -0.00473463
-0.254098 0.264406 1.86985 -0.00531042 -0.00786486 -0.00436757
-0.192842 0.298969 1.90817 -0.00607768 -0.0078991 -0.00362809
-0.223317 0.304861 2.17118 -0.00855059 -0.00572152 -0.00270517
-0.269491 0.408195 2.19006 -0.00698703 -0.00526521 -0.00245788
-0.233015 0.0298247 1.68556 0.00145095 -0.00581615 -0.00257612
-0.223035 -0.0690653 0.990157 0.0111334 -0.00459354 -0.00312147
-0.218844 -0.127546 0.315018 0.0159569 -0.00463087 -0.00368709
-0.192421 -0.259855 -0.13924 0.0232712 -0.00451688 -0.00311611
-0.169407 -0.306843 -0.592154 0.0332753 -0.00471865 -0.00302071
-0.165959 -0.556955 -0.838304 0.040263 -0.00597406 -0.00246896
-0.144598 -0.683066 -0.852487 0.0434002 -0.005922 -0.0018212
-0.121566 -0.144949 -0.373638 0.0216002 -0.00542179 -0.00326243
-0.171388 -0.206274 0.206956 0.0173298 -0.00600226 -0.00282134
-0.166891 -0.164583 0.341379 0.0142319 -0.00567122 -0.00266863
-0.165049 -0.120583 0.410901 0.0117915 -0.00485113 -0.00224617
-0.160815 -0.0343353 0.421897 0.0120855 -0.00420171 -0.00202455
-0.162873 0.0158604 0.511488 0.0123631 -0.00400364 -0.00218318
-0.16013 0.117027 0.556027 0.0130136 -0.00391069 -0.00248472
-0.167838 0.15038 0.571609 0.0143244 -0.00418854 -0.00225038
-0.17061 0.121122 0.666527 0.0135205 -0.00427832 -0.00259215
-0.179539 0.117324 0.667128 0.0117207 -0.0042018 -0.00309437
-0.200091 0.102368 0.871942 0.0114132 -0.00526842 -0.00388674
-0.180445 0.00578472 0.662906 0.00765377 -0.00355215 -0.00480642
-0.0962073 -0.0577356 0.527635 0.00810391 -0.00349458 -0.00364894
-0.135842 -0.121453 0.53599 0.00896119 -0.0033243 -0.00318838
-0.184822 -0.0440816 0.569147 0.00747519 -0.00337496 -0.00354989
-0.197231 -0.00159545 0.606087 0.00737941 -0.00413275 -0.00382077
-0.158262 0.0599981 0.691135 0.00728281 -0.00308266 -0.00272184
-0.170159 0.0936802 0.778418 0.00818949 -0.00343824 -0.00227045
-0.178616 0.122333 0.868149 0.00842872 -0.00402047 -0.00222028
-0.184011 0.160515 0.996553 0.0094971 -0.00528042 -0.00218519
-0.197462 0.147486 1.08243 0.00944282 -0.00558958 -0.00222088
-0.199247 0.134877 1.12348 0.00919527 -0.00584494 -0.00223055
-0.20585 0.122421 1.1405 0.00941928 -0.00552386 -0.0019835
-0.196822 0.130733 1.28255 0.00907404 -0.00621439 -0.00192196
-0.203341 0.125063 1.37967 0.00875421 -0.00660844 -0.00207061
-0.214403 0.116544 1.35276 0.00887841 -0.00619494 -0.00212794
-0.20225 0.14054 1.32574 0.00858678 -0.0080294 -0.00210221
-0.197662 0.112821 1.36635 0.00870144 -0.00717534 -0.00223304
-0.197861 0.121672 1.34816 0.00872242 -0.00680884 -0.00243902
-0.205535 0.158033 1.38174 0.00776692 -0.00725167 -0.00259518
-0.21122 0.195912 1.37672 0.00771523 -0.00735597 -0.00283435
-0.219719 0.22609 1.35054 0.00784938 -0.00837186 -0.00288109
-0.212052 0.160951 1.3278 0.00827618 -0.00819231 -0.00266014
-0.179802 0.159348 1.42616 0.00716733 -0.00702383 -0.00208186
-0.186534 0.213726 1.40366 0.00697027 -0.00783545 -0.00215251
-0.197174 0.131757 1.36176 0.00748341 -0.0077176 -0.0023193
-0.193684 0.107949 1.39552 0.00820919 -0.00764189 -0.00233812
-0.196209 0.147074 1.43082 0.00850344 -0.00764058 -0.00253916
-0.198006 0.168819 1.49082 0.00897898 -0.00778708 -0.00263507
-0.201599 0.185944 1.48234 0.00911243 -0.00747268 -0.00270654
-0.197771 0.274964 1.49994 0.00820044 -0.00802496 -0.00261201
-0.188712 0.153632 1.4722 0.00875533 -0.00781205 -0.00274656
-0.202827 0.133583 1.49947 0.00912979 -0.0072623 -0.00256894
-0.20278 0.175358 1.53507 0.00900704 -0.00732885 -0.00248399
-0.206966 0.246111 1.72539 0.00709992 -0.00757297 -0.00232044
-0.20841 0.221946 1.82637 0.00636188 -0.0078304 -0.00221719
-0.207352 0.21547 1.78706 0.00643883 -0.00778901 -0.00235654
-0.195362 0.218594 1.78543 0.00744198 -0.00775242 -0.00244547
-0.193834 0.20972 1.80228 0.00708632 -0.00766169 -0.00241861
-0.196977 0.128457 1.7275 0.00777739 -0.00762025 -0.00244628
-0.205478 0.145936 1.70764 0.00830309 -0.00750007 -0.00220238
-0.209956 0.235139 1.76052 0.00722951 -0.00798814 -0.00241687
-0.202136 0.183714 1.71047 0.00766399 -0.00771292 -0.00245286
-0.177692 0.145688 1.56732 0.00919435 -0.00798058 -0.00226399
-0.15605 0.226494 1.55865 0.00968608 -0.00865257 -0.00231646
-0.187981 0.263826 1.6296 0.00705744 -0.00866139 -0.00288212
-0.19575 0.156492 1.46255 0.00866808 -0.00878698 -0.00296289
-0.23113 0.127125 1.53821 0.00767817 -0.00938555 -0.00318041
-0.21179 0.265828 1.45289 0.00598595 -0.00926032 -0.0023138
-0.160017 0.175794 1.43681 0.00359288 -0.00735264 -0.00161279
-0.13562 0.178524 1.37776 0.00312259 -0.008011 -0.00133306
-0.128384 0.202444 1.43131 0.00412781 -0.00784094 -0.00133508
-0.149478 0.297179 1.44571 0.00388629 -0.00790379 -0.00128625
-0.159639 0.252131 1.34902 0.00485172 -0.00803689 -0.00103154
-0.156396 0.186362 1.4464 0.00509767 -0.00766678 -0.00141522
-0.164148 0.228324 1.55701 0.00546684 -0.00713036 -0.0015722
-0.166785 0.262065 1.60461 0.0064306 -0.00718273 -0.00162043
-0.165423 0.289764 1.67737 0.0064306 -0.00717522 -0.00152544
-0.156676 0.26955 1.71317 0.00739632 -0.00705842 -0.00159534
-0.164806 0.249466 1.75357 0.00756877 -0.0073677 -0.00176606
-0.181268 0.292425 1.71748 0.00641711 -0.00788807 -0.00196723
-0.180297 0.222871 1.62074 0.00685751 -0.00795036 -0.00193571
-0.162019 0.136372 1.61541 0.00665807 -0.00701705 -0.0019813
-0.15845 0.174322 1.60957 0.00708056 -0.00672081 -0.00169469
-0.156938 0.254637 1.67399 0.0056622 -0.00704423 -0.00152472
-0.15717 0.239311 1.65926 0.00504693 -0.00698675 -0.00176817
-0.172547 0.221477 1.70462 0.00588187 -0.00723359 -0.00206791
-0.181349 0.259669 1.73945 0.00618469 -0.00728214 -0.00187556
-0.191684 0.284006 1.7206 0.00652207 -0.00770606 -0.00178779
-0.189396 0.268709 1.73854 0.00587447 -0.00758692 -0.00179456
-0.185352 0.308571 1.76975 0.00460247 -0.00801639 -0.00178778
-0.183135 0.222434 1.77368 0.00476821 -0.00800171 -0.00206727
-0.183609 0.232708 1.80281 0.00546827 -0.00778481 -0.00203896
-0.180578 0.254909 1.85914 0.00682216 -0.00798896 -0.0018211
-0.18733 0.291236 1.97881 0.00609382 -0.00818703 -0.00172841
-0.190266 0.291706 2.1099 0.00461091 -0.00843727 -0.00187251
-0.194125 0.264129 2.05116 0.00480766 -0.00829397 -0.00200006
-0.184411 0.27706 1.98883 0.0050911 -0.00895839 -0.00186795
-0.186147 0.345872 1.97756 0.00446777 -0.00895914 -0.00194463
-0.176504 0.238163 1.92411 0.0043774 -0.00884922 -0.00189971
-0.169627 0.173642 1.90425 0.00503347 -0.00843612 -0.00197821
-0.172725 0.215762 1.89096 0.00508509 -0.00904448 -0.00173626
-0.15908 0.295055 1.89863 0.00493029 -0.00856225 -0.00166923
-0.152613 0.328564 1.96146 0.00346601 -0.00901078 -0.00157622
-0.153464 0.254681 1.92131 0.0041371 -0.00891707 -0.00159435
-0.152936 0.273966 1.95103 0.00435486 -0.0086551 -0.00149969
-0.149769 0.309838 1.9964 0.00327414 -0.00849881 -0.00151456
-0.155839 0.318482 2.03067 0.00316277 -0.00827124 -0.0015915
-0.157761 0.326522 2.07891 0.00236184 -0.00846552 -0.00153974
-0.16051 0.341679 2.01417 0.00400883 -0.00829223 -0.00169993
-0.14985 0.360223 2.04933 0.00334128 -0.00874536 -0.00169888
-0.153484 0.28914 2.08742 0.00375357 -0.00807296 -0.00173692
-0.156854 0.293856 2.06551 0.00347678 -0.00823498 -0.00176334
-0.153438 0.304222 2.0473 0.00418812 -0.0082773 -0.00168589
-0.152387 0.31256 2.07375 0.00379747 -0.00835446 -0.00151574
-0.157276 0.325643 2.08667 0.00389632 -0.00847898 -0.00146443
-0.160271 0.298607 2.09953 0.00379747 -0.00839555 -0.00150411
-0.158542 0.311919 2.0732 0.00379747 -0.00861858 -0.00154667
-0.168965 0.357727 2.05693 0.00337324 -0.00913135 -0.00169412
-0.157027 0.294723 1.98436 0.00453146 -0.00868434 -0.00146751
-0.124719 0.334907 1.94854 0.00519315 -0.00937486 -0.00119519
-0.109058 0.276763 1.98299 0.00383555 -0.00961675 -0.00148718
-0.111114 0.316049 1.93992 0.00314124 -0.0105589 -0.00168888
-0.161831 0.196103 1.77124 0.00344734 -0.0106294 -0.00156851
-0.132076 0.180275 1.57636 0.00490212 -0.0089174 -0.0014502
-0.112639 0.330394 1.70561 0.00349677 -0.00833388 -0.00136986
-0.137973 0.257358 1.49153 0.0026676 -0.00892025 -0.00087697
-0.155664 0.355826 1.61172 0.00090898 -0.0114066 -0.00045482
-0.120412 0.272111 1.85492 0.00293047 -0.00896552 -0.00053782
-0.1093 0.295152 1.96405 7.814e-05 -0.00789696 -0.00038218
-0.0832746 0.262686 1.81418 0.00248755 -0.00697606 -0.00193392
-0.131778 0.159624 1.30163 0.00533768 -0.0076509 -0.0031082
-0.123348 0.116496 0.85668 0.0100566 -0.00706574 -0.00315522
-0.0899139 0.195388 0.656438 0.0113717 -0.00624552 -0.00320266
-0.0607258 -0.0958788 0.0484033 0.023863 -0.00545519 -0.00286736
-0.0431557 -0.155352 -0.435874 0.0386417 -0.00522674 -0.00240814
-0.0402479 -0.473251 -0.676066 0.0483025 -0.00576534 -0.00297558
-0.00698264 -0.211442 -0.60521 0.0427144 -0.00537514 -0.00304531
0.0536562 0.0780796 -0.38497 0.0296005 -0.00485434 -0.00259138
-0.0100732 -0.05468 0.0577388 0.0237219 -0.00515048 -0.00252788
-0.059936 -0.0233361 0.202492 0.0225182 -0.00390474 -0.00279892
-0.0955406 -0.0659129 0.305029 0.0167641 -0.00416448 -0.00351697
-0.122835 -0.00379 0.336926 0.0165199 -0.00421521 -0.00341135
-0.117004 0.0552521 0.407114 0.0171717 -0.00347301 -0.00345125
-0.121221 0.123937 0.409997 0.0173944 -0.00328916 -0.00387778
-0.130039 0.119291 0.420425 0.00964144 -0.0036587 -0.00291152
-0.135195 0.177865 0.447419 0.0103587 -0.00347015 -0.00323956
-0.145569 0.189858 0.516824 0.010599 -0.00352607 -0.00333879
-0.154781 0.15432 0.578892 0.0114248 -0.00401802 -0.00331631
-0.162064 0.125408 0.637215 0.0118249 -0.00454917 -0.00304493
-0.175494 0.0780937 0.731086 0.012698 -0.00468056 -0.00349091
-0.183694 0.0640073 0.813875 0.0140511 -0.00443994 -0.00318078
-0.182345 0.0922751 1.01893 0.0160221 -0.0049039 -0.00280962
-0.189737 0.0810992 1.11546 0.0159574 -0.00529344 -0.00283931
-0.206255 0.0875843 1.12 0.0155675 -0.00555716 -0.00323022
-0.22646 0.16446 1.15774 0.0152523 -0.00603822 -0.00388056
-0.238166 0.0950567 1.16082 0.0150651 -0.0061248 -0.00427439
-0.200146 0.152969 1.24354 0.0141429 -0.00545049 -0.00362717
-0.202262 0.185293 1.2617 0.0142823 -0.00586633 -0.00371356
-0.209961 0.191276 1.21511 0.0144399 -0.00563941 -0.00383982
-0.205488 0.215795 1.20537 0.0144128 -0.00575946 -0.00400073
-0.204647 0.266106 1.24493 0.0142977 -0.00590251 -0.00425712
-0.19909 0.153764 1.21462 0.0145862 -0.00486888 -0.0047166
-0.208477 0.125801 1.22128 0.0133689 -0.00495488 -0.00482958
-0.191473 0.160485 1.22065 0.0140598 -0.00502761 -0.00464364
-0.198211 0.187505 1.22301 0.0135126 -0.00540283 -0.00484473
-0.220604 0.12465 1.24438 0.0123068 -0.00463366 -0.00471931
-0.249374 0.164319 1.24442 0.0133698 -0.00516983 -0.00477829
-0.271396 0.195282 1.27255 0.0138617 -0.00574807 -0.00515143
-0.279599 0.227027 1.2902 0.0149655 -0.00583534 -0.00569084
-0.271334 0.197308 1.36822 0.0138241 -0.00544451 -0.00550205
-0.282493 0.218373 1.40171 0.0140038 -0.00577882 -0.0056604
-0.271648 0.229565 1.44312 0.0140038 -0.00661248 -0.00529985
-0.271627 0.235726 1.5019 0.014409 -0.00721069 -0.00547148
-0.274394 0.221704 1.52573 0.0143088 -0.00695868 -0.00520028
-0.260065 0.228619 1.61077 0.0142407 -0.00765934 -0.0047588
-0.260324 0.210377 1.65846 0.0142038 -0.00796765 -0.0046324
-0.270232 0.182871 1.64598 0.0141137 -0.00852286 -0.00487394
-0.2658 0.194294 1.63036 0.0137083 -0.0082874 -0.00488355
-0.272474 0.281736 1.64604 0.0130627 -0.00913338 -0.00494151
-0.259327 0.198866 1.59403 0.0136115 -0.00844508 -0.00473028
-0.239857 0.0992354 1.54922 0.014368 -0.0078813 -0.00428628
-0.217851 0.230603 1.59042 0.0135961 -0.00829808 -0.0044329
-0.184515 0.207039 1.58236 0.0132022 -0.00811947 -0.00417756
-0.238447 0.274118 1.54961 0.0128731 -0.0087375 -0.00499191
-0.235935 0.207944 1.47397 0.0146487 -0.00835456 -0.00447772
-0.223276 0.30412 1.5858 0.01282 -0.00874711 -0.00451292
-0.181996 0.328929 1.71144 0.0119685 -0.00923352 -0.00438798
-0.229534 0.125644 1.63382 0.012228 -0.00911516 -0.00474179
-0.24406 0.182002 1.61675 0.0124798 -0.00909115 -0.0047129
-0.212628 0.292873 1.65027 0.010888 -0.00842444 -0.00504965
-0.265357 0.0716372 1.2936 0.00994395 -0.0108447 -0.00649285
-0.270641 -0.0989748 0.947885 0.0164544 -0.0103988 -0.00688746
-0.241518 -0.200732 0.55502 0.0259003 -0.0096034 -0.0066389
-0.210075 -0.465182 0.00885459 0.0398155 -0.00935612 -0.00577453
-0.171859 -0.73119 -0.373362 0.0513076 -0.00920462 -0.00529871
-0.152169 -0.572487 -0.4746 0.0463367 -0.00801466 -0.00456871
-0.126962 0.00636836 0.324622 0.0273434 -0.00724665 -0.0030487
-0.100595 0.08432 1.60686 0.0147201 -0.0034069 -0.00534793
-0.15089 0.030876 0.674791 0.0132287 -0.00411989 -0.00450057
-0.167356 0.0219406 0.705244 0.0104939 -0.00317624 -0.0033463
-0.15084 0.137341 0.773692 0.00854698 -0.00389533 -0.00141348
-0.14695 0.242086 0.785544 0.00967729 -0.00402498 -0.00197379
-0.118718 0.237513 0.77417 0.00649628 -0.00385743 -0.00252784
-0.126238 0.296939 0.87264 0.00759206 -0.00401187 -0.00192301
-0.125481 0.343801 0.997901 0.00796308 -0.00426497 -0.00147752
-0.125509 0.366256 1.05367 0.00884774 -0.00402905 -0.00129017
-0.125299 0.325073 1.18933 0.00841706 -0.00411375 -0.0011674
-0.125522 0.286385 1.20813 0.00820285 -0.0039446 -0.0012411
-0.12913 0.235595 1.23128 0.00859143 -0.00431544 -0.00123211
-0.0991165 0.298477 1.26835 0.0068055 -0.00449942 -0.00089317
-0.0859731 0.101204 1.17934 0.012825 -0.00242002 -0.00084999
-0.0079827 0.139928 1.11557 0.0186705 -0.00039509 -0.00151528
-0.00440193 0.117685 1.12943 0.0163776 -0.00066442 -0.00132427
-0.0724361 0.176802 1.11274 0.0152274 -0.0017179 -0.0013681
-0.0688835 0.25502 1.1497 0.0148085 -0.0019341 -0.00144969
-0.049507 0.280724 1.08272 0.0142262 -0.00196892 -0.00205474
-0.0516338 0.218645 1.0911 0.0145916 -0.00183399 -0.00168886
-0.0474803 0.256943 1.15475 0.0139938 -0.00178115 -0.00170706
-0.0564802 0.289116 1.1463 0.0135024 -0.00238297 -0.00190958
-0.056378 0.289131 1.15793 0.0133709 -0.00219647 -0.00184759
-0.0724611 0.30512 1.24899 0.0124394 -0.00269739 -0.00169236
-0.072732 0.309366 1.32946 0.0129032 -0.00287941 -0.00180111
-0.0808704 0.289152 1.38145 0.0132246 -0.00313966 -0.00180585
-0.0891192 0.287988 1.3789 0.013611 -0.0030414 -0.00189399
-0.0895068 0.287828 1.39373 0.012878 -0.00348738 -0.00219718
-0.0290391 0.387902 1.44263 0.0126208 -0.00367347 -0.00247867
-0.0505072 0.200173 1.31237 0.0134186 -0.00408316 -0.00204951
-0.0667276 0.170882 1.39401 0.0127441 -0.00367986 -0.00180545
-0.0657028 0.250062 1.4643 0.0115143 -0.00429179 -0.00187057
-0.0886692 0.317904 1.50914 0.0112043 -0.00503347 -0.00193859
-0.0986251 0.357638 1.54363 0.0112918 -0.00504721 -0.00180666
-0.0986475 0.379224 1.55836 0.0118959 -0.0047849 -0.00172064
-0.0894652 0.371443 1.6146 0.0118259 -0.00495551 -0.00133853
-0.101319 0.351077 1.59565 0.0119323 -0.0052669 -0.00150159
-0.0888692 0.386568 1.6116 0.0113444 -0.00543801 -0.00152999
-0.0759224 0.297823 1.60527 0.0121889 -0.0051449 -0.00133583
-0.0758253 0.227148 1.63481 0.0126743 -0.0051449 -0.00124211
-0.0786404 0.254646 1.62091 0.0125164 -0.00507776 -0.00147814
-0.0747788 0.305411 1.60287 0.0129543 -0.00527531 -0.00147593
-0.0844138 0.374293 1.58827 0.0119701 -0.0055208 -0.00186244
-0.070269 0.269663 1.57372 0.0128948 -0.00488653 -0.00154067
-0.120272 0.245507 1.59186 0.0130228 -0.00564399 -0.001577
-0.0931349 0.333603 1.59502 0.0118705 -0.00582937 -0.00153884
-0.085231 0.304855 1.50178 0.013433 -0.00498679 -0.0016116
-0.0993505 0.204381 1.46767 0.0133804 -0.00574672 -0.00083606
-0.100272 0.0116563 1.0577 0.01922 -0.00529566 -0.00178395
-0.0731062 -0.307835 0.573444 0.0295134 -0.00402608 -0.003009
0.0313402 -0.626636 -0.241837 0.0481649 -0.00370776 -0.00228533
0.0330567 -0.885264 -0.427209 0.060464 -0.00456919 -0.002744
-0.00213159 -1.09516 -0.411585 0.0654745 -0.00396447 -0.00366893
0.0113645 -0.83701 -0.426601 0.0611801 -0.00538179 -0.00410433
-0.0236014 -0.184844 -0.00254926 0.0401556 -0.00197151 -0.00378576
-0.00618089 -0.0395335 0.575336 0.0309524 -0.00155659 -0.00248927
-0.0800584 -0.0384587 0.741032 0.0282984 -0.00200516 -0.00220911
-0.0802293 -0.0197516 0.678502 0.0277615 -0.00149966 -0.00275149
-0.11233 0.00973888 0.458856 0.0222258 -0.00359145 -0.00255742
-0.114879 0.159574 0.566641 0.0221812 -0.00304213 -0.0030582
-0.122212 0.198242 0.642378 0.0214959 -0.00355461 -0.00377465
-0.126031 0.200062 0.670763 0.0223611 -0.00284704 -0.00372289
-0.111813 0.177846 0.53135 0.018725 -0.00436098 -0.00224974
-0.116645 0.215247 0.576807 0.0197725 -0.00336709 -0.0018323
-0.116737 0.205202 0.587616 0.019467 -0.00360228 -0.00223783
-0.115168 0.219466 0.592549 0.0203845 -0.00340441 -0.00281994
-0.100521 0.149594 0.704793 0.0193436 -0.00351668 -0.00257101
-0.0970211 0.133104 0.739507 0.0183243 -0.00349109 -0.00254727
-0.121857 0.174979 0.934311 0.0187029 -0.00434627 -0.00199557
-0.125742 0.193099 1.03736 0.020161 -0.00485587 -0.00176583
-0.123298 0.226087 1.11577 0.0207175 -0.00518527 -0.00183695
-0.116811 0.325308 1.37128 0.0198852 -0.00751659 -0.00140003
-0.116889 0.327233 1.51394 0.0189258 -0.00846529 -0.00143729
-0.118035 0.314855 1.4695 0.0193179 -0.00832478 -0.00158927
-0.121421 0.30117 1.48048 0.0183681 -0.00813923 -0.00167471
-0.123969 0.30931 1.4787 0.0181525 -0.0081267 -0.00167379
-0.12419 0.304957 1.47138 0.0185812 -0.00800385 -0.0017488
-0.122824 0.322047 1.45845 0.0186799 -0.00787305 -0.00169471
-0.120542 0.32435 1.4618 0.0190039 -0.00797455 -0.00174284
-0.120782 0.350447 1.54835 0.0175043 -0.00810531 -0.00137738
-0.124666 0.365487 1.69537 0.0162926 -0.00878506 -0.00113108
-0.130674 0.334932 1.68954 0.0170654 -0.00853745 -0.00136033
-0.135099 0.357345 1.65223 0.0170671 -0.00843301 -0.00192625
-0.134008 0.385964 1.65902 0.0163697 -0.00856322 -0.00175706
-0.112247 0.274257 1.60163 0.0167513 -0.0078652 -0.00171981
-0.131187 0.233076 1.58036 0.0166302 -0.00802717 -0.00130542
-0.128609 0.286174 1.59726 0.0168435 -0.00796189 -0.00142583
-0.0892936 0.402356 1.63621 0.0164318 -0.00841655 -0.00121806
-0.0897035 0.352498 1.58135 0.0170014 -0.00792955 -0.00128138
-0.111512 0.308104 1.56934 0.018016 -0.00776839 -0.00139742
-0.126686 0.322776 1.6193 0.0175634 -0.00813375 -0.00162438
-0.119413 0.388959 1.64795 0.0171577 -0.00820194 -0.00168358
-0.106763 0.35625 1.60699 0.0176933 -0.00782925 -0.0014957
-0.103092 0.281538 1.63522 0.0185902 -0.008192 -0.00143403
-0.114661 0.295611 1.6846 0.0190845 -0.00814051 -0.00141083
-0.109333 0.337464 1.72211 0.0194076 -0.00799054 -0.00137933
-0.0986637 0.402299 1.73158 0.0189278 -0.00817748 -0.00142084
-0.0891658 0.387753 1.71882 0.0185884 -0.00810488 -0.00146407
-0.0898344 0.310878 1.73996 0.0187909 -0.00814179 -0.00146486
-0.0938755 0.390753 1.83221 0.018435 -0.00859061 -0.00116256
-0.0894608 0.44863 1.99575 0.0160777 -0.0098506 -0.00092705
-0.0930036 0.461776 2.04873 0.0160476 -0.0105377 -0.00082802
-0.0921686 0.421054 2.02841 0.0168878 -0.0105897 -0.00094975
-0.0933428 0.428796 1.94209 0.0175184 -0.0105685 -0.00125539
-0.0980734 0.434007 1.93805 0.0167518 -0.0101953 -0.00133429
-0.086938 0.306912 1.81948 0.0178372 -0.00966148 -0.00127479
-0.0727476 0.285681 1.8417 0.0174145 -0.00982789 -0.00098691
-0.0858661 0.357824 1.84179 0.0171331 -0.00991999 -0.00130635
-0.0801078 0.40085 1.81576 0.0170578 -0.00993202 -0.00137578
-0.070813 0.386367 1.77573 0.0175289 -0.00933582 -0.00144157
-0.0887682 0.408233 1.85912 0.016212 -0.00939872 -0.00135485
-0.0856323 0.449215 1.87392 0.0165213 -0.00956229 -0.00137874
-0.0789195 0.463363 1.88165 0.0165245 -0.0096251 -0.00152035
-0.0803386 0.418501 1.92496 0.0170231 -0.00968933 -0.00135477
-0.0805272 0.457047 1.9871 0.0166398 -0.00988404 -0.00118745
-0.0839759 0.445825 2.01375 0.0166915 -0.00994419 -0.00127238
-0.0823635 0.458229 2.00602 0.017123 -0.00979635 -0.00120407
-0.0805742 0.439374 2.03526 0.0169155 -0.00966069 -0.00112284
-0.0870848 0.455749 2.03302 0.0165231 -0.0100582 -0.00126444
-0.0791832 0.450782 2.01945 0.0164814 -0.0100451 -0.0015655
-0.0763118 0.367602 2.04443 0.0170448 -0.00987543 -0.00158252
-0.0869239 0.429422 2.11151 0.0161023 -0.00974947 -0.00154917
-0.0884636 0.516735 2.32922 0.0117207 -0.0103429 -0.00092589
-0.0879532 0.545146 2.42419 0.0111429 -0.0112221 -0.0006139
-0.0888756 0.481934 2.3886 0.0122337 -0.0109758 -0.00066478
-0.0839734 0.460237 2.29224 0.0141259 -0.0107025 -0.0010627
-0.0976831 0.493948 2.25029 0.0140372 -0.0111914 -0.00112173
-0.0898358 0.393733 2.19717 0.0146004 -0.0110902 -0.00125464
-0.0904698 0.346065 2.1526 0.0154168 -0.0112953 -0.00121461
-0.0966389 0.439303 2.12964 0.01656 -0.0117026 -0.00067888
-0.106552 0.497491 2.1607 0.01437 -0.0124266 -0.00133366
-0.0424077 0.338 2.05322 0.0160158 -0.0119682 -0.00117218
-0.0781024 0.321295 1.96589 0.0165303 -0.0111758 -0.0009357
-0.064379 0.493978 2.04213 0.0146712 -0.011729 -0.00090547
-0.0677659 0.431371 2.02615 0.0152027 -0.0115693 -0.00110505
-0.0666707 0.526362 2.05356 0.0134464 -0.011616 -0.00105802
-0.0880168 0.441602 2.12365 0.0118467 -0.0111234 -0.00166884
-0.0614852 0.427292 1.8394 0.0131884 -0.0109785 -0.00131277
-0.106162 0.287144 1.77747 0.0144735 -0.00995197 -0.00128396
-0.102304 0.412343 1.80123 0.0126398 -0.00957445 -0.00117707
-0.0928864 0.443023 1.88598 0.011785 -0.0102826 -0.00119605
-0.0956144 0.376706 1.91677 0.0113977 -0.00926655 -0.00151261
-0.102847 0.378021 1.94441 0.0116844 -0.00864937 -0.00162267
-0.104283 0.43089 1.95976 0.012442 -0.0088588 -0.00142777
-0.106354 0.451823 2.02619 0.0126103 -0.00910156 -0.00127368
-0.108868 0.496725 2.13883 0.0120371 -0.009428 -0.00121762
-0.107203 0.549259 2.2882 0.0108167 -0.0101868 -0.00096551
-0.106321 0.529002 2.35994 0.0103055 -0.0107454 -0.00074387
-0.109032 0.479492 2.34406 0.0100125 -0.0104619 -0.00104103
-0.109448 0.46249 2.31915 0.0101711 -0.00998329 -0.00103573
-0.111042 0.480926 2.32921 0.00902841 -0.0101767 -0.00113188
-0.1172 0.434201 2.29554 0.00844207 -0.00981899 -0.0012154
-0.113068 0.393711 2.26578 0.00991675 -0.00986693 -0.00124299
-0.120898 0.424063 2.29326 0.00948015 -0.00994795 -0.00122367
-0.105985 0.486429 2.29736 0.00875601 -0.00942269 -0.00121961
-0.0945722 0.488856 2.29267 0.00822981 -0.00949274 -0.00129495
-0.10622 0.425138 2.28167 0.0078548 -0.00986716 -0.00101915
-0.114152 0.432496 2.30053 0.00786123 -0.00974684 -0.00108047
-0.101908 0.471213 2.33655 0.00799229 -0.00976084 -0.0011814
-0.0984019 0.477602 2.38069 0.00813746 -0.00985874 -0.00106031
-0.106058 0.475543 2.4355 0.00863869 -0.00990881 -0.0009408
-0.103201 0.458768 2.44207 0.00854725 -0.0101528 -0.00110765
-0.103798 0.491332 2.41494 0.00869327 -0.0100015 -0.00123506
-0.0941343 0.479663 2.339 0.00770209 -0.00983708 -0.00113148
-0.0938434 0.416488 2.33953 0.00845146 -0.00941733 -0.00124553
-0.0957994 0.457798 2.42719 0.00829196 -0.00999512 -0.00095912
-0.0966826 0.505789 2.49381 0.00872055 -0.0107543 -0.00056215
-0.100103 0.530076 2.56406 0.00776186 -0.011284 -0.00054531
-0.106314 0.513356 2.58055 0.00739793 -0.0113036 -0.00053054
-0.110292 0.505712 2.50673 0.00796721 -0.0108652 -0.00099497
-0.12124 0.536972 2.45429 0.00743954 -0.0113611 -0.0011842
-0.0840269 0.414055 2.40689 0.00748595 -0.0103746 -0.00092585
-0.0996095 0.350337 2.39417 0.00770074 -0.010213 -0.00122616
-0.105755 0.405402 2.3875 0.00806923 -0.010438 -0.00101473
-0.105307 0.514357 2.41266 0.00732186 -0.010858 -0.00110355
-0.0967764 0.476731 2.3826 0.00725312 -0.0105154 -0.00123627
-0.111139 0.469764 2.40592 0.00787172 -0.010369 -0.00140208
-0.1162 0.498054 2.43068 0.00804264 -0.0104802 -0.00126232
-0.111903 0.554415 2.47032 0.00773842 -0.0108829 -0.00135879
-0.110886 0.540515 2.47778 0.00791093 -0.0108671 -0.00136171
-0.10544 0.478917 2.47992 0.00822641 -0.0105283 -0.00118209
-0.103988 0.50518 2.45277 0.0092736 -0.0101797 -0.00133684
-0.101542 0.501591 2.50593 0.0083631 -0.0108139 -0.00139469
-0.108009 0.522886 2.52467 0.00795491 -0.0110225 -0.00123781
-0.106971 0.438365 2.50543 0.00858919 -0.0107683 -0.00143156
-0.105378 0.416679 2.4801 0.00804315 -0.0105757 -0.00138814
-0.108634 0.495308 2.50144 0.00720872 -0.010822 -0.00133646
-0.115335 0.510088 2.45684 0.00774561 -0.0108609 -0.00148148
-0.104224 0.424107 2.45813 0.00761261 -0.0104187 -0.00125051
-0.0924243 0.446619 2.48393 0.00802945 -0.0101049 -0.00134471
-0.100071 0.503759 2.50594 0.00773887 -0.0109043 -0.00134352
-0.103239 0.55868 2.52155 0.00765718 -0.0112467 -0.00142368
-0.101079 0.517319 2.52555 0.00763513 -0.010962 -0.00158771
-0.105127 0.542758 2.55777 0.00753445 -0.0109105 -0.00148675
-0.111409 0.552344 2.57717 0.00755727 -0.0111539 -0.00142927
-0.111952 0.554219 2.60395 0.00748749 -0.0114623 -0.00147113
-0.119494 0.544284 2.62368 0.00735966 -0.01158 -0.00132782
-0.115084 0.514186 2.59482 0.00707947 -0.0116426 -0.0015378
-0.0948155 0.530373 2.48351 0.00792539 -0.0102868 -0.00133102
-0.117186 0.512892 2.55149 0.00710581 -0.0107886 -0.00138452
-0.12421 0.532918 2.63565 0.00587207 -0.0111378 -0.00123915
-0.128938 0.507651 2.64332 0.00236467 -0.00991136 -0.00059088
-0.0836176 0.342541 2.29955 0.00295029 -0.00895954 -0.00120903
0.0124553 0.418281 2.10918 -7.054e-05 -0.00946235 -0.00135464
-0.0339393 0.47457 2.11973 0.00045469 -0.00957012 -0.00130762
-0.0691028 0.584907 2.16884 -0.00077924 -0.00988527 -0.00154412
-0.0277804 0.432488 1.94632 -0.00094679 -0.0102692 -0.00179845
-0.0352753 0.466201 2.00543 -0.00183697 -0.0104532 -0.00130963
-0.0374979 0.474498 2.02986 -0.00054468 -0.00981313 -0.00117553
-0.0448613 0.521069 2.07451 -0.0019938 -0.0098294 -0.00149281
-0.0525664 0.475024 2.05782 -0.00223008 -0.00979868 -0.00144807
-0.0606469 0.455844 2.05566 -0.00186626 -0.0097731 -0.00138343
-0.061672 0.473187 2.08744 -0.00235488 -0.00969506 -0.00128284
