-0.00532607 0.256931 0.451025 -0.00739781 -0.00041221 -0.00061168
-0.0194612 0.211351 0.555592 -0.00731099 -0.00035781 -0.00076013
-0.0127356 0.244377 0.664653 -0.0081071 -0.00023129 -0.00015548
0.0345907 0.31406 0.785224 -0.00882009 0.00158992 -0.00069953
0.0397996 0.275177 0.756 -0.00946757 -0.00212462 -0.0005042
0.0223111 0.287491 0.715448 -0.00909478 -0.00164624 -0.00070646
0.0172952 0.247913 0.73035 -0.00972474 -0.00195168 -0.00069377
0.012649 0.215211 0.710632 -0.00985002 -0.00182454 -0.00060532
0.0193783 0.251581 0.76567 -0.00966418 -0.00061548 -0.0007439
0.018698 0.246667 0.812994 -0.00999625 -0.00042373 -0.00107927
0.0227778 0.255978 0.841902 -0.0106388 -0.00031382 -0.00107927
0.00368465 0.233469 0.861312 -0.0112654 -0.00075763 -0.00107927
-0.00529808 0.266985 0.776457 -0.0110492 -0.00096031 -0.00107927
0.0121367 0.300347 0.757475 -0.0101761 -0.00076682 -0.00107927
0.0104016 0.271509 0.800908 -0.0114051 -0.00026425 -0.00118833
0.00999859 0.257074 0.825539 -0.0120816 -0.00071261 -0.00126183
0.00348181 0.255281 0.813164 -0.0111762 -0.00085322 -0.00117893
-0.00382161 0.210789 0.886292 -0.0118187 -0.00138699 -0.00107927
-0.00042457 0.283586 0.785242 -0.0115022 -0.00082684 -0.00123505
0.00354746 0.259412 0.82363 -0.0110245 -0.00049067 -0.0012907
0.0081945 0.243211 0.827426 -0.0110632 -0.00042846 -0.00146537
0.0043488 0.243658 0.840632 -0.0116618 -0.00042846 -0.00137039
0.0038081 0.246394 0.846982 -0.0116711 -0.00042846 -0.00139973
0.00482328 0.24908 0.847178 -0.0118228 -0.0002786 -0.00146537
0.00179303 0.249943 0.85509 -0.0115618 -0.0004604 -0.0013605
-0.0122938 0.226286 0.86027 -0.0132022 -0.00069861 -0.00139011
-0.00655512 0.258809 0.755998 -0.0123391 -0.00073459 -0.00146537
0.00267292 0.285845 0.807306 -0.0123372 -0.00050056 -0.00139193
0.00094378 0.255557 0.833653 -0.0125748 -0.0004926 -0.00106907
0.00542399 0.250174 0.824171 -0.0123372 -1.308e-05 -0.00146537
0.00058956 0.245877 0.839145 -0.0121419 8.323e-05 -0.0012112
-0.0151614 0.200067 0.852751 -0.0132109 -0.00080401 -0.00117241
-0.00955676 0.245028 0.76688 -0.0123721 -0.00072855 -0.00137764
-0.0011884 0.25832 0.806391 -0.0122128 -0.00051878 -0.00107767
-0.0066535 0.238641 0.848769 -0.0128144 -0.00066138 -0.00104774
-0.0303345 0.200496 0.855497 -0.0132974 -0.00094857 -0.00123505
-0.0115976 0.289046 0.807377 -0.0122815 -0.00030945 -0.00118823
-0.0048301 0.264367 0.831578 -0.0120557 -0.00025448 -0.00136789
-0.00663598 0.231003 0.788583 -0.0129201 -0.00030613 -0.00134487
-0.00043859 0.2335 0.814866 -0.0132119 -0.00033982 -0.00116206
-0.00076477 0.227714 0.84322 -0.0136186 -6.602e-05 -0.00120342
-0.00919197 0.19425 0.866374 -0.0147614 -0.00023853 -0.00146537
-4.139e-05 0.248209 0.799701 -0.0139162 -0.00023204 -0.00123114
-0.00177382 0.234519 0.824266 -0.0135272 -0.00047626 -0.00113647
0.00593488 0.242453 0.832291 -0.0135972 9.579e-05 -0.00139519
-0.00413717 0.212698 0.859274 -0.0145005 -0.00037029 -0.00138553
-0.012298 0.188882 0.889538 -0.0159858 -0.00051778 -0.00105098
-0.00357497 0.279766 0.82904 -0.0139102 -0.0003174 -0.00135251
-0.00180039 0.23684 0.875749 -0.0146047 4.095e-05 -0.0012074
-0.00062507 0.209801 0.88956 -0.0155815 -0.00051469 -0.0012342
-0.00279738 0.20394 0.844373 -0.0151566 -9.894e-05 -0.00132781
-0.00076848 0.208264 0.888012 -0.0153259 0.00019283 -0.00114424
0.00365431 0.192247 0.912011 -0.0163774 0.00018147 -0.00134974
-0.00550887 0.196775 0.89807 -0.015821 -8.8e-05 -0.0013909
-0.00243431 0.195266 0.855673 -0.0156759 0.00016616 -0.00142883
-0.00103189 0.246241 0.934419 -0.015582 0.00017789 -0.00134331
0.00551971 0.234057 0.962751 -0.0145 0.00042573 -0.00133787
-0.0124268 0.207819 0.976035 -0.0155832 0.00015217 -0.00134426
-0.00493237 0.280041 0.917422 -0.0147783 0.000205 -0.00132975
0.00315808 0.260987 0.945828 -0.0155262 0.00037137 -0.00102346
-0.00539251 0.216189 0.951266 -0.0161939 0.00027413 -0.00121361
-0.0121515 0.201278 0.889805 -0.0160284 0.00012269 -0.00126609
0.00010009 0.203007 0.936617 -0.0165205 0.00019017 -0.00148814
-0.0100948 0.18327 0.927785 -0.0161866 0.00011394 -0.00124161
-0.012807 0.187769 0.900225 -0.0167342 6.051e-05 -0.00135524
-0.00319554 0.239557 0.928623 -0.0160412 0.00013638 -0.00123059
0.00276132 0.229183 0.934618 -0.0158213 0.00052013 -0.00128063
-0.00830204 0.197067 0.994582 -0.0169806 0.00018217 -0.00126808
-0.0214426 0.189784 0.958076 -0.016768 -7.42e-06 -0.00128182
-0.0148958 0.26613 0.893984 -0.0154409 0.00026959 -0.00157623
-0.010821 0.239906 0.922694 -0.0169186 0.00059628 -0.00169577
-0.00965886 0.187386 0.949167 -0.0164764 0.00068365 -0.00137887
-0.00819368 0.19594 0.982172 -0.0176451 0.00040919 -0.00123243
-0.0170422 0.154857 0.924514 -0.0176195 8.081e-05 -0.00146519
-0.0117916 0.165251 0.906165 -0.0181871 0.00048882 -0.00135862
-0.00982621 0.178239 0.931799 -0.0178606 0.00061339 -0.00154256
-0.0177436 0.162386 0.934846 -0.0181075 0.00049034 -0.00154576
-0.0195262 0.164861 0.895944 -0.0179433 0.00028871 -0.00163747
-0.00636157 0.247138 0.87339 -0.0173552 0.00049332 -0.00157893
0.00035584 0.199737 0.952017 -0.0178438 0.00075299 -0.00131073
-0.0283435 0.163117 0.945241 -0.0182049 0.00018155 -0.00141336
-0.0138219 0.230027 0.932653 -0.0174982 0.00055313 -0.0014747
-0.00585782 0.192577 0.961675 -0.0176526 0.00052412 -0.00133527
-0.0130656 0.175258 0.930119 -0.0173191 0.00050629 -0.0012842
-0.0099044 0.140832 0.914726 -0.0186403 0.00023484 -0.00124577
-0.0106104 0.178022 0.883014 -0.0178609 0.00023031 -0.00137106
-0.00998506 0.159402 0.914749 -0.0181807 0.00052098 -0.00140302
-0.0178908 0.135528 0.954103 -0.0191403 0.00078257 -0.00163546
-0.0208563 0.18692 0.923476 -0.0193662 0.00053845 -0.0017379
-0.0124476 0.219167 0.944327 -0.0185994 0.00079801 -0.00172418
0.00151986 0.194344 0.958866 -0.0187909 0.00108713 -0.00160946
-0.00335722 0.16119 1.01261 -0.0196881 0.0006381 -0.00160182
-0.0204297 0.163485 0.979476 -0.0194668 0.00086288 -0.0014277
-0.0124124 0.243761 0.987999 -0.0186103 0.00094974 -0.00139789
-0.00901069 0.197916 1.0082 -0.0183373 0.00117974 -0.00126551
-0.00718072 0.183478 0.994777 -0.0180875 0.00131009 -0.00137337
-0.00943357 0.147949 0.992908 -0.0189049 0.00080679 -0.00144427
-0.015058 0.134214 0.945614 -0.0193629 0.00122682 -0.00150426
-0.00784177 0.189739 0.987644 -0.0189392 0.00131009 -0.00156087
-0.00752352 0.170744 0.997964 -0.0194552 0.00158133 -0.0016476
-0.00954808 0.137549 0.99026 -0.0209069 0.00112375 -0.00163044
-0.00739361 0.217259 0.989917 -0.0194373 0.00148469 -0.00158435
-0.0057374 0.192663 1.01518 -0.0199975 0.00146886 -0.00144344
-0.00319466 0.191033 1.04323 -0.020744 0.00193245 -0.0018406
-0.020059 0.117683 1.00542 -0.0216649 0.00091127 -0.00142812
-0.0190204 0.201674 0.986323 -0.021015 0.00116879 -0.00153693
-0.0206821 0.198935 0.998713 -0.0205446 0.00148153 -0.00155782
-0.0191258 0.153617 1.00843 -0.0209974 0.00124073 -0.00175273
-0.0151251 0.139991 0.97306 -0.0213457 0.00128353 -0.0016193
-0.0161273 0.152341 0.994954 -0.0208427 0.0015852 -0.00170836
-0.0199924 0.147086 1.00799 -0.020967 0.0014029 -0.00172554
-0.0280199 0.131262 1.08473 -0.0219622 0.00125512 -0.00154086
-0.0137464 0.206764 1.00956 -0.0212558 0.00105065 -0.0016029
-0.0102496 0.198943 1.01298 -0.0208087 0.0015852 -0.00155544
-0.0220575 0.160393 1.03974 -0.02151 0.00117824 -0.00160733
-0.0214651 0.196619 0.994571 -0.0212283 0.00128428 -0.00169565
-0.017059 0.196988 1.00608 -0.0209219 0.00132369 -0.00172773
-0.018512 0.166713 1.0222 -0.0211859 0.00137521 -0.00175485
-0.0202912 0.123982 1.00509 -0.0221371 0.0011381 -0.00172266
-0.0228961 0.176242 1.00264 -0.0214402 0.00124018 -0.00178305
-0.023872 0.150352 1.02081 -0.021468 0.00103862 -0.00168383
-0.0374492 0.11628 1.02277 -0.0224156 0.00099451 -0.00172956
-0.0251692 0.18554 0.983829 -0.021624 0.00145082 -0.00177802
-0.0200973 0.191182 1.00675 -0.0212256 0.00132582 -0.00161763
-0.0246558 0.177816 1.0444 -0.021765 0.00091645 -0.0017574
-0.039217 0.13356 0.996117 -0.0224267 0.00057165 -0.00181289
-0.0295306 0.184195 0.96467 -0.0215486 0.00110874 -0.00182601
-0.020501 0.164977 1.00512 -0.0213254 0.00112626 -0.00178328
-0.028067 0.133798 1.02397 -0.0222207 0.00094686 -0.00192072
-0.0231256 0.146838 1.00901 -0.0222016 0.00087654 -0.0018156
-0.0216403 0.149098 1.03398 -0.0218802 0.00113936 -0.00191902
-0.0234533 0.133583 1.04457 -0.0226941 0.00116184 -0.00186781
-0.024334 0.150003 0.996447 -0.0224984 0.00082585 -0.00185735
-0.0133994 0.197349 1.00247 -0.0217786 0.0008649 -0.00172834
-0.0163133 0.176209 1.01892 -0.0219557 0.00126472 -0.00190216
-0.0225851 0.113099 1.07301 -0.0229112 0.00057505 -0.001627
-0.0241381 0.201684 1.01714 -0.021724 0.00114502 -0.0019381
-0.0232631 0.19853 1.01848 -0.0213311 0.00098478 -0.00177801
-0.0242945 0.130292 1.00965 -0.0225989 0.0010582 -0.0018417
-0.0225307 0.15989 1.01629 -0.0218707 0.00103217 -0.0018357
-0.0213672 0.145971 1.04189 -0.0223081 0.000779 -0.00185217
-0.0292038 0.111042 1.02477 -0.0233092 0.00054037 -0.00194883
-0.024314 0.192075 1.00701 -0.0222231 0.00097238 -0.00185994
-0.0200796 0.18365 1.0371 -0.0217345 0.00113822 -0.00184224
-0.0147572 0.168762 1.00402 -0.0219061 0.00111754 -0.00182509
-0.0195793 0.170328 1.04521 -0.021999 0.00099041 -0.00198502
-0.0306317 0.126607 1.07185 -0.0220195 0.00105772 -0.00175658
-0.0392129 0.153745 1.0251 -0.0216174 0.00138653 -0.00187594
-0.0246779 0.197283 1.02376 -0.0210163 0.00130926 -0.00183872
-0.0200298 0.177438 1.03781 -0.0215169 0.0015852 -0.00182765
-0.0195277 0.139389 1.0145 -0.022417 0.00147709 -0.00180908
-0.0145723 0.185049 1.02055 -0.0219142 0.00138072 -0.0017877
-0.0153409 0.153564 1.0545 -0.0217081 0.00105907 -0.00186316
-0.0283804 0.115789 1.06557 -0.0223883 0.00137202 -0.00192361
-0.0249329 0.201503 1.03317 -0.021674 0.00155122 -0.00191601
-0.00960656 0.202377 1.04756 -0.021347 0.00170173 -0.00179306
-0.00353065 0.17507 1.09169 -0.0219791 0.00149027 -0.00176404
-0.0242941 0.130504 1.05658 -0.0230847 0.00101306 -0.00185757
-0.0234797 0.190113 1.04792 -0.0219067 0.00110756 -0.00184199
-0.0247502 0.167886 1.0713 -0.0218598 0.00142072 -0.00199506
-0.0221033 0.164379 1.06133 -0.0215847 0.00140727 -0.00191177
-0.0208293 0.139471 1.10107 -0.0226847 0.00123183 -0.00180861
-0.0242701 0.151465 1.06224 -0.0227511 0.00125273 -0.00190601
-0.0217599 0.182074 1.0851 -0.0226029 0.00111448 -0.00199382
-0.0218863 0.152246 1.08628 -0.0228297 0.00107525 -0.00176824
-0.0250827 0.163531 1.05569 -0.0225875 0.0017278 -0.00189319
-0.0218503 0.171152 1.10144 -0.0223898 0.00152461 -0.00186106
-0.00391094 0.168441 1.0904 -0.0219373 0.00191348 -0.00181694
-0.0345168 0.127274 1.13425 -0.022637 0.00154955 -0.00189473
-0.0294774 0.138351 1.09738 -0.023352 0.00139292 -0.00191687
-0.0277252 0.218009 1.0622 -0.0215843 0.00169482 -0.00198942
-0.0263597 0.181175 1.0883 -0.0220122 0.00188724 -0.00192997
-0.0305357 0.142834 1.05696 -0.0224471 0.00191931 -0.00202419
-0.025933 0.179178 1.05492 -0.0222718 0.00166733 -0.0019219
-0.0261256 0.154858 1.08083 -0.0223366 0.00174242 -0.00184256
-0.0272969 0.112977 1.10063 -0.0231881 0.00171713 -0.00187608
-0.0256147 0.192833 1.0346 -0.0223654 0.00170962 -0.00201966
-0.0203779 0.187883 1.06128 -0.0221472 0.00197471 -0.00186565
-0.0214284 0.133267 1.12237 -0.0228138 0.0009411 -0.0017069
-0.0300402 0.130787 1.09669 -0.0230663 0.00125533 -0.00174198
-0.0228802 0.215373 1.05499 -0.0217307 0.00151955 -0.00201804
-0.0244952 0.164791 1.09202 -0.0224859 0.00165431 -0.00196246
-0.0250343 0.161022 1.05314 -0.022467 0.00176691 -0.00196737
-0.0248161 0.173829 1.07578 -0.022311 0.00179656 -0.00189962
-0.0278144 0.103625 1.08383 -0.0231898 0.00121575 -0.00193835
-0.0243046 0.150955 1.03853 -0.0224856 0.00159488 -0.00201853
-0.0204413 0.170653 1.07909 -0.0218204 0.00131299 -0.00199982
-0.0203397 0.164732 1.08976 -0.0219432 0.00163481 -0.00189944
-0.0247168 0.129564 1.12876 -0.0223646 0.00092809 -0.00186707
-0.0459747 0.122081 1.10504 -0.0233316 0.00110472 -0.00199019
-0.0255647 0.202545 1.10886 -0.02224 0.00121732 -0.00199331
-0.0200157 0.194815 1.12574 -0.0219869 0.00135651 -0.00203622
-0.0279822 0.142009 1.12517 -0.0230817 0.00145308 -0.00200774
-0.0404124 0.177208 1.09707 -0.0229139 0.00101732 -0.00212379
-0.0210221 0.215698 1.10482 -0.0218615 0.00170311 -0.00194728
-0.0263796 0.182179 1.1205 -0.0217729 0.00170311 -0.00201848
-0.0224501 0.168897 1.14091 -0.0219262 0.00160618 -0.00206512
-0.0445904 0.130895 1.1222 -0.02275 0.00124636 -0.00217286
-0.0363539 0.186143 1.08061 -0.0220165 0.00158476 -0.00225192
-0.0343112 0.18943 1.10272 -0.0214681 0.00175492 -0.00214823
-0.0373432 0.158798 1.13987 -0.0225107 0.00156845 -0.00221835
-0.050873 0.160811 1.11748 -0.022678 0.00159263 -0.00226171
-0.0342026 0.224306 1.10793 -0.0217191 0.00148412 -0.0022598
-0.0420335 0.191219 1.12297 -0.0216288 0.00168643 -0.00223845
-0.05034 0.148418 1.11756 -0.0227483 0.00125699 -0.00235298
-0.0436422 0.214982 1.06873 -0.0213943 0.0018418 -0.0022543
-0.0339933 0.182491 1.11453 -0.0213267 0.00200636 -0.00220374
-0.0463336 0.143693 1.11736 -0.0223478 0.0018201 -0.00238138
-0.0429788 0.181943 1.0849 -0.0219231 0.00200636 -0.00236962
-0.041248 0.180477 1.1075 -0.0212947 0.00200636 -0.00230105
-0.039726 0.176111 1.12299 -0.0212385 0.00216233 -0.00233821
-0.0531466 0.167669 1.12134 -0.0214029 0.00200636 -0.002461
-0.0503246 0.155644 1.08959 -0.0219887 0.00192393 -0.00235443
-0.0398438 0.22023 1.10508 -0.0212389 0.00200636 -0.0023372
-0.0422166 0.205885 1.10797 -0.0207554 0.00207968 -0.00240058
-0.0427232 0.163134 1.14633 -0.0220433 0.00200636 -0.00228982
-0.0406784 0.179629 1.08367 -0.0213298 0.00200636 -0.00244965
-0.0322274 0.205829 1.12879 -0.0217587 0.0020544 -0.00230234
-0.0427766 0.174157 1.13745 -0.0213449 0.00237413 -0.0023073
-0.0329758 0.154023 1.11437 -0.0220386 0.00230128 -0.00232704
-0.0441312 0.173063 1.13946 -0.0215143 0.00222171 -0.00233612
-0.0407437 0.164588 1.13965 -0.0216612 0.00238291 -0.00239353
-0.0438075 0.159646 1.10851 -0.0215232 0.00242713 -0.00235566
-0.0341238 0.217395 1.10554 -0.0210858 0.00239033 -0.00231973
-0.0348513 0.193683 1.15529 -0.0217622 0.0023174 -0.00245067
-0.0453358 0.163138 1.13326 -0.0223382 0.00195488 -0.00246524
-0.039709 0.206902 1.12258 -0.0215905 0.00218145 -0.00235787
-0.0424629 0.183669 1.1382 -0.0214084 0.0021089 -0.00232261
-0.0471991 0.182465 1.13616 -0.0210961 0.0021819 -0.00240133
-0.0350667 0.133097 1.18111 -0.0227461 0.00219095 -0.00237743
-0.046507 0.179229 1.11942 -0.0216309 0.0022622 -0.00239304
-0.0303218 0.16429 1.1672 -0.0218049 0.0019006 -0.00228972
-0.0335688 0.145147 1.18046 -0.0223202 0.00192524 -0.00209646
-0.0390004 0.151474 1.13669 -0.0225002 0.00191204 -0.00237568
-0.032689 0.206187 1.12607 -0.0214673 0.00185648 -0.0023168
-0.031943 0.194451 1.13142 -0.0218622 0.00225784 -0.00226198
-0.0330789 0.167584 1.15239 -0.0216821 0.00226013 -0.00220551
-0.0613285 0.104059 1.2177 -0.0212416 0.00038817 -0.00215642
-0.0641232 0.149981 1.26048 -0.0204469 0.00283606 -0.0023564
-0.0505419 0.225781 1.11478 -0.0194801 0.00240168 -0.00218267
-0.0530892 0.184322 1.16513 -0.0206961 0.0029026 -0.00223039
-0.0493358 0.148195 1.09128 -0.0214167 0.00283606 -0.0022783
-0.040116 0.184639 1.14917 -0.0214897 0.00283606 -0.00228671
-0.0436464 0.12085 1.1961 -0.0225068 0.00283606 -0.00206817
-0.0398239 0.141011 1.20728 -0.0225722 0.00283606 -0.00198364
-0.0431724 0.200557 1.12642 -0.0208849 0.00266604 -0.00225804
-0.0403208 0.178718 1.16361 -0.0211495 0.00283606 -0.00231488
-0.0425137 0.146393 1.2054 -0.0222603 0.00237772 -0.00212026
-0.0545906 0.143507 1.16186 -0.0224085 0.00233847 -0.00208111
-0.0450581 0.204819 1.14025 -0.0212288 0.00246707 -0.0022361
-0.0392357 0.18913 1.17255 -0.0213901 0.00235014 -0.00217357
-0.0377451 0.165108 1.1695 -0.0217244 0.00283606 -0.00238763
-0.0371806 0.154988 1.14003 -0.0222201 0.00283606 -0.00234435
-0.0383813 0.165121 1.17764 -0.0218248 0.00258778 -0.00221628
-0.0484049 0.140167 1.1858 -0.0222383 0.00240498 -0.00230164
-0.0477567 0.147783 1.11225 -0.0220329 0.00283606 -0.00232121
-0.0372359 0.185358 1.16541 -0.0217544 0.00232392 -0.00224708
-0.0463151 0.152374 1.21008 -0.0223347 0.00194334 -0.00221857
-0.0501163 0.144437 1.19961 -0.0221749 0.00201797 -0.00221535
-0.0517786 0.214419 1.12788 -0.0212921 0.00289261 -0.00234773
-0.0511117 0.186796 1.14687 -0.0208984 0.00242491 -0.00214342
-0.0368394 0.149655 1.17709 -0.0225237 0.00302502 -0.002257
-0.0387681 0.172895 1.11165 -0.0214492 0.00301629 -0.00222889
-0.0334806 0.170192 1.16599 -0.021357 0.00302429 -0.0021222
-0.0486827 0.12572 1.16581 -0.022909 0.00267649 -0.00236232
-0.0511609 0.169861 1.11725 -0.022177 0.0030434 -0.00241975
-0.0377602 0.174876 1.15963 -0.0217491 0.00306488 -0.00243591
-0.0402512 0.165535 1.16434 -0.0221666 0.00294806 -0.00243493
-0.0190006 0.190499 1.13353 -0.0219084 0.00350023 -0.00217516
-0.00568725 0.166724 1.19196 -0.0215461 0.00192514 -0.00154403
-0.00953117 0.152868 1.18806 -0.0221679 0.00161261 -0.0016877
-0.022421 0.152181 1.1453 -0.02284 0.00124962 -0.00183734
-0.0292001 0.187946 1.15654 -0.0218719 0.00249134 -0.00213689
-0.0260302 0.150116 1.19786 -0.0227257 0.00183682 -0.00206109
-0.0298062 0.134526 1.14018 -0.0228659 0.00163125 -0.00204169
-0.0303753 0.183339 1.19112 -0.0224189 0.00217786 -0.00202658
-0.0262083 0.149817 1.21276 -0.0228005 0.00196507 -0.00201638
-0.0323207 0.141501 1.14413 -0.0225741 0.00224823 -0.00212
-0.0167168 0.18414 1.14507 -0.0221185 0.00254252 -0.00215952
-0.034257 0.110879 1.21029 -0.0224398 0.00126138 -0.00198592
-0.0404418 0.150789 1.18774 -0.0223898 0.00144322 -0.00190643
-0.0303905 0.217716 1.10117 -0.0209296 0.00136802 -0.00196555
-0.0353872 0.187501 1.1598 -0.0222 0.0015608 -0.00200119
-0.0371356 0.140067 1.13375 -0.022483 0.00157876 -0.00209036
-0.0332489 0.151514 1.1699 -0.0223654 0.00143885 -0.00207759
-0.0422101 0.114306 1.19388 -0.0229039 0.0012308 -0.00216826
-0.0525248 0.129446 1.19422 -0.0236401 0.00114374 -0.00217492
-0.0387762 0.188396 1.14926 -0.0223903 0.00148342 -0.00224108
-0.0307784 0.178994 1.17723 -0.0222128 0.00172373 -0.00216363
-0.0335237 0.147938 1.21747 -0.0231727 0.00135585 -0.00217702
-0.0381324 0.121204 1.13124 -0.0232623 0.00160249 -0.00209946
-0.0318776 0.15097 1.12898 -0.0221189 0.00171871 -0.00207026
-0.0335969 0.139467 1.17023 -0.0224977 0.00152659 -0.00212347
-0.0357906 0.114044 1.12766 -0.0221728 0.00147249 -0.00222611
-0.0350213 0.14992 1.15942 -0.0226712 0.00147747 -0.00224346
-0.0357927 0.126706 1.17852 -0.0226428 0.00126718 -0.00224009
-0.0331702 0.150764 1.16543 -0.0226745 0.00139245 -0.00212422
-0.0333871 0.151012 1.18835 -0.0226395 0.00158717 -0.00214476
-0.0373768 0.109607 1.18562 -0.0230446 0.00118343 -0.00224901
-0.0361486 0.180606 1.12547 -0.0219406 0.00152791 -0.00226069
-0.0271564 0.176514 1.15143 -0.0222274 0.00171871 -0.00221189
-0.0319188 0.129811 1.19585 -0.0227635 0.00148309 -0.0021453
-0.0312766 0.121215 1.15097 -0.0226773 0.00140731 -0.00220246
-0.0330528 0.192226 1.12849 -0.0217409 0.00131128 -0.00219024
-0.0327723 0.150816 1.18886 -0.0229973 0.00113223 -0.00209995
-0.0461816 0.113855 1.14786 -0.0232778 0.00129044 -0.00221151
-0.0330053 0.166619 1.1473 -0.0226449 0.00138723 -0.00203637
-0.0314487 0.124038 1.18682 -0.0234335 0.00127563 -0.00220621
-0.0323258 0.140586 1.17999 -0.0240854 0.00130953 -0.00222938
-0.0314014 0.163907 1.16345 -0.0228078 0.00131785 -0.0021714
-0.0317977 0.152534 1.17416 -0.0226507 0.001537 -0.00220368
-0.0345517 0.132452 1.19133 -0.0230544 0.00134322 -0.00248947
-0.0672491 0.0728846 1.08554 -0.02039 0.00130738 -0.00265538
-0.071394 0.16064 0.989856 -0.017606 -0.00121289 -0.00257681
-0.044844 0.198942 1.10293 -0.0191696 -0.00012729 -0.00211388
-0.0465504 0.162909 1.14594 -0.0211276 0.00027581 -0.00237841
-0.0501539 0.120478 1.16391 -0.0232162 -8.757e-05 -0.00253103
-0.0475998 0.167156 1.1646 -0.0224762 0.00027644 -0.00251756
-0.0544434 0.11226 1.19656 -0.0236749 -0.00035531 -0.0023966
-0.0608576 0.119931 1.17235 -0.0236487 -0.00044189 -0.00248935
-0.0464693 0.176836 1.17408 -0.0231612 -0.00015618 -0.00244909
-0.0433245 0.159771 1.18356 -0.0228353 0.00034538 -0.00246534
-0.0471596 0.134784 1.20267 -0.0230019 6.23e-05 -0.00253746
-0.0580928 0.100383 1.18691 -0.0239076 -0.00084707 -0.00221589
-0.046671 0.153243 1.12894 -0.0230561 -0.00027163 -0.00208107
-0.0403958 0.137757 1.1451 -0.0226387 0.00010911 -0.00227754
-0.0463206 0.139394 1.149 -0.0224768 6.869e-05 -0.0023119
-0.0346943 0.0886278 1.13947 -0.023748 8.956e-05 -0.00214218
-0.0321453 0.127863 1.12764 -0.0230565 0.0001256 -0.00222071
-0.0264598 0.130434 1.16411 -0.0231002 5.68e-06 -0.00214075
-0.0472054 0.10998 1.23294 -0.0237789 -0.00015172 -0.00226182
-0.0382419 0.111696 1.25436 -0.0245139 0.00025435 -0.00200982
-0.0373161 0.199245 1.17116 -0.0235618 0.00019277 -0.00218832
-0.0364281 0.180523 1.17706 -0.0228655 0.00042631 -0.00221344
-0.0366143 0.143009 1.1974 -0.0227586 0.00036506 -0.00226454
-0.0486623 0.112426 1.20255 -0.0233304 0.00012424 -0.00212432
-0.0423041 0.194802 1.13422 -0.0218391 0.00017106 -0.00217364
-0.0395853 0.156812 1.1979 -0.0227398 -0.00010546 -0.00207471
-0.0358596 0.129445 1.20231 -0.0228247 -1.258e-05 -0.0021355
-0.0389344 0.0870916 1.20321 -0.0241254 -4.611e-05 -0.00222639
-0.0301455 0.145205 1.16959 -0.0234232 0.00015441 -0.00231534
-0.0372634 0.138685 1.17833 -0.0226542 0.00037077 -0.00227196
-0.0461848 0.106661 1.21069 -0.0241333 -0.00026949 -0.00222742
-0.0547429 0.158215 1.1581 -0.0231974 -0.00016802 -0.00237133
-0.034286 0.173831 1.17339 -0.0227107 0.00070868 -0.00235463
-0.0468421 0.133287 1.19952 -0.0228452 0.00044068 -0.0023206
-0.0603484 0.149609 1.16464 -0.0226781 0.00028388 -0.0024171
-0.0406 0.186587 1.1619 -0.0223927 0.00045206 -0.00234865
-0.0444381 0.156881 1.17014 -0.0222998 0.00052492 -0.00238637
-0.0425421 0.11878 1.2031 -0.0235363 3.747e-05 -0.00234601
-0.0462982 0.103617 1.13399 -0.0236198 0.00037129 -0.00251306
-0.03596 0.147956 1.18343 -0.0233768 0.00069929 -0.00249341
-0.0453135 0.116154 1.22262 -0.0243217 0.00045577 -0.00254943
-0.0414128 0.132958 1.15769 -0.023881 0.00073253 -0.00264173
-0.0377733 0.159419 1.19491 -0.0235963 0.00041255 -0.00241691
-0.0376894 0.14357 1.19519 -0.0235123 0.00065509 -0.00242071
-0.0289919 0.153618 1.15972 -0.023246 0.00149957 -0.00239317
-0.0514361 0.109191 1.25022 -0.0243461 -0.00038724 -0.00236114
-0.0543261 0.143375 1.16813 -0.0230071 -0.00029699 -0.00246279
-0.0493697 0.203942 1.15485 -0.0217704 0.00020593 -0.00252345
-0.0461093 0.162729 1.19806 -0.0229026 0.00024789 -0.00248644
-0.0498787 0.128745 1.18058 -0.0234017 -0.00015042 -0.00285789
-0.0417751 0.181558 1.17597 -0.022632 0.00031976 -0.00279437
-0.0452058 0.123433 1.23566 -0.0241903 -0.00038398 -0.00265478
-0.0599099 0.120588 1.17046 -0.0229689 -0.00038333 -0.00282121
-0.0473261 0.203255 1.15859 -0.022224 -0.00025295 -0.00269635
-0.0414859 0.181039 1.17853 -0.0219759 0.00022829 -0.00253677
-0.0362769 0.158837 1.20242 -0.0224973 0.00080059 -0.00271313
-0.0553466 0.0976901 1.21595 -0.0236894 -0.00021206 -0.00270979
-0.0526275 0.198606 1.17691 -0.022429 2.187e-05 -0.00282821
-0.0465398 0.178406 1.19961 -0.0223413 -6.449e-05 -0.00279101
-0.0467882 0.165861 1.20112 -0.0221646 0.00035246 -0.00282876
-0.0458037 0.121796 1.22047 -0.0245254 -0.00024143 -0.00272985
-0.0452639 0.15566 1.19689 -0.0238773 -0.00023886 -0.0025572
-0.0375263 0.130797 1.22444 -0.0242498 -0.00017997 -0.00254425
-0.0431713 0.118843 1.22114 -0.024468 -0.00023886 -0.00272658
-0.0373883 0.15978 1.18179 -0.0241004 -2.491e-05 -0.00291558
-0.0368748 0.166805 1.2138 -0.0242868 1.61e-06 -0.00291243
-0.0287321 0.150821 1.225 -0.0239522 0.00026835 -0.00288325
-0.0480811 0.145394 1.25293 -0.0235198 -0.00023316 -0.00317335
-0.0548627 0.132857 1.26783 -0.0242184 -0.00018992 -0.00308616
-0.0504105 0.215375 1.18694 -0.0227613 0.00021128 -0.00278895
-0.0455662 0.166479 1.22603 -0.0236136 -0.00030412 -0.00281331
-0.050044 0.144604 1.24122 -0.0241844 -0.00016604 -0.00279427
-0.0455824 0.120338 1.19342 -0.0239312 0.0002251 -0.00290801
-0.0423474 0.192296 1.16217 -0.0226954 0.00073252 -0.00298592
-0.0409875 0.162876 1.19731 -0.0229707 0.00060055 -0.00282823
-0.0454444 0.140979 1.21387 -0.0231994 0.00027535 -0.00279375
-0.0446565 0.118775 1.2459 -0.0239755 -4.07e-06 -0.00267686
-0.0409376 0.123517 1.26927 -0.0244843 5.013e-05 -0.00270698
-0.0419807 0.208295 1.21509 -0.0235581 0.00019857 -0.00279886
-0.0464693 0.200061 1.20681 -0.0229691 0.0005407 -0.00294807
-0.04335 0.187177 1.21086 -0.0231031 0.00047599 -0.00299319
-0.055095 0.138491 1.24982 -0.0242233 0.00020221 -0.00295256
-0.0572141 0.154329 1.25273 -0.0241725 0.00028088 -0.0029437
-0.0424051 0.212152 1.18676 -0.0229041 0.00062172 -0.0029514
-0.042386 0.162216 1.21774 -0.0232402 0.00063833 -0.00277201
-0.0452561 0.117926 1.26 -0.0242381 0.0002082 -0.00290833
-0.0471624 0.15905 1.21095 -0.0236901 0.00026769 -0.00294245
-0.0464912 0.173473 1.20583 -0.0230602 0.00040934 -0.00289227
-0.0485628 0.147113 1.23611 -0.023563 0.00039976 -0.00284835
-0.0521681 0.109725 1.26268 -0.0244432 6.887e-05 -0.00283199
-0.0562117 0.199232 1.23358 -0.0239148 0.00025591 -0.00296796
-0.0479089 0.191466 1.22641 -0.0235834 0.00025591 -0.00286945
-0.0504498 0.161883 1.23484 -0.0236827 0.00041704 -0.00279831
-0.0391147 0.142653 1.25141 -0.0235515 -0.00040071 -0.00280269
-0.0460465 0.158678 1.147 -0.0216983 -0.00011713 -0.00283651
-0.0415754 0.168645 1.19836 -0.0225667 5.106e-05 -0.00258673
-0.038845 0.128279 1.21441 -0.0231843 6.265e-05 -0.00278994
-0.0436976 0.147568 1.19586 -0.0234869 1.211e-05 -0.00289751
-0.0387909 0.141228 1.2315 -0.0238444 -0.00015338 -0.0026536
-0.0383803 0.101951 1.23233 -0.0245798 -0.0001981 -0.00278236
-0.0412341 0.161877 1.20052 -0.0237431 -0.00022 -0.00277314
-0.0346525 0.18108 1.19965 -0.0232558 0.000307 -0.00285382
-0.0328321 0.14443 1.23123 -0.023358 -0.00011265 -0.00270757
-0.0343927 0.12773 1.20468 -0.0237431 -0.00057103 -0.00254491
-0.045966 0.205098 1.20276 -0.0228013 -0.00022724 -0.0025821
-0.0469322 0.180196 1.19897 -0.0224017 -0.00012358 -0.00248848
-0.0430368 0.115535 1.32897 -0.0243811 -0.00073533 -0.00245251
-0.0434951 0.128693 1.17514 -0.0228425 -0.00019371 -0.00263638
-0.0395944 0.138755 1.22962 -0.0236726 -0.00044176 -0.0024843
-0.0573574 0.0925091 1.20528 -0.0237087 -0.00066311 -0.00292486
-0.0517759 0.144366 1.2306 -0.0244584 -0.00082775 -0.00290369
-0.0430092 0.188844 1.22913 -0.0238074 -0.00075528 -0.00269421
-0.0418973 0.147892 1.2418 -0.0239058 -0.00039455 -0.00275872
-0.0525842 0.113311 1.25751 -0.0238383 -0.00055286 -0.00283344
-0.0535248 0.138934 1.23604 -0.0243424 -0.00111511 -0.00270599
-0.0380207 0.178737 1.23372 -0.023589 -0.00035715 -0.00275331
-0.0416742 0.132776 1.25173 -0.0239389 -0.00035715 -0.00273684
-0.0451275 0.0970544 1.22289 -0.0242879 -0.00093804 -0.00260284
-0.0422438 0.173075 1.21242 -0.0242305 -0.00093804 -0.00278312
-0.0425062 0.142234 1.24737 -0.0242305 -0.00040953 -0.00284892
-0.0496362 0.0982327 1.2364 -0.0248564 -0.00082124 -0.00283304
-0.0463922 0.143745 1.21338 -0.0242596 -0.00091442 -0.00295251
-0.0362691 0.127992 1.23809 -0.0242731 -0.00074728 -0.00267103
-0.0388623 0.0927884 1.23744 -0.0241859 -0.0004156 -0.00289887
-0.0613202 0.0819981 1.22111 -0.0247004 -0.0012017 -0.00286386
-0.0388651 0.180796 1.20911 -0.0238951 -0.00163203 -0.00317501
-0.0518799 0.063172 1.13217 -0.0245744 -0.00046119 -0.0025888
-0.0568118 0.122376 1.12261 -0.0221906 0.00061246 -0.00254478
-0.0423319 0.17014 1.19136 -0.0221405 0.00109129 -0.00245293
-0.0325128 0.143963 1.22488 -0.0226267 0.00118217 -0.00234683
-0.0465689 0.09224 1.24637 -0.0228428 0.00147989 -0.00249508
-0.0393233 0.181551 1.18666 -0.0218841 0.00147989 -0.00254398
-0.0284525 0.16149 1.19491 -0.021922 0.00147989 -0.00237388
-0.0189544 0.118509 1.26097 -0.023031 0.00085916 -0.00207556
-0.0259718 0.0901295 1.25848 -0.023767 0.00069326 -0.0020187
-0.0186427 0.144247 1.27946 -0.0230803 0.00298514 -0.00198784
-0.045018 0.0972778 1.20761 -0.0222816 0.00163452 -0.0021658
-0.0361729 0.162165 1.11902 -0.0215174 0.00156235 -0.00236764
-0.0320969 0.154315 1.20228 -0.0228378 0.00122094 -0.00208521
-0.0318526 0.116083 1.19345 -0.023381 0.00152683 -0.0021699
-0.0288626 0.111284 1.20224 -0.0234498 0.00157831 -0.00225314
-0.0317945 0.0897478 1.24533 -0.0244273 0.00137915 -0.00215144
-0.0447535 0.0878259 1.22857 -0.0242539 0.00128101 -0.00238433
-0.0348947 0.14746 1.20095 -0.0236194 0.00136156 -0.00228253
-0.0331192 0.130996 1.22767 -0.0237911 0.00139559 -0.00220563
-0.0339101 0.110191 1.20898 -0.0226675 0.00193305 -0.00263075
-0.0435402 0.0770373 1.26854 -0.0243611 0.00088065 -0.00229564
-0.039657 0.140586 1.22934 -0.0241613 0.00128101 -0.00244479
-0.0503991 0.142669 1.20497 -0.0232903 0.00152014 -0.00237767
-0.0453612 0.13222 1.19679 -0.0232294 0.0014462 -0.00238461
-0.0379688 0.108546 1.23912 -0.0242097 0.00129729 -0.00226097
-0.037434 0.0828313 1.23454 -0.0244725 0.001075 -0.00213948
-0.0350634 0.124602 1.22904 -0.0243358 0.00128672 -0.00223919
-0.038649 0.106327 1.23703 -0.0243775 0.00143357 -0.00223027
-0.0434539 0.0810357 1.2332 -0.0252268 0.00089004 -0.00217338
-0.0459742 0.155587 1.20134 -0.0243818 0.00112344 -0.00232681
-0.040193 0.146661 1.19415 -0.0238705 0.00182108 -0.00232577
-0.0418632 0.107723 1.22346 -0.0238546 0.0017482 -0.00234192
-0.0463333 0.108176 1.18612 -0.0237559 0.00159294 -0.00240363
-0.0339647 0.13943 1.20822 -0.0235773 0.00134948 -0.00238106
-0.0386348 0.115269 1.19679 -0.0234699 0.00142066 -0.00232206
-0.034693 0.0987458 1.24047 -0.0245392 0.00103761 -0.0020798
-0.0280326 0.0864969 1.24872 -0.0247272 0.00110673 -0.00204416
-0.0326609 0.135866 1.19752 -0.023322 0.00133182 -0.00238696
-0.0312683 0.115577 1.26024 -0.0242165 0.00145635 -0.00223026
-0.034202 0.0945023 1.27121 -0.0250605 0.00151407 -0.00219612
-0.0427655 0.1543 1.20632 -0.023806 0.00169163 -0.00232259
-0.0335349 0.140977 1.23387 -0.0240921 0.00145012 -0.00238455
-0.0309749 0.119623 1.26561 -0.0246745 0.00120989 -0.00210383
-0.0343602 0.109174 1.20992 -0.0240281 0.00207733 -0.00226888
-0.0515217 0.150744 1.22758 -0.0231947 0.0026618 -0.00264023
-0.0391264 0.1341 1.25784 -0.0239396 0.00231846 -0.00245603
-0.0454017 0.0995469 1.26216 -0.0243856 0.00161276 -0.00221212
-0.0443251 0.112304 1.21388 -0.0245673 0.00087048 -0.00226368
-0.0389701 0.122986 1.24408 -0.0245673 0.00137738 -0.00226313
-0.0324967 0.0763192 1.24633 -0.0257025 0.00131216 -0.00212288
-0.0338163 0.104687 1.19843 -0.0250176 0.00147873 -0.00218593
-0.0281017 0.106159 1.24385 -0.024926 0.00131216 -0.00211657
-0.0337542 0.0824705 1.27401 -0.0260257 0.0010526 -0.00205109
-0.0319364 0.0685292 1.22322 -0.0259277 0.00131216 -0.00211683
-0.042081 0.11053 1.1905 -0.0248118 0.00194207 -0.00239059
-0.0370401 0.11629 1.20067 -0.0251079 0.00123396 -0.00231756
-0.0310148 0.120571 1.25305 -0.0252738 0.00105978 -0.00216213
-0.0367632 0.0988724 1.24737 -0.0250806 0.00125003 -0.0021757
-0.0357475 0.0622135 1.24242 -0.0259095 0.00115147 -0.00227158
-0.0432172 0.0885802 1.20332 -0.0245343 0.00131216 -0.00227008
-0.0411619 0.069651 1.25138 -0.0249773 0.0015564 -0.00229088
-0.0427511 0.075069 1.23277 -0.026178 0.00086987 -0.00236508
-0.0374209 0.12766 1.24759 -0.0253689 0.00121952 -0.00212156
-0.0369405 0.0976537 1.26373 -0.0254072 0.00150657 -0.00214393
-0.0425117 0.100536 1.2721 -0.0254073 0.00131216 -0.00218578
-0.0420746 0.103104 1.21798 -0.0249496 0.00131216 -0.00213478
-0.0425515 0.142938 1.24975 -0.0247713 0.00131216 -0.00205525
-0.0480224 0.0806846 1.29844 -0.0261914 0.00090144 -0.00196696
-0.051396 0.139359 1.23967 -0.0253411 0.00164051 -0.00235451
-0.05057 0.126329 1.24418 -0.024467 0.00156569 -0.00228257
-0.0459622 0.0884432 1.24943 -0.0248507 0.00131216 -0.00213837
-0.0478066 0.0346938 1.3078 -0.0258277 0.00083143 -0.0020363
-0.0474574 0.0838567 1.21335 -0.0250214 0.00131216 -0.00212773
-0.0378518 0.0802273 1.26415 -0.0254202 0.00131216 -0.00205037
-0.0467447 0.0494729 1.25156 -0.0257751 0.00208201 -0.00205195
-0.0623426 0.0901045 1.18605 -0.0260193 0.0023022 -0.00241767
-0.0694964 0.137725 1.1449 -0.0254393 0.00239401 -0.00257531
-0.0529039 0.196856 1.09075 -0.0237832 0.00190478 -0.00222393
-0.0521417 0.138767 1.19335 -0.0237274 0.00125534 -0.00207829
-0.0485903 0.0825296 1.23071 -0.0246221 0.00144578 -0.00216613
-0.0454498 0.0530831 1.24397 -0.0244785 0.00101225 -0.00217689
-0.038322 0.0483295 1.24977 -0.024375 0.00097773 -0.00215112
-0.0395081 0.0348913 1.28695 -0.025028 0.00093702 -0.0021435
-0.038647 0.0248472 1.31597 -0.0254997 0.00115743 -0.00204675
-0.0375056 0.157767 1.24383 -0.0243444 0.00134752 -0.00218095
-0.0393869 0.148552 1.26513 -0.0238836 0.00099526 -0.00204674
-0.0406867 0.11558 1.3253 -0.0249857 0.00110734 -0.0020011
-0.0442844 0.183078 1.20272 -0.0229957 0.00127539 -0.0020996
-0.0374879 0.164598 1.21086 -0.022356 0.0013767 -0.00197965
-0.0566622 0.157596 1.09978 -0.0155569 0.00146592 -0.00204681
-0.0636221 0.121219 1.095 -0.0146194 0.00058565 -0.00203452
-0.0421112 0.125239 1.13475 -0.0168248 0.00127749 -0.00205914
-0.0460939 0.143457 1.21242 -0.0176947 0.00090663 -0.00207145
-0.0555986 0.12485 1.17674 -0.017426 0.00072997 -0.00209171
-0.0529877 0.207156 1.10625 -0.0164548 0.00072997 -0.00209146
-0.0538106 0.196981 1.14907 -0.0162914 0.00131665 -0.00207869
-0.0516368 0.202225 1.15408 -0.0159943 0.00113865 -0.00207216
-0.0565244 0.172926 1.19987 -0.0172578 0.00092249 -0.00210759
-0.0565387 0.189963 1.16151 -0.0173515 0.00070295 -0.00203754
-0.0476491 0.223058 1.1392 -0.0169749 0.00093828 -0.00229378
-0.0537315 0.153044 1.21038 -0.0179253 0.00054695 -0.00194291
-0.0507111 0.181376 1.1534 -0.0176236 0.00099468 -0.00191765
-0.0454799 0.223993 1.07718 -0.0165388 0.0009387 -0.0021521
-0.0419294 0.178168 1.10106 -0.0163731 0.00084798 -0.0019367
-0.0419789 0.160877 1.11755 -0.0163754 0.00097182 -0.00192043
-0.0349969 0.125422 1.18201 -0.0177476 0.00063182 -0.0021521
-0.0424361 0.127867 1.1664 -0.0177436 0.00063182 -0.00204467
-0.0509012 0.211287 1.08095 -0.0167501 0.00093533 -0.00220221
-0.0399353 0.197845 1.13254 -0.0165902 0.00095902 -0.00196018
-0.0249531 0.190085 1.12892 -0.016693 0.00155335 -0.00197728
-0.0377252 0.164833 1.19227 -0.0173921 0.00124095 -0.00208067
-0.0394753 0.184924 1.18257 -0.0179559 0.00100438 -0.00199438
-0.03963 0.233736 1.07783 -0.0164088 0.00136306 -0.00212337
-0.0357059 0.184206 1.10403 -0.0166937 0.00127836 -0.00206528
-0.0357121 0.149033 1.07159 -0.0174678 0.00126366 -0.00216301
-0.027577 0.144179 1.128 -0.0177632 0.00135881 -0.00205134
-0.0255796 0.145396 1.13033 -0.0173558 0.00168465 -0.00208158
-0.0250132 0.124423 1.16669 -0.0191276 0.00132465 -0.00185835
-0.0395534 0.209808 1.09755 -0.0177266 0.00183512 -0.00219717
-0.0310046 0.196131 1.12069 -0.0172381 0.00183512 -0.00213469
-0.0296679 0.166266 1.1769 -0.0178575 0.00183512 -0.00225492
-0.0559507 0.148925 1.20125 -0.0185756 0.00183512 -0.00208263
-0.0559219 0.217972 1.09749 -0.0170841 0.00170584 -0.00227174
-0.0493389 0.18651 1.11019 -0.0168968 0.00162022 -0.00221979
-0.0374469 0.15868 1.15473 -0.0180242 0.0013904 -0.00199971
-0.0498993 0.148165 1.1391 -0.0182709 0.00168654 -0.00220749
-0.0421795 0.176689 1.13516 -0.0173554 0.00164352 -0.00235521
-0.046793 0.162291 1.13723 -0.0174612 0.00206124 -0.00232809
-0.0556433 0.130095 1.16276 -0.0180479 0.00232884 -0.00266105
-0.0655719 0.177556 1.10193 -0.0173923 0.00270927 -0.00274106
-0.0593284 0.198396 1.14273 -0.0169645 0.00287037 -0.00280511
-0.0470754 0.169889 1.17716 -0.0175381 0.00271617 -0.00256198
-0.0587478 0.147672 1.18325 -0.0182473 0.00251343 -0.00237884
-0.0551782 0.207738 1.08494 -0.0171792 0.00235552 -0.0025098
-0.0529727 0.184222 1.12181 -0.0167876 0.00250285 -0.00239075
-0.054446 0.173613 1.12123 -0.0167872 0.00236792 -0.00248814
-0.0441921 0.144679 1.24043 -0.01791 0.00211051 -0.00211974
-0.0435753 0.169038 1.21441 -0.0174138 0.00211051 -0.00221816
-0.0385873 0.180695 1.12061 -0.0168226 0.00211051 -0.00234711
-0.0333518 0.154934 1.16081 -0.0173744 0.00211051 -0.00212999
-0.0436078 0.13503 1.23259 -0.0181435 0.0018855 -0.00211232
-0.0490882 0.204232 1.1109 -0.0169969 0.00187852 -0.00219063
-0.0483658 0.195514 1.14756 -0.0167053 0.00200481 -0.00215502
-0.047678 0.187312 1.14529 -0.0168832 0.00211051 -0.00222235
-0.0461336 0.18572 1.16381 -0.0169814 0.00211051 -0.0021866
-0.0518714 0.145945 1.20172 -0.0181705 0.00225638 -0.00230483
-0.0518547 0.21155 1.13968 -0.0173858 0.00211051 -0.00246611
-0.0536333 0.211814 1.14823 -0.0169597 0.00211051 -0.00238865
-0.0621913 0.163432 1.19146 -0.017659 0.00220383 -0.002512
-0.0587555 0.19511 1.12371 -0.0170314 0.00211051 -0.00257506
-0.0491997 0.197158 1.14388 -0.0171402 0.00211051 -0.00244923
-0.0518622 0.180453 1.14773 -0.0169959 0.00222697 -0.00223702
-0.058046 0.153602 1.16075 -0.0177171 0.00251015 -0.00243856
-0.0612435 0.142047 1.16955 -0.0179201 0.00221382 -0.00243077
-0.0582167 0.217064 1.11126 -0.0173378 0.00211051 -0.00248441
-0.045173 0.199584 1.12762 -0.0170618 0.00230706 -0.00235953
-0.0441309 0.181811 1.1365 -0.0169587 0.00246571 -0.00232488
-0.0569838 0.158739 1.15045 -0.0176095 0.00211051 -0.0024844
-0.0560994 0.203674 1.11183 -0.0169508 0.00202692 -0.00243901
-0.0600507 0.169707 1.1682 -0.0170715 0.00231319 -0.00247079
-0.0570118 0.139079 1.19117 -0.0183066 0.00273291 -0.00247951
-0.0642502 0.227401 1.1034 -0.0170482 0.0022424 -0.00261514
