0 0 0.224906 0 0 0
0 0 0.207061 0 0 0
0 0.0239069 0.227636 0.00052987 0 0
-0.00031925 -0.00398866 0.231497 0.00020971 2.162e-05 -0.00022527
2.5e-07 0.0667181 0.188817 3.037e-05 3.061e-05 -5.042e-05
0.00013013 0.0348792 0.183998 0.00049553 0.00019279 0
2.39e-06 0.00601208 0.235047 -0.00018095 1.698e-05 0
1.473e-05 0.0572496 0.194054 -0.00030971 -1.99e-06 0
1.595e-05 0.0645668 0.241247 -0.00096067 -3e-08 0
-1.461e-05 0.0156849 0.25407 -0.00049213 -2.959e-05 0
-0.0128548 0.00612696 0.25888 -0.00031631 -0.00043284 0
-0.00145043 0.0854058 0.246193 -0.0007831 -6.277e-05 -0.00022335
-0.00278979 0.0586007 0.26095 -0.00108415 0.00024382 0
0.00464618 0.00714818 0.275736 -0.00022394 0.00044884 0
-0.00117366 0.00715576 0.264081 -0.00021005 0.00018693 0
0.00084795 0.0834629 0.224125 -0.00026444 0.000329 0
-0.0035528 0.0208755 0.213832 -0.00011996 0.00037729 0
-0.00692091 0.00189907 0.260786 -0.00018752 0.00029117 0
-0.00623732 0.0575155 0.263302 -0.00104649 0.00033175 0.00014767
-0.0162328 0.0486292 0.205869 0.0005121 0.00045218 0.00032177
-0.0115879 0.00654835 0.185379 -0.00025973 0.00012033 0.00017586
-0.00188869 0.0672795 0.175037 -0.00101173 5.455e-05 -8.726e-05
-0.00419944 0.0493629 0.17346 -0.00071731 5.622e-05 4.116e-05
-0.00357911 0.00824602 0.197722 -0.00032606 0.00011754 -5.73e-06
-0.0103965 0.0447804 0.126575 0.00049914 0.00039409 0.00016998
-0.00765686 0.0190522 0.200148 -0.00052002 0.00021406 7.598e-05
-0.0238628 0.00121446 0.0783745 -0.00031876 -0.00060611 7.816e-05
-0.00693898 0.0276379 0.147676 -0.00040111 -5.911e-05 2.575e-05
-0.0192411 0.0011992 0.228395 -0.00013436 -0.00031133 -0.00014476
-0.00710979 0.0985049 0.214433 0.00051678 -0.00010316 -0.00015866
-0.0389571 0.0439023 0.325995 -0.00085746 -0.00097773 -0.00024049
-0.0303997 -0.013288 0.0782335 0.00090438 -0.00063193 -0.00039635
-0.00509404 0.0293624 0.25566 -0.00056229 -1.371e-05 -9.13e-05
-0.00640462 0.0295383 0.214805 -0.00082249 0.00013402 -0.00020331
-0.0157771 0.0120839 -0.00849127 -9.681e-05 -0.00016423 0.00017566
-0.0165915 0.00478338 0.0200196 0.00015934 -0.00015964 0.00012176
-0.0106411 -0.00098397 0.0241301 0.00013638 -8.334e-05 4.227e-05
-0.00633529 0.0108502 0.198081 -0.00036857 0.00032628 -0.00019641
-0.00369722 -0.00424291 0.0875181 0.00017571 -0.00011741 -0.00013049
-0.00346997 0.0172667 0.169634 0.00014508 0.00052536 -1.262e-05
-0.00331759 0.0169511 0.198983 -0.0003679 0.00011238 1.966e-05
-0.0471753 0.00872301 0.164474 -0.00041265 -0.00106641 -5.363e-05
-0.0492124 0.0504482 0.272908 -0.00137116 -0.00129773 8.388e-05
-0.0443983 0.00974112 0.0842129 -0.00013254 -0.0007826 -9.97e-06
-0.0428189 0.015049 0.0979997 -0.00033539 -0.00072393 -0.00028243
-0.0415785 0.0204262 0.108851 -0.00046236 -0.00030243 -3.031e-05
-0.0352117 0.0159548 -0.0033756 -0.00068617 -0.00032577 -1.011e-05
-0.0392325 -0.00017805 0.0506435 -5.776e-05 -0.0003367 -6.456e-05
-0.0437907 -0.00459388 0.0949767 -5.776e-05 -0.00062214 -0.00015204
-0.050055 -0.00188653 0.0857021 -4.356e-05 -0.00102365 -7.716e-05
-0.0270454 0.0494637 0.150931 -0.00084688 -0.00017173 -0.0001665
-0.0185698 0.055678 0.141309 -0.00109834 -4.4e-05 -5.776e-05
-0.027028 0.0203624 0.112558 -0.0005108 -0.00041634 1.318e-05
-0.0137597 0.118809 0.118109 -0.00130295 0.00011439 -0.00029525
-0.0404699 0.0881798 -0.0911188 -0.00143776 -0.00049513 -0.00053404
-0.0500905 -0.0226999 0.0117711 -0.00044086 -0.00019663 -0.00075329
-0.0531447 -0.0351939 0.0827394 -0.00037544 -0.00036379 -0.00082429
-0.0359423 -0.00065397 0.0716769 -0.00012471 -2.99e-05 -0.00032493
-0.0604388 -0.01854 0.0168748 -0.00098339 -0.0010778 -0.00049824
-0.0559735 0.0160098 0.142188 -0.00044086 -0.00029992 0.00013261
-0.0451499 0.0159734 0.149057 -0.00044086 -0.00062786 5.219e-05
-0.0458628 0.0158709 0.0961 -0.00044086 -0.00079004 -0.00019105
-0.0467281 0.102199 0.120306 -0.00232666 -0.00063031 -0.00032017
-0.034664 0.0601538 0.126584 -0.00125345 -7.878e-05 4.84e-06
-0.0386119 0.0353132 0.127739 -0.00085137 -0.00028492 -3.5e-07
-0.0475804 0.0125605 0.119162 -0.00054063 -0.00078826 -0.00025913
-0.0210704 0.0576906 0.11882 -0.00091657 0.00030631 -0.0002439
-0.0220207 0.00287251 0.0804953 -0.0007048 -0.00039224 -0.00010678
-0.0400286 0.00498041 0.129087 -0.00075279 -0.00058686 -0.00010678
-0.0416579 0.0119987 0.0906316 -0.00044695 -0.00012617 -0.00010678
-0.0547653 -0.00728551 0.0925715 -0.00016119 -0.00045354 -0.00032454
-0.0588783 0.00515123 0.00154576 -7.11e-05 -0.0002894 -0.00038508
-0.0483254 0.0171117 0.0290743 1.936e-05 -0.00028975 -0.00057278
-0.0430972 0.0147939 0.0609237 -0.00030635 1.151e-05 -0.00033511
-0.0444521 0.0525486 0.074055 -0.00095338 -0.00023932 -0.00033765
-0.046205 0.0560755 0.0376985 -0.00029111 -0.00016053 -0.00072474
-0.0555664 0.00847422 0.0617588 -0.00015294 -0.00016119 -0.00064936
-0.05192 0.00301182 0.0255151 0.00029293 -0.00034798 -0.00062153
-0.0615589 -0.00411901 0.0417283 0.00024783 -0.00059594 -0.00074005
-0.0497436 0.054174 -0.0335986 -0.00080376 -0.00052466 -0.00081066
-0.0423184 0.0191649 0.0122257 0.00025154 -6.463e-05 -0.00065616
-0.0429042 0.00465566 0.0238634 0.00037242 -3.093e-05 -0.00070412
-0.0900019 -0.0321903 -0.0408835 1.635e-05 -0.00138424 -0.00098917
-0.0857828 -0.00900754 0.0310445 0.00062111 -0.00029387 -0.00097988
-0.0830789 -0.00889024 0.018252 0.00053181 -0.00029282 -0.00087168
-0.0842567 -0.0494415 0.0952613 0.0004971 -0.00091802 -0.0012889
-0.0694966 0.0176506 0.0434702 0.00015153 -0.00083843 -0.0007849
-0.0680167 0.137414 0.0668005 0.00036809 -0.00039501 -0.00128268
-0.0763891 0.127418 0.10171 0.00088417 -0.00031377 -0.00074306
-0.067366 0.0729827 0.0946184 0.00060362 -0.00019279 -0.00058844
-0.0702054 0.0179161 0.0962388 0.00051186 -5.461e-05 -0.00051759
-0.0716319 0.00088791 -0.0277231 5.418e-05 -0.00041286 -0.00010678
-0.0733903 -0.0220596 0.031232 0.00088417 -0.00025246 -0.00059189
-0.0765853 -0.0121119 0.04864 0.00088417 -0.00010024 -0.00071566
-0.0769073 -0.0220856 0.0665862 0.00080378 -0.00032865 -0.00078537
-0.0626837 0.0020366 0.00930359 0.00040432 -0.0004119 -0.00060752
-0.0824084 -0.00493581 0.0503505 0.00041882 -0.00032316 -0.00080312
-0.102988 -0.0143118 0.109405 0.00029339 -0.00123092 -0.00102393
-0.0977157 0.0777256 0.0200694 -0.00011698 -0.00090194 -0.00099596
-0.0808807 0.12053 0.162349 0.00022936 -0.00014543 -0.00094427
-0.0942262 0.0682647 0.129469 0.00042726 -0.00083594 -0.00108889
-0.0841728 0.0470634 0.141609 0.00015908 -0.00082469 -0.00106733
-0.0951893 0.00219961 0.0272807 0.00012058 -0.00132346 -0.00044063
-0.0872628 -0.00604205 0.101115 0.00087374 -0.0006916 -0.00083712
-0.104081 -0.0265463 0.142636 0.00053011 -0.00120625 -0.00109749
-0.0871753 0.00974108 0.115643 0.00083637 -0.00113117 -0.00097962
-0.0688442 0.0526407 0.105852 0.00109474 -0.00043949 -0.0008397
-0.0868968 -0.0346596 0.0373427 0.00109128 -0.00103025 -0.00091053
-0.0798357 0.0335013 0.087942 0.00122567 -0.00076047 -0.00096006
-0.0628626 0.0687828 0.123083 0.00122567 -0.00029989 -0.00084572
-0.0855629 0.0056023 0.00602897 0.00038807 -0.00052593 -0.00041344
-0.0782258 0.0461807 0.0865632 0.00122567 -0.00076209 -0.0006173
-0.0796125 0.033154 0.0874261 0.00100635 -0.00055826 -0.00054839
-0.0607862 0.0108791 0.0472751 0.00066092 -0.0007984 -0.00055135
-0.0610936 0.00788152 0.0807408 0.00101353 -0.00053616 -0.00087127
-0.0805691 -0.0161784 0.121374 0.00073489 -0.00106484 -0.00092136
-0.0845993 0.00352729 0.109989 0.00057161 -0.00122898 -0.0009019
-0.0765114 0.0943085 0.0295182 0.00043179 -0.00087374 -0.00084432
-0.0840211 0.0416209 0.0854925 0.00060736 -0.00065522 -0.00079081
-0.0845831 0.00520559 0.121104 0.00052682 -0.00116177 -0.00092465
-0.0850867 0.0461079 0.157347 0.00032061 -0.00127989 -0.00117426
-0.0719732 0.111697 0.178812 0.00020414 -0.00073296 -0.00098283
-0.0780002 0.00703218 0.0371622 0.00039083 -0.00087521 -0.00071813
-0.0797686 0.0008852 0.00920608 0.00059212 -0.000716 -0.00087939
-0.0599218 0.0138575 0.0399613 0.00103702 -0.00028259 -0.00112458
-0.0522053 0.0293088 0.0301035 0.00087379 -0.0002704 -0.00107455
-0.0863641 -0.011594 -0.026447 3.57e-05 -0.00122704 -0.00053003
-0.0863598 -0.0431147 0.0503617 0.00064063 -0.00094549 -0.0007351
-0.0867934 -0.0504595 0.0911583 0.00064063 -0.00133765 -0.00087427
-0.0658556 0.0293708 0.0999448 0.00064063 -0.00065501 -0.00082739
-0.0924011 0.148436 -0.00516333 -0.00031454 -0.00049527 -0.00064936
-0.0927838 0.0409694 0.102928 0.00064063 -0.00085949 -0.00050344
-0.0972824 0.0409973 0.123305 0.00047322 -0.00078705 -0.00069173
-0.0855659 0.0212153 0.125757 0.00064063 -0.00100619 -0.00074744
-0.0824664 0.147711 0.00971768 0.00040906 -0.00071216 -0.00092234
-0.0672004 0.0358137 0.0870721 0.00112457 -0.00057987 -0.00063013
-0.0855426 -0.0150122 0.0950307 0.00106691 -0.00077111 -0.00088561
-0.0617346 0.0447547 0.122251 0.00099602 -5.946e-05 -0.00070972
-0.0540328 0.0238496 0.167003 0.0008042 -0.00016301 -0.00071302
-0.0491797 -0.00632126 0.273979 0.0001526 -0.00089042 -0.00046988
-0.0488313 0.0783939 0.150852 0.00078584 -0.00027473 -0.00061784
-0.0314005 0.0430566 0.0891411 0.00102391 -8.959e-05 -0.00054628
-0.0535775 -0.00058065 0.0315296 0.00017423 -0.00106851 -0.00010678
-0.0557548 0.054473 -0.0941338 -0.00091383 -0.00120325 0.00039217
-0.0597441 0.0099923 -0.0317888 -0.00016194 -0.00070122 0.00027181
-0.0693012 0.0328242 -0.00538789 -9.952e-05 -0.0001027 -0.00023131
-0.0726334 0.0027296 0.0144352 4.558e-05 -0.00046137 -0.00060859
-0.063251 -0.0346293 0.028027 0.00025478 -0.00100964 -0.00077487
-0.031756 0.0725465 0.103572 0.00052543 -1.932e-05 -0.00072729
-0.0217833 0.0621098 0.124162 0.00119398 0.00040597 -0.00058059
-0.00965884 0.0366707 0.00680735 0.00039918 5.451e-05 -0.00027016
-0.0174445 -0.00519173 0.0228701 0.00045121 -0.00019198 -0.00034751
-0.0328646 -0.0156822 0.0133611 0.00037378 -0.00030307 -0.00064324
-0.0214403 0.0673306 0.0262624 0.00077151 -0.00011267 -0.00072368
-0.0189814 0.057933 0.0373685 0.00054703 -0.00010361 -0.00075603
-0.0248414 0.00789928 -0.0342695 0.00016154 -0.00062108 -0.00010678
-0.017973 -0.0946644 0.00596846 0.00054703 -0.00025672 -0.00066355
-0.0113643 -0.00633514 0.0277168 0.00054703 -0.00062108 -0.00045779
-0.0139196 0.110913 0.00951206 0.00059726 -0.00042894 -0.00037456
-0.0176624 0.148426 0.0396277 0.00054703 -7.432e-05 -0.00058204
-0.0110383 0.0653334 0.0474356 0.00054703 -0.00017167 -0.0006015
-0.0248414 -0.00348028 0.0794567 0.00011936 -0.00062108 -0.00010678
-0.00814237 0.0276794 0.139573 0.00054703 3.191e-05 -0.0002284
-0.0103964 0.0174777 0.139054 0.0005816 -7.171e-05 -0.00044687
-0.0224854 -0.00112629 0.07141 0.00034457 -0.00027787 -0.00039911
-0.0251047 0.00752149 0.116615 0.00023124 -0.00062108 -0.00026678
-0.024805 0.0795484 0.0235447 0.00059111 -0.00013815 -0.00031964
-0.0251492 0.034547 0.13952 0.00029105 -0.00030902 -0.0004246
-0.028631 0.0335006 0.130645 0.00050783 -0.00022662 -0.00047292
-0.0320215 -0.00255304 0.138401 4.081e-05 -0.0006426 -0.00010678
-0.0201992 0.080384 0.0866817 0.00112286 -0.00040494 -0.00042116
-0.0155898 0.108137 0.113158 0.00080471 -8.9e-05 -0.00047148
-0.0149184 0.0478883 0.103174 0.00032335 -1.962e-05 -0.00034674
-0.0100799 0.0275131 0.0844772 0.00067571 -5.404e-05 -0.00030642
-0.020754 0.00097558 0.116158 0.00015396 -0.00036537 -0.00022861
-0.0166038 0.0109892 0.0995813 0.00029716 -0.00016154 -0.00022041
-0.00769619 0.095865 0.103402 0.00035256 1.664e-05 -0.00010678
-0.0201752 0.0470213 0.0737182 0.00090171 -0.0004652 -0.00052118
-0.00770289 0.0297594 0.0961232 0.00051625 6.11e-06 -0.00010678
-0.0107118 -0.00223159 0.128372 4.598e-05 1.625e-05 -0.00026492
-0.0137139 0.0659726 0.0799598 -0.0003494 -8.48e-05 -0.00058551
-0.00667361 0.121342 0.0772024 0.00044951 9.316e-05 -0.00029628
-0.0115665 0.0526722 0.0854998 0.00025312 -0.00030461 -0.00068228
-0.00957798 0.0165477 0.0814278 0.00052319 -0.0001778 -0.00058138
-0.00597371 0.021071 0.0506089 0.00056687 7.742e-05 -0.00030353
-0.0112807 0.0080866 0.0834054 0.00053683 -7.583e-05 -0.00053335
-0.00959932 0.00912506 0.0922473 0.00055313 -9.38e-06 -0.00047513
-0.0166062 -0.00918358 0.0782775 0.00027495 -0.00034499 -0.00064486
-0.00676908 0.0932928 0.0549634 0.00064449 9.125e-05 -0.00055895
-0.00781782 0.128202 0.0818075 0.00033056 0.00011624 -0.00070535
-0.00715275 0.0664243 0.128099 -0.00034808 0.0001275 -0.00067798
-0.00731409 0.0181206 0.102467 -0.00033879 -9.815e-05 -0.00059867
-0.00620496 0.0989861 0.0510807 0.00027675 0.00021441 -0.0007366
-0.00715753 0.0640995 0.0862777 -4.687e-05 0.00017055 -0.00057958
-0.00678145 0.00170345 0.0861072 3.655e-05 0.00011654 -0.00035212
-0.0404698 -0.0279171 0.0151052 0.00064851 -0.00080486 -0.00076986
-0.020297 0.0351293 0.200363 -0.00021133 -0.00045404 -0.00066727
-0.0197655 0.0588403 0.0853061 0.00019475 -0.00037945 -0.00084481
-0.0157597 0.167843 0.085829 0.00071169 -4.884e-05 -0.00096483
-0.00993997 0.170246 0.106121 0.00056455 -9.756e-05 -0.00096106
-0.0181573 0.0205962 -0.227761 0.00256455 -0.0010654 -0.00010678
-0.0256117 -0.0138468 -0.140654 0.00228909 -0.0010654 -0.00052445
-0.0191599 -0.0461302 -0.0129046 0.00097386 -0.0002617 -0.000845
-0.0099359 0.0116553 -0.0751116 0.00128199 -0.00019677 -0.00061606
-0.0114991 0.0131602 0.0230659 0.00069234 -0.00024134 -0.00065047
-0.010791 0.00369423 0.0059998 0.00034952 -6.653e-05 -0.00064093
-0.0148926 0.00380753 -0.00272596 0.00038074 -0.00012173 -0.00073188
-0.0475931 0.0225534 -0.0312267 1.578e-05 -0.0010654 -0.00088045
-0.036899 0.0221867 -0.0120113 0.00053 -0.00059917 -0.00070271
-0.0263008 -0.0015773 0.0142372 0.00053 -0.00023412 -0.00094381
-0.0267556 0.0383401 -0.109155 0.00127457 -0.00059476 -0.00084663
-0.0222393 0.0239492 -0.0355806 0.00102645 -0.0003468 -0.00090122
-0.013856 0.0420439 0.0369392 0.00080858 -0.00026647 -0.00091408
-0.0111275 0.00805165 0.012658 0.00034452 -0.00021111 -0.00068723
-0.014232 0.00282862 0.0131272 0.0003898 -0.00023057 -0.00065401
-0.0369003 0.00948408 -0.00310565 0.0001081 -0.00074597 -0.0006373
-0.0185343 0.0476153 0.0144956 0.00011842 -0.0003291 -0.00060678
-0.0194458 0.0411995 0.0127787 5.771e-05 -0.00039851 -0.00061609
-0.0300733 0.0327883 -0.0378895 -0.00021092 -0.0008154 -0.00062172
-0.0255155 -0.00027331 -0.010727 0.00010602 -0.00073731 -0.00034274
-0.0331505 -0.00498046 0.0230442 0.00034484 -0.00069167 -0.00053003
-0.0226922 0.0566629 0.0430872 0.00035264 -0.00035682 -0.00062049
-0.04672 0.00778207 0.0298081 -0.0001122 -0.0010654 -0.00035283
-0.0188713 0.0687345 0.0344586 0.00014617 -0.00017878 -0.00066751
-0.0226645 0.0414618 0.0540132 0.00042606 -0.00036531 -0.00067102
-0.0273669 0.010254 0.0312261 -0.00010071 -0.000577 -0.00010678
-0.0235228 0.0638948 0.0543964 0.0004316 -0.00018596 -0.0006291
-0.0318258 0.0149429 0.0753082 0.0004316 -0.00032686 -0.00066301
-0.0296118 0.0115032 0.094942 0.00052479 -0.00029572 -0.00073624
-0.0657386 0.00547338 0.0493769 0.00058495 -0.0010654 -0.00111809
-0.0477385 0.0472299 0.0877531 0.00055132 -0.00053409 -0.00117479
-0.0344761 0.0485326 0.0707557 0.00075759 -6.093e-05 -0.00098166
-0.0289164 0.0223056 0.0694587 0.00081592 -0.00016924 -0.0007652
-0.0576027 0.00621741 0.00923203 -1.667e-05 -0.00063718 -0.00071746
-0.0469301 0.0425968 0.0378036 0.0003029 -0.00050575 -0.00084613
-0.0445384 0.0494676 0.0286827 0.00052423 -0.00017067 -0.0008959
-0.0603184 0.00386867 0.0400889 0.00041959 -0.00073999 -0.00103301
-0.0580975 0.0258668 0.037064 0.00031811 -0.00077689 -0.00109796
-0.0571186 0.155292 0.0131762 -0.00020866 -0.0006247 -0.00134422
-0.0631086 0.0258088 0.03431 0.00041959 -0.00065113 -0.00123892
-0.053757 0.0206848 0.0431627 6.738e-05 -0.00083698 -0.00092072
-0.054414 0.0209328 0.05332 5.399e-05 -0.00065198 -0.00105938
-0.060334 0.0105842 0.052708 0.00041959 -0.00060605 -0.00122571
-0.0682816 0.0035292 0.052852 1.993e-05 -0.00120098 -0.00102036
-0.0633432 0.033693 0.021152 0.0003498 -0.00049048 -0.00130785
-0.0526828 0.0283897 0.0144878 0.00041959 -0.00031382 -0.00127568
-0.074956 0.0376539 0.0366327 -1.997e-05 -0.00120098 -0.00125928
-0.057546 0.0703657 0.0785724 0.00041959 -0.00059887 -0.00118716
-0.0546468 0.0331453 0.0617608 0.00070621 -0.00061394 -0.00102046
-0.0470202 0.0940551 0.0813649 0.00100107 -0.00033403 -0.00136865
-0.0579631 0.0155442 0.0524368 0.00045896 -0.0008133 -0.00100957
-0.0439939 0.091626 0.0702934 -2.647e-05 -0.00037648 -0.00127141
-0.0502174 0.0541384 0.0887915 0.00017055 -0.00053594 -0.00122313
-0.0483133 0.00885649 0.0880169 0.00025907 -0.00060193 -0.00107834
-0.0588167 0.0034076 0.0261306 0.00036215 -0.00089287 -0.00078014
-0.053336 0.0168517 0.0802867 0.00035769 -0.00066922 -0.0010188
-0.054712 0.00710756 0.0681411 0.00059461 -0.00068839 -0.0010296
-0.0582 0.0421929 0.06729 0.00056273 -0.00067983 -0.00125147
-0.0592092 0.0710377 0.0765561 0.00052194 -0.00052114 -0.0013221
-0.0737426 0.00861102 0.0818558 0.00056464 -0.00108021 -0.00109488
-0.0557077 0.144257 0.106433 0.00035283 -0.00043433 -0.00149481
-0.0538384 0.123114 0.101503 0.00058291 -0.00046097 -0.00140053
-0.0579934 0.0862494 0.100985 0.00043 -0.0005926 -0.00133579
-0.0810875 0.0288197 0.16397 0.00016387 -0.00105556 -0.00112163
-0.0852621 0.0404699 0.0412496 0.00018664 -0.00129163 -0.00130396
-0.0663734 0.0592722 0.0634307 0.00060462 -0.0006741 -0.00130722
-0.0671279 0.0274308 0.0289914 0.00074736 -0.00073666 -0.00122667
-0.0706361 0.00015039 0.0288757 0.00057339 -0.00061663 -0.00131381
-0.0731626 0.0190077 0.0493476 0.00068465 -0.00087641 -0.00112563
-0.0658218 -0.00099519 -0.0368524 0.00028444 -0.00135586 -0.00068668
-0.0618749 -0.00092068 -0.00118495 5.225e-05 -0.00077583 -0.00055247
-0.0626769 0.0735157 0.0234245 3.606e-05 -0.00086868 -0.00083716
-0.0797721 0.0287132 -0.0111262 -0.00020448 -0.00085608 -0.00082189
-0.0849571 0.0762041 0.0126854 -0.00032523 -0.00064443 -0.00140552
-0.0850865 0.0670532 0.0221735 0.00016158 -0.00088533 -0.00135746
-0.0905618 0.101385 0.0365139 0.00030619 -0.00091825 -0.00162643
-0.0958492 0.0982859 0.0365478 0.0002841 -0.00092717 -0.00160644
-0.0975752 0.0348378 -0.00264526 -3.487e-05 -0.00058682 -0.00115423
-0.104967 -0.0305284 -0.00509191 0.00017568 -0.00132027 -0.00148001
-0.104908 0.0556735 0.0235359 0.00019722 -0.00095438 -0.00150455
-0.0826876 0.0234492 0.00522825 0.00035153 -0.00056556 -0.00129217
-0.0904425 0.0234695 -0.0410308 0.00011851 -0.00143916 -0.00110008
-0.0831553 0.0316833 0.01429 0.00022718 -0.00069147 -0.00104065
-0.0822827 0.0343503 0.0617907 -4.59e-05 -0.00111028 -0.00120361
-0.0668099 0.079849 0.00058933 -0.00016927 -0.00073415 -0.00117079
-0.0778681 0.0547589 0.0400464 0.00012448 -0.00095436 -0.00107102
-0.0767562 0.0177258 0.097766 -9.663e-05 -0.00137088 -0.00086934
-0.0709492 0.109772 0.118096 -0.00025444 -0.00141782 -0.00128454
-0.0501787 0.20264 0.00958992 -0.00045957 -0.00056873 -0.00121822
-0.0629235 0.0203689 0.0382741 -0.00018955 -0.00105792 -0.00081405
-0.0767345 -0.00136159 0.132878 -0.0001597 -0.00147354 -0.00091115
-0.0841074 0.0499382 0.00032942 -0.00041377 -0.00101451 -0.00115074
-0.0840288 0.0475013 0.0678424 0.00039296 -0.00131119 -0.00133931
-0.0950803 0.0491137 0.0991779 -3.666e-05 -0.00145901 -0.00137843
-0.0773604 0.0588585 0.0340123 -0.00034653 -0.00116064 -0.00122749
-0.0774521 0.0603419 0.0882343 0.00014103 -0.00126327 -0.00122969
-0.0961898 0.0297822 0.1397 -0.00024498 -0.00150292 -0.00134447
-0.0835131 0.110121 0.177328 -0.00046448 -0.00118841 -0.00175734
-0.0803002 0.179771 0.201526 -0.00075413 -0.00131478 -0.00190316
-0.0827338 0.118935 0.0631094 -0.00065109 -0.00108577 -0.00163568
-0.0857873 -0.0131504 0.0514325 0.00020233 -0.00099182 -0.00132976
-0.0965472 0.0145852 0.1146 -0.0002697 -0.00181926 -0.00144958
-0.0819924 0.133621 0.11064 -0.0002213 -0.00105355 -0.00160592
-0.089685 0.0784884 0.0909273 -0.00011651 -0.00130999 -0.00153391
-0.101625 0.0660992 0.0279835 -0.00052544 -0.00150885 -0.00126295
-0.0953311 0.032273 -0.00271362 -0.00016486 -0.00101156 -0.00112971
-0.0958313 0.00534953 0.0728985 -0.00037594 -0.00125078 -0.00130258
-0.0829525 0.126996 0.100182 -0.00075178 -0.00128833 -0.00140666
-0.0703325 0.139407 0.110321 -0.00055011 -0.0007472 -0.00138291
-0.0718459 0.0711061 0.0141332 -0.00065235 -0.00088524 -0.00104356
-0.0721662 0.0658764 0.0682389 -0.00015177 -0.00095738 -0.00116226
-0.0880226 0.0284582 0.177303 -0.00045329 -0.0018216 -0.00072258
-0.0679876 0.149408 0.169983 -0.00050988 -0.00113052 -0.0013918
-0.053025 0.123042 0.0789713 -0.00029381 -0.00098056 -0.00103279
-0.0569884 0.0357639 0.0951406 -3.663e-05 -0.00085863 -0.00089799
-0.0721438 0.0264364 0.162803 -0.00027393 -0.00113321 -0.00111168
-0.064649 0.158571 0.163409 -8.152e-05 -0.00081126 -0.00148708
-0.0829603 0.0883663 0.0281452 0.00013832 -0.00123741 -0.00136245
-0.0883553 0.0599549 0.0828321 9.634e-05 -0.00152942 -0.00108367
-0.0961007 0.0402467 0.182211 -0.00022544 -0.00168305 -0.00122564
-0.0638553 0.0859299 0.0502822 -0.000472 -0.00071897 -0.00119678
-0.0746916 0.0822141 0.175966 -0.00069942 -0.00112623 -0.00130169
-0.0910249 0.0810013 0.180703 -0.00079434 -0.00144224 -0.00145695
-0.0835133 0.102786 0.195573 -0.00073684 -0.00112415 -0.00161061
-0.0901076 0.0922016 0.255438 -0.00128496 -0.0013485 -0.00171938
-0.0582315 0.160008 0.0346955 -0.00133021 -0.0008922 -0.00155932
-0.0561119 0.0631925 0.0725629 -0.00076017 -0.00076771 -0.0012053
-0.0732616 0.0374016 0.12108 -0.00055795 -0.00111235 -0.00118932
-0.0782331 0.124638 0.0997697 -0.0006975 -0.00113527 -0.0016325
-0.0894692 0.0961713 -0.0522991 -0.00043382 -0.00124921 -0.0019447
-0.095919 0.0120266 0.0353657 -0.00014904 -0.00129727 -0.00134392
-0.0923195 0.0216676 0.0562879 0.00010096 -0.00137717 -0.00170556
-0.046201 0.0122379 -0.180001 0.00124009 -0.00261055 -0.00189596
-0.0393584 -0.00284757 -0.00530218 0.00014547 -0.00101999 -0.00029504
-0.0199579 0.0172229 0.0341319 0.00014547 -0.0011925 -0.00067393
-0.0209795 0.195921 -0.0132599 -0.00028616 -0.00088891 -0.00031816
-0.0139456 0.179134 0.041632 0.00027234 -0.00103155 -0.00011837
-0.0111352 0.105683 0.134107 -0.000569 -0.00128192 -0.00075824
0.00106213 0.174128 0.0979676 0.00030059 -0.00081708 -0.00097764
0.00372324 0.167136 0.0790502 0.00065505 -0.0004589 -0.00074667
0.00713828 0.0552604 0.127167 -0.000188 -0.00046235 -0.00075626
0.00125494 0.0707276 0.123748 -0.00015978 -0.00064253 -0.00079382
0.00408345 0.037692 0.145009 -0.0002391 -0.00053011 -0.00048509
0.0052154 0.019254 0.228392 -0.00074774 -0.00067261 -0.00073399
0.00924464 0.184782 0.127889 0.00061716 -0.00049998 -0.00075807
0.00956502 0.130308 0.13382 4.659e-05 -0.00045252 -0.00055729
0.0100972 0.0865169 0.152673 -6.92e-06 -0.00070977 -0.00098248
-0.00119648 0.202221 0.0958139 0.0010384 -0.0007963 -0.00066977
-0.00667249 0.12262 0.140297 2.722e-05 -0.00085109 -0.00071966
-0.00609584 0.0291377 0.162115 -0.00049935 -0.00077441 -0.00043167
-0.00670849 0.128678 0.167292 -0.00056269 -0.00071641 -0.00083361
0.00399811 0.0690124 0.187465 -0.00107103 -0.00044785 -0.00050164
-0.00646072 0.0163781 0.198858 -0.00070343 -0.00076553 -0.00069269
-0.00689667 0.100871 0.185831 -0.0011763 -0.00065869 -0.00093952
0.00472788 0.120726 0.183519 -0.00098849 -0.00041093 -0.0005769
0.00427398 0.0371299 0.186135 -0.00031844 -0.00048871 -0.00054762
0.00825902 0.0815193 0.181506 -0.00114292 -0.00023871 -0.00063979
0.00153225 0.072253 0.173842 -0.00069436 -0.00055693 -0.00083914
-0.00688765 0.04564 0.126102 0.00115189 -0.00106311 -0.000847
0.0009451 0.102326 0.151645 -0.00016175 -0.00050659 -0.00065527
-0.00630598 0.121051 0.15566 -0.00037768 -0.00064734 -0.0006145
-0.00605495 0.0514331 0.193419 -0.00088594 -0.00050792 -0.0005384
-0.00632171 0.100345 0.142955 9.7e-06 -0.0005264 -0.00067288
0.00066877 0.172275 0.151285 -0.00022926 -0.00033921 -0.00062036
-0.0274583 0.0203542 0.0384638 0.00022885 -0.00133041 -0.00081666
-0.0238366 0.0898354 0.0755444 0.00055909 -0.00084717 -0.00109289
-0.033756 0.0509419 0.187811 -0.00053415 -0.00190048 -0.00132803
-0.0180546 0.230432 0.120711 0.00055621 -0.00097383 -0.00124925
-0.0383958 0.0329051 0.00958843 0.00042247 -0.00120419 -0.00113919
-0.0285497 0.0719481 0.0535465 0.00153574 -0.00107387 -0.0010022
-0.0333943 0.0384779 0.091749 0.00096471 -0.00092807 -0.00125222
-0.0842903 0.0618427 0.174073 0.00034841 -0.00144487 -0.00141897
-0.0749223 0.0323096 0.246518 0.00055048 -0.0014746 -0.0008501
-0.0507256 0.122933 0.0633735 0.00090073 -0.00102541 -0.0008361
-0.0547191 0.0227082 0.126577 0.00101936 -0.00173108 -0.00062247
-0.0534485 0.00568035 0.226985 0.00053891 -0.00151603 -0.0007044
-0.0391303 0.109527 0.218569 0.00064493 -0.00103382 -0.00082208
-0.0414411 0.101149 0.254789 0.00068425 -0.00140975 -0.00095135
-0.0533607 0.0621982 0.087963 0.00073733 -0.0016512 -0.00097718
-0.0364264 0.0842708 0.180957 0.00124501 -0.00137796 -0.00084377
-0.0368878 0.0248412 0.250455 0.00048211 -0.00134549 -0.00093978
-0.026933 0.0569246 0.126351 0.00166418 -0.00093465 -0.00131325
-0.0237451 0.135562 0.179358 0.00233176 -0.00094063 -0.00145828
-0.0138299 0.16012 0.219234 0.00184576 -0.00051081 -0.00120837
-0.0334034 0.0622096 0.0534268 0.00100909 -0.00068359 -0.00067526
-0.0369522 0.0300707 0.147245 0.00129568 -0.00094215 -0.00098787
-0.0436407 0.00363476 0.226976 0.00074504 -0.00133367 -0.00115188
-0.0293755 0.0505668 0.226347 0.00088923 -0.00108528 -0.00115398
-0.0136479 0.187841 0.0753399 0.00093211 -0.00042427 -0.00096679
-0.0180603 0.0578891 0.175772 0.00074081 -0.00083611 -0.00095091
-0.013087 0.0661616 0.190691 0.00060537 -0.00078684 -0.0010315
-0.021689 0.0370564 0.229149 0.00063994 -0.0011111 -0.00118352
-0.0232733 0.158805 0.0796642 0.00016746 -0.00081469 -0.00104524
-0.0172369 0.146257 0.132188 0.00127627 -0.00055602 -0.0008818
-0.0216198 0.0663443 0.255377 -0.0004247 -0.00078922 -0.00126722
-0.0286894 0.118747 0.255179 -0.00023131 -0.00094885 -0.00115617
-0.0288944 0.085643 0.130584 0.00042985 -0.00154234 -0.0011158
-0.0161247 0.146232 0.167352 0.00114053 -0.00075833 -0.00102019
-0.0188403 0.0917027 0.178811 0.00065416 -0.00104925 -0.00102747
-0.0375295 0.0416418 0.064322 -3.056e-05 -0.00130532 -0.00074323
-0.0248701 0.0518647 0.159823 0.00071717 -0.00117255 -0.00079441
-0.0293356 0.0488718 0.187389 0.00047265 -0.00133403 -0.00077766
-0.0213172 0.0696192 0.174087 0.00092296 -0.00092315 -0.00078584
-0.0232483 0.0864345 0.178143 0.00078634 -0.00090909 -0.00085521
-0.0327754 0.0614444 0.0488852 -6.768e-05 -0.00108812 -0.00058063
-0.0370321 0.0999085 0.154776 0.00018051 -0.0013353 -0.00050333
-0.0352842 0.123208 0.0867052 0.00088695 -0.0010329 -0.00094923
-0.0332566 -0.00513798 -0.0146146 0.00121469 -0.00150129 -0.00101136
-0.0242407 0.0634483 -0.00507843 -0.00011511 -0.00042503 -0.00071412
-0.0176615 0.111581 0.117128 0.00032598 -0.00074401 -0.00065856
-0.0126067 0.133439 0.130488 0.00047131 -0.00043581 -0.0009122
-0.0188413 0.149452 0.155152 0.00025443 -0.00057291 -0.00111144
-0.0241691 0.0939067 0.0075512 -2.448e-05 -0.00055132 -0.00080082
-0.0269174 0.0385212 0.107334 0.00013476 -0.00090046 -0.00040618
-0.0281062 0.0266889 0.175207 -0.00019143 -0.00088764 -0.0009069
-0.0146853 0.178877 0.157907 0.00048914 -0.00053851 -0.00082315
-0.0128808 0.169935 0.162132 0.0003097 -0.00059546 -0.00063538
-0.0173235 0.0823554 0.0201884 0.00015322 -0.00077584 -0.00080069
-0.0174061 0.0868298 0.111782 0.00013025 -0.00087301 -0.00022286
-0.0157964 0.0458643 0.15814 -0.00013638 -0.00092851 -0.00022286
-0.0234837 0.0366798 0.165979 7.312e-05 -0.00113764 -0.00087744
-0.010947 0.227717 0.198155 0.00084898 -0.0007101 -0.00068705
-0.0182208 0.0996312 0.0867092 0.00049069 -0.00112689 -0.00065322
-0.0292614 0.10935 0.492047 -0.0022695 -0.00088501 -0.00049243
-0.0227595 0.191781 0.237659 -0.00222626 -0.00134097 -0.00022286
-0.0444318 0.043757 0.0706709 0.00041491 -0.00173102 -0.00022286
-0.0395896 0.114477 0.115313 -0.00143895 -0.00173094 0.00029433
-0.0396421 0.140354 0.11667 -0.00134273 -0.0020105 2.714e-05
-0.0447576 0.193376 0.0758987 -0.00082823 -0.00206502 -0.00022286
-0.0387303 0.0870376 0.193704 -0.00083453 -0.00234697 -0.00031424
-0.0345169 0.0587216 0.235891 -0.00118011 -0.00266691 -0.00042655
-0.0156298 0.170515 0.2174 -0.00056301 -0.00158328 -0.00022286
-0.0152451 0.0872532 0.211482 -0.00058687 -0.00171774 -0.00038711
-0.0160146 0.0159749 0.074341 -0.00014063 -0.00147094 -0.00011861
-0.0216298 0.130191 0.108303 0.00073282 -0.00175285 -0.00022286
-0.0162078 0.130002 0.128423 0.0005361 -0.00158158 -0.00022286
-0.0172258 0.112719 0.148444 5.425e-05 -0.00155644 -0.00022286
-0.0304382 0.0107235 0.075237 0.00025945 -0.0017938 -0.00022286
-0.02491 0.112968 0.164436 0.00088721 -0.00180794 -0.00022286
-0.029118 0.13331 0.183779 5.359e-05 -0.00164401 -0.00016298
-0.027022 0.142838 -0.0350687 -0.0005778 -0.0016326 2.095e-05
-0.0228033 0.0697933 0.100046 1.085e-05 -0.00179282 5.4e-07
-0.0234704 0.0300572 0.164271 5.405e-05 -0.00214737 -0.00038888
-0.0184077 0.10074 0.185158 0.00019046 -0.00185802 -0.00050301
-0.0177314 0.125788 0.126864 -0.00113694 -0.00146582 -2.695e-05
-0.0199631 0.0681931 0.152416 -5.009e-05 -0.00194796 -0.00033119
-0.0262876 0.0593554 0.138911 0.00012618 -0.00197908 -0.00067347
-0.0347339 0.101522 0.0471913 -0.00033739 -0.00165996 -0.000397
-0.0385851 0.0297093 0.155463 -6.818e-05 -0.00222006 -0.00052081
-0.0299546 0.063706 0.0853403 0.00025626 -0.00163728 -0.00077829
-0.0215007 0.170802 0.109177 0.00067538 -0.00172964 -0.0008013
-0.0215669 0.116761 0.113708 0.00061422 -0.00178257 -0.00068486
-0.0554676 0.0437558 -0.00619065 0.0012173 -0.0025678 -0.00084153
-0.0370454 0.0987504 0.0676337 0.00118528 -0.0019304 -0.00110123
-0.0445371 0.072955 0.0845883 0.00136819 -0.00202398 -0.00093348
-0.0409493 0.056291 0.0972076 0.00136819 -0.00202768 -0.0010518
-0.0491873 0.0486949 0.0351077 0.00044623 -0.00227015 -0.00051509
-0.0435537 0.0312626 0.0444207 0.00095283 -0.00177421 -0.00047795
-0.0513103 0.0260815 0.0997641 0.0006065 -0.00226597 -0.00052115
-0.0405097 0.0820433 0.0970926 0.00094082 -0.0018862 -0.00074485
-0.0630529 0.13953 0.0289083 0.00068249 -0.0021362 -0.00080882
-0.0553957 0.188661 0.0887845 0.00158663 -0.0021362 -0.00045128
-0.0585041 0.129815 0.120355 0.00130272 -0.00221964 -0.00053915
-0.0544292 0.0677714 0.162917 0.00069543 -0.00261484 -0.00099732
-0.0398725 0.103584 0.158208 0.00115502 -0.00215571 -0.00105105
-0.0504108 0.0215342 0.0264971 0.00101078 -0.0018993 -0.00059578
-0.0308843 0.0392386 0.0771324 0.00131905 -0.00160355 -0.00059334
-0.0171616 0.0375768 0.0217323 0.0012659 -0.00171131 -0.00058299
-0.0646396 -0.0381447 0.0260682 0.00208787 -0.00312536 -0.00045616
-0.0502285 0.117306 0.161654 0.00133231 -0.00224625 -9.535e-05
-0.0438781 0.13603 0.161934 0.00120805 -0.0023828 -0.00045235
-0.0364254 0.239225 0.190179 0.00082325 -0.00208584 -0.00045027
-0.0420587 0.19814 -0.0460278 0.00153859 -0.00222474 -0.00031441
-0.0412423 -0.001712 0.0890873 0.00103202 -0.00222474 -0.00054263
-0.0388553 0.0672846 0.129271 0.00114315 -0.00222474 -0.00078104
-0.0402309 0.245024 0.107103 0.00105993 -0.00190595 -0.00044648
-0.0341974 0.223851 0.128733 0.00159325 -0.00165026 -0.00024048
-0.0462558 0.0795934 0.173966 0.00164562 -0.0020749 -0.00023173
-0.0426826 0.0380552 0.184738 0.00124133 -0.00241151 -0.00096486
-0.0268965 0.20929 0.215251 0.00160249 -0.00187496 -0.00057489
-0.0395373 0.164614 -0.0199319 0.00051424 -0.00188143 -0.00012301
-0.0359337 -0.041292 0.103788 0.00117631 -0.00222474 -0.00060382
-0.031601 0.14041 0.137338 0.00122115 -0.00187202 -0.00025747
-0.0291661 0.234315 0.0283417 0.0005911 -0.00141285 -0.00017183
-0.0335346 0.00198683 0.15993 0.00043349 -0.00222474 -0.00033618
-0.0299551 0.126499 0.183068 0.00073931 -0.00222474 -0.00042592
-0.0169629 0.288615 0.188615 0.0015946 -0.00142214 -0.00035998
-0.0261838 0.202306 0.252616 0.00109705 -0.00171843 -0.00036093
-0.0258718 0.103443 0.0804165 0.00095975 -0.00179898 -0.0002018
-0.0211256 0.0734271 0.132442 0.0015977 -0.00148208 -0.00030035
-0.0257475 0.117527 0.196391 0.00194251 -0.00175391 -5.896e-05
-0.0494862 0.0707699 0.0751691 0.00192891 -0.00309375 -0.00028726
-0.0404214 0.0916962 0.134853 0.00196181 -0.00224103 -0.00017262
-0.0463293 0.077312 0.225595 0.00124026 -0.00278958 -5.98e-06
-0.0443689 0.106305 0.242515 0.00169596 -0.00285422 5.072e-05
-0.0428773 0.154142 0.22334 0.0021811 -0.00248165 0.00040618
-0.0495474 0.131986 0.16786 0.00134252 -0.00305839 0.00016983
-0.0427675 0.146424 0.158247 0.00077912 -0.00276126 -0.00022236
-0.0409037 0.131941 0.185589 0.00141931 -0.0024927 0.00012914
-0.0388706 0.102101 0.228452 0.00161229 -0.00241695 0.00024053
-0.0602247 0.138572 0.107635 0.00070148 -0.00280907 6.514e-05
-0.0554621 0.0740552 0.155142 0.00146426 -0.00277464 7.625e-05
-0.0597549 0.0914048 0.16238 0.00163331 -0.00250014 0.00024053
-0.0612499 0.0423376 0.23566 0.0010971 -0.00321418 -0.00035389
-0.0380855 0.130873 0.0862916 0.00098582 -0.00228961 3.687e-05
-0.0402077 0.145458 0.136502 0.00170202 -0.00224312 0.00024053
-0.0435386 0.130712 0.154645 0.0015521 -0.00232665 0.00024053
-0.0577516 0.122903 0.160765 0.00148118 -0.00269992 0.00013782
-0.046846 0.129876 0.162997 0.0015521 -0.00247174 0.00012834
-0.0411891 0.166865 0.144952 0.00180355 -0.00223163 0.00045332
-0.0399638 0.0316435 0.258635 0.00075824 -0.00274985 0.00022354
-0.0328951 0.0770826 0.263094 0.00094822 -0.0025468 5.76e-06
-0.0273408 0.230352 0.19457 0.0020506 -0.00185245 0.00030884
-0.0276236 0.128373 0.182487 0.00190642 -0.00201176 5.015e-05
-0.0361931 0.0903955 0.223184 0.00155801 -0.00216065 0.00012914
-0.0333035 0.158785 0.212726 0.00178535 -0.00193759 0.0002662
-0.0334534 0.0616002 0.238013 0.00132881 -0.00199912 0.00021651
-0.0358662 0.0267141 0.276942 0.00101465 -0.00230488 -0.00016831
-0.0363329 0.209957 0.214423 0.00229376 -0.00208342 0.00033077
-0.0399348 0.126295 0.216114 0.00182618 -0.00207011 0.00023377
-0.0604554 0.106112 0.258635 0.00160814 -0.00311555 -2.834e-05
-0.0499558 0.180674 0.217773 0.00221515 -0.00247396 0.00015252
-0.055967 0.0898764 0.261302 0.00162919 -0.00251295 -7.744e-05
-0.0598273 0.122346 0.214728 0.00229898 -0.00271953 0.00023511
-0.059258 0.136294 0.193311 0.00229262 -0.00244255 0.00045441
-0.0538112 0.0816339 0.251365 0.00171749 -0.00295498 0.00018399
-0.0523204 0.0418185 0.288573 0.00125415 -0.00296524 -0.00016773
-0.0516261 0.217653 0.224099 0.00240839 -0.00261902 0.00029759
-0.0592656 0.167924 0.214071 0.00247015 -0.00254064 0.00044482
-0.06047 0.108353 0.253698 0.00220987 -0.0031969 -6.464e-05
-0.0603624 0.185918 0.221083 0.00215696 -0.00301786 -1.801e-05
-0.0582055 0.118322 0.244896 0.00181819 -0.0031969 -0.00013627
-0.0605787 0.0997733 0.242662 0.00196309 -0.00341965 -9.522e-05
-0.0601029 0.168504 0.220213 0.00213879 -0.00303074 0.00012661
-0.0598694 0.112818 0.227256 0.00223174 -0.00270104 0.00013775
-0.0581507 0.0815072 0.255418 0.00170327 -0.00318458 7.997e-05
-0.0596601 0.174573 0.215028 0.00224122 -0.00283807 0.00028328
-0.0526639 0.0682412 0.289559 0.00048716 -0.00261242 -2.562e-05
-0.0435446 0.188179 0.186476 0.00232344 -0.00245552 0.00013309
-0.0447848 0.164234 0.206296 0.00207798 -0.002223 0
