-0.0106902 0.0425903 0.0438603 0.00034871 -0.00079862 -0.00124339
-0.00386667 0.0981999 0.0887903 0.00097368 -0.00045302 -0.00134202
0.0100706 0.0257243 0.0220759 0.00027227 -0.00018858 -0.00082706
0.0170704 0.0490235 0.0509204 0.0005563 -6.541e-05 -0.0012375
0.00390977 0.141329 0.137184 0.00124602 -0.00040951 -0.00129194
0.00191922 -0.00336167 0.07569 0.00121715 -1.547e-05 -0.00134202
0.00359499 0.0391458 0.0900146 0.00117566 0.00030943 -0.00159842
8.448e-05 0.139034 0.158967 0.00154332 -2.09e-05 -0.00177049
0.00354386 0.0540607 0.107709 0.00118048 6.014e-05 -0.00134202
-0.00473262 0.130867 0.14132 0.00129417 0.0001394 -0.00162556
-0.00518158 0.120838 0.118746 0.00131031 0.0004635 -0.00172431
0.0211016 0.0802303 0.110395 0.00130893 0.00076745 -0.00145052
0.0145556 0.151392 0.14471 0.00163776 0.0006127 -0.00182548
-0.0184933 0.172809 0.226788 0.00098623 0.00034085 -0.00211833
-0.0209846 0.0697448 0.173779 0.00128285 0.00117196 -0.00232591
-0.0133597 0.0885859 0.165173 0.00143183 0.00117196 -0.0025446
-0.0271392 0.196878 0.251151 0.00105222 0.00024337 -0.00258364
-0.0238771 0.0906146 0.179562 0.00164961 0.00030885 -0.00236754
-0.021237 0.0673906 0.170853 0.00137916 0.00109944 -0.00263984
-0.0432171 0.218577 0.275698 0.00012371 0.00075446 -0.00285816
-0.0458109 0.0687296 0.147334 0.00134603 0.00081206 -0.00284686
-0.0362788 0.11161 0.171885 0.00110539 0.0010957 -0.00301609
-0.0270078 0.120065 0.150691 0.00144089 0.00107475 -0.00302274
-0.0297175 0.110891 0.150992 0.00141836 0.00117196 -0.00303937
-0.0389308 0.163119 0.21045 0.00171306 0.00104078 -0.00330054
-0.0417098 0.0872889 0.176173 0.0018695 0.00117196 -0.00330054
-0.0450222 0.115721 0.166685 0.00156467 0.00106684 -0.0031414
-0.0382898 0.160107 0.206924 0.00120601 0.00117196 -0.00330054
-0.0291823 0.089256 0.179136 0.00165281 0.00117196 -0.0029895
-0.0361977 0.0727749 0.154755 0.00169036 0.00117093 -0.00313182
-0.0295363 0.0846832 0.153408 0.00155784 0.00123582 -0.00309743
-0.02427 0.0948179 0.157281 0.00129167 0.0013873 -0.00297375
-0.024398 0.0919843 0.150971 0.00127569 0.00160216 -0.00297686
-0.0190362 0.190189 0.258665 0.00076682 0.0014544 -0.00297729
-0.0149113 0.0487464 0.15578 0.0013993 0.00162903 -0.0026579
-0.00325879 0.158788 0.220391 0.00049697 0.00143484 -0.00253933
-0.0128376 0.0456959 0.165641 0.0014413 0.00164347 -0.00241252
-0.0181418 0.116926 0.206037 0.00091104 0.00184377 -0.00253933
-0.00923708 0.0966944 0.149949 0.0016149 0.00142539 -0.00232871
-0.0136747 0.150614 0.267588 0.00038976 0.00190047 -0.0026256
-0.00359622 0.115678 0.216881 0.00092908 0.00125169 -0.00203886
0.00267342 0.0630348 0.184735 0.0010142 0.00182896 -0.00205929
0.00539109 0.185679 0.252189 0.00063976 0.00123432 -0.00188761
-0.00194343 0.0371736 0.17304 0.00152875 0.00146617 -0.00183029
0.0092468 0.123223 0.180488 0.00108185 0.00189332 -0.00193116
0.00601143 0.0416085 0.145517 0.00125619 0.00188303 -0.00197183
0.0116668 0.143924 0.155307 0.00159552 0.00187426 -0.00206084
0.011914 0.0627112 0.145221 0.00117434 0.0021287 -0.0021034
0.00742189 0.182989 0.242549 0.00090183 0.00230172 -0.00235414
0.0111938 0.0326274 0.163354 0.00163957 0.00203179 -0.00216799
0.0156296 0.147833 0.195431 0.00154798 0.0023787 -0.00253933
0.0152593 0.0430257 0.185329 0.00164968 0.0023787 -0.0022697
0.0159009 0.079594 0.196178 0.00122235 0.00295984 -0.00240667
0.00882046 0.125173 0.237172 0.00126698 0.00247091 -0.00233481
0.0100132 0.0269158 0.181551 0.00173024 0.00228697 -0.00229292
0.0145897 0.173347 0.267846 0.00101698 0.00256708 -0.00253933
0.0124367 0.0478614 0.195783 0.00169137 0.00226728 -0.00243535
0.0107614 0.0829541 0.213914 0.00150773 0.00269948 -0.00253933
0.0143349 0.0913456 0.175951 0.00220809 0.002272 -0.00253933
0.0156736 0.139695 0.212666 0.0014667 0.00271604 -0.00261227
0.0178038 0.0924814 0.212574 0.00166822 0.002387 -0.00242182
0.0164155 0.0661016 0.209824 0.00162508 0.00263487 -0.00253933
0.0148252 0.18402 0.273491 0.00118908 0.00220002 -0.00253933
0.0104865 0.0273432 0.189298 0.00189464 0.00208278 -0.00246342
0.018129 0.111452 0.204783 0.00186652 0.00230858 -0.0027512
0.0247437 0.131794 0.264808 0.00144517 0.00228229 -0.00253933
0.0225307 0.0220882 0.200166 0.00198744 0.00238487 -0.00253933
0.0261001 0.1326 0.208738 0.00231918 0.00263487 -0.00282984
0.0316208 0.0348964 0.19246 0.00215628 0.00263487 -0.00272755
0.0311727 0.145861 0.255056 0.0018505 0.00316823 -0.0027229
0.0227052 0.0457285 0.20735 0.00218507 0.00283547 -0.00260166
0.0308826 0.127924 0.24424 0.00207187 0.00330432 -0.00283842
0.0276496 0.0387451 0.19569 0.00220081 0.00277454 -0.00272074
0.0389054 0.0722605 0.215224 0.00181852 0.00302964 -0.00255283
0.0384932 0.0238262 0.189709 0.00215396 0.00293696 -0.00253215
0.0335467 0.11364 0.241143 0.00212818 0.00321664 -0.00281028
0.0323183 0.00268061 0.193552 0.00249025 0.00301267 -0.00273563
0.0330764 0.129362 0.240017 0.00268577 0.00306149 -0.00279584
0.0258681 0.00388653 0.203202 0.00241194 0.00293737 -0.00277224
0.0273383 0.0813718 0.245252 0.00226477 0.00320396 -0.00299821
0.0296253 0.0677943 0.229255 0.00241013 0.00260446 -0.00267185
0.0285569 0.0578673 0.243875 0.00233737 0.00295928 -0.00288732
0.0255384 0.0936117 0.253908 0.0022381 0.00299727 -0.00299821
0.026752 -0.00807379 0.193505 0.00279238 0.00303388 -0.00286008
0.0386856 0.128354 0.226286 0.00277167 0.00286515 -0.00280326
0.0435648 -0.00060835 0.211428 0.00278868 0.00275578 -0.00286563
0.0394088 0.0372155 0.201853 0.0028827 0.00306493 -0.00299821
0.03806 0.171249 0.275377 0.00298863 0.00249381 -0.00275748
0.0402504 -0.0253677 0.218318 0.00297614 0.00235337 -0.00254446
0.039872 0.0401554 0.228856 0.00271284 0.00286697 -0.00270852
0.0504157 0.109736 0.263434 0.00272435 0.00222999 -0.00264475
0.0401109 0.00822654 0.199395 0.00312342 0.00292805 -0.00285515
0.047163 0.139646 0.31449 0.00195058 0.0028248 -0.00299821
0.042529 -0.00548996 0.241009 0.00295498 0.00251142 -0.00287124
0.0472828 0.0696997 0.250425 0.0031701 0.00277658 -0.00299821
0.0486739 0.129148 0.327974 0.00269853 0.0025878 -0.00287724
0.0511709 0.00128976 0.241617 0.00322416 0.00292805 -0.00299821
0.0556995 0.167057 0.329575 0.00261198 0.00292805 -0.00288247
0.0398624 0.0264767 0.265509 0.00305638 0.00284077 -0.00282482
0.0471663 0.110056 0.3123 0.00265977 0.00314609 -0.00294363
0.0421937 0.0434454 0.293144 0.00292057 0.00276644 -0.00299821
0.0500484 -0.0185741 0.232746 0.00346793 0.00301177 -0.00299821
0.0557928 0.113856 0.267596 0.00306352 0.00297907 -0.00299821
0.0421257 0.00201382 0.238417 0.00329069 0.00283095 -0.00291385
0.0448 0.114705 0.286856 0.00288235 0.00320628 -0.00299821
0.0344486 0.0502723 0.261272 0.0031306 0.00285805 -0.00307399
0.0306123 0.0124747 0.225151 0.00375683 0.00294268 -0.00327749
0.0341699 0.132204 0.288121 0.00293804 0.00264437 -0.00332724
0.0203069 -0.0156811 0.246269 0.00319971 0.00310797 -0.00361289
0.0251116 0.0936482 0.29543 0.00299016 0.00329979 -0.00351227
0.0284477 0.0449969 0.24722 0.00369234 0.00279153 -0.00332271
0.0238163 0.0211679 0.262189 0.00305356 0.00336024 -0.00340195
0.0205431 0.078706 0.303172 0.00316179 0.0030111 -0.00349557
0.01803 -0.0119704 0.269022 0.00363879 0.00315024 -0.00342551
0.0285693 0.0612273 0.293092 0.0031437 0.00303889 -0.00348842
0.0313814 0.00553825 0.248543 0.00318674 0.00310354 -0.00334517
0.0349695 0.0810747 0.262252 0.00319907 0.00293743 -0.00332252
0.0293127 0.0125605 0.246434 0.00322158 0.00336024 -0.00343214
0.0186169 0.131287 0.31066 0.00308513 0.0030397 -0.00335924
0.0230104 -0.010278 0.251934 0.00355286 0.0030826 -0.0034378
0.0331938 0.0749361 0.279676 0.00318241 0.00293464 -0.00329921
0.0286507 -0.011889 0.235554 0.00342007 0.00313958 -0.00339432
0.0347003 0.103033 0.287963 0.00318412 0.00320126 -0.00326853
0.035926 0.00170946 0.254633 0.00345749 0.00273202 -0.0031847
0.0333672 0.0419074 0.264452 0.00312802 0.00329727 -0.00334287
0.0330426 0.119017 0.302293 0.00281733 0.00251479 -0.00326844
0.0299407 0.00492362 0.234872 0.00366137 0.00259495 -0.00338135
0.033634 0.148263 0.340163 0.00270813 0.00264819 -0.00344049
0.0214007 -0.0225187 0.260622 0.00339263 0.00272264 -0.00323456
0.0353873 0.0896439 0.309815 0.00295201 0.00316875 -0.00321173
0.0403451 0.0610238 0.289185 0.00280085 0.00262943 -0.00298864
0.0436816 0.0276591 0.267979 0.00314446 0.0030282 -0.00317659
0.0368426 0.117496 0.304421 0.00300261 0.00249147 -0.00324092
0.026561 -0.010367 0.263584 0.00340346 0.0028468 -0.00331
0.0318724 0.0779033 0.267731 0.00331609 0.00279832 -0.00339486
0.0290276 0.00542387 0.239574 0.00335042 0.00291875 -0.00348835
0.031775 0.160354 0.321925 0.00273235 0.0030392 -0.00349449
0.0322108 0.00707707 0.240203 0.00375386 0.00254477 -0.0033493
0.0330941 0.0263964 0.262648 0.00311204 0.00302511 -0.00341271
0.0320019 0.0939903 0.285875 0.00309599 0.00269466 -0.00330922
0.0293295 -0.0167494 0.254353 0.00339207 0.00280485 -0.00330195
0.0369259 0.0934398 0.243982 0.00307785 0.00280192 -0.00315272
0.0243913 -0.018152 0.244613 0.00326527 0.00287959 -0.00354982
0.0248563 0.136828 0.31083 0.00309247 0.00281976 -0.0036222
0.0164322 -0.0234226 0.227249 0.00369685 0.00282388 -0.0036222
0.0215372 0.0874489 0.301423 0.00299102 0.00291874 -0.0036222
0.0208801 0.0185311 0.273903 0.00358032 0.00268643 -0.0038422
0.022613 0.00909015 0.282679 0.00359397 0.00330978 -0.00388524
0.02468 0.0239098 0.255566 0.00414109 0.00316874 -0.003731
0.0240742 0.0243048 0.288501 0.0037175 0.00381107 -0.00405438
0.00982063 0.0582499 0.325384 0.00365421 0.00374467 -0.00429161
0.00586181 -0.0308339 0.291337 0.00436489 0.00422509 -0.00448504
0.0141656 0.0622696 0.300154 0.00425938 0.00390224 -0.00435696
0.00959388 0.0242085 0.321189 0.00407103 0.00422509 -0.00453522
-0.00411607 0.0805265 0.354403 0.00393853 0.00422508 -0.00468197
0.00598199 -0.0215817 0.318971 0.00433675 0.00437899 -0.00470858
0.0153216 0.0663215 0.319041 0.00435239 0.00422508 -0.00445971
0.00484951 -0.0290555 0.33227 0.00446611 0.00422508 -0.00462737
-0.00175781 0.116001 0.409468 0.00378745 0.00430339 -0.00485379
0.00433684 -0.0414517 0.295061 0.00473899 0.00364781 -0.00445714
0.0117376 0.0167047 0.334783 0.00407015 0.00414195 -0.00455616
0.00782482 0.0472959 0.355538 0.00423441 0.00375056 -0.00439846
0.00845519 -0.0248893 0.331803 0.00464516 0.00381012 -0.00453162
0.0158644 0.0542825 0.313379 0.00483035 0.00365191 -0.00443248
0.00753326 0.00668667 0.313575 0.00427153 0.00358626 -0.00457126
-0.00063757 0.128931 0.401134 0.00391785 0.00396566 -0.00471307
-0.00722977 -0.0401395 0.338334 0.00501846 0.00397509 -0.00500702
-0.00537693 0.0850364 0.370243 0.00462719 0.00375573 -0.00495687
-0.0154752 0.0327653 0.412906 0.00473849 0.00379791 -0.00500702
-0.0172631 -0.0472437 0.3606 0.0050777 0.00448743 -0.00546919
-0.0141793 0.0722178 0.425145 0.0047025 0.00442398 -0.00539305
0.00616901 -0.0351689 0.310205 0.00533586 0.00338504 -0.00477398
0.00842437 0.0204877 0.34263 0.00453887 0.00238213 -0.00452328
0.00495779 -0.0148766 0.314912 0.00501213 0.0027175 -0.00464021
-0.00088447 0.0223851 0.395872 0.00500683 0.00412638 -0.00515306
-0.00525208 -0.010729 0.389925 0.00577963 0.00418965 -0.0053992
-0.0093737 0.00253452 0.408166 0.006008 0.00481244 -0.00562224
-0.00463446 0.0510812 0.422534 0.0062195 0.00392987 -0.00535402
-0.0149824 -0.0527086 0.401601 0.00642187 0.00472133 -0.00540856
-0.0150461 0.0863388 0.481877 0.00615379 0.00457058 -0.00564137
-0.017278 -0.0581608 0.411729 0.00702887 0.00463301 -0.00546846
-0.0249991 0.00662153 0.491937 0.00654644 0.0051562 -0.00609365
-0.0431581 0.0195826 0.50898 0.00682138 0.00454021 -0.0062084
-0.0391459 -0.0562462 0.479799 0.00724582 0.0049671 -0.0062084
-0.0247781 -0.00098444 0.480939 0.0070531 0.00470411 -0.00603933
-0.0372108 0.0348693 0.528255 0.00681982 0.00475874 -0.0062084
-0.0301493 -0.00577189 0.514548 0.00733498 0.00438404 -0.0062084
-0.039597 -0.018934 0.563105 0.00771037 0.00535069 -0.00647449
-0.0445893 0.0458419 0.60924 0.00775495 0.00475425 -0.00653405
-0.0443304 -0.0422226 0.562197 0.00826255 0.00543418 -0.00677996
-0.0391256 0.00719193 0.562997 0.00853018 0.0053438 -0.00674329
-0.0512068 0.00724159 0.627315 0.00818064 0.00579032 -0.00714807
-0.0631409 0.0587067 0.696373 0.00832551 0.00551959 -0.00711783
-0.0614695 -0.0737384 0.645755 0.00948364 0.00603816 -0.00750766
-0.0536217 0.0757578 0.693207 0.00832847 0.00576274 -0.00729694
-0.051071 0.0256968 0.640228 0.00840341 0.00479904 -0.00669788
-0.0492669 0.0595186 0.705003 0.00866429 0.00510594 -0.00662382
-0.0472241 0.139555 0.732471 0.00843692 0.00368101 -0.00664159
-0.036781 -0.00619617 0.638165 0.00865562 0.00359112 -0.00662253
-0.0448833 0.12564 0.697731 0.00876007 0.00453322 -0.00696433
-0.0520363 0.0464074 0.666977 0.00948702 0.0042573 -0.00718261
-0.0549629 0.0569337 0.698514 0.00891251 0.00522012 -0.00740371
-0.0552964 0.139086 0.694805 0.00949865 0.00496331 -0.00767573
-0.0721087 0.0371336 0.689711 0.00917981 0.00581827 -0.00803583
-0.0743173 0.173864 0.744096 0.00877626 0.00489424 -0.00803583
-0.0647956 0.00921941 0.655071 0.00937638 0.00529656 -0.00810857
-0.0744301 0.0891502 0.701162 0.0089924 0.00544781 -0.0082264
-0.073075 0.0233233 0.670468 0.0090015 0.00516352 -0.00832141
-0.0815125 0.0592543 0.680491 0.00921161 0.00567747 -0.00825765
-0.0776036 0.0692058 0.670397 0.00896413 0.00457446 -0.00820067
-0.0531801 0.0273387 0.630013 0.00956849 0.00507567 -0.00839508
-0.0289755 0.0419987 0.622722 0.00891591 0.0053828 -0.00783135
0.0111934 0.0150441 0.59713 0.0086363 0.00579756 -0.00767961
0.0200756 -0.0143526 0.548548 0.00897097 0.0054527 -0.00704998
0.0312274 -0.0603215 0.497981 0.00858937 0.00501628 -0.00692051
0.0571284 -0.0421501 0.495705 0.00887635 0.00566433 -0.00672371
0.0720758 -0.0227141 0.49128 0.00836662 0.00527693 -0.00658358
0.0880911 -0.11504 0.37562 0.00749201 0.00476009 -0.00651226
0.0539168 -0.0270252 0.401998 0.00653161 0.00347598 -0.00605124
0.0391159 -0.0689749 0.373858 0.00701303 0.00363593 -0.00591619
0.00267398 0.0248249 0.605562 0.008111 0.00405158 -0.00680695
0.00196726 -0.00955754 0.577341 0.00851392 0.00457327 -0.00669471
-0.0015533 -0.0979525 0.579303 0.00942196 0.00662508 -0.00759223
-0.0003857 0.035064 0.592344 0.00860811 0.00521186 -0.0072165
0.0262826 -0.0688443 0.561299 0.00827746 0.00656791 -0.00734223
0.0323781 0.0824932 0.617676 0.00813939 0.00568226 -0.00660092
0.0565673 -0.0648792 0.559243 0.00896237 0.00712931 -0.00635092
0.0466626 0.0898648 0.615735 0.00916288 0.0067938 -0.00660092
0.0674286 -0.0506078 0.596204 0.00907121 0.0067938 -0.00660092
0.0631889 0.0338749 0.653345 0.00929416 0.00692584 -0.00660092
0.0588145 -0.00630442 0.627669 0.00974696 0.0067938 -0.00673904
0.0589395 -0.04256 0.64672 0.0102629 0.00799561 -0.00731411
0.0586805 0.0395274 0.688019 0.00948618 0.00725362 -0.00731411
0.0808018 -0.087273 0.641658 0.0102309 0.00832135 -0.00739475
0.0585796 0.0847974 0.674872 0.0105395 0.0082303 -0.00753667
0.0706814 -0.04307 0.649865 0.0100406 0.00813434 -0.00738723
0.0669345 0.0181631 0.681211 0.0104475 0.00888979 -0.00746804
0.054481 0.0679425 0.683966 0.01031 0.00828929 -0.00730185
0.0564434 -0.0601667 0.660628 0.0115366 0.00920045 -0.00812877
0.0490239 0.0766333 0.746942 0.0102472 0.00807267 -0.0076225
0.0518401 -0.0283257 0.675458 0.0107047 0.008474 -0.00758656
0.0576136 -0.072513 0.700651 0.0111643 0.00997605 -0.00855755
0.0391278 0.00127767 0.705909 0.0114685 0.00953458 -0.00854007
0.0380368 -0.0134977 0.744559 0.011264 0.00954002 -0.00871795
0.0195158 0.037497 0.785052 0.0113755 0.00802415 -0.00846354
0.0222718 -0.094713 0.750152 0.0124286 0.00928093 -0.00919749
0.0289865 -0.029163 0.74419 0.0122642 0.00880716 -0.00924277
0.0511811 -0.013818 0.772187 0.01209 0.00897705 -0.00932866
0.0464747 0.0575171 0.794421 0.0108999 0.00694827 -0.00842261
0.0452795 -0.093268 0.763063 0.0121218 0.00843554 -0.00897171
0.0456251 -0.0177619 0.766279 0.0122366 0.00852602 -0.00878339
0.0539623 -0.0784884 0.761851 0.0123462 0.00925553 -0.00918129
0.0459157 0.0560355 0.802361 0.0120357 0.00796936 -0.00868193
0.0499394 -0.094975 0.76097 0.0128061 0.00882544 -0.00902979
0.0594509 -0.0317529 0.785661 0.0125672 0.00895777 -0.00939961
0.0453127 0.0229277 0.802714 0.0121043 0.00843144 -0.00899164
0.0494757 -0.0959512 0.761205 0.0129088 0.00916205 -0.00915398
0.0427831 0.0466055 0.817283 0.0123193 0.00871163 -0.00918118
0.041131 -0.0759604 0.78637 0.0132915 0.00916205 -0.00935035
0.0423132 -0.0735259 0.80905 0.0136206 0.00958529 -0.00926836
0.0485723 -0.0374856 0.787215 0.014272 0.00916205 -0.00935035
0.0368891 -0.026949 0.853795 0.0132909 0.00872019 -0.00935035
0.0307974 -0.0277459 0.849939 0.0137577 0.00837988 -0.00931989
0.0415803 -0.0982672 0.825824 0.0151363 0.00900807 -0.00967214
0.0221531 0.0469724 0.898909 0.0141254 0.00811141 -0.00936113
0.030424 -0.0896917 0.868778 0.0153584 0.00857 -0.0095364
0.0304373 -0.0342215 0.894621 0.0153038 0.0089579 -0.00949403
0.0516898 -0.0417461 0.850051 0.015912 0.00842583 -0.00933595
0.0310365 -0.00022196 0.936871 0.0148421 0.00830788 -0.00923938
0.0307465 -0.0596561 0.90714 0.0150118 0.00865004 -0.00934091
0.0402282 -0.0914996 0.882308 0.0159345 0.00911423 -0.00965604
0.00879579 0.0285489 0.951807 0.0150194 0.00838786 -0.0095143
0.0207714 -0.12221 0.937753 0.0164734 0.00974962 -0.00982538
-0.00103124 0.0105037 0.995118 0.0160776 0.0089585 -0.00937852
0.0118031 -0.0805558 0.949093 0.0171389 0.00932442 -0.010126
-0.010658 0.0210077 1.04453 0.0161232 0.00911423 -0.0095754
-0.0112982 -0.0998344 1.01333 0.0166867 0.00949128 -0.00985586
-0.0138898 -0.0416766 1.03502 0.0164352 0.00971189 -0.0100383
-0.018308 -0.0557127 0.983225 0.0167925 0.0102378 -0.0098674
-0.011683 -0.0536367 1.02663 0.0169043 0.0097582 -0.010062
-0.0116617 -0.0487964 1.01053 0.0170015 0.00959391 -0.0100733
-0.0138331 -0.0192295 1.04291 0.0170256 0.00938115 -0.0100944
-0.0117057 -0.0186418 1.04052 0.0163171 0.00916903 -0.0101693
-0.0128379 -0.0502839 1.05378 0.0172698 0.00997349 -0.0106728
-0.0343744 -0.0203449 1.06829 0.0175822 0.00976832 -0.0103286
-0.01276 -0.102559 1.06115 0.0183094 0.0103356 -0.0105037
-0.0185254 -0.0106602 1.08586 0.0177929 0.00965254 -0.0103525
-0.0125453 -0.0857098 1.06414 0.0178034 0.010298 -0.0103433
-0.0325053 0.0794024 1.12523 0.0174249 0.00898651 -0.00996902
-0.0118054 -0.119143 1.08941 0.0184863 0.00981858 -0.0101536
-0.014126 -0.0198842 1.08576 0.0186542 0.00996299 -0.0103712
-0.0236652 0.00543614 1.11615 0.0177271 0.00974501 -0.0101288
-0.00697164 -0.115405 1.10008 0.0182802 0.010797 -0.0107921
-0.0352148 0.0311762 1.14575 0.0178544 0.0101559 -0.0104291
-0.0140937 -0.0697631 1.09121 0.0191481 0.0102425 -0.0106395
-0.0419604 0.0357807 1.18997 0.0172527 0.00974749 -0.0103666
-0.0355139 -0.0668861 1.14567 0.0178929 0.00999486 -0.0104243
-0.0306295 0.0109109 1.20039 0.0174686 0.00960096 -0.0101288
-0.031856 -0.00397546 1.19716 0.0176635 0.00918994 -0.00939423
-0.0170984 -0.0890304 1.18317 0.0182716 0.0102427 -0.00981688
-0.025804 0.00350902 1.20712 0.0186038 0.00985931 -0.0098931
-0.0266748 -0.0499819 1.20682 0.0186999 0.0105919 -0.0101715
-0.0546693 0.0834144 1.27867 0.0179723 0.00934468 -0.00959542
-0.0280518 -0.075145 1.20812 0.0196325 0.00990708 -0.00970287
-0.043004 0.060171 1.26353 0.0188278 0.00975489 -0.00927797
-0.048261 -0.0470733 1.25559 0.0188949 0.0102285 -0.00949724
-0.0488982 -0.0310907 1.26626 0.0193392 0.010368 -0.00942403
-0.0386683 0.00106792 1.26315 0.0190859 0.0100442 -0.00928854
-0.0545368 0.0496133 1.3254 0.01826 0.00969507 -0.00940001
-0.0465963 0.0106371 1.26808 0.0187629 0.00922702 -0.00885106
-0.0393134 -0.0219195 1.31255 0.0186992 0.0101797 -0.00901498
-0.0647116 0.0261748 1.33309 0.0182954 0.00950998 -0.00836358
-0.0531843 -0.0566695 1.32095 0.0186532 0.00968753 -0.00855096
-0.0526759 0.0735811 1.31404 0.0178429 0.0097108 -0.00827809
-0.019668 0.0383543 1.29131 0.0180248 0.00957267 -0.00836735
-0.023502 0.130725 1.36872 0.0175899 0.00829166 -0.00788353
-0.00711781 -0.0521431 1.32843 0.018631 0.00937107 -0.00830289
-0.0261151 0.0713826 1.32079 0.0190916 0.00958236 -0.0083493
-0.0228718 -0.0462214 1.28977 0.0191119 0.00991856 -0.00862086
-0.0402229 0.0780875 1.36888 0.0184977 0.00927896 -0.00838787
-0.0299082 0.0164884 1.32432 0.0189635 0.00933558 -0.0080905
-0.0318846 0.0125187 1.31928 0.0194242 0.00956657 -0.00843015
-0.0471975 0.122074 1.37829 0.0182584 0.00888121 -0.00830664
-0.0305638 -0.0414591 1.29739 0.0195638 0.0100104 -0.0083254
-0.0414005 0.0866455 1.33752 0.0191181 0.0093433 -0.00813356
-0.0159625 -0.0358135 1.31594 0.0192424 0.00997862 -0.00816022
-0.0350104 0.0925302 1.36577 0.018636 0.00899656 -0.00801798
-0.0383068 0.0458366 1.34446 0.018886 0.00916648 -0.00799201
-0.0529241 0.0379837 1.36203 0.0192691 0.00860128 -0.00837038
-0.0472472 0.116653 1.39944 0.0184546 0.00758751 -0.00779031
-0.0291693 -0.0799771 1.36028 0.0188779 0.00897381 -0.00813013
-0.0341481 0.104096 1.40807 0.0182672 0.00874688 -0.00783561
-0.0310102 0.0300626 1.37436 0.0186256 0.00829168 -0.00769582
-0.0296858 0.0723135 1.395 0.0182489 0.00930925 -0.00752494
-0.0435799 0.0554348 1.41081 0.0187926 0.00829168 -0.00771062
-0.0410318 0.0084622 1.43387 0.0191368 0.00868819 -0.00763782
-0.0353914 0.10548 1.42189 0.0196881 0.0083081 -0.00723051
-0.0159102 0.0235745 1.43129 0.0191299 0.00875202 -0.00715054
-0.0257427 0.174958 1.46762 0.0189917 0.00759393 -0.0067889
-0.0138327 -0.0165894 1.41345 0.019982 0.00829168 -0.00702742
-0.010515 0.123342 1.50856 0.0182883 0.0080388 -0.00659521
-0.00313245 0.00223668 1.45984 0.0189375 0.00829168 -0.00652923
0.0149804 -0.00212745 1.44282 0.0195202 0.00883533 -0.00642278
0.012044 0.0900708 1.44331 0.0188838 0.00781108 -0.00625295
0.00531021 0.18008 1.46395 0.0180249 0.00730274 -0.00621418
-0.00239964 0.2022 1.49265 0.0181732 0.00620733 -0.0055106
0.0175493 0.020103 1.42514 0.0197494 0.00792348 -0.00584828
0.0396649 0.0774099 1.35192 0.0206408 0.00853736 -0.00608974
0.00493166 0.167139 1.43542 0.019439 0.00798022 -0.00648447
0.00676467 -0.0122168 1.38239 0.0199148 0.0080005 -0.00675969
-0.00364504 0.096506 1.44271 0.0193779 0.00806107 -0.00687708
-0.0034065 -0.00445973 1.41683 0.0199331 0.00847294 -0.00677606
-0.00565544 0.0057234 1.41404 0.0203529 0.00899307 -0.00696351
-0.00032166 0.0564953 1.40477 0.0203044 0.0082472 -0.00655908
-0.0234451 0.0312072 1.42019 0.0201353 0.00863642 -0.0072911
-0.0393177 0.0862668 1.4463 0.0199194 0.00847293 -0.00698617
-0.0238869 -0.0188919 1.42004 0.0204074 0.0095644 -0.0074701
-0.0228263 0.0834401 1.41321 0.0208748 0.00868686 -0.00688446
0.002584 0.0100471 1.42127 0.02039 0.0100491 -0.00698011
0.011617 0.0981372 1.51885 0.020197 0.00793489 -0.00632647
0.0676649 -0.0256978 1.50393 0.0205945 0.0100555 -0.00566793
0.0823505 0.0987831 1.49542 0.0195174 0.00981507 -0.00511487
0.0877241 0.0164775 1.40409 0.019964 0.00994228 -0.0051703
0.0792004 0.0786504 1.42272 0.0201539 0.00941306 -0.00549398
0.0711313 0.0884368 1.44851 0.0192527 0.00974723 -0.00600588
0.054645 0.161162 1.43538 0.0202015 0.00885459 -0.00574561
0.0622967 -0.020977 1.3522 0.0206024 0.00959795 -0.00637318
0.0673417 0.175634 1.46908 0.0199198 0.00954467 -0.00552486
0.076156 -0.0282012 1.36491 0.0214629 0.010714 -0.00596045
0.0712767 0.0698114 1.38783 0.0213035 0.0107376 -0.00624602
0.0807549 0.0841494 1.33349 0.02198 0.00978889 -0.00636886
0.0682841 0.0742479 1.39476 0.0211761 0.0103564 -0.0062436
0.0503558 0.122637 1.42952 0.0211495 0.0105315 -0.00628892
0.0663555 -0.0182603 1.40195 0.0217212 0.0111428 -0.00634309
0.057753 0.104928 1.40464 0.0222094 0.0105759 -0.00627062
0.0697611 -0.0156005 1.39153 0.0222265 0.010958 -0.00640884
0.0516848 0.123553 1.4769 0.0215707 0.0103127 -0.00555512
0.0701371 -0.0082719 1.42178 0.0224399 0.0106134 -0.00522729
0.0588172 0.0491194 1.42693 0.0226916 0.0104741 -0.00540661
0.0439706 0.110691 1.47189 0.0219709 0.00981832 -0.00503485
0.0516552 -0.0430801 1.40285 0.0227605 0.0107929 -0.00536084
0.0515961 0.106939 1.41021 0.0229641 0.0104222 -0.00515137
0.0658078 0.0142181 1.41191 0.0224584 0.0106991 -0.00499963
0.0453247 0.148536 1.47628 0.0220993 0.010143 -0.00463521
0.0634664 0.00616484 1.45443 0.0227662 0.0104121 -0.00454794
0.0645923 0.164219 1.5265 0.021846 0.00894465 -0.00424421
0.0634849 0.0302234 1.50539 0.021977 0.00902421 -0.00409527
0.0746786 -0.0250157 1.48418 0.0227357 0.0103181 -0.00421861
0.0650508 0.170338 1.56705 0.0222718 0.00913156 -0.00360342
0.0766214 0.0365114 1.52522 0.0227003 0.00963874 -0.00336262
0.0768152 0.0980476 1.52193 0.0230347 0.00981513 -0.00316556
0.0778602 0.183567 1.4952 0.0220035 0.00920446 -0.0028449
0.0836389 0.0908892 1.44177 0.022399 0.00924242 -0.0026925
0.0950527 0.616492 1.75444 0.0187046 0.00867131 -0.002825
0.114698 0.545229 1.59927 0.0187337 0.00777445 -0.00210955
0.132204 0.134184 1.32472 0.0201531 0.00932312 -0.00183404
0.14881 0.162685 1.2697 0.0210155 0.0108078 -0.00207172
0.146095 0.221719 1.24643 0.0212164 0.0104112 -0.00220928
0.12445 0.338862 1.278 0.0217337 0.00960779 -0.00194746
0.131061 0.237949 1.22328 0.0221392 0.0101458 -0.00224274
0.109135 0.341262 1.27868 0.0221116 0.00953261 -0.00200428
0.109878 0.270513 1.20499 0.0228699 0.00999175 -0.00232429
0.10255 0.244818 1.23003 0.022484 0.0105604 -0.00232429
0.100751 0.227862 1.23733 0.0226305 0.0103958 -0.00251888
0.102689 0.2474 1.23901 0.0227175 0.0103958 -0.00218177
0.0958719 0.223168 1.31927 0.021806 0.010226 -0.00215706
0.0784978 0.321832 1.46047 0.0213319 0.0088934 -0.00181006
0.0811805 0.114936 1.4085 0.0223053 0.0100463 -0.00190841
0.0897989 0.16942 1.41294 0.0219222 0.0104573 -0.00177027
0.101146 0.33399 1.51042 0.0214865 0.00877912 -0.00084556
0.125133 0.194994 1.44271 0.0219622 0.00943072 -0.00068258
0.116983 0.323153 1.42915 0.0220663 0.00848142 -0.00039541
0.125245 0.240937 1.39929 0.0219658 0.00849807 -0.00021261
0.120251 0.275726 1.43885 0.0214109 0.00849807 -0.00030478
0.121012 0.247816 1.3574 0.0222955 0.00918505 -0.00021261
0.134195 0.207892 1.3821 0.0221843 0.00901007 -0.00021261
0.135186 0.216627 1.35533 0.0225316 0.00839683 -8.358e-05
0.124655 0.270222 1.39756 0.0217849 0.00839683 -0.00021261
0.136772 0.166854 1.35009 0.0225746 0.00903876 -0.00021261
0.12904 0.208974 1.36654 0.022399 0.00888669 -0.00021261
0.121026 0.272502 1.35087 0.0218062 0.00785231 -0.00021261
0.130813 0.170791 1.36843 0.0223076 0.0090702 -0.00021261
0.117917 0.259458 1.4093 0.02259 0.00837698 -1.11e-06
0.11562 0.193285 1.39462 0.023145 0.00860105 -0.00021261
0.0974316 0.317687 1.45554 0.0219909 0.00877967 -0.00026381
0.0958556 0.160873 1.38927 0.0227166 0.00988936 -0.00082525
0.0806961 0.259949 1.45838 0.0223672 0.00899951 -0.00118112
0.08884 0.189083 1.42806 0.0227662 0.00901281 -0.00118112
0.0669116 0.205901 1.4668 0.0227147 0.00958803 -0.00159359
0.0560289 0.206035 1.46638 0.0229421 0.00958803 -0.00159359
0.060226 0.161661 1.48027 0.0233666 0.00996012 -0.00159359
0.0675957 0.234344 1.444 0.0234471 0.00923401 -0.00134737
0.0599669 0.233398 1.46658 0.0229164 0.00914081 -0.00124731
0.0747716 0.179837 1.44641 0.0230753 0.00953713 -0.00118494
0.0748551 0.183328 1.46717 0.023301 0.00939302 -0.00118344
0.0686216 0.278211 1.49384 0.0228595 0.00892771 -0.0009401
0.0808201 0.137356 1.43658 0.0236723 0.0099084 -0.00115382
0.0685 0.277959 1.52612 0.0229256 0.00901184 -0.00097555
0.0774545 0.180031 1.42798 0.0237465 0.00935115 -0.00137081
0.0680659 0.313293 1.51829 0.0225267 0.00927706 -0.00103896
0.0821104 0.149815 1.47747 0.0232857 0.00886384 -0.00096358
0.075753 0.188385 1.48318 0.023399 0.00916667 -0.0012168
0.0681773 0.24459 1.5001 0.0233499 0.0092486 -0.00099673
0.0741788 0.159623 1.49061 0.0240125 0.00985742 -0.00109792
0.0748863 0.272718 1.52526 0.0237835 0.00926688 -0.00072447
0.0796199 0.178948 1.49381 0.0241969 0.0092843 -0.00088669
0.0693018 0.309163 1.56595 0.0233635 0.00859642 -0.00069169
0.0916476 0.133494 1.52981 0.0239145 0.00908568 -0.00072479
0.100297 0.212416 1.53603 0.0242216 0.00935746 -0.00045482
0.106308 0.225221 1.52117 0.0238894 0.00870457 -0.0004421
0.102346 0.228056 1.56212 0.0237491 0.00932137 -0.00038511
0.102623 0.252707 1.54983 0.0240195 0.00887563 -9.271e-05
0.10588 0.17213 1.55094 0.0241635 0.0095523 -0.00034881
0.101213 0.271744 1.54692 0.0248969 0.00862543 0.00012634
0.104046 0.194498 1.55844 0.0243924 0.00921587 0.00012565
0.0918077 0.287364 1.57264 0.024226 0.00846932 0.00021713
0.0900533 0.198297 1.57196 0.0244634 0.00912136 0.00013761
0.0634946 0.28939 1.62269 0.0246506 0.00854195 0.00048409
0.0847132 0.167627 1.62052 0.0247789 0.00904707 0.00060768
0.0851494 0.25678 1.58696 0.0256888 0.00855231 0.00061866
0.0744394 0.339277 1.69226 0.0238028 0.0078255 0.00061395
0.0727303 0.28671 1.66166 0.0248775 0.00809044 0.0006708
0.0754871 0.210453 1.66962 0.0247879 0.00826654 0.00069232
0.0739083 0.309792 1.66707 0.0245003 0.00826654 0.00101229
0.0811981 0.238504 1.60755 0.0255295 0.00873508 0.00087835
0.0677365 0.313567 1.65541 0.0246114 0.0085976 0.00099076
0.0701459 0.218383 1.6396 0.0249844 0.00858523 0.00098524
0.0530766 0.360335 1.66977 0.0243173 0.00809322 0.00091042
0.0620396 0.194262 1.63757 0.0248414 0.00887963 0.00091613
0.0530284 0.289631 1.67688 0.0243871 0.00845862 0.00104344
0.0592804 0.229393 1.63986 0.0250716 0.00885412 0.00105492
0.0596032 0.237889 1.66809 0.0251871 0.00885412 0.0009814
0.0610837 0.290112 1.61307 0.0251957 0.00890712 0.0011639
0.0552225 0.302694 1.6895 0.0243643 0.00812791 0.0009156
0.0508252 0.256717 1.66509 0.0245542 0.0080091 0.0010682
0.0530618 0.256826 1.685 0.0246479 0.00834518 0.00101084
0.053047 0.298314 1.66561 0.0250643 0.00834518 0.00098653
0.0528223 0.20111 1.68862 0.0247784 0.00862261 0.00102903
0.0528955 0.284798 1.65405 0.0252339 0.00834518 0.00091803
0.052783 0.282621 1.6934 0.0243434 0.00834518 0.00085145
0.0462894 0.308824 1.72547 0.0245888 0.00834518 0.00093302
0.0518328 0.159093 1.70127 0.0255515 0.00919438 0.00077979
0.0415675 0.295235 1.71173 0.0253378 0.00852903 0.00089699
0.0509611 0.225489 1.65283 0.0255231 0.00968089 0.00049918
0.0329114 0.314776 1.70107 0.0249073 0.00937052 0.00063313
0.0449402 0.21113 1.67943 0.0255926 0.00993229 0.00062265
0.0420807 0.276437 1.6911 0.0256441 0.00930371 0.00059478
0.0238134 0.29267 1.726 0.0247394 0.00901258 0.00032379
0.0189973 0.286367 1.7186 0.0248967 0.00897658 0.00047911
0.0233983 0.195495 1.72344 0.0252264 0.00944204 0.00033291
0.0238542 0.251992 1.7025 0.0259393 0.00935584 0.00054072
0.0139156 0.273531 1.74882 0.0248358 0.00977938 0.00050527
0.0183883 0.248457 1.77828 0.0255007 0.00922138 0.00076329
0.0314603 0.201025 1.76672 0.0259236 0.00969298 0.00082033
0.026652 0.299741 1.74681 0.0261219 0.00936164 0.0008331
0.0220224 0.277904 1.76504 0.0255891 0.00938772 0.00068905
0.0244482 0.27795 1.75807 0.0256807 0.00929495 0.00084254
0.0196254 0.28015 1.77722 0.0257734 0.00941447 0.00072624
0.0240679 0.277997 1.77961 0.0256828 0.00973255 0.00086871
0.0238312 0.246654 1.79968 0.0263236 0.00990126 0.00085336
0.0241336 0.262702 1.76458 0.0268236 0.00964791 0.00090149
0.0232182 0.274243 1.76521 0.0265013 0.00992901 0.00053997
0.00918886 0.367045 1.83524 0.0260135 0.00873273 0.00090158
0.0144688 0.193258 1.77888 0.0270857 0.00974001 0.00067039
-0.00012937 0.330371 1.82591 0.026453 0.00971774 0.00094631
0.00774127 0.196678 1.80816 0.0271962 0.0107108 0.0007696
-0.0009041 0.323059 1.8442 0.0268518 0.0103392 0.00088288
0.00366291 0.23963 1.80144 0.0274506 0.0104801 0.00077273
-0.00472348 0.40233 1.86242 0.0263781 0.00929735 0.00093047
0.0114147 0.21025 1.78891 0.0276606 0.0104792 0.00063329
0.00629105 0.296396 1.80759 0.0270974 0.0100974 0.00076498
0.00299197 0.330328 1.80125 0.0274958 0.00971838 0.00104653
0.00042327 0.248957 1.77775 0.0275896 0.0106931 0.00053618
-0.017029 0.337246 1.8161 0.0270366 0.0100846 0.00091091
-0.0109473 0.234768 1.81561 0.0275249 0.0108692 0.0009658
-0.0165924 0.365343 1.84457 0.0271666 0.00988451 0.00104969
-0.00902179 0.269673 1.78657 0.0272749 0.0104354 0.00110166
-0.0177888 0.280137 1.79276 0.0273791 0.0103127 0.0006654
-0.0167765 0.374426 1.83535 0.026858 0.00988451 0.0009506
-0.00203259 0.21385 1.80192 0.0280969 0.0107969 0.00088254
-0.00467021 0.334168 1.84124 0.027405 0.0105831 0.00133046
0.00260647 0.266116 1.79074 0.0283931 0.0103155 0.00127634
-0.00360459 0.399666 1.89527 0.0258304 0.00918984 0.00113923
-0.00325179 0.278979 1.84542 0.0271574 0.00999517 0.001107
0.0024298 0.245924 1.84584 0.0276955 0.0106101 0.00121564
0.00327595 0.335678 1.83032 0.0280219 0.0102266 0.00106131
0.0018401 0.298136 1.83331 0.0273711 0.010317 0.00078205
-0.00093366 0.383387 1.88722 0.0275489 0.00944513 0.00136668
0.00277964 0.219417 1.86204 0.0278181 0.0100205 0.0014843
0.00060876 0.359166 1.84506 0.028167 0.00947964 0.00137176
0.00569707 0.256864 1.76203 0.0274975 0.0107546 0.00111755
-0.0118512 0.421524 1.87258 0.0267271 0.00923955 0.00101411
-0.00448077 0.235855 1.81515 0.0278582 0.00970846 0.00083206
-0.012291 0.341857 1.86271 0.0273757 0.00957212 0.00088694
-0.0147098 0.314353 1.82136 0.0278212 0.0102372 0.00102926
-0.0168993 0.273209 1.85419 0.0277915 0.0103908 0.00112719
-0.00409231 0.329892 1.82822 0.0287063 0.00992131 0.00107558
-0.0163707 0.365428 1.90515 0.0273306 0.00961323 0.00093724
-0.0150573 0.340452 1.92636 0.0281284 0.00923724 0.0014751
-0.0149168 0.25774 1.87672 0.0291401 0.0102812 0.00102493
-0.0342276 0.412945 1.90896 0.0282575 0.00933449 0.00161938
-0.0111346 0.257843 1.8686 0.0284661 0.0100771 0.00146473
-0.0142852 0.36324 1.90008 0.028593 0.00995071 0.00155603
-0.00501024 0.297898 1.85092 0.0292865 0.0099925 0.00160135
-0.013334 0.40593 1.94393 0.0283715 0.00986847 0.00153353
-0.0129675 0.350626 1.92687 0.0286015 0.00995843 0.00164523
-0.0129178 0.304446 1.90832 0.0295657 0.0102812 0.00137882
-0.0204634 0.443175 1.95873 0.0282583 0.0104325 0.00171656
0.0100263 0.251803 1.93574 0.0289718 0.0107344 0.00172827
-0.00303068 0.408072 1.9649 0.0290293 0.00986961 0.00176187
0.00298905 0.298951 1.9195 0.0291696 0.010062 0.00176981
-0.00647949 0.431604 1.96527 0.0286517 0.0094043 0.00172359
0.00458524 0.313335 1.912 0.0292673 0.00966769 0.00174158
-0.00172828 0.321856 1.94982 0.0289499 0.00976656 0.00184653
-0.0009604 0.414968 1.94491 0.0292944 0.00931231 0.00226583
0.0159826 0.28842 1.93496 0.0296743 0.0102829 0.00218384
0.010789 0.411158 1.9494 0.0298453 0.00937983 0.00232368
0.0210322 0.317554 1.93972 0.029386 0.0102475 0.00212503
-0.00607833 0.461235 2.01465 0.0285394 0.00974355 0.00209978
0.010381 0.272843 1.9561 0.0291806 0.0109955 0.00163967
-0.00082883 0.38163 1.93631 0.0293688 0.0100224 0.00184055
0.0173501 0.311247 1.71966 0.0289043 0.00966108 0.00198472
-0.00022638 0.497688 1.93743 0.028727 0.00920376 0.00210449
0.0113518 0.30359 1.92672 0.0290044 0.0100523 0.00201182
0.0106702 0.353046 1.92832 0.0300881 0.00994444 0.00202789
-0.00525256 0.464529 1.9893 0.0292024 0.0092603 0.00218325
0.00911695 0.28313 1.96282 0.029527 0.00983583 0.00215677
-0.00551477 0.400373 1.99677 0.029174 0.00966109 0.00231148
0.00812747 0.371882 1.98048 0.0296365 0.00982667 0.00244772
0.0153104 0.324623 1.99381 0.0298329 0.0104025 0.00253919
0.0149604 0.379638 1.95953 0.0306401 0.00964931 0.0025459
-0.00125 0.407129 2.01569 0.0295683 0.00937786 0.00280918
0.00194511 0.392816 1.97294 0.0302114 0.00916808 0.00293372
0.00943214 0.370725 2.01474 0.0298842 0.00911807 0.00313891
0.012208 0.420267 1.99725 0.0306886 0.00932685 0.00333837
0.0182946 0.343603 2.02443 0.0306721 0.00981571 0.00341517
0.0155652 0.416293 2.0134 0.0316744 0.00892164 0.00344158
0.0127481 0.363754 2.06425 0.0301816 0.00909634 0.00337972
0.0153888 0.417236 2.06181 0.0305419 0.00898378 0.0035787
0.023558 0.330396 2.05394 0.0305909 0.00920611 0.0035964
0.0187386 0.512977 2.04978 0.0300165 0.00868256 0.00371089
0.0533559 0.325642 1.97201 0.0306244 0.00875134 0.00384076
0.0499463 0.416115 2.00762 0.030785 0.0090184 0.0037682
0.0407515 0.543772 1.9063 0.0296514 0.00918745 0.00354854
0.101299 0.391047 1.49215 0.0280612 0.00990997 0.00330164
0.0944421 0.673644 1.75245 0.027511 0.008473 0.00356229
0.0993082 0.561627 1.77498 0.02747 0.00760713 0.00374021
0.120172 0.471709 1.77809 0.0284868 0.00951962 0.00407879
0.100764 0.564267 1.84707 0.0293205 0.00945746 0.00421934
0.101966 0.441131 1.85922 0.0283442 0.00987399 0.00400376
0.0938965 0.550671 1.91027 0.0286387 0.00900617 0.00428368
0.11933 0.416636 1.81285 0.0286286 0.0089122 0.00450797
0.112438 0.494069 1.87908 0.0292389 0.00912526 0.00442016
0.107281 0.483025 1.87536 0.0297215 0.00932356 0.00448953
0.104967 0.442535 1.90831 0.0296373 0.00960359 0.00461297
0.107361 0.49031 1.90714 0.0293857 0.00921989 0.00486149
0.126405 0.444344 1.89079 0.0292174 0.00932356 0.00523751
0.120477 0.651103 1.89143 0.0286311 0.00769399 0.00521973
0.135298 0.401474 1.80408 0.0295358 0.00902237 0.00510866
0.126066 0.513845 1.88575 0.0298631 0.0094022 0.00530342
0.12556 0.437148 1.84554 0.0305301 0.0101135 0.00494184
0.104433 0.476638 1.91888 0.0297737 0.00969407 0.0045632
0.123059 0.434201 1.89508 0.0296271 0.0101142 0.00452534
0.103273 0.524954 1.9487 0.0292141 0.010241 0.00486433
0.1161 0.471658 1.95125 0.0296599 0.00993512 0.00528199
0.125915 0.452253 1.94248 0.0300476 0.0101042 0.0054104
0.120327 0.565279 1.99869 0.02919 0.00920184 0.00536574
0.146251 0.395262 1.93577 0.0304083 0.0104117 0.0059741
0.141955 0.507042 1.98917 0.0294873 0.00947548 0.00575895
0.153303 0.474804 1.95695 0.0298464 0.00970463 0.00641121
