-0.0500303 0.184417 0.573149 -0.00591896 -0.00083176 -0.00124226
-0.0499749 0.208349 0.57321 -0.00615445 -0.00092375 -0.0013642
-0.0516957 0.215089 0.602213 -0.00678967 -0.00067975 -0.00163659
-0.052205 0.215737 0.608464 -0.00710031 -0.00036049 -0.00184817
-0.0697327 0.203199 0.707398 -0.00726388 -0.00027782 -0.00200504
-0.0859222 0.294573 0.666119 -0.00719588 0.00044866 -0.00245986
-0.0805679 0.311671 0.619858 -0.00703455 0.00042483 -0.0024124
-0.0747252 0.276784 0.649512 -0.00692671 0.00049584 -0.00223843
-0.0754015 0.255257 0.662356 -0.00703361 0.00053914 -0.00250627
-0.0749827 0.250359 0.66009 -0.00710663 0.00043044 -0.0023594
-0.0752209 0.219438 0.707528 -0.00755113 0.00049403 -0.00241435
-0.0753425 0.220624 0.729723 -0.00770605 0.00033012 -0.00250681
-0.0749596 0.280348 0.634654 -0.00738117 0.00018672 -0.00241437
-0.0754809 0.256222 0.663671 -0.00736799 0.00048308 -0.00254404
-0.0758028 0.25594 0.671047 -0.00763518 0.00066543 -0.00261269
-0.0842327 0.24235 0.692113 -0.00745725 0.00059783 -0.00277475
-0.0930739 0.242432 0.696156 -0.00789585 0.00048998 -0.00284981
-0.0895278 0.249255 0.692504 -0.00791683 0.0007049 -0.00294885
-0.0892082 0.237907 0.721231 -0.00819567 0.00056263 -0.00287246
-0.095338 0.208305 0.883843 -0.00964885 0.00139366 -0.00285877
-0.112949 0.320951 0.803296 -0.00934359 0.00136324 -0.00344648
-0.102994 0.354323 0.723083 -0.00839533 0.00131156 -0.00322778
-0.0916163 0.32193 0.732884 -0.0080274 0.00088819 -0.00288648
-0.0886072 0.29032 0.719041 -0.00782797 0.00045244 -0.00284753
-0.0879325 0.251444 0.718502 -0.00754932 0.00069893 -0.00282377
-0.0821711 0.218618 0.844615 -0.00878985 0.00060227 -0.0025544
-0.0887288 0.171754 0.572297 -0.00657423 -0.00026583 -0.00285633
-0.0667929 0.221113 0.740239 -0.0117878 -0.0013161 -0.00261419
-0.0819934 0.299942 0.801378 -0.00691565 -0.00092055 -0.00238793
-0.0438318 0.299665 0.819971 -0.00354952 -0.00125531 -0.00246341
-0.051744 0.238804 1.16273 -0.00196633 -0.00028386 -0.0020271
-0.0391332 0.459957 1.14566 -0.00258632 -0.00106706 -0.00154906
-0.0448521 0.541206 1.14563 -0.00183525 -0.00140726 -0.00155496
-0.0430886 0.460947 0.907103 0.00046796 -0.00241307 -0.00159122
-0.0434404 0.398809 1.14588 -0.00064752 -0.00114179 -0.0012848
-0.0338445 0.417794 1.21026 -0.00158849 -0.00126122 -0.00086559
-0.00885559 0.373983 1.41529 -0.00270379 -0.00093114 -0.00097184
-0.0482579 0.472156 0.964266 0.00368065 0.00026215 -0.00166873
-0.0279027 0.414545 1.26049 0.00075588 0.00058286 -0.00078362
-0.0280566 0.474378 1.33489 1.108e-05 0.00058286 -0.00079925
-0.0281722 0.493852 1.35777 -0.00077932 0.00058286 -0.0008129
-0.0188772 0.49458 1.4399 -0.00101743 0.00094485 -0.00087
-0.0414491 0.595036 1.13498 0.00245841 0.0011824 -0.00108971
-0.0279573 0.522199 1.28357 0.00038246 0.00078249 -0.00077447
-0.0139137 0.521731 1.34277 -0.00058779 0.00087871 -0.00067924
-0.0184011 0.515389 1.36 -0.00105698 0.00095108 -0.00077125
-0.0281509 0.502528 1.35757 -0.00101204 0.00120554 -0.00057033
0.00015002 0.49378 1.37725 0.00168534 0.00042209 -0.00029233
-0.0110981 0.389289 1.42174 -0.00077662 0.00057795 -0.0007283
-0.0133994 0.467047 1.27878 -0.00228658 0.00038227 -0.00077191
-0.00659401 0.512682 1.26011 -0.00034532 0.00023593 -0.00071946
-0.00879068 0.463661 1.30342 -0.00076791 8.779e-05 -0.00065103
-0.00487563 0.502276 1.3039 -0.00117614 0.00018761 -0.00049713
-0.0176848 0.510124 1.3059 -0.00097751 0.00039993 -0.00063828
-0.0214412 0.442716 1.20118 -0.00054989 0.00064215 -0.00079098
-0.00945721 0.455174 1.30003 -0.00135693 0.00015126 -0.00080193
-0.0104683 0.439926 1.36398 -0.00415666 -9.44e-06 -0.00074324
-0.0291735 0.452769 1.34596 -0.00343355 0.00115937 -0.001082
-0.0371811 0.431341 1.42927 -0.00405516 0.00074884 -0.00127546
-0.0657286 0.453387 1.18771 -0.0004122 0.00118225 -0.00163069
-0.0754243 0.482115 1.27832 -0.0014888 0.00067262 -0.0015168
-0.0757891 0.501204 1.26037 0.00166835 0.00127252 -0.0019163
-0.0648348 0.491382 1.28949 -0.00027208 0.00084845 -0.00162286
-0.0512225 0.485795 1.19073 0.00169812 0.00071749 -0.00113944
-0.0486174 0.463658 1.27026 0.00168285 0.00124149 -0.00097223
-0.0513474 0.485249 1.32486 0.00114371 0.00091082 -0.00090903
-0.0764142 0.48883 1.50426 -5.83e-06 0.00264987 -0.00128954
-0.059307 0.605469 1.37299 0.00017008 0.00165168 -0.001449
-0.029836 0.564267 1.27232 0.00189086 0.00116476 -0.00112036
-0.0286076 0.505175 1.35762 0.00102164 0.00127244 -0.0008786
-0.034121 0.525024 1.36607 0.00015542 0.00075232 -0.00076115
-0.0262097 0.518476 1.35248 0.00130453 0.00145238 -0.00081257
-0.03321 0.45825 1.37922 0.00106724 0.00133838 -0.0007638
-0.0565612 0.463041 1.51336 -0.00089 0.00280136 -0.000985
-0.043079 0.556575 1.20086 0.00344155 0.00086918 -0.00084086
-0.0333846 0.51153 1.37594 0.0013283 0.00097972 -0.00071524
-0.0343923 0.52969 1.43676 0.0003494 0.00140212 -0.00077284
-0.0698826 0.518529 1.62847 -0.00030496 0.00407052 -0.00124067
-0.0614539 0.621361 1.42222 0.00012442 0.00183223 -0.00112754
-0.051872 0.57563 1.48971 0.00096145 0.00357054 -0.00090234
-0.0447233 0.540226 1.47748 0.00232478 0.00324995 -0.00095101
-0.0420599 0.524754 1.42187 0.00052714 0.00138208 -0.00077819
-0.0577029 0.517279 1.34004 0.00555388 0.0026842 -0.0010303
-0.0400907 0.492294 1.36146 0.00153228 0.00098801 -0.00056751
-0.0677708 0.496488 1.55507 0.00039421 0.00307503 -0.00126227
-0.072603 0.526356 1.59993 0.00083322 0.00398185 -0.00112649
-0.0368922 0.618484 1.47654 0.00167578 0.00381267 -0.0008366
-0.03842 0.527722 1.60042 0.00129425 0.00424723 -0.00101375
-0.0374555 0.58981 1.60601 0.00281589 0.00276753 -0.00068543
-0.0511801 0.606297 1.63125 0.00307116 0.00271716 -0.00092938
-0.0746532 0.621512 1.27961 0.00903773 0.00396779 -0.00071373
-0.0675132 0.506216 1.51533 -0.00041924 0.00440986 -0.00051759
-0.0640948 0.545781 1.51467 -0.00202837 0.00335313 -0.0013668
-0.0757424 0.467404 1.53118 0.00045241 0.00372097 -0.00111802
-0.0638198 0.474562 1.2539 0.00233815 0.00224544 -0.00104916
-0.0601827 0.523981 1.28623 0.00222087 0.00227971 -0.00092426
-0.0513292 0.486765 1.40534 0.00078768 0.00171295 -0.00070465
-0.0408119 0.577487 1.45534 1.476e-05 0.00158484 -0.00052107
-0.0658088 0.549955 1.61916 0.00276221 0.00311628 -0.0008247
-0.0572953 0.694138 1.35815 0.0101228 0.00266188 -0.00036127
-0.0528375 0.623476 1.49546 0.00620977 0.00352083 -0.0003849
-0.0510731 0.616376 1.52965 0.00612807 0.00334529 -0.00042371
-0.0230232 0.67338 1.42258 0.0123119 0.00340647 7.439e-05
-0.00232245 0.530365 1.61618 0.0068812 0.00336637 -5.801e-05
-0.0486147 0.560146 1.6217 0.00770753 0.00285584 -8.982e-05
-0.0446794 0.672206 1.36342 0.0109121 0.00313079 -9.566e-05
-0.0359442 0.601407 1.54682 0.00800194 0.00290646 0.00014673
-0.038537 0.651846 1.59602 0.00669904 0.00271558 5.855e-05
-0.0512305 0.65073 1.70615 0.00625369 0.00339075 -0.00028093
-0.0582636 0.787278 1.49882 0.00789013 0.00337298 -0.00041892
-0.0493127 0.779139 1.36389 0.0123527 0.00333267 -0.00051195
-0.0409629 0.572267 1.50952 0.00879151 0.00409168 -0.00010114
-0.074568 0.647289 1.68081 0.00613921 0.00426141 -0.00068345
-0.0769145 0.631841 1.64444 0.00560999 0.0043639 -0.00054958
-0.0585324 0.631068 1.43024 0.00915411 0.00362055 -0.00048416
-0.0647829 0.499847 1.57256 0.00698346 0.00366804 -0.00012729
-0.0736885 0.707992 1.49482 0.00812078 0.00385603 -0.00019094
-0.051303 0.745642 1.32274 0.0110767 0.00338196 -9.106e-05
-0.0527368 0.718716 1.39675 0.0104133 0.00336846 -0.00011066
-0.0484837 0.653924 1.41733 0.00876539 0.00336846 -0.0001955
-0.0743414 0.591978 1.49025 0.00748226 0.00279406 -4.12e-05
-0.069253 0.702876 1.47288 0.00837715 0.00318311 0.00023139
-0.0618956 0.70482 1.28987 0.0101298 0.00290837 0.00013403
-0.0569724 0.598697 1.39785 0.00807655 0.00294688 -2.117e-05
-0.0480318 0.650624 1.43362 0.00688151 0.00291344 1.449e-05
-0.0454703 0.601131 1.59092 0.00571873 0.00380081 2.41e-05
-0.0660739 0.71917 1.57939 0.00668016 0.00380081 -0.00021991
-0.056219 0.756516 1.33422 0.0118778 0.00380081 -0.00035498
-0.0347354 0.695912 1.38135 0.0100023 0.00294981 0.00015067
-0.0375577 0.699269 1.3983 0.0101835 0.00348375 8.299e-05
-0.0395768 0.630584 1.42062 0.00874913 0.00341076 8.299e-05
-0.0603365 0.555614 1.27063 0.0108102 0.00517748 -0.00045758
-0.0425536 0.637136 1.40539 0.00891227 0.00423349 -0.00010942
-0.0415869 0.665977 1.44102 0.00847608 0.00442381 8.299e-05
-0.023844 0.688674 1.38779 0.011792 0.00392904 0.00015305
-0.0442954 0.619027 1.52543 0.0101851 0.00419146 8.299e-05
-0.0569119 0.715637 1.60427 0.00945427 0.00534516 -9.876e-05
-0.0796092 0.798853 1.36293 0.0107875 0.0064826 -0.00062971
-0.0461724 0.731957 1.51848 0.00795418 0.00436794 0.00025332
-0.0424577 0.709905 1.51718 0.00726225 0.00492619 6.99e-05
-0.0450691 0.638237 1.63733 0.00596099 0.00521145 -0.00013707
-0.060503 0.717214 1.49503 0.00680615 0.00587906 -0.00013707
-0.0321152 0.717228 1.52543 0.00856129 0.00479402 2.845e-05
-0.0346589 0.662394 1.52992 0.0083148 0.00438784 0.00020209
-0.0419165 0.666889 1.53542 0.00736879 0.00474653 -6.652e-05
-0.0342503 0.642168 1.54156 0.00623917 0.00496576 1.097e-05
-0.0435663 0.64378 1.5691 0.0058467 0.0053558 1.316e-05
-0.0502292 0.674058 1.33013 0.0105968 0.00496888 -0.00018227
-0.032219 0.614872 1.43234 0.00688658 0.00463285 1.511e-05
-0.042385 0.626796 1.49721 0.00607122 0.0051052 0.00021218
-0.0405995 0.646552 1.36917 0.00953434 0.00459747 -0.00011025
-0.0290416 0.638582 1.48503 0.00772055 0.00406666 -0.00014883
-0.0336955 0.629003 1.60504 0.00608899 0.00456963 0.00030689
-0.0426042 0.659432 1.63679 0.00534565 0.00518903 0.00017717
-0.0429309 0.764131 1.51821 0.00660944 0.0043642 0.00030689
-0.0430676 0.704745 1.3664 0.0100702 0.00393251 -7.183e-05
-0.0431155 0.54073 1.53768 0.00547695 0.00470735 -4.985e-05
-0.0500243 0.683438 1.46512 0.00573171 0.00445116 0.00042942
-0.0529366 0.638359 1.46653 0.00420632 0.00495957 0.00040374
-0.0234061 0.626162 1.39338 0.00787908 0.00396894 0.00029482
-0.0213816 0.606137 1.45117 0.00692986 0.00313054 8.925e-05
-0.0409439 0.555236 1.62054 0.00531735 0.00359704 8.131e-05
-0.0319481 0.675474 1.57583 0.00453139 0.00392387 0.0004899
-0.0276392 0.759344 1.43055 0.0100248 0.00387511 0.00018951
-0.0336012 0.647384 1.50674 0.0074857 0.00375624 0.0001912
-0.0304691 0.676853 1.52497 0.00642882 0.00358538 0.00052041
-0.024373 0.712103 1.48728 0.0110423 0.00412839 0.00016057
-0.01935 0.567753 1.69079 0.00768587 0.00465507 0.00077055
-0.0286254 0.69672 1.69058 0.00653127 0.00511783 0.00068665
-0.0294368 0.7187 1.58995 0.00670073 0.00534678 0.00023463
-0.0251927 0.684805 1.60594 0.00644371 0.00514797 0.00016951
-0.0453941 0.66146 1.61374 0.00593418 0.00571344 -4.831e-05
-0.046761 0.640892 1.60303 0.00589041 0.00573906 0.0001183
-0.0456229 0.627624 1.59875 0.00582473 0.00573164 -3.359e-05
-0.0530024 0.626939 1.60497 0.00550783 0.00572143 -4.867e-05
-0.048797 0.615888 1.62496 0.00458865 0.00575365 -0.00011718
-0.055681 0.608709 1.71489 0.00363503 0.00595461 4.282e-05
-0.0745934 0.600116 1.7825 0.00317014 0.00733541 -0.00037373
-0.0738288 0.783883 1.65835 0.0040448 0.00654362 -0.0001001
-0.063435 0.762171 1.58633 0.00431763 0.00662292 0.00018985
-0.056525 0.675334 1.60671 0.0043133 0.00647552 0.00018985
-0.0556054 0.638083 1.6173 0.00444193 0.00582685 -5.257e-05
-0.0634394 0.597804 1.60497 0.00398454 0.00693797 -0.0006456
-0.0700774 0.590688 1.6025 0.0035558 0.00694839 -0.00036726
-0.0721706 0.567899 1.60883 0.00336689 0.0068799 -0.00042062
-0.0693536 0.57607 1.61381 0.0032522 0.00689203 -0.00037369
-0.0875477 0.555839 1.70747 0.00189201 0.00729925 -0.00044934
-0.0999267 0.697654 1.55626 0.00347022 0.00661751 -0.00042912
-0.0806248 0.736005 1.53367 0.00391387 0.00674658 4.23e-05
-0.0718521 0.665895 1.57176 0.00354934 0.00683131 -0.00030729
-0.0851088 0.637793 1.58987 0.00263802 0.00762419 -0.00031034
-0.0842994 0.61484 1.57823 0.00380348 0.00683163 -0.00061173
-0.0905071 0.570201 1.65423 0.00248309 0.00699586 -0.00050661
-0.0869668 0.57719 1.57861 0.00234173 0.00691878 -0.00041875
-0.0870262 0.663354 1.51735 0.00314415 0.00689396 -0.00051517
-0.0799541 0.728282 1.29313 0.0133044 0.00675778 -0.00050439
-0.0735859 0.571605 1.42353 0.0110321 0.00493762 -0.00024083
-0.0889799 0.611041 1.43978 0.00953592 0.00530727 -0.00045402
-0.0899607 0.664733 1.33 0.0137179 0.00583623 -0.00053805
-0.0825495 0.615999 1.49311 0.00914708 0.00567995 -4.693e-05
-0.0831691 0.650012 1.61957 0.00820965 0.00500538 -4.693e-05
-0.092525 0.767883 1.59489 0.00861383 0.00540757 -0.00036534
-0.0920899 0.841443 1.37231 0.0128892 0.00573554 -0.00076704
-0.0801283 0.689786 1.53791 0.00960219 0.00563133 -0.0005897
-0.0849931 0.692736 1.53168 0.008267 0.00525998 -0.0005716
-0.0840158 0.644189 1.54318 0.00709317 0.00496078 -0.00012396
-0.0778039 0.582867 1.67488 0.00567215 0.00564549 -4.693e-05
-0.118326 0.657414 1.30379 0.0114221 0.00780242 -0.00060745
-0.0792785 0.572649 1.47257 0.0055011 0.00614217 -2.41e-05
-0.0816114 0.581668 1.52047 0.00487164 0.00638538 -7.624e-05
-0.0845477 0.58354 1.53 0.00470128 0.00645583 -9.234e-05
-0.0879302 0.602057 1.52523 0.00482978 0.00648491 -1.083e-05
-0.0781259 0.655797 1.43536 0.0104341 0.00717539 0.00025781
-0.0833581 0.585865 1.56661 0.0084336 0.00572133 -3.342e-05
-0.110727 0.604364 1.65882 0.00625684 0.00708417 6.342e-05
-0.131226 0.739005 1.26452 0.00986495 0.00745708 -0.00056797
-0.0961051 0.666161 1.32887 0.00919116 0.00574452 -0.00021845
-0.0934289 0.676608 1.3908 0.00928661 0.00562929 -0.00033651
-0.0841016 0.576118 1.49642 0.00706562 0.00629916 -0.00034268
-0.0766596 0.646749 1.47835 0.0113339 0.00672657 6.342e-05
-0.0809469 0.486216 1.6326 0.0060309 0.00654649 -0.00013597
-0.105248 0.584908 1.56669 0.00595613 0.0068295 -9.385e-05
-0.0932498 0.666187 1.49592 0.00607549 0.00704313 -0.00024585
-0.0764332 0.67685 1.44125 0.0105848 0.00715977 -0.00034719
-0.0782305 0.656218 1.52426 0.0090674 0.00723928 -5.311e-05
-0.0831922 0.698626 1.53675 0.00809406 0.00684507 6.342e-05
-0.0877591 0.702397 1.51846 0.00863632 0.00691106 6.342e-05
-0.104263 0.670546 1.61114 0.00792095 0.00792281 -2.51e-06
-0.11162 0.743871 1.28073 0.0119967 0.00785522 -0.00046161
-0.0953017 0.582689 1.48527 0.00694576 0.00717708 6.342e-05
-0.0952044 0.610126 1.53363 0.0065223 0.00716104 -0.00012182
-0.0735834 0.632439 1.48143 0.0122158 0.00539179 -9.876e-05
-0.0922702 0.515174 1.60342 0.00696869 0.00640573 9.705e-05
-0.093752 0.70122 1.5207 0.00806584 0.00609229 0.00022369
-0.0906905 0.700487 1.48538 0.00848546 0.00671726 8.235e-05
-0.0686947 0.749775 1.54421 0.0114549 0.00729156 0.00020933
-0.0724706 0.592336 1.56585 0.00801541 0.00714096 0.00021953
-0.0743953 0.676135 1.56717 0.00820999 0.00699791 0.00024079
-0.068884 0.723361 1.46955 0.0133095 0.00614526 0.00013599
-0.0868936 0.553955 1.61255 0.00802661 0.00668778 6.501e-05
-0.103524 0.72173 1.55214 0.00797611 0.00676963 0.00010825
-0.0845006 0.734507 1.52801 0.00756091 0.00622681 8.415e-05
-0.0997896 0.649896 1.6201 0.00716892 0.00660345 7.725e-05
-0.107566 0.70637 1.16617 0.0115053 0.00689564 7.725e-05
-0.0846283 0.61485 1.27835 0.0105393 0.00638475 0.00038671
-0.0886704 0.650128 1.27006 0.0109998 0.00587037 0.0001141
-0.0876061 0.567672 1.43635 0.00815967 0.00707177 6.95e-05
-0.0781345 0.643762 1.40286 0.0135494 0.00839964 6.992e-05
-0.0821152 0.550927 1.43267 0.00964258 0.00438448 -0.00029289
-0.109218 0.586912 1.31671 0.00831618 0.00570407 -0.00073895
-0.105631 0.664308 1.29343 0.0083517 0.00625472 -0.00043286
-0.100209 0.699254 1.4038 0.00890205 0.00606569 -0.00065295
-0.0918208 0.747057 1.33824 0.0142957 0.00733017 -0.00073895
-0.0831782 0.643184 1.48958 0.0110859 0.0064331 -0.00051183
-0.0786517 0.680373 1.47102 0.0108184 0.00666211 -0.00016806
-0.0895973 0.649273 1.52648 0.00976631 0.00680032 1.07e-06
-0.103653 0.650241 1.6886 0.00890341 0.00840438 -0.00048921
-0.147325 0.774363 1.26366 0.0141299 0.00951243 -0.00137362
-0.107273 0.661647 1.41554 0.0100971 0.00735565 -0.00050231
-0.116542 0.681906 1.46409 0.00915072 0.00776643 -0.0009382
-0.104501 0.694532 1.3511 0.013135 0.00760095 -0.00097903
-0.113996 0.57078 1.51583 0.0104488 0.00745262 -0.00050231
-0.137103 0.712787 1.53084 0.00980598 0.00783919 -0.00071534
-0.11778 0.805842 1.31779 0.0142173 0.00805304 -0.00106575
-0.117818 0.649275 1.47507 0.0102727 0.00790736 -0.00082811
-0.125529 0.706483 1.47554 0.0102484 0.00863723 -0.00089298
-0.12792 0.659472 1.5064 0.00755022 0.00864509 -0.00104925
-0.099684 0.642583 1.50997 0.00962081 0.00782921 -0.00055647
-0.103479 0.590067 1.50834 0.0079757 0.0079371 -0.00040773
-0.110024 0.628389 1.49246 0.00748549 0.00808306 -0.00050231
-0.103696 0.614577 1.61181 0.00662377 0.00812499 -0.00050231
-0.131414 0.712455 1.56142 0.00630354 0.00886918 -0.00105977
-0.111351 0.783201 1.32759 0.0118069 0.0078266 -0.00084621
-0.104343 0.651016 1.39688 0.00909384 0.00743528 -0.00050231
-0.0998126 0.685488 1.41934 0.00932277 0.00677405 -0.00050231
-0.0951941 0.651637 1.42099 0.00888853 0.00657206 -0.00027335
-0.0732061 0.676878 1.26513 0.0151349 0.00633569 -0.0003112
-0.0614625 0.584358 1.40652 0.012665 0.00554848 -0.00025214
-0.0994113 0.626279 1.44431 0.0118182 0.00680928 -0.00037108
-0.105197 0.684978 1.52314 0.0107744 0.00713753 -0.00022546
-0.100732 0.804915 1.40032 0.0110014 0.00645213 -0.00040991
-0.0663541 0.77872 1.34436 0.0141877 0.0057457 -0.00048446
-0.0677082 0.633722 1.5671 0.0108298 0.00661162 -0.00016354
-0.100537 0.597027 1.55039 0.00827385 0.00854355 -0.00021027
-0.112882 0.643844 1.2034 0.0111058 0.00832289 -0.00042281
-0.0990213 0.603743 1.38151 0.00702139 0.00807298 6.77e-06
-0.0857334 0.666692 1.41862 0.00836518 0.00620688 0.00012526
-0.0906704 0.603409 1.45044 0.00700318 0.00698054 0.00012526
-0.0808944 0.638277 1.40093 0.0111291 0.00759925 0.00012526
-0.080325 0.601889 1.49134 0.0099237 0.00809351 -0.00022017
-0.136444 0.593499 1.47033 0.00781395 0.00928983 -0.00085089
-0.135722 0.598988 1.13987 0.0111941 0.00920101 -0.00095565
-0.114918 0.55908 1.4615 0.00601238 0.00961504 -9.963e-05
-0.115487 0.591151 1.49417 0.0056126 0.00933054 -0.00016547
-0.140803 0.568801 1.57291 0.00490736 0.00969567 -0.00049781
-0.140574 0.693563 1.54338 0.00586885 0.0097522 -0.00046984
-0.104944 0.736217 1.38624 0.0111484 0.0083363 6.741e-05
-0.10518 0.650911 1.46137 0.00924181 0.00766032 -1.858e-05
-0.111477 0.661329 1.43558 0.00882379 0.00836952 -0.00030595
-0.0970813 0.6635 1.47363 0.0110476 0.00786937 -0.00015042
-0.11921 0.49397 1.56886 0.00704998 0.00935466 -0.00042372
-0.121758 0.604948 1.45283 0.00761422 0.00926531 -0.00024449
-0.114667 0.678754 1.49598 0.00785818 0.00897829 6.741e-05
-0.0884349 0.670431 1.53516 0.0110017 0.00886509 -0.00023873
-0.0951054 0.588485 1.50386 0.00860201 0.00890162 -7.661e-05
-0.106609 0.55511 1.56946 0.00676728 0.00941393 -0.00019641
-0.114164 0.668384 1.28744 0.0105533 0.00792199 -9.442e-05
-0.100248 0.583323 1.3845 0.0059876 0.00892108 -1.199e-05
-0.108573 0.618976 1.42154 0.00551794 0.00859823 -0.00021839
-0.109868 0.597807 1.45836 0.00518254 0.009026 -0.00043868
-0.115503 0.615099 1.44174 0.00600708 0.00926166 -0.00039335
-0.103567 0.620215 1.3488 0.0102691 0.00810385 -0.00031046
-0.105698 0.569153 1.46408 0.00771189 0.00956207 -3.503e-05
-0.116155 0.597565 1.46037 0.00642994 0.00911995 -0.0003877
-0.123619 0.60961 1.46559 0.00709735 0.00921871 -0.00028554
-0.118144 0.638504 1.29156 0.0106606 0.00936345 -0.0001917
-0.110702 0.647083 1.40284 0.00914158 0.0092024 -0.00013142
-0.123186 0.682828 1.43212 0.00917239 0.00969785 -0.00054171
-0.141825 0.65324 1.45788 0.0090166 0.00985086 -0.00045349
-0.13047 0.711434 1.27075 0.0119811 0.00946531 -0.00039261
-0.114294 0.662951 1.35328 0.0103755 0.00877028 -1.278e-05
-0.116978 0.67243 1.38485 0.0100663 0.00868556 -0.00011136
-0.0990438 0.645327 1.28639 0.0131527 0.00824522 -4.396e-05
-0.106818 0.657095 1.35998 0.0135084 0.00877072 0.00026993
-0.123197 0.640116 1.41499 0.0126093 0.00869543 0.00015583
-0.116135 0.701639 1.10984 0.0177304 0.00920151 0.00032681
-0.100246 0.646053 1.29695 0.0133755 0.00857681 0.00066356
-0.10078 0.710152 1.36442 0.0129098 0.00850848 0.00094023
-0.110117 0.694509 1.42617 0.0129019 0.00929321 0.00064136
-0.120075 0.789046 1.41095 0.0125261 0.00963593 0.00046873
-0.0924434 0.816882 1.26722 0.0163141 0.00897327 0.00085081
-0.0969082 0.729986 1.31698 0.0145296 0.0102354 0.00128273
-0.101458 0.727311 1.37666 0.0138595 0.00999921 0.00116429
-0.119721 0.722009 1.46964 0.0130787 0.0111311 0.00075558
-0.106428 0.801763 1.34194 0.0134404 0.010129 0.00066911
-0.0864717 0.776297 1.30743 0.0170689 0.0102319 0.00084545
-0.105064 0.682653 1.36298 0.0147523 0.0107922 0.00085765
-0.116469 0.715065 1.44734 0.0137726 0.0110294 0.00078678
-0.150306 0.728891 1.50492 0.0123222 0.0121768 0.00016894
-0.129983 0.820024 1.41355 0.0117894 0.0106553 0.00050349
-0.115795 0.79962 1.42009 0.0121029 0.0108909 0.00047613
-0.125504 0.786671 1.41786 0.0123235 0.011018 0.00051608
-0.128681 0.76235 1.44525 0.0121981 0.0112362 0.00036417
-0.158284 0.748505 1.54105 0.0113617 0.0119966 0.00036417
-0.154655 0.859625 1.46537 0.012056 0.0114884 0.00016665
-0.165087 0.79974 1.41948 0.0121198 0.0128945 -0.00017227
-0.170094 0.76797 1.41468 0.0118734 0.0134356 -0.00017227
-0.172118 0.745324 1.43472 0.0117602 0.0132241 -0.00017227
-0.171772 0.739198 1.4338 0.0117436 0.0132099 -0.00017227
-0.175532 0.7392 1.43208 0.0120002 0.0135575 -0.00017227
-0.18465 0.720871 1.46958 0.0113136 0.0142608 -0.00017227
-0.186138 0.737727 1.47203 0.0107846 0.0136687 -0.00017227
-0.167709 0.821208 1.40558 0.0113201 0.013388 -0.00017227
-0.178938 0.787858 1.43415 0.0108282 0.0136444 -0.00017227
-0.17865 0.76629 1.43377 0.0109567 0.0134281 -0.00017227
-0.186956 0.7182 1.51433 0.00990953 0.0139525 -0.00032469
-0.192397 0.82106 1.42376 0.0105548 0.0137192 -0.00059164
-0.184657 0.784523 1.40662 0.0108022 0.0136049 -0.00038699
-0.185971 0.738517 1.42359 0.0106211 0.0138599 -0.00038804
-0.188209 0.709932 1.42459 0.0102243 0.013968 -0.00048788
-0.196379 0.704179 1.42393 0.0104562 0.0144017 -0.00060455
-0.201888 0.671059 1.49496 0.00956272 0.0143666 -0.00051631
-0.206422 0.690226 1.45487 0.00938671 0.0150562 -0.00067824
-0.200266 0.800041 1.41847 0.00835423 0.0142203 -0.00092519
-0.168312 0.810824 1.47753 0.011722 0.0134704 -0.0005156
-0.166016 0.690851 1.48531 0.0101955 0.0127274 -0.00014482
-0.161436 0.760555 1.50996 0.0117307 0.0112373 -3.453e-05
-0.163765 0.751765 1.36121 0.0168688 0.0114821 -0.00053117
-0.133875 0.736798 1.48667 0.0144945 0.00944791 -3.453e-05
-0.140362 0.80007 1.50144 0.0136907 0.0107456 0.00013416
-0.141014 0.80737 1.50729 0.0136778 0.0104892 -3.453e-05
-0.148985 0.780325 1.59278 0.0130623 0.0101782 -3.453e-05
-0.164834 0.865998 1.2728 0.0179718 0.0117576 -3.453e-05
-0.138953 0.77582 1.47964 0.0141952 0.0102195 -3.453e-05
-0.147943 0.7985 1.49117 0.0135249 0.0108329 2.376e-05
-0.154859 0.774836 1.55429 0.0132516 0.0107055 -3.453e-05
-0.155631 0.781293 1.29169 0.0167648 0.0114598 0.00011892
-0.145042 0.746759 1.45883 0.0140288 0.0103982 -2.354e-05
-0.149506 0.763675 1.49406 0.0133929 0.0108573 -1.463e-05
-0.164631 0.74956 1.52242 0.0127999 0.0110912 -1.928e-05
-0.167316 0.870583 1.44413 0.013371 0.0115485 -0.00036905
-0.12875 0.855561 1.41852 0.0165858 0.0100703 0.00012394
-0.135823 0.786939 1.50972 0.0147919 0.010833 0.00059948
-0.132062 0.796896 1.48988 0.0141335 0.010857 0.00059948
-0.138885 0.776664 1.59924 0.0127982 0.0109911 0.00059948
-0.134599 0.753447 1.32622 0.0167815 0.0111023 0.00059948
-0.126116 0.760492 1.47947 0.0123604 0.0104996 0.00090189
-0.128819 0.822425 1.48053 0.0133185 0.00981908 0.00131158
-0.102636 0.790703 1.48148 0.016145 0.0113499 0.00089335
-0.101643 0.716663 1.62892 0.0142951 0.0104119 0.00114085
-0.101825 0.760624 1.64523 0.0135371 0.0106575 0.00131158
-0.10637 0.898865 1.56735 0.0138902 0.0107443 0.00091754
-0.108713 0.912769 1.34454 0.0184919 0.0108232 0.00080282
-0.114959 0.770643 1.45321 0.0162159 0.0107804 0.000852
-0.146495 0.789516 1.47829 0.0142644 0.0123072 0.00033568
-0.129104 0.753191 1.36136 0.0166672 0.0117094 0.00079859
-0.136283 0.71088 1.48539 0.0125294 0.0117321 0.00133359
-0.146213 0.718959 1.61319 0.0126003 0.0122207 0.00088536
-0.157104 0.801302 1.26343 0.0159427 0.0135292 0.00073806
-0.14722 0.762506 1.43483 0.0143834 0.0126535 0.00081003
-0.162323 0.77771 1.4908 0.0126744 0.0130738 0.00067678
-0.185519 0.762718 1.59567 0.0121598 0.0142898 0.00020808
-0.20003 0.840267 1.52055 0.0128107 0.0139052 -3.014e-05
-0.147298 0.896046 1.5101 0.015677 0.0129485 0.00075857
-0.152745 0.763603 1.54686 0.0129316 0.01288 0.00093341
-0.160019 0.792556 1.52129 0.0134161 0.0132333 0.00086035
-0.170392 0.76651 1.55641 0.0136097 0.0134467 0.00075857
-0.181292 0.743838 1.22311 0.0194872 0.0136821 0.00016682
-0.157007 0.73032 1.40462 0.014406 0.0121455 0.0008214
-0.138183 0.780589 1.49322 0.0137912 0.011333 0.0005015
-0.159189 0.758551 1.51823 0.0124584 0.0124252 0.0003302
-0.17428 0.777883 1.59522 0.0126343 0.0132795 0.00040921
-0.153373 0.825646 1.33486 0.0162816 0.0125372 0.00105285
-0.14495 0.780423 1.59113 0.0106284 0.0133625 0.0015445
-0.156456 0.843924 1.63364 0.00944476 0.0138931 0.00121396
-0.126088 0.833389 1.53546 0.0124643 0.0128376 0.0015445
-0.0840344 0.809082 1.65884 0.0167731 0.0136295 0.00196139
-0.127216 0.753654 1.6336 0.0135736 0.0129371 0.00135993
-0.126627 0.814912 1.67164 0.0128892 0.0131127 0.0013345
-0.128993 0.923537 1.45329 0.0178704 0.0138889 0.0013345
-0.105611 0.782945 1.57973 0.0140345 0.0121511 0.00185622
-0.127984 0.779358 1.59776 0.0117786 0.0134378 0.00162612
-0.130119 0.784514 1.58782 0.0121227 0.0128602 0.00158461
-0.123304 0.785447 1.47969 0.0165017 0.0124721 0.00119092
-0.120251 0.703249 1.57135 0.0128132 0.0118283 0.00130305
-0.132397 0.750991 1.63831 0.0128275 0.0127438 0.00130623
-0.138369 0.774419 1.35717 0.0160434 0.0128761 0.0011368
-0.1291 0.81371 1.57349 0.0129634 0.0128396 0.00143568
-0.138234 0.847011 1.58664 0.0131205 0.0128946 0.00109587
-0.138874 0.825366 1.43824 0.0175775 0.0132004 0.00114209
-0.123533 0.829294 1.56602 0.0139625 0.0123166 0.00163599
-0.134853 0.820988 1.59358 0.0131141 0.0130389 0.00168877
-0.144138 0.798575 1.73034 0.01225 0.013325 0.00177025
-0.15139 0.920699 1.58004 0.0129822 0.0139033 0.00138162
-0.12165 0.904627 1.5539 0.0165899 0.012881 0.00167262
-0.12457 0.810768 1.57977 0.013965 0.012691 0.00156388
-0.126467 0.734294 1.6938 0.0128282 0.0123432 0.00166799
-0.140311 0.866601 1.70498 0.0118898 0.0129227 0.00171674
-0.131592 0.931266 1.62824 0.0124495 0.0125911 0.00151181
-0.103309 0.857529 1.47541 0.0166046 0.011645 0.00149905
-0.09505 0.787268 1.74675 0.0122387 0.011491 0.0016588
-0.0918033 0.873854 1.76189 0.0131168 0.0110669 0.00156388
-0.103746 0.883394 1.75097 0.0125624 0.0120481 0.00145489
-0.144692 0.736642 1.2258 0.020236 0.0137475 0.00092629
-0.148612 0.731922 1.28717 0.0174288 0.0135369 0.00099519
-0.145841 0.768978 1.36759 0.0156508 0.0130306 0.00105367
-0.143123 0.751875 1.27692 0.0196483 0.0134128 0.00089884
-0.134945 0.711511 1.45769 0.0162827 0.0126544 0.00112681
-0.150865 0.751476 1.48216 0.0157139 0.0135311 0.00103688
-0.168565 0.801508 1.52323 0.0152547 0.01455 0.00100739
-0.170092 0.895363 1.11956 0.0203188 0.0145883 0.00067733
-0.153823 0.723302 1.32761 0.0156567 0.0135801 0.00100739
-0.148339 0.780906 1.37151 0.0149916 0.0137871 0.00100739
-0.168701 0.699986 1.45298 0.0136504 0.01371 0.00133443
-0.16775 0.783903 1.35407 0.0140156 0.0136498 0.00157164
-0.157747 0.778172 1.14224 0.0172897 0.0131765 0.00104684
-0.154025 0.676357 1.25042 0.0150023 0.0130072 0.00118532
-0.148274 0.714449 1.3306 0.0143581 0.0134999 0.00130682
-0.170783 0.678022 1.45009 0.0124409 0.0141173 0.00113227
-0.173783 0.819386 1.40106 0.0130426 0.0137604 0.00113227
-0.148587 0.797234 1.11082 0.0181016 0.0122997 0.00056019
-0.15462 0.673207 1.29098 0.0143703 0.0127377 0.00058053
-0.164615 0.725975 1.27614 0.0137346 0.0128741 0.00071593
-0.164424 0.731872 1.1888 0.0174615 0.0131827 0.00053416
-0.166978 0.669378 1.3147 0.0154736 0.0135764 0.00054099
-0.173004 0.73855 1.33862 0.0148718 0.0134851 0.00060468
-0.162437 0.72186 1.22953 0.0171526 0.0132379 0.00049655
-0.148895 0.738539 1.37374 0.0136069 0.0122452 0.00113228
-0.176122 0.778785 1.42351 0.0129244 0.0131844 0.00092473
-0.210313 0.802104 1.47618 0.012864 0.0145897 0.00054098
-0.21616 0.917444 1.3822 0.0133801 0.0147163 8.317e-05
-0.160786 0.887509 1.3628 0.015997 0.0134223 0.00050829
-0.167719 0.791755 1.34809 0.0152881 0.0136368 0.00060549
-0.185226 0.763205 1.39972 0.015046 0.0136406 0.00060549
-0.191052 0.76934 1.38114 0.0145296 0.0134003 0.00060549
-0.179628 0.802635 1.28826 0.0165226 0.0143734 0.0006055
-0.161085 0.716775 1.38706 0.0141246 0.0129089 0.00060549
-0.176082 0.788786 1.40158 0.0140626 0.0136012 0.00019699
-0.191757 0.767918 1.39038 0.0144133 0.0132836 -0.00023582
-0.214656 0.787819 1.4527 0.0141783 0.0138333 -4.606e-05
-0.203619 0.924116 1.21037 0.019697 0.0132939 -0.00025717
-0.181612 0.817104 1.27009 0.0181299 0.0135724 -0.000132
-0.182172 0.838611 1.33121 0.0167428 0.0131692 -7.681e-05
-0.184241 0.838901 1.31665 0.0169089 0.0138453 -0.00025838
-0.18778 0.804244 1.32009 0.0168556 0.0132384 -0.00030936
-0.189461 0.752858 1.18427 0.0197401 0.0138082 -0.00037443
-0.172919 0.732095 1.35775 0.0152604 0.0132928 0.00019699
-0.182659 0.747087 1.40428 0.0153993 0.0129059 0.00019699
-0.214465 0.79294 1.15202 0.0184791 0.0149078 6.21e-06
-0.179262 0.798549 1.27624 0.0152017 0.0128792 0.00024261
-0.186503 0.8246 1.29639 0.0156264 0.0131254 2.984e-05
-0.169971 0.821013 1.20636 0.0194564 0.013431 -0.0001628
-0.185642 0.76876 1.23258 0.0178848 0.0138137 0.00011346
-0.182247 0.781945 1.26436 0.0170031 0.0139599 0.00015967
-0.198782 0.759365 1.35673 0.016324 0.0137315 -4.041e-05
-0.211844 0.794928 1.012 0.0202452 0.0138961 -0.0003464
-0.187696 0.743313 1.18448 0.017906 0.0134875 -7.669e-05
-0.192099 0.782597 1.25714 0.0172521 0.0134903 -0.00025895
-0.198945 0.767122 1.36605 0.0161865 0.0139112 -0.0002242
-0.204384 0.849879 1.33684 0.0160626 0.0136938 -0.00032017
-0.189204 0.842734 1.3163 0.0173038 0.014079 -0.00039008
-0.185496 0.757649 1.43721 0.0140399 0.0136169 1.868e-05
-0.185655 0.814572 1.43585 0.0144072 0.0136421 -0.00022111
-0.185208 0.780374 1.55245 0.0141782 0.0136041 8.944e-05
-0.221004 0.797179 1.21123 0.0177757 0.0156317 -0.00082747
-0.200137 0.789732 1.39047 0.0152758 0.0142885 -0.00042833
-0.212109 0.824814 1.50987 0.0133483 0.0144077 -0.00076352
-0.235446 0.790496 1.56891 0.0120339 0.015493 -0.00081497
-0.239019 0.826514 1.66638 0.0114804 0.01542 -0.00082635
-0.247053 0.953951 1.57033 0.0124524 0.0148815 -0.00111205
-0.248103 0.933322 1.53945 0.0131036 0.0149774 -0.00111205
-0.243947 0.901008 1.51308 0.0131929 0.0150127 -0.00111205
-0.240162 0.864438 1.51635 0.0129949 0.0151389 -0.00139918
-0.254726 0.838803 1.51922 0.0130173 0.0152139 -0.00135144
-0.24614 0.817683 1.51498 0.0127157 0.0154461 -0.00130826
-0.240705 0.754027 1.63204 0.0110569 0.0153851 -0.00111205
-0.254135 0.820765 1.68164 0.0102704 0.0159263 -0.00111205
-0.253493 0.95001 1.56703 0.0115337 0.0154424 -0.00151531
-0.259321 0.885879 1.52207 0.0107351 0.0156826 -0.00164254
-0.264284 0.857916 1.52285 0.0104494 0.0157372 -0.00173763
-0.259275 0.82222 1.527 0.0101962 0.0158957 -0.00199152
-0.273331 0.795124 1.52452 0.00980351 0.016059 -0.00225387
-0.279068 0.762673 1.55226 0.00982987 0.0160217 -0.00234561
-0.275577 0.712038 1.70012 0.00844476 0.0161135 -0.00193906
-0.282575 0.83547 1.6222 0.00966809 0.0156531 -0.00225387
-0.297386 0.858969 1.56403 0.0101908 0.0153045 -0.00225387
-0.2849 0.832554 1.55252 0.010647 0.0157435 -0.00225387
-0.283063 0.799807 1.57977 0.00962484 0.0154912 -0.0023144
-0.282584 0.768041 1.68806 0.0086158 0.0152843 -0.00219179
-0.28205 0.867305 1.57191 0.00967166 0.0149603 -0.00225387
-0.280207 0.865238 1.53298 0.00986168 0.0151518 -0.00241825
-0.287174 0.817121 1.53307 0.00995613 0.0156619 -0.00270797
-0.281807 0.795673 1.55258 0.00994376 0.0154725 -0.00249496
-0.28776 0.787327 1.54519 0.00983409 0.0158429 -0.00265696
-0.284956 0.746421 1.62731 0.00911321 0.0148711 -0.00241164
-0.292686 0.766744 1.5857 0.00863093 0.0155363 -0.00243908
-0.284893 0.895715 1.57024 0.0084911 0.0148173 -0.00268301
-0.272573 0.864273 1.60396 0.00827139 0.01479 -0.00290771
-0.281123 0.832712 1.62228 0.00802035 0.0148861 -0.00290771
-0.2965 0.802464 1.68561 0.00697525 0.0158014 -0.00308023
