3.494e-05 0.0968007 0.010925 -0.0011418 -0.00031124 0
0.00704846 0.0868993 0.0169433 -0.00091081 -0.00042564 0
0.01723 0.0786574 -0.00537981 0.00206142 -0.00015766 -0.00027947
0.0161067 0.0997795 0.0123311 0.00094121 -0.0003776 -0.0003727
0.0194823 0.106287 0.00608939 0.00078832 -0.00063226 -0.00039133
0.01183 0.207073 0.0260993 -1.244e-05 -0.000603 -0.00019886
0.010866 0.108677 0.00417047 0.00016403 -0.00014134 -0.00037242
0.0189735 0.0442916 0.0274495 0.00035109 -0.00023022 -0.00025
0.0193045 0.0826051 0.0407268 0.00077512 -0.00066208 -0.00012203
0.0193823 0.109152 0.0367357 0.00059201 -0.00080744 -8.314e-05
0.00636087 0.222393 0.0493053 0.00029979 -0.00100113 2.027e-05
0.00761141 0.0668758 0.00939973 -0.00012963 -0.00083109 0.0001339
0.0119895 0.121138 0.0288304 0.00055117 -0.00078375 0.00069805
0.0313164 0.143281 -0.0037381 0.00156069 -0.00121129 0.00089313
0.249655 -0.98353 -2.78785 0.0590218 -0.00384217 0.00468631
0.240189 -0.0550011 -3.14353 0.0542333 -0.00449606 0.00507902
0.150553 0.0982136 -2.00458 0.0324467 -0.00483995 0.00362368
0.149322 0.0309336 -1.64692 0.0258684 -0.00493433 0.00306683
0.152187 -0.0203783 -1.52887 0.0241546 -0.00520015 0.00332112
0.133724 -0.0254287 -1.30537 0.0208318 -0.00436407 0.00306683
0.107353 -0.00102368 -1.23246 0.0211728 -0.00445632 0.00306683
0.100608 -0.232867 -1.22364 0.021248 -0.00425353 0.00277981
0.124956 -0.226864 -1.12466 0.020144 -0.00336269 0.00306683
0.125428 -0.167208 -1.11393 0.0195342 -0.00371428 0.00265198
0.137926 -0.0889639 -1.12017 0.0194983 -0.00390498 0.00281232
0.137999 0.0119046 -1.11829 0.0195543 -0.00396777 0.00289845
0.149363 0.0670353 -1.11546 0.0215246 -0.00384851 0.00299732
0.120776 0.22446 -1.07463 0.0209494 -0.0049353 0.00306683
0.140439 0.12754 -1.10697 0.020437 -0.00488766 0.00356649
0.170644 -0.00476114 -1.25216 0.027045 -0.00485065 0.00370696
0.158706 0.183901 -1.11376 0.0230482 -0.0057112 0.00450274
0.161248 -0.151301 -1.23768 0.0175137 -0.00640928 0.00470486
0.177556 -0.162301 -1.20397 0.0171222 -0.00638318 0.00477827
0.195835 -0.234014 -1.14658 0.0162861 -0.00584108 0.00469377
0.216938 -0.0165646 -1.01531 0.0161409 -0.0048785 0.00465738
0.212638 -0.0466018 -0.977049 0.0145334 -0.00550283 0.00472397
0.215893 0.00207934 -0.911747 0.0143745 -0.00575508 0.00430289
0.186785 0.185758 -0.803499 0.013648 -0.00582372 0.00479044
0.178015 -0.129146 -1.07416 0.0167786 -0.00551786 0.00433999
0.198594 -0.00805617 -1.03666 0.0156004 -0.00622664 0.00474427
0.204927 -0.00174668 -1.02207 0.0152844 -0.00677474 0.00489571
0.192901 0.123919 -0.900282 0.0137099 -0.00663795 0.00496342
0.185515 0.0598164 -0.918905 0.01383 -0.0070182 0.00503649
0.188708 -0.139228 -1.08433 0.0162864 -0.00693051 0.00503648
0.237121 0.00821151 -1.05222 0.017675 -0.0062112 0.00548976
0.196599 0.05805 -1.04182 0.0156666 -0.00744657 0.00532969
0.174783 0.0770505 -0.983058 0.0156708 -0.00709882 0.00490911
0.180168 -0.119151 -1.08882 0.0195635 -0.00630655 0.00445022
0.207231 0.0565052 -1.02207 0.0178226 -0.00613158 0.0054575
0.191045 0.141734 -0.88985 0.0149925 -0.00721576 0.00529513
0.176096 -0.0980599 -1.17311 0.0201718 -0.00659328 0.00485452
0.195845 0.0898679 -0.980967 0.0180845 -0.00634969 0.00516039
0.193491 0.0554088 -0.948131 0.0165948 -0.00643828 0.00490485
0.191627 0.199131 -0.849566 0.0159097 -0.00670863 0.00533919
0.188369 0.0358255 -0.956285 0.0170217 -0.00695132 0.00533919
0.189555 -0.048939 -1.0643 0.0186598 -0.00678231 0.00533919
0.216114 0.039346 -0.97874 0.0171767 -0.00679669 0.00565158
0.217915 0.030543 -0.983545 0.0173728 -0.00689364 0.00555241
0.209099 0.189345 -0.902385 0.016785 -0.00721487 0.00590953
0.196743 -0.0608433 -1.17212 0.0202747 -0.00685618 0.00592764
0.214917 0.253322 -1.03447 0.0205316 -0.00612719 0.00607107
0.216094 0.296381 -0.816334 0.0186377 -0.00545295 0.00575603
0.216297 0.165318 -0.863278 0.0230665 -0.00580948 0.00537774
0.229236 0.334002 -0.771361 0.0205648 -0.00552755 0.00616142
0.215467 0.337559 -0.734613 0.0192904 -0.0063364 0.00592907
0.206777 0.26787 -0.730879 0.0192554 -0.00658838 0.00602204
0.197214 0.0393149 -0.90943 0.024392 -0.00464472 0.00507673
0.221714 0.259825 -0.749035 0.022378 -0.00377845 0.00544971
0.207235 0.238969 -0.705622 0.0216186 -0.00373629 0.00512638
0.211878 0.306826 -0.692826 0.0205716 -0.00444712 0.00559436
0.190174 0.395736 -0.679228 0.0211432 -0.00464261 0.0055285
0.202043 0.19123 -0.811189 0.0231488 -0.00395782 0.00551318
0.214934 0.37386 -0.710508 0.0227599 -0.0043555 0.00595121
0.221935 0.343716 -0.727284 0.0220031 -0.00488315 0.00607464
0.225383 0.232072 -0.86908 0.0259691 -0.00480768 0.00586551
0.215107 0.385699 -0.776952 0.0242098 -0.00494775 0.00570831
0.194865 0.486457 -0.669496 0.0225848 -0.0044637 0.00582329
0.188522 0.312866 -0.709661 0.0222512 -0.00469042 0.00598463
0.199912 0.144233 -0.872849 0.0296691 -0.00342578 0.00548194
0.216727 0.351202 -0.730587 0.0286692 -0.0034468 0.0058858
0.184276 0.45216 -0.736868 0.0262809 -0.00300148 0.00585172
0.190276 0.343036 -0.757626 0.0257306 -0.00348964 0.00599042
0.213569 0.160024 -0.965047 0.0293983 -0.00368193 0.00636059
0.213326 0.341379 -0.883908 0.0266423 -0.00388629 0.00635888
0.201766 0.491078 -0.791625 0.025895 -0.00372218 0.00618309
0.193694 0.389648 -0.80672 0.0254327 -0.00376787 0.00611059
0.210531 0.282813 -0.890429 0.0250143 -0.00486362 0.00652584
0.185881 -0.23321 -1.33296 0.032893 -0.00565875 0.00600815
0.106203 -0.302331 -1.92389 0.037255 -0.00363903 0.00380331
0.143374 0.358063 -1.32336 0.0242495 -0.00426231 0.00377892
0.146128 0.277352 -1.3557 0.0236186 -0.00614986 0.00519152
0.134719 0.270522 -1.22904 0.0266974 -0.0050996 0.00417195
0.125593 0.114477 -1.07123 0.0118338 -0.0100889 0.0041028
0.144149 0.0753001 -1.11469 0.0139918 -0.0078538 0.00609784
0.152982 -0.0548343 -1.15982 0.014378 -0.00717859 0.00633485
0.163062 -0.060981 -1.10374 0.0125871 -0.00647177 0.00603869
0.164468 -0.0187269 -1.0802 0.0100574 -0.00788972 0.00603869
0.161486 0.0401577 -1.05197 0.0100452 -0.00778197 0.00620473
0.132944 0.269979 -0.849929 0.0109112 -0.00659739 0.00642998
0.171356 0.0140987 -1.11211 0.01054 -0.0072481 0.00755822
0.20206 0.131675 -1.14965 0.0136436 -0.00765328 0.00768326
0.204402 0.164184 -1.12828 0.0118077 -0.00823821 0.0075711
0.160493 0.406508 -0.874967 0.0137024 -0.00658089 0.00783262
0.177038 0.0785597 -1.08258 0.0163355 -0.00560389 0.00729743
0.193081 0.134191 -1.03502 0.0160128 -0.00641442 0.00731522
0.18747 0.103197 -0.996423 0.0150394 -0.0064926 0.00718402
0.168829 0.249159 -0.881818 0.0145771 -0.0059714 0.00718402
0.166038 0.123464 -0.976561 0.0152646 -0.00626308 0.00698706
0.19685 0.0438323 -1.0626 0.0156591 -0.00673375 0.00734405
0.216668 0.143187 -0.99002 0.0158378 -0.00686462 0.00750402
0.193308 0.266078 -0.948944 0.0151774 -0.00703171 0.00773063
0.186328 0.154483 -1.10188 0.0152401 -0.00658739 0.00745474
0.199785 0.179705 -1.06891 0.0157588 -0.00694712 0.00766152
0.196435 0.19004 -1.0308 0.0152999 -0.00714612 0.00758717
0.210867 0.158432 -1.06949 0.0171977 -0.00666362 0.00755287
0.209509 0.236317 -0.97075 0.0160535 -0.00618601 0.00727799
0.194154 0.256312 -0.905902 0.0149374 -0.00668312 0.00739715
0.191903 0.0801877 -1.09086 0.0163761 -0.00616888 0.00727799
0.211938 0.114152 -0.939183 0.015246 -0.00623911 0.00736913
0.2176 0.128459 -0.934818 0.01501 -0.0068071 0.00778432
0.223838 0.125681 -0.948569 0.0151865 -0.00671473 0.00784222
0.227005 0.16444 -0.937419 0.0153671 -0.00681854 0.00795607
0.222858 0.157556 -0.999313 0.0184746 -0.00622888 0.00776374
0.221141 0.247339 -0.863629 0.0174391 -0.00566133 0.00758847
0.198019 0.317124 -0.863651 0.0162879 -0.00619433 0.00755627
0.185055 0.29788 -0.823774 0.0163953 -0.00605268 0.00760357
0.192847 0.167945 -0.909542 0.0177825 -0.00602974 0.00735814
0.204679 0.314434 -0.809181 0.018009 -0.00514475 0.00747897
0.191073 0.322739 -0.773036 0.016031 -0.00528056 0.00720159
0.158593 0.398193 -0.753165 0.0163852 -0.00475686 0.00699553
0.173402 0.222047 -0.874092 0.0171694 -0.00551351 0.00720731
0.184002 0.24528 -0.791039 0.0170334 -0.00473885 0.00661986
0.1709 0.452323 -0.691604 0.0162777 -0.00462126 0.00725372
0.165508 0.297508 -0.751861 0.0165432 -0.00513911 0.00739883
0.191378 0.277386 -0.781396 0.0171629 -0.00514906 0.00751932
0.19228 0.334639 -0.759219 0.017107 -0.00504927 0.00762355
0.181407 0.323569 -0.823221 0.0188718 -0.00529395 0.00716042
0.202104 0.399133 -0.75502 0.0190196 -0.00516692 0.00799113
0.180975 0.430315 -0.696402 0.017239 -0.00563374 0.00781909
0.169232 0.430015 -0.733162 0.0172221 -0.00535755 0.00776327
0.183152 0.243816 -0.828984 0.0196646 -0.00558709 0.00760658
0.190308 0.336707 -0.671642 0.0187926 -0.00507743 0.00751743
0.174818 0.406917 -0.654987 0.0173743 -0.00529188 0.00751743
0.166131 0.479797 -0.643849 0.0175753 -0.00566795 0.00777345
0.175984 0.26047 -0.858655 0.021219 -0.00559979 0.00756165
0.182836 0.354063 -0.733738 0.0198319 -0.00557836 0.00735973
0.185 0.405564 -0.666947 0.0182005 -0.00512379 0.00711019
0.18919 0.467254 -0.599577 0.0203758 -0.00491213 0.0067328
0.196142 0.523858 -0.5249 0.0197894 -0.00463675 0.00729973
0.162682 0.634963 -0.426123 0.0179499 -0.00461892 0.00710404
0.165448 0.494233 -0.490412 0.0193221 -0.00448401 0.00731091
0.183281 0.466917 -0.489456 0.0192397 -0.00494065 0.00784313
0.190937 0.48097 -0.480726 0.0225736 -0.00465493 0.00696461
0.170324 0.652761 -0.417418 0.0217151 -0.00443145 0.00660127
0.148586 0.670184 -0.433814 0.0199695 -0.00469767 0.00660127
0.161621 0.547704 -0.476102 0.020805 -0.00570645 0.00700012
0.176483 0.524906 -0.563468 0.0214225 -0.00555677 0.00721874
0.159203 0.52486 -0.588833 0.023326 -0.00533343 0.00612952
0.131725 0.735643 -0.536796 0.0225102 -0.00498052 0.00611273
0.133767 0.553538 -0.571778 0.0217464 -0.00517947 0.00616594
0.148995 0.551042 -0.572816 0.0247363 -0.0051216 0.0055642
0.149431 0.651234 -0.508631 0.0235391 -0.00514512 0.0060678
0.155315 0.702783 -0.479916 0.0225483 -0.00468969 0.00623018
0.155076 0.57751 -0.625757 0.0253168 -0.00392925 0.006414
0.169638 0.580174 -0.540679 0.0230337 -0.00469385 0.00648454
0.175495 0.584691 -0.485853 0.0213797 -0.00495573 0.00656454
0.179927 0.535331 -0.552595 0.0212839 -0.00422633 0.00608307
0.108757 0.662255 -0.484267 0.0187025 -0.00499858 0.00632061
0.0456885 0.508573 -0.356618 0.0159278 -0.00361935 0.00449916
0.0560779 0.620887 -0.210942 0.0197115 -0.0035609 0.00513686
0.0947466 0.543175 -0.0630307 0.0171896 -0.00248483 0.00558046
0.130978 0.593031 0.0209224 0.0150375 -0.00337168 0.00679328
0.1429 0.617465 0.0351481 0.0153949 -0.0034382 0.00737869
0.168439 0.649167 0.0762951 0.0149342 -0.00335552 0.00771463
0.17264 0.656374 0.107275 0.0139463 -0.00278089 0.00769696
0.156782 0.715996 0.114434 0.0139732 -0.00308978 0.00754741
0.130459 0.776816 0.129716 0.0139429 -0.00313416 0.00698276
0.157228 0.590507 0.0733861 0.0138957 -0.00351194 0.00649703
0.151057 0.54009 0.100209 0.0139929 -0.0023859 0.00581275
0.156138 0.528659 0.106539 0.0131416 -0.00252896 0.00581275
0.121892 0.548681 0.0996573 0.0129772 -0.00311494 0.00581275
0.100656 0.663771 0.151037 0.0123205 -0.0030486 0.00551781
0.0825934 0.538119 0.0845208 0.0155024 -0.00255056 0.00415646
0.0603667 0.633704 0.1519 0.0153096 -0.00110806 0.00303689
0.0831754 0.587886 0.151571 0.0149464 -0.00166447 0.00377104
0.0897222 0.645419 0.217406 0.0142056 -0.00234221 0.00429482
0.0610872 0.689243 0.308573 0.0134929 -0.00121506 0.00396039
0.0707424 0.447348 0.170346 0.0144434 -0.00234221 0.00351074
0.0795247 0.451065 0.189785 0.0145377 -0.0016248 0.00351074
0.0794631 0.487377 0.18866 0.0149684 -0.00151451 0.00351074
0.0802655 0.608693 0.258977 0.0138155 -0.00158981 0.00359291
0.0645789 0.704693 0.301582 0.0128078 -0.00125746 0.0037189
0.0762844 0.538206 0.208961 0.0130643 -0.00139922 0.00351074
0.0885795 0.616863 0.206074 0.0148454 -0.00160136 0.00361136
0.0829446 0.666929 0.250358 0.0131975 -0.00147536 0.00351074
0.0623501 0.53046 -0.0748935 0.0218932 -0.00234221 0.00323206
0.0744684 0.650176 0.0804124 0.0205289 -0.00142635 0.00319513
0.0740922 0.682253 0.232913 0.0181303 -0.00148194 0.00313367
0.0556712 0.748012 0.368418 0.0155878 -0.00212649 0.00325734
0.0570327 0.509195 0.230224 0.015677 -0.00200887 0.00295288
0.0745886 0.485822 0.142785 0.0196132 -0.0015182 0.00282645
0.0779743 0.608041 0.180792 0.0201687 -0.00125516 0.00317703
0.0788092 0.645943 0.237769 0.0177396 -0.00174476 0.00317703
0.077583 0.639838 0.155538 0.0200098 -0.00106237 0.00317703
0.0776763 0.673464 0.184631 0.0193648 -0.00124247 0.00317703
0.0678468 0.811868 0.322082 0.0171836 -0.00122542 0.00331742
0.0466 0.528429 -0.0685586 0.0235628 -0.00033992 0.00261072
0.0530094 0.600027 0.0901901 0.0192869 -0.00044406 0.00289334
0.0582654 0.681364 0.214601 0.0177513 -0.00064865 0.00315789
0.0437707 0.728858 0.233194 0.0176766 -5.603e-05 0.00281681
0.0658232 0.472527 -0.0138076 0.0245467 0.00089249 0.00229434
0.0659355 0.640814 0.128085 0.0224339 0.00044176 0.00281517
0.0743075 0.615561 0.188904 0.020435 -0.00023679 0.00334904
0.0668959 0.648276 0.203042 0.019591 0.00029678 0.0030771
0.0215399 0.756182 0.264095 0.0182194 -0.00090904 0.00294535
0.0514372 0.526713 0.0208913 0.023146 9.166e-05 0.00309489
0.0646256 0.64393 0.168964 0.0224276 0.00102766 0.00256757
0.0620258 0.658673 0.230128 0.0188966 0.00056023 0.00294389
0.0476123 0.811223 0.373939 0.0180083 0.00012243 0.00318726
0.0293876 0.714592 0.377971 0.0169982 7.312e-05 0.00293471
0.0532176 0.5436 0.135879 0.022409 -6.167e-05 0.00293471
0.0550672 0.645418 0.209171 0.0204614 0.00012155 0.00293471
0.06078 0.625349 0.208832 0.0217892 8.52e-05 0.00250162
0.0534457 0.658743 0.23257 0.0197714 -0.00027625 0.0030882
0.0548763 0.605438 0.128962 0.0210649 -0.00043151 0.00293471
0.0486611 0.898741 0.362067 0.0214674 -0.00023043 0.0023887
0.0575431 0.718655 0.301717 0.0193096 9.1e-05 0.00293471
0.0362553 0.570235 0.0832135 0.0263079 -0.00023445 0.0019455
0.0602348 0.712315 0.226109 0.021167 -0.00020952 0.00291903
0.0389971 0.746635 0.306695 0.0199026 -0.00057266 0.00245358
0.0396703 0.533708 0.0780926 0.0205741 -8.248e-05 0.00269512
0.0397616 0.580108 0.0605245 0.0224593 -0.00051797 0.00252596
0.051497 0.630524 0.19582 0.0213951 -6.932e-05 0.00273958
0.0415382 0.688341 0.258457 0.0194017 -0.00019302 0.00252288
0.0344931 0.602411 0.028762 0.0247322 0.00056022 0.00212591
0.0547742 0.696369 0.159187 0.0209417 0.00014892 0.00284864
0.0566519 0.707437 0.270604 0.0188842 -9.626e-05 0.00302494
0.0261705 0.829432 0.371884 0.0179353 -2.626e-05 0.00255443
0.0257037 0.574508 0.0692482 0.0223886 0.00026718 0.00245001
0.0494373 0.727162 0.253858 0.0198199 0.00022878 0.00304331
0.060102 0.689954 0.320008 0.0178199 -5.965e-05 0.0034261
0.0553053 0.695716 0.332199 0.0185681 0.00058047 0.00301294
0.0446764 0.791939 0.39787 0.0174174 0.00016019 0.00302649
0.0345878 0.578424 0.0258292 0.0251686 0.0004252 0.00265212
0.0516992 0.737876 0.216902 0.02109 0.00041549 0.00283065
0.0489405 0.686466 0.274494 0.0210848 0.00059768 0.00237241
0.0582422 0.649217 0.28341 0.0244757 0.00073827 0.00207157
0.0574758 0.79563 0.372937 0.0241531 0.00115717 0.00195858
0.0218276 0.816157 0.372191 0.0218497 0.00015849 0.00216522
0.0200739 0.651181 0.315662 0.0219841 -0.00028345 0.00227515
0.0319074 0.54028 0.144826 0.0260462 -5.842e-05 0.00248081
0.037596 0.644681 0.181159 0.0253571 -6.945e-05 0.00248081
0.0181133 0.768975 0.299578 0.0233937 -0.00013357 0.00232588
0.0349601 0.569354 0.00694297 0.0271201 0.00023546 0.00248081
0.0504962 0.676525 0.200602 0.021742 0.00014147 0.00304575
0.0505463 0.6912 0.260398 0.0206024 0.00016009 0.00307582
0.0306528 0.583318 0.00808812 0.0295931 0.00049471 0.00229345
0.0387183 0.748081 0.183342 0.022573 0.00041501 0.00248086
0.0343511 0.737398 0.229979 0.0211446 0.00018701 0.00276302
0.0136636 0.789127 0.301951 0.0205958 -0.00014345 0.00251705
0.0248165 0.686528 0.277173 0.0210027 -0.00023547 0.00284221
0.0307984 0.473016 0.0272749 0.0259534 -0.00043692 0.0030984
0.0567185 0.62739 0.101683 0.0257805 0.00096426 0.00265143
0.0266237 0.726909 0.168228 0.0219302 0.00024418 0.00278085
0.0235724 0.63468 0.133993 0.0213419 -0.00030487 0.00278085
0.0382525 0.615873 0.0927882 0.0247796 -2.077e-05 0.00278085
0.0526417 0.710503 0.223468 0.0241355 0.00016449 0.00272779
0.0202465 0.764966 0.234862 0.0213351 0.00014763 0.00274761
0.0298918 0.634091 -0.0580656 0.0278182 0.00011869 0.00260998
0.0308425 0.670576 -0.00252277 0.0274512 -0.00036501 0.00278163
0.0343621 0.673047 0.0712865 0.0252843 -0.00036501 0.00294581
0.0230802 0.801775 0.139765 0.024184 -2.9e-07 0.0027446
0.0249157 0.566292 -0.0801484 0.0275331 0.00015912 0.00274446
0.0355841 0.68846 0.123436 0.0222214 -0.00035104 0.00316738
0.0315348 0.69943 0.1596 0.0210434 -0.00036959 0.00316738
0.0141762 0.81362 0.198347 0.0196801 -0.00057748 0.00282977
0.026434 0.614499 0.093409 0.0201534 -0.00048571 0.00316738
0.0487022 0.633998 0.149023 0.0234063 -0.0001917 0.00295243
0.0521078 0.702809 0.185625 0.0223077 0.00085954 0.00286932
0.0471655 0.722087 0.20171 0.0207801 0.00077092 0.00272586
0.0222695 0.833405 0.242365 0.0207775 0.00032628 0.00251712
0.013771 0.688702 0.14686 0.0209748 2.318e-05 0.00224866
0.0213116 0.561327 -0.00749349 0.0249292 0.00010272 0.00214739
0.0278607 0.639219 0.0209249 0.0245054 -0.00016464 0.00202708
0.0321757 0.655877 0.0982681 0.0216028 0.00088589 0.00203966
0.0194617 0.655965 0.088325 0.0214041 0.00084921 0.00191831
0.00467085 0.593782 -0.154663 0.0322836 0.00115935 0.00195115
0.0265355 0.704293 0.018668 0.0274925 0.00132782 0.00208007
0.0276651 0.736087 0.0981804 0.0250867 0.00092913 0.00214886
0.00656718 0.855616 0.184909 0.0241711 0.0005236 0.00231117
0.00168971 0.696567 0.128798 0.0243825 0.00030577 0.00219897
0.0275789 0.605968 0.0199772 0.0276405 0.00030577 0.00251438
0.0412087 0.723614 0.152089 0.0245467 0.0005352 0.00255375
0.0302833 0.753065 0.156679 0.0239405 0.00012949 0.00261614
0.0272621 0.715963 -0.0485511 0.0259402 0.00056522 0.00256379
0.0344284 0.71226 0.022077 0.0241896 0.00046649 0.00278206
0.030238 0.773368 0.0860893 0.0233648 0.00015048 0.00293442
0.0342599 0.722025 -0.000471 0.0248948 0.00068115 0.00297552
0.0560989 0.716013 0.102187 0.0253212 0.0008246 0.0030587
0.0522658 0.733491 0.139897 0.0233376 0.00080532 0.00318326
0.0348999 0.831519 0.192092 0.0222335 0.00070487 0.00290248
0.0242425 0.708221 0.141157 0.0223122 0.00061475 0.00297553
0.0585764 0.61423 0.0638692 0.0244023 0.00080808 0.00297553
0.0539278 0.726334 0.159769 0.0231747 0.00107258 0.00297552
0.0336369 0.820592 0.189853 0.0217847 0.00054227 0.00279426
0.031869 0.650929 -0.0896781 0.0251386 0.00100831 0.00254459
0.037068 0.701854 0.0455289 0.0221415 0.00065989 0.00283479
0.0303924 0.759044 0.0966985 0.0216859 0.0003816 0.00263351
0.0119056 0.856199 0.238778 0.0206108 0.00073173 0.00249084
0.0168109 0.629667 0.039082 0.0247141 0.00183202 0.00169044
0.0367739 0.667785 0.0915706 0.0236072 0.00113838 0.00236621
0.0369928 0.671658 0.130974 0.0220525 0.00090539 0.00243506
0.0235406 0.749582 0.14876 0.022221 0.00076877 0.00238839
0.0229138 0.688471 -0.033631 0.0263796 0.00175473 0.00233404
0.0313533 0.71928 0.0234179 0.0255888 0.0012717 0.00217085
0.0351051 0.731861 0.105333 0.0234629 0.00066062 0.002515
0.0555248 0.707526 0.146588 0.0265385 0.00153647 0.00224769
0.0250992 0.825661 0.206515 0.0231701 0.00101894 0.00228629
0.0165478 0.748063 0.153761 0.0224658 0.00048967 0.00248447
0.0256315 0.639685 0.0765455 0.0224555 0.00048967 0.00281973
0.0323884 0.650543 0.0894733 0.0236813 0.00048967 0.00263283
0.0524598 0.645448 0.128573 0.0227345 0.00074063 0.00281189
0.0525428 0.664302 0.204555 0.0212341 0.00101073 0.00264268
0.0502539 0.67892 0.187841 0.018872 0.00055957 0.00316062
0.0468908 0.761663 0.239436 0.0178659 0.0001803 0.00316892
0.0427285 0.689407 0.00492646 0.0230859 0.00084043 0.00304243
0.0591847 0.728588 0.196756 0.0177023 0.00056911 0.0032687
0.0639616 0.69094 0.217048 0.0173045 0.00041424 0.0036762
0.0632229 0.676992 0.218007 0.0170563 0.00083003 0.00391944
0.0722253 0.660637 0.217886 0.016502 0.00079655 0.0039071
0.0863926 0.660042 0.242293 0.0197712 0.00105191 0.00344324
0.0432352 0.768864 0.325424 0.0197724 -0.00013391 0.00333733
0.0119235 0.874867 0.406086 0.019951 -0.00050483 0.00270605
0.0343019 0.58361 0.271007 0.0181546 -0.00042282 0.00276585
0.0575479 0.630681 0.262331 0.0212995 0.00015263 0.0029061
0.0546887 0.679019 0.250917 0.0196704 0.00022193 0.00313643
0.0488592 0.728225 0.273691 0.0191937 -3.961e-05 0.00322699
0.0518002 0.900689 0.35499 0.0188808 -0.00014462 0.00322763
0.0430984 0.711862 0.250911 0.0192792 -0.00052731 0.00297458
0.0494077 0.68937 0.26359 0.0180494 -0.00046247 0.00309245
0.0468162 0.712906 0.273574 0.0182616 -0.00020705 0.00311316
0.0562213 0.71773 0.289198 0.0181755 -0.0003236 0.00322969
0.0357641 0.858927 0.421884 0.0174946 0.0004049 0.00272507
0.0196441 0.781271 0.38381 0.0168148 0.00058978 0.00224679
0.0240656 0.586362 0.209433 0.0184406 0.00064787 0.00183987
0.0346739 0.675415 0.281507 0.0173453 0.00062245 0.00205358
0.0292161 0.705372 0.294475 0.0173509 0.00035838 0.00232533
0.0282848 0.827018 0.343722 0.0182351 0.00056832 0.00207546
0.0166509 0.814729 0.345079 0.0176851 0.00075974 0.00197458
0.0294888 0.673522 0.229913 0.0181439 0.00048715 0.00212139
0.0357065 0.714974 0.267581 0.0180008 0.00022789 0.00236206
0.0349487 0.737691 0.284009 0.0180008 0.00044409 0.0021336
0.0345353 0.734292 0.302991 0.017884 0.00039318 0.00199282
0.0211456 0.805962 0.383619 0.0169858 0.00047535 0.00184341
-0.0238092 0.801145 0.405767 0.016707 -0.0004931 0.00171231
-0.018661 0.667838 0.378588 0.0166068 -0.00028475 0.00166252
0.00383475 0.67327 0.363174 0.0166006 0.00075893 0.00138116
0.0178526 0.696947 0.389884 0.01574 0.00129004 0.00165449
0.00995673 0.888886 0.537196 0.0166025 0.00127411 0.00175329
-0.00602468 0.817441 0.543815 0.0161885 0.00087349 0.0016614
0.00056282 0.643902 0.360235 0.0169681 6.427e-05 0.00161126
0.0143675 0.694819 0.359687 0.0165977 0.00041709 0.00167343
0.0237676 0.720277 0.3645 0.0165734 0.00094008 0.00167343
0.0443752 0.727788 0.398046 0.0148674 0.00104271 0.0009382
0.0353303 0.696016 0.236923 0.0243974 0.00222704 -8.491e-05
0.0123493 0.909467 0.38248 0.0221392 0.00080154 0.00111417
0.00704531 0.757349 0.396851 0.0172907 0.00064276 0.00131445
0.0222202 0.591799 0.286804 0.0156592 0.00096619 0.00150033
0.0229786 0.64907 0.330856 0.0156155 0.00082414 0.00173968
0.0208607 0.616488 0.190223 0.022155 0.00028422 0.00089052
0.00320149 0.816218 0.239307 0.0199799 2.03e-06 0.00114427
0.00497361 0.627246 0.19155 0.0185003 -7.039e-05 0.00166861
0.0131843 0.674761 0.23319 0.0187383 -0.00026151 0.00159834
0.00260185 0.81203 0.300719 0.0179232 -0.00043446 0.00159814
-0.0148623 0.627454 0.0286759 0.0239566 -0.00032033 0.00111923
-0.00768009 0.726189 0.198371 0.0216905 -0.00035415 0.00069348
-0.0050329 0.843033 0.263845 0.0214133 -0.00022306 0.00067473
-0.00180182 0.770808 0.17371 0.0247114 -3.191e-05 0.00025295
0.00535354 0.726496 0.228548 0.0228702 0.00016146 0.00032403
-0.001814 0.678291 0.279625 0.0204341 -9.136e-05 0.00023603
-0.00497467 0.853444 0.411509 0.0191064 -0.00014101 0.00013376
0.0159391 0.552978 0.166489 0.0230686 0.00065261 -0.00044064
0.00499056 0.767429 0.335083 0.0205792 0.00016188 0.00079429
0.00240156 0.721015 0.360911 0.0196755 6.775e-05 0.00076346
0.024172 0.70502 0.274629 0.0229401 0.00048243 -0.00019893
0.0201027 0.781747 0.361125 0.0214775 0.00029686 0.00091915
0.0097582 0.838192 0.381939 0.0198717 0.00022159 0.00083111
0.0126076 0.974773 0.493546 0.0201028 0.00087576 0.00038899
0.0162306 0.702142 0.332743 0.0196133 0.00081613 -0.00028799
0.0297094 0.637163 0.168503 0.024642 0.00104416 -0.00052387
0.0213563 0.715831 0.311256 0.0200388 0.00100162 -0.00018106
0.0253652 0.689784 0.336164 0.0188189 0.00075106 -0.00017976
0.0160659 0.868905 0.443443 0.0190601 0.00063639 -0.00028996
0.0256712 0.562199 0.116554 0.0251447 0.00231629 -0.00044399
0.0312957 0.742772 0.319587 0.0214412 0.00112705 -0.00017138
0.0350253 0.747939 0.332674 0.0216094 0.00087655 5.6e-06
0.0206379 0.914878 0.487131 0.0206728 0.00122524 0.00014988
0.025753 0.615973 0.163258 0.026322 0.00440061 -0.00069852
0.0279099 0.720789 0.279601 0.0231882 0.0032445 -0.00064217
0.0297901 0.724276 0.297478 0.0222218 0.00237473 -0.00057198
0.0166736 0.854522 0.416718 0.0214548 0.00195868 -0.00035112
0.0211168 0.784448 0.376157 0.0208714 0.00196735 -0.00020273
0.034188 0.60879 0.19606 0.0267083 0.00325554 -0.00085583
0.0384589 0.778648 0.337711 0.0242604 0.00366182 -0.00027858
0.0385672 0.765714 0.368365 0.0219265 0.00273539 -0.00045343
0.037877 0.704959 0.226121 0.0259741 0.00262933 -0.00073191
0.0382344 0.751698 0.331733 0.0219459 0.00193979 -0.0006651
0.0377935 0.767754 0.350545 0.022208 0.00199588 -0.00080231
0.0270995 0.692781 0.187522 0.0260149 0.00289918 -0.00079278
0.0357061 0.698049 0.25618 0.0214473 0.00175777 -0.00052858
0.0379919 0.692351 0.270617 0.0237954 0.00131991 -0.00081129
0.0254849 0.768792 0.321097 0.0220675 0.00131991 -0.00069982
0.0219164 0.618781 0.0954847 0.0230757 0.00204916 -0.00076967
0.0227187 0.867666 0.380525 0.0195555 0.00286117 -0.00032158
0.0217289 0.807048 0.459885 0.0174354 0.0028851 -0.00062663
0.0380142 0.704421 0.331995 0.02301 0.00361918 -0.00087913
0.00767926 0.910691 0.457724 0.020187 0.00288554 -0.00088242
0.00331784 0.790068 0.409483 0.0199189 0.00255096 -0.00070242
0.0214646 0.687948 0.373997 0.0203228 0.0023296 -0.00053961
0.025501 0.746544 0.408074 0.0200553 0.00251247 -0.00059233
0.0370027 0.663489 0.308666 0.0249848 0.00331668 -0.00093535
0.0183645 0.908954 0.513852 0.0227565 0.00311663 -0.00086068
0.0010182 0.907591 0.591044 0.019694 0.00329325 -0.00067378
0.010647 0.593035 0.295662 0.0181949 0.00321208 -0.00098419
0.0337735 0.632069 0.35511 0.0195142 0.00426777 -0.00107208
0.0344591 0.766612 0.380766 0.0196592 0.00306839 -0.0007846
0.0210947 0.813551 0.4248 0.0193138 0.00227914 -0.00106081
-0.00049735 0.648506 0.200194 0.0222447 0.00409577 -0.00118355
0.0173743 0.688699 0.324093 0.0197256 0.00276288 -0.00068698
0.019535 0.676856 0.368317 0.0184878 0.00239903 -0.00080585
0.0264538 0.69133 0.375585 0.0188818 0.00217429 -0.00073835
0.025834 0.722471 0.389502 0.0194598 0.00196919 -0.00062996
0.0186168 0.700436 0.225281 0.0248079 0.00224527 -0.00086696
0.0117878 0.70215 0.239555 0.0246077 0.00371269 -0.0009377
0.0130554 0.827832 0.391966 0.0220774 0.00348579 -0.00107846
0.0256311 0.63422 0.305894 0.0211576 0.00318493 -0.00062996
0.0316612 0.676039 0.340476 0.0211923 0.00246076 -0.00062996
0.0353135 0.653715 0.298184 0.0259497 0.00282567 -0.00062996
0.030729 0.672348 0.236091 0.0283112 0.00307285 -0.00091608
0.0301966 0.744387 0.348683 0.0244304 0.00271937 -0.00111671
0.0134998 0.926012 0.51477 0.0220182 0.00286259 -0.00047959
0.00767599 0.741649 0.448748 0.0220308 0.00233622 -0.00050975
0.0319485 0.614697 0.240176 0.0264636 0.00277595 -0.00100636
0.0222346 0.694668 0.328627 0.0244695 0.00261193 -0.00099813
0.0252499 0.697394 0.359087 0.0225169 0.00266617 -0.00117501
0.0209743 0.753703 0.380316 0.0229601 0.00247774 -0.00104127
0.0121874 0.727781 0.140541 0.0294073 0.00339397 -0.00103948
0.0209224 0.779545 0.357051 0.0244047 0.00298531 -0.00070411
0.0254047 0.801161 0.426615 0.0226424 0.00267607 -0.0007264
0.0234364 0.786003 0.420964 0.0226458 0.0024306 -0.00069882
0.0337697 0.714637 0.389011 0.0272617 0.00300196 -0.00120827
0.0277529 0.805587 0.417149 0.0241738 0.00310963 -0.00112497
0.026249 0.874403 0.490739 0.0227407 0.00176113 -0.00081009
0.00278227 0.66512 0.10793 0.0289806 0.00359827 -0.00122158
0.0197434 0.79658 0.396322 0.0223037 0.00236652 -0.00064944
0.0192788 0.872837 0.512459 0.0211754 0.00230008 -0.00074682
0.00424847 1.00075 0.627912 0.0206976 0.00275079 -0.00067504
0.0107283 0.670118 0.265473 0.027088 0.00326653 -0.00062058
0.0200478 0.788372 0.358464 0.0257365 0.00292973 -0.00064133
0.0159084 0.857132 0.424755 0.0244715 0.00247241 -0.00070792
0.0185654 0.781203 0.300202 0.0275547 0.00362027 -0.00105923
0.0200063 0.896762 0.415088 0.0240099 0.00295485 -0.00064813
0.0164781 0.887846 0.481285 0.0222369 0.0027369 -0.00059349
0.0205534 1.00904 0.557875 0.0222088 0.00261573 -0.00048876
0.0210609 0.80472 0.447787 0.0223608 0.00203859 -0.00047336
0.0356951 0.721835 0.437253 0.0245371 0.00287365 -0.0006785
0.0119749 0.893851 0.49659 0.0230023 0.00253638 -0.0007353
0.0159102 0.763376 0.439571 0.0228551 0.00260266 -0.00050407
0.0164961 0.664927 0.323503 0.0287683 0.00360682 -0.00102687
0.0133027 0.715274 0.285179 0.029115 0.00342775 -0.00119223
-0.0005019 0.768526 0.304073 0.0281571 0.003679 -0.00156462
0.00437397 0.987037 0.48488 0.0248738 0.00292309 -0.00094807
0.0130063 0.79108 0.354763 0.0244444 0.00248851 -0.00065162
0.0210173 0.75608 0.285309 0.0276462 0.00275558 -0.00086283
0.0217621 0.850361 0.393413 0.0250606 0.00232157 -0.0006409
0.0220036 0.844462 0.423569 0.0244293 0.00240991 -0.00054226
0.00853361 0.996552 0.562955 0.0236977 0.00253965 -0.00042666
-0.00122721 0.908429 0.551005 0.0237328 0.002588 -0.00050278
0.00986213 0.664693 0.321082 0.0285135 0.00357745 -0.00096965
0.0157425 0.831583 0.43868 0.0244138 0.00267231 -0.00032053
0.0212989 0.861391 0.458037 0.0237846 0.00251577 -0.00060905
0.0283538 0.797039 0.326552 0.0278511 0.00281783 -0.00082317
0.00078814 1.02468 0.489809 0.024996 0.00265627 -0.00055227
-0.0181843 0.916138 0.494377 0.023873 0.00243024 -0.00049987
0.0146306 0.807412 0.45202 0.0228553 0.00234407 -0.0004338
0.030314 0.756263 0.368878 0.0269575 0.00238853 -0.00089624
0.00379072 0.984565 0.570806 0.0240735 0.00191034 -0.00063565
0.00157218 0.832794 0.476757 0.0239333 0.00169624 -0.00075829
0.0145884 0.776768 0.447367 0.0233737 0.0019963 -0.0003517
0.00128087 0.934495 0.545036 0.0229439 0.0021787 -0.00039528
0.0126754 0.725865 0.30037 0.0272186 0.00352073 -0.00084601
0.0174474 0.799471 0.363746 0.0260742 0.00228663 -0.00054243
0.0142118 0.806282 0.407599 0.025163 0.00275283 -0.00040493
0.0139402 0.838071 0.42003 0.0249238 0.00232973 -0.00054567
0.023409 0.789328 0.368484 0.0292268 0.00318233 -0.00063609
0.00094735 0.811138 0.37792 0.0291277 0.00290453 -0.00116857
0.00602796 1.05238 0.475272 0.0266777 0.00296955 -0.00097651
0.00854648 0.949696 0.481372 0.0249417 0.0023817 -0.00076466
0.0133769 0.670215 0.273038 0.029455 0.00295252 -0.00070042
0.012523 0.736059 0.352359 0.0279105 0.00258206 -0.00103293
0.0167921 0.75207 0.370267 0.0267717 0.0024728 -0.00077561
0.0299936 0.70804 0.378407 0.0300745 0.0021963 -0.0009854
-0.00548982 0.977828 0.530357 0.028087 0.00253726 -0.0006938
-0.0081999 0.945123 0.634352 0.0256022 0.00294718 -0.0007295
0.0031032 0.807106 0.38208 0.0294867 0.00295224 -0.00077985
-0.00773353 1.05243 0.532558 0.0232634 0.00287865 5.387e-05
-0.0172569 1.04913 0.604365 0.0227978 0.00320465 -0.0003768
-0.0157939 1.08333 0.666518 0.0224972 0.00319504 -7.15e-06
-0.00354543 0.873804 0.492037 0.0231054 0.00304694 -8.286e-05
0.011014 0.929394 0.532725 0.0228528 0.00231856 -0.00028578
0.0102959 0.947987 0.546171 0.0226089 0.00262266 -0.0004341
0.0157636 0.953973 0.55653 0.0226252 0.00272989 -0.00037524
0.00606405 0.964061 0.566285 0.0225022 0.00271635 -6.226e-05
0.0157799 0.9582 0.566047 0.023004 0.0028986 -0.00034036
0.00632698 0.957658 0.589026 0.0220166 0.00305181 -0.0001934
-6.24e-05 1.04988 0.649439 0.0220987 0.00293866 0.00011555
-0.00956862 1.05981 0.724447 0.0215234 0.00334979 9.244e-05
0.00217902 0.812542 0.548795 0.0224813 0.00306221 -0.00040741
-0.00268462 0.873836 0.568287 0.0221199 0.00310299 -3.707e-05
0.00229756 0.892016 0.594229 0.0215644 0.00297258 -0.00021112
0.001382 0.912636 0.579835 0.0225906 0.00279261 -0.00030926
-0.00348297 0.925745 0.553128 0.0229597 0.0029549 -0.00031511
0.00834064 1.01872 0.704953 0.0213359 0.00408823 0.00024443
-0.00270794 1.04295 0.702837 0.0207244 0.00345493 3.957e-05
0.00210055 0.838352 0.55068 0.0223458 0.00346303 -0.00055179
-0.0039289 0.900697 0.603021 0.0218119 0.00360931 -0.00039904
0.00230408 0.915919 0.587191 0.0224229 0.00343803 -0.00047698
-0.00404065 1.00819 0.646517 0.0218362 0.00336528 -0.00044104
-0.0253382 1.02325 0.668239 0.0205235 0.0035442 -0.00026801
-0.00468658 0.836054 0.553721 0.021328 0.00316236 -0.00072747
-0.00362753 0.886787 0.558384 0.0214626 0.00336845 -0.00035789
-0.00442045 0.923946 0.576185 0.0213665 0.00319224 -0.00063006
-0.017218 1.05163 0.622721 0.020603 0.00300711 -0.00064272
-0.00454139 0.893722 0.535412 0.0215315 0.00317181 -0.00068786
-0.0044895 0.885876 0.569629 0.0210474 0.00289239 -0.00071028
-0.00434095 0.909604 0.565732 0.0209055 0.00282017 -0.00065775
-0.010348 0.975987 0.6221 0.0202358 0.00301731 -0.0007562
-0.0452623 1.05178 0.67752 0.0193869 0.00313137 -0.00028647
-0.0191849 0.83364 0.538287 0.0208246 0.00275665 -0.00073283
-0.00468312 0.827994 0.489204 0.0212635 0.00298055 -0.0010715
