0 0.106307 0.196876 -0.00219147 0 0
1e-08 0.112685 0.254343 -0.00228084 0 0
0 0.211865 0.322043 -0.00384702 0 0
0 0.191051 0.318337 -0.00410943 0 0
0 0.118286 0.292662 -0.00324919 0 0
0.0150476 0.168336 0.330939 -0.0047507 0.00047303 -0.00013772
0.0137481 0.0711259 0.284371 0.00014584 0.00132781 -0.00028711
-0.0059058 0.0906658 0.26522 0.00018176 0.00010854 -0.00050424
-0.0473797 0.126161 0.313691 -0.00174423 -0.00043325 -0.00120186
-0.046604 0.225436 0.353887 -0.00353383 -0.00041853 -0.00111432
-0.0145911 0.118274 0.323392 -0.00213578 -0.00034292 0.00013367
-0.01439 0.11466 0.329785 -0.00214491 -0.00028457 0.00022449
-0.00316296 0.12634 0.379154 -0.00225899 -0.00011879 0.00024446
0.0299838 0.218153 0.436429 -0.00348735 0.00069252 0.00024446
0.0214574 0.251811 0.455798 -0.00407322 0.00036516 -0.00021788
0.0210201 0.196782 0.441621 -0.00342216 0.0005321 -0.00015266
0.0230044 0.203832 0.431324 -0.0033975 0.0004076 -2.163e-05
0.0150017 0.264138 0.516405 -0.00519327 0.00039386 -0.00020454
0.0245167 0.22142 0.515472 -0.00536913 0.00059737 -0.00017385
0.0234803 0.158471 0.497172 -0.004589 0.00073421 -0.00015075
0.0209526 0.187426 0.505769 -0.00431921 0.00058948 -9.071e-05
0.023039 0.219418 0.544446 -0.00440601 0.00079115 -0.00011435
0.0225596 0.273605 0.588117 -0.00525856 0.00058748 -0.00019966
0.0258812 0.217366 0.545241 -0.00464152 0.00080363 -0.00014811
0.0175517 0.179669 0.536892 -0.00413015 0.00062456 -3.957e-05
0.0173551 0.201589 0.56264 -0.00465897 0.00068529 -4.044e-05
0.0127374 0.290468 0.610798 -0.0063097 0.00057437 -0.00011855
0.00720853 0.211778 0.585433 -0.00615338 0.00039473 -6.224e-05
0.00719097 0.154167 0.58091 -0.00577528 0.00044539 -6.913e-05
0.00718425 0.193579 0.583528 -0.00601016 0.00035512 -4.547e-05
0.0104353 0.2826 0.62277 -0.00706345 0.00036695 -0.00011258
0.00851021 0.239194 0.600602 -0.00697146 0.00032159 -9.374e-05
0.00912493 0.225183 0.590927 -0.00676639 0.00032712 -7.823e-05
0.00647999 0.306098 0.63514 -0.00779079 0.00022911 -7.814e-05
0.00416824 0.337633 0.643847 -0.00841675 0.00011626 -7.22e-05
0.00943522 0.231781 0.597297 -0.00790012 0.00043985 -3.497e-05
0.00489533 0.218572 0.590319 -0.00773561 0.00073373 6.38e-05
0.00466373 0.31438 0.658412 -0.00864093 0.0004446 -2.192e-05
0.00468748 0.266587 0.635945 -0.00866233 0.00048148 -4.41e-06
0.0045488 0.235038 0.620603 -0.00832232 0.00048664 -7.342e-05
0.00820694 0.277992 0.660634 -0.00889474 0.00047678 -0.00015858
-0.00965832 0.350024 0.706824 -0.00973836 -6.041e-05 6.38e-05
-0.00667388 0.302371 0.662612 -0.00952665 9.22e-05 6.38e-05
-0.00911521 0.263581 0.665099 -0.00901407 1.684e-05 6.38e-05
-0.0199196 0.294714 0.682702 -0.00946213 0.00014773 0.00023312
-0.0192375 0.420115 0.745006 -0.0115945 0.0001805 0.00021765
-0.012581 0.412448 0.747546 -0.011283 -0.00011293 0.00018311
-0.00372745 0.247764 0.700408 -0.0099968 1.4e-06 6.38e-05
-0.0060952 0.209956 0.683762 -0.00970779 0.00083711 6.38e-05
0.0163474 0.223698 0.643501 -0.00900562 0.00127298 -0.00042255
0.016338 0.264287 0.67652 -0.00936589 0.00124557 -0.00042255
0.0095616 0.389192 0.758281 -0.0117374 0.00110686 -0.00042255
0.0374198 0.369651 0.697381 -0.0110704 0.00119194 -0.00035851
0.0408751 0.331386 0.610465 -0.00971676 0.00158741 -8.254e-05
0.0625806 0.380152 0.683708 -0.0107017 0.00184215 -0.0001797
0.0632129 0.474461 0.757125 -0.0117081 0.00169478 -0.00057139
0.0414154 0.286031 0.680887 -0.0107906 0.00149398 -0.00048495
0.0176761 0.249109 0.658983 -0.0103983 0.00124249 -0.00025969
-0.00502471 0.264096 0.70246 -0.010836 0.00111496 1.361e-05
-0.00869789 0.376018 0.782468 -0.0125011 0.00134414 -2.792e-05
0.0040938 0.364276 0.782498 -0.0123479 0.00130814 -0.00015747
0.00191262 0.326522 0.721723 -0.0117493 0.00148254 -5.773e-05
0.00148943 0.329233 0.727079 -0.0123836 0.00105971 0.00010637
0.0101417 0.274852 0.570279 -0.00841815 0.00038898 -0.00011318
0.0334198 0.440099 0.632045 -0.0100104 0.00083037 -0.00033907
-0.00205176 0.401447 0.583117 -0.00947637 0.00013173 0.00014439
0.0144242 0.340761 0.568988 -0.00876314 0.00037931 -0.00020192
0.0537302 0.265701 0.527778 -0.00657794 0.00117363 -4.133e-05
0.0170504 0.0880825 0.318751 0.0019995 0.00084596 0.00011221
0.00953175 0.141831 0.402367 0.00022655 0.00102329 -0.00027861
0.0139951 0.187402 0.467772 -0.00198175 0.00106365 -0.00024211
0.00930472 0.298132 0.561875 -0.00484062 0.00096298 -0.00019438
0.00638499 0.288695 0.526544 -0.00501301 0.00090814 -0.00013004
0.010008 0.255061 0.532175 -0.00453902 0.00121474 -8.479e-05
0.0072237 0.310246 0.577165 -0.00518934 0.00104555 7.291e-05
0.0111825 0.398877 0.67774 -0.00711888 0.00095705 -2.84e-05
-0.00699599 0.296496 0.666675 -0.00700225 0.00097196 0.00015582
-0.00241294 0.250149 0.648523 -0.00671076 0.00123764 -9.865e-05
-0.0168911 0.250133 0.641302 -0.00656502 0.00126945 4.001e-05
-0.0227173 0.316847 0.69389 -0.00737462 0.00100232 0.00013337
-0.0225342 0.351808 0.723976 -0.00783565 0.00072215 0.00020867
-0.0206845 0.264767 0.710507 -0.00733641 0.00079871 0.00020867
-0.0210413 0.26949 0.684026 -0.00677376 0.00062789 0.00020867
-0.0231667 0.328824 0.717107 -0.00803307 0.0005218 0.00014339
-0.024869 0.43049 0.712495 -0.00863021 0.00011245 0.00040057
-0.0309635 0.426483 0.739392 -0.0097627 -0.00045202 0.00037223
-0.0348504 0.286367 0.595221 -0.00884011 0.00052757 0.00045867
-0.0179922 0.098634 0.531997 -0.00793049 0.00126191 0.00011554
-0.0328378 0.159149 0.39468 -0.00663357 0.00091851 0.00045867
-0.0158786 0.232025 0.476949 -0.00766701 0.00117101 0.00015313
-0.012974 0.325275 0.486375 -0.00829009 0.00107991 0.00011474
-0.00286702 0.409961 0.538529 -0.00926774 0.00142084 8.761e-05
-0.0103452 0.494391 0.582548 -0.0100224 0.00083397 0.00015628
-0.00453211 0.503968 0.584523 -0.0109821 0.00141437 2.581e-05
0.0020574 0.447954 0.573753 -0.0105398 0.00134358 2.622e-05
0.0172045 0.403554 0.598554 -0.0103104 0.00158863 -0.00040316
0.0110958 0.373937 0.657613 -0.0112627 0.0013413 -0.0002682
0.011196 0.388491 0.727541 -0.0121529 0.00149409 -0.00030698
0.0110065 0.334269 0.736572 -0.0118293 0.00166464 -0.00041996
0.00346625 0.322532 0.76936 -0.0116493 0.00178176 -0.00027388
0.0113963 0.373533 0.787117 -0.0118024 0.00160269 -0.00025458
0.0111111 0.405851 0.795962 -0.0117238 0.00154768 -0.00037107
0.00399028 0.453188 0.786391 -0.0121063 0.00163898 -0.00032069
0.00902853 0.563155 0.846029 -0.0129918 0.0013636 -9.843e-05
0.00126923 0.502926 0.791881 -0.0135359 0.00107626 -7.36e-06
0.00328146 0.270194 0.490467 -0.0105074 0.00087032 3.986e-05
0.00088648 0.216072 0.497043 -0.00870144 0.00067983 2.463e-05
0.0209561 0.308629 0.535356 -0.010179 0.00068913 -0.00020454
0.020026 0.345696 0.5995 -0.0117203 0.00111253 -0.00017275
-0.00661917 0.413501 0.689699 -0.0128415 0.0007879 0.00010674
-0.00336857 0.351591 0.703584 -0.0122533 0.00095165 -9.38e-06
-0.0135475 0.403633 0.710365 -0.0125214 0.00106441 -2.09e-05
-0.013036 0.432489 0.757426 -0.0130523 0.00110608 -0.00012469
-0.00374966 0.456138 0.839393 -0.0133676 0.00141155 -0.00034254
0.00026078 0.526882 0.908702 -0.0144549 0.00116278 -0.00039339
-0.0030567 0.395051 0.886121 -0.013244 0.00162912 -0.0003699
-0.0124204 0.346309 0.910516 -0.0128067 0.00165713 -0.00024538
-0.0299383 0.366501 0.92351 -0.0126554 0.00143587 -0.00042594
-0.0361687 0.386021 0.941293 -0.0124194 0.00144125 -0.00045216
-0.0376115 0.387523 0.95911 -0.0121445 0.00147336 6.136e-05
-0.0300256 0.396386 0.973943 -0.0119212 0.00155625 -0.00038803
-0.034578 0.48242 0.980045 -0.0131211 0.00141198 -0.00064762
-0.00133875 0.437771 0.973811 -0.0126034 0.00162217 -0.00070815
-0.00057288 0.406793 1.02665 -0.0130301 0.00202795 -0.00042511
-0.00185228 0.423701 1.02815 -0.0131001 0.00213282 -0.00048181
-0.00442543 0.460209 1.0436 -0.0130012 0.00170205 -0.0007544
-0.0141851 0.464034 1.04629 -0.0132553 0.00210948 -0.00070744
-0.0110794 0.375426 1.02833 -0.0127762 0.00224152 -0.00054447
-0.0225291 0.427938 1.05433 -0.0130189 0.00212789 -0.00080964
-0.0120398 0.437244 1.06899 -0.0131502 0.00209063 -0.00071511
-0.0196509 0.470325 1.06351 -0.0131234 0.00167792 -0.00077257
-0.0118269 0.397774 1.02221 -0.012664 0.00156873 -0.0006833
-0.0233593 0.370112 1.01205 -0.012242 0.00185 -0.00023271
-0.0283442 0.436609 1.03502 -0.0128333 0.00145478 -0.00046148
-0.0374434 0.488216 1.06435 -0.0133733 0.00078235 -0.00023271
-0.0318907 0.34135 1.0016 -0.0120538 0.0012444 -0.00023271
-0.0418919 0.323629 1.00938 -0.0119196 0.00149804 -0.00023271
-0.0276882 0.40619 1.05355 -0.0130261 0.00178001 -0.00049383
-0.025992 0.524546 1.12018 -0.0141921 0.00152173 -0.00084304
-0.0334139 0.43776 1.07148 -0.0137656 0.00158601 -0.0008746
-0.0439043 0.377007 1.06166 -0.0126722 0.00171292 -0.00109004
-0.044231 0.413336 1.05754 -0.0129123 0.00163144 -0.0012293
-0.0341925 0.517811 1.11151 -0.0135244 0.00173794 -0.00120768
-0.0777885 0.493007 1.10965 -0.0140641 0.0016174 -0.00168875
-0.138495 0.410685 1.09052 -0.0133397 0.00102012 -0.00101441
-0.145356 0.454831 1.1361 -0.0140277 0.00086429 -0.00132715
-0.140133 0.445579 1.15011 -0.0139952 0.00102012 -0.00171913
-0.142354 0.511347 1.18366 -0.0145775 0.00102012 -0.00208645
-0.123455 0.466356 1.16737 -0.0142525 0.0011338 -0.00205122
-0.128377 0.414123 1.18168 -0.0139474 0.00123134 -0.00202722
-0.124077 0.44683 1.19437 -0.0142724 0.0011815 -0.00224193
-0.119464 0.480647 1.19093 -0.0138111 0.00158577 -0.00210944
-0.122702 0.507366 1.14615 -0.0137719 0.00135877 -0.00203834
-0.133512 0.430403 1.11721 -0.0135327 0.00087193 -0.00198916
-0.131004 0.413425 1.13861 -0.0131072 0.00126466 -0.00207488
-0.133785 0.441377 1.17378 -0.0131206 0.00126466 -0.00200493
-0.127555 0.515616 1.21066 -0.0132861 0.00084634 -0.00205496
-0.13091 0.45544 1.18253 -0.013365 0.00126466 -0.00228846
-0.13033 0.408331 1.17556 -0.0129763 0.00154198 -0.00228713
-0.12602 0.436559 1.18548 -0.0130992 0.00126466 -0.00252051
-0.124415 0.483659 1.21199 -0.0133029 0.00138665 -0.0024801
-0.139828 0.490372 1.18873 -0.0137879 0.000896 -0.00269415
-0.144394 0.423154 1.16243 -0.0133188 0.0011019 -0.00265843
-0.149258 0.467413 1.19583 -0.0140101 0.00140088 -0.0028131
-0.161927 0.541848 1.18941 -0.0138447 -0.00023263 -0.00254427
-0.191289 0.506992 1.18847 -0.0152617 -0.00130531 -0.00374261
-0.216119 0.431016 1.22265 -0.0144255 -0.00116937 -0.00470254
-0.213504 0.429846 1.30605 -0.0144172 -0.00146771 -0.00464187
-0.154155 0.165503 0.380918 -0.00759118 -0.00231969 -0.00237434
-0.234128 0.278701 0.164381 -0.00688645 -0.00190309 -0.00327625
-0.293591 0.33246 0.123942 -0.00689761 -0.00182725 -0.00424145
-0.259864 0.433755 0.189663 -0.0085932 -0.00145298 -0.00491267
-0.263572 0.536193 0.200331 -0.00908263 -0.00189519 -0.00455775
-0.254134 0.49763 0.145307 -0.00866765 -0.00189519 -0.00455043
-0.264979 0.241714 -0.0952112 -0.00102643 -0.0015717 -0.00438521
-0.258229 0.212571 -0.128667 -0.00086744 -0.00122007 -0.00450611
-0.273806 0.174869 -0.0753479 -0.00178378 -0.00073594 -0.00444095
-0.280615 0.208597 -0.0519227 -0.00266626 -0.00105939 -0.00446806
-0.291832 0.236203 -0.00881485 -0.0034304 -0.00144469 -0.00399909
-0.300226 0.252318 0.0613354 -0.00409221 -0.00167835 -0.00405352
-0.259609 0.314148 0.121431 -0.00598307 -0.00153403 -0.00359807
-0.238312 0.446152 0.215257 -0.00915617 -0.00118318 -0.00457645
-0.248496 0.519033 0.361456 -0.00990866 -0.00150679 -0.00382594
-0.237538 0.46184 0.494872 -0.00885765 -0.00197684 -0.00300897
-0.222551 0.467616 0.475296 -0.0105521 -0.00198527 -0.0022916
-0.204494 0.234629 0.0807092 0.00047577 -0.0014599 -0.00209021
-0.169792 0.245282 -0.374866 0.0136334 -0.0018921 -0.00223247
-0.113538 0.153141 -0.698269 0.0142482 -0.00288031 -0.0043527
-0.120187 0.0292284 -0.898155 0.0145859 -0.00330147 -0.00472294
-0.170145 0.203652 -0.471794 0.0113023 -0.00211849 -0.0041875
-0.213624 0.170482 -0.269829 0.00618425 -0.00175899 -0.00480135
-0.178476 0.18788 -0.178528 0.00322994 -0.00170601 -0.00402983
-0.129028 0.180958 -0.104671 0.0012439 -0.00205101 -0.00243581
-0.137282 0.155135 -0.0388387 0.00096827 -0.00173858 -0.00254507
-0.138662 0.163764 -0.00556634 7.634e-05 -0.00154318 -0.00187201
-0.147029 0.201553 -0.00570325 9.858e-05 -0.00194741 -0.00182174
-0.11039 0.319477 0.144385 -0.00154119 -0.00173737 -0.00217364
-0.101664 0.293936 0.155276 -0.00154119 -0.00178357 -0.00193921
-0.105791 0.265626 0.227662 -0.00151782 -0.00209757 -0.0014525
-0.107094 0.313619 0.373076 -0.00214906 -0.00173342 -0.00194576
-0.110218 0.305047 0.381952 -0.00208561 -0.00131925 -0.00212222
-0.106704 0.294102 0.419416 -0.00169676 -0.00131925 -0.00218693
-0.106194 0.33814 0.460107 -0.00176562 -0.00115016 -0.00237224
-0.0969784 0.327318 0.451613 -0.00125307 -0.00075128 -0.00261432
-0.0847339 0.331426 0.447439 -0.00149234 -0.00063635 -0.00257083
-0.0995727 0.27527 0.441497 -0.00209998 -0.00053111 -0.00240324
-0.117112 0.200323 0.350507 -5.965e-05 -0.000866 -0.00269903
-0.108176 0.0730789 0.205868 0.00390944 -0.00105584 -0.00149171
-0.0720856 -0.101807 0.0525456 0.0118108 -0.00106962 -0.00028752
-0.0393861 -0.186399 -0.197951 0.0216235 -0.00042345 0.00055087
0.0290381 0.0153902 -0.0161202 0.00803609 0.00017906 -0.00049044
0.0585126 -0.0509943 0.1634 0.00511396 0.00026275 -0.00067355
-0.0155769 0.0683134 0.164842 0.00477991 -0.00044475 -0.00032054
-0.0392578 0.123042 0.18616 0.00373444 -0.00088042 -0.00032054
-0.0470137 0.170008 0.200871 0.00327611 -0.00073381 -0.00053242
-0.0467483 0.203765 0.219891 0.00356343 -0.00090429 -0.00032054
-0.0467193 0.223463 0.235915 0.00364244 -0.00084133 -0.00032054
-0.0492158 0.216857 0.262507 0.00331483 -0.00098689 -0.00023459
-0.0583907 0.207107 0.29622 0.00366714 -0.00118356 -0.0002642
-0.0669893 0.20134 0.332852 0.00374894 -0.00131768 -0.00024622
-0.0669811 0.192521 0.366543 0.00398242 -0.00135494 -0.00023931
-0.0670387 0.187942 0.396132 0.00459186 -0.00147961 -0.00024673
-0.0855954 0.212085 0.475903 0.00444855 -0.00190681 -0.00023422
-0.0855008 0.227337 0.513594 0.00544898 -0.00189105 -0.00019115
-0.0905097 0.257144 0.494856 0.00471849 -0.00189105 -0.00032054
-0.10981 0.317782 0.584251 0.00301673 -0.00239445 -8.56e-06
-0.122203 0.336909 0.824479 0.00169379 -0.00239444 -0.00014505
-0.130496 0.21856 0.706912 0.00264663 -0.00279431 -0.00073143
-0.106956 0.028179 0.18718 0.00236606 -0.00148765 -0.00123877
-0.17188 -0.0343045 -0.00793416 0.00383153 -0.00226745 -0.00133287
-0.0802326 -0.0196277 -0.00397795 0.00474002 -0.00174625 -0.00026197
-0.0713795 0.0532054 0.0182146 0.00555664 -0.00198895 0.00021592
-0.132772 0.105891 0.0759062 0.00424651 -0.00258214 -0.0001682
-0.16837 0.185376 0.137261 0.00308703 -0.00234252 -8.303e-05
-0.12014 0.248607 0.124556 0.0027268 -0.00205056 0.00102949
-0.109512 0.144334 0.146423 0.00300427 -0.0019987 0.00081672
-0.117555 0.133413 0.176378 0.00342052 -0.00197802 0.00049032
-0.11649 0.113339 0.204907 0.0038353 -0.00174481 0.00049801
-0.118409 0.109703 0.211532 0.00349504 -0.00141083 0.00046312
-0.120995 0.142414 0.240742 0.00371125 -0.00166248 0.00060976
-0.127803 0.158492 0.275922 0.00365062 -0.00188555 0.00058553
-0.134099 0.193519 0.321049 0.0040749 -0.00225009 0.00090832
-0.14011 0.220113 0.394812 0.00461879 -0.00262691 0.00090832
-0.150378 0.246517 0.418987 0.00516683 -0.00301673 0.00090832
-0.153623 0.243089 0.444564 0.00567617 -0.00293625 0.00067504
-0.159546 0.246049 0.478393 0.0060204 -0.00317185 0.00068637
-0.159457 0.206065 0.504435 0.00647929 -0.00317185 0.00065022
-0.162772 0.181443 0.443369 0.00588619 -0.00317185 0.00039653
-0.15164 0.197969 0.432502 0.00554849 -0.00301628 0.00045534
-0.145418 0.169196 0.40339 0.0057048 -0.00328775 0.0005717
-0.131577 0.169331 0.426209 0.00557005 -0.00306397 0.00070155
-0.139813 0.177459 0.457313 0.00539205 -0.003056 0.00063092
-0.143208 0.213854 0.465723 0.00551585 -0.00329443 0.00063827
-0.149122 0.192821 0.484335 0.00620813 -0.00317644 0.00045043
-0.15582 0.202849 0.481184 0.00637413 -0.00312739 0.00033736
-0.148809 0.209329 0.497697 0.00638656 -0.00268323 0.00033736
-0.152549 0.226456 0.502852 0.0059796 -0.00308257 0.00033736
-0.164292 0.280498 0.496865 0.00595328 -0.00357824 0.00025947
-0.160498 0.146572 0.468424 0.00578839 -0.00322496 0.00018324
-0.156226 0.123478 0.480525 0.00612571 -0.0029338 0.0002698
-0.154028 0.168786 0.480674 0.00618815 -0.00303579 0.00033736
-0.162124 0.260717 0.477256 0.00491928 -0.00366982 0.00033736
-0.159375 0.164533 0.448051 0.00543876 -0.00333762 0.00021353
-0.164205 0.131699 0.449254 0.00593083 -0.00320895 0.00020056
-0.150175 0.168002 0.405639 0.00568083 -0.0028799 0.00060463
-0.13782 0.276049 0.456051 0.00574394 -0.00293433 0.00075862
-0.146631 0.173676 0.438851 0.00613747 -0.00296728 0.0006517
-0.179583 0.179889 0.467954 0.00663466 -0.00312626 0.00068847
-0.182743 0.204457 0.51969 0.00648293 -0.00326384 0.00082552
-0.185528 0.239061 0.537991 0.00687693 -0.00366982 0.0010056
-0.180524 0.278945 0.560445 0.00622934 -0.00380221 0.0010056
-0.170155 0.166216 0.602898 0.0071787 -0.00348366 0.00094474
-0.172679 0.159208 0.617334 0.0075358 -0.00330399 0.0010056
-0.173881 0.176143 0.6191 0.00740408 -0.00329311 0.00094335
-0.178558 0.204281 0.610627 0.0077794 -0.00331237 0.00082776
-0.182337 0.267421 0.61324 0.00710298 -0.00358318 0.00084361
-0.183346 0.281434 0.5806 0.00699958 -0.00383318 0.00074707
-0.18929 0.202193 0.58788 0.00723996 -0.00358318 0.00067198
-0.1856 0.231361 0.589579 0.00698074 -0.00365527 0.00068807
-0.194706 0.303309 0.604829 0.00658714 -0.00392669 0.00071062
-0.189954 0.222082 0.552248 0.00672428 -0.00367139 0.00061455
-0.189929 0.160597 0.541573 0.0069112 -0.00358318 0.00049707
-0.193754 0.214247 0.581591 0.00701541 -0.00378303 0.00065379
-0.204285 0.280159 0.579934 0.00665162 -0.0041379 0.00065211
-0.199745 0.182638 0.551433 0.00684589 -0.00372942 0.00068728
-0.193742 0.19413 0.566852 0.00704624 -0.00358318 0.00066853
-0.196165 0.247913 0.593719 0.00725127 -0.00358318 0.00068306
-0.202906 0.282667 0.579191 0.00681279 -0.00401282 0.00075818
-0.199922 0.199173 0.574457 0.00703079 -0.00374962 0.00068009
-0.207738 0.217096 0.55897 0.0071822 -0.00383318 0.00058657
-0.202653 0.283681 0.596307 0.00682702 -0.00350091 0.00067987
-0.21515 0.27936 0.600861 0.00644573 -0.0040763 0.00063215
-0.206117 0.215068 0.59781 0.00682702 -0.00378062 0.00074707
-0.205965 0.230008 0.60787 0.00725996 -0.00371052 0.00080304
-0.209455 0.249372 0.641988 0.00765112 -0.00359619 0.00087514
-0.211463 0.229922 0.670173 0.00781772 -0.00363212 0.00087308
-0.214895 0.260895 0.652565 0.00740786 -0.00362331 0.00063069
-0.217396 0.321838 0.650309 0.00697898 -0.0039698 0.00083989
-0.216252 0.277239 0.61052 0.00707626 -0.00396153 0.00057094
-0.211068 0.187089 0.613269 0.00683142 -0.00389864 0.00059638
-0.216727 0.217422 0.63503 0.00708867 -0.00398088 0.00049707
-0.222166 0.25362 0.653684 0.00744667 -0.00408971 0.00049707
-0.228058 0.320614 0.702836 0.0074503 -0.00445734 0.00055961
-0.215676 0.264351 0.694673 0.00777125 -0.00410481 0.00062274
-0.22028 0.26042 0.685184 0.00781923 -0.00417685 0.00058032
-0.224932 0.287057 0.694369 0.00765299 -0.00431658 0.00049707
-0.235958 0.33374 0.693417 0.0075053 -0.00485802 0.00038501
-0.235911 0.244506 0.677819 0.00734785 -0.00485802 0.00031572
-0.229765 0.231993 0.664306 0.00765299 -0.00450419 0.00027324
-0.233492 0.275928 0.6816 0.0072339 -0.0047347 0.0003149
-0.234123 0.364132 0.692148 0.00660108 -0.00544822 0.00064743
-0.210316 0.250097 0.699559 0.00726976 -0.0051124 0.00068911
-0.198778 0.160798 0.665379 0.00692198 -0.00440669 0.00054892
-0.162747 0.208938 0.7324 0.0068622 -0.00358311 0.00068594
-0.200998 0.29544 0.688257 0.00715282 -0.00476638 0.00081187
-0.221569 0.254997 0.607598 0.00715282 -0.00488818 0.00063231
-0.23823 0.208628 0.565962 0.00734656 -0.00488818 0.00055151
-0.236614 0.245636 0.569878 0.00717501 -0.00509593 0.00049707
-0.226501 0.361408 0.618814 0.00648739 -0.00512901 0.00061647
-0.221112 0.296661 0.635735 0.00572496 -0.0054199 0.00074707
-0.222558 0.209164 0.595035 0.00641081 -0.00536314 0.00074707
-0.225016 0.22647 0.621277 0.00640215 -0.00515091 0.00056732
-0.245215 0.269609 0.62643 0.00608675 -0.00529293 0.00041735
-0.22673 0.361198 0.784759 0.0057806 -0.00536314 0.0001054
-0.235258 0.288952 0.708341 0.00577539 -0.0059657 0.0003869
-0.249916 0.252476 0.748229 0.00544584 -0.00627634 0.00049913
-0.256388 0.306538 0.762916 0.00568573 -0.00596183 0.00047197
-0.251291 0.320783 0.760885 0.0070868 -0.00628392 0.00076272
-0.246749 0.349428 0.818855 0.00730815 -0.00645964 0.00113159
-0.241118 0.366739 0.884192 0.00829481 -0.00622199 0.00113159
-0.253011 0.344547 0.86281 0.00776332 -0.00638476 0.00113159
-0.257748 0.377438 0.868612 0.00733653 -0.0064725 0.00087572
-0.249828 0.372678 0.842074 0.0066867 -0.00607529 0.00069614
-0.241471 0.267962 0.861972 0.00763148 -0.00609858 0.00052844
-0.257941 0.275465 0.859586 0.0076954 -0.00640206 0.00038599
-0.26099 0.290145 0.846426 0.00726105 -0.00640206 0.00036727
-0.259384 0.364412 0.869263 0.00687929 -0.00656094 0.0003137
-0.256363 0.320355 0.882016 0.00704491 -0.00685177 0.00034051
-0.253055 0.320434 0.883933 0.00797741 -0.0064598 0.0004597
-0.261044 0.364553 0.904152 0.00860449 -0.00681126 0.00052844
-0.267405 0.399612 0.922319 0.00828236 -0.00703546 0.00052844
-0.266267 0.391426 0.932297 0.00802213 -0.00700206 0.00039229
-0.268599 0.306383 0.920379 0.00803464 -0.00702697 0.00023585
-0.256035 0.338159 0.915973 0.00588454 -0.00687802 0.00035161
-0.262219 0.395041 0.907132 0.0060374 -0.00723561 0.00042149
-0.268882 0.311078 0.91618 0.0063024 -0.00721426 0.00034989
-0.268508 0.281549 0.876511 0.00726606 -0.00692797 0.00032866
-0.260104 0.340559 0.873493 0.00701986 -0.00691878 0.00052844
-0.257867 0.400641 0.906844 0.00603381 -0.00735448 0.00040016
-0.260171 0.307269 0.866226 0.00660569 -0.00708975 0.00028461
-0.268449 0.315444 0.879428 0.0074201 -0.00698187 6.993e-05
-0.257117 0.356397 0.926172 0.00830716 -0.00721284 0.00045874
-0.258326 0.428763 0.947028 0.00746458 -0.00753655 0.00020188
-0.252563 0.345944 0.905656 0.0070316 -0.00740111 0.00025964
-0.262803 0.300048 0.882328 0.00783292 -0.00729515 0.00031993
-0.275487 0.317996 0.924645 0.00784648 -0.00746902 0.00028393
-0.275352 0.413544 0.944236 0.00721708 -0.0078321 0.00031993
-0.274478 0.376801 0.941421 0.00694686 -0.00752482 0.00029631
-0.271002 0.302181 0.964043 0.00744557 -0.00752482 0.0001981
-0.264361 0.341921 0.946512 0.00808797 -0.00732311 0.00032613
-0.271296 0.433144 0.981246 0.00738217 -0.00769463 0.00042104
-0.269328 0.426042 0.934887 0.00746072 -0.00754024 0.00031993
-0.253033 0.350538 0.9487 0.00711812 -0.00698488 6.993e-05
-0.248314 0.401139 0.969788 0.0085144 -0.00681224 0.00023511
-0.248493 0.428711 0.98311 0.00746295 -0.00709602 0.00020118
-0.254017 0.424755 0.979616 0.00671752 -0.00732437 6.994e-05
-0.259748 0.346997 0.984766 0.00736031 -0.00715377 6.994e-05
-0.264116 0.339078 1.01598 0.00738378 -0.0073406 -4.86e-05
-0.263654 0.386841 0.978189 0.00774284 -0.00707788 -7.459e-05
-0.259681 0.459524 1.02131 0.00620511 -0.00777523 -0.00021629
-0.300533 0.498005 1.05658 0.00420588 -0.0113377 -0.00027519
-0.340671 0.470229 1.13897 0.0055333 -0.011963 -0.00126207
-0.420286 0.355047 1.11684 0.00579368 -0.0114537 -0.00162041
-0.319811 0.345988 1.11253 0.0064987 -0.00691098 -0.00050855
-0.274191 0.317125 0.899777 0.00692798 -0.00544845 -0.00043989
-0.327719 0.307405 0.392963 0.00567934 -0.00685721 -0.00042013
-0.308253 0.217476 0.122251 0.00303393 -0.00624119 -0.00039967
-0.276038 0.268005 0.109202 0.0030246 -0.00608955 -0.00040658
-0.247068 0.347688 0.0433428 0.0015937 -0.00604641 0.00011162
-0.247149 0.373672 0.0627904 0.00039109 -0.00620996 0.00068507
-0.248625 0.391281 0.0979621 0.00016888 -0.0060505 0.00050382
-0.259321 0.349916 0.160741 0.00029938 -0.00652748 0.00047037
-0.271883 0.361904 0.243504 0.00012775 -0.00685528 0.00033696
-0.274655 0.26513 0.269162 0.00037644 -0.0063549 -0.0002264
-0.270566 0.220343 0.343402 0.00128133 -0.00650372 -0.000184
-0.282297 0.246717 0.434105 0.00160309 -0.00701136 -0.00037009
-0.306587 0.285739 0.470377 0.00152696 -0.00657874 -0.00080512
-0.306851 0.31881 0.379823 0.00168102 -0.00591265 -0.00106661
-0.307521 0.196982 0.274963 0.0021082 -0.0047916 -0.00173954
-0.284052 0.306948 0.186642 0.00447638 -0.00489888 -0.00099062
-0.191643 0.34257 0.247425 0.0036623 -0.00452567 -0.0008359
-0.139505 0.123535 0.209526 0.00438675 -0.004833 -0.0006039
-0.203937 0.0286297 -0.0788108 0.00401378 -0.00479064 -0.00194714
-0.250306 0.0218002 -0.565488 0.00900254 -0.00545035 -0.00227307
-0.280148 0.0795036 -0.644083 0.0121736 -0.00577016 -0.00132757
-0.231838 0.228333 -0.11747 0.00790663 -0.00488485 -0.00036288
-0.207946 0.189468 -0.053154 0.005465 -0.00490071 0.0003985
-0.221983 0.134488 -0.0362493 0.00527818 -0.00479072 -0.00020738
-0.227103 0.0589047 -0.0122956 0.00389125 -0.00486206 -0.00041355
-0.236754 0.0727026 0.0321389 0.00295614 -0.00472986 -0.00088269
-0.2554 0.125005 0.085191 0.00331791 -0.0052713 -0.00075912
-0.250088 0.153894 0.175871 0.00258337 -0.00509674 -0.00053958
-0.194433 0.213494 0.222952 0.00200354 -0.00421778 -0.00094699
-0.162185 0.250331 0.214055 0.00190235 -0.00382238 -0.00164791
-0.195512 0.192573 0.105868 0.00238275 -0.00427384 -0.00164791
-0.225915 0.0116565 -0.0420239 0.00747501 -0.00505439 -0.00159718
-0.231236 -0.0287542 -0.33048 0.0205225 -0.00568329 -0.00180985
-0.224629 -0.184804 -0.660511 0.0309623 -0.00559416 -0.00190995
-0.197511 -0.432404 -0.920574 0.0424966 -0.00466184 -0.0014695
-0.147091 -0.484421 -1.06106 0.0406142 -0.00326111 -0.00087243
-0.0318543 -0.201537 -0.778658 0.0270044 -0.00363074 -0.00139365
-0.0131699 -0.310725 -0.645704 0.0260842 -0.0034204 -0.00109487
-0.0817115 -0.245408 -0.626358 0.0250657 -0.00433879 -8.845e-05
-0.0908755 -0.183128 -0.588894 0.024242 -0.00378414 -1.024e-05
-0.0782918 -0.105842 -0.516981 0.0233123 -0.00430461 0.00034349
-0.0761228 0.031456 -0.489749 0.0220288 -0.00312492 -0.00017882
-0.0696696 0.116408 -0.435604 0.0211446 -0.00374545 -0.00022519
-0.0369067 0.133163 -0.313697 0.0192174 -0.00323656 0.00050179
-0.0292229 0.0562673 0.0396866 0.0166719 -0.00217787 0.00069433
0.0132035 -0.0148251 -0.397794 0.0173084 -0.00438837 0.00022874
0.11282 -0.0150042 -0.755703 0.0186698 -0.00456243 -0.00068103
0.124785 -0.0615568 -0.776652 0.0159698 -0.00395466 -0.00099791
0.08913 0.00883565 -0.639376 0.0134034 -0.00263529 0.0008526
0.103844 -0.00749074 -0.586699 0.0128638 -0.0036941 0.00098938
0.0952566 0.0327923 -0.539648 0.0130317 -0.00385386 0.00096989
0.0874835 0.055137 -0.464349 0.0126851 -0.00382776 0.00085675
0.0758873 0.0817661 -0.398326 0.0125098 -0.0038848 0.00098643
0.0747457 0.087707 -0.322759 0.0138099 -0.00455721 0.00126452
0.0771728 0.0820521 -0.254299 0.0145882 -0.00517772 0.00126365
0.0788868 0.0755389 -0.204424 0.0154629 -0.00470198 0.00116429
0.0787727 0.0318068 -0.168084 0.0159099 -0.00528752 0.00126719
0.0803485 0.0307711 -0.155751 0.0158076 -0.00509245 0.00115825
0.0755908 0.0333579 -0.144195 0.0170011 -0.00516673 0.0012694
0.0806261 0.0512941 -0.0609332 0.0185605 -0.00557946 0.00157098
0.0855717 0.0477343 0.00705213 0.017774 -0.00565451 0.00187179
0.0852984 0.0570081 -0.015931 0.0176277 -0.00567943 0.00152927
0.0755576 0.0408824 -0.00685212 0.0168537 -0.00613629 0.00140136
0.0270169 0.106464 0.0843481 0.0141805 -0.00624526 0.00107498
0.0271126 0.0207515 0.050654 0.0145448 -0.00555153 0.00073316
0.010482 0.00242325 0.0612864 0.0156582 -0.00637843 0.00113087
-0.00620204 0.0278328 0.132627 0.015691 -0.00732893 0.00132126
-0.0294799 0.0603527 0.156075 0.0144688 -0.00613639 0.00080022
-0.0278504 0.0711353 0.179512 0.0160529 -0.00688267 0.00084342
-0.00995725 0.0650986 0.194878 0.0183178 -0.00742674 0.00097396
-0.0197547 0.0639027 0.227594 0.0173302 -0.00714084 0.00090828
-0.0229434 0.0873227 0.214025 0.0153029 -0.00691205 0.00076972
-0.0230638 0.0904651 0.206401 0.0156026 -0.00713237 0.00077343
-0.0122464 0.0295833 0.277259 0.0154204 -0.00662377 0.00072771
-0.0173324 0.0330706 0.247784 0.0151894 -0.00685115 0.00075194
-0.0126632 0.0404917 0.241423 0.0159538 -0.00703769 0.00059724
-0.0136167 0.062283 0.235606 0.0161604 -0.00707717 0.00059877
-0.0146471 0.116924 0.228754 0.0155609 -0.00700943 0.00054093
-0.0230531 0.150233 0.239539 0.0142228 -0.00672041 0.00061553
-0.0132385 0.0348622 0.1477 0.0154215 -0.00674127 0.00086858
-0.00077119 -0.0400071 0.0706116 0.0180613 -0.00680129 0.00061553
-0.00317337 0.0440949 0.121316 0.0148643 -0.00640273 0.00079576
0.0797337 0.131113 0.302051 0.00974274 -0.00624889 0.00068721
0.0388078 0.0332089 0.276111 0.0100536 -0.00645001 0.00080901
-0.0338962 0.0228115 0.266404 0.0105443 -0.00599983 0.00061553
-0.0462152 0.0573091 0.274361 0.010276 -0.00582293 0.00061553
-0.0408363 0.118151 0.267736 0.0103001 -0.00637009 0.00061553
-0.0393789 0.17195 0.303596 0.00881629 -0.0064984 0.00074276
-0.0439152 0.0559622 0.269406 0.00918446 -0.00647559 0.00061553
-0.0585646 -0.00354588 0.265147 0.0103041 -0.00657346 0.00061553
-0.0868139 0.0367243 0.130881 0.0132463 -0.00581144 0.00061553
-0.0968679 -0.178719 -0.15202 0.0232832 -0.00324001 0.00074519
-0.0725573 -0.412103 -0.394498 0.0347204 -0.00324001 0.00132186
-0.0551328 -0.669133 -0.659203 0.0460982 -0.00306586 0.00133776
-0.054592 -0.808508 -0.854503 0.0523003 -0.003701 0.00113761
-0.011058 -0.453373 -0.630295 0.0403645 -0.00352946 0.00025013
0.0838064 -0.198235 -0.319362 0.0308895 -0.00427348 0.00200993
-0.0146404 -0.180031 -0.129337 0.0253699 -0.00523522 0.00267129
-0.0372192 -0.135519 -0.11114 0.024061 -0.00504006 0.002145
-0.048927 -0.093893 -0.0863021 0.023112 -0.00485781 0.00186659
-0.0509367 0.0110025 -0.0564957 0.0221599 -0.00505475 0.00185439
-0.0565603 0.0738626 -0.0344688 0.0206269 -0.00489578 0.00173508
-0.0737184 0.108466 -0.0103572 0.0200727 -0.00517497 0.00148753
-0.0833897 0.120999 0.0107948 0.0196573 -0.00483255 0.00157638
-0.101742 0.159318 0.113801 0.0190159 -0.00642528 0.00163032
-0.0903672 0.114992 0.115776 0.0188984 -0.00656062 0.00183935
-0.100168 -0.0146311 0.113267 0.0200725 -0.0063617 0.00173508
-0.0984475 -0.027841 0.147149 0.0203554 -0.00613668 0.00158289
-0.092857 -0.0166694 0.189483 0.021927 -0.00637315 0.00173508
-0.0969833 0.00745432 0.243227 0.0223188 -0.0065353 0.00173508
-0.0979355 0.0238035 0.242254 0.0208201 -0.00645503 0.00173508
-0.100657 0.0700099 0.26068 0.0197353 -0.00683636 0.00158466
-0.100144 0.0920755 0.285167 0.0199508 -0.00692612 0.00160348
-0.0982434 0.112794 0.256882 0.0208732 -0.00699025 0.00173508
-0.0969627 0.118868 0.320482 0.0210553 -0.00751561 0.00187986
-0.0944046 0.0895491 0.358139 0.02167 -0.00733203 0.00190002
-0.124781 0.135439 0.355375 0.0196247 -0.007633 0.00132596
-0.147475 0.0998125 0.317709 0.0182706 -0.00779531 0.00119348
-0.138897 -0.029325 0.269192 0.0199787 -0.00727913 0.00112655
-0.146976 0.00935375 0.302483 0.0198787 -0.00699806 0.00119348
-0.127618 0.0749257 0.328159 0.0183772 -0.00738491 0.00104683
-0.119989 0.14033 0.410541 0.0176029 -0.00722641 0.00119348
-0.120035 0.00545074 0.312485 0.0184488 -0.00748781 0.00119348
-0.0426099 0.021688 0.367268 0.0183743 -0.0073709 0.00146503
-0.097366 0.0454497 0.291097 0.0184832 -0.00726846 0.00146224
-0.102342 0.188943 0.327765 0.0167845 -0.00813021 0.00186937
-0.0966857 0.106944 0.273292 0.0164484 -0.00737316 0.00193587
-0.103474 0.0871047 0.267529 0.0164882 -0.0070128 0.0017298
-0.110991 0.140639 0.25604 0.0172452 -0.00691992 0.00196955
-0.116437 0.188066 0.359444 0.0171202 -0.00761557 0.00194916
-0.103806 0.142897 0.47205 0.0194573 -0.00877365 0.00225398
-0.111762 0.132334 0.564685 0.0198451 -0.00849955 0.00236513
-0.122371 0.128249 0.572843 0.0195315 -0.00833168 0.00223132
-0.128819 0.13614 0.570808 0.0198995 -0.008898 0.00217744
-0.119246 0.161979 0.576268 0.0194885 -0.00872848 0.002252
-0.115327 0.0947353 0.597107 0.0197441 -0.00857946 0.00236513
-0.112156 0.117935 0.581835 0.018723 -0.00761775 0.0020241
-0.115494 0.140401 0.556827 0.019071 -0.0077726 0.0021343
-0.117367 0.182859 0.569754 0.0177417 -0.0075758 0.00208065
-0.118087 0.177408 0.52453 0.0178894 -0.00802356 0.00194345
-0.121449 0.0879791 0.516407 0.0182727 -0.00782097 0.00204888
-0.118675 0.112859 0.527661 0.0183987 -0.00764248 0.00199576
-0.116249 0.197509 0.547406 0.0167967 -0.00768196 0.00204193
-0.0807872 0.122718 0.551131 0.012591 -0.00668762 0.00185085
-0.0104615 0.173356 0.577122 0.0141798 -0.0070359 0.0021088
-0.0438659 0.16221 0.577591 0.0141095 -0.00698145 0.00197933
-0.0803193 0.240867 0.583999 0.0123746 -0.00732518 0.00185085
-0.0779044 0.205331 0.581863 0.0133094 -0.00766628 0.00185085
-0.0942763 0.152446 0.613065 0.0132605 -0.00711681 0.00185085
-0.0941936 0.179459 0.658661 0.0132074 -0.00742024 0.00194798
-0.104025 0.200155 0.694868 0.0136288 -0.00733218 0.00196717
-0.102514 0.201974 0.720134 0.0144521 -0.00733106 0.0020493
-0.11225 0.199031 0.729915 0.0144174 -0.00711929 0.00185085
-0.107744 0.220197 0.730915 0.0140115 -0.00695129 0.00185085
-0.114638 0.268159 0.774672 0.0135799 -0.00714649 0.00172557
-0.112579 0.158922 0.760465 0.0141922 -0.00733052 0.00165977
-0.115257 0.136819 0.765835 0.0152137 -0.00742024 0.00171909
-0.118962 0.148974 0.767093 0.0150863 -0.00727828 0.00162409
-0.117375 0.183205 0.775665 0.0152784 -0.00742024 0.0015087
-0.123451 0.230304 0.819593 0.0144712 -0.00742024 0.00160967
-0.129522 0.219487 0.781502 0.0143584 -0.00742024 0.00154984
-0.142061 0.138031 0.791198 0.0149862 -0.00771903 0.00153665
-0.131769 0.154323 0.778601 0.0152523 -0.00797036 0.00165676
-0.131181 0.180599 0.777179 0.0149632 -0.00782549 0.00152558
-0.132107 0.248426 0.792965 0.0146278 -0.00808823 0.00166417
-0.130801 0.163628 0.778495 0.0153226 -0.00840987 0.00185085
-0.131021 0.152971 0.782039 0.0155182 -0.00821223 0.00169549
-0.136689 0.180876 0.757682 0.0157097 -0.00805279 0.00153625
-0.143241 0.257409 0.793983 0.0146506 -0.00791792 0.00161392
-0.135854 0.204142 0.742911 0.0142949 -0.00810592 0.00162164
-0.134664 0.131107 0.715932 0.0149006 -0.00816791 0.00156678
-0.137228 0.1969 0.753072 0.0137863 -0.0080645 0.00158713
-0.139366 0.271885 0.779308 0.0130007 -0.0084221 0.00175292
-0.125109 0.0912591 0.635782 0.0149997 -0.00834666 0.00185085
-0.0631436 0.0993788 0.678774 0.0163237 -0.00825186 0.00222606
-0.0827502 0.111156 0.58515 0.0161913 -0.00810786 0.00259557
-0.106915 0.18194 0.647834 0.0135295 -0.00821646 0.00245115
-0.115016 0.280314 0.681118 0.0123933 -0.00897573 0.0027753
-0.110258 0.192878 0.577726 0.0122362 -0.00880768 0.00278383
-0.0854359 0.118264 0.515788 0.0120679 -0.00771532 0.0028325
-0.164157 0.124968 0.51751 0.0110575 -0.00727189 0.00245662
-0.140771 0.125292 0.510402 0.0100198 -0.00723831 0.00245662
-0.134681 0.221033 0.536637 0.0098818 -0.00764748 0.00245662
-0.135173 0.157613 0.551684 0.00981614 -0.00758086 0.00245662
-0.140862 0.172305 0.572407 0.00995439 -0.00726816 0.00245662
-0.143512 0.213968 0.585041 0.00997372 -0.00726068 0.00245662
-0.14996 0.263314 0.591613 0.00945327 -0.00734254 0.00245662
-0.151408 0.172419 0.582403 0.00929809 -0.00706177 0.002243
-0.154321 0.178101 0.589638 0.00918113 -0.00680105 0.00207095
-0.150893 0.194534 0.598582 0.00884596 -0.00656716 0.00212521
-0.169692 0.270852 0.618283 0.0078265 -0.00680105 0.00217479
-0.165945 0.160706 0.601255 0.00815517 -0.00674962 0.00201899
-0.166368 0.150879 0.608229 0.0081488 -0.00680105 0.00218757
-0.156149 0.186355 0.628673 0.0084167 -0.00699125 0.00231447
-0.148596 0.216288 0.657762 0.00866985 -0.00745303 0.00246662
-0.150323 0.246919 0.73401 0.00912515 -0.00794046 0.00253222
-0.162967 0.264804 0.757759 0.00912515 -0.00763125 0.0023532
-0.15364 0.313879 0.720926 0.00912515 -0.00777006 0.00242335
-0.145756 0.188113 0.667162 0.00896031 -0.00766492 0.00256998
-0.171747 0.0729272 0.553065 0.0101426 -0.0079731 0.00246249
-0.168019 0.0213932 0.327716 0.017513 -0.00980399 0.00267533
-0.154811 -0.26093 0.0754914 0.0242996 -0.00803357 0.00230096
-0.123638 -0.538851 -0.155396 0.0326087 -0.00646777 0.00229874
-0.112049 -0.652336 -0.567865 0.0448486 -0.00612606 0.00209619
-0.0737688 -0.505398 -0.612489 0.0421407 -0.00468009 0.0017136
0.0588983 -0.0698516 -0.26805 0.0336544 -0.00529461 0.0025577
0.0509814 -0.0936987 -0.130739 0.0316609 -0.00555717 0.00281309
0.00035527 -0.00744644 -0.0877138 0.0291313 -0.00564211 0.00246073
-0.0290621 0.0348728 -0.0205742 0.0254844 -0.00724044 0.00257168
-0.0287651 0.0902434 0.0772331 0.0240684 -0.00814464 0.00237516
-0.0360107 0.121115 0.157082 0.0240973 -0.00862861 0.00238425
-0.0261048 0.157051 0.285481 0.0246288 -0.00959903 0.00267288
-0.0302883 0.127436 0.354435 0.0239885 -0.00968291 0.00275223
-0.0330437 0.128341 0.364296 0.0234829 -0.00960402 0.00257168
-0.0367991 0.134577 0.34022 0.0242133 -0.00865446 0.00232168
-0.0372068 0.102239 0.395937 0.024328 -0.00862757 0.00257168
-0.0418396 0.10742 0.411678 0.0237041 -0.00865302 0.00257168
-0.0485027 0.102428 0.416763 0.022521 -0.00843948 0.00218504
-0.0626426 0.129812 0.408152 0.0222999 -0.00902925 0.00216645
-0.0462097 0.228418 0.462007 0.0190766 -0.00867828 0.00242998
0.047283 0.0700111 0.472472 0.0210454 -0.00862621 0.00273668
-0.00567834 0.0567274 0.423125 0.021817 -0.00846129 0.00243078
-0.0350766 0.106989 0.461725 0.0208598 -0.00872427 0.00223663
-0.0340294 0.170198 0.515043 0.0209191 -0.00958721 0.00257168
-0.0345983 0.0876402 0.525198 0.0225454 -0.0086824 0.00232168
-0.0369212 0.120807 0.498395 0.0215356 -0.00848211 0.00232585
-0.034695 0.162131 0.530569 0.0215295 -0.00852659 0.00244417
-0.046486 0.206516 0.553951 0.0203098 -0.00859772 0.00226239
-0.0354574 0.106567 0.540504 0.0209027 -0.00858652 0.00206704
-0.0335219 0.114222 0.567023 0.0217648 -0.00877002 0.00257168
-0.0316813 0.120564 0.576289 0.0211808 -0.00829929 0.00223622
-0.0304346 0.170459 0.597666 0.0207086 -0.0079835 0.00224699
-0.0243638 0.234818 0.745819 0.018292 -0.00802996 0.00285609
-0.0219627 0.085782 0.680853 0.019786 -0.0080009 0.00265162
-0.0283524 0.0884184 0.682244 0.0209945 -0.00846426 0.00257168
-0.0283011 0.117472 0.707805 0.0208622 -0.00826144 0.00257168
-0.028221 0.165923 0.727122 0.0207446 -0.00787413 0.00257168
-0.0282568 0.227085 0.735878 0.0195338 -0.00798852 0.00257168
-0.0206261 0.149254 0.696367 0.021055 -0.0082431 0.00257169
-0.0129221 0.146841 0.70503 0.0216756 -0.0079677 0.0027402
-0.0181583 0.148618 0.721377 0.0212595 -0.00775988 0.00257169
0.00134385 0.211573 0.728438 0.0210765 -0.0079677 0.00257169
-0.00063376 0.166089 0.685786 0.0201424 -0.00762639 0.00257169
0.00187837 0.0305393 0.630883 0.0215951 -0.0076907 0.00257169
0.00859455 0.0479974 0.59882 0.0217716 -0.00722464 0.00295836
0.0166725 0.194235 0.645233 0.0201619 -0.00768235 0.0028639
0.0104375 0.119153 0.605397 0.0199515 -0.00764346 0.00257169
0.0135351 0.0919861 0.559713 0.0211395 -0.00619684 0.00298757
0.00439333 0.165981 0.506813 0.0202457 -0.00730219 0.00305413
0.028826 0.192083 0.502342 0.0186523 -0.0077072 0.00303097
0.0159696 0.101424 0.501625 0.0191476 -0.00677806 0.00301508
0.0196665 0.13583 0.548624 0.0181493 -0.00684372 0.00320597
0.0347629 0.205634 0.600509 0.0173171 -0.00667648 0.0031809
0.0388311 0.203418 0.645771 0.0179799 -0.00672989 0.00304939
0.030187 0.152164 0.696635 0.0190386 -0.00630824 0.00285568
0.0294542 0.166376 0.749175 0.0195427 -0.00654922 0.00308771
0.0253213 0.174096 0.791749 0.0203134 -0.00636042 0.00307704
0.0253998 0.174845 0.817332 0.0209066 -0.00636985 0.00317119
0.0358439 0.177296 0.859057 0.021202 -0.00653823 0.00315187
0.0253448 0.17554 0.893437 0.0205294 -0.00633485 0.00315483
0.0250806 0.212814 0.954028 0.0201108 -0.00668478 0.00297124
0.0281813 0.191783 1.00142 0.0196057 -0.00674637 0.00291495
0.0252219 0.19796 1.07518 0.0197704 -0.00690649 0.00303506
0.0217248 0.174082 1.08653 0.0198443 -0.00680203 0.00317556
0.0204384 0.184954 1.01487 0.020468 -0.00673126 0.00308972
0.0219539 0.238588 0.983739 0.0191381 -0.00698628 0.00298256
0.0125931 0.199248 0.949421 0.0191091 -0.00664278 0.002812
0.0151152 0.0974354 0.920662 0.0195243 -0.00650775 0.00282506
0.0137277 0.149071 0.946056 0.0178979 -0.00642319 0.00266274
0.0109022 0.251353 0.939076 0.0179576 -0.00672529 0.00308549
0.0231218 0.172621 0.890458 0.0177114 -0.0061507 0.0028909
0.0283821 0.123492 0.930713 0.0178015 -0.00597328 0.00281361
0.0131285 0.199649 0.919272 0.0181634 -0.00601309 0.0028909
0.0175145 0.261652 0.993859 0.0174629 -0.0061507 0.00283627
0.0171874 0.29324 0.976015 0.0174062 -0.00640796 0.00270814
0.022149 0.213042 0.951738 0.0182195 -0.00614446 0.00270276
