0 0.144245 0.0689248 -0.00058258 0 0
0.0091678 0.0746668 0.0436124 -0.00072731 -0.00010266 -0.00014123
0.0134783 0.195367 0.0936147 -0.00109363 0 -0.00018595
0.0148421 0.181177 0.0812772 -0.00068251 -0.00016608 -0.00018113
0.0110241 0.136969 0.0816195 -0.00033954 -0.00012277 -0.00010337
0.0135154 0.026957 0.0545275 -2.484e-05 -7.716e-05 -0.00016116
0.0172917 0.119542 -5.073e-05 -6.586e-05 0 -0.00022749
0.015116 0.338349 0.0364157 -0.0007903 0 -0.00031138
0.0106658 0.236496 0.0206898 5.482e-05 -9.361e-05 -0.00022893
0.00985466 0.0535479 0.0101048 0.00016464 -6.056e-05 -0.00027314
0.0102294 0.12027 0.00460898 -0.00017847 -0.00014747 -5.905e-05
0.00504793 0.205478 0.0498783 0.0001616 0 0.00011867
-0.00118442 0.113929 0.0619011 0.00043572 -0.00090842 -0.00042878
-0.0166368 0.0770651 0.0443174 0.0005539 -0.00091583 -0.00026854
0.0156716 0.0984569 0.0385568 0.00098445 -0.00094063 0.00016134
0.00227187 0.0610094 0.0151803 0.0008796 -0.00148668 0.00029082
-0.0227243 0.149695 0.00287774 0.00110593 -0.00182539 0.00051662
-0.0313754 0.172574 -0.0054869 0.00135674 -0.0023402 0.00039353
-0.0228921 0.171855 -0.00815918 0.00222337 -0.00259629 0.00073873
-0.00423781 0.0580507 -0.0167818 0.00254774 -0.00258177 0.00100971
0.00118633 0.220736 -0.0625179 0.00253831 -0.00243208 0.00099911
-0.00033446 0.241705 -0.0290129 0.00251993 -0.00243208 0.00095062
0.00198581 0.114878 -0.0593507 0.00242009 -0.00262259 0.00091687
0.0045163 0.154486 -0.0415648 0.00245984 -0.00218208 0.00096901
-0.00211972 0.102066 -0.0532007 0.00279905 -0.00266194 0.00090381
0.00521097 0.0755358 -0.136482 0.0051514 -0.00296961 0.00149203
0.0103538 0.0334091 -0.138919 0.00678943 -0.00335412 0.00134239
-0.00239236 0.207135 -0.124939 0.00777305 -0.00199246 0.00098149
-0.0054635 0.128088 0.0194389 0.00804409 -0.00183365 0.00069463
0.00234551 0.144675 0.0559208 0.00986282 -0.00228212 0.00100692
0.00306636 0.430724 0.0200916 0.00761697 -0.00192785 0.00070901
-0.0197956 0.398372 -0.0939965 0.00900641 -0.001282 1.241e-05
-0.0200408 0.291487 -0.0696178 0.00883709 -0.00114766 0.00033826
-0.0196071 0.172488 -0.0594138 0.00980611 -0.00146707 0.00062731
-0.0290926 0.306327 -0.0907447 0.010291 -0.00141807 0.00039505
-0.025341 0.217269 -0.113267 0.0105318 -0.00143534 0.00028809
-0.0291757 0.155968 -0.117547 0.0104274 -0.00169243 9.151e-05
-0.0350424 0.183473 -0.0933946 0.0100452 -0.00158035 0.00011494
-0.0279729 0.170606 -0.105303 0.0104378 -0.00177279 0.00010443
-0.0391227 0.197951 -0.115023 0.0101207 -0.00155324 -2.256e-05
-0.0302301 0.193858 -0.129569 0.0097687 -0.00174159 0.00015239
-0.041981 0.254763 -0.122001 0.0097854 -0.00170807 0.00037439
-0.0303043 0.24769 -0.0695396 0.00958634 -0.00226279 0.00090574
-0.0123635 0.291401 -0.073091 0.00951596 -0.00268933 0.00157475
-0.00914874 0.283379 -0.0776594 0.0100767 -0.00235697 0.00147106
-0.0059849 0.172016 -0.162414 0.00994372 -0.00222749 0.00118228
0.00647014 0.22456 -0.221005 0.00918863 -0.00311155 0.00181377
0.013793 0.169119 -0.187182 0.00950008 -0.00314627 0.00206006
-0.00836032 0.0435619 -0.167305 0.00964934 -0.00290639 0.00163532
0.00458333 0.205748 -0.199596 0.00935337 -0.00246314 0.00179476
0.0100835 0.24598 -0.138657 0.00899143 -0.00223175 0.00161667
0.0082533 0.0934573 -0.196858 0.00974975 -0.0025706 0.00185329
0.0128877 0.279739 -0.226239 0.00968211 -0.00226246 0.00192399
-0.00827016 0.195847 -0.177051 0.010062 -0.00249781 0.00153031
0.00381369 0.21963 -0.239373 0.0102943 -0.00293782 0.00223137
0.00992811 0.186161 -0.203838 0.0103933 -0.00319732 0.00239958
-0.00274463 0.196192 -0.184868 0.0100978 -0.00251807 0.0017642
0.0144406 0.189906 -0.150923 0.00990192 -0.00214541 0.00191903
0.00025316 0.191523 0.0452578 0.010238 -0.00255251 0.00171557
-0.0125858 0.234374 0.0193966 0.00871276 -0.00305726 0.00176798
-0.0130695 0.341851 0.0550865 0.00673053 -0.00267961 0.00158991
0.00297308 0.213491 0.140928 0.00746391 -0.00273969 0.00202028
0.0136205 0.415728 0.0684103 0.00735285 -0.0021925 0.00199945
0.0048001 0.367735 0.149621 0.00683414 -0.00231122 0.00203181
-0.0028396 0.350259 0.112336 0.00690085 -0.00241732 0.00216752
-0.00362043 0.317699 0.162863 0.00706138 -0.00259093 0.00192751
-0.00314971 0.279301 0.0985646 0.0070927 -0.00212356 0.00192525
-0.0017785 0.28531 0.145024 0.00762962 -0.00233785 0.00199834
-0.00429365 0.251578 0.113047 0.00795066 -0.00250051 0.00213393
-0.00881358 0.284243 0.0824934 0.00828799 -0.00268336 0.00250624
0.00174563 0.22568 0.163132 0.00746073 -0.00243487 0.00220271
-0.00659068 0.168316 0.125554 0.00693942 -0.00251269 0.00229082
0.00077754 0.442462 0.0873932 0.00727851 -0.00203363 0.00206692
-0.00310233 0.398743 0.107718 0.00705682 -0.00224456 0.00201023
-0.00597521 0.362965 0.119305 0.00749316 -0.00228369 0.00247736
0.00073907 0.369049 0.110992 0.00875633 -0.0026844 0.00273976
0.00129099 0.294148 0.0694829 0.0089252 -0.00371006 0.00305916
-0.00180592 0.270716 0.0871379 0.00832282 -0.00305484 0.00285386
0.00210799 0.177343 0.120209 0.00752248 -0.00255337 0.0025682
0.00073752 0.257684 0.0906123 0.00752628 -0.00235228 0.0022067
0.00094827 0.307119 0.0961613 0.00796859 -0.00210426 0.00216233
0.00301351 0.232269 0.0938908 0.00778435 -0.00220122 0.00221085
-0.0111835 0.373599 0.051401 0.00820288 -0.00230204 0.00234494
0.0102377 0.283969 0.107376 0.00834315 -0.00240011 0.00229943
0.00989243 0.311869 0.0274219 0.00802756 -0.00216398 0.00216348
0.0086534 0.311195 0.0322426 0.00793209 -0.00224797 0.00248008
0.00781177 0.273253 0.0338927 0.00749077 -0.00218816 0.00232735
0.00936956 0.303612 0.0213895 0.00827313 -0.00236875 0.00234423
0.0166778 0.203934 0.0130791 0.00885693 -0.00276243 0.00267444
0.00446147 0.220849 -0.0797484 0.0082899 -0.00357062 0.00274872
0.00730717 0.193232 -0.0217806 0.00820854 -0.00343719 0.00273937
0.0151334 0.159688 -0.0444914 0.00833902 -0.00337039 0.00283654
0.0215242 0.278748 -0.0779756 0.00811637 -0.00342502 0.0027836
0.0349127 0.243273 -0.0487232 0.00818287 -0.00350485 0.00311451
0.0341886 0.269255 -0.0879459 0.00827467 -0.0032624 0.00295435
0.024527 0.245108 -0.0645352 0.00849333 -0.00309853 0.00295225
0.0189672 0.283118 -0.110796 0.00866225 -0.00295075 0.00258159
0.0202076 0.297874 -0.0989879 0.00982211 -0.00270543 0.00283124
0.0191629 0.244289 -0.0714477 0.00859182 -0.00334173 0.00268313
0.0134175 0.240837 -0.0456437 0.00773816 -0.00289366 0.00268923
0.0126921 0.151647 0.0765835 0.00765346 -0.00329307 0.0025318
0.0106001 0.291595 0.0114284 0.00811409 -0.00214855 0.00267056
0.0206781 0.33291 0.0134694 0.00698627 -0.00272423 0.00275282
-0.00496207 0.178331 0.14175 0.00797278 -0.00324354 0.00268823
0.00269892 0.395507 0.0497785 0.00846093 -0.00314372 0.00276565
-0.00051147 0.376185 0.0779148 0.00768127 -0.0029538 0.00260191
-0.00831055 0.270233 0.056426 0.00869861 -0.00322068 0.00266633
-0.00183353 0.37908 0.0745663 0.00909339 -0.00336257 0.00300443
-0.00392969 0.297367 0.063754 0.00937635 -0.00323475 0.00295823
0.00536499 0.319309 0.0312417 0.00931407 -0.00354004 0.00331059
0.0330706 0.238681 0.0279058 0.0082192 -0.00355396 0.00399779
0.0629579 0.222384 0.0163791 0.00655075 -0.00390002 0.00495489
0.0361278 0.25263 -0.0076641 0.00795418 -0.00350471 0.00380365
0.0285781 0.209026 -0.00815319 0.00842979 -0.00344098 0.00339417
0.0246087 0.319464 -0.047925 0.00915912 -0.00343016 0.00345122
0.0195834 0.366814 -0.0334995 0.00869687 -0.00349432 0.00348932
0.0128229 0.294402 -0.0151335 0.00865652 -0.00324144 0.00343405
0.0336639 0.30829 -0.0631852 0.00784273 -0.00349432 0.00329603
0.0384394 0.261499 -0.00846739 0.00651223 -0.00459984 0.00438337
0.0353407 0.239879 -0.0338591 0.00722094 -0.00458366 0.0038543
0.0281413 0.215853 0.0143474 0.0071936 -0.00411959 0.00354274
0.0192509 0.133367 0.0700882 0.00726555 -0.00447964 0.00341302
0.040855 0.300599 -0.0218104 0.00691651 -0.00401486 0.00353022
0.0241526 0.31148 0.0571477 0.00656923 -0.0048178 0.00297975
0.031634 0.253735 0.103289 0.00734036 -0.00496249 0.00356711
0.0292823 0.396058 0.0622068 0.007851 -0.00451196 0.00356811
0.0219553 0.348169 0.118615 0.00797364 -0.00470647 0.00331936
0.0191385 0.313091 0.0115114 0.00746415 -0.00466804 0.00303229
0.0116859 0.29807 0.0398484 0.006535 -0.00429259 0.00315845
0.0193387 0.205502 0.073609 0.00685807 -0.00455223 0.00308927
0.0225791 0.267639 0.00258674 0.00668151 -0.00400681 0.002949
0.0182352 0.192806 0.0392415 0.00614597 -0.00389996 0.00256439
0.0231427 0.221808 0.0390365 0.00635381 -0.00404535 0.00282468
0.0312286 0.324237 0.0784504 0.00642444 -0.00402666 0.00293526
0.0256854 0.255263 -0.051161 0.00796813 -0.00381431 0.0025482
-0.0135316 0.309877 -0.0601462 0.0081295 -0.00291236 0.00130552
0.00062923 0.233584 0.0937827 0.00741684 -0.00356464 0.00238431
0.00662712 0.236541 0.102922 0.008576 -0.00395243 0.00271955
0.00824159 0.389616 0.0416719 0.00833479 -0.00346219 0.00308845
0.00528995 0.320326 0.127418 0.00839005 -0.00402169 0.00295435
-0.00559969 0.310131 0.0376726 0.00871967 -0.00435065 0.0027546
-0.0158848 0.303244 0.0102943 0.0079732 -0.00432281 0.00256981
-0.00554164 0.189427 0.157697 0.00695593 -0.00412897 0.00250357
0.00528453 0.278986 0.126502 0.00730305 -0.00412041 0.0027932
0.0180145 0.365925 0.0928434 0.00705421 -0.00353882 0.00272474
0.018259 0.225363 0.0332361 0.00668383 -0.00357584 0.0027526
0.025191 0.331651 0.0268947 0.007932 -0.00382884 0.00309776
0.037388 0.278121 0.188483 0.0103261 -0.00499714 0.00324113
0.046371 0.291031 -0.160098 0.0104912 -0.00352852 0.00263669
0.00557529 0.187221 0.556985 0.0129728 -0.00543874 0.00316928
0.0302367 0.410169 0.242934 0.0102531 -0.00537343 0.00368188
0.0343266 0.474398 0.086958 0.00776516 -0.00448153 0.00324202
0.00589236 0.365836 0.127941 0.00783206 -0.00392108 0.00287097
-0.00267612 0.327095 0.10544 0.00786279 -0.00315531 0.0028242
-0.00165252 0.304479 0.133633 0.00767132 -0.00297328 0.00277885
-0.00538027 0.27769 0.152379 0.00833203 -0.00302523 0.00267308
-0.00495916 0.225939 0.17028 0.00794879 -0.00264926 0.00238013
-0.00249094 0.261195 0.131827 0.00739513 -0.00276537 0.00269199
-0.0042923 0.352858 0.128245 0.00778593 -0.00271485 0.00273397
-0.0199261 0.341663 0.147084 0.00768272 -0.00258706 0.00232445
-0.0206774 0.362912 0.128273 0.00773143 -0.00260678 0.00202323
-0.0204352 0.36039 0.156542 0.00697533 -0.00260289 0.00210814
-0.0209114 0.268792 0.190507 0.00669623 -0.00236292 0.00191478
-0.023741 0.262168 0.143133 0.00628229 -0.00254383 0.00200201
-0.0206254 0.423944 0.153719 0.00680065 -0.00231833 0.00199732
-0.0267204 0.348692 0.176789 0.00702752 -0.002567 0.00197638
-0.0224834 0.303075 0.164567 0.00706906 -0.00257798 0.0020064
-0.0140639 0.337506 0.109052 0.00726708 -0.00255103 0.00233978
-0.0165333 0.297339 0.187957 0.00790871 -0.00310431 0.00242474
-0.0111188 0.348711 0.187496 0.00812209 -0.00336601 0.00289396
0.00146513 0.251166 0.234404 0.00757311 -0.00316677 0.00315601
-0.00435832 0.392017 0.125147 0.00728746 -0.00218525 0.0028216
-0.00702206 0.385856 0.18458 0.00567295 -0.00261905 0.00244665
-0.00585829 0.286988 0.207758 0.00657996 -0.0025502 0.00270247
-0.0132686 0.435731 0.188364 0.00647162 -0.00241627 0.00261694
-0.0273974 0.350237 0.23199 0.00664291 -0.00250324 0.00218529
-0.0247741 0.335082 0.174194 0.00699666 -0.0021321 0.00228382
-0.0117928 0.353532 0.124506 0.00661545 -0.00240898 0.0025486
-0.0149906 0.280037 0.203826 0.00612088 -0.00250542 0.00255478
-0.0170584 0.330213 0.145978 0.00644738 -0.00260477 0.00269435
-0.00808258 0.32556 0.182517 0.00671346 -0.00329843 0.00324486
0.00145764 0.318495 0.156941 0.0072699 -0.00330882 0.00346078
0.00960889 0.371899 0.155805 0.00643202 -0.00317287 0.00335023
0.00552335 0.323936 0.127771 0.00678183 -0.00203767 0.00242349
-0.00909261 0.353936 0.187624 0.00698083 -0.00247532 0.00267562
-0.00087091 0.271763 0.197029 0.00627434 -0.00214921 0.0025372
0.00893406 0.29914 0.131521 0.00631982 -0.0018152 0.00260639
-0.00915301 0.471913 0.137802 0.00601699 -0.00222731 0.00237645
-0.00611716 0.301083 0.160359 0.00637279 -0.00211347 0.0023956
-0.00556996 0.381258 0.136103 0.00647514 -0.00224609 0.00260881
-0.00565778 0.333656 0.182939 0.00689825 -0.00232242 0.00260977
-0.0059406 0.310845 0.176411 0.00627322 -0.00230544 0.00250978
-0.0088429 0.307992 0.214697 0.00681852 -0.00233272 0.00265833
-0.00559096 0.299116 0.181099 0.007209 -0.00270057 0.00270205
-0.00543173 0.392351 0.183658 0.00726386 -0.00263846 0.00274785
-0.0130438 0.335036 0.178042 0.00743305 -0.00274699 0.00268866
-0.0148281 0.383577 0.145609 0.00726999 -0.00273241 0.00263288
-0.00569542 0.365533 0.157813 0.00697724 -0.00341992 0.00312669
-0.00737489 0.346345 0.18441 0.00701685 -0.00329235 0.00310032
-0.00256887 0.302985 0.182799 0.00707923 -0.00332653 0.00308209
-0.00843027 0.409035 0.189101 0.00713926 -0.00291879 0.00274876
-0.0231273 0.399339 0.215503 0.00736994 -0.00239475 0.00246278
-0.0300037 0.349595 0.275064 0.00792908 -0.00277218 0.00223807
-0.0271073 0.329917 0.222842 0.00728297 -0.00301146 0.00241075
-0.0274719 0.394176 0.227346 0.00744483 -0.00399355 0.00234102
-0.0161733 0.271473 0.217026 0.00659798 -0.00338504 0.00276704
-0.00030945 0.293785 0.142062 0.00694672 -0.00396908 0.00330354
0.0584439 0.46865 0.146177 0.00758923 -0.00433442 0.00490203
0.0786716 0.388407 0.290699 0.00728267 -0.00493238 0.00532492
0.0516622 0.391035 0.186727 0.0068319 -0.00419821 0.00471358
0.0296408 0.281346 0.297971 0.00734616 -0.00487482 0.00447177
0.0191956 0.41449 0.19772 0.0074356 -0.00402993 0.00395526
-0.00463263 0.470731 0.253809 0.00742663 -0.00391119 0.0031696
-0.0247197 0.375303 0.257816 0.00732019 -0.00377269 0.00249847
0.0190032 0.397798 0.131748 0.00821028 -0.00470669 0.00435067
0.00797362 0.326409 0.213118 0.00777165 -0.00417855 0.00371391
0.0222866 0.344137 0.209307 0.00841492 -0.00389941 0.00428927
0.0263551 0.397744 0.319728 0.00743081 -0.00498658 0.00477174
0.0147891 0.387155 0.415564 0.00778441 -0.00430493 0.00402964
0.0384228 0.401522 0.215514 0.00754453 -0.00448968 0.00480563
0.00178748 0.402517 0.276449 0.00745872 -0.00458556 0.00399902
-0.00469477 0.302402 0.274142 0.00705905 -0.00503134 0.00360729
-0.00772069 0.408937 0.16876 0.00645632 -0.00412507 0.00341164
-0.0131786 0.461297 0.21491 0.00667147 -0.00395127 0.00341164
0.00284239 0.319058 0.232782 0.00659284 -0.00416149 0.00346229
0.00138304 0.422846 0.235067 0.00683567 -0.00404063 0.00372146
0.00219039 0.37085 0.313539 0.00762607 -0.00415338 0.00360482
0.0150367 0.370676 0.238621 0.0100285 -0.00378323 0.00408428
0.027707 0.344293 0.273226 0.00823886 -0.00409194 0.00432202
0.021874 0.358461 0.305184 0.00780212 -0.00407991 0.00420494
-0.00764244 0.406993 0.347613 0.00762653 -0.00381703 0.0040224
-0.00477433 0.420227 0.333915 0.00738366 -0.00356457 0.00375014
0.00420871 0.346453 0.314439 0.00731469 -0.00398981 0.0039006
0.0105524 0.351909 0.216163 0.00651495 -0.00361769 0.00397475
0.017481 0.4892 0.236463 0.00647464 -0.00361982 0.00393276
0.0239361 0.337158 0.253651 0.00690907 -0.00385152 0.00422185
0.0185487 0.421357 0.223472 0.00684975 -0.00369022 0.00410162
0.0145314 0.442573 0.285063 0.00697391 -0.00372253 0.00412619
0.0181212 0.284617 0.256961 0.0067405 -0.00373358 0.00406734
0.0191979 0.386883 0.222033 0.0070275 -0.00364154 0.00419936
0.0201957 0.403216 0.28957 0.00748693 -0.00354659 0.00423495
0.0219747 0.320992 0.244297 0.00651309 -0.00373332 0.00447544
0.0109976 0.365891 0.237042 0.00735404 -0.00406728 0.00422425
0.0110018 0.319078 0.245317 0.00727695 -0.00406992 0.00423372
0.013457 0.429847 0.279348 0.00771141 -0.00377663 0.00440309
0.013384 0.378228 0.328294 0.00788686 -0.00410262 0.0041127
0.010798 0.429245 0.301738 0.00777695 -0.00425601 0.00417873
0.0280424 0.41886 0.2886 0.00784847 -0.00419116 0.00498527
0.0178973 0.370565 0.306452 0.00777695 -0.00418236 0.00474813
0.0226831 0.363847 0.289073 0.00716664 -0.00380191 0.00433298
0.0146989 0.316769 0.223122 0.00721591 -0.00384911 0.00416225
0.00144138 0.43563 0.234463 0.00753592 -0.00382101 0.0039881
-0.0115834 0.368689 0.169355 0.0078811 -0.00258648 0.00351973
-0.0187133 0.228027 0.314451 0.00964259 -0.0038909 0.00308105
0.00581046 0.369993 0.210065 0.0106202 -0.00331316 0.00386022
0.00725763 0.522772 0.229944 0.0101551 -0.00323865 0.00401974
0.0131888 0.375193 0.270314 0.00937969 -0.00359414 0.00412005
0.0211085 0.493939 0.270069 0.0101597 -0.00379597 0.00448008
0.0141939 0.418088 0.2751 0.00949272 -0.00333253 0.00404301
-0.0020048 0.377998 0.19568 0.00838522 -0.00369922 0.00356406
0.0109346 0.35515 0.243372 0.00798812 -0.00399511 0.00382231
0.0050515 0.329133 0.321437 0.00746897 -0.00408377 0.00350705
0.00295636 0.369092 0.296983 0.00699904 -0.00418542 0.00375326
0.00294429 0.305288 0.331101 0.00743274 -0.00435446 0.00376468
0.0100634 0.310711 0.258247 0.00722246 -0.00411964 0.00412184
0.0196378 0.509215 0.268633 0.00791822 -0.00452627 0.0046827
0.0139375 0.468649 0.345524 0.00868313 -0.00429874 0.00457562
0.00510314 0.467365 0.285997 0.00793312 -0.00414435 0.00451586
0.0159261 0.450472 0.332987 0.00836792 -0.00414323 0.00462343
0.00856714 0.391115 0.322517 0.0081458 -0.00407051 0.00430858
-0.00864718 0.376977 0.292247 0.00824639 -0.00379515 0.00375253
-0.00062307 0.389257 0.276766 0.00841352 -0.00417014 0.00429504
-0.00495938 0.291817 0.296826 0.00823061 -0.00407887 0.00378621
-0.0123831 0.405173 0.292559 0.00846433 -0.00391082 0.00395033
-0.029707 0.468245 0.290762 0.00939239 -0.00404596 0.00363108
-0.0288398 0.401984 0.370895 0.00858825 -0.00452962 0.00359954
-0.0282282 0.432239 0.364933 0.00803623 -0.0038471 0.00279679
-0.0169746 0.482847 0.336088 0.0080942 -0.00426967 0.00367309
-0.0214496 0.308551 0.356735 0.00767692 -0.00420462 0.00344398
-0.029183 0.462207 0.301611 0.00683692 -0.00344196 0.00283743
-0.0289497 0.432256 0.327647 0.00735729 -0.00396767 0.0024875
-0.018748 0.355544 0.335653 0.00770714 -0.00411814 0.0032132
-0.0146265 0.486336 0.356415 0.00752328 -0.00386605 0.00361959
-0.0143341 0.413578 0.399961 0.00795962 -0.004148 0.003631
-0.0176988 0.400848 0.366841 0.00817471 -0.00402581 0.00352104
-0.0290045 0.461001 0.340596 0.00864126 -0.00406635 0.00319232
-0.0301781 0.391244 0.411872 0.00991797 -0.00436574 0.00221297
-0.0178278 0.42944 0.348415 0.00902035 -0.00421197 0.00331606
-0.0237456 0.47525 0.398068 0.00948392 -0.0040677 0.00246345
-0.0297186 0.458695 0.423593 0.00904391 -0.00462205 0.00231525
-0.00391611 0.464511 0.355083 0.00881758 -0.00441388 0.00421824
-0.00273521 0.36312 0.398377 0.00805554 -0.00483924 0.00364044
0.0145387 0.320363 0.307875 0.00661129 -0.00493839 0.00384296
-0.00457602 0.499109 0.258576 0.00696316 -0.00476028 0.00339478
-0.00525011 0.410522 0.314739 0.00710684 -0.00475255 0.00316827
-0.0353876 0.347775 0.199483 0.00689047 -0.00427827 0.0028744
-0.00947677 0.412624 0.150042 0.00802951 -0.00343038 0.00273244
-0.0241268 0.272918 0.16175 0.00984836 -0.00304736 0.00304922
-0.0197935 0.157336 0.290852 0.00904253 -0.00346665 0.00303629
-0.0186961 0.39242 0.234722 0.00846713 -0.00310472 0.00308867
-0.0232646 0.446823 0.263097 0.00808131 -0.00348578 0.00303086
-0.0227519 0.376731 0.261036 0.00833498 -0.00342278 0.00324198
-0.0185172 0.427474 0.265389 0.00868541 -0.00335949 0.00344901
-0.00773118 0.398752 0.272884 0.00891458 -0.00387586 0.00388446
-0.0221231 0.398668 0.221448 0.00856611 -0.00385751 0.00351906
-0.0268814 0.380097 0.258288 0.00884021 -0.00425441 0.00360072
-0.0193138 0.355118 0.265899 0.00881706 -0.00439115 0.00377416
-0.0241873 0.383119 0.229234 0.00884659 -0.00424476 0.00349804
-0.0221917 0.332772 0.278396 0.00825798 -0.00440446 0.00348079
-0.0224694 0.316559 0.20885 0.0080131 -0.00456443 0.00335611
-0.0386822 0.431862 0.21561 0.00790643 -0.00365563 0.00293165
-0.0367595 0.296299 0.269615 0.00750498 -0.00377032 0.0028072
-0.0267045 0.421616 0.196034 0.00738662 -0.00364151 0.00326609
-0.0239285 0.439528 0.265642 0.00787124 -0.00386159 0.00309035
-0.01847 0.358603 0.211951 0.00800426 -0.00386641 0.00350017
-0.00245693 0.434275 0.245798 0.0083708 -0.00358646 0.00404231
-0.00090337 0.343649 0.289237 0.00866639 -0.00374102 0.00379567
-0.0336507 0.351388 0.198778 0.0076954 -0.0038984 0.00308551
-0.0502637 0.306994 0.277659 0.00785323 -0.00425677 0.00243572
-0.0168524 0.329954 0.259293 0.00792053 -0.00492574 0.00379057
-0.0194515 0.370656 0.272436 0.00791772 -0.00451661 0.00390189
-0.0207592 0.296342 0.289788 0.00735754 -0.00417191 0.00357092
-0.00553326 0.392655 0.207216 0.00735584 -0.00407886 0.00375942
-0.0130649 0.475699 0.253683 0.00748963 -0.00397751 0.00350921
-0.0110383 0.338066 0.258042 0.00731169 -0.00422626 0.00375931
-0.0135229 0.456193 0.228501 0.00742938 -0.003949 0.00385803
-0.0129387 0.417081 0.30224 0.00790039 -0.00434569 0.00404772
-0.00224529 0.349569 0.171205 0.00646845 -0.00336724 0.00463359
0.00129437 0.327104 0.288733 0.00759088 -0.00471229 0.00451083
0.00516067 0.34515 0.27228 0.00803359 -0.00467013 0.00475186
0.0171517 0.384613 0.218509 0.00890261 -0.00571622 0.00564375
0.0168705 0.389275 0.251599 0.00966462 -0.0059917 0.00567392
0.0158163 0.363313 0.291156 0.00971237 -0.00608084 0.00544471
0.0120731 0.445511 0.259279 0.00983374 -0.00635505 0.00582423
-0.00951506 0.378164 0.307752 0.0083907 -0.00640387 0.00485283
-0.010877 0.303242 0.284423 0.00787515 -0.00621347 0.00453874
0.00125427 0.368112 0.20378 0.00713466 -0.00488409 0.00456086
0.0063822 0.407148 0.272157 0.00677861 -0.00485443 0.00436814
0.00262388 0.327279 0.178977 0.00628166 -0.00491816 0.00436813
-0.00583947 0.44634 0.197615 0.00685339 -0.004339 0.00436813
-0.0415391 0.31559 0.153025 0.00703287 -0.00369282 0.00381265
-0.0213619 0.198479 0.28837 0.0065366 -0.00400308 0.00425402
0.00272746 0.340481 0.229654 0.00744204 -0.00373084 0.00409772
0.0106185 0.407245 0.264325 0.00689967 -0.00390801 0.00406954
-0.00420432 0.303706 0.238895 0.00659637 -0.00397288 0.00399001
-0.0120034 0.394307 0.273048 0.00703635 -0.00423847 0.00396488
-0.0121544 0.325217 0.251913 0.00716333 -0.004391 0.00390991
-0.0126114 0.445081 0.235994 0.0068657 -0.00381774 0.00371166
-0.0187024 0.350685 0.25868 0.00719611 -0.00402859 0.00361643
-0.0128375 0.369224 0.226622 0.00651651 -0.00388327 0.00361986
-0.0126274 0.43233 0.227736 0.00691894 -0.00383311 0.0037046
-0.0124137 0.340471 0.305485 0.00658796 -0.00374963 0.00383363
-0.0113224 0.350667 0.222545 0.00636051 -0.00383928 0.00427143
-0.00288718 0.344029 0.248778 0.00655948 -0.00484288 0.0046815
-0.00526766 0.307226 0.234404 0.00715465 -0.00419172 0.00442777
-0.00875899 0.323968 0.244094 0.0064404 -0.00417385 0.00406823
-0.0117799 0.299977 0.214933 0.00649437 -0.00394679 0.00408471
-0.00786305 0.410944 0.210077 0.00672346 -0.00406152 0.0044462
-0.00294896 0.373666 0.279474 0.0067794 -0.00416274 0.00439968
-0.00355492 0.401977 0.207593 0.00717094 -0.00431717 0.00448338
0.0034517 0.419707 0.252936 0.00732483 -0.00480421 0.00484316
-0.00081294 0.293964 0.283935 0.00682543 -0.0049883 0.00446718
-0.0112422 0.357885 0.199238 0.00604681 -0.00456876 0.0042663
-0.00569103 0.372193 0.254257 0.00635126 -0.00436221 0.00408636
0.00199794 0.279434 0.256421 0.00627592 -0.00484094 0.00420543
0.00642069 0.45949 0.219445 0.00632509 -0.00465635 0.00444184
0.00454206 0.334517 0.291409 0.00673545 -0.00490374 0.00434833
0.0052811 0.40692 0.230765 0.00676332 -0.00510775 0.00469754
-0.00271602 0.370686 0.286339 0.00635643 -0.00482063 0.00434242
0.0181537 0.325976 0.21991 0.00960593 -0.0043143 0.0048541
0.0139916 0.34433 0.226245 0.00731854 -0.00400904 0.00466477
0.0142006 0.281088 0.269343 0.00711203 -0.00458665 0.00447864
0.0153613 0.374172 0.197269 0.00633722 -0.00429536 0.00442836
0.018602 0.355547 0.275178 0.00659127 -0.00445566 0.00448669
0.0373865 0.360814 0.222849 0.00676093 -0.00450452 0.00502032
0.0366576 0.415025 0.211781 0.00684002 -0.00456389 0.00517791
0.0382161 0.342977 0.261279 0.00637942 -0.00456957 0.00508669
0.044122 0.398413 0.244142 0.00598282 -0.00419616 0.00531481
0.0394271 0.321678 0.31252 0.00587842 -0.00443871 0.00505061
0.0301931 0.304575 0.266893 0.00557531 -0.00448542 0.00508702
0.0371899 0.347546 0.237566 0.00567933 -0.00451006 0.00546642
0.0987303 0.315082 0.320641 0.00611708 -0.00709743 0.00914837
0.0777976 0.357234 0.304259 0.00565619 -0.00565421 0.00746264
0.0760332 0.29589 0.315803 0.00563273 -0.00574547 0.00706895
0.0793871 0.333538 0.266311 0.00529456 -0.00537118 0.0067916
0.0731217 0.419486 0.35674 0.0053975 -0.00582564 0.00701979
0.072077 0.33287 0.316362 0.00510622 -0.00566763 0.00660482
0.0639103 0.437941 0.267374 0.00527964 -0.00539355 0.00689508
0.080683 0.360511 0.322253 0.0041837 -0.0062477 0.00736215
0.0766935 0.351022 0.26432 0.00327908 -0.0062477 0.00734805
0.0686386 0.36541 0.290544 0.00442956 -0.00674092 0.00752458
0.0597109 0.302352 0.3148 0.00483313 -0.0068064 0.00668313
0.0483001 0.329491 0.281426 0.00400326 -0.00601118 0.00654714
0.0453332 0.245654 0.351853 0.00430374 -0.00642392 0.006065
0.0209069 0.335361 0.289896 0.00378426 -0.00609098 0.00516597
0.0510379 0.406139 0.38893 0.00374327 -0.00542348 0.00518166
0.0878472 0.409827 0.748923 0.00815388 -0.007756 0.00673191
0.108844 0.644772 0.440438 0.006922 -0.00580866 0.00725807
0.0819499 0.525463 0.331041 0.00543517 -0.00601804 0.00659876
0.0835734 0.400211 0.371418 0.00563426 -0.00593106 0.00639934
0.0852426 0.45512 0.328742 0.00601346 -0.00605488 0.00703766
0.0852266 0.354691 0.338273 0.00594998 -0.00607057 0.00703878
0.0849898 0.348306 0.321851 0.00596247 -0.00582583 0.00694116
0.0889338 0.325726 0.343846 0.00593112 -0.00582583 0.00675839
0.0918073 0.354561 0.345408 0.00604972 -0.005995 0.00656571
0.0927086 0.340355 0.379539 0.0060117 -0.00606001 0.00640944
0.0896959 0.42633 0.335857 0.00546243 -0.0066457 0.00681571
0.124021 0.494376 0.391393 0.00472276 -0.00568146 0.00812981
0.0970577 0.482164 0.394904 0.00567062 -0.00640054 0.00700937
0.0912389 0.438843 0.354422 0.00530893 -0.00623314 0.00703208
0.0852896 0.557441 0.359147 0.00545353 -0.00630777 0.00732591
0.0893063 0.448854 0.397359 0.00577304 -0.00626839 0.0073259
0.094324 0.405882 0.321798 0.00539897 -0.00663391 0.00756909
0.0965801 0.406753 0.240652 0.00510132 -0.00780396 0.00850479
0.097997 0.326302 0.359515 0.0068282 -0.00846984 0.00907249
0.0819331 0.245826 0.317192 0.00644122 -0.00820941 0.00783793
0.0629185 0.447992 0.341607 0.00597299 -0.00711669 0.00715515
0.0465288 0.363092 0.490823 0.00559265 -0.00678612 0.00613005
0.0658301 0.466968 0.386086 0.00550446 -0.00670828 0.00621395
0.0580356 0.490928 0.361141 0.0056062 -0.00639101 0.0060537
0.0637986 0.410666 0.460923 0.00508968 -0.00691483 0.00601111
0.0359457 0.516111 0.466468 0.0060662 -0.00691483 0.00609483
0.0602246 0.372244 0.410638 0.00636829 -0.00691483 0.00595275
0.0490668 0.444694 0.344432 0.00603845 -0.00691483 0.00559404
0.0346096 0.333681 0.359305 0.00721529 -0.00652855 0.00521305
0.0447132 0.29249 0.266727 0.00990312 -0.00604937 0.0057259
0.0640862 0.427133 0.127867 0.0142613 -0.00469594 0.0053395
0.0451753 0.372272 0.0633663 0.0149143 -0.00504681 0.00513813
0.0335184 0.31406 0.222545 0.0133535 -0.0054978 0.00490701
0.0378766 0.372039 0.207635 0.0139848 -0.00569048 0.00524675
0.0377225 0.574314 0.199568 0.0131525 -0.00556827 0.00501916
0.0350653 0.37734 0.246186 0.0135389 -0.00602092 0.00477105
0.0206043 0.4505 0.168343 0.0129965 -0.00586997 0.00478067
0.0202574 0.549845 0.195456 0.0128522 -0.00558722 0.00463318
0.0262239 0.339689 0.168864 0.0129172 -0.00613565 0.00467134
0.0207153 0.496005 0.139133 0.0132648 -0.00591055 0.00481491
0.019916 0.399394 0.173677 0.0129014 -0.00631114 0.00454074
0.0202002 0.327884 0.164036 0.0126262 -0.00681653 0.00469409
0.0137755 0.3788 0.168942 0.0126893 -0.00669762 0.00484739
0.0219178 0.325217 0.159549 0.0125951 -0.00683901 0.00487287
0.0219602 0.308396 0.163965 0.0125776 -0.00675056 0.00488488
0.0210993 0.387463 0.150185 0.012977 -0.00651378 0.00493388
0.0200672 0.399651 0.1933 0.0119521 -0.0063594 0.00460932
0.0362992 0.307538 0.287342 0.0120761 -0.00508325 0.00444912
0.0177061 0.489457 0.23304 0.011582 -0.00573636 0.00527122
0.0241245 0.559347 0.228556 0.0122061 -0.00600792 0.00519218
0.0389348 0.393476 0.215032 0.0117561 -0.0066257 0.00531434
0.0403572 0.471314 0.19558 0.011933 -0.00631762 0.00554029
0.0350258 0.334182 0.199633 0.0120209 -0.00657356 0.00519241
0.0376638 0.380927 0.159982 0.0126006 -0.00674203 0.00548084
0.0411623 0.328043 0.184561 0.0122187 -0.00712442 0.00541901
0.0474223 0.31639 0.157129 0.0120209 -0.00737228 0.0054902
0.0618037 0.340744 0.16211 0.0117658 -0.00888251 0.00608714
0.0744731 0.334926 0.144997 0.0117338 -0.00950288 0.00699224
0.0619084 0.386313 0.177247 0.0117249 -0.00937303 0.00675375
0.0494309 0.303417 0.229519 0.0108154 -0.00829164 0.00595147
0.0526098 0.416717 0.176083 0.0111287 -0.00842533 0.00602899
0.0474733 0.568524 0.173044 0.0117554 -0.00799624 0.00610875
0.0493731 0.430311 0.219856 0.0116863 -0.00815379 0.0055587
0.044596 0.407459 0.175351 0.0112511 -0.00828197 0.00589991
0.0469803 0.472675 0.190947 0.0111498 -0.00819346 0.00584763
0.0506914 0.323201 0.19084 0.011318 -0.00843315 0.00602638
0.0563221 0.38732 0.142265 0.0119031 -0.00855024 0.00651049
0.0572612 0.324023 0.151148 0.0117322 -0.00894383 0.00658973
0.0508685 0.279754 0.149741 0.0117464 -0.00881229 0.00617148
0.0508597 0.393124 0.166089 0.0120319 -0.00843712 0.00628747
0.0471957 0.388788 0.178619 0.0118846 -0.00868355 0.00599138
0.0471963 0.406021 0.147412 0.0117234 -0.00872696 0.00594636
0.0501338 0.433235 0.204632 0.0113056 -0.0083605 0.00594783
0.0499027 0.38128 0.178932 0.0111974 -0.00849806 0.00575116
0.0487459 0.503108 0.181452 0.0118355 -0.00897335 0.00633753
0.0457422 0.395018 0.169271 0.0117329 -0.00859454 0.00614054
0.0465937 0.448843 0.149508 0.0114465 -0.0086722 0.006095
0.0481741 0.313124 0.204691 0.0108143 -0.0088564 0.0060896
0.0568974 0.379449 0.128364 0.0110668 -0.00933448 0.00651209
0.0579354 0.351917 0.189703 0.0113171 -0.0101704 0.00677141
0.090535 0.326524 0.105748 0.00983238 -0.0131111 0.00875075
0.10144 0.39481 0.231284 0.0102662 -0.0130288 0.00904144
0.07986 0.330113 0.197282 0.00983634 -0.0114667 0.00807981
0.0575099 0.340417 0.318608 0.00940572 -0.00974245 0.0066157
0.0375128 0.346915 0.26303 0.0101241 -0.00938513 0.00609731
0.0528813 0.513819 0.167205 0.0086467 -0.00867762 0.00615116
0.0600261 0.393857 0.234986 0.00894833 -0.00889165 0.00563615
0.0779173 0.430857 0.218947 0.00907725 -0.00863477 0.00592449
0.0778239 0.470043 0.24532 0.00924389 -0.00863477 0.00600928
0.0645051 0.342824 0.214357 0.0097026 -0.0088027 0.0059931
0.0680382 0.391736 0.187496 0.00979091 -0.00870576 0.00635265
0.0688147 0.282461 0.233358 0.00961619 -0.00871265 0.00598073
0.0699888 0.339395 0.178079 0.00941183 -0.00867311 0.00636998
0.0703651 0.4043 0.213106 0.00958714 -0.0090071 0.00640641
0.078078 0.365137 0.183682 0.0099564 -0.00924231 0.00663978
0.0879358 0.424824 0.138383 0.00953338 -0.0103954 0.00727928
0.0770708 0.413669 0.219263 0.00992309 -0.00964757 0.00677103
0.0698669 0.344958 0.218759 0.00915219 -0.00915645 0.00630132
0.073857 0.499836 0.195437 0.00969419 -0.00874041 0.00660306
0.073799 0.415957 0.255872 0.00936513 -0.0090968 0.00629618
0.0707469 0.376495 0.203724 0.00962414 -0.00909916 0.00654793
0.0696607 0.424745 0.184802 0.00968725 -0.010558 0.00695139
0.0611299 0.348091 0.195892 0.0103287 -0.0105071 0.00687514
0.0643009 0.340085 0.0919437 0.0103905 -0.010895 0.00702105
0.0559345 0.388002 0.154148 0.0105263 -0.0106967 0.00699375
0.0606993 0.275922 0.184779 0.00984159 -0.00987686 0.00636648
0.0665624 0.35542 0.132595 0.00930848 -0.0102247 0.00669055
0.0671858 0.42812 0.178757 0.00910362 -0.00936268 0.00691118
0.0745296 0.393 0.138389 0.00952755 -0.00955824 0.0068669
0.0771042 0.329047 0.160272 0.00891075 -0.0097097 0.0064976
0.0620989 0.444294 0.0654732 0.00963038 -0.00997035 0.00681826
0.0359781 0.387968 0.0258405 0.00891645 -0.0100619 0.00622274
0.0566706 0.292193 0.179104 0.00909786 -0.00973797 0.00666655
0.0584656 0.21184 0.142668 0.00838822 -0.00880091 0.0062767
0.076848 0.442393 0.121809 0.00930788 -0.00769643 0.00650618
0.074595 0.439659 0.246287 0.00885468 -0.00805341 0.00644059
0.0732627 0.359829 0.15712 0.00937197 -0.00923558 0.00662629
0.0411346 0.446069 0.136517 0.00901371 -0.00733926 0.00588014
0.0446075 0.347841 0.125879 0.00963691 -0.00684383 0.00586926
0.0595249 0.274452 0.176459 0.00925447 -0.00787363 0.00593579
0.0531536 0.360936 0.151742 0.00917798 -0.0077279 0.00592599
0.0395183 0.30458 0.206046 0.0088473 -0.0078356 0.00558743
0.0384279 0.32428 0.129411 0.0092895 -0.00775712 0.005968
0.0441824 0.380408 0.137523 0.00958626 -0.00812452 0.0059727
0.0364872 0.34827 0.196746 0.00961984 -0.00813916 0.00557382
0.0455852 0.358677 0.183078 0.009133 -0.00812216 0.00566662
0.0395222 0.492565 0.170098 0.00955443 -0.00768194 0.00585977
0.0184488 0.418414 0.24012 0.0101828 -0.00814676 0.00502414
-0.0341514 0.443663 0.266309 0.011952 -0.00857702 0.00442125
-0.0156809 0.448523 0.241376 0.0114178 -0.00828525 0.00490297
0.00808057 0.362922 0.235998 0.0111617 -0.0100837 0.00603012
0.0228182 0.385506 0.185991 0.0103701 -0.00941625 0.00612635
0.033962 0.237653 0.238902 0.0101886 -0.00829034 0.00581576
0.0337296 0.436935 0.167517 0.00980168 -0.00701986 0.00575071
0.0365723 0.335676 0.269338 0.00999702 -0.0079019 0.00581413
0.0518603 0.400499 0.243219 0.0111258 -0.005415 0.00618882
0.0668313 0.496332 0.330838 0.0113822 -0.00587229 0.00711876
0.0580299 0.425817 0.373783 0.0124546 -0.00747369 0.00691487
0.0593318 0.556624 0.330666 0.0115555 -0.00706929 0.00675059
0.0529636 0.413315 0.395232 0.0114311 -0.00703388 0.00623848
0.0549716 0.421162 0.32994 0.0113882 -0.00667798 0.00589575
0.0466045 0.490926 0.345924 0.0111205 -0.00625348 0.00559524
0.0396342 0.446866 0.349985 0.011079 -0.00610771 0.00529216
0.0368436 0.402736 0.347542 0.0106615 -0.00621868 0.00500249
0.0327717 0.495968 0.370799 0.0107602 -0.00596534 0.00492536
0.0297422 0.382278 0.379306 0.0102317 -0.00618725 0.00435891
0.0288099 0.454796 0.348734 0.0101098 -0.00609998 0.00465513
0.0280455 0.461305 0.335062 0.0103645 -0.00622884 0.00469251
0.0344156 0.432445 0.328818 0.0103534 -0.00631491 0.005078
0.0324088 0.455369 0.327154 0.010022 -0.0065554 0.00516986
0.0308233 0.382469 0.384625 0.00996051 -0.00647922 0.00464455
0.0315282 0.458924 0.305299 0.0101255 -0.0071916 0.00526912
0.0298653 0.439471 0.27276 0.00936174 -0.00803114 0.00573101
0.0226004 0.336792 0.333726 0.00971067 -0.00756765 0.00510714
0.0253023 0.376368 0.30544 0.00956123 -0.0075131 0.0050648
0.0368925 0.517425 0.267316 0.00938668 -0.00778938 0.00541431
0.0172662 0.412641 0.403291 0.00963313 -0.00788341 0.00514319
0.018334 0.442203 0.320395 0.00949196 -0.00752928 0.005269
0.0268369 0.513493 0.297295 0.00994114 -0.00851133 0.00585575
0.00862479 0.373953 0.39796 0.00968878 -0.00849692 0.00488154
0.00462439 0.407005 0.322881 0.00959694 -0.00794537 0.00512414
-0.00081464 0.383372 0.389963 0.0090542 -0.00812689 0.00469349
-0.00026859 0.325435 0.325855 0.00947826 -0.00861074 0.00469907
0.00884333 0.47712 0.144214 0.00768809 -0.00971251 0.00551769
-0.00580577 0.392311 0.388072 0.00784827 -0.00971251 0.00514759
-0.0639367 0.584618 0.445715 0.00863638 -0.0113058 0.00444072
-0.0788235 0.625599 0.526039 0.0105684 -0.0113947 0.00332864
-0.0939917 0.570373 0.572755 0.0102918 -0.0102736 0.00235983
-0.0982852 0.624742 0.558891 0.0103972 -0.0100358 0.00226337
-0.0961918 0.50994 0.634235 0.00988025 -0.010672 0.00207252
-0.0580755 0.505555 0.44317 0.00850476 -0.00987071 0.00297177
-0.0666438 0.465755 0.464739 0.00860346 -0.00974541 0.00266744
-0.0629952 0.383813 0.36552 0.0103323 -0.00815746 0.00257443
-0.0418335 0.436774 0.39297 0.00872723 -0.00695764 0.00322398
-0.0468488 0.391313 0.479797 0.00734386 -0.00708131 0.00277363
-0.0128346 0.379459 0.6389 0.00889767 -0.00825198 0.00291823
-0.0348413 0.595602 0.679202 0.00864638 -0.00805406 0.00234953
-0.0272588 0.67532 0.598805 0.00707999 -0.00691249 0.00242813
-0.0370422 0.487646 0.62135 0.00720641 -0.00745438 0.00205575
-0.0375535 0.577968 0.582653 0.00723986 -0.00670824 0.00216282
-0.0555382 0.504277 0.650298 0.00697924 -0.00707078 0.00174632
-0.0563796 0.479594 0.592623 0.00664559 -0.00721835 0.00180875
-0.0604775 0.52197 0.641308 0.00673445 -0.00702284 0.00171948
-0.0517937 0.444485 0.618237 0.00688987 -0.00673644 0.00162036
-0.0504314 0.469984 0.566564 0.00641631 -0.00699556 0.00193087
-0.0495203 0.552769 0.604842 0.00634805 -0.00670666 0.00202989
-0.0476753 0.490197 0.5877 0.00640817 -0.00679431 0.00182166
-0.0535241 0.54234 0.577447 0.00556978 -0.00677777 0.00206717
-0.0505521 0.566869 0.605611 0.00613042 -0.00711327 0.00217234
-0.0444101 0.505359 0.568524 0.00576057 -0.007354 0.0021112
-0.0546741 0.5335 0.5409 0.00509286 -0.00744623 0.00234583
-0.0503187 0.464346 0.552205 0.00525143 -0.00765464 0.00212564
-0.0546754 0.48218 0.512806 0.00520047 -0.00786749 0.00218747
-0.0610374 0.415445 0.598035 0.00530446 -0.00821418 0.00175236
-0.0534012 0.396056 0.485514 0.00522327 -0.00839553 0.00198926
-0.0570694 0.598034 0.475536 0.00565917 -0.00860582 0.00172189
-0.0548821 0.560676 0.518094 0.00552448 -0.00819125 0.00224363
-0.0503193 0.431128 0.570066 0.00503566 -0.00875525 0.00210708
-0.0519485 0.53106 0.503701 0.00522107 -0.00834514 0.00239942
-0.0532395 0.565772 0.527045 0.00512183 -0.00859154 0.00245443
-0.062568 0.488692 0.609452 0.00515659 -0.00937927 0.00249805
-0.0570559 0.496041 0.489269 0.00559093 -0.00875525 0.00278978
-0.0678519 0.508811 0.552932 0.00506954 -0.00875525 0.00250141
-0.0673067 0.425079 0.566527 0.00485526 -0.00875525 0.00211493
-0.0616657 0.454294 0.488289 0.005136 -0.00875525 0.00273915
-0.0636842 0.496246 0.472676 0.00628541 -0.00986949 0.00302965
-0.0659451 0.493101 0.521312 0.0051817 -0.0106732 0.00289651
-0.0640432 0.464052 0.508841 0.00508121 -0.0100174 0.00251386
-0.0546787 0.450669 0.32686 0.00422439 -0.00938888 0.00249208
-0.0426765 0.403978 0.258547 0.00511745 -0.00825949 0.00251723
-0.0576131 0.335486 0.328854 0.00516121 -0.00724261 0.00215531
-0.0801788 0.404545 0.381059 0.00431928 -0.00818436 0.00207983
-0.0710618 0.544128 0.434774 0.00392594 -0.00787612 0.00206674
-0.0709982 0.416207 0.555495 0.00378266 -0.00865318 0.00172006
