0 0.0706345 0.146241 -0.0002305 0 0
0 0.0536664 0.121253 -0.00033344 0 0
0 0.111577 0.154202 -0.00019367 0 0
0 0.104045 0.181625 -0.00056959 0 0
0 0.066198 0.14807 -0.00060692 0 0
0 0.103831 0.151649 -0.00023629 0 0
2e-08 0.0982332 0.18082 -0.00053666 0 0
1e-08 0.0567239 0.14765 -0.00075524 0 0
0 0.0970281 0.13851 -0.00075364 0 0
0 0.126432 0.173747 -0.00043372 0 0
-2.478e-05 0.0712634 0.158684 -0.00060692 -7.714e-05 0
-4.367e-05 0.0881498 0.141602 -0.00071252 -0.00012701 0
-9.701e-05 0.119337 0.168176 -0.00019821 -0.00023398 0
-5.035e-05 0.068956 0.156483 -0.00060692 -0.00011176 0
-0.00297142 0.0530025 0.141437 -0.00094384 -0.00048593 0
-4.953e-05 0.127306 0.121848 -0.00025338 -0.00021537 0
-3.384e-05 0.0764218 0.161479 -0.00068202 -9.624e-05 0
-2.803e-05 0.047288 0.12521 -0.00101422 -0.00017001 0
-8.284e-05 0.0649053 0.103512 -0.00077494 -0.00032213 0
-3.04e-06 0.128229 0.109902 -0.00026664 -0.00013816 0
-7.39e-05 0.0873216 0.144698 -0.00060692 -0.00027315 0
-6.052e-05 0.078179 0.109903 -0.00072266 -0.00025926 0
-6.255e-05 0.129791 0.124418 -0.00018828 -0.00023999 0
-2.425e-05 0.0747396 0.158046 -0.00060692 -1.177e-05 0
-7.231e-05 0.0690477 0.124878 -0.0006875 -0.00019871 0
-1.565e-05 0.118403 0.128216 -6.985e-05 -5.181e-05 0
-2.042e-05 0.056475 0.155302 -0.00048623 -3.611e-05 0
1.95e-06 0.0477849 0.116274 -0.00080573 -5.299e-05 0
4.19e-05 0.112015 0.140992 -0.00029006 -0.00015644 5.922e-05
-0.0029977 0.0883831 0.155743 -0.00031109 -0.00015795 0
-5.539e-05 0.0645358 0.135436 -0.00060692 -0.00015423 0
-0.00010544 0.119127 0.152732 -0.00025931 -0.00024745 0
-8.086e-05 0.0968963 0.177934 -0.00027455 -0.00014731 0
-0.00503948 0.0423848 0.14331 -0.00060692 -0.00038497 6.504e-05
-5.737e-05 0.104785 0.152225 -0.00026931 -0.00013397 0
-8.423e-05 0.0963851 0.172715 -0.00025819 -0.00019393 0
-9.105e-05 0.0544514 0.158687 -0.00060692 -0.00021624 0
-7.556e-05 0.110641 0.156116 -0.00020313 -0.00017239 0
-3.944e-05 0.0912114 0.172255 -0.0002755 3.58e-06 0
-0.00018152 0.0510469 0.15596 -0.00060692 -0.0005082 0
-0.00013747 0.100604 0.16078 -0.00037287 -0.00032609 0
-9.996e-05 0.0928152 0.167862 -0.00024108 -0.00015232 0
-0.00019498 0.039938 0.167751 -0.00060692 -0.00052195 0
-0.00495103 0.0836562 0.131692 -0.00060692 -0.0005067 7.43e-05
-7.158e-05 0.111187 0.156854 -0.00033365 -0.000205 0
-0.00560972 0.0733733 0.160589 -0.00026847 -0.00044703 0
-0.00015687 0.066481 0.128829 -0.00060692 -0.00047579 0
-6.614e-05 0.11188 0.131312 -5.67e-06 -0.00021637 0
-0.00285156 0.0833369 0.146393 -0.00018672 -0.00041289 0
-0.00012163 0.0428907 0.131673 -0.00051754 -0.00036295 0
-2.429e-05 0.11169 0.114674 6.328e-05 -0.00016093 0
-0.00010091 0.0539191 0.15347 -0.00018672 -0.00026865 0
-0.00249418 0.050137 0.122091 -0.00048687 -0.00059413 8.436e-05
-4.827e-05 0.103985 0.122436 -0.00018672 -0.00016053 0
-2.7e-05 0.0843263 0.153434 -0.00018672 -6.479e-05 0
-8.394e-05 0.0404743 0.12255 -0.00043058 -0.00027626 0
-8.065e-05 0.101264 0.113921 -0.00018672 -0.00029908 0
-5.445e-05 0.0943309 0.14312 -0.00018672 -0.00017847 0
-0.00619001 0.0337217 0.117501 -0.00047783 -0.00051907 6.946e-05
-0.0062257 0.0733705 0.0990379 -0.00034544 -0.00054944 8.121e-05
-2.783e-05 0.111186 0.130314 6.328e-05 -6.246e-05 0
-0.00610076 0.0512222 0.131118 -0.00052766 -0.0005167 7.37e-05
-8.508e-05 0.0700651 0.112902 -0.00057256 -0.00028096 0
-3.759e-05 0.105139 0.129319 -0.00018672 -0.00013404 0
-0.00593094 0.044147 0.125574 -0.00050511 -0.00050406 6.976e-05
-0.00560867 0.0889216 0.10003 -0.00018672 -0.00037525 0
-0.00286028 0.102199 0.131309 -7.48e-06 -0.00043477 0
-0.00678155 0.0357971 0.102916 -0.0003855 -0.00054761 9.19e-05
-0.00010112 0.0861781 0.0870625 -0.00044521 -0.00034849 0
-0.00722517 0.120042 0.130462 -0.00018672 -0.00024829 6.872e-05
-0.00614875 0.0497913 0.10884 -0.00046337 -0.0006603 6.937e-05
-0.00577877 0.0616729 0.0786678 -0.00044392 -0.0004362 0.00010151
-0.00780688 0.111252 0.0930494 -4.853e-05 -0.00051473 0
-0.00666271 0.0576918 0.128684 -0.00041468 -0.00052261 5.595e-05
-0.00595877 0.0356001 0.0918585 -0.00055358 -0.00052138 8.445e-05
-7.579e-05 0.098733 0.0950889 -0.00018672 -0.00029614 0
-0.00321247 0.0688068 0.118526 -0.00047018 -0.00045509 0
-0.00914204 0.0331334 0.0671603 -0.00038976 -0.00070253 7.332e-05
-0.00724029 0.0898305 0.0854878 -0.00035145 -0.00060815 6.096e-05
-6.132e-05 0.103006 0.123014 -0.00018672 -0.00021557 0
-0.0066438 0.0347106 0.088165 -0.00057039 -0.00054479 6.607e-05
-0.00017066 0.065001 0.0806274 -0.00049692 -0.00054443 0
-5.474e-05 0.0998689 0.112915 -0.00047982 -0.00021977 0
-0.00577591 0.0432972 0.108914 -0.00081009 -0.00085815 0
-0.00879863 0.0579648 0.0893032 -0.00087835 -0.00069783 8.777e-05
-0.00381836 0.110942 0.125086 -0.00048594 -0.0005067 0
-0.00720336 0.0507193 0.119971 -0.00074323 -0.00085815 5.054e-05
-0.00642071 0.0740544 0.0888986 -0.00064793 -0.00054649 6.456e-05
-1.864e-05 0.0948698 0.12854 -0.00072993 -7.868e-05 0
-0.00651982 0.0351008 0.0985088 -0.00076393 -0.00054939 7.497e-05
-0.00474528 0.0821337 0.10109 -0.00044878 -0.00037636 0.00012116
-0.00015211 0.0907632 0.129656 -0.00032094 -0.0004472 0
-0.0100711 0.0413797 0.107279 -0.00080938 -0.00051374 0.0001003
-0.00561436 0.0811378 0.102649 -0.00065123 -0.00055341 9.674e-05
-8.878e-05 0.0840443 0.133523 -0.00044221 -0.00023973 0
-0.00942996 0.0423797 0.107616 -0.00086985 -0.00085815 6.13e-05
-0.0103078 0.066312 0.0994244 -0.00074448 -0.00085815 8.524e-05
-0.00234764 0.096563 0.132484 -0.00046973 -0.00051429 0
-0.0103491 0.0433896 0.110407 -0.00102995 -0.00085815 0
-0.00849998 0.0792185 0.101408 -0.0006051 -0.00047157 5.209e-05
-0.00581644 0.0813833 0.13637 -0.00045981 -0.00054519 0
-0.0130501 0.0387006 0.111801 -0.00083231 -0.00085815 6.823e-05
-0.0106311 0.0928932 0.10431 -0.00057457 -0.00064142 6.546e-05
-0.0055554 0.0781461 0.128121 -0.0007273 -0.00056043 0
-0.0109996 0.045289 0.0769953 -0.00095985 -0.00085815 8.378e-05
-0.00333778 0.0969883 0.10215 -0.00055412 -0.00055073 0
-0.00982698 0.0572688 0.120919 -0.00067114 -0.00068429 5.663e-05
-0.0118641 0.0446085 0.0699137 -0.0010563 -0.00085815 9.681e-05
-0.00646153 0.0924954 0.070289 -0.00028329 -0.00058376 0
-0.00541965 0.0648417 0.112257 -0.00056503 -0.00054458 0
-0.0111579 0.0397728 0.0656082 -0.00097739 -0.00085815 7.252e-05
-0.0118599 0.0955721 0.0821949 -0.00056406 -0.00085815 6.123e-05
-0.00908768 0.0676982 0.113593 -0.00064933 -0.00070499 0
-0.0105471 0.041428 0.0765682 -0.00097401 -0.00085815 7.993e-05
-0.00221934 0.0903625 0.0900509 -0.00041102 -0.00035219 0
-0.0101551 0.0673772 0.116718 -0.00052771 -0.00071933 5.841e-05
-0.0135102 0.039066 0.094499 -0.00083383 -0.00107508 0.00012696
-0.0121847 0.0839725 0.110597 -0.00068049 -0.00085815 9.753e-05
-0.0121588 0.0722573 0.121407 -0.00076044 -0.00085815 0
-0.0145425 0.0452342 0.100035 -0.00111927 -0.001344 6.222e-05
-0.014639 0.0879675 0.0990512 -0.0012225 -0.00101248 7.286e-05
-0.0223519 0.0675157 0.126544 -0.00107807 -0.00085815 0.00028996
-0.0164706 0.0428796 0.0884101 -0.00111908 -0.00113876 0.00015182
-0.0163608 0.0873565 0.105136 -0.00098348 -0.00097319 0.00017444
-0.0163573 0.0860908 0.123746 -0.00117606 -0.00103005 0.00018873
-0.0189106 0.0553077 0.0804143 -0.00129325 -0.00110379 0.00022619
-0.0127736 0.109882 0.0963033 -0.00098348 -0.00085815 0.00017648
-0.0214002 0.0526135 0.123306 -0.00120569 -0.00099519 0.00026242
-0.0165386 0.0382362 0.0937964 -0.00111877 -0.00120752 0.00012656
-0.0164468 0.0676121 0.117584 -0.00122238 -0.00104297 0.00013713
-0.0165735 0.0515558 0.130526 -0.00132911 -0.0011998 9.149e-05
-0.0141357 0.0550896 0.0949344 -0.00133727 -0.00113635 0.00013646
-0.0142004 0.103086 0.0993165 -0.00131525 -0.00091851 0.00011718
-0.018818 0.0660003 0.110838 -0.00130304 -0.00107724 0.00027545
-0.0164367 0.0562567 0.0773242 -0.00130797 -0.00110153 0.00016406
-0.0164346 0.106622 0.0995854 -0.00107525 -0.00105593 0.00014797
-0.0164396 0.0659026 0.121734 -0.00120093 -0.00107613 0.00015017
-0.0165056 0.058621 0.0722177 -0.00126422 -0.0012162 0.00014857
-0.0136839 0.0847039 0.0881724 -0.00110139 -0.00085815 0.00014313
-0.0165147 0.0629724 0.115891 -0.00122673 -0.00107329 0.00010589
-0.0164292 0.0404425 0.0676936 -0.00103516 -0.00112285 0.00017573
-0.0126746 0.0854202 0.0887043 -0.00119462 -0.00085815 0.00018346
-0.0162123 0.065351 0.112705 -0.00119333 -0.00091031 0.00024822
-0.0139723 0.0508195 0.0753455 -0.0011377 -0.00097606 0.00014041
-0.0123373 0.0922482 0.0900901 -0.00106128 -0.00085815 0.0001557
-0.0200201 0.0590041 0.109342 -0.00139996 -0.00085815 0.00028466
-0.0164268 0.0558814 0.0711792 -0.00130885 -0.0010614 0.00016217
-0.0164543 0.103387 0.0922573 -0.00119652 -0.00105274 0.00013906
-0.0162902 0.0598643 0.105691 -0.00133459 -0.00105769 0.00024291
-0.0165088 0.0507129 0.0711131 -0.00125797 -0.0011317 0.00012782
-0.0163434 0.0816205 0.0899959 -0.00125347 -0.00103725 0.00020375
-0.0212909 0.0573924 0.0993989 -0.00144331 -0.00119461 0.00023333
-0.0165201 0.050889 0.0709034 -0.0011166 -0.00115779 0.00012673
-0.0182778 0.087519 0.101032 -0.00116934 -0.00085815 0.00028663
-0.0164713 0.0532771 0.0968907 -0.00154969 -0.00114714 0.0001493
-0.0164107 0.0712789 0.0841171 -0.00144618 -0.00106105 0.00016704
-0.0200835 0.082878 0.114336 -0.0014398 -0.001095 0.00028163
-0.0166321 0.044592 0.0807718 -0.00130654 -0.00137738 0.00011712
-0.0165072 0.0895516 0.0743577 -0.0012902 -0.0012102 0.00015084
-0.0257566 0.0757472 0.0884255 -0.00137092 -0.00141531 0.00027475
-0.0203729 0.0479442 0.0619355 -0.00131251 -0.00137669 8.855e-05
-0.0239189 0.0855724 0.0506407 -0.00109196 -0.00116247 0.00023839
-0.0306561 0.0661861 0.0913106 -0.00155083 -0.00121017 0.00029032
-0.0250379 0.0473745 0.0627237 -0.00141168 -0.00158328 5.071e-05
-0.0329665 0.0764973 0.0786766 -0.00155603 -0.00168242 0.00023761
-0.0297231 0.0629873 0.0901512 -0.0015035 -0.00159311 0.00021888
-0.0285851 0.0399944 0.0490633 -0.00129576 -0.00169649 5.484e-05
-0.040524 0.0526878 0.132495 -0.00210036 -0.00224541 0.00024068
-0.0587684 0.120766 0.133578 -0.00242753 -0.00229409 0.00047571
-0.0619912 0.107847 0.128249 -0.0023024 -0.00240184 0.00043919
-0.0699537 0.0649766 0.0986557 -0.00216589 -0.00272535 0.00045951
-0.070257 0.0652515 0.0803155 -0.00219756 -0.0027994 0.00030447
-0.0601496 0.0790233 0.0974548 -0.00196891 -0.0024136 0.00019896
-0.0702014 0.0428761 0.101217 -0.00209961 -0.00278995 0.00032682
-0.0584027 0.0589672 0.083929 -0.00197514 -0.00261951 0.00025873
-0.0568554 0.0757975 0.103591 -0.00201609 -0.00229409 0.00023228
-0.0654538 0.0395329 0.102457 -0.00216948 -0.00311729 0.00041221
-0.0635343 0.0663416 0.0836251 -0.00213176 -0.00316599 0.00036487
-0.0700617 0.0879059 0.122103 -0.00201802 -0.0029013 0.00043665
-0.0664879 0.0623258 0.122435 -0.00242597 -0.00317631 0.00024991
-0.0652547 0.0831165 0.0954758 -0.00226678 -0.0029013 0.00051997
-0.0563364 0.0903904 0.110832 -0.00204579 -0.00244562 0.00017292
-0.0648855 0.047458 0.116862 -0.00233448 -0.00300383 0.00024839
-0.0656043 0.0700896 0.0935249 -0.00232655 -0.00331669 0.0003241
-0.0703775 0.0787 0.119658 -0.00215574 -0.00318846 0.00030504
-0.0703852 0.0365437 0.103443 -0.00226797 -0.0033456 0.00033785
-0.0703815 0.0599681 0.0830055 -0.00233972 -0.00334549 0.00034849
-0.070206 0.0764587 0.109201 -0.00230512 -0.00319909 0.00041665
-0.0703688 0.0553329 0.097575 -0.00233028 -0.00323695 0.00033956
-0.0702667 0.0610444 0.0673456 -0.00251493 -0.00310742 0.00037704
-0.0699158 0.094541 0.0953407 -0.00236208 -0.00274979 0.00049429
-0.0724469 0.0642646 0.0961518 -0.00243752 -0.00322179 0.00042007
-0.0703747 0.0642189 0.0578729 -0.00240792 -0.00315069 0.00032261
-0.0725511 0.0871456 0.083391 -0.00216916 -0.00316306 0.00030398
-0.0733425 0.0458764 0.0929802 -0.00248551 -0.00327965 0.00029051
-0.0703065 0.0464383 0.0487866 -0.00249773 -0.00326879 0.00039901
-0.0704323 0.0754414 0.081088 -0.00228107 -0.00310165 0.00026917
-0.0705983 0.0481829 0.0743841 -0.002421 -0.00340778 0.00024689
-0.0705213 0.0500155 0.063249 -0.00240239 -0.00339322 0.00029182
-0.0705267 0.0786737 0.0793226 -0.00216916 -0.00322063 0.00023356
-0.0741885 0.0501489 0.0732045 -0.00238263 -0.00337039 0.00028616
-0.0729799 0.0515795 0.0442601 -0.00257757 -0.00329074 0.00038094
-0.0700754 0.0831137 0.079279 -0.00236346 -0.00304689 0.00045982
-0.0703453 0.0644027 0.084563 -0.00241429 -0.00320706 0.00034197
-0.0740332 0.0467718 0.0539507 -0.00272756 -0.00344461 0.00029976
-0.0704914 0.0736531 0.043951 -0.00241296 -0.00317301 0.00025
-0.0746996 0.074217 0.0736591 -0.00238569 -0.00336205 0.00032047
-0.0704803 0.0457233 0.0557818 -0.002761 -0.00339842 0.00032278
-0.072574 0.0891765 0.0556991 -0.00255646 -0.00331723 0.00027601
-0.0735949 0.0792108 0.0759135 -0.00250064 -0.00321089 0.00032619
-0.0703248 0.0481828 0.0636211 -0.00239556 -0.00329445 0.00037966
-0.0704557 0.0492873 0.0324751 -0.00276232 -0.00328103 0.00030758
-0.0636869 0.076412 0.0579322 -0.0023134 -0.00296823 0.00032179
-0.0703862 0.0543448 0.0694201 -0.00240309 -0.00313151 0.00030676
-0.0726024 0.0401275 0.0234745 -0.00216916 -0.00334598 0.00035016
-0.0729164 0.0753645 0.0478004 -0.00216916 -0.00290132 0.00036657
-0.0704658 0.0628322 0.0620644 -0.00216916 -0.00315596 0.0002603
-0.0704711 0.0532592 0.0236884 -0.0023675 -0.00314129 0.00025783
-0.0700645 0.0885947 0.0532951 -0.00210336 -0.00284976 0.00041509
-0.0704664 0.063776 0.0678786 -0.00240511 -0.00316826 0.00026062
-0.0705044 0.052182 0.0345052 -0.0023891 -0.00320056 0.00025
-0.0700812 0.0874835 0.0511591 -0.00216916 -0.00265132 0.00037153
-0.0637427 0.0631595 0.0681043 -0.00216916 -0.00265132 0.00036042
-0.070204 0.0394064 0.0514007 -0.00235552 -0.00290132 0.00036767
-0.0702864 0.0686592 0.0446679 -0.00216916 -0.00297003 0.00032558
-0.0705193 0.0493447 0.0689988 -0.00216916 -0.00322451 0.00025
-0.0705514 0.0392686 0.0452697 -0.00245808 -0.00331497 0.00026101
-0.0769323 0.0798946 0.0448166 -0.00222523 -0.00311043 0.00031528
-0.0742338 0.0612128 0.0635359 -0.00216916 -0.00312027 0.00032257
-0.0703667 0.0532824 0.0349837 -0.00242075 -0.00306636 0.00030942
-0.0700034 0.0865552 0.0347366 -0.00216916 -0.00265133 0.00041214
-0.0703263 0.0518965 0.0583402 -0.00222566 -0.00276335 0.00025
-0.070505 0.0432331 0.0376405 -0.00240813 -0.00317513 0.00025
-0.070115 0.0716152 0.0531297 -0.00202672 -0.00265133 0.00034281
-0.0704826 0.0557079 0.078309 -0.00216916 -0.00290133 0.00018452
-0.0703027 0.0412457 0.0358832 -0.00236679 -0.00310777 0.00035111
-0.0703551 0.076217 0.0354779 -0.00216916 -0.00290133 0.00026257
-0.07064 0.0582492 0.0561937 -0.00229039 -0.00290133 0
-0.074628 0.04966 0.0328337 -0.00228293 -0.00315115 0
-0.0739525 0.071838 0.050014 -0.00207266 -0.00305166 0
-0.0774912 0.0592009 0.0623584 -0.00228381 -0.00345615 0.00016904
-0.0761482 0.0433017 0.0497709 -0.0024049 -0.00318199 0.00012904
-0.0763596 0.0688987 0.0586172 -0.00211536 -0.00342489 0.00010585
-0.0717914 0.0749021 0.0602258 -0.00208758 -0.0030613 0
-0.0718146 0.0429956 0.0440007 -0.00236622 -0.00343952 0
-0.0685264 0.0628198 0.0252182 -0.00229989 -0.00304003 0
-0.0630014 0.0706563 0.056883 -0.00209024 -0.00273588 0
-0.0782923 0.0355313 0.0452541 -0.00232983 -0.00311439 0
-0.0778427 0.0595391 0.0430684 -0.00211518 -0.00352884 0
-0.0974825 0.0300554 -0.0318466 -0.00090385 -0.00251192 0.00034392
-0.123755 0.0213166 0.0796048 -0.00223341 -0.00342236 -0.00016375
-0.144023 0.0500095 0.141367 -0.00416282 -0.00425329 -0.00020613
-0.131297 0.108514 0.141267 -0.00353981 -0.00347431 -4.69e-06
-0.143403 0.196322 0.123347 -0.00429326 -0.00379768 6.15e-05
-0.175145 0.254202 0.13966 -0.00448282 -0.0049276 -0.00087579
-0.159445 0.164557 0.123183 -0.00398155 -0.00434982 -0.00062418
-0.151826 0.118096 0.160161 -0.0038921 -0.00434587 -0.00070792
-0.165641 0.0516787 0.154378 -0.00403892 -0.00483939 -0.00080309
-0.149648 0.0930823 0.146504 -0.00362625 -0.00447505 -0.00079353
-0.1623 0.0462429 0.164113 -0.00370199 -0.00454455 -0.00077591
-0.167695 0.0551658 0.119918 -0.00390641 -0.00469248 -0.00085603
-0.151892 0.116867 0.157697 -0.00379781 -0.00445159 -0.00091338
-0.157504 0.112972 0.183649 -0.00402308 -0.00420755 -0.00108456
-0.168119 0.109441 0.150621 -0.00414776 -0.00477678 -0.0011203
-0.164493 0.167841 0.177823 -0.00423588 -0.00454455 -0.00105085
-0.156724 0.159507 0.197505 -0.00418837 -0.00424743 -0.00111262
-0.168111 0.109802 0.175554 -0.00447219 -0.00454455 -0.00114746
-0.171629 0.126754 0.154651 -0.00412108 -0.00454455 -0.0012429
-0.171231 0.118666 0.169878 -0.00408094 -0.00422822 -0.00115852
-0.169837 0.0656663 0.130176 -0.00412108 -0.00469739 -0.00115654
-0.170415 0.0847179 0.114984 -0.00408553 -0.00469847 -0.00130397
-0.174086 0.106763 0.143459 -0.00385125 -0.00420773 -0.00130397
-0.181661 0.0640754 0.126948 -0.00440426 -0.00483942 -0.00130397
-0.181562 0.0962712 0.103138 -0.00429336 -0.00469464 -0.00130397
-0.175884 0.123751 0.134747 -0.0041437 -0.00415298 -0.00148718
-0.185951 0.0783175 0.122644 -0.00437484 -0.00467855 -0.00147631
-0.186004 0.0946877 0.0947893 -0.00451606 -0.00454455 -0.00153733
-0.185845 0.129026 0.126834 -0.00412538 -0.00454455 -0.00145261
-0.195311 0.0817851 0.112037 -0.00430103 -0.00507045 -0.00159661
-0.186113 0.122444 0.0942821 -0.00413903 -0.00501462 -0.0014995
-0.194963 0.10714 0.117121 -0.00410833 -0.00472645 -0.0016334
-0.199379 0.0645274 0.0838743 -0.00424865 -0.00498838 -0.00160551
-0.193357 0.116157 0.11553 -0.00399865 -0.00464517 -0.0016051
-0.197906 0.100934 0.129561 -0.00400735 -0.00461558 -0.00169383
-0.204133 0.0700691 0.109319 -0.00446221 -0.00500766 -0.00183075
-0.204182 0.113931 0.106624 -0.00420656 -0.00501449 -0.00186576
-0.204152 0.104206 0.116298 -0.00397134 -0.00495983 -0.00186004
-0.204415 0.0662664 0.0887972 -0.0043983 -0.0049033 -0.00202083
-0.2042 0.11354 0.100155 -0.00415515 -0.00513442 -0.00185392
-0.206499 0.127573 0.141804 -0.00418825 -0.00514269 -0.00182998
-0.218165 0.105389 0.108981 -0.00439359 -0.00543116 -0.00202083
-0.210572 0.15512 0.112884 -0.00389635 -0.00501268 -0.00202083
-0.221486 0.0985476 0.12377 -0.00420248 -0.00548569 -0.00213652
-0.218718 0.0931526 0.0981678 -0.004336 -0.00540001 -0.00201634
-0.202147 0.141487 0.112817 -0.00390612 -0.00459306 -0.00210125
-0.194933 0.0850693 0.115069 -0.00443047 -0.00458122 -0.00208119
-0.202044 0.102685 0.0799862 -0.00409731 -0.00477108 -0.00200789
-0.206571 0.113659 0.120275 -0.00409731 -0.00477224 -0.00206143
-0.20996 0.0742662 0.124669 -0.00446508 -0.00485271 -0.00217695
-0.20456 0.109869 0.0999939 -0.00432021 -0.00474713 -0.00208685
-0.203128 0.134411 0.144256 -0.00409731 -0.00474713 -0.00199192
-0.206767 0.0950881 0.127477 -0.00439678 -0.00490431 -0.00214275
-0.20672 0.138375 0.118612 -0.0042868 -0.00492988 -0.00211357
-0.215494 0.103343 0.13424 -0.00452291 -0.00519855 -0.0021753
-0.223222 0.0789273 0.116532 -0.00469118 -0.00550023 -0.00224471
-0.222894 0.145137 0.105201 -0.00409731 -0.0052252 -0.00212848
-0.210591 0.114675 0.122266 -0.00425197 -0.00492428 -0.00196106
-0.216619 0.0811957 0.0963809 -0.0043779 -0.00546817 -0.00201671
-0.215643 0.135301 0.0913286 -0.00389182 -0.00492428 -0.00205362
-0.219019 0.0788683 0.11554 -0.00392917 -0.00517428 -0.00216996
-0.225446 0.0586411 0.0813294 -0.00439173 -0.00555554 -0.0021009
-0.218446 0.11883 0.0852084 -0.00385218 -0.00492428 -0.0022579
-0.212466 0.0940841 0.119794 -0.00389085 -0.00492561 -0.00214363
-0.223818 0.06182 0.0974727 -0.00430023 -0.00552604 -0.0025868
-0.233533 0.122988 0.096714 -0.00389076 -0.00529471 -0.00247173
-0.228468 0.113481 0.135831 -0.00387704 -0.00521699 -0.00249407
-0.234444 0.0722805 0.112859 -0.00429186 -0.00549579 -0.00246024
-0.221973 0.125161 0.104322 -0.00390012 -0.00504654 -0.00241624
-0.212899 0.11776 0.140101 -0.00399076 -0.00504654 -0.00233681
-0.215046 0.0814695 0.127834 -0.00454499 -0.00504654 -0.00244377
-0.222611 0.121944 0.136732 -0.00416357 -0.00511553 -0.00228392
-0.218956 0.100556 0.158958 -0.00423818 -0.0051138 -0.00245484
-0.217954 0.0719702 0.125523 -0.00462286 -0.00522188 -0.00246215
-0.229827 0.112487 0.127827 -0.00408734 -0.00540237 -0.00248493
-0.222973 0.124557 0.139563 -0.00393416 -0.00519281 -0.00248009
-0.222895 0.0822893 0.115921 -0.0043779 -0.00534936 -0.00239571
-0.225451 0.0947292 0.098889 -0.00436204 -0.00520544 -0.00223016
-0.207912 0.140921 0.133383 -0.00389285 -0.00455157 -0.00241819
-0.222805 0.0972883 0.145669 -0.00423068 -0.00495826 -0.00242246
-0.225778 0.0838746 0.109795 -0.00428322 -0.00526921 -0.00246544
-0.220588 0.116798 0.123987 -0.00407706 -0.00517567 -0.00242859
-0.220187 0.109463 0.139815 -0.00413806 -0.0051247 -0.00226604
-0.222925 0.0733981 0.113444 -0.0045243 -0.00527621 -0.00241909
-0.217501 0.121574 0.135602 -0.00424226 -0.00527351 -0.0022426
-0.219187 0.129486 0.144512 -0.00390697 -0.00502275 -0.00244306
-0.220341 0.0779299 0.125525 -0.00446387 -0.00528799 -0.00242386
-0.220168 0.0910461 0.100005 -0.00448625 -0.00532445 -0.00227951
-0.204043 0.13563 0.10598 -0.00392397 -0.00461514 -0.00228325
-0.208185 0.0877158 0.110053 -0.00407818 -0.00486514 -0.0022439
-0.20496 0.085381 0.0852837 -0.00410702 -0.00498115 -0.00221896
-0.197985 0.132213 0.125634 -0.00366102 -0.00459677 -0.00218811
-0.207452 0.0822358 0.112606 -0.00397564 -0.00481391 -0.00222223
-0.211552 0.090525 0.0792712 -0.00411503 -0.00514029 -0.00239077
-0.207458 0.124812 0.105116 -0.00383896 -0.00470102 -0.00224729
-0.211563 0.101904 0.115517 -0.00406912 -0.00495908 -0.00225048
-0.207919 0.079493 0.0790436 -0.00418575 -0.0051957 -0.00240347
-0.207781 0.133246 0.093065 -0.00387789 -0.00477715 -0.00242203
-0.207565 0.108718 0.124689 -0.00399333 -0.0050339 -0.00224085
-0.207456 0.0702892 0.0705183 -0.00413655 -0.00513034 -0.00213905
-0.203328 0.114951 0.0761551 -0.00387789 -0.00475605 -0.002185
-0.207432 0.126976 0.107896 -0.0037501 -0.00478658 -0.0022147
-0.20735 0.0719284 0.0866294 -0.00411894 -0.00501081 -0.00210055
-0.207376 0.114329 0.0773963 -0.00362789 -0.0047729 -0.00218221
-0.203537 0.11434 0.100375 -0.00348521 -0.0043725 -0.00220457
-0.207446 0.0760171 0.108604 -0.00373459 -0.00493073 -0.00218161
-0.207625 0.0682992 0.0927548 -0.00429794 -0.00509483 -0.00224378
-0.211927 0.124875 0.0839069 -0.0037874 -0.00506149 -0.00216841
-0.196502 0.105499 0.0958321 -0.00370758 -0.0047905 -0.00207547
-0.192458 0.0647089 0.0541575 -0.00409095 -0.00525628 -0.0016915
-0.199595 0.124304 0.0628859 -0.00411219 -0.00513312 -0.00152798
-0.197382 0.132408 0.0984513 -0.00402061 -0.00502238 -0.00170476
-0.207347 0.0600422 0.0711211 -0.00431678 -0.00539527 -0.00195476
-0.207443 0.107437 0.0586923 -0.00387789 -0.00561186 -0.00195476
-0.207286 0.112288 0.0896762 -0.00352678 -0.00519065 -0.00196809
-0.21215 0.0527616 0.0783736 -0.00413207 -0.00563518 -0.00198037
-0.217274 0.0704702 0.0555164 -0.00405384 -0.00573719 -0.00203106
-0.226819 0.128278 0.127062 -0.00399716 -0.00573854 -0.00228724
-0.22199 0.0761734 0.0946564 -0.00423383 -0.00576064 -0.00215557
-0.226889 0.0872112 0.0702116 -0.00426962 -0.00577366 -0.00229953
-0.226669 0.112438 0.098264 -0.00387789 -0.00569922 -0.00219462
-0.2371 0.0587088 0.087616 -0.00418202 -0.0059708 -0.00255334
-0.231225 0.111024 0.0697333 -0.00387789 -0.00605025 -0.00237403
-0.222861 0.135594 0.0825606 -0.00387789 -0.00563839 -0.00214443
-0.231478 0.0646836 0.0677609 -0.00428447 -0.005998 -0.00227179
-0.224252 0.100571 0.0484787 -0.00404327 -0.00588611 -0.00211043
-0.213436 0.112981 0.0988634 -0.00399308 -0.0052799 -0.00208075
-0.211968 0.0508919 0.105952 -0.00460569 -0.00546326 -0.00213958
-0.22125 0.0773471 0.11101 -0.00468556 -0.00577327 -0.00210364
-0.222006 0.115441 0.133617 -0.00444613 -0.00581705 -0.00219462
-0.222965 0.0846656 0.138299 -0.00457504 -0.00572104 -0.00225956
-0.225841 0.0729027 0.117108 -0.00489631 -0.00604756 -0.00213617
-0.219598 0.1293 0.116977 -0.00486909 -0.00591274 -0.00244462
-0.181655 0.1418 0.115828 -0.00410812 -0.00483931 -0.00199298
-0.191586 0.088984 0.1039 -0.00435812 -0.0052799 -0.00244462
-0.197829 0.0846828 0.0768877 -0.00435812 -0.0052799 -0.00244462
-0.163767 0.115015 0.108386 -0.00423445 -0.00443183 -0.00244462
-0.159059 0.0716031 0.102095 -0.00412486 -0.00435363 -0.00214823
-0.176286 0.0637143 0.076853 -0.00443001 -0.00482582 -0.00219679
-0.147357 0.151384 0.115333 -0.00325321 -0.00436613 -0.0020122
-0.151033 0.125516 0.129348 -0.00338082 -0.00427056 -0.00212389
-0.156377 0.0794299 0.128962 -0.00373932 -0.0044949 -0.00186779
-0.155368 0.118331 0.153484 -0.00404598 -0.0049188 -0.00123864
-0.176347 0.181978 0.177049 -0.00498736 -0.00526988 -0.00172931
-0.185343 0.159997 0.188116 -0.00477229 -0.0051487 -0.00184783
-0.200314 0.0955324 0.152203 -0.00496259 -0.00567047 -0.00196427
-0.205145 0.12636 0.141407 -0.00451145 -0.00585076 -0.00209783
-0.210662 0.133363 0.160872 -0.00413722 -0.00592862 -0.00209783
-0.21694 0.0856893 0.14694 -0.00453628 -0.00571627 -0.0022352
-0.222101 0.0963408 0.160848 -0.00500795 -0.00617325 -0.00233258
-0.207814 0.139442 0.199829 -0.00490122 -0.00571627 -0.00226099
-0.205074 0.114991 0.182186 -0.00439734 -0.00596575 -0.00218659
-0.211944 0.122462 0.16236 -0.00473471 -0.00586714 -0.00217805
-0.216275 0.14785 0.179771 -0.00469992 -0.00607778 -0.002182
-0.207606 0.128847 0.203912 -0.0050841 -0.00628433 -0.00226374
-0.202517 0.118199 0.18624 -0.00507013 -0.00593986 -0.00211001
-0.198903 0.147526 0.202209 -0.00489921 -0.00590694 -0.00196708
-0.195843 0.116679 0.209685 -0.00477252 -0.0058829 -0.00190857
-0.199188 0.0936357 0.182176 -0.00504983 -0.00604134 -0.00208125
-0.198683 0.134953 0.185466 -0.00464531 -0.00590119 -0.00183852
-0.187826 0.114114 0.201689 -0.00466719 -0.00595844 -0.00195756
-0.178146 0.0843787 0.1729 -0.00436992 -0.00546882 -0.0017459
-0.178529 0.126942 0.152877 -0.00455705 -0.00591768 -0.00190277
-0.191939 0.13612 0.176637 -0.00456676 -0.00546882 -0.00203647
-0.192194 0.0898067 0.178857 -0.00519037 -0.00601752 -0.00198595
-0.195327 0.132635 0.144536 -0.0049213 -0.00592739 -0.0019529
-0.186242 0.156459 0.183506 -0.00468165 -0.00552973 -0.00201315
-0.173289 0.0963731 0.177604 -0.00528133 -0.0058662 -0.00176204
-0.162122 0.123994 0.142649 -0.00461955 -0.0050137 -0.00179367
-0.178377 0.142677 0.169067 -0.00424427 -0.00475319 -0.00209741
-0.189304 0.080596 0.155163 -0.00469256 -0.00531804 -0.00218998
-0.181801 0.0722374 0.104148 -0.00489304 -0.0056946 -0.00212708
-0.181858 0.124348 0.152423 -0.00445681 -0.0055205 -0.00222249
-0.186963 0.0782923 0.172249 -0.00512649 -0.00580878 -0.00205621
-0.185193 0.102568 0.121689 -0.00470749 -0.00574806 -0.00202566
-0.181459 0.142212 0.143851 -0.00452096 -0.00513565 -0.00206824
-0.187246 0.0894878 0.141145 -0.0049447 -0.0057302 -0.00194653
-0.191111 0.0798307 0.103405 -0.00519864 -0.00586336 -0.00214566
-0.182038 0.141341 0.126282 -0.00448849 -0.00540511 -0.00219862
-0.182033 0.100777 0.154711 -0.00448164 -0.0051091 -0.0022488
-0.175232 0.0749076 0.105672 -0.00466898 -0.00501057 -0.00212863
-0.143396 0.12354 0.104702 -0.00414971 -0.00387983 -0.00209364
-0.164569 0.099784 0.133453 -0.00421615 -0.00432451 -0.00225974
-0.166875 0.0650445 0.105819 -0.00468934 -0.00480244 -0.00216049
-0.162249 0.12111 0.0985405 -0.00447839 -0.00442515 -0.00214105
-0.166659 0.121378 0.126438 -0.00421416 -0.00442515 -0.00220756
-0.187264 0.0832187 0.136876 -0.00461991 -0.00514643 -0.00230753
-0.185988 0.0928572 0.0888439 -0.00437069 -0.0050384 -0.00226943
-0.174515 0.128573 0.123117 -0.0043461 -0.00452016 -0.0021456
-0.174521 0.105895 0.123157 -0.00440112 -0.00442516 -0.00215585
-0.176162 0.0954361 0.107023 -0.00454654 -0.00463686 -0.00223477
-0.179726 0.116434 0.115513 -0.00429763 -0.00483146 -0.00223149
-0.179774 0.0874513 0.123727 -0.00430581 -0.00479378 -0.00226647
-0.169675 0.0677647 0.0929187 -0.00472006 -0.00487163 -0.00218722
-0.123915 0.119004 0.0812952 -0.00385135 -0.00362166 -0.00169936
-0.108401 0.106148 0.137001 -0.00439399 -0.00318019 -0.00175463
-0.146778 0.0624805 0.125874 -0.00487017 -0.00479116 -0.00187606
-0.113255 0.0866816 0.101486 -0.00442225 -0.00510161 -0.00136174
-0.113365 0.142355 0.123088 -0.00422073 -0.0044375 -0.00156036
-0.133307 0.0881096 0.121504 -0.00460068 -0.00487629 -0.00175227
-0.133419 0.0794744 0.0750196 -0.00477199 -0.00500554 -0.00176766
-0.133147 0.123613 0.0863424 -0.00437437 -0.00460039 -0.00170554
-0.118761 0.104641 0.111953 -0.00441207 -0.00437951 -0.00174664
-0.118889 0.0789335 0.082976 -0.00447073 -0.00433564 -0.00179805
-0.114963 0.115856 0.10855 -0.00406345 -0.00455727 -0.00162427
-0.120311 0.0963425 0.136653 -0.00449831 -0.00444408 -0.00179505
-0.133538 0.0625219 0.0995364 -0.00473073 -0.00483506 -0.0018703
-0.13338 0.10774 0.0812085 -0.00447768 -0.00483835 -0.00178399
-0.11523 0.122862 0.11815 -0.00422663 -0.00435585 -0.00177523
-0.121582 0.0788759 0.0874777 -0.00457743 -0.00480996 -0.00184826
-0.130725 0.115702 0.0869125 -0.00433524 -0.00447546 -0.0019746
-0.115752 0.127343 0.13607 -0.00432787 -0.00437454 -0.00187826
-0.122421 0.0760051 0.0994902 -0.00452789 -0.00452335 -0.00188816
-0.0941505 0.114132 0.0986509 -0.00416664 -0.00309881 -0.00163897
-0.0582622 0.102204 0.110767 -0.00377507 -0.00211134 -0.00143624
-0.0800521 0.0561267 0.0923602 -0.0041609 -0.00277051 -0.00162847
-0.099974 0.0432572 0.0509357 -0.00441891 -0.00356655 -0.00176259
-0.0991131 0.103892 0.0547688 -0.00416913 -0.00365161 -0.00172163
-0.109723 0.0980599 0.0865582 -0.00427254 -0.00365591 -0.00177494
-0.109929 0.0582863 0.0333453 -0.00461357 -0.00389122 -0.00179731
-0.110005 0.114571 0.0260139 -0.00424794 -0.00398837 -0.00184093
-0.109835 0.109053 0.0672849 -0.00410709 -0.00384495 -0.00180269
-0.110142 0.05822 0.0186508 -0.00440632 -0.00422126 -0.00185695
-0.124509 0.0895166 0.0204082 -0.00429451 -0.00422028 -0.00199019
-0.109154 0.111082 0.0742936 -0.00384923 -0.00402134 -0.00202123
-0.111332 0.0530921 0.0512338 -0.00420169 -0.00406538 -0.00195966
-0.11336 0.0809994 0.0417698 -0.00423164 -0.00408639 -0.00192083
-0.113242 0.112105 0.0800348 -0.00406691 -0.00383152 -0.00193397
-0.113179 0.0641595 0.0439912 -0.00441346 -0.00385752 -0.0018746
-0.128384 0.0982921 0.0496588 -0.00428184 -0.00402459 -0.00201465
-0.121021 0.100072 0.0846463 -0.00453184 -0.00382455 -0.00215092
-0.119219 0.0773175 0.0505977 -0.00453184 -0.00383984 -0.00203559
-0.119762 0.112663 0.0664058 -0.00443375 -0.00397909 -0.002041
-0.119131 0.10197 0.082648 -0.0044761 -0.00377878 -0.00198134
-0.112705 0.0825863 0.0566267 -0.00464339 -0.0037645 -0.00175107
-0.121816 0.121251 0.0766492 -0.00429457 -0.00375646 -0.00187121
-0.131767 0.0937733 0.0879876 -0.00418572 -0.00374219 -0.00190285
-0.132155 0.0552468 0.0688819 -0.00447578 -0.00398184 -0.00205606
-0.132022 0.0593941 0.0307598 -0.0046125 -0.00389265 -0.00198903
-0.132127 0.114278 0.0549326 -0.0043164 -0.00397112 -0.00204895
-0.129747 0.0861201 0.070904 -0.00462758 -0.00414575 -0.00201385
-0.132191 0.067427 0.027619 -0.00489685 -0.00406112 -0.00205386
-0.131921 0.121478 0.0418966 -0.00444696 -0.00408198 -0.00191287
-0.118102 0.12722 0.0294537 -0.00391981 -0.00441087 -0.00197292
-0.113749 0.0495796 0.073554 -0.00384701 -0.00400671 -0.00148675
-0.113912 0.0894492 0.0652548 -0.00453862 -0.00430593 -0.00152393
-0.113885 0.172124 0.0946961 -0.00453862 -0.00432827 -0.00154658
-0.113922 0.104934 0.119518 -0.00504791 -0.00442401 -0.00152396
-0.114032 0.0865993 0.0718537 -0.00509201 -0.00430842 -0.00160973
-0.114 0.133997 0.0758449 -0.00464649 -0.0042508 -0.00161732
-0.111526 0.0876114 0.103881 -0.00490343 -0.00430794 -0.00155651
-0.118144 0.0673198 0.0723646 -0.00503515 -0.0045281 -0.00166605
-0.112881 0.131934 0.0988233 -0.00450354 -0.00425198 -0.00160364
-0.118063 0.113084 0.120349 -0.00470947 -0.00438287 -0.0016694
-0.117307 0.0671653 0.0875642 -0.00508825 -0.00441427 -0.00158336
-0.130128 0.101519 0.0625723 -0.00483516 -0.00446376 -0.00160339
-0.116126 0.133553 0.102997 -0.00478174 -0.00430104 -0.00158123
-0.112203 0.0864555 0.0842636 -0.00514058 -0.0042333 -0.00161027
-0.107296 0.127997 0.0813509 -0.00497596 -0.00408289 -0.00152193
-0.0925213 0.142736 0.105745 -0.00446676 -0.00360037 -0.00152608
-0.101536 0.0854402 0.0967389 -0.00475314 -0.0037147 -0.00155579
-0.0968248 0.0764969 0.0718115 -0.00515547 -0.00375117 -0.00148273
-0.101575 0.139444 0.0916798 -0.0046282 -0.00360529 -0.00136786
-0.105368 0.114817 0.0979035 -0.00448857 -0.00394388 -0.00143293
-0.100763 0.0573466 0.0787096 -0.00529186 -0.00391947 -0.00135906
-0.083904 0.0980107 0.0576975 -0.00490681 -0.00355428 -0.0011166
-0.0838614 0.136319 0.0624777 -0.00446326 -0.00346871 -0.00112686
-0.0863794 0.0714892 0.0826615 -0.00502341 -0.00351106 -0.00121758
-0.0688172 0.0942462 0.0583294 -0.00511593 -0.00348757 -0.00099549
-0.0259012 0.145856 0.107499 -0.00421326 -0.00151142 -0.00103724
-0.0401529 0.124839 0.159853 -0.00507379 -0.00193018 -0.00124936
-0.0675079 0.0893409 0.123279 -0.0052805 -0.00341424 -0.00131713
-0.06321 0.113926 0.105324 -0.00511046 -0.00337668 -0.00127181
-0.071472 0.133104 0.133904 -0.00496547 -0.00321881 -0.00133012
-0.0722166 0.063459 0.119194 -0.00557404 -0.00356129 -0.00147146
-0.0816084 0.0869083 0.0815808 -0.00547343 -0.00376038 -0.00139158
-0.0738373 0.135459 0.10226 -0.00494886 -0.00322529 -0.00134825
-0.0740154 0.0862273 0.131482 -0.00551417 -0.00340105 -0.00140573
-0.0602157 0.113174 0.0858346 -0.00490985 -0.00296691 -0.0012194
-0.0562633 0.137344 0.125625 -0.00496687 -0.00286024 -0.00134054
-0.0551242 0.0942916 0.131075 -0.00507927 -0.003118 -0.00122541
-0.0538744 0.0943633 0.0971947 -0.00515812 -0.00329452 -0.00126119
-0.0403295 0.129971 0.146532 -0.00425599 -0.00317283 -0.00101374
-0.0482872 0.0882842 0.11505 -0.00464858 -0.00339893 -0.00102066
-0.0589299 0.0996429 0.0872991 -0.00472795 -0.0037771 -0.0011067
-0.060006 0.140982 0.122583 -0.00474204 -0.00352592 -0.00123599
-0.064233 0.0877122 0.108544 -0.00501443 -0.00355885 -0.00095501
-0.0703159 0.0987549 0.083332 -0.00495802 -0.00384022 -0.00133106
-0.070282 0.141078 0.138232 -0.0049052 -0.00361814 -0.00137902
-0.0731415 0.0944052 0.134297 -0.00530638 -0.00379332 -0.00135236
-0.0866018 0.0976462 0.11694 -0.00526893 -0.00386259 -0.00140696
-0.0756715 0.132263 0.140863 -0.0047348 -0.00374062 -0.00148121
-0.0755833 0.0750088 0.116446 -0.00543834 -0.0038152 -0.00148481
-0.0750377 0.0980212 0.0867327 -0.00531897 -0.00403488 -0.00120675
-0.0750671 0.141507 0.12396 -0.00504671 -0.00366665 -0.00140319
-0.077464 0.0758951 0.0967558 -0.00548571 -0.00379435 -0.00121895
-0.0735868 0.0964322 0.0471235 -0.00517418 -0.00382929 -0.00122362
-0.0735714 0.136326 0.0836468 -0.00489719 -0.00378524 -0.00139587
-0.0724034 0.0704993 0.0744985 -0.00520155 -0.00401744 -0.00114415
-0.063018 0.0914411 0.0556215 -0.00506399 -0.0038245 -0.00108815
-0.0348365 0.132039 0.0894336 -0.00446487 -0.00279698 -0.00102695
-0.054621 0.0807381 0.103897 -0.00512815 -0.00344234 -0.00122931
-0.0546923 0.0825492 0.0701275 -0.00516855 -0.00355566 -0.00124208
-0.0593913 0.132931 0.0800723 -0.00438136 -0.00353348 -0.00124516
-0.0544774 0.103414 0.110682 -0.00511161 -0.00344459 -0.00115375
-0.0600414 0.0827319 0.0786665 -0.00527433 -0.00358715 -0.00140775
-0.0696664 0.122535 0.0729532 -0.00488927 -0.00380458 -0.00139275
-0.0721201 0.132539 0.0943771 -0.00476837 -0.00393493 -0.00138404
-0.076444 0.0749938 0.0525651 -0.00498035 -0.00395906 -0.00139184
-0.0762401 0.117882 0.0607082 -0.0047032 -0.00412319 -0.00118489
-0.0696722 0.127444 0.0859625 -0.00480375 -0.00350736 -0.00115587
-0.0712568 0.0732931 0.0542155 -0.00510274 -0.00367659 -0.00127549
-0.0644801 0.113407 0.0441017 -0.00470127 -0.00344042 -0.00114427
-0.0436539 0.138682 0.0933123 -0.0042752 -0.00263139 -0.00115666
-0.057725 0.0917999 0.112 -0.00479336 -0.00349063 -0.00138043
-0.0564311 0.100007 0.0767949 -0.00452671 -0.00382303 -0.00123755
-0.0627655 0.141407 0.102111 -0.00450645 -0.00359333 -0.0013035
-0.0642752 0.110889 0.118137 -0.00486915 -0.00373976 -0.00130282
-0.0713287 0.105446 0.0770547 -0.00465337 -0.00374282 -0.00132303
-0.0609829 0.154916 0.0999981 -0.00456595 -0.00357437 -0.00130367
-0.0495483 0.108199 0.109201 -0.0048008 -0.00330315 -0.00123392
-0.0574717 0.100229 0.0757765 -0.00493677 -0.0035089 -0.00121652
-0.0711473 0.115412 0.0778812 -0.00471759 -0.00374776 -0.00121274
-0.0710347 0.110545 0.108186 -0.00488404 -0.00374972 -0.00115714
-0.0608662 0.0812765 0.0626649 -0.00503977 -0.00401503 -0.00096897
-0.0710048 0.12076 0.0619758 -0.00463562 -0.00401759 -0.00106189
-0.064965 0.13966 0.118439 -0.00505729 -0.0039356 -0.00120409
-0.0470845 0.11039 0.100516 -0.00490082 -0.00366652 -0.0010882
-0.0584671 0.126269 0.0867921 -0.00458345 -0.00386722 -0.00109003
-0.0584947 0.132759 0.118163 -0.00487937 -0.00385268 -0.00111873
-0.0584868 0.0804542 0.0718046 -0.00507004 -0.00391594 -0.00107463
-0.0685413 0.110344 0.0539911 -0.0046473 -0.00408301 -0.00107965
-0.058402 0.136796 0.0932242 -0.00462278 -0.00380693 -0.00108467
-0.0570583 0.0855944 0.0558201 -0.00483691 -0.00397144 -0.00095602
-0.0471693 0.125549 0.0597592 -0.00467391 -0.00356531 -0.00106442
-0.0199331 0.147506 0.142709 -0.00445241 -0.00243626 -0.00085835
-0.0273387 0.103762 0.109591 -0.00486568 -0.00289353 -0.00081782
-0.04162 0.139294 0.0956816 -0.00438113 -0.00324388 -0.00082791
-0.0228813 0.158099 0.11495 -0.00413466 -0.00256834 -0.00061167
-0.0445191 0.107458 0.113219 -0.00470585 -0.00303147 -0.00089771
-0.0444141 0.0934868 0.230588 -0.00649235 -0.00330282 -0.0008179
-0.0527805 0.0694216 0.274834 -0.00747491 -0.00335126 -0.00070456
-0.0382542 0.12644 0.20562 -0.00596931 -0.00229306 -0.00053113
-0.067821 0.221972 0.139443 -0.00578651 -0.00326206 -0.0006477
-0.0714641 0.216504 0.274999 -0.00709995 -0.00333611 -0.00092116
-0.0714926 0.156847 0.2972 -0.00736175 -0.0032566 -0.00101165
-0.0851971 0.0839136 0.255473 -0.00739048 -0.00371775 -0.00124966
-0.0807584 0.127423 0.266235 -0.00696855 -0.00361715 -0.00132704
-0.0905149 0.115685 0.288404 -0.00675615 -0.00367155 -0.00142699
-0.102016 0.0673136 0.241199 -0.0067811 -0.00367155 -0.00142699
-0.0932576 0.119503 0.245748 -0.00678689 -0.0037261 -0.00147762
