5.463e-05 0.148916 0.21136 -0.00072541 0.00010689 0
9.756e-05 0.143387 0.283769 -0.00073285 0.00015318 0
7.586e-05 0.254134 0.359911 -0.00224111 -3.22e-06 0
-0.0002404 0.320493 0.377262 -0.00286255 -5.055e-05 -0.00011688
0.00010465 0.204618 0.353577 -0.00161912 3.607e-05 0
9.188e-05 0.248792 0.385125 -0.00217388 7.88e-06 0
-0.00466817 0.340552 0.374907 -0.00295153 -0.00017479 -0.00031403
-0.00061485 0.239998 0.366544 -0.00250756 -4.094e-05 -0.00027769
9.115e-05 0.156765 0.423922 -0.00231546 -4.094e-05 0
-0.00057954 0.289498 0.476103 -0.00368756 -4.094e-05 -0.00025992
-0.00138176 0.310269 0.423955 -0.00392138 -0.00022383 -0.00053879
-0.00078336 0.20771 0.429725 -0.00291456 -0.00027304 -0.00028754
-0.00012222 0.206063 0.497877 -0.00291456 -4.094e-05 -4.013e-05
-0.0166115 0.336727 0.523436 -0.00415575 -0.00023596 7.171e-05
-0.0202826 0.351805 0.486792 -0.00433521 -0.00058468 -0.00036122
-0.00951983 0.238983 0.450395 -0.00292124 -0.00024822 -0.00014539
-0.0261436 0.085404 0.272609 -0.00156963 5.437e-05 0.00039712
-0.0202274 0.25276 0.386705 -0.00371733 -0.00011097 0.00032867
-0.017963 0.331263 0.489168 -0.00552397 -0.00041994 0.0002451
-0.0197634 0.330273 0.440936 -0.00478561 -0.0007708 9.262e-05
-0.0226969 0.229282 0.463567 -0.00413534 -0.00068777 0.00016335
-0.0224233 0.190752 0.513161 -0.00413534 -0.00072384 0.00030242
-0.0294088 0.306202 0.553129 -0.00577929 -0.00096785 2.37e-05
-0.0296991 0.301544 0.496154 -0.00559905 -0.00118841 -3.737e-05
-0.0201545 0.213369 0.515999 -0.00509934 -0.00102856 -1.633e-05
-0.0307717 0.213436 0.543681 -0.00557953 -0.00138762 4.792e-05
-0.00273401 0.139353 0.287482 -0.00420776 -0.00013551 0.00061553
0.0212621 0.231268 0.436748 -0.00335231 7.052e-05 0.00018596
0.11554 0.0705275 0.613472 -0.00663737 -0.00133975 0.0023059
0.178029 0.157988 0.411677 -0.00487493 -0.00090642 0.00278866
0.0905691 0.181701 0.265975 -0.00152565 -0.00108446 0.00137691
0.0107882 -0.0354726 0.0873901 0.0010704 -0.0005884 0.0008341
0.00632856 -0.00152318 0.170843 0.00060733 -0.0008487 0.00011855
-0.0153577 0.00485939 0.241379 0.00023033 -0.00048168 0.00033589
-0.0166992 0.107077 0.311237 -0.00053689 -0.00083414 0.00055595
-0.00934553 0.0439384 0.186695 0.00118636 -0.00080827 0.00083927
-0.0113751 0.224829 0.33327 9.27e-06 -0.00048168 0.00083927
-0.0131399 0.311151 0.339381 -0.00067279 -0.00092499 0.00063784
-0.0207756 0.052353 0.201142 0.00063302 -0.00083198 0.0007369
-0.00565534 0.132602 0.244337 0.00077122 -0.00048168 0.00055587
-0.00969977 0.166463 0.294434 0.00033895 -0.00124162 0.00018404
-0.0196653 0.0271503 0.218777 0.00031909 -0.00153537 0.0004197
-0.0163293 0.15585 0.205367 -0.00030607 -0.00151263 0.0003289
-0.020588 0.105025 0.288811 -0.00050597 -0.00146523 0.0003122
-0.0157044 0.111517 0.364471 -0.00079842 -0.00121551 0.00028576
-0.014189 0.191412 0.42529 -0.00131493 -0.00142688 0.00058812
-0.0208299 0.101786 0.261814 -0.00032234 -0.00091771 0.00078337
-0.00579471 0.257827 0.384653 -0.00042734 -0.00125572 0.00063834
-0.00448655 0.30045 0.484842 -0.00166129 -0.00188577 0.00043401
-0.0110427 0.231842 0.453428 -0.00202589 -0.00209765 2.431e-05
-0.0126618 0.0192915 0.297658 0.00093221 -0.00136246 0.0002805
-0.0163619 -0.00709154 0.313725 0.00093221 -0.00119689 0.00032303
0.00512002 0.146477 0.200132 0.00351427 -0.00139487 0.00038499
0.0205833 0.342718 0.302775 0.00124662 -0.00144522 2.431e-05
-0.0108337 0.120643 0.233055 0.00124048 -0.00156854 0.00039081
-0.00696539 0.202248 0.347549 -0.00019221 -0.00147032 2.431e-05
-0.00510422 0.16292 0.422568 -0.0003309 -0.00145254 2.431e-05
-0.0112706 0.196368 0.431207 0.00046747 -0.00162255 2.431e-05
-0.0246367 0.12727 0.337031 -7.511e-05 -0.0015877 0.00010589
-0.00984644 0.193905 0.419243 -0.00033373 -0.00159872 0.00018385
-0.0180779 0.198629 0.471218 -0.00077578 -0.00200693 2.431e-05
-0.0268806 0.095817 0.418718 -0.00104294 -0.00203726 2.431e-05
-0.0145903 0.28958 0.49175 -0.00157465 -0.00210215 -0.00033201
-0.0146416 0.295975 0.56507 -0.00252913 -0.00262151 -0.00045795
-0.015695 0.279251 0.576356 -0.00273371 -0.00299018 -0.00076981
-0.0219223 0.173248 0.611145 -0.00214191 -0.00301577 -0.00045182
-0.044285 0.105312 0.528554 -0.00082689 -0.00227105 -0.00057608
-0.0256923 0.313975 0.700668 -0.00420544 -0.00304752 -0.00030517
-0.0244223 0.360266 0.704499 -0.00415215 -0.00360329 -0.00071105
-0.0438461 0.174716 0.571715 -0.00382462 -0.00300404 -0.00086448
-0.0299281 0.246589 0.61371 -0.00317869 -0.00290997 -0.00109783
-0.0210273 0.355237 0.664709 -0.0041537 -0.00380455 -0.00132623
-0.031211 0.267714 0.62422 -0.00287962 -0.00405552 -0.00158925
-0.01989 0.272146 0.633832 -0.00270697 -0.00369602 -0.00157423
-0.0304915 0.114957 0.441031 -0.00060301 -0.00231021 -0.00103733
0.00596178 0.174765 0.422093 0.00033323 -0.00227028 -0.00134508
0.0108326 0.144833 0.336592 0.00055484 -0.00271437 -0.00107705
0.0148812 0.244187 0.475584 -0.00235077 -0.00251514 -0.00088631
0.0005299 0.210768 0.521516 -0.00169616 -0.0024456 -0.00094277
-0.00815918 0.117687 0.399847 -0.00036947 -0.00316355 -0.00058445
0.0695162 0.323624 0.56232 -0.00191895 -0.00392325 -7.94e-06
0.0784478 0.317477 0.449106 -0.00150705 -0.00315746 0.00152123
0.0357923 0.290306 0.479617 -0.00141645 -0.0031081 -0.00013184
0.00416926 0.0875487 0.337518 0.00122896 -0.00210212 0.0002861
0.0139528 0.148134 0.420599 9.002e-05 -0.00222534 -7.913e-05
0.0326372 0.194164 0.455605 -0.00053914 -0.00202816 -0.00067081
0.0366495 0.254165 0.458776 -0.00172499 -0.00190776 -0.00109829
0.0183908 0.0985342 0.337472 -9.987e-05 -0.00230807 -0.00080131
0.0260264 0.229982 0.368634 -0.00081993 -0.00162403 -0.00072216
0.0240262 0.142656 0.433348 -0.00100395 -0.00146482 -0.00068312
0.0310521 0.208953 0.472054 -0.00022358 -0.00133747 -0.00091813
0.0408989 0.257136 0.502493 -0.00113268 -0.00140563 -0.00103801
0.0357695 0.126808 0.352812 -2.753e-05 -0.00113376 -0.00028296
0.0324959 0.268626 0.363171 0.00010638 -0.00080102 -0.00055646
0.0346046 0.176631 0.455624 -0.00055824 -0.00093472 -0.00083528
0.012583 0.118056 0.369702 -0.00093537 -0.00051381 -0.00068689
0.00890056 0.294644 0.455282 -0.00174486 -0.00105212 -0.00104466
0.013307 0.254803 0.491574 -0.00191031 -0.00113793 -0.00128993
-0.00572262 0.139265 0.394419 -0.00319256 -0.00097742 -0.00114242
0.0107983 0.143072 0.500595 -0.00314013 -0.00097742 -0.00127675
0.00128004 0.194911 0.470055 -0.00233386 -0.00074936 -0.00124863
0.00546895 0.257458 0.534472 -0.00327314 -0.00084766 -0.00126071
0.00334212 0.341048 0.568419 -0.00484578 -0.00107779 -0.00170631
-0.00572097 0.127766 0.409426 -0.00279072 -0.00069045 -0.0010704
0.00949828 0.213415 0.509704 -0.00397464 -0.00031637 -0.00126031
0.0258106 0.158624 0.552286 -0.00498114 -0.00049205 -0.00083071
0.0152535 0.0699005 0.444185 -0.00173785 -0.00063223 -0.0010201
0.05565 0.349347 0.85294 -0.00597938 -0.0012821 -0.00123999
0.0468119 0.442837 0.87912 -0.0055348 -0.00172822 -0.00119852
0.0307449 0.218113 0.797233 -0.00517507 -0.00183401 -0.00127564
-0.0117073 0.120678 0.756113 -0.00396626 -0.00153719 -0.00030067
-0.028175 0.230832 0.811984 -0.00464824 -0.00141845 -0.00028787
-0.0198063 0.313695 0.812635 -0.00495993 -0.00173399 -0.00066754
-0.0417167 0.214514 0.712284 -0.0047612 -0.00146003 -0.00082178
-0.0404382 0.282775 0.765067 -0.00456696 -0.00193043 -0.00142174
-0.0305045 0.374598 0.824437 -0.00546463 -0.00171308 -0.00106184
-0.0280945 0.319859 0.833503 -0.00506751 -0.00180114 -0.00120286
-0.0415268 0.195907 0.711726 -0.00422048 -0.00150076 -0.00183029
-0.00802756 0.284947 0.854445 -0.00606649 -0.00094518 -0.00080048
0.0295227 0.253123 0.834622 -0.00547261 -0.00137351 -0.00060289
0.0502858 0.149478 0.856696 -0.00544038 -0.00118579 -0.00061821
0.0494757 0.164213 0.881612 -0.00463252 -0.00077339 -0.00093338
-0.022679 0.121963 0.652056 -0.00244363 -0.00183408 -0.00107258
-0.0247659 0.302688 0.693264 -0.00297803 -0.0014131 -0.00152592
-0.0210847 0.30074 0.793933 -0.00291374 -0.00193941 -0.00131758
-0.0301845 0.446876 0.807761 -0.00379509 -0.00204257 -0.00139033
-0.0239994 0.394366 0.798437 -0.00371781 -0.00221236 -0.00138729
-0.0280996 0.200574 0.706437 -0.00336331 -0.00121766 -0.00109557
-0.041075 0.289688 0.812678 -0.00346191 -0.00144498 -0.0009549
-0.0540223 0.229904 0.722298 -0.00177672 -0.00222515 -0.00118091
-0.0589204 0.400582 0.844448 -0.00269093 -0.00165804 -0.00138108
-0.052098 0.25085 0.785288 -0.00420661 -0.00139698 -0.00135601
-0.0693262 0.344726 0.863731 -0.00455088 -0.00097427 -0.00165416
-0.070865 0.307581 0.881768 -0.00535912 -0.00075136 -0.00173473
-0.0741296 0.231039 0.739692 -0.00503832 -0.00081764 -0.00178925
-0.0700136 0.284534 0.80381 -0.00486023 -0.00088538 -0.00172125
-0.0669865 0.237223 0.848926 -0.00447129 -0.00120864 -0.00178925
-0.0511837 0.284697 0.825029 -0.00467403 -0.001358 -0.00178925
-0.0695799 0.174014 0.727947 -0.00438559 -0.00143119 -0.00177448
-0.0902729 0.320049 0.797879 -0.00411382 -0.00161886 -0.00237506
-0.0785148 0.313608 0.829834 -0.00426293 -0.0022069 -0.00244859
-0.0589341 0.251065 0.714147 -0.00514744 -0.00195106 -0.00207703
-0.0361422 0.33184 0.760145 -0.00514744 -0.00083835 -0.00147518
-0.0409723 0.319463 0.791442 -0.00472678 -0.00155087 -0.00184848
-0.0442669 0.380187 0.794524 -0.00444386 -0.00202412 -0.00196185
-0.0445957 0.2793 0.78271 -0.00428832 -0.00146797 -0.00203736
-0.0926149 0.178567 0.721503 -0.00501978 -0.00063443 -0.00210934
-0.095748 0.237 0.750287 -0.0038536 -0.00221922 -0.00255481
-0.0873601 0.227305 0.736227 -0.00298488 -0.00234144 -0.00230518
-0.0903009 0.272899 0.527923 0.00179151 -0.00122301 -0.00260267
-0.0594367 0.392798 0.671335 -0.00093181 -0.00211685 -0.00225062
-0.0519901 0.254434 0.617483 -0.00261944 -0.00185347 -0.00210275
-0.0342917 0.313465 0.756892 -0.00331633 -0.00189244 -0.00183375
-0.0324513 0.318762 0.774093 -0.00431157 -0.00134456 -0.00191167
-0.0405533 0.274382 0.816629 -0.00417371 -0.00109663 -0.00205109
-0.0546576 0.143914 0.760705 -0.0041814 -0.00163033 -0.00165442
-0.068338 0.298779 0.771345 -0.00401386 -0.00154137 -0.00211337
-0.0546536 0.343288 0.816518 -0.00494723 -0.00147036 -0.00241523
-0.0741848 0.158227 0.662894 -0.00413849 -0.00066314 -0.00170519
-0.0705036 0.285725 0.740241 -0.00479261 -0.00028783 -0.00195287
-0.0755925 0.271926 0.755915 -0.00447069 -0.00087475 -0.00213587
-0.0701621 0.305457 0.775255 -0.0040866 -0.00133642 -0.0021318
-0.0763023 0.342345 0.798172 -0.00450987 -0.00132835 -0.00223698
-0.102191 0.228963 0.665368 -0.00473176 -0.0009682 -0.00223699
-0.0939299 0.309907 0.763853 -0.0052803 -0.00069459 -0.00232466
-0.0763474 0.333094 0.806616 -0.00598472 -0.00097687 -0.00223699
-0.0682896 0.336064 0.805135 -0.00530896 -0.00181456 -0.00223698
-0.0790316 0.164351 0.661286 -0.00319578 -0.00156741 -0.00195329
-0.0492736 0.259311 0.65904 -0.00360303 -0.00078609 -0.00163465
-0.0561052 0.269403 0.709096 -0.00410448 -0.00133188 -0.00163465
-0.0982795 0.366207 0.725273 -0.00395778 -0.00164798 -0.00210377
-0.0851947 0.189875 0.709938 -0.00287765 -0.00198053 -0.00234389
-0.103455 0.16688 0.655034 -0.00290766 -0.00115551 -0.00201465
-0.0876714 0.357004 0.721026 -0.00307406 -0.00183254 -0.00203711
-0.0628158 0.345025 0.73269 -0.00285535 -0.0019227 -0.00200644
-0.0759819 0.468654 0.777128 -0.00428516 -0.0020559 -0.00266003
-0.0750111 0.340634 0.776663 -0.00322847 -0.00165485 -0.00269045
-0.0778745 0.344373 0.821511 -0.00350172 -0.00157251 -0.00269221
-0.0832839 0.415326 0.855533 -0.00524723 -0.00155245 -0.00293247
-0.0824941 0.33293 0.846457 -0.00450344 -0.00172715 -0.00270398
-0.0758463 0.308833 0.894146 -0.00411738 -0.00166735 -0.00285908
-0.0643547 0.388423 0.902418 -0.00513598 -0.00169612 -0.00290334
-0.0536774 0.35084 0.880446 -0.00507358 -0.00161447 -0.00276841
-0.0575079 0.359705 0.911661 -0.00402161 -0.00196159 -0.00271724
-0.0635125 0.456642 0.921122 -0.00578779 -0.00194889 -0.00288924
-0.0679414 0.399669 0.922942 -0.00478347 -0.00192994 -0.00267257
-0.0725295 0.437272 0.955864 -0.00512151 -0.0020814 -0.00264845
-0.0800388 0.464072 0.94731 -0.00582071 -0.00197042 -0.00299262
-0.0665981 0.38815 0.959892 -0.00495455 -0.00191533 -0.00243803
-0.0681749 0.466584 0.987451 -0.00587809 -0.00196229 -0.00291275
-0.0673643 0.392853 0.975681 -0.00549825 -0.00201884 -0.00270628
-0.0708784 0.366068 1.02174 -0.00598663 -0.0023925 -0.00242549
-0.0694743 0.455001 0.993605 -0.00738747 -0.00270255 -0.00251731
-0.0626947 0.35306 0.956751 -0.00548659 -0.00286918 -0.00203701
-0.0621077 0.416094 1.01281 -0.00622933 -0.00287718 -0.0020966
-0.0746129 0.329391 0.807638 -0.00541196 -0.00212397 -0.00233771
-0.0780825 0.452203 0.84881 -0.00545401 -0.00171967 -0.00253421
-0.0852168 0.366348 0.911031 -0.00416603 -0.00215859 -0.0028239
-0.0818475 0.465578 0.923262 -0.00589266 -0.00181377 -0.00298238
-0.0914681 0.296877 0.741015 -0.00472448 -0.00186394 -0.00257857
-0.0896983 0.380477 0.677693 -0.00362868 -0.00129634 -0.0028001
-0.0870833 0.330956 0.746224 -0.00392282 -0.00193923 -0.00269557
-0.105267 0.359192 0.653428 -0.00305847 -0.00212462 -0.0026531
-0.0853079 0.414187 0.718758 -0.00344003 -0.001937 -0.00221819
-0.0864211 0.426111 0.833415 -0.00444316 -0.00170123 -0.00249229
-0.0926119 0.235475 0.522581 -0.00097686 -0.00088665 -0.00216968
-0.102831 0.286075 0.56878 -0.00154864 -0.00043482 -0.00276568
-0.0651411 0.254937 0.452881 0.00239641 -0.00037638 -0.00190415
-0.058812 0.401223 0.55675 -0.00252678 0.00014399 -0.00173983
-0.0391204 0.376369 0.649884 -0.0039723 0.0002351 -0.00156035
-0.0285253 0.294586 0.540968 -0.00242238 0.00031642 -0.00129757
-0.0383586 0.333321 0.573347 -0.0020244 0.00064587 -0.00153213
-0.0236211 0.371341 0.639281 -0.00313142 0.00063108 -0.00190415
-0.0177474 0.23449 0.441814 -0.00154473 0.00052975 -0.00096616
-0.0281952 0.317569 0.497128 -0.00136492 0.00077771 -0.00129452
-0.0357211 0.235552 0.540874 -0.00222412 0.00075057 -0.001466
-0.0443924 0.20978 0.550027 -0.00288549 0.00063236 -0.00191314
-0.0449417 0.196268 0.453559 -0.0003419 0.00074471 -0.00185055
-0.0652447 0.387644 0.508003 -0.00141508 0.00066742 -0.00228536
-0.0465205 0.366648 0.544879 -0.00181862 0.00067102 -0.00206729
-0.024863 0.45511 0.520464 -0.00186543 0.00055112 -0.00233724
0.00325202 0.329719 0.528952 -0.00179874 0.00083995 -0.00218162
-0.0437814 0.211134 0.454485 -0.00192812 0.00086601 -0.00213789
-0.0395021 0.310306 0.514001 -0.0019131 0.00123047 -0.00190351
-0.0485311 0.239194 0.524561 -0.00175244 0.00123047 -0.00229194
-0.0487193 0.170897 0.463825 -0.00022257 0.00113228 -0.0017299
-0.0318518 0.256924 0.485113 -0.00227741 0.00131772 -0.00140743
-0.054158 0.357959 0.635959 -0.00340202 0.00173538 -0.00149134
-0.0469171 0.402362 0.607385 -0.00389794 0.00143753 -0.00168373
-0.0378194 0.370815 0.574738 -0.00343085 0.00134581 -0.00191088
-0.0275225 0.264698 0.589836 -0.00329746 0.00169929 -0.00175283
-0.0430131 0.215197 0.526925 -0.00260178 0.00225566 -0.00179614
-0.0577748 0.311313 0.632134 -0.00355837 0.00217281 -0.00205392
-0.0447018 0.356369 0.596609 -0.00446649 0.00232218 -0.00205392
-0.0373349 0.269641 0.602771 -0.00392096 0.00190663 -0.00197647
-0.0402162 0.304933 0.61599 -0.00382499 0.00202326 -0.00205392
-0.0479666 0.204911 0.471781 -0.00172172 0.00129036 -0.00195239
-0.0563557 0.297275 0.539823 -0.00191677 0.00182372 -0.00205392
-0.0557905 0.351084 0.56495 -0.00314569 0.00165293 -0.00205392
-0.0406124 0.215088 0.398318 -0.00090907 0.00200442 -0.00159361
-0.0675665 0.28458 0.490371 -0.00110423 0.00193312 -0.00197275
-0.0647357 0.341751 0.537231 -0.00232844 0.00183708 -0.00205392
-0.0644606 0.360006 0.510892 -0.00198959 0.00154994 -0.00205392
-0.0909996 0.216558 0.525194 -0.00155513 0.00156103 -0.00225115
-0.0752664 0.351922 0.563564 -0.0032865 0.00170189 -0.00204445
-0.0767633 0.292577 0.542156 -0.00293683 0.00190029 -0.00207762
-0.0559826 0.328353 0.593392 -0.00380261 0.00206237 -0.00213973
-0.0714035 0.229542 0.47993 -0.00219376 0.00167537 -0.00203457
-0.0812204 0.364518 0.609092 -0.00362282 0.00218706 -0.00222952
-0.076378 0.389042 0.622752 -0.0036946 0.00211229 -0.00242388
-0.084204 0.382489 0.603051 -0.00342658 0.00180909 -0.00257322
-0.0967803 0.231581 0.539514 -0.00282907 0.00126328 -0.00333603
-0.0845087 0.365677 0.646253 -0.00397493 0.00158909 -0.00276294
-0.0686418 0.444103 0.63873 -0.00487818 0.00165195 -0.00261175
-0.0668232 0.298382 0.616969 -0.00387528 0.00179924 -0.00240485
-0.0661398 0.29759 0.630364 -0.00339107 0.00204274 -0.00230769
-0.0872084 0.26379 0.548781 -0.00338233 0.00180547 -0.00252218
-0.0844257 0.374115 0.603823 -0.00329498 0.00168116 -0.00276294
-0.0873479 0.365971 0.666298 -0.00423997 0.00182156 -0.00276294
-0.0768772 0.416832 0.64299 -0.00457802 0.00165746 -0.00276294
-0.0827183 0.27838 0.569619 -0.00440364 0.0011615 -0.00248883
-0.0731875 0.330843 0.599826 -0.00426364 0.00155798 -0.0022993
-0.0830273 0.312676 0.636229 -0.00408843 0.00132948 -0.0025118
-0.065699 0.257683 0.553663 -0.00392074 0.0015398 -0.0022993
-0.0559816 0.325546 0.603842 -0.00424808 0.00212794 -0.00199934
-0.0935016 0.381908 0.646986 -0.005195 0.00181928 -0.00249866
-0.0813252 0.285063 0.624613 -0.00445509 0.00157038 -0.00256322
-0.0577086 0.142086 0.490604 -0.00175715 0.00135258 -0.00187718
-0.0713077 0.366123 0.628097 -0.00407547 0.00159775 -0.00246613
-0.086303 0.381056 0.620336 -0.00442622 0.00133711 -0.00313014
-0.0702534 0.336054 0.656909 -0.00544314 0.0016365 -0.00271838
-0.0489772 0.362104 0.674971 -0.00569101 0.00156546 -0.00253634
-0.0639258 0.268972 0.505584 -0.00374597 0.00136721 -0.00239033
-0.068274 0.286323 0.63443 -0.00483297 0.0020347 -0.0023285
-0.0295936 0.404861 0.689381 -0.0065829 0.00176175 -0.00266045
-0.0256901 0.3119 0.664968 -0.00534174 0.00179423 -0.00254799
-0.0331419 0.282151 0.675335 -0.0048691 0.00187398 -0.00239346
-0.0220631 0.199615 0.51365 -0.00215971 0.00173722 -0.00204986
-0.0334115 0.294729 0.608657 -0.00362421 0.00197927 -0.0024441
-0.0316723 0.446948 0.686744 -0.00594844 0.0018119 -0.0029538
-0.0520444 0.332854 0.498239 -0.0025679 0.00174175 -0.00277355
-0.0119612 0.465743 0.537182 -0.00402263 0.00175016 -0.00268849
-0.00668509 0.353129 0.609683 -0.00414395 0.0017431 -0.00239653
-0.0145721 0.273718 0.506999 -0.0023757 0.00171431 -0.00250343
-0.010363 0.321173 0.587932 -0.00361404 0.00235198 -0.00221904
-0.0331 0.32566 0.610817 -0.00350903 0.00198696 -0.00247527
-0.0409055 0.344104 0.586208 -0.0034656 0.00183989 -0.00261561
-0.0623585 0.266534 0.641252 -0.00357557 0.00205111 -0.00279845
-0.0616831 0.243315 0.550058 -0.00320677 0.0015039 -0.00261561
-0.0521423 0.312732 0.50303 -0.00121604 0.00125266 -0.00261561
-0.0686147 0.366617 0.532371 -0.00225914 0.00174448 -0.00248597
-0.0542373 0.302044 0.634968 -0.00452964 0.00244351 -0.00213912
-0.0326749 0.469086 0.720463 -0.0071169 0.00314645 -0.00208494
0.0127406 0.524866 0.674128 -0.00682692 0.00340741 -0.00216634
-9.674e-05 0.420502 0.700932 -0.00652024 0.0030538 -0.00239679
0.00839267 0.322763 0.687728 -0.00562152 0.00324741 -0.00206792
-0.00454115 0.207305 0.529505 -0.00450449 0.00264035 -0.00161836
0.00021533 0.28259 0.641672 -0.00531896 0.0032474 -0.00187661
0.0019796 0.2525 0.699213 -0.00548681 0.00271622 -0.00182007
-0.0250015 0.310764 0.579344 -0.0042143 0.00233202 -0.00207007
-0.0243066 0.403843 0.564204 -0.00390954 0.00330418 -0.00246792
-0.0250642 0.349059 0.498016 -0.00173848 0.00233747 -0.00244308
-0.0159831 0.494576 0.530249 -0.00274782 0.00243948 -0.00218953
0.02973 0.317967 0.437376 -0.00288715 0.00258337 -0.00140419
0.0140951 0.507098 0.531541 -0.00444518 0.0033901 -0.00171143
0.0104666 0.379256 0.544825 -0.00420333 0.00307096 -0.00229452
0.00718765 0.251191 0.604172 -0.00421135 0.00379928 -0.00225167
0.013036 0.276429 0.6467 -0.00444518 0.00370128 -0.00202563
0.00625631 0.191693 0.446522 -0.00142388 0.0024141 -0.00178347
-0.00431935 0.24984 0.522528 -0.00244518 0.00315097 -0.00192727
-0.0264429 0.229892 0.484809 -0.0014933 0.00227969 -0.00223794
0.0385125 0.475281 0.559191 -0.00528545 0.00324959 -0.00134527
0.0349376 0.428103 0.623167 -0.00512793 0.00379314 -0.00164668
0.0226627 0.416146 0.508561 -0.0025913 0.00313188 -0.00156863
0.0161334 0.512115 0.594218 -0.00368455 0.00368978 -0.00177688
0.00561045 0.477068 0.618504 -0.00409212 0.00326876 -0.00241174
0.0119679 0.264518 0.444027 -0.00142999 0.0025835 -0.00186218
-0.00243637 0.342998 0.560067 -0.0031027 0.0028712 -0.00260941
0.00615965 0.32659 0.633207 -0.00434393 0.00262202 -0.00285941
0.0091553 0.262307 0.609507 -0.00368016 0.00294261 -0.00255116
-0.0377376 0.315749 0.404521 -0.00103195 0.00273192 -0.00275132
0.00120108 0.523967 0.690133 -0.0042202 0.00383148 -0.00252818
0.0149569 0.541123 0.706994 -0.00435372 0.0035431 -0.00285941
0.0127409 0.50819 0.657593 -0.00382647 0.00311234 -0.00280534
-0.00985581 0.335923 0.468373 -0.00122744 0.00232304 -0.00234891
-0.0105214 0.452011 0.552787 -0.00280731 0.0029 -0.00285941
-0.0236492 0.430969 0.611934 -0.00378472 0.00321971 -0.00344097
-0.00599143 0.475896 0.623469 -0.00325108 0.0030572 -0.00354064
-0.0069461 0.406787 0.654766 -0.0027011 0.0033381 -0.00359318
-0.00260909 0.410444 0.582432 -0.00342555 0.00353214 -0.00286354
-0.0112155 0.4156 0.685106 -0.00400634 0.00406741 -0.00286354
0.00567889 0.434913 0.647727 -0.00415763 0.00345845 -0.00307131
0.0150169 0.282966 0.509826 -0.00297125 0.00289878 -0.00251124
0.0198871 0.354912 0.588788 -0.00290745 0.00370645 -0.00270567
0.012846 0.344743 0.610142 -0.00325217 0.00344592 -0.00286354
-0.00755963 0.43426 0.646712 -0.00398075 0.00301358 -0.00324029
-0.0140213 0.27674 0.517952 -0.00251647 0.00249216 -0.00306068
-0.00867709 0.323606 0.551581 -0.0031024 0.00296237 -0.00353914
-0.0365794 0.383167 0.450995 -0.00135721 0.00280892 -0.00361765
-0.0275493 0.445955 0.539191 -0.00258439 0.00278805 -0.00353914
-0.024028 0.417323 0.407111 -0.006512 0.00295637 -0.00270569
0.0252129 0.330366 -0.00143868 -0.0104694 0.00343868 -8.624e-05
0.0177639 0.357517 0.114457 -0.0093305 0.00366069 -0.0003977
0.0183583 0.428085 0.176955 -0.00938233 0.00343868 -0.0008229
0.0548115 0.493708 0.259583 -0.00887 0.00361662 -0.00139446
0.047114 0.339628 0.257273 -0.0080294 0.00343868 -0.0012113
0.0305897 0.345421 0.294003 -0.00851195 0.0036751 -0.00123087
0.0144408 0.454852 0.32112 -0.00944565 0.00382813 -0.00172734
0.00435809 0.355088 0.30378 -0.00804571 0.00384869 -0.00147734
-0.0158447 0.398235 0.35991 -0.00802617 0.00402698 -0.00172734
-0.0157077 0.490082 0.435036 -0.00881208 0.00465181 -0.00240068
-0.00148662 0.471055 0.389191 -0.00831833 0.00454928 -0.00215068
0.00569869 0.357198 0.38441 -0.00696072 0.00452302 -0.00173891
0.00321136 0.39772 0.417391 -0.00737692 0.00444179 -0.00166614
-0.0192991 0.520341 0.463941 -0.00857463 0.00424282 -0.00214585
-0.0544574 0.49386 0.507914 -0.0087908 0.00464934 -0.00298359
-0.0518759 0.455277 0.524167 -0.0101809 0.00576604 -0.00259093
-0.0480033 0.390379 0.412831 -0.0087742 0.00608161 -0.00202178
-0.0393449 0.304962 0.487514 -0.00850773 0.00649807 -0.00210006
0.000345 0.38411 0.48799 -0.00751778 0.00661403 -0.00155465
0.00271793 0.351565 0.548142 -0.00765324 0.00737056 -0.00100773
-0.0351711 0.351112 0.474053 -0.0056811 0.00768975 -0.00142655
-0.130602 0.273005 0.207209 -0.00020041 0.00570511 -0.00231866
-0.100888 0.514095 0.315433 -0.00231307 0.00568747 -0.00231866
-0.059942 0.388649 0.351859 -0.00322423 0.00645022 -0.00135872
-0.0444995 0.406096 0.447745 -0.00441945 0.00738282 -0.00106594
-0.0621799 0.388521 0.49658 -0.00429218 0.00729015 -0.00145236
-0.0559083 0.430303 0.54854 -0.00505252 0.00716575 -0.00171518
-0.0737604 0.272148 0.50196 -0.00288482 0.00847502 -0.00161593
-0.0858242 0.34098 0.59772 -0.0043737 0.00792529 -0.00196282
-0.0731506 0.373873 0.606882 -0.00455682 0.00734377 -0.00209622
-0.0574223 0.223823 0.412367 -0.00087587 0.0078012 -0.00129674
-0.0849973 0.340893 0.50651 -0.00295337 0.00819142 -0.00164609
-0.0798045 0.347042 0.532713 -0.00353186 0.00749418 -0.00172943
-0.074741 0.395145 0.537017 -0.00354128 0.00718185 -0.00184622
-0.0705372 0.332276 0.41412 -0.00169344 0.00620411 -0.00198248
-0.0691426 0.434755 0.482853 -0.00293492 0.00737637 -0.00172126
-0.0866209 0.359047 0.542269 -0.00397131 0.00707091 -0.00211926
-0.0549517 0.449271 0.608482 -0.00554647 0.00700998 -0.0025822
-0.0244988 0.375045 0.606847 -0.00497808 0.0067588 -0.00221849
-0.057301 0.17561 0.435386 -0.00227343 0.00630284 -0.00163125
-0.0555176 0.268203 0.435937 -0.00358325 0.00672957 -0.00142204
-0.0829643 0.265264 0.484726 -0.00338995 0.00702592 -0.0017566
-0.063494 0.388256 0.509077 -0.00475697 0.00690428 -0.0015066
-0.0529728 0.385602 0.557355 -0.00449961 0.00706929 -0.0017566
-0.0412423 0.319178 0.409356 -0.00092658 0.0059598 -0.00130781
-0.0343842 0.369478 0.452064 -0.00283141 0.00696083 -0.00170637
-0.0390612 0.356828 0.527059 -0.0033521 0.0072522 -0.00185376
-0.039344 0.402459 0.577676 -0.00364345 0.00735771 -0.0017566
-0.0558426 0.346946 0.539616 -0.00451287 0.00726359 -0.0017566
-0.0531199 0.672677 0.815775 -0.00387992 0.00828386 -0.00209233
-0.0429515 0.558474 0.978884 -0.00612983 0.00835651 -0.00201249
0.00243805 0.61407 0.83076 -0.0051629 0.00693405 -0.0017566
0.00266285 0.484541 0.770011 -0.00395312 0.00707406 -0.00159687
-0.0376524 0.301698 0.561211 -0.00118968 0.00718728 -0.00118173
-0.0523046 0.468498 0.589121 -0.00198919 0.00749985 -0.0017566
-0.0581607 0.420274 0.585561 -0.00193076 0.00718728 -0.00219767
-0.0574689 0.535002 0.664007 -0.00348377 0.00726116 -0.00191812
-0.0754444 0.542865 0.723821 -0.0046553 0.00747271 -0.00198809
-0.0812933 0.553237 0.55687 -0.00125731 0.00588377 -0.00174493
-0.0568307 0.465187 0.435123 -0.00024809 0.00573994 -0.00149348
-0.0664153 0.5294 0.378844 0.00050159 0.00576404 -0.00159745
-0.0397828 0.321036 0.331086 0.0024819 0.00598978 -0.00136509
-0.0438875 0.387912 0.419345 -0.00097948 0.00527026 -0.00164653
-0.0582518 0.37981 0.490087 -0.00131795 0.00613307 -0.00210379
-0.0752124 0.32295 0.412863 -4.903e-05 0.0052495 -0.00197564
-0.0837103 0.431214 0.505298 -0.00107343 0.00652155 -0.0016847
-0.114889 0.399721 0.530379 -0.00187144 0.00652155 -0.00210379
-0.112853 0.423575 0.566743 -0.00233017 0.00629329 -0.00210379
-0.0884693 0.339048 0.493562 -0.0011583 0.00604303 -0.00157295
-0.0858962 0.474167 0.510836 -0.0018115 0.00605132 -0.00158866
-0.116133 0.468601 0.482205 -0.00270946 0.00592409 -0.00210379
-0.0849559 0.36249 0.371186 -6.21e-06 0.00607353 -0.00092806
-0.111442 0.402306 0.473073 -0.00113073 0.00607353 -0.0012965
-0.117621 0.41633 0.525816 -0.00368127 0.00607353 -0.00183093
-0.123226 0.419722 0.549788 -0.00350699 0.00540543 -0.00265492
-0.132473 0.251952 0.372816 -0.00045218 0.00481931 -0.0021271
-0.131345 0.330335 0.42281 -0.00167866 0.00536358 -0.00262307
-0.141685 0.252931 0.460809 -0.00164393 0.00535928 -0.00282003
-0.131005 0.470951 0.462588 -0.00187825 0.00530104 -0.00265391
-0.12689 0.394547 0.320483 0.00104902 0.00516789 -0.00200852
-0.12285 0.536761 0.35764 0.00028595 0.00479368 -0.00206238
-0.119197 0.472814 0.394464 5.675e-05 0.00482784 -0.0019896
-0.0808213 0.419606 0.240721 0.00343807 0.00453123 -0.00112097
-0.0822976 0.407176 0.314393 0.00152341 0.00546485 -0.00103161
-0.0838437 0.427591 0.375516 0.0003348 0.00503682 -0.00154674
-0.0912158 0.416012 0.379432 8.991e-05 0.00447226 -0.00203577
-0.0857874 0.176943 0.276423 0.00112898 0.00426133 -0.00154674
-0.0978342 0.257101 0.323415 0.00063531 0.00575655 -0.00210244
-0.0988384 0.285284 0.27053 0.00241611 0.00496485 -0.00210032
-0.0975796 0.509449 0.341645 0.00014751 0.00596837 -0.00166024
-0.0954492 0.509576 0.367383 -0.00039673 0.0061473 -0.00117417
-0.0829004 0.354402 0.263541 0.00211246 0.0055193 -0.00127215
-0.099913 0.406357 0.29935 0.00018731 0.00634861 -0.00164795
-0.105501 0.447888 0.325321 -5.449e-05 0.00598088 -0.00198174
-0.0859511 0.480858 0.370698 -0.00091191 0.00538924 -0.00237211
-0.0741147 0.289645 0.268725 0.00183249 0.00529542 -0.00193998
-0.0683221 0.331508 0.301649 0.00086061 0.00625789 -0.00192967
-0.0577223 0.194469 0.33768 0.00049803 0.00613063 -0.00149218
-0.0665289 0.252404 0.35449 0.00067793 0.00642888 -0.00193063
-0.0842745 0.318366 0.375515 0.00119111 0.00579197 -0.00225076
-0.0898226 0.363201 0.307729 0.00211526 0.00603981 -0.00177013
-0.100172 0.59124 0.384283 0.00069715 0.00626429 -0.0020583
-0.0970245 0.477227 0.417308 0.00034902 0.0057805 -0.00212211
-0.109168 0.466283 0.307856 0.00198038 0.00582259 -0.00171977
-0.11909 0.568708 0.368812 0.0016664 0.00572593 -0.0021866
-0.100045 0.545809 0.354938 0.00057577 0.00504816 -0.00292787
-0.11171 0.341957 0.244047 0.00145326 0.00488887 -0.00270956
-0.0880631 0.319959 0.279938 0.00092365 0.0054835 -0.00209465
-0.0860516 0.229423 0.328707 0.00055624 0.00548349 -0.00210128
-0.0789258 0.336757 0.353318 -0.00034057 0.0054835 -0.00257344
-0.0977007 0.300313 0.346691 0.00042974 0.00523349 -0.00269025
-0.142569 0.248919 0.301498 0.00072299 0.00584638 -0.00254978
-0.124649 0.404302 0.35955 -0.00023442 0.00595955 -0.0028395
-0.119907 0.39598 0.33093 0.00046266 0.00564345 -0.00246681
-0.143009 0.514572 0.317743 0.0008163 0.00598064 -0.0027411
-0.126848 0.527928 0.388148 -0.0001342 0.00539099 -0.00326871
-0.114174 0.316935 0.255417 0.00114747 0.00537206 -0.00240612
-0.100026 0.376466 0.286372 0.00099282 0.00597053 -0.0023756
-0.103772 0.230573 0.32507 0.00043906 0.00590512 -0.00234429
-0.0969533 0.182377 0.284131 0.00145899 0.00599016 -0.00245831
-0.133513 0.363691 0.286368 0.00124398 0.00582617 -0.0028395
-0.122259 0.393386 0.301732 0.00034334 0.00584148 -0.00289709
-0.109722 0.402306 0.324822 0.00014975 0.00597017 -0.00292981
-0.11764 0.308218 0.346598 0.00023792 0.00659371 -0.0028395
-0.0526477 0.257498 0.142843 0.00550498 0.00590541 -0.00187207
-0.0424723 0.340217 0.149722 0.00331548 0.00576465 -0.00070977
-0.0897508 0.347348 0.247268 0.0018919 0.00466472 -0.00194369
-0.109339 0.352725 0.210995 0.00260053 0.00446201 -0.00232042
-0.114116 0.430128 0.215314 0.00252762 0.00481631 -0.00259058
-0.111561 0.393579 0.247041 0.00181921 0.00423656 -0.00260398
-0.0905616 0.360344 0.274174 0.00181286 0.00457954 -0.0025551
-0.1153 0.294431 0.228516 0.00219461 0.00454497 -0.00225683
-0.117051 0.438744 0.278865 0.00193621 0.00474921 -0.00244164
-0.118691 0.39443 0.338437 0.00092279 0.0045481 -0.00256467
-0.12071 0.337404 0.373532 0.00052088 0.00465389 -0.00263106
-0.114526 0.310048 0.390127 0.00088126 0.00456333 -0.00263364
-0.11321 0.354043 0.274061 0.00196481 0.00441266 -0.00212292
-0.0984531 0.437028 0.300082 0.0012607 0.00438439 -0.00244164
-0.0991482 0.382211 0.34732 0.00109738 0.0043645 -0.00270947
-0.0784796 0.359537 0.270811 0.0019201 0.0044946 -0.00200964
-0.10052 0.417892 0.29329 0.00134649 0.00511356 -0.00238819
-0.111052 0.335499 0.320029 0.00066272 0.00475641 -0.00244164
-0.117847 0.324509 0.323887 0.00068505 0.00517072 -0.00260478
-0.113512 0.341482 0.33673 0.00077964 0.00496135 -0.0029928
-0.0984575 0.31205 0.240909 0.00232824 0.00428374 -0.00212898
-0.110751 0.445162 0.277429 0.00084449 0.00481982 -0.002793
-0.105281 0.392618 0.321337 0.00074093 0.00498097 -0.00279221
-0.107413 0.434402 0.334518 0.00044493 0.00455163 -0.00279238
-0.087863 0.349078 0.244256 -0.00076887 0.00449612 -0.00255677
-0.106512 0.438084 0.350847 -0.00171873 0.00525143 -0.00276871
-0.0886305 0.41556 0.390644 -0.00188275 0.00485966 -0.00253487
-0.0713065 0.339709 0.244591 0.00094664 0.00389642 -0.00206326
-0.0742517 0.368247 0.244893 -0.00023092 0.00474431 -0.00196155
-0.0657101 0.308981 0.310789 -0.00069631 0.00456272 -0.00202607
-0.067733 0.416043 0.331339 -0.001217 0.00450969 -0.00274009
-0.0660282 0.368942 0.330538 -0.00051517 0.00456272 -0.00283591
-0.0820491 0.261006 0.24105 0.00072751 0.00438366 -0.00222702
-0.0602388 0.38198 0.289172 -0.00032056 0.00474101 -0.00207617
-0.0712656 0.380099 0.331214 -0.00021559 0.00486278 -0.0023086
-0.0951422 0.335523 0.213621 -0.00063313 0.00548586 -0.00116361
-0.109345 0.454753 0.221417 -0.00092533 0.00551737 -0.00192999
-0.109161 0.577173 0.295818 -0.00194463 0.00495045 -0.00292314
-0.110086 0.667481 0.310273 -0.00250032 0.00465099 -0.00355135
-0.0897664 0.386348 0.205197 -0.00024011 0.00414867 -0.00218595
-0.114205 0.427568 0.260467 -8.561e-05 0.00434421 -0.00277296
-0.0940343 0.33313 0.326793 -0.00069257 0.00427864 -0.00242047
-0.104124 0.411812 0.354252 -0.00131668 0.00416275 -0.00292314
-0.113769 0.328881 0.326144 -0.00063551 0.00465099 -0.00292314
-0.0987254 0.298887 0.328258 6.509e-05 0.00418296 -0.00212445
-0.110395 0.395043 0.292221 0.00022641 0.00470103 -0.00245091
-0.109168 0.445505 0.343228 -0.00018873 0.0043694 -0.0026767
-0.097884 0.508784 0.382223 -0.00033196 0.00440099 -0.00270365
-0.0927795 0.544934 0.465698 -0.00240421 0.00471717 -0.00266022
-0.115563 0.674933 0.492998 -0.00262835 0.00364524 -0.0036691
-0.165365 0.602007 0.598195 -0.00279671 0.00355384 -0.0049945
-0.0905285 0.49258 0.579856 -0.0067385 0.0041466 -0.0062424
-0.0544425 0.360561 0.487038 -0.00678806 0.00566654 -0.00623467
-0.161801 0.182725 0.311692 -0.00458985 0.00565589 -0.00718941
-0.175722 0.10085 0.328553 -0.00426774 0.00606048 -0.00658818
-0.176142 0.152153 0.347463 -0.00388963 0.00675557 -0.00585069
-0.195918 0.0386608 0.0131737 0.0003077 0.00538929 -0.00417224
-0.212103 0.361172 0.0305306 -0.00172483 0.00641002 -0.00494051
-0.206326 0.428328 0.181441 -0.00241093 0.00641002 -0.00504312
-0.207243 0.486086 0.276605 -0.00330245 0.00666283 -0.00550098
-0.20932 0.527799 0.352443 -0.00394301 0.00703495 -0.00544236
-0.205269 0.467544 0.410076 -0.0041982 0.00702717 -0.00522135
-0.198722 0.428658 0.438711 -0.00326794 0.00670215 -0.00508429
-0.199161 0.36788 0.462892 -0.00357678 0.00700661 -0.00522135
-0.210772 0.33175 0.479757 -0.00339467 0.00695466 -0.00522135
-0.216371 0.369441 0.551948 -0.00633535 0.00748032 -0.00522135
-0.229099 0.390142 0.515749 -0.00648663 0.00685422 -0.0057528
-0.2417 0.296314 0.503765 -0.00491827 0.00688125 -0.00529489
-0.197737 0.361399 0.5328 -0.0044882 0.00670794 -0.00507096
-0.207921 0.488201 0.580369 -0.00579918 0.00641001 -0.00558717
-0.20888 0.56209 0.56192 -0.00629079 0.00600397 -0.00605198
-0.20705 0.502986 0.568905 -0.00530233 0.00641001 -0.00577045
-0.21568 0.497056 0.602276 -0.00449441 0.00659841 -0.00565821
-0.225367 0.512061 0.620552 -0.00458164 0.00653121 -0.00595698
-0.221451 0.479249 0.628604 -0.00427939 0.00678844 -0.00589097
