-3.105e-05 0.346212 0.270563 0.00074083 9.612e-05 -2.778e-05
0.0333317 0.320389 0.282953 -0.00063022 0 -0.00074879
0.0428102 0.38986 0.244648 -0.00058323 -0.00015308 -0.00085105
0.0434331 0.504693 0.233451 0.00053209 7.137e-05 -0.00098694
0.0297279 0.522075 0.319197 -0.00064397 -0.00025382 -0.00083939
-0.0454959 0.442391 0.0524631 -0.00105046 -0.00154698 -0.00022631
0.0232412 0.42631 0.228485 -0.00191731 -0.00090269 -0.00058718
0.0273998 0.368816 0.223368 -0.00162116 -0.00099286 -0.00092995
0.0247818 0.380536 0.216535 -0.00187112 -0.00119149 -0.00131665
0.0186191 0.401006 0.120688 -5.596e-05 -0.00013474 -0.00081639
0.00568058 0.282422 0.017543 0.0009937 0.00107152 0.00109098
-0.042258 0.346368 0.598146 -0.00151515 -0.00122293 0.00152255
0.0471083 0.474212 0.650695 -0.00196061 -0.00125817 0.00053123
0.0941623 0.503764 0.499535 -0.00187454 -0.00016442 -0.00024996
0.106369 0.650463 0.451451 -0.00175548 3.607e-05 0.00015138
0.105883 0.6195 0.467861 -0.00196791 -0.00013544 0.0004364
0.0946867 0.52133 0.434401 -0.00255245 0.0001296 0.00018632
0.0895811 0.564281 0.444972 -0.0027186 0.0002611 -1.826e-05
0.0828048 0.584162 0.459475 -0.00231343 0.0002611 5.364e-05
0.0846344 0.537824 0.530705 -0.0037456 2.283e-05 1.097e-05
0.09336 0.503121 0.527286 -0.00302339 0.00010242 0.00029358
0.0892579 0.487421 0.507016 -0.00309217 -0.00016801 0.00018383
0.0701378 0.461068 0.453562 -0.00303262 -0.00015344 -0.0002184
0.082136 0.599712 0.502569 -0.00323689 -0.00012832 0.00025358
0.0787593 0.575634 0.551726 -0.00453092 6.985e-05 6.858e-05
0.0723119 0.491735 0.532148 -0.00482584 -9.697e-05 -0.00019944
0.135379 0.487063 0.260629 -0.00269428 0.00083296 0.00066145
0.101251 0.321398 0.238295 -0.00353367 0.00110908 0.00016621
0.0693515 0.540905 0.328292 -0.00539029 0.00099927 -0.0007458
0.0817287 0.419623 0.347005 -0.00462513 0.00058402 -0.00050177
0.113976 0.349546 0.00248521 0.00129518 0.00066338 3.434e-05
0.113151 0.243955 0.0307775 0.00086443 0.00058402 0.00034182
0.0802601 0.432395 0.0856021 0.00098744 0.00082085 -0.00062769
0.0634213 0.362578 0.132151 5.758e-05 0.00075754 -0.00066007
0.052319 0.393825 0.134743 5.758e-05 0.00042199 -0.00073892
0.0470817 0.450144 -0.00158502 0.00028985 0.00033417 -0.00039159
0.060915 0.379488 0.0252288 -0.00111854 0.00067215 -0.0005492
0.0536423 0.43415 0.0493013 0.00025552 0.00091662 -0.00071038
0.0520506 0.327008 0.0531185 0.00095884 0.00017144 -0.00075757
0.10157 0.391565 0.0418086 0.00055148 0.00033881 -0.00053555
0.0504056 0.34234 0.0338932 0.00079832 -0.00014831 -0.00082755
0.0541138 0.423368 0.0220848 0.00042177 8.809e-05 -0.0006485
0.0456768 0.557974 0.0409324 0.00069308 -0.00014831 -0.00080809
0.0217467 0.447978 -0.0319516 -0.00016458 0.00042734 -0.00030602
0.028114 0.412479 0.0189117 0.00028552 0.0001162 -0.00041692
0.00344829 0.329061 -4.331e-05 0.00012392 -0.00014831 -0.00072262
0.0320053 0.298947 0.0139443 0.00027591 -3.744e-05 -0.00069575
0.041342 0.334306 0.0189059 0.00028898 4.765e-05 -0.0007086
0.0104029 0.247015 0.018614 0.00040224 3.561e-05 -2.832e-05
0.0295282 0.269591 0.0118678 0.00020914 -0.00014831 -0.00064584
0.0172097 0.467558 0.0342741 0.00032934 3.517e-05 -0.00071434
0.0220815 0.433407 0.0348042 0.00025362 -0.00014831 -0.00096038
0.00540162 0.427848 0.0188999 0.00027142 4.609e-05 -0.00010049
0.00012309 0.402416 0.0159494 0.00016082 -0.00020572 -0.00124502
-0.00673371 0.518042 0.0189502 0.00024949 -0.00014831 -0.00140992
-0.00141083 0.504761 0.0231572 0.00033004 -0.00014831 -0.00138051
-0.0004994 0.400193 -0.00387143 -1.764e-05 -6.835e-05 -0.00052663
-0.00484361 0.283859 0.0187936 0.00033004 -7.601e-05 -0.00060739
-0.0062885 0.29624 0.0210372 0.00028537 -0.00014831 -0.00067557
-0.00644007 0.282386 -0.00986296 -0.00016723 4.654e-05 0.0001091
0.00499041 0.321133 0.0190059 0.00023479 -0.00014831 -0.0003027
0.0136625 0.356302 0.0259257 0.00028836 -0.00014831 -0.00069739
0.00814484 0.358428 0.0187469 0.00033165 -0.00014831 -0.00142809
0.0113953 0.325066 -0.113225 0.00116497 -0.00048652 -0.00093636
0.0062621 0.409489 -0.0409311 -0.00058152 -0.00014831 -0.00135663
0.0221386 0.415719 -0.23727 0.00473713 -0.00032113 -0.00079511
-0.0139937 0.298086 -0.187027 0.00456874 -0.0003133 -0.00031844
-0.0364904 0.205785 -0.0600723 0.00333759 -0.00057113 -0.00073692
-0.0212949 0.17165 0.0362263 0.00198571 -0.00037291 -0.00155981
0.00079342 0.141028 -0.102599 0.00443762 -0.00029089 -0.00018342
0.0268015 0.164516 -0.0421824 -0.00073102 0.00018496 -0.00061859
0.0127895 0.335244 0.0131064 0.00091183 -0.00057376 -0.00145606
-0.00501773 0.263872 0.00144484 6.278e-05 -3.699e-05 -0.00165768
-0.0169127 0.378617 -0.00820498 -0.00033613 -0.00013567 -0.00200409
-0.0163237 0.31317 -0.0710193 0.00222462 0.00011645 -0.00179742
-0.035616 0.209526 -0.00496748 0.00029325 -0.00047851 -0.00259025
-0.0325036 0.383169 -0.00403306 -3.617e-05 -0.00014084 -0.00249997
-0.044495 0.353014 -0.00745705 -0.00022715 -7.83e-06 -0.00263547
-0.0440954 0.357762 -0.00285959 -0.00021159 -2.387e-05 -0.00301801
-0.0185556 0.200038 -0.0686497 -4.939e-05 -0.00014453 -0.0017496
-0.0135711 0.254138 -0.0348072 -0.00108397 -0.00088903 -0.00149591
-0.0147914 0.349056 0.0116 -0.00078898 -0.00113101 -0.00156493
-0.055254 0.356398 0.0135481 -0.00099072 -0.00140576 -0.00265864
-0.0493566 0.439821 -0.00596594 -0.00079179 -0.00074487 -0.00244041
-0.0410714 0.356199 -0.124751 -0.00055162 -0.00100332 -0.00157607
-0.0358364 0.304042 -0.0402799 -0.00075176 -0.00012181 -0.00225702
-0.0322882 0.432453 -0.0205364 -0.00087704 -0.00072815 -0.00241575
0.0104243 0.364735 -0.0790565 -0.00017065 -0.00128487 -0.00200702
0.0471738 0.30577 -0.0471392 -0.00087704 -7.547e-05 -0.00118009
0.0202666 0.360226 -0.0476159 -0.00071723 -0.00030078 -0.00143091
-0.0114181 0.235228 -0.0714929 -0.00101456 -0.00030078 -0.00200703
-0.0124249 0.296812 -0.100153 -0.00146345 -0.0003652 -0.00235608
-0.0275691 0.411827 -0.15234 -0.00045116 -0.00030078 -0.00177557
-0.0311697 0.333514 -0.0826957 -0.00132755 -0.00010969 -0.00229444
-0.0373027 0.444859 -0.0804516 -0.00087704 -0.00030078 -0.00216955
-0.0279804 0.283584 -0.169963 0.00075979 -0.00030078 -0.00142601
-0.00558884 0.337577 -0.0660717 -0.00123365 -1.084e-05 -0.00148854
-0.0055521 0.394517 -0.0494178 -0.00107967 -5.078e-05 -0.00186973
0.00147233 0.372513 -0.0353754 -0.00072163 -5.078e-05 -0.00174222
-0.0168817 0.272296 -0.0804186 -2.431e-05 -0.00030078 -0.00082997
7.002e-05 0.311851 -0.0543725 -0.00094071 0.00013824 -0.00127066
-0.00057014 0.409211 -0.0329031 -0.00063359 7.73e-06 -0.00141699
-0.00191667 0.402338 -0.0288621 -0.0007152 -0.00030078 -0.001688
-0.0167062 0.364204 -0.0594288 -0.00114218 -0.00013438 -0.0022936
-0.0240045 0.436549 -0.143867 -0.00085386 -0.00030078 -0.00169117
-0.00623048 0.284733 -0.0672387 -0.00150499 -0.00108024 -0.00129444
-0.00771606 0.210614 -0.27794 -0.00103514 -0.00075956 -0.00089484
-0.0107338 0.214146 -0.334473 0.00090288 -0.0011339 -0.00097477
0.012505 0.176657 -0.270275 -0.00027073 0.000212 -0.00096758
-0.0103431 0.415988 -0.156697 -0.00104146 0.000212 -0.00144473
-0.00520002 0.30603 -0.119379 -0.00171921 -0.00014267 -0.00150302
-0.0148363 0.340654 -0.341228 0.00040472 -0.00016129 -0.00082722
-0.0114631 0.201842 -0.257032 -2.074e-05 -5.101e-05 -0.00147542
-0.0116847 0.309848 -0.263341 6.098e-05 -0.00025206 -0.00187871
-0.0100959 0.288218 -0.2482 -0.00029575 -7.436e-05 -0.00201601
-0.0111492 0.317177 -0.387918 0.00234591 -0.00048657 -0.00138933
0.0104445 0.30554 -0.241221 0.00018798 0.00047609 -0.00117635
0.0169232 0.350492 -0.220801 -4.96e-05 0.00013131 -0.00126353
0.0155762 0.333701 -0.573697 0.00655039 6.998e-05 -0.0007808
-0.0164543 0.276934 -0.326135 0.00133801 0.0007725 -0.00138126
-0.038458 0.202156 -0.23795 0.00033775 2.078e-05 -0.00221831
-0.0373188 0.242466 -0.175484 -0.00046352 -0.00011869 -0.00231407
-0.0150215 0.278615 -0.417576 0.00715969 -0.00133238 -0.00164214
-0.0260056 0.252863 -0.252397 0.00210609 -0.00056768 -0.00208716
-0.0386852 0.374667 -0.163211 0.00126372 -0.00042866 -0.00239305
-0.0163708 0.340667 -0.238137 0.00228021 -0.00014628 -0.00176399
-0.0330844 0.294425 -0.156163 0.00060373 -0.00014628 -0.00204968
-0.029683 0.220325 -0.12006 -0.00088196 -0.00052273 -0.00267256
-0.0265676 0.320898 -0.143954 -0.00070896 -0.00086279 -0.00303313
-0.00926469 0.357122 -0.231751 0.00254928 -0.00142571 -0.0023196
-0.00920602 0.298788 -0.072774 -0.00088592 -0.00064841 -0.00255323
-0.0247259 0.413957 -0.06148 -0.00096713 -0.00050029 -0.00314257
-0.0278461 0.392578 -0.0634109 -0.00110991 -0.00020225 -0.00314257
-0.0360774 0.372665 -0.0593489 -0.00107005 -0.00037767 -0.00314257
-0.0245923 0.294732 -0.152026 0.00133167 -0.00099218 -0.00249225
-0.0365787 0.240428 -0.089421 5.445e-05 -0.00088351 -0.00314257
-0.0485058 0.286199 -0.103545 0.00031697 -0.00086104 -0.00366295
-0.0213587 0.29801 -0.204288 0.00154424 -0.00071435 -0.00260585
-0.0290823 0.262423 -0.140501 0.00041422 -0.00082243 -0.00319952
-0.0286679 0.343515 -0.130432 -0.00081507 -0.00082243 -0.00319952
-0.0313254 0.357341 -0.186157 -0.00064012 -0.00082243 -0.00345336
-0.0385694 0.498829 -0.166616 -0.00028568 -0.00082243 -0.00400459
-0.0138305 0.35808 -0.327205 0.00281643 -0.00154654 -0.00280966
0.00692887 0.251028 -0.196988 0.00014699 -0.00057707 -0.00260583
-0.0145521 0.370138 -0.157461 -0.0001919 -0.00072963 -0.00335254
-0.019169 0.311571 -0.182053 0.00066133 -0.00096317 -0.00333556
-0.0156039 0.248317 -0.230677 0.00103616 -0.00087904 -0.00292227
-0.00030247 0.173238 -0.147058 -0.00042985 -0.00057707 -0.00274616
-0.0129707 0.252216 -0.139979 -0.00181502 -0.00091484 -0.00299421
-0.0033101 0.353526 -0.142094 -0.00134151 -0.00117637 -0.00314501
-0.00145807 0.389044 -0.258114 0.00020096 -0.00100563 -0.00257933
0.0142927 0.359211 -0.194189 -0.00066954 -0.00057707 -0.00257052
0.0057704 0.411771 -0.195645 -0.00058013 -0.00066398 -0.00302628
-0.00219419 0.405273 -0.175222 -0.00134936 -0.00076731 -0.00296466
-0.00459217 0.350789 -0.271049 0.0003199 -0.00071257 -0.00248382
0.00150755 0.218472 -0.300902 0.0004426 -0.00090732 -0.00233086
-0.00880207 0.267489 -0.391205 0.00288893 -0.00101332 -0.00244322
0.0149407 0.128789 -0.382329 0.00306801 -0.00057707 -0.00176064
0.0252461 0.185835 -0.249468 0.00075416 -6.477e-05 -0.00226514
0.00246358 0.270577 -0.202907 -0.00034954 -0.00019806 -0.00242516
0.00973024 0.29222 -0.313818 0.00188103 -0.00050121 -0.00212878
0.0142067 0.263215 -0.199509 0.00013526 -0.0005232 -0.00240416
0.0117206 0.30805 -0.181635 -0.00109079 -0.00084366 -0.00255381
0.00908122 0.396756 -0.20487 -0.00117743 -0.00095537 -0.00300313
-0.0128864 0.545681 -0.182098 -0.00026608 -0.00053186 -0.00321597
-0.00566097 0.484551 -0.327854 0.00343726 -0.00070143 -0.00268031
0.00466094 0.310485 -0.194588 0.00036911 -0.00070143 -0.00277807
0.00112256 0.3001 -0.189377 0.00030426 -0.00070143 -0.00298389
0.00485271 0.288809 -0.178947 -0.00035252 -0.00082592 -0.00288833
0.00168039 0.360567 -0.16593 -0.00026242 -0.00062081 -0.00310191
-0.0123658 0.289315 -0.157933 -0.00086921 -0.00070143 -0.00328505
-0.0186086 0.349384 -0.112739 -0.00167265 -0.0003307 -0.00315185
-0.0278633 0.420621 -0.133775 -0.0006119 -0.00085721 -0.00328505
-0.0193421 0.33781 -0.101931 -0.00131811 -0.00070143 -0.00328505
-0.00916308 0.495233 -0.119289 -0.00045289 -0.00081718 -0.00311657
-0.00297539 0.42267 -0.0888582 -0.00125259 -0.00045143 -0.0031749
-0.0193421 0.369895 -0.09303 -0.00131811 -0.00070143 -0.00328505
-0.0165661 0.439281 -0.0854408 -0.00054326 -0.00070143 -0.00317133
-0.00463527 0.360726 -0.0868832 -0.00050832 -0.00108478 -0.00328505
-0.0186223 0.13237 -0.0886871 -0.00131811 -0.00045143 -0.0030895
-0.0319022 0.133839 -0.203236 -0.00063265 -0.00052002 -0.00309827
-0.0690069 0.306313 -0.0715509 -0.0010915 -0.00032567 -0.0033667
-0.052153 0.340726 -0.157029 0.00350271 -0.00040003 -0.00252185
0.00149338 0.382196 0.0584829 0.0010959 -0.00015339 -0.00116541
0.039592 0.725066 0.634016 0.00332847 -0.00307019 -0.00188392
0.0397312 0.794203 0.487746 0.00211169 -0.00135344 -0.00239469
0.0259549 0.647825 0.449796 0.00116804 -0.00159549 -0.00171114
0.0172292 0.637738 0.37423 0.00137714 -0.00159549 -0.00179473
0.0444692 0.580421 0.381422 0.00050953 -0.00148548 -0.00170845
0.05103 0.579812 0.408198 0.00050953 -0.00141285 -0.00181172
0.0634113 0.536187 0.414523 0.00016698 -0.00114427 -0.00178072
0.0585962 0.514044 0.392008 -0.00056615 -0.00136214 -0.00214468
0.053507 0.625785 0.399814 -0.0007604 -0.00151817 -0.00275951
0.0543616 0.786238 0.416479 -0.00047003 -0.00141256 -0.00281696
0.0574521 0.765815 0.438663 -0.00025433 -0.00145821 -0.00287835
0.0325036 0.62409 0.160261 0.00019934 -0.00036787 -0.00154413
0.0534918 0.446764 0.253027 -0.0007647 -0.0003672 -0.00135976
0.0551374 0.430594 0.263512 -0.00081751 -0.00048935 -0.00149981
0.0546194 0.475379 0.273514 -0.00141882 -0.0012367 -0.00230059
0.0510369 0.586913 0.270079 -0.00112069 -0.00100586 -0.00202658
-0.00448202 0.496629 0.0289737 -0.00250991 -0.00069993 -0.00205215
0.0225308 0.317827 0.145805 -0.00346442 -0.0009687 -0.00180004
0.061379 0.470563 0.251905 -0.00339019 -0.00124619 -0.00156897
0.0668861 0.493023 0.278091 -0.00331653 -0.000999 -0.00146842
0.0722355 0.531344 0.263655 -0.00293883 -0.00096472 -0.00150625
0.108158 0.431966 -0.0376578 -7.325e-05 0.00061364 0.000344
0.10474 0.426057 -0.100704 -0.00189317 0.00019128 -0.00055745
0.080359 0.444129 0.0170994 -0.00237003 -5.087e-05 -0.00105938
0.0983992 0.525297 -0.0273342 0.00176354 0.00055289 -0.00092804
0.121032 0.530417 0.00625645 -0.00015038 -3.57e-05 -0.00146863
0.100799 0.656624 0.0498939 0.00055166 -1.926e-05 -0.00178172
0.060184 0.518642 0.0416113 0.0009507 1.401e-05 -0.00133786
0.0632269 0.446697 0.0579974 0.00070727 -0.00012363 -0.00093175
0.0813086 0.401065 0.0557687 -5.725e-05 -0.00017761 -0.00156066
0.0826636 0.525841 0.0487957 0.00020105 -0.00028954 -0.00178238
0.0677641 0.624454 0.0994193 0.00045105 -0.00042254 -0.00193908
0.0435895 0.527614 0.092296 0.00159499 -0.00026317 -0.0012455
0.0354263 0.497114 0.0919106 0.00143923 -0.00047145 -0.00175283
0.0340102 0.383645 0.033261 0.00143219 -0.00095426 -0.00204977
0.00867518 0.318203 0.0129883 0.00200415 -0.00071015 -0.0012605
0.0388388 0.304582 0.0736385 0.00119105 -0.00026849 -0.00176522
0.0454172 0.435002 0.0515937 0.00072909 -0.00042383 -0.00196373
0.0528561 0.484678 0.0517361 0.00067852 -0.00042383 -0.00207775
0.0433719 0.636861 0.0675461 0.00087746 -0.00029711 -0.00227559
0.0274567 0.577262 0.048407 0.00182375 -0.00054961 -0.00166635
0.0423511 0.50544 0.0679619 0.00100506 -0.00031761 -0.00166666
0.0440701 0.414176 0.073829 0.0003838 -0.00095763 -0.00212899
0.0531838 0.549588 0.0471507 0.00046958 -0.00051319 -0.00205796
0.0356432 0.502085 0.0325263 0.0009821 -0.00042383 -0.00140648
0.0547968 0.406213 0.0604037 0.00099793 -2.31e-05 -0.00119491
0.0500147 0.487301 0.0867291 0.00121528 -0.00042383 -0.00159786
0.0437148 0.448555 0.0951621 0.00120526 -0.00059525 -0.00184786
0.019558 0.397125 -0.0187162 0.00078757 -0.00069189 -0.00164903
0.0423736 0.397941 0.0404293 0.00071952 -5.43e-06 -0.00184786
0.0348407 0.534248 0.0889464 0.00033896 -0.00066192 -0.00205229
0.039021 0.493141 0.0816671 0.00077746 -0.00052638 -0.00202828
0.0372922 0.438508 0.0366263 0.00125494 -5.43e-06 -0.00101581
0.0674629 0.437017 0.0617715 0.00112003 -5.43e-06 -0.00128824
0.0632522 0.502243 0.0819384 0.00144203 -5.43e-06 -0.00128824
0.0549559 0.494442 0.0170758 0.00139101 -0.00018071 -0.00071128
0.0597379 0.386529 0.0472465 0.00077473 -5.43e-06 -0.00109653
0.0606095 0.552301 0.0256319 0.00035002 -5.43e-06 -0.00130929
0.0509935 0.493956 0.014061 0.00015344 -5.43e-06 -0.00131864
0.16711 0.456643 -0.46947 0.00745923 0.0003014 0.00028456
0.0787968 0.353415 -0.250888 0.0023334 0.00084959 -0.00039358
0.0530608 0.538032 -0.0568191 0.0017567 0.00020952 -0.00081304
0.039531 0.486962 -0.243179 0.00502468 -0.0006131 -0.00047315
0.0480239 0.557151 -0.0928583 0.00283431 0.00014799 -0.00117557
0.0550159 0.599373 0.0200902 0.00119797 -5.96e-06 -0.00131904
0.0432558 0.466804 0.014831 0.00058839 -0.00048903 -0.00166329
-0.00687899 0.487051 -0.217308 0.00436577 -0.00124081 -0.00086546
-0.0402017 0.416338 -0.103821 0.00179872 -0.00133868 -0.00119119
-0.0522824 0.517805 -0.15623 0.00384492 -0.00116546 -0.00204969
-0.0571486 0.425353 -0.0613321 0.00194886 -0.00081916 -0.00189885
-0.04025 0.414532 -0.00927302 0.00125281 -0.00038706 -0.00209995
-0.0188657 0.353525 -0.10969 0.00091158 -0.00042864 -0.00067243
-0.0267427 0.268883 -0.0259952 -0.00039685 8.342e-05 -0.00117388
-0.0276863 0.446812 -0.016779 -0.00039685 -2.766e-05 -0.00150487
-0.0294634 0.415459 -0.0259927 -0.00039685 -2.766e-05 -0.0009967
-0.0145381 0.404173 -0.0259928 -0.00039685 -2.766e-05 -0.00095243
-0.017254 0.500164 -0.0219499 -0.00039685 -2.766e-05 -0.00134479
-0.0166583 0.438214 -0.0237308 -0.00039685 -2.766e-05 -0.00159693
0.00491896 0.441035 -0.111271 0.00269311 9.297e-05 -0.00098716
0.00142399 0.445465 -0.0365284 0.00077093 0.00061752 -0.00144981
-0.00528119 0.569555 -0.0233063 -0.00039685 -2.766e-05 -0.00175487
-0.00919408 0.496828 -0.0259928 -0.00039685 -2.766e-05 -0.00150487
-0.0138538 0.399652 -0.0259927 -0.00039685 -2.766e-05 -0.00178118
-0.0237547 0.313486 -0.0540447 0.00115443 -0.00027766 -0.00109072
-0.0563229 0.286405 -0.0258457 -0.00045153 -2.766e-05 -0.00223404
-0.0454068 0.448387 -0.022938 -0.00039685 -2.766e-05 -0.00191666
-0.070678 0.323514 -0.119721 0.00375726 -8.721e-05 -0.00050718
-0.027767 0.399134 0.0128659 0.00152791 0.00034327 -0.00089958
-0.0327063 0.566679 0.0510757 0.00101254 -0.00024565 -0.00154508
-0.0131634 0.550203 0.0273896 0.00095658 -0.00036536 -0.00152133
-0.00902802 0.491874 0.006009 0.00065918 -0.00046552 -0.00188858
-0.0276606 0.530965 -0.185644 0.00146048 -0.0003979 -0.00128839
-0.0250207 0.449058 -0.0810967 0.0005485 -0.00083746 -0.0017583
-0.0376293 0.423653 -0.179241 0.00322576 -0.00068188 -0.00230794
-0.0282835 0.401966 -0.217007 0.00402902 -0.00055663 -0.00211593
-0.0208624 0.4004 -0.104837 0.00341446 0.0003079 -0.00131875
-0.0166346 0.362698 0.00427554 0.00148146 -3.31e-05 -0.00199963
-0.0132394 0.50081 -0.0111811 0.00209561 -0.00013879 -0.00203061
-0.0290859 0.427931 -0.181153 0.00482477 -0.00056759 -0.00136402
-0.0169359 0.384204 -0.0928446 0.00250167 0.0001747 -0.00180392
-0.0307505 0.577575 -0.0233565 0.00175178 -7.66e-06 -0.00259746
-0.028699 0.573846 0.00836149 0.00176936 -7.862e-05 -0.00253761
-0.00906353 0.475279 -0.16063 0.00342626 -0.00030298 -0.00101912
-0.0213893 0.388905 -0.0379587 0.00132755 -0.00011482 -0.0017348
-0.0374411 0.444879 0.00328795 0.00020182 -0.00033618 -0.0024756
-0.040997 0.407903 0.00546301 0.00020182 -0.00019484 -0.0024756
-0.0570546 0.409438 0.00627322 0.00020182 -0.00024708 -0.00265082
-0.0582987 0.381906 -0.235594 0.00509597 -0.00155693 -0.00196213
-0.037681 0.313753 -0.142745 0.0018672 -0.00085775 -0.00167661
-0.0390056 0.527176 -0.0662665 0.00178059 -0.00057429 -0.00228355
-0.0403974 0.506991 -0.169996 0.00484674 -0.00080559 -0.00155433
-0.0255049 0.477574 -0.0696189 0.00274202 -0.00044706 -0.00199395
-0.0400516 0.513683 -0.036913 0.00197951 -0.00036592 -0.00241114
-0.0403091 0.501464 -0.0430682 0.00199282 -0.00026446 -0.00254051
-0.0309013 0.492133 -0.156676 0.00409453 -0.00066459 -0.0018554
-0.0401227 0.395321 -0.0520475 0.00206741 -0.00039305 -0.00239483
-0.0409558 0.452344 0.00076329 0.00091993 -0.00038258 -0.00271864
-0.0392245 0.468976 -0.147139 0.00371321 -0.00035469 -0.00214074
-0.0276507 0.414874 -0.0922536 0.00231429 -5.83e-05 -0.00225063
-0.0278597 0.552755 -0.0532731 0.00265038 -0.0001473 -0.00256246
-0.0263741 0.540176 -0.0397262 0.00210764 -0.00013088 -0.0024273
-0.0263865 0.538571 -0.0279113 0.00231113 -0.00026446 -0.00227136
-0.028608 0.508586 -0.138466 0.0045289 -0.00013809 -0.00188168
-0.0263366 0.407135 -0.0565768 0.00272704 -0.00026446 -0.00208985
-0.0278916 0.413103 0.00203673 0.0013503 -0.00065277 -0.00253294
-0.0215625 0.477559 -0.0138585 0.00185081 -0.00055444 -0.00273674
-0.022808 0.568701 -0.0807117 0.00397301 -0.00057678 -0.00200396
-0.0121131 0.406637 -0.0395782 0.00295809 -0.00063728 -0.00190924
-0.0141439 0.370879 -0.00813083 0.00104101 -0.0007635 -0.00252127
-0.0332825 0.370853 -0.104294 0.00233173 -0.00082034 -0.00302134
-0.0320027 0.490383 -0.187091 0.00329215 -0.00057713 -0.00292319
-0.0278539 0.477211 -0.277268 0.00503648 -0.00042379 -0.00243741
-0.00864254 0.450481 -0.115825 0.00304556 0.00016523 -0.00243464
0.00178455 0.535692 -0.0188319 0.00102079 -0.00029404 -0.00303574
-0.0177849 0.50316 -0.21522 0.00417118 -0.00104016 -0.00220615
-0.0236485 0.397171 -0.0922807 0.00194568 -0.00042145 -0.00231027
-0.0242418 0.503202 -0.0256327 0.00137298 -0.00039617 -0.00271665
-0.0191537 0.477969 -0.0208719 0.00093691 -0.00049393 -0.00265697
-0.0185173 0.576263 -0.034404 0.00248384 -0.00027017 -0.0026588
-0.0288139 0.547032 -0.290899 0.00622124 -0.00055929 -0.00179679
-0.0340381 0.397954 -0.101958 0.00263532 -0.00075675 -0.0020555
-0.0380034 0.443285 -0.0166366 0.00174401 -0.00048606 -0.00257958
-0.0301693 0.465659 -0.0369672 0.00199811 -0.00057334 -0.00283327
-0.0330003 0.45467 -0.223054 0.00270099 -0.00126637 -0.00228286
-0.022076 0.481914 -0.130981 0.00242227 -0.00064798 -0.00231917
-0.0359574 0.687336 -0.0693434 0.00286146 -0.00043487 -0.00316564
-0.0226134 0.486992 -0.212462 0.00454971 -0.00073583 -0.00170523
-0.0375619 0.363358 -0.0249409 0.00037638 -0.00098583 -0.00265843
-0.0169553 0.322016 -0.0903301 0.00128499 -0.00103304 -0.00200888
-0.0160596 0.274605 -0.123467 0.00193412 -0.00115712 -0.00210732
0.0118232 0.348313 -0.356658 0.00712803 -0.0005915 -0.00128043
-0.00162456 0.371703 -0.189907 0.00339705 0.00012102 -0.0017266
-0.0157671 0.335531 -0.11843 0.00245263 -0.00016088 -0.00198903
-0.0175247 0.393016 -0.0955288 0.00014628 -0.00054794 -0.00251105
-0.036499 0.547306 -0.00549639 -1.353e-05 -0.00011258 -0.0027983
-0.0285736 0.522711 0.0135894 0.00056201 -0.00018501 -0.00263037
-0.0375817 0.428391 -0.0111088 0.00051871 -0.0006183 -0.0030483
0.0184314 0.502636 -0.0270391 0.00119436 -0.00071757 -0.00218638
0.0130986 0.685868 -0.00279099 -0.00011451 -0.00025628 -0.00275383
0.00963509 0.537289 0.0200605 0.00117978 -0.00068187 -0.00247057
0.0105836 0.497161 0.0303137 0.00096792 -0.00055493 -0.0024179
0.00736747 0.437062 0.0276609 0.00079601 -0.00018581 -0.00247566
-0.00766597 0.412053 -0.00494463 -0.00017656 -0.00014004 -0.00263789
-0.00395647 0.411183 0.00585608 -0.00030291 -4.922e-05 -0.00266953
-0.0147194 0.386047 -0.010311 -0.00028335 -4.922e-05 -0.00305136
-0.0199659 0.447776 0.0111289 5.778e-05 -0.0002227 -0.00323577
-0.0232889 0.566602 0.0720765 0.00120677 -0.00023669 -0.00342338
-0.0234317 0.503793 0.0334814 0.00048116 -0.00023669 -0.00305136
-0.0395844 0.4971 0.0294155 0.00024481 -6.766e-05 -0.00344996
-0.0403074 0.60953 0.0509605 0.00078971 -0.00023669 -0.00366889
-0.0334571 0.515886 0.0590054 0.00096333 -0.00023669 -0.00333269
-0.0399643 0.437775 0.0568037 0.00093232 -0.00030588 -0.00353525
-0.0451692 0.514129 0.0594376 0.00078247 -0.00048669 -0.00341889
-0.0576104 0.443391 0.0632198 0.00068232 -0.00072287 -0.00377284
-0.0689788 0.435422 0.0592438 0.00085299 -0.00035297 -0.00394045
-0.0758565 0.478047 0.0900543 0.00131636 -0.00048669 -0.00410431
-0.0768523 0.414911 0.123314 0.0015794 -0.00090354 -0.00429321
-0.0788267 0.529272 0.1434 0.0017272 -0.00115681 -0.00440873
-0.0487868 0.604778 0.150599 0.0017272 -0.00092246 -0.00429321
-0.0373367 0.490664 0.183035 0.00114959 -0.00123577 -0.00429321
-0.0145319 0.462643 -0.0118953 0.00325577 -0.00071964 -0.00234824
-0.021131 0.474405 0.0240098 0.00153703 -0.00048669 -0.00310728
-0.0132329 0.41936 -0.135805 0.00416495 0.0001426 -0.00286489
-0.00030081 0.341836 -0.234615 0.00711408 0.00043022 -0.00202078
0.0160549 0.335506 -0.0332095 0.00341061 0.00040004 -0.0022966
0.00451171 0.416446 0.0383432 0.00196326 -0.00017149 -0.00247482
-0.00025354 0.426593 0.0368603 0.00166969 -0.00020641 -0.00276439
0.00275675 0.563843 0.0411249 0.00208856 5.649e-05 -0.00291331
0.032806 0.559335 -0.174318 0.00562605 0.0003225 -0.00164121
0.0278197 0.461076 -0.0811202 0.00499901 -5.3e-07 -0.00224321
-0.00442612 0.523042 0.0585807 0.00220585 -0.00018543 -0.00301439
-0.00350183 0.515804 0.0590725 0.00128652 -0.00029361 -0.00278227
0.0136492 0.531063 -0.124572 0.00511865 0.00018076 -0.00220944
0.00964088 0.425402 0.0442222 0.0016598 -0.00022673 -0.0025608
0.0104409 0.507439 0.0524085 0.0015382 -0.00022143 -0.00271857
0.0267086 0.461988 -0.241942 0.005763 -1.641e-05 -0.00224877
0.0531861 0.432566 -0.122524 0.00192368 0.00060195 -0.00139277
0.0287999 0.532077 -0.0628602 0.00152262 -0.00028141 -0.00222632
0.0301556 0.385551 -0.0628424 0.00163152 -0.00063603 -0.0024354
0.0179416 0.3992 -0.203847 0.00498094 -0.00043195 -0.00185479
0.0258026 0.464354 -0.0210345 0.00076871 -9.97e-05 -0.00220629
0.00880585 0.559062 -0.027691 0.00121566 -0.00012433 -0.00279697
0.0284306 0.449145 -0.215823 0.00520025 -6.056e-05 -0.0018806
0.0325219 0.404912 -0.0336479 0.00161912 0.00037194 -0.00225574
0.00884129 0.577191 0.0329581 0.00077824 -3.276e-05 -0.00315563
0.00341765 0.571925 0.00794213 0.00012623 0.00023749 -0.00334939
0.00597942 0.536065 0.00834632 0.00013673 -0.00026425 -0.00299792
-0.0210126 0.478837 -0.199115 0.00449791 0.00032066 -0.00315892
-0.0307242 0.300581 -0.00915706 0.00123995 -0.00065239 -0.00316625
-0.0303987 0.41261 -0.0475915 0.0026676 -0.00051704 -0.00336978
-0.0186127 0.366315 0.0258344 0.00072652 -0.00035741 -0.00329846
-0.0386681 0.469828 -0.122232 0.00405032 -0.00101004 -0.00257854
-0.0289051 0.400988 -0.0979255 0.00338988 -0.00065246 -0.00272606
-0.0298456 0.489737 -0.0964583 0.00366114 -8.23e-06 -0.00295184
-0.0330798 0.435993 -0.00031745 0.00155519 -0.0002613 -0.00285744
-0.0327792 0.42303 0.0142679 0.00120641 -0.00034287 -0.0027179
-0.0181254 0.347937 -0.33165 0.00821274 -0.00082471 -0.00173676
-0.00680509 0.325581 -0.130581 0.00365634 -0.00039788 -0.00177056
-0.0169652 0.478406 -0.0431903 0.00269199 -9.541e-05 -0.00232162
-0.00078394 0.489143 -0.270258 0.00767361 0.00016563 -0.00087
0.00119342 0.363847 -0.0305248 0.00456537 -0.0007882 -0.00185307
0.0240145 0.415956 0.0212771 0.00203009 -0.00051541 -0.00204173
0.0263832 0.443464 0.0214671 0.00156914 -0.00069084 -0.00222969
0.0313522 0.56123 -0.00528346 0.00247492 -0.00055332 -0.00227098
0.00942234 0.500419 -0.243426 0.00649744 -0.0005955 -0.00154285
0.0251915 0.389041 -0.107725 0.00342351 -0.00017996 -0.0014196
0.0150614 0.523724 -0.0445167 0.00268259 -0.00011219 -0.00188116
0.00445827 0.490779 -0.0336133 0.00294568 -0.00024215 -0.0020822
-0.00728562 0.423394 -0.129524 0.00488673 -0.00084083 -0.00150102
0.00648491 0.304291 -0.0550428 0.00338494 -0.00052024 -0.00158076
0.00791464 0.4163 -0.0237112 0.0031959 -0.000551 -0.00172619
0.0111874 0.36818 -0.0692053 0.00355935 -0.00086303 -0.0018937
-0.00793721 0.3381 -0.20438 0.0068051 -0.00093702 -0.00167266
0.0165004 0.382972 -0.0738925 0.00334287 -0.00024521 -0.00149258
0.00954206 0.600343 -0.0142938 0.00300371 -0.00052128 -0.00189566
0.0043041 0.403654 -0.119407 0.00529872 -0.00012233 -0.00092331
0.0129547 0.343881 -0.0339576 0.00293409 -0.00010209 -0.00127678
0.0104275 0.403807 -0.0128232 0.00232214 -0.00036724 -0.0015492
0.0139308 0.324693 -0.00235807 0.0019597 -0.00078155 -0.00178549
0.0200214 0.455904 0.00148732 0.00245776 -0.00069924 -0.00182225
-0.00059359 0.489512 -0.190767 0.00669288 -0.0008204 -0.00122139
0.0204952 0.419528 -0.00951493 0.00318512 -0.00022401 -0.00139175
0.0307857 0.437257 0.0386835 0.00169431 -0.0007175 -0.00154871
0.0460255 0.449086 0.0104164 0.00227467 -0.00054014 -0.00159279
0.0298099 0.467349 -0.195749 0.00705962 -0.00100025 -0.00107984
0.0414482 0.381518 -0.0654342 0.00326225 9.165e-05 -0.00091828
0.0278085 0.502822 0.00990957 0.00216604 -0.00017168 -0.00149822
0.0277227 0.455825 0.0123442 0.00235307 -0.00040707 -0.00159278
0.0306745 0.326089 -0.0137192 0.00272178 -0.00023322 -0.00119546
0.0402583 0.377735 0.0194275 0.0008397 -0.00017168 -0.00119177
0.0536084 0.481236 0.0369206 0.00081294 -0.00017168 -0.00149822
0.0443051 0.474222 0.0587337 0.00111033 -0.00017168 -0.00149822
0.0378428 0.495471 0.0586164 0.00115323 -0.00017168 -0.00149822
0.0441025 0.488016 -0.0847278 0.00460641 0.00058576 -0.00077062
0.0498128 0.431731 0.0432227 0.00134286 -0.00041715 -0.0013771
0.0509324 0.489244 0.0847815 0.0016493 -0.0001986 -0.00149822
0.0588476 0.465995 0.0640818 0.00131113 -0.00030438 -0.0016663
0.0385781 0.574445 0.0656467 0.00157719 -0.00034905 -0.00174822
0.0263069 0.415016 -0.14822 0.00400119 8.681e-05 -0.00084281
0.0517316 0.420738 -0.0721957 0.00322488 0.00060483 -0.0010066
0.0416371 0.473394 -0.0340252 0.00227676 0.00023264 -0.00133131
0.0419296 0.467744 -0.041762 0.00276987 3.578e-05 -0.00142055
0.0297699 0.468325 -0.289886 0.00760635 0.00021349 -0.00054487
0.0582035 0.321323 -0.169924 0.00467305 0.00096589 -0.00094256
0.0588376 0.457274 -0.0686417 0.0028949 0.00052932 -0.00087787
0.083856 0.491848 -0.09605 0.00316963 0.00060903 -0.00138944
0.0609888 0.450844 -0.0508305 0.00249764 0.00026735 -0.00082665
0.0624173 0.415264 -0.25058 0.00659118 5.356e-05 -0.00064142
0.06908 0.39275 -0.204601 0.00499542 0.00088747 -0.00103094
0.0636627 0.515484 -0.178633 0.00494776 0.00091568 -0.00117866
0.0374894 0.361639 -0.350944 0.00929093 0.00174738 5.08e-05
0.0548331 0.29721 -0.135423 0.00343443 0.00106566 -0.0004086
0.0543512 0.468206 -0.0831533 0.00368196 0.00070977 -0.00067072
0.0351518 0.44269 -0.196121 0.00541922 0.00066537 -0.00021007
0.0487572 0.402626 -0.11295 0.00418137 0.00066537 -0.00057131
0.0437795 0.43717 -0.127328 0.00392906 0.00029206 -0.0005453
0.0563371 0.535811 -0.387715 0.00877201 8.163e-05 1.78e-05
0.0601466 0.470131 -0.226518 0.00620461 0.00071788 -0.00011993
0.0534881 0.598661 -0.190364 0.00555552 0.00038516 -0.00041772
0.151486 0.451188 -0.657057 0.0154652 -0.00100683 0.00070142
0.11413 0.461335 -0.562679 0.0133791 -0.00017612 3.727e-05
0.0770021 0.466941 -0.286329 0.00733876 9.183e-05 -0.00105221
0.0646927 0.469391 -0.248939 0.00647582 0.00044785 -0.00118864
0.0235926 0.409422 -0.634245 0.0128737 0.00118664 0.00073851
0.019478 0.280493 -0.247726 0.00435127 6.135e-05 0.00086334
0.0063316 0.398127 -0.207007 0.00523051 -1.119e-05 0.00015806
0.0427115 0.400242 -0.342183 0.00786489 0.00071182 0.00155385
0.0301459 0.41358 -0.238273 0.00571371 0.00010695 6.12e-05
0.00605082 0.488315 -0.172927 0.00423684 -0.00036254 -0.00040912
-0.00808318 0.474634 -0.155795 0.00439583 -0.00053653 -0.00063583
0.0275489 0.468258 -0.677568 0.0125824 -0.00106356 0.00134334
0.0237451 0.296269 -0.327785 0.00588924 -0.00057924 0.00072357
-0.00765812 0.433396 -0.239209 0.00513007 -0.00042858 0.00013536
0.0473355 0.414667 -0.315639 0.00893822 0.00022378 0.00139922
0.0318602 0.36285 -0.248052 0.00792168 0.00031302 0.00067784
0.0195894 0.348831 -0.167738 0.00573156 0.00010423 -7.239e-05
0.0228764 0.413466 -0.135437 0.00544646 3.58e-06 -0.00054635
0.0139944 0.454206 -0.131302 0.0058759 -0.0004186 -0.00069563
0.045929 0.477052 -0.605397 0.0138716 -0.00177372 0.00022101
0.0416817 0.348572 -0.405481 0.00933624 8.932e-05 0.00033149
0.0168723 0.531458 -0.250798 0.0072421 -0.00085068 -0.00030193
0.061746 0.523049 -0.369707 0.00915424 -0.00023575 0.00072046
0.0461908 0.3413 -0.33339 0.0079175 -0.00021769 -0.00031876
0.032454 0.457514 -0.372938 0.00898536 -0.00027759 -0.00066973
0.0413517 0.395529 -0.691346 0.01484 -0.00113152 0.00051331
0.17749 0.280556 -0.916755 0.0179775 -0.00264453 0.00351972
0.152076 0.262501 -0.582797 0.0111021 -0.00138286 0.00171232
0.0863733 0.44119 -0.288428 0.00622884 -0.00104636 0.00042216
0.0838179 0.311962 -0.291478 0.00654529 -0.00093415 1.851e-05
0.0813786 0.352795 -0.215785 0.00467115 -0.00090807 -0.00016457
0.135246 0.433382 -0.541486 0.0105437 -0.00087071 0.00219148
0.124124 0.357274 -0.225064 0.00503236 -0.00043499 0.00111024
0.0931761 0.392448 -0.192349 0.00339008 -0.00067926 0.00015903
0.0712239 0.417725 -0.207903 0.00354945 -0.00067926 -0.00058613
0.0549633 0.515592 -0.2053 0.00473725 -0.00070948 -0.00054418
0.117264 0.513317 -0.639553 0.0139216 -0.00134919 0.00110974
0.124025 0.343075 -0.269739 0.00549066 -0.00049162 0.00068466
0.0859999 0.357247 -0.187464 0.00463878 -0.0004196 -0.0005808
0.0658577 0.313759 -0.18136 0.00415006 -0.00079854 -0.00077812
0.0692689 0.411411 -0.133624 0.0047327 -0.00075511 -0.00082643
0.107658 0.348932 -0.580679 0.0124207 -0.00112805 0.00071612
0.0925587 0.264658 -0.345922 0.00802676 -0.00038974 0.00047889
0.0777325 0.426044 -0.20456 0.00542601 -0.00045399 -0.00061672
0.0816654 0.41773 -0.199977 0.00505267 -0.00089124 -0.00045097
0.061518 0.533025 -0.155762 0.00546194 -0.00109872 -0.0008232
0.0681288 0.456403 -0.128392 0.00467524 -0.00123575 -0.00079767
0.0574041 0.473752 -0.122897 0.00498036 -0.00118278 -0.00114703
0.060181 0.466831 -0.102962 0.0051838 -0.00101722 -0.00098309
0.0634695 0.332033 -0.0953265 0.00381342 -0.00135438 -0.00118505
0.0627816 0.430268 -0.084665 0.0042062 -0.00174043 -0.00112566
0.0628669 0.468951 -0.065078 0.00507712 -0.00163992 -0.00140419
0.0767115 0.349575 -0.0233716 0.00326569 -0.00135263 -0.00139027
0.0632856 0.400282 -0.0334143 0.00303007 -0.00120159 -0.00147653
0.067136 0.40075 -0.00043265 0.00243642 -0.00071682 -0.00132793
0.0673071 0.379302 -0.031108 0.00284066 -0.00078035 -0.00145172
0.0572737 0.4746 -0.0286131 0.00303429 -0.00107336 -0.00161998
0.0587059 0.420582 0.0198407 0.00238888 -0.00094084 -0.00167056
0.0447564 0.413125 -0.00442305 0.0024085 -0.00101622 -0.00179292
0.0391161 0.429651 -0.00309483 0.00249714 -0.00094184 -0.00159953
0.0356561 0.3661 -0.0233596 0.00251334 -0.00121166 -0.00154292
0.0319011 0.389678 0.00600151 0.00134882 -0.00111384 -0.00195866
0.0356538 0.417097 0.0233709 0.00169231 -0.00111876 -0.00179292
0.0402324 0.354524 0.0101325 0.00050445 -0.00089798 -0.00179292
0.029586 0.448175 0.0423584 0.00159042 -0.00103886 -0.00196857
0.0321728 0.431605 0.0412224 0.00200469 -0.00097038 -0.00179292
0.0392973 0.38971 0.0142211 0.00213103 -0.00111956 -0.00179292
0.0332658 0.454524 0.0522357 0.00195084 -0.00107361 -0.00208301
0.0392604 0.388943 0.0547964 0.00120586 -0.00103509 -0.00167911
0.0395623 0.41634 0.064613 0.00188917 -0.00069447 -0.00205912
0.0361975 0.42831 0.0550706 0.00095157 -0.0007593 -0.00215614
0.0389674 0.37439 0.0542058 0.0009573 -0.00088564 -0.00200175
0.0312189 0.461115 0.084278 0.00204808 -0.00113456 -0.00212751
0.0384524 0.411444 0.090667 0.00204092 -0.00101677 -0.00225628
0.0302245 0.414063 0.0822526 0.00197805 -0.00117515 -0.0024262
0.020567 0.467273 0.123859 0.00253051 -0.0009265 -0.002304
0.0194726 0.407028 0.113959 0.00217587 -0.00108368 -0.00242683
