0.049276 0.128698 -0.254293 0.00527874 0.00055569 0.00131983
0.044254 0.0386005 -0.147956 0.00320079 0.0005595 0.00096721
0.0310772 0.194033 -0.0833083 -0.00149096 0.00011109 0.00094087
0.0229767 0.0617758 -0.01498 0.00075409 -0.00029161 0.00060631
0.0275317 0.224392 -0.216673 0.00519428 -0.00046059 0.00085631
0.0108969 0.149581 -0.0258441 0.00143624 -0.00053995 0.00057097
0.00148078 0.110355 -0.130764 0.00346643 -0.00067873 0.0005195
0.0175754 0.200111 -0.0680036 0.00250576 -0.00062341 0.00085631
0.015142 0.0435758 -0.0254141 0.00117472 -0.00087062 0.00037943
0.00396656 0.183709 0.0216637 0.00041995 -0.00015386 4.786e-05
-0.00335714 0.104088 -0.0205781 0.00178741 -4.686e-05 0.00010695
0.0137263 0.123777 -0.077859 0.00267326 -0.00047873 0.00010369
0.00711024 0.298187 -0.0734555 0.00237823 -0.00052132 0.00016719
-0.00025572 0.195257 -0.098549 0.00366144 -0.00018855 4.786e-05
-0.0073949 0.0938573 0.0165453 0.00032756 -8.025e-05 -0.00015213
0.00140768 0.247802 -0.00511221 -0.00016858 -0.00014134 4.786e-05
-0.0042382 0.0909613 0.0261113 0.0005993 8.649e-05 0.00018729
0.0114374 0.275771 -0.128371 0.00404085 0.0001831 0.00087507
0.00205918 0.256243 0.00369309 0.00138016 -0.00021154 0.000641
0.00149592 0.180551 -0.0541669 0.00305501 0.00010143 0.00013012
0.0015285 0.292709 0.0266004 0.00044363 3.723e-05 0.00014136
-0.00620772 0.138639 -0.0148831 0.00203573 3.723e-05 9.215e-05
0.00568594 0.279025 0.00910936 0.00141488 -0.00031684 0.00017749
0.0029113 0.187362 0.0344486 0.00093826 -0.00032237 0.00017749
-0.00192875 0.204905 0.0403793 0.00067455 -0.00018178 0.00017749
0.011579 0.334979 -0.0650246 0.00282765 0.00023535 0.00137809
-0.00651147 0.00573528 0.0894734 0.00177962 9.059e-05 0.00090282
0.00074278 0.0142884 -0.143009 0.00418338 0.00038653 0.00030851
0.0124578 -0.0999567 -0.146058 0.00358159 0.00089499 0.00127217
-0.00687846 -0.0889036 -0.0659974 0.00416553 0.00050183 0.00069607
-0.0460131 0.0313922 0.0136683 0.0014815 3.787e-05 0.0007377
-0.03843 0.00432192 0.0592875 0.00124186 6.585e-05 0.00059897
-0.0231276 -0.199209 -0.139676 0.00659753 0.0009667 0.00054536
-0.0507578 0.051871 -0.209598 0.00568967 -0.00019524 0.00028969
-0.0673041 -0.0984774 -0.123626 0.00409707 -0.00013177 4.281e-05
-0.0727645 -0.0177484 -0.157914 0.00459794 -0.00022512 2.524e-05
-0.00703628 -0.259434 -0.208995 0.00622282 0.00141913 -0.00081117
0.00216158 -0.11408 -0.0636933 0.00329248 0.00066882 -0.00038291
-0.00827203 -0.0436837 -0.0983194 0.00277687 0.00056969 -0.00025959
0.0616169 -0.0629315 -0.201384 0.00417459 0.00325752 0.00032891
0.0610043 0.0513201 -0.0332624 0.00230491 0.00147326 0.00043897
0.0365617 0.00483498 -0.102547 0.00402024 0.00174469 0.00039707
0.0306094 -0.139784 -0.0529406 0.00312734 0.00184136 0.00047154
-0.00816149 -0.01521 -0.157656 0.00362164 0.00051193 0.00026644
-0.0229954 -0.0838279 -0.169023 0.00367425 0.00148027 0.00053109
-0.0403277 -0.0253617 -0.144022 0.00293436 0.00103589 0.00029948
-0.0504833 0.00622289 -0.0624605 0.00147241 0.00050871 0.0002935
-0.0385354 -0.130982 -0.332642 0.00925024 0.00251959 2.25e-06
0.0276331 -0.0240664 0.00622908 0.00181206 5.245e-05 2.145e-05
0.00242873 -0.129496 -0.342494 0.00789211 0.00036931 0.00018945
-0.00270927 -0.0253223 -0.20756 0.00439336 -0.00050382 0.00042074
-0.00722109 -0.1364 -0.145581 0.00500981 -0.00046577 -0.00016118
0.00026759 -0.0241922 -0.131442 0.00548918 -0.00056841 0.00042074
0.00020176 -0.0405625 -0.0452738 0.00286365 -0.0006196 0.00042074
-0.02534 0.0521861 -0.14624 0.00435918 -0.00054292 0.00062098
-0.0466915 0.0469813 -0.101773 0.00347337 -0.00105712 0.00050052
-0.0177909 -0.0393562 -0.227844 0.00535717 0.00050943 -0.00085113
-0.00076491 -0.0313292 -0.121969 0.00383915 0.00040973 -0.00019753
-0.0158172 -0.041682 -0.220169 0.00360049 0.00028017 -0.00076819
-0.0568782 0.0300693 -0.417778 0.00695484 0.00061433 -0.00070746
-0.0840205 -0.0801133 -0.205221 0.00273628 -0.00021997 -0.0008474
-0.0309023 -0.171455 -0.357482 0.00765099 0.00134968 -0.0008474
-0.0484708 -0.129927 -0.459755 0.00883197 0.0014776 -0.0008474
-0.0383722 -0.107829 -0.344204 0.00676924 0.00124927 -0.0008474
-0.0317843 0.0562284 -0.201456 0.00351956 0.00042395 -0.00030794
-0.0121495 -0.0141913 -0.241333 0.00657353 0.00106348 -0.00044327
-0.00301195 -0.0523766 -0.150611 0.00552933 -0.00010127 1.3e-06
0.00601332 -0.123357 -0.0899275 0.00400488 -0.00013467 1.3e-06
-0.0138612 0.0243675 -0.12323 0.00401983 0.00016085 7.95e-05
-0.0126651 -0.12966 -0.209164 0.00587692 0.00080191 -0.00040609
-0.0135087 -0.166381 -0.259964 0.00685991 0.00027871 1.3e-06
-0.0186813 -0.169653 -0.196452 0.00429379 0.00022563 -0.00042815
-0.0409967 0.00959839 -0.23945 0.00392589 0.00033282 0.00022122
-0.0538334 -0.0377646 -0.252632 0.0054008 -0.00027983 0.00100744
-0.0481816 -0.207814 -0.380312 0.00988698 0.0009557 4.311e-05
-0.0327701 -0.0934814 -0.422442 0.0101975 -0.00010902 0.00055581
-0.0383272 -0.0471927 -0.298877 0.00720797 6.391e-05 0.00055581
-0.0400968 -0.00909224 -0.20916 0.00504164 -0.00044835 0.00080581
-0.0675746 0.0560726 -0.190761 0.00474231 -0.00069835 0.00055581
-0.0460188 -0.0720665 -0.314388 0.00856647 0.00064031 0.00012906
-0.0252178 -0.0913524 -0.0888349 0.00403067 -0.0002443 -0.00031187
-0.0654164 -0.0318255 -0.24298 0.00593051 0.00143923 -0.00155347
-0.054993 0.0278834 -0.193421 0.00451965 0.00024166 -0.0008074
-0.0494592 -0.064349 -0.189348 0.00485825 0.00030105 -0.00068607
-0.0123387 -0.151544 -0.144842 0.00523788 0.00055536 -0.00037494
-0.0282103 -0.0322323 -0.114723 0.0029259 -0.00014424 0.0005693
-0.0375833 -0.0808423 -0.108812 0.0024929 0.00083388 -0.00045182
-0.0413415 0.0498043 -0.0768034 0.00142247 0.00129822 -0.00054606
-0.0520494 -0.0683039 -0.221015 0.00639559 0.00156692 -0.00110995
-0.190661 -0.0126124 -0.137162 0.00464164 0.00208905 -0.00270242
-0.128192 -0.10736 -0.13378 0.00349479 0.00157688 -0.00193139
-0.0758436 -0.165636 -0.214935 0.00592982 0.00178633 -0.00147729
-0.0826621 -0.103423 -0.31313 0.00746941 0.00081299 -0.00092774
-0.0867572 -0.195548 -0.240292 0.00519146 0.00028232 -0.00105985
-0.0808368 -0.0500354 -0.215751 0.00404647 0.0008073 -0.00058412
-0.0862042 -0.0461322 -0.104647 0.00215776 0.00081029 -0.00023563
-0.0500644 -0.169566 -0.307426 0.00829222 0.00118634 -0.0003406
-0.0609607 -0.0542413 -0.289078 0.00684259 0.00066286 -0.00028974
-0.0806958 -0.205184 -0.274669 0.00558976 0.00026005 -0.0009232
-0.0705145 -0.113568 -0.16855 0.00294953 0.0010535 -0.00026389
-0.0412253 -0.253932 -0.26048 0.00677813 0.00131288 -0.00038838
-0.0477046 -0.139563 -0.477655 0.0122295 0.00100243 -0.00070528
-0.0601233 -0.322388 -0.157675 0.00461791 0.00128893 -0.0004705
-0.0694202 -0.175764 -0.163862 0.00321239 0.00117564 -0.00026389
-0.055488 -0.196825 -0.477658 0.00972812 0.00133082 -0.00086405
-0.0679768 -0.213603 -0.418067 0.00865487 0.00153737 -0.00085947
-0.0745276 -0.291005 -0.385662 0.00791945 0.00113356 -0.00125511
-0.0680852 -0.170044 -0.357725 0.00676009 0.00069505 -0.00071445
-0.0758593 -0.284766 -0.298985 0.00549787 0.00065686 -0.00067954
-0.0494936 -0.311144 -0.362436 0.00839714 0.00098463 -0.00067338
-0.0710147 0.0449605 -0.193639 0.00427984 -9.608e-05 -0.00096589
-0.0388867 -0.063617 -0.0649112 0.0031502 -0.00014353 -0.00082325
-0.0411299 -0.0927776 -0.204374 0.00451698 0.00086917 -0.00084232
-0.0159464 0.0716998 0.0269733 0.00184757 0.00030092 -1.772e-05
-0.0162056 0.00355639 0.0303377 0.00112537 9.317e-05 -0.00019541
-0.0168893 -0.0534598 -0.0850321 0.00345834 -0.00051528 -0.0007715
-0.0165512 0.0889835 -0.0907509 0.0027178 -6.358e-05 -0.0001377
-0.00269646 0.00392434 -0.0879607 0.00291788 4.044e-05 7.456e-05
-0.0215167 0.0208749 -0.151743 0.00427595 -0.0003803 -0.00022521
-0.0175064 -0.0793912 -0.157261 0.00494654 0.00115662 -0.00052874
-0.0185958 -0.00708511 -0.155651 0.00461792 0.00054532 -0.00045158
-0.031165 -0.0342406 -0.00201269 0.00018005 7.673e-05 -0.00082802
-0.032719 0.00782919 -0.22447 0.00432111 0.00078966 -0.00125528
-0.0337948 0.00042793 -0.315494 0.00663811 7.673e-05 -0.00082802
-0.0443177 -0.103583 -0.316513 0.00685107 -0.00056294 -0.00082802
-0.0541924 -0.0142584 -0.283022 0.00493024 -0.00049606 -0.00056003
-0.027988 -0.223126 -0.144768 0.00346382 -0.000232 -0.0006336
-0.0218197 -0.0946288 -0.148474 0.00282089 0.00010202 0.00014264
-0.00625932 -0.168686 -0.273669 0.00494015 0.00050208 0.00103124
-0.0207737 -0.0806681 -0.225612 0.00389765 -9.607e-05 0.00065174
0.00488363 -0.200115 -0.267228 0.00649225 -0.00019475 0.00056585
-0.0460238 -0.203089 -0.249284 0.005145 -0.0010237 -0.00040602
-0.0452258 -0.136765 -0.185636 0.00285903 -0.00010441 0.00036349
-0.0243491 -0.0727421 -0.281907 0.00613305 -0.00058942 0.00074433
-0.0493961 -0.0589098 -0.360375 0.00847836 -0.0008247 -9.359e-05
-0.0524081 -0.150673 -0.262585 0.00516419 -0.0007467 -4.259e-05
-0.0708332 -0.0408841 -0.332658 0.00663489 -0.00147357 -0.00026141
-0.073585 -0.186933 -0.167867 0.00379427 -0.00092709 7.067e-05
-0.0354732 -0.428792 -0.430282 0.0113135 -0.00085189 0.00048402
-0.0625622 -0.205425 -0.387223 0.00988857 -0.00082702 7.627e-05
-0.0676561 -0.265831 -0.0793633 0.00382225 -0.00093974 0.00143127
-0.0273933 -0.232037 -0.169182 0.00636398 -0.0002814 0.00068208
-0.0410583 -0.0860293 -0.247112 0.00710973 -0.00075586 0.00109953
-0.0720728 -0.0645347 -0.197712 0.00531237 -0.00124679 0.00056594
-0.0598398 -0.264779 -0.162878 0.00506632 -0.00068405 -0.00018027
-0.0813989 -0.183258 -0.46121 0.011304 -0.00062399 0.00020843
-0.0716973 -0.278879 -0.20217 0.00491356 -0.00100653 0.00025357
-0.0410348 -0.359206 -0.323826 0.00987838 0.00021658 0.00081228
-0.0493058 -0.175117 -0.274148 0.00851139 -0.00089579 0.00044824
-0.0524279 -0.194589 -0.298493 0.00846567 -0.00086167 0.0001849
-0.0614475 -0.132005 -0.134929 0.00384282 -0.00114095 0.00019812
-0.0419673 -0.228648 -0.302333 0.00996119 -0.00085297 -0.00021378
-0.0617942 -0.156475 -0.334179 0.00955086 -0.00079004 -0.00031405
-0.0771865 -0.097471 -0.218284 0.0060599 -0.00123808 -0.00062642
-0.0578652 -0.00455434 -0.3254 0.00843999 -0.00081004 -0.0004207
-0.0747305 -0.0977891 -0.187501 0.0049993 -0.00154502 -0.00050677
-0.0466101 -0.162277 -0.287164 0.00729566 -0.00095066 -0.00090888
-0.00912345 0.0929677 -0.0942363 0.00319655 -0.00072665 0.00048098
-0.0334369 0.0380544 0.012426 0.0005691 -0.00054546 1.08e-06
-0.0631619 0.034261 0.00599114 0.00027657 -0.00035469 1.08e-06
-0.0823072 0.112273 -0.0766241 0.00197533 -0.00133086 -0.00014491
-0.0532553 -0.05837 -0.209088 0.00609845 -0.00133317 0.00032148
0.0107907 0.368162 0.254629 -0.00115578 -0.00100761 0.00057377
0.00792626 0.309102 0.330289 -0.00191432 -0.00156583 0.00076045
-0.0359473 0.406042 0.260186 -0.00071396 -0.00231208 6.603e-05
-0.0331101 0.421825 0.247744 -0.00039173 -0.00246168 0.00017866
0.0232282 0.107542 0.00577954 0.00483781 -2.116e-05 0.00118552
-0.0436227 0.0801007 -0.00767127 0.00140415 -0.00132132 0.00074359
-0.0415576 0.0611164 -0.0783422 0.00471919 0.00037674 0.00061032
-0.0418632 0.302518 0.060977 0.00414533 -0.00055469 0.00093347
0.0119768 0.752576 0.872582 -0.00771519 -0.00168062 0.00117541
0.0758611 1.32026 1.18577 -0.0127626 -0.00482559 0.00234999
0.0364323 0.97418 0.98512 -0.0107935 -0.00286779 0.00102179
0.026025 0.982471 1.25789 -0.0145883 -0.0035495 0.0009132
0.0385066 0.577473 0.758526 -0.00618028 -0.00127026 0.00215145
0.0711562 0.540083 0.480219 -0.00220735 -0.0024727 0.00251971
0.117457 0.888958 0.67647 -0.00302741 -0.00664696 0.00372367
0.105555 0.767948 0.851436 -0.00717301 -0.00394481 0.00367122
0.0866563 1.01196 0.871325 -0.00710691 -0.00436252 0.00312377
0.107983 0.983827 0.828979 -0.00376599 -0.0057085 0.00437662
0.174767 0.969813 1.00179 -0.00679611 -0.00956957 0.006941
0.191212 1.03112 0.999535 -0.00562036 -0.0102841 0.0074913
0.205205 0.854088 1.08184 -0.0069324 -0.0109553 0.00798548
0.202938 1.01737 1.11908 -0.007002 -0.0113148 0.00809932
0.21727 0.931141 1.12584 -0.00689576 -0.0115572 0.00858207
0.255199 0.832819 1.30233 -0.0103589 -0.0123726 0.00912585
0.257721 1.06018 1.31493 -0.010378 -0.011834 0.0087278
0.247396 0.846519 1.31479 -0.0102193 -0.011894 0.00868416
0.244927 1.02864 1.33457 -0.01178 -0.010961 0.00895386
0.249581 1.06618 1.2099 -0.00713081 -0.0124719 0.00985977
0.236026 0.963011 1.25704 -0.00844734 -0.0122626 0.00865995
0.220414 1.14342 1.38428 -0.0114025 -0.0117316 0.00840415
0.220606 1.16116 1.47007 -0.0130989 -0.0116604 0.00891934
0.230752 1.10543 1.44208 -0.011807 -0.0121435 0.00860639
0.240198 1.32227 1.39725 -0.0108439 -0.012565 0.01006
0.268573 0.870399 1.3171 -0.00965036 -0.0109592 0.00957452
0.238422 1.24012 1.53217 -0.0131414 -0.0130377 0.0100963
0.23708 1.23901 1.48844 -0.0115542 -0.0146039 0.0105269
0.24154 1.03197 1.2698 -0.00852775 -0.0118201 0.00937518
0.200675 1.209 1.56999 -0.0128268 -0.0139208 0.0101417
0.213837 1.25088 1.45223 -0.0110969 -0.0154208 0.0104002
0.208069 0.774804 1.28575 -0.0072744 -0.0122717 0.00912686
0.214115 0.849603 1.33575 -0.00685482 -0.0135916 0.00935834
0.190168 0.729135 1.37155 -0.00923624 -0.0126073 0.00929819
0.206654 1.11063 1.31299 -0.00903241 -0.0125481 0.00998991
0.191486 0.810012 1.42022 -0.0126982 -0.00919742 0.00853815
0.217981 0.904204 1.33016 -0.00821103 -0.0110971 0.00931097
0.210439 0.774604 1.19078 -0.00515809 -0.0121075 0.00945683
0.193482 0.685609 1.04001 -0.00714225 -0.00883563 0.00758744
0.197082 0.785049 1.26466 -0.0036487 -0.0147402 0.00965184
0.21458 0.696472 1.44717 -0.0056018 -0.0159101 0.0104206
0.21376 0.890757 1.48308 -0.00599091 -0.0159224 0.0104874
0.218416 0.783647 1.40749 -0.00430528 -0.0164957 0.010877
0.218967 0.7264 1.1093 -0.00285988 -0.0138209 0.0111334
0.225449 0.705166 1.44953 -0.00541012 -0.0124196 0.00938345
0.207968 0.762323 1.29258 -0.00241624 -0.00969899 0.0076584
0.181295 0.857924 1.11663 -0.00240054 -0.0108587 0.00847421
0.173522 0.733002 1.31567 -0.00610531 -0.0122168 0.00816501
0.161714 0.852016 1.23335 -0.00438659 -0.0124007 0.0078663
0.154789 0.86293 1.09186 -0.00417476 -0.0121277 0.00773213
0.125724 0.860147 1.18033 -0.00680055 -0.0119987 0.00811903
0.126396 0.847064 1.08047 -0.00233897 -0.0126366 0.00884306
0.133341 0.490193 1.09536 -0.00335144 -0.0121616 0.00748471
0.115991 0.602545 1.12549 -0.00318786 -0.0118911 0.00782854
0.124091 0.599576 1.05777 -0.00147104 -0.0136253 0.00793551
0.107416 0.74273 1.22745 -0.00578576 -0.0120072 0.00777074
0.107499 0.795958 1.08726 -0.00127014 -0.0133469 0.00815999
0.127855 0.548369 1.1939 -0.00387841 -0.0115553 0.00762821
0.13151 0.883374 1.1371 -0.0001601 -0.0128663 0.00831419
0.113039 0.726095 1.1157 0.00083407 -0.0120213 0.00793979
0.163332 0.748118 1.01338 0.00224664 -0.0149293 0.00870972
0.113564 0.634335 1.31378 -0.00493683 -0.0112433 0.00734246
0.120866 0.700719 1.22952 -0.00190898 -0.0125161 0.00791501
0.111256 0.909358 1.14434 0.0002155 -0.0130559 0.0080096
0.128011 0.538038 1.11458 0.00144253 -0.0108275 0.00726873
0.127886 0.548001 1.21752 9.454e-05 -0.0123551 0.00750368
0.106276 0.505814 1.22953 0.00049865 -0.0111787 0.00701435
0.125413 0.759065 1.13076 0.002675 -0.0143557 0.00806259
0.142174 0.513379 1.14033 -0.00021057 -0.0118068 0.00719989
0.130786 0.586708 1.13573 0.00065276 -0.0147594 0.00870198
0.119899 0.528698 1.12156 0.00059161 -0.013618 0.00832936
0.120586 0.706527 1.17481 0.00051969 -0.0149714 0.00869754
0.107171 0.606508 1.11724 0.00110411 -0.0146418 0.00814987
0.148678 0.446971 1.15911 0.00146994 -0.0121272 0.00788387
0.136924 0.667234 1.17883 0.00212904 -0.0117011 0.00767818
0.120424 0.595793 1.13999 0.00183209 -0.0106139 0.00730488
0.108215 0.756398 1.13175 0.00194331 -0.0110338 0.00755488
0.136958 0.432781 1.14187 0.00229112 -0.0108694 0.00692654
0.125876 0.572901 1.15571 0.00316773 -0.0118459 0.00762098
0.139337 0.453559 1.18899 0.0013746 -0.0132348 0.00767009
0.108057 0.55009 1.14329 0.00336845 -0.0127037 0.00759965
0.0964942 0.481299 1.14142 0.00297132 -0.0124622 0.00717307
0.102631 0.706175 1.034 0.00221833 -0.00927122 0.00657756
0.127825 0.786275 1.07621 0.00040129 -0.0141919 0.00824217
0.173918 0.738126 1.03332 0.00292581 -0.0135358 0.00866574
0.0504769 0.649436 1.24458 0.00090998 0.00354496 -0.00106466
0.0575855 0.580652 1.39335 0.00067597 -0.0008204 0.0006429
0.109599 0.574246 1.46676 0.0021613 -0.00353515 0.00255884
0.114847 0.680188 1.43912 0.0047132 -0.00389094 0.00340935
0.0916803 0.474192 1.46597 -0.00066504 -0.0075425 0.00436985
0.0920895 0.467164 1.5225 0.00249457 -0.00782672 0.00409002
0.0948122 0.391496 1.49419 0.00325462 -0.00780625 0.00403289
0.0948109 0.433255 1.48513 0.00386648 -0.00843196 0.00458082
0.0804098 0.544043 1.58283 0.00153232 -0.00868404 0.00467303
0.0914214 0.439881 1.47725 0.00442732 -0.00820291 0.00449419
0.0798748 0.521721 1.54648 0.00270302 -0.00889856 0.00515345
0.0798295 0.510385 1.52883 0.00357393 -0.00824905 0.00459979
0.0709889 0.304423 1.47372 0.00307069 -0.00744259 0.00475428
0.0592596 0.675545 1.4645 0.00514692 -0.00808707 0.00496939
0.064078 0.467314 1.5059 0.00329868 -0.00818472 0.00475247
0.0510066 0.615184 1.52076 0.00369222 -0.00866425 0.005527
0.0482424 0.566106 1.54631 0.00404867 -0.00881128 0.00553914
0.0617215 0.36865 1.63781 0.00061646 -0.00852748 0.00450952
0.049819 0.542148 1.56125 0.00349627 -0.0090737 0.00533598
0.0571238 0.419353 1.64797 0.00112991 -0.0100651 0.00529038
0.0200178 0.6489 1.55377 0.00361482 -0.00983843 0.00563894
0.0388314 0.413548 1.63707 0.00080478 -0.00948909 0.00465955
0.029354 0.602242 1.60863 0.00212673 -0.0105632 0.00582608
0.0295932 0.674046 1.542 0.00201957 -0.0107494 0.00578379
0.033069 0.794775 1.59308 0.00070686 -0.00892926 0.00540339
0.0293177 0.665494 1.6302 0.00103565 -0.0102492 0.00582224
0.0417958 0.571701 1.64858 0.00052331 -0.0099139 0.0061274
0.0301192 0.880533 1.51486 0.00382312 -0.0107803 0.00634536
0.0515869 0.507831 1.61849 0.00065997 -0.00936394 0.00549877
0.0752989 0.492707 1.50605 0.00447193 -0.0103004 0.00594665
0.0313856 0.487145 1.46792 0.00184685 -0.00988556 0.00534415
0.0753197 0.537727 1.45083 0.00325303 -0.00762513 0.00630347
0.0798236 0.408772 1.7107 -0.00041894 -0.00793519 0.00602573
0.117098 0.544178 1.37838 0.0082864 -0.0119223 0.00658276
0.0816437 0.692234 1.37995 0.00809207 -0.0121627 0.0066606
0.0709249 0.600304 1.38965 0.00729412 -0.0114221 0.00702684
0.0928879 0.422826 1.31827 0.00772899 -0.0115164 0.00580313
0.0735244 0.527087 1.41529 0.00782134 -0.0106419 0.00586678
0.0654762 0.427203 1.44449 0.00797589 -0.0101171 0.00550131
0.0741053 0.380388 1.53321 0.00374218 -0.00862193 0.00488993
0.0648707 0.46602 1.65289 0.00354922 -0.00903385 0.00543866
0.0609913 0.309032 1.62805 0.00473421 -0.00971228 0.00514589
0.0555365 0.435384 1.55439 0.0062816 -0.0102765 0.00568037
0.0433453 0.340998 1.52084 0.0042218 -0.00969239 0.00469023
0.038705 0.389338 1.60359 0.00303807 -0.00962485 0.00426024
0.0709797 0.617701 1.49186 0.00525336 -0.00983845 0.00549994
0.088823 0.642319 1.32249 0.00748857 -0.00909878 0.00554285
0.0613708 0.503894 1.40879 0.00706462 -0.00758724 0.00479552
0.0795595 0.495325 1.57836 0.0019449 -0.00809741 0.00502187
0.0749396 0.698867 1.36697 0.00695566 -0.00976147 0.0052319
0.0953619 0.542368 1.35267 0.00741429 -0.0091315 0.00525218
0.0656991 0.368931 1.36208 0.00613812 -0.00744627 0.00431833
0.0785413 0.399154 1.26225 0.0082744 -0.00764421 0.00430937
0.0824403 0.502212 1.30935 0.00802044 -0.00801861 0.00468021
0.0792966 0.280459 1.28696 0.00876239 -0.00794219 0.00439273
0.0959484 0.304592 1.30671 0.00639445 -0.00806239 0.00407379
0.0773546 0.504068 1.25827 0.00754604 -0.00855306 0.004633
0.0726742 0.555319 1.18866 0.00749104 -0.00836587 0.00502133
0.0791829 0.587162 1.1182 0.00715787 -0.00965001 0.00539795
0.0824629 0.605157 1.09023 0.0065214 -0.00863149 0.00430171
0.0446891 0.572624 0.988846 0.00729929 -0.00709037 0.00425426
0.0755898 0.481529 1.04884 0.00850133 -0.00756042 0.004196
0.119253 0.407456 1.06081 0.00675357 -0.00849171 0.00467403
0.0956377 0.453976 1.036 0.00816211 -0.00728648 0.00425426
0.0837716 0.222622 1.08837 0.0089305 -0.00720489 0.00380997
0.0701393 0.203217 1.11268 0.00879051 -0.00695248 0.00375573
0.0566123 0.252118 1.09458 0.00952433 -0.00768145 0.00435171
0.0723692 0.178425 1.0418 0.00960479 -0.00747787 0.00373412
0.0519893 0.307515 1.04579 0.00757944 -0.00642022 0.00357648
0.062186 0.445284 1.00974 0.00954552 -0.00756526 0.00409958
0.0547673 0.3713 1.06457 0.00781618 -0.00747829 0.00398495
0.03642 0.61312 0.94046 0.00986685 -0.00874378 0.00434216
0.0811929 0.509163 0.779952 0.0100692 -0.00719604 0.00426781
0.0884755 0.814859 1.41139 -0.00204903 -0.00722606 0.00473056
0.118579 0.89844 1.55892 -0.00232903 -0.00774869 0.00473056
0.122564 0.609511 1.16129 0.0050625 -0.00789754 0.00435779
0.0882713 0.473234 1.3256 0.00258188 -0.0062391 0.00373488
0.097769 0.531381 1.16874 0.00411797 -0.00726541 0.00410747
0.0967275 0.600877 1.14807 0.00495081 -0.00728708 0.00430473
0.114177 0.724436 1.15405 0.00616655 -0.00739662 0.00430473
0.0785609 0.593815 1.20398 0.00566385 -0.00703539 0.00440608
0.0747949 0.535356 1.14771 0.00701227 -0.0071785 0.00424718
0.0622605 0.461634 1.15606 0.0066816 -0.00685891 0.00417733
0.0588844 0.554111 1.1254 0.00684011 -0.00778689 0.00425656
0.0635833 0.350606 1.40442 0.00326445 -0.00681205 0.00328059
0.071979 0.401248 1.31784 0.00510857 -0.00675096 0.0036835
0.081917 0.322071 1.31153 0.00538368 -0.0080877 0.00385149
0.0912312 0.376603 1.18302 0.00725805 -0.00667124 0.00383849
0.149683 0.185066 1.38226 0.00852706 -0.00533801 0.00423489
0.150494 0.0524622 1.35032 0.0112461 -0.00137847 0.00321753
0.116003 0.105807 1.38361 0.0139793 0.00015946 0.00205298
0.0635188 0.34032 1.23429 0.0148232 -0.00158443 0.00022986
0.104953 1.25277 1.17991 0.00983772 -0.00441257 0.00086676
0.0553467 1.10096 1.53512 0.00611081 -0.00242851 0.00096246
0.0495305 0.879219 1.49766 0.0045032 -0.0024935 0.00196958
0.0167532 0.282842 1.48858 0.00334773 -0.00392844 0.00294462
0.0418483 0.210965 1.58073 0.00309281 -0.00373134 0.00226362
0.064628 0.205639 1.69041 0.00021954 -0.00502958 0.00265064
0.0371843 0.280692 1.56994 0.00404399 -0.00347973 0.00205567
0.012549 0.64902 1.54792 0.00479064 -0.00431774 0.00304612
0.0116844 0.906017 1.69586 -0.00066333 -0.00596734 0.00244789
0.0254823 1.07881 1.66106 0.00195642 -0.00635998 0.00206955
0.00544199 1.17645 1.63423 0.00189417 -0.00595854 0.00164293
0.0236025 0.811012 1.78083 0.0028779 -0.00680556 0.00305603
0.032644 1.06208 1.69694 0.00301375 -0.00731948 0.00215987
0.0224127 0.838326 1.74242 0.00284504 -0.00768162 0.00298291
0.0256401 0.511514 1.72576 0.00162831 -0.0072172 0.00212149
0.0249623 0.721344 1.73545 -2.637e-05 -0.00699749 0.00331992
-0.00905798 0.522678 1.55791 0.00122129 -0.0059701 0.00253769
0.0441782 0.441321 1.43142 0.0047294 -0.00437144 0.00305775
0.0250936 0.613535 1.28729 0.0068365 -0.00518562 0.00339843
0.00372117 0.572204 1.39417 0.00525612 -0.00488142 0.00364843
-0.0134338 0.944049 1.346 0.00658118 -0.00598698 0.00373626
-0.0158279 0.820968 1.36538 0.00621295 -0.0061086 0.0041008
0.00394641 0.775046 1.58703 0.00227313 -0.0054165 0.00430907
0.016634 0.732305 1.44976 0.00679798 -0.00597154 0.00379175
0.014653 0.584904 1.45914 0.00826846 -0.0060502 0.00380661
0.0120304 0.484127 1.48477 0.00691482 -0.00559127 0.00371971
-0.00321943 0.382487 1.49468 0.00596284 -0.00553529 0.00305841
-0.0206523 0.185103 1.53984 0.00514141 -0.0045737 0.0025596
-0.0101005 0.388231 1.39199 0.00906444 -0.00644118 0.00315652
-0.0181002 0.445989 1.4124 0.00828485 -0.00679507 0.00312805
-0.00895565 0.480597 1.60974 0.00080123 -0.00700626 0.00358013
-0.0252816 0.816765 1.25648 0.00892793 -0.00754736 0.00405628
-0.0310651 0.811788 1.2861 0.00742257 -0.00824491 0.00344117
-0.0209234 0.601334 1.37971 0.00571745 -0.00593559 0.00389221
-0.0611532 0.685796 1.26095 0.00773151 -0.00943441 0.00371085
-0.053947 0.649449 1.2572 0.00878413 -0.0106394 0.00336913
-0.0501546 0.501841 1.29031 0.00704749 -0.00950069 0.00342252
-0.0505127 0.395213 1.46507 0.00501243 -0.00531434 0.0023087
-0.0528099 0.369854 1.38099 0.00719166 -0.00620941 0.0027012
-0.057087 0.303794 1.39991 0.00644612 -0.00619955 0.00215265
-0.0526014 0.388192 1.2863 0.00712558 -0.00668468 0.00274177
-0.0529811 0.427829 1.21996 0.00567899 -0.00827505 0.00258671
-0.0670678 0.564896 1.21875 0.00636932 -0.00632206 0.00215845
-0.0667997 0.739697 1.1786 0.00768757 -0.00773746 0.00255264
-0.0392437 0.556997 1.41587 0.00297299 -0.00499918 0.00206324
-0.0367738 0.58838 1.35876 0.00405219 -0.00426716 0.00238114
-0.0431967 0.400734 1.28864 0.00774456 -0.0069678 0.00244989
-0.0633168 0.462057 1.26118 0.00894874 -0.00721286 0.00213936
-0.08154 0.428907 1.28389 0.00852173 -0.00623584 0.00223637
-0.0365551 0.276112 1.25286 0.00767926 -0.00724118 0.00213921
-0.0626587 0.432239 1.33127 0.00786411 -0.00523784 0.00225343
-0.0296302 0.159772 1.11753 0.00911628 -0.00487723 0.00238921
-0.0482779 0.378027 1.11444 0.00910403 -0.00633371 0.00211141
-0.0121295 0.44074 1.26166 0.00228369 -0.00380546 0.00312063
-0.0410726 0.411543 1.2363 0.0056698 -0.00400937 0.00270059
-0.0409808 0.554566 1.194 0.0089791 -0.00467901 0.00312515
-0.0342829 0.4769 1.27922 0.00676967 -0.0052837 0.00290997
-0.0569399 0.583417 1.28046 0.00590873 -0.0069674 0.00326575
-0.0690724 0.544288 1.19944 0.0082354 -0.00707182 0.00305169
-0.0969322 0.653406 1.15329 0.00887939 -0.00775889 0.00283769
-0.0357022 0.366414 1.28184 0.00648412 -0.00814297 0.00296142
-0.0661486 0.449236 1.12239 0.00911859 -0.00779278 0.00256172
-0.0770793 0.35287 1.18512 0.00761581 -0.00795732 0.00210785
-0.103039 0.449212 1.19546 0.00788189 -0.00776437 0.00281502
-0.102854 0.399477 1.18207 0.0084644 -0.00806102 0.00235785
-0.0755485 0.373713 1.27209 0.00761366 -0.00557854 0.00235785
-0.0922564 0.543636 1.24606 0.00786661 -0.0101406 0.00280087
-0.0880357 0.495014 1.17349 0.00947312 -0.0077347 0.00262487
-0.0762426 0.636534 1.10439 0.0106542 -0.00793775 0.00194586
-0.0666922 0.473839 1.21428 0.00862354 -0.00571792 0.00180564
-0.0485089 0.52983 1.14166 0.00789406 -0.00741938 0.00264764
-0.0655236 0.385784 1.12555 0.00749205 -0.00565802 0.00226027
-0.0848181 0.489839 1.07962 0.0079824 -0.00561022 0.00231127
-0.0641181 0.394336 1.20393 0.00815293 -0.00563361 0.00247836
-0.0652606 0.364974 1.13385 0.0090552 -0.00771526 0.00265993
-0.0765197 0.305529 1.11619 0.00931431 -0.00728151 0.00274249
-0.10409 0.40739 1.11467 0.0102819 -0.00766898 0.00253563
-0.0803615 0.2978 1.17499 0.00736409 -0.00675292 0.00231127
-0.108758 0.398196 1.06593 0.00838465 -0.00709202 0.00190082
-0.103145 0.46045 1.07783 0.00804787 -0.00811032 0.00239507
-0.1248 0.690619 1.0393 0.00939195 -0.00829158 0.0027043
-0.138193 0.476298 1.12414 0.00704222 -0.00963985 0.00199465
-0.0922403 0.695672 1.07027 0.00552602 -0.00968486 0.00285365
-0.130906 0.440555 0.811673 0.0100787 -0.00770665 0.00237315
-0.13202 0.361487 0.913423 0.00833841 -0.00795015 0.00171719
-0.153702 0.486673 0.905713 0.00799263 -0.00772903 0.00238009
-0.137908 0.340543 0.923941 0.0081451 -0.00791071 0.00147131
-0.0689879 0.4133 0.756931 0.0105539 -0.00545473 0.00189242
-0.096959 0.470142 0.897363 0.00895437 -0.0072804 0.00175461
-0.0992878 0.384422 1.00196 0.00675312 -0.00910519 0.00133828
-0.122079 0.580284 0.920105 0.00877145 -0.00709561 0.00230725
-0.144519 0.430722 0.962961 0.00777645 -0.00719978 0.00124733
-0.0983188 0.526649 1.26339 0.00721372 -0.00601607 0.00191423
-0.0967427 0.610075 1.5438 0.00664186 -0.00567503 0.00164911
-0.118121 0.391378 1.4628 0.00737354 -0.00586471 0.00168579
-0.084546 0.398775 1.32179 0.00358666 -0.00402122 0.00115366
-0.0871042 0.317425 1.56852 -0.00194602 -0.00524232 0.00170384
-0.0759355 0.365442 1.12292 0.00731349 -0.00572318 0.00166055
-0.101065 0.412528 1.2878 0.00127008 -0.00245668 0.00180001
-0.0459044 0.463241 1.39481 0.00109429 -0.00112257 0.00164555
-0.0392279 0.569241 1.20515 0.00906407 -0.00544057 0.00099208
-0.047356 0.578731 1.19851 0.00836787 -0.00284334 0.00264286
-0.047361 0.889558 1.66746 0.0020583 -0.0064607 0.0033744
-0.0488438 0.973582 1.74123 -0.00032944 -0.00504228 0.00214496
-0.0878216 0.878962 1.49092 0.00560273 -0.00489861 0.0025866
-0.0671243 0.711328 1.48972 0.00577009 -0.00282948 0.00197778
-0.0704649 0.495014 1.70682 0.00126504 -0.00607758 0.00213771
-0.0921361 0.573321 1.61621 0.00435008 -0.00512302 0.00282885
-0.114348 0.471654 1.56024 0.00435528 -0.00542707 0.00190557
-0.12735 0.616523 1.51018 0.00692503 -0.00622882 0.00243192
-0.0655277 0.460531 1.76411 -0.00504853 -0.00393345 0.00202329
-0.033637 0.510402 1.4933 0.00478434 -0.00416902 0.00331232
-0.0437586 0.436683 1.52563 0.00543166 -0.00424144 0.00295839
-0.0494053 0.528557 1.43917 0.00199211 -0.0027912 0.0020436
-0.0818128 0.449132 1.51908 0.00229917 -0.00337853 0.00194241
-0.0916483 0.442585 1.44972 0.00247367 -0.00353128 0.0017936
-0.0748551 0.527938 1.26005 0.00786466 -0.00631637 0.00205874
-0.104922 0.602793 1.24209 0.00779865 -0.00748721 0.0019793
-0.0696433 0.563115 1.19445 0.00931715 -0.00486385 0.00254143
-0.0671288 0.357853 1.3936 0.00928882 -0.0105372 0.00207982
-0.107145 0.379775 1.22648 0.0111905 -0.00597254 0.00177767
-0.144088 0.567655 1.22981 0.0105498 -0.0093898 0.00175628
-0.0987471 0.323871 1.52069 0.00090363 -0.00420043 0.00161996
-0.129124 0.500529 1.12404 0.0140883 -0.00499278 0.00140617
-0.152271 0.297547 1.54131 0.0031713 -0.00502681 0.00149289
-0.150155 0.583808 1.28882 0.00884715 -0.00974735 0.00197182
-0.154254 0.481618 1.25712 0.00971589 -0.00635374 0.00153229
-0.0691682 0.593615 1.67175 -0.00460188 -0.00516552 0.0029595
-0.10346 0.419822 1.29398 0.00870075 -0.00618433 0.00233345
-0.114803 0.407721 1.16433 0.00975732 -0.00781906 0.00187214
-0.0561357 0.530956 1.56233 -0.00227855 -0.00353626 0.00252337
-0.064646 0.508876 1.52207 0.00388394 -0.00409439 0.0025145
-0.0955213 0.559207 1.2895 0.00590454 -0.00670195 0.00171383
-0.124701 0.738321 1.18315 0.00618023 -0.00862855 0.00154175
-0.158676 0.697655 1.13513 0.00791047 -0.00889559 0.00141835
-0.126571 0.348297 1.42809 0.00105466 -0.00415173 0.00185429
-0.117318 0.499635 1.14443 0.0106541 -0.0069201 0.00186008
-0.116629 0.380987 1.20209 0.00769297 -0.00794137 0.00170973
-0.138505 0.529453 1.11017 0.00991991 -0.00814253 0.00187105
-0.095048 0.383904 1.2812 0.00786727 -0.0101115 0.00197516
-0.107952 0.532277 1.28769 0.00970608 -0.00505558 0.00155276
-0.108735 0.474405 1.18243 0.00838206 -0.00450725 0.00197401
-0.133782 0.521537 1.10675 0.0084264 -0.00597168 0.0023677
-0.112374 0.459705 1.23538 0.00881093 -0.00561297 0.00222602
-0.119724 0.316416 1.22838 0.0109036 -0.00641077 0.00438784
-0.113181 0.500829 1.53267 0.0100098 -0.00487076 0.00456536
-0.106128 0.396401 1.48427 0.00708708 -0.00400696 0.00353868
-0.080601 -0.188819 1.75533 0.00912445 -0.00240318 0.00256425
-0.0819741 0.0152947 1.68993 0.013178 -0.00022373 0.00147035
-0.126494 0.214043 1.6171 0.0156894 0.00084002 -0.00099056
-0.111557 0.942627 1.71249 0.00795325 -0.00024907 0.00017525
-0.102583 0.981427 1.17667 0.014001 -0.00385712 -0.00057313
-0.0719774 0.490298 1.27445 0.0106288 -0.0025573 -0.00020798
-0.0843358 0.329767 1.18568 0.0114438 -0.0036551 -0.0003215
-0.094845 0.212371 1.16736 0.0117384 -0.00398939 6.145e-05
-0.0750723 -0.149007 1.23315 0.0119363 -0.00239433 0.00034965
-0.0651736 0.0273316 1.09469 0.0109965 -0.00265228 0.00053575
-0.0633699 0.162459 1.08196 0.0124511 -0.00413395 0.00060296
-0.0206002 0.147129 1.21029 0.0115304 -0.00387696 0.00227487
-0.0583561 0.281145 1.19463 0.0111133 -0.00488462 0.00217182
-0.0451781 0.529888 1.14566 0.0121356 -0.0059799 0.00279591
-0.0579455 0.482758 1.23633 0.0108539 -0.0050852 0.00216172
-0.0744278 0.587966 1.1095 0.0122669 -0.00516844 0.00269843
-0.0603233 0.460099 1.16832 0.0118448 -0.00664787 0.00231826
-0.0421691 0.473172 1.29054 0.0109834 -0.00757762 0.00283324
-0.0470724 0.346884 1.29703 0.0103834 -0.00825064 0.00298922
-0.0505901 0.235063 1.30647 0.0102151 -0.00783686 0.00287162
-0.0844894 0.354108 1.33446 0.00920789 -0.00519115 0.00177618
-0.0666226 0.303046 1.33758 0.00895827 -0.00632663 0.00257814
-0.0692741 0.428988 1.2963 0.00998592 -0.00579267 0.0027623
-0.0892375 0.48253 1.40809 0.00809811 -0.00716198 0.00286088
-0.0840186 0.407525 1.38569 0.00845521 -0.0094048 0.00318291
-0.10216 0.590011 1.35098 0.00951832 -0.00832555 0.00293247
-0.113285 0.489219 1.53939 0.00500056 -0.00651831 0.00311484
-0.100064 0.387739 1.42543 0.00843924 -0.00719462 0.00240069
-0.110111 0.579079 1.36282 0.0108537 -0.00915907 0.0031514
-0.113107 0.414913 1.43554 0.00866407 -0.00926313 0.00288806
-0.112847 0.423354 1.46829 0.00756959 -0.0104853 0.00310422
-0.140564 0.498045 1.50359 0.00771725 -0.0108339 0.00330884
-0.152335 0.285486 1.7112 0.00247998 -0.00855236 0.00264179
-0.16566 0.559416 1.67572 0.0046449 -0.0102421 0.00328956
-0.168991 0.464863 1.70779 0.00545929 -0.0109161 0.00300295
-0.172405 0.517271 1.63684 0.0072202 -0.0107289 0.00282624
-0.169072 0.609699 1.64585 0.00769061 -0.0103206 0.0034029
-0.112975 0.459657 1.62776 0.00897948 -0.00777147 0.0028471
-0.120956 0.647208 1.60046 0.00826645 -0.0080563 0.00262687
-0.136752 0.483831 1.74314 0.00225867 -0.00998392 0.00145008
-0.0399008 1.05127 2.06796 -0.00019601 -0.00720006 0.0009247
-0.00938326 1.22993 2.44083 -0.001565 -0.00633991 0.00244691
-0.0657839 1.26076 2.26299 -0.00063922 -0.00712271 0.00198784
-0.116513 1.22573 1.84462 0.00334744 -0.00960266 0.00292303
-0.0584426 1.06629 1.98788 -0.00168601 -0.0085705 0.00384606
-0.054424 1.1128 1.93158 -0.00126057 -0.00995973 0.00406625
