-0.00587261 0.0280849 0.0869224 0.0002487 -0.00024121 0.00028097
-0.0108848 0.185555 0.194852 -0.0004009 -0.00071106 0.0005051
-0.00939892 0.0860751 0.206336 0.00085919 -0.00047001 0.00051279
-0.00834522 0.00474896 0.184632 0.00062753 -0.00043797 0.00050199
-0.00635623 0.00846712 0.154043 0.00024576 -0.00027321 0.00042514
-0.011665 0.0686451 0.155523 0.00048936 -0.00068457 0.00061746
-0.0161216 0.270371 0.298293 7.294e-05 -0.00070287 0.00067743
-0.0137252 0.113593 0.234197 0.00084503 -0.00062555 0.00069259
-0.0144948 0.0354407 0.183999 0.00089017 -0.00059239 0.00058626
-0.0184408 0.0452368 0.140733 0.00087693 -0.00071836 0.00066355
-0.0125133 0.13222 0.210936 -0.00023954 -0.0008382 0.0007814
-0.0150336 0.251847 0.2613 0.00016793 -0.00085648 0.00089118
-0.0154998 0.0286888 0.185881 0.00099718 -0.00050537 0.00064664
-0.0140745 0.0123291 0.17469 0.000433 -0.0007441 0.0004771
-0.015382 0.0379063 0.148277 0.000433 -0.00066998 0.00074364
-0.00994619 0.0472831 0.11326 0.000433 -0.0007116 0.00080679
-0.00568853 0.157813 0.226113 -7.49e-06 -0.00062513 0.00067268
-0.0110239 0.240328 0.314808 -0.00075191 -0.00085648 0.00092968
-0.00994587 0.0143159 0.20738 0.00030336 -0.00060648 0.00063641
-0.00770405 0.00496089 0.15287 0.00046771 -0.00067341 0.00063802
-0.00561862 0.0749692 0.192233 0.00023583 -0.00060648 0.00076475
-0.00888135 0.12261 0.241367 -0.00012198 -0.00075054 0.00095397
-0.00632732 0.0312151 0.16365 0.00026527 -0.00085648 0.00087805
-0.00746776 0.0614183 0.123335 0.00080925 -0.00085648 0.00085206
-0.00705395 0.215945 0.256625 -0.00050858 -0.0009207 0.00091117
-0.0150147 0.101314 0.247016 -0.00011066 -0.00085648 0.00091644
0.00620931 -0.0438048 -0.00862535 -0.00015489 -0.00123532 0.00123147
0.0304545 -0.00351552 0.0275125 0.00098169 -0.00155524 0.00141778
0.0210126 0.228995 0.206135 0.00194492 -0.00219534 0.00180665
0.0189076 0.0352757 0.122035 0.00098308 -0.00240391 0.0013683
0.0508197 -0.171143 -0.158704 0.00118783 -0.00357301 0.00253928
0.110793 -0.117311 -0.252854 0.00461823 -0.0052056 0.00426701
0.120822 0.0264717 -0.13618 0.00396278 -0.00449554 0.00415166
0.086089 -0.061608 -0.238738 0.0033021 -0.00554385 0.00373517
0.0292387 -0.0591901 -0.0813065 0.00112685 -0.00463328 0.0027222
0.0116054 0.0707338 0.0669141 0.00065022 -0.00255754 0.00179843
-0.0201715 0.159912 0.160813 0.00069798 -0.00341181 0.00165357
-0.0229511 0.0242289 0.115296 0.0005357 -0.00331159 0.00170838
-0.00276982 -0.111627 -0.127223 0.00212565 -0.00482567 0.00178238
-0.0106999 0.185752 -0.0156914 -0.00123483 -0.00384361 0.00111537
-0.0414813 0.0909268 0.147923 -0.00129003 -0.00459306 0.00133897
-0.0350543 -0.0633672 0.0111802 -0.00193676 -0.0047898 0.00227074
-0.055461 -0.108173 0.00028703 -0.0021363 -0.003653 0.0024275
-0.0742072 0.0158162 0.147957 -8.71e-05 -0.00433807 0.00119561
-0.0827394 0.30585 0.336419 -0.00048214 -0.00562285 0.0013981
-0.0803725 0.0311321 0.0891666 -0.00070491 -0.00527411 0.00142914
-0.0828076 0.105667 0.154754 -0.00190724 -0.00584426 0.00157148
-0.0871739 0.201974 0.164596 -0.00116715 -0.00620304 0.00198069
-0.0804021 0.0911962 0.11301 -0.00070062 -0.0051466 0.00217566
-0.0767674 -0.00326934 0.0750882 -0.00020498 -0.00478686 0.00176102
-0.0472177 -0.05972 -0.0888183 -0.00083288 -0.00431099 0.00234735
-0.0529326 0.121458 0.08251 -0.00135989 -0.00485766 0.00199665
-0.0624643 0.22884 0.229408 -0.00170545 -0.00422121 0.00224468
-0.0522426 -0.0206281 0.00737589 -0.00098746 -0.0044064 0.00199665
-0.0510609 -0.051254 -0.00646992 -0.00046073 -0.00499328 0.00237852
-0.0482953 0.00101246 0.0312988 -0.00044298 -0.00627331 0.00257012
-0.0517155 0.00884955 0.0288154 -0.0004781 -0.006518 0.00230803
-0.0531201 -0.0946362 -0.133775 -0.00148048 -0.00584327 0.00275773
-0.0470547 -0.0362597 -0.0370636 -0.0012726 -0.00590815 0.0028016
-0.0490039 0.0894044 0.0408855 -0.00032627 -0.00633783 0.00257756
-0.0500286 0.0501345 0.017012 8.525e-05 -0.00632657 0.00265323
-0.0503757 0.010312 -0.00397938 0.00054968 -0.00661012 0.00254501
-0.0434258 -0.111989 -0.176068 -0.0012946 -0.00607967 0.00320549
-0.056661 -0.00074684 -0.0527966 -0.00118319 -0.00564593 0.00284875
-0.0673887 -0.0258137 -0.0246543 -0.00167956 -0.00532915 0.00315971
-0.067881 -0.0187558 -0.0331822 -0.00149856 -0.00548635 0.00309248
-0.0385807 -0.102608 -0.15521 -0.00304591 -0.00618439 0.00333204
-0.0399669 -0.0422346 -0.116714 -0.00253845 -0.00414814 0.00232409
-0.0514056 0.0115268 -0.0242919 -0.00119516 -0.00440298 0.00225879
-0.0667323 0.168083 0.0545741 -0.00296269 -0.00398363 0.00190759
-0.0626207 0.0141194 0.0651583 -0.00234078 -0.0044398 0.00213296
-0.0619233 0.133103 0.176152 -0.00280709 -0.00563499 0.00193777
-0.0675706 0.031589 0.126292 -0.00156514 -0.00571342 0.00169924
-0.0819263 -0.0137595 0.104222 -0.00117788 -0.00577448 0.0017777
-0.0592601 -0.14394 -0.0695721 -0.00337656 -0.00540972 0.0026419
-0.06867 0.00866015 0.0749892 -0.00220792 -0.00523087 0.00261151
-0.0760538 0.0208842 0.138319 -0.00416234 -0.0056593 0.0039788
-0.0556849 0.168913 0.0006024 -0.00601515 -0.00551274 0.00294028
-0.0500448 0.114094 -0.00043717 -0.00667444 -0.00490774 0.00301312
-0.0691543 0.297708 0.265115 -0.00602921 -0.00706217 0.00276591
-0.0629635 0.387111 0.452281 -0.00720309 -0.0060299 0.00130966
-0.074973 0.159129 0.446392 -0.00477244 -0.00485438 0.00141622
-0.0706015 -0.213703 0.14738 -0.00442644 -0.00573692 0.00244143
-0.0689215 -0.222575 -0.0611153 -0.00537585 -0.00618985 0.00339601
-0.0806219 -0.173406 -0.0991921 -0.00234487 -0.00451621 0.00263424
-0.0785988 -0.030073 -0.0820763 -0.00076205 -0.00416471 0.00229502
-0.0649205 0.0207494 -0.0566525 -5.762e-05 -0.0051967 0.00249367
-0.0471352 0.0832635 -0.112984 -0.00054145 -0.00562469 0.0026344
-0.0440219 0.0794364 -0.135394 2.931e-05 -0.00580743 0.00282692
-0.0533746 0.0835219 -0.0411709 -3.563e-05 -0.00621024 0.002624
-0.0481666 0.0544274 -0.0486977 -0.00017441 -0.00628168 0.00242328
-0.0600958 0.0155042 0.0245886 -0.00086268 -0.00517603 0.00209876
-0.0667476 -0.0789686 0.0246346 0.00021537 -0.00636678 0.00277646
-0.0710532 0.0412622 0.195127 -8.095e-05 -0.00636342 0.00241923
-0.0667843 -0.0318067 0.076573 -0.00018555 -0.00583045 0.00227295
-0.0804596 -0.105858 -0.00929246 -0.00079892 -0.00469465 0.00224866
-0.0757649 -0.127769 -0.0585686 0.0015997 -0.00525958 0.00238936
-0.0746338 0.210245 0.147873 0.00099207 -0.00603279 0.00268779
-0.0938144 0.253744 0.2212 0.00054076 -0.00612349 0.00249924
-0.0892749 0.0214326 0.0363035 -0.00131392 -0.00621689 0.00215469
-0.088931 0.039701 0.0837292 -0.00158339 -0.00585044 0.00210718
-0.0764302 0.0238927 0.0624459 2.769e-05 -0.00613273 0.00245933
-0.0585171 -0.0368064 -0.0985527 -0.00012475 -0.00477119 0.00249637
-0.0563767 -0.0203203 -0.113132 0.00047754 -0.00560254 0.00196091
-0.0575483 -0.0417321 -0.0679066 0.00171064 -0.00576517 0.00242786
-0.0756096 0.0285512 0.0452178 0.00172627 -0.0053786 0.00231735
-0.0646601 0.0243267 0.0240304 0.00133268 -0.00505929 0.00232414
-0.0791055 -0.0128103 0.025017 0.0005699 -0.00428915 0.0019761
-0.0829357 0.00990067 0.0786611 0.00118283 -0.00457893 0.00196115
-0.0818144 0.215456 0.209874 0.00091323 -0.00504767 0.00217157
-0.0990771 0.00362616 0.0919578 6.157e-05 -0.00434748 0.001847
-0.0884287 -0.0208043 0.158046 0.00049335 -0.0051366 0.00234898
-0.0891113 -0.00691581 0.121206 0.00121093 -0.00484806 0.00235136
-0.0544937 -0.0392547 -0.0865188 0.00062361 -0.00415803 0.00229972
-0.0636772 0.0348021 -0.0406164 -9e-06 -0.00375004 0.00124045
-0.0522854 0.00056045 -0.0686706 0.00166978 -0.00443285 0.00150802
-0.0524128 0.00087503 -0.0805284 0.00199542 -0.00478573 0.00182263
-0.0619831 0.107529 0.078248 0.00169432 -0.00413559 0.0019243
-0.0544251 -0.0187063 -0.0683111 0.00112967 -0.00411157 0.00191969
-0.0756905 -0.0233791 0.0207674 0.00100783 -0.00405531 0.00129916
-0.0841363 -0.0522063 0.00100464 0.00120996 -0.00465315 0.00129916
-0.0810569 0.0171283 0.107235 0.00086936 -0.00488918 0.00129916
-0.0781214 -0.0446647 -0.0363002 -0.00039161 -0.00414036 0.00148142
-0.0637824 -0.0163187 0.00865616 -4.436e-05 -0.00572891 0.00214624
-0.0555205 -0.0183449 0.00718786 4.096e-05 -0.00586725 0.00234425
-0.0606209 0.0350671 0.0579942 0.00044204 -0.00569614 0.0022856
-0.0662673 0.451209 0.372277 0.00093161 -0.00594833 0.00179967
-0.0836984 0.205927 0.224012 -0.00021309 -0.00488169 0.001182
-0.086995 -0.0303357 0.0453334 0.00106219 -0.0039833 0.00170029
-0.0987356 -0.103594 0.043975 0.00140572 -0.00411839 0.00180858
-0.0850755 -0.0855967 -0.00608031 0.0003676 -0.00408372 0.00204064
-0.0859825 -0.0143767 0.00263914 0.00030483 -0.00408299 0.00161343
-0.0589966 0.00346897 -0.0219387 0.00032026 -0.00417486 0.00191027
-0.0538877 0.0459656 -0.0323586 0.00034946 -0.00516537 0.00234761
-0.0565551 0.0856065 0.0128328 0.00077491 -0.00565328 0.00239417
-0.0565788 0.0254245 -0.00745975 -0.00051576 -0.0059028 0.00183678
-0.06125 0.0252466 -0.0292778 -0.00048353 -0.00266302 0.00134731
-0.082964 0.191128 0.140531 0.00043984 -0.00423582 0.00161343
-0.0727878 0.293954 0.34697 0.00045286 -0.0048808 0.0019738
-0.112591 0.00759523 0.267934 0.0002292 -0.00562073 0.00136754
-0.109983 -0.048791 0.254603 0.0013161 -0.00449604 0.00152974
-0.106666 -0.0135377 0.237641 0.00139863 -0.00518092 0.00154198
-0.0582334 -0.0290419 0.0526269 0.00184 -0.00359363 0.00171315
-0.057615 0.0734676 0.0603655 0.00206577 -0.00467132 0.00219757
-0.0648386 0.283247 0.189817 0.00120028 -0.00535547 0.00250073
-0.0808193 0.214697 0.217357 0.00263184 -0.00565588 0.00260726
-0.088957 0.169268 0.22832 0.00263184 -0.00601102 0.00239602
-0.0840974 0.0364445 0.111912 0.00204161 -0.00557387 0.00218971
-0.0789212 0.0579526 0.112047 0.00170741 -0.00472718 0.0021903
-0.0832429 0.0369333 0.192189 0.00181974 -0.00533259 0.0021471
-0.0850504 -0.00624899 0.190194 0.00271959 -0.00591371 0.00225973
-0.0979183 -0.0051648 0.176296 0.00100967 -0.00466187 0.00136491
-0.0664189 -0.00056603 0.0453125 0.00199173 -0.00311981 0.00190355
-0.0764654 0.280637 0.200501 0.00142819 -0.00366773 0.00204805
-0.090312 0.375304 0.245917 0.00051178 -0.00481816 0.0019075
-0.0912981 0.174679 0.141244 0.00015581 -0.00381689 0.0016593
-0.0988693 0.0854941 0.108673 0.0001078 -0.00382016 0.0016593
-0.0891645 0.144308 0.128625 0.00011281 -0.00466112 0.0016593
-0.0860976 0.00580825 0.0306553 7.854e-05 -0.00382521 0.0013523
-0.0779232 0.0413222 0.0898744 -0.00049509 -0.00350149 0.00112128
-0.0717242 0.145689 0.244657 -0.00061589 -0.00415366 0.00141425
-0.0814653 0.0143542 0.263305 0.00013073 -0.0041825 0.00120624
-0.0862922 0.0170287 0.159241 0.00034317 -0.00379313 0.00120624
-0.0881321 0.00015823 0.137543 0.00045732 -0.00333701 0.00138358
-0.0889422 0.0835455 0.171033 0.00038384 -0.00411113 0.00166271
-0.0881993 0.342448 0.297992 0.0008559 -0.00505255 0.0018793
-0.103371 0.180846 0.203903 0.00079341 -0.00446178 0.00138909
-0.0950319 0.101035 0.223408 0.00045732 -0.00505373 0.00189879
-0.0894938 0.104137 0.22485 0.00085612 -0.00483267 0.00188489
-0.091118 0.127113 0.216293 0.0008227 -0.00471064 0.00184594
-0.0954157 0.120818 0.181927 0.00142174 -0.00457086 0.00165282
-0.095173 0.099728 0.202734 0.00089039 -0.00453048 0.00173824
-0.0959937 0.0808794 0.180476 0.00109278 -0.00476398 0.00150152
-0.0965738 0.0655233 0.164606 0.00112564 -0.00478243 0.00130772
-0.109742 0.0404188 0.16266 0.00097018 -0.004454 0.00086513
-0.099683 0.0145169 0.14284 0.00078061 -0.00362486 0.00086596
-0.100629 0.0317953 0.124028 0.00148201 -0.00372589 0.0009148
-0.0990911 0.165072 0.203025 0.00114502 -0.00413831 0.00112859
-0.100421 0.168995 0.239494 0.00147626 -0.00397839 0.00124804
-0.0936954 -0.00352634 0.223055 0.00155413 -0.00381749 0.00102064
-0.0971354 0.0194973 0.184355 0.0016059 -0.00378202 0.00107035
-0.0980289 0.0359931 0.173738 0.00111359 -0.00398907 0.00104833
-0.0946648 0.0601108 0.154482 0.00112327 -0.00360745 0.0009717
-0.0904122 0.219596 0.236511 0.00130907 -0.00412731 0.00116644
-0.0953158 0.0418082 0.205146 0.0016222 -0.0040033 0.00109295
-0.0955288 0.0282036 0.17663 0.00136191 -0.00360745 0.00102899
-0.0973874 0.0413913 0.131423 0.00159446 -0.00349783 0.00098297
-0.099103 0.0368635 0.145815 0.00156104 -0.00360745 0.00093306
-0.101193 0.034237 0.139297 0.00166976 -0.00379778 0.00099071
-0.101431 0.0425119 0.10992 0.00174446 -0.00371012 0.00099898
-0.100089 0.0329346 0.115527 0.00167392 -0.00376038 0.00107708
-0.0973218 0.0216566 0.103084 0.00152622 -0.00379634 0.00099526
-0.0858573 0.0583694 0.138279 0.00113779 -0.00366982 0.00106225
-0.0823582 0.32479 0.308396 0.00211398 -0.00435164 0.00107464
-0.0531246 0.177792 0.37786 -0.00112907 -0.00180441 0.00093845
-0.0532438 -0.0848431 0.109267 -0.0005319 -0.00369815 0.00161168
-0.0914532 0.0850925 0.284241 -0.00127014 -0.00453465 0.00124187
-0.0908522 0.0581319 0.249632 -0.00119396 -0.00371757 0.00124187
-0.0855539 0.0766691 0.123024 0.00044411 -0.00385086 0.00157846
-0.0865479 0.229562 0.219775 0.00055824 -0.00499222 0.00182897
-0.0860629 0.02927 0.123955 0.00033294 -0.00350826 0.00138385
-0.0790676 0.0448919 0.112904 0.00109121 -0.00372598 0.00175402
-0.0838086 0.0567275 0.125884 0.00089377 -0.00371044 0.00174592
-0.0640829 0.048522 0.0646075 0.00160556 -0.00347458 0.0018594
-0.0554207 0.0642033 0.101252 0.00150033 -0.00351831 0.00194914
-0.0657219 0.0444045 0.126258 0.00281206 -0.00389078 0.00231327
-0.0653387 0.269008 0.283263 0.00232632 -0.00398101 0.0022134
-0.0781122 0.0623971 0.214731 0.00160084 -0.00369326 0.00179543
-0.0726579 0.0289597 0.252448 0.00136724 -0.0043657 0.0020384
-0.0727369 0.0310355 0.25031 0.00122622 -0.00499695 0.00207777
-0.0529211 0.0623574 0.126705 0.00158159 -0.00388107 0.00205602
-0.0573198 0.127367 0.207381 0.00106883 -0.00402034 0.00216079
-0.0657869 0.361111 0.351929 0.00041732 -0.00484597 0.00194242
-0.0752502 0.231547 0.31583 0.00124806 -0.0045768 0.00182649
-0.0747594 0.137531 0.254868 0.00052037 -0.00429104 0.00196041
-0.0752368 0.0891522 0.265393 0.00062585 -0.00479548 0.00191429
-0.0749472 0.0810817 0.260663 0.0011353 -0.00473202 0.00200512
-0.0748614 0.114506 0.257658 0.00120208 -0.00469762 0.00202532
-0.060316 0.0933493 0.156809 0.00144449 -0.00416925 0.00199212
-0.0670324 0.126141 0.197539 0.00123867 -0.00405189 0.00213996
-0.0705114 0.328283 0.341623 0.00098319 -0.00481827 0.0020295
-0.0587423 0.340029 0.360919 -0.00060101 -0.00399717 0.00137421
-0.0762181 0.054726 0.349306 0.00059134 -0.00391704 0.00147862
-0.0643127 -0.064277 0.163112 0.00105764 -0.00320309 0.00190645
-0.0648577 0.0184727 0.177095 0.0013309 -0.00299723 0.00179452
-0.0623406 0.0802738 0.192277 0.00112657 -0.00333024 0.00183774
-0.0391583 0.111278 0.117262 0.00059126 -0.0026008 0.00205297
-0.041398 0.216411 0.126887 0.00059322 -0.00247211 0.00200974
-0.048708 0.393028 0.327816 0.00088181 -0.00386121 0.00205248
-0.0677765 0.340073 0.379029 0.00076811 -0.00400388 0.00231083
-0.0707311 0.183961 0.358629 0.00140791 -0.00400388 0.00215607
-0.061082 0.0882664 0.293741 0.00109741 -0.00425334 0.00216275
-0.0662057 0.0340889 0.316009 0.00119866 -0.00444322 0.00201893
-0.074672 -0.044117 0.128026 0.00177047 -0.00401704 0.00199886
-0.0887393 0.16322 0.249208 0.00084006 -0.00508624 0.00292816
-0.113899 0.260968 0.396288 -0.00045998 -0.00629059 0.0025736
-0.088667 0.0924426 0.0930189 0.00180647 -0.00448098 0.00230547
-0.0732635 0.270487 0.221003 0.00073145 -0.00501091 0.00279086
-0.0759913 0.388715 0.355912 0.00045047 -0.00574029 0.0025761
-0.091828 0.123496 0.332876 0.00055117 -0.00577584 0.0022791
-0.0848479 0.0510168 0.276701 0.00050908 -0.00507409 0.00212289
-0.0704182 0.122385 0.311361 -0.00026952 -0.00493467 0.00216754
-0.0719414 0.247539 0.453721 -0.00044688 -0.00620975 0.00225798
-0.0881683 0.117194 0.329524 -0.00173113 -0.00473037 0.00174335
-0.0753599 0.0116148 0.188554 -0.00072899 -0.00479204 0.00157287
-0.0579087 0.234541 0.191247 -0.00320733 -0.00392974 0.00257326
-0.0783747 0.384423 0.27647 -0.00449852 -0.00373801 0.00151495
-0.0622417 0.321098 0.359486 -0.00273542 -0.00513866 0.00216516
-0.0657736 0.184085 0.350512 -0.00192364 -0.00529035 0.00187254
-0.0848142 0.125639 0.331299 -0.00216587 -0.00422588 0.00153827
-0.0829212 0.0732579 0.317841 -0.00148844 -0.00394138 0.001384
-0.0829753 0.0450693 0.302301 -0.00064779 -0.00401965 0.00144399
-0.0895404 0.127704 0.296706 -0.00030893 -0.00405778 0.00163488
-0.0798799 0.208569 0.287053 -0.00102599 -0.00428532 0.00169889
-0.0722775 0.048568 0.0371022 -0.00129228 -0.00370667 0.00191072
-0.0477483 0.17812 -0.0098245 0.00121062 -0.00271506 0.00160593
-0.0613942 0.283506 0.181162 0.00159004 -0.00200756 0.00158493
-0.0586075 0.178883 0.187183 0.00088223 -0.00216852 0.00159772
-0.061427 0.0313102 0.0501718 -5.388e-05 -0.00182635 0.00100773
-0.0635061 0.00961275 0.0211996 -0.00043159 -0.00153401 0.00109919
-0.0700052 -0.0889398 -0.0763486 0.00115035 -0.00304588 0.0013644
-0.0671851 -0.0478802 -0.0733925 0.00066178 -0.00302883 0.00102597
-0.0686653 -0.0176761 -0.064564 0.00052182 -0.00317637 0.00085759
-0.0518189 0.0234616 -0.0876446 0.00279772 -0.00379599 0.00072923
-0.0460217 0.056501 -0.0329892 0.00093786 -0.00293936 0.00145704
-0.0542189 0.0210856 -0.0272182 0.0011995 -0.00317592 0.00162586
-0.0590394 0.0209922 -0.0199804 0.00116247 -0.00321208 0.00123443
-0.042385 4.926e-05 -0.0443177 0.00131234 -0.00396883 0.00092523
-0.0347033 0.0223834 0.0205579 0.00120058 -0.0021796 0.00150355
-0.0475077 0.186108 0.188346 0.0015875 -0.00271735 0.00141221
-0.039165 0.383093 0.325213 -0.00069947 -0.0027969 0.00053745
-0.0321171 0.323085 0.378402 -0.00190921 -0.00097256 0.00027944
-0.0523569 -0.00549456 0.281601 0.00010545 -0.00172793 5.092e-05
-0.0481801 -0.0116486 0.186681 0.00017131 -0.00251648 0.0003441
-0.0626979 0.00467741 0.175828 0.00102661 -0.00314399 0.00067826
-0.0458913 -0.00521894 -0.0297802 0.00033564 -0.00120265 0.00044654
-0.0503533 0.189363 0.00088601 0.00047045 -0.00129492 0.00066693
-0.0597226 0.393053 0.125982 0.00056468 -0.0025619 0.00116703
-0.0614087 0.260973 0.129743 0.00098856 -0.0022255 0.00109979
-0.0722015 0.205752 0.149539 0.00129797 -0.00262578 0.00094006
-0.0619643 0.0446789 0.0425787 0.00047671 -0.00174965 0.00087547
-0.062589 0.00054247 0.0535846 0.00110306 -0.00224084 0.0008168
-0.069208 0.0132459 0.139463 0.00112358 -0.00188905 0.0007429
-0.0622761 0.182591 0.0684785 0.0002168 -0.00179785 0.00077395
-0.0584835 0.0993767 0.0625615 0.00035735 -0.00161921 0.00092153
-0.066349 0.0450293 0.0889778 0.00026359 -0.00238316 0.00093284
-0.0646327 0.069472 0.0646645 0.00080733 -0.00228731 0.00095156
-0.0535583 0.0437964 -0.0168871 0.00051252 -0.00230747 0.00087181
-0.0503121 0.0272639 -0.0138003 -0.00019656 -0.00179821 0.00059119
-0.0577295 -0.00985101 -0.02958 0.00035315 -0.00224638 0.00041387
-0.0643552 0.168937 0.155299 0.00116245 -0.00250445 0.00108944
-0.0505008 0.0322459 0.0305949 3.875e-05 -0.00154492 0.00081449
-0.0478508 0.00051211 0.028311 0.00032229 -0.00142334 0.00078847
-0.0621677 0.135136 0.16251 0.00124608 -0.00221655 0.00091753
-0.0619019 0.0492704 0.0767387 0.00131066 -0.0020562 0.00101554
-0.0620729 0.00865629 0.0806179 0.00081146 -0.00196741 0.00092715
-0.0674776 0.0384648 0.120605 0.00087697 -0.00231508 0.00119158
-0.067726 0.463499 0.264959 -9.282e-05 -0.00303799 0.00157228
-0.0708448 0.272038 0.205429 0.00102685 -0.00301385 0.00129572
-0.0670514 0.190227 0.0708614 0.00012615 -0.00213122 0.00110276
-0.059315 0.17335 0.0717961 0.00023555 -0.00212869 0.00093107
-0.0607516 0.0659884 0.0918693 0.00037615 -0.00229169 0.00083011
-0.0731143 0.0275587 0.141765 0.00071023 -0.00266478 0.00094439
-0.0643209 -0.0591473 0.0232339 0.00123776 -0.00208664 0.00083341
-0.0269981 -0.22133 -0.414424 0.00552849 -0.00316382 0.00087398
-0.03172 0.0574378 -0.0934271 0.00086569 -0.00312633 0.00058916
-0.0724806 0.100427 -0.0266785 0.00112312 -0.00272308 0.00085337
-0.0712825 0.223377 0.0295475 0.00142224 -0.0019889 0.00095612
-0.0711053 0.0451562 0.0617198 0.00033605 -0.00196018 0.00108223
-0.0870597 0.116411 0.130062 0.00061825 -0.00268454 0.00117669
-0.0804244 0.0615863 0.0810972 0.00075258 -0.0024202 0.00106863
-0.0708428 0.017801 0.127784 0.00035556 -0.00290345 0.00144974
-0.0840736 0.00169246 0.124646 0.00038381 -0.00284585 0.00118847
-0.0905664 0.0057956 0.111471 0.00067555 -0.00305003 0.00111596
-0.0866014 0.0248805 0.138505 0.00010556 -0.00356773 0.00139554
-0.0912284 0.115767 0.165636 0.00059543 -0.00346724 0.00174131
-0.0933972 0.222382 0.140293 -8.17e-05 -0.00383472 0.00115467
-0.10082 0.108968 0.222571 6.164e-05 -0.00397843 0.00127141
-0.0734577 0.00895971 0.0510106 -0.00039242 -0.00268967 0.00096043
-0.0728629 0.102667 0.0858966 -0.00016636 -0.00273611 0.00131189
-0.0809182 0.137403 0.0999394 -0.00010349 -0.00331787 0.00129653
-0.0811184 0.11195 0.0987001 6.164e-05 -0.00326251 0.00125839
-0.0807504 0.089248 0.100545 6.164e-05 -0.003358 0.00152474
-0.0748003 0.0588266 0.0697429 -0.00014778 -0.00302271 0.00129792
-0.090131 0.233381 0.188437 -5.845e-05 -0.00403047 0.00147132
-0.0900719 0.24562 0.306933 -0.00087586 -0.00382895 0.00139216
-0.091632 -0.0342533 0.117268 0.00020894 -0.00349498 0.0008257
-0.0882689 0.0142668 0.07773 -0.00022528 -0.00260557 0.00040744
-0.0911363 0.02415 0.132519 0.00017725 -0.0032113 0.00087493
-0.103064 0.0294372 0.218814 0.00023711 -0.00401691 0.0011689
-0.0828126 0.0394957 0.103315 0.00017725 -0.00298974 0.00113424
-0.0534849 0.28198 0.209765 -0.00079436 -0.0024471 0.00194844
-0.0572109 0.502731 0.320078 -0.00154673 -0.00276246 0.0018868
-0.0743735 0.203489 0.208131 -0.0010905 -0.00281451 0.00110453
-0.0787174 0.10811 0.141445 9.347e-05 -0.00285133 0.00110447
-0.0898614 0.0909776 0.226143 -0.00017035 -0.00364015 0.00137025
-0.0863409 0.0637933 0.244479 -0.00011241 -0.00406264 0.00119205
-0.0854674 0.0813188 0.24185 -0.00031126 -0.00408142 0.00129636
-0.0903169 0.104531 0.242899 -0.00024778 -0.00390179 0.00128004
-0.0847949 0.13127 0.230838 -0.00017015 -0.00427058 0.00123816
-0.0907954 0.284632 0.335914 0.00031863 -0.00421202 0.00113749
-0.0841871 0.472948 0.526013 -0.00132841 -0.00494247 0.00128765
-0.085932 0.221041 0.488385 -0.00063165 -0.00478492 0.00116364
-0.0912664 0.136083 0.419242 0.00123008 -0.00471313 0.00108594
-0.0912072 0.167705 0.415777 0.00035982 -0.00480621 0.00112656
-0.0910234 0.193426 0.393638 0.00015885 -0.00470043 0.00117219
-0.0796858 0.217289 0.358226 0.00039754 -0.00476839 0.00119507
-0.0913229 0.237557 0.376969 -0.00060005 -0.00503607 0.00111887
-0.0851631 0.249863 0.352631 -0.00019752 -0.00502702 0.00119836
-0.0840829 0.412172 0.456231 -0.0006527 -0.00482762 0.00131305
-0.0840569 0.242829 0.442254 -0.00039365 -0.00464835 0.00131543
-0.0846475 0.111881 0.405959 -0.00020456 -0.00447823 0.00110683
-0.0946611 0.142974 0.341664 0.00047442 -0.0043353 0.00108276
-0.0861265 0.15699 0.339934 0.00015876 -0.00471439 0.00099321
-0.0838897 0.185596 0.343009 -0.00011112 -0.00461073 0.00125086
-0.0860605 0.341971 0.452325 0.00097322 -0.00545733 0.00116678
-0.0860761 0.428746 0.59613 0.00164949 -0.00668649 0.00138851
-0.0884582 0.223261 0.620111 0.00049133 -0.00737771 0.00142989
-0.0876676 0.259654 0.569737 0.0010159 -0.00700122 0.00136146
-0.0854076 0.434675 0.684365 -0.00030034 -0.00735234 0.0014206
-0.0860134 0.322535 0.649593 -0.00061641 -0.00707541 0.00143525
-0.0873726 0.237799 0.653678 -0.00151609 -0.00662941 0.00124324
-0.0873891 0.237228 0.574068 -0.00034054 -0.00638003 0.00124114
-0.0845311 0.145064 0.429236 -0.00067775 -0.00492287 0.00126926
-0.0749196 0.246514 0.364622 0.00188841 -0.00521135 0.00140265
-0.0906995 0.0777057 0.0911361 0.00168123 -0.00349369 0.00111015
-0.0569848 -0.361154 -0.727376 0.0136974 -0.00525566 0.00075402
-0.0306216 -0.239859 -0.971754 0.0167991 -0.00444086 0.00058334
-0.0349616 -0.0194247 -0.769631 0.0128993 -0.00404845 0.00074206
-0.0507378 0.162773 -0.23721 0.00550796 -0.00201591 -0.00025378
-0.0600493 -0.0736748 -0.27601 0.00683091 -0.0021944 0.00040122
-0.0761855 -0.172806 -0.271935 0.00584153 -0.00253714 0.00030621
-0.0747116 -0.263568 -0.376317 0.00919165 -0.00427771 0.00068308
-0.083761 -0.361856 -0.47923 0.0110009 -0.00442434 0.00095365
-0.0494781 -0.422154 -0.787309 0.0137391 -0.00455166 0.00109814
-0.0478088 -0.10148 -0.59322 0.0132924 -0.00359994 0.00095662
-0.0598806 0.0142718 -0.513026 0.0122718 -0.00420621 0.00090083
-0.0615672 -0.103145 -0.528247 0.0124177 -0.00429673 0.00098727
-0.0631279 -0.0901566 -0.534111 0.0126113 -0.00450494 0.00103539
-0.0591446 -0.185726 -0.684363 0.0145795 -0.00422294 0.0009575
-0.0569397 -0.23214 -0.57568 0.0131676 -0.00500691 0.00096955
-0.06369 -0.127985 -0.512562 0.0136478 -0.00489685 0.00099298
-0.0618608 -0.190401 -0.525391 0.0141995 -0.00495556 0.00103394
-0.043735 -0.348776 -0.777036 0.0149275 -0.00437455 0.00111731
-0.0511476 -0.0615034 -0.563847 0.0128636 -0.00449206 0.00118669
-0.0657587 0.0834727 -0.336765 0.0110021 -0.00381789 0.00087574
-0.0653858 -0.153578 -0.375735 0.011602 -0.00376093 0.0009082
-0.0435241 -0.420239 -0.80353 0.01365 -0.0056906 0.00120826
-0.0196443 -0.481422 -0.951271 0.0158417 -0.00601078 0.0014497
-0.0192884 -0.299747 -0.941997 0.0134117 -0.00545018 0.00112341
-0.0395331 -0.0711369 -0.562825 0.0113831 -0.00404728 0.00076774
-0.0430539 -0.0769521 -0.516729 0.0109841 -0.00428271 0.00059003
-0.0430822 -0.270866 -0.760114 0.012597 -0.00487515 0.00086269
-0.0466284 -0.260318 -0.667035 0.0117108 -0.00513575 0.00075219
-0.0548585 -0.208984 -0.620343 0.0119951 -0.00580433 0.00078343
-0.0548035 -0.0724425 -0.457984 0.0106847 -0.00502932 0.00091418
-0.0561646 -0.247623 -0.644395 0.0119784 -0.00542618 0.00089331
-0.043896 -0.262179 -0.647475 0.0111024 -0.00563814 0.00091501
-0.0470886 -0.133873 -0.553021 0.0117329 -0.0052539 0.00078946
-0.0479653 -0.164013 -0.589538 0.0100672 -0.00402704 0.00098432
-0.0424623 -0.243268 -0.596511 0.0106719 -0.00483801 0.00107897
-0.0611125 -0.136242 -0.472635 0.00904392 -0.00533665 0.00105011
-0.0532757 0.00050027 -0.391519 0.00820125 -0.00532256 0.0008515
-0.0546545 -0.188345 -0.428117 0.00979223 -0.00523968 0.00096985
-0.0360855 -0.268765 -0.692831 0.0136801 -0.00496707 0.00109578
-0.0404458 -0.224128 -0.664496 0.0116541 -0.00505821 0.00092504
-0.052761 0.0470745 -0.467926 0.0101353 -0.00491155 0.00079614
-0.05504 0.111804 -0.31756 0.00802527 -0.0045334 0.00083948
-0.0576935 -0.0166703 -0.342211 0.00789377 -0.0050953 0.0007539
-0.0553846 -0.0622709 -0.528282 0.0101122 -0.00437012 0.00082607
-0.03221 -0.178438 -0.630749 0.0114784 -0.00501749 0.00083036
-0.0459155 -0.197991 -0.514756 0.0109621 -0.00515159 0.00097994
-0.0493764 -0.336325 -0.716697 0.0139803 -0.00595646 0.00116096
-0.047311 0.226172 -0.372419 0.0138456 -0.00281519 0.00147364
-0.0463137 -0.172539 -0.383663 0.0140617 -0.00252727 0.00052461
-0.0550318 -0.59074 -0.668476 0.0186303 -0.0048368 0.00092418
-0.0394303 -0.537307 -0.772269 0.0170906 -0.00584542 0.0019306
-0.0346752 -0.314338 -0.756294 0.0150821 -0.00486618 0.00159429
-0.0285646 -0.165554 -0.651458 0.0130487 -0.0041594 0.0014036
-0.0206988 -0.134336 -0.809412 0.0165022 -0.00390322 0.00139746
-0.0343452 0.0353046 -0.68917 0.01679 -0.00467616 0.00172177
-0.0426394 0.143342 -0.360013 0.0130576 -0.00393836 0.00188691
-0.0470502 -0.0441089 -0.361119 0.0127624 -0.00426588 0.0019088
-0.0403489 -0.246179 -0.600409 0.0159176 -0.00484502 0.00172213
-0.0364719 -0.329343 -0.535136 0.0142562 -0.00431571 0.00164199
-0.045018 -0.214951 -0.403498 0.0136633 -0.00281568 0.00117054
-0.040054 -0.277957 -0.52284 0.0136337 -0.00234085 0.00136963
-0.0330608 -0.189916 -0.497425 0.0130117 -0.00180529 0.0010007
-0.0435868 -0.130069 -0.495584 0.0132231 -0.00208146 0.00104834
-0.0353579 -0.149887 -0.583079 0.0119674 -0.00193267 0.00101477
-0.0368328 -0.0352174 -0.460423 0.0119674 -0.00243111 0.00099043
-0.0448071 0.198609 -0.056976 0.00692749 -0.0014715 0.00124429
-0.0378089 0.0991809 -0.0710564 0.00590587 -0.00061447 0.00117121
-0.0455525 -0.0477243 -0.183393 0.00568035 -0.00139974 0.00110707
-0.0383288 -0.0834731 -0.234849 0.00722153 -0.00152385 0.00128189
-0.0505058 -0.164841 -0.261406 0.00816355 -0.00190293 0.00132382
-0.0514559 -0.235506 -0.26907 0.00941683 -0.00273425 0.00134025
-0.0388423 -0.242271 -0.513381 0.0128379 -0.00299602 0.0015296
-0.0502728 0.103696 -0.107707 0.00714447 -0.00228329 0.00153028
-0.0533669 0.0579486 -0.0989256 0.00658113 -0.00235727 0.00168432
-0.0508254 -0.082648 -0.335946 0.0109139 -0.00317728 0.00180008
-0.0439839 0.0490818 -0.229417 0.00842375 -0.00220556 0.00139654
-0.0503383 0.100602 -0.0921054 0.00653037 -0.00225959 0.00148763
-0.0508981 -0.062985 -0.134943 0.00708962 -0.00253763 0.00139654
-0.0508059 -0.118267 -0.17115 0.00783478 -0.00219665 0.00130026
-0.0433392 -0.188664 -0.482067 0.0121281 -0.00267021 0.00121049
-0.0505635 -0.0109616 -0.185827 0.00857965 -0.00245411 0.001483
-0.0502012 0.0587565 -0.0691152 0.00639385 -0.0021508 0.001483
-0.0534105 -0.0421067 -0.150406 0.00808018 -0.00241653 0.001483
-0.0604264 -0.0494212 -0.149611 0.00769657 -0.0023502 0.001483
-0.0502811 -0.0426927 -0.284251 0.00822519 -0.00219311 0.001483
-0.0480029 -0.0704316 -0.241532 0.00724825 -0.00207349 0.00110118
-0.0476039 -0.0741076 -0.246737 0.00768021 -0.00208603 0.00091542
-0.0513438 -0.0597329 -0.252848 0.00804314 -0.00216358 0.00104303
-0.0519512 -0.0680929 -0.239355 0.00744704 -0.00199849 0.00072525
-0.0281282 -0.0609745 -0.326444 0.00765578 -0.00142938 0.00103034
-0.0311965 -0.137638 -0.491855 0.0101859 -0.00186267 0.0007923
-0.0447489 -0.0491109 -0.410779 0.0106847 -0.00188239 0.00068756
-0.0340205 0.103553 -0.0553625 0.0061151 -0.00046032 0.00070344
-0.0401902 -0.0464629 -0.0688936 0.0051434 -0.00067563 0.00061537
-0.0403482 -0.126947 -0.23869 0.00765019 -0.00083763 0.00074967
-0.0350608 -0.176969 -0.4475 0.0118264 -0.00112199 0.00093861
-0.0357939 -0.178588 -0.402926 0.0110895 -0.00133879 0.0008882
-0.0357732 -0.0781647 -0.40094 0.0111473 -0.0016288 0.00103357
-0.0293909 -0.0711621 -0.510633 0.0124094 -0.00162723 0.00122104
-0.0189428 -0.0412913 -0.618128 0.0149054 -0.00141607 0.00152025
-0.0446684 0.121159 -0.298178 0.0126956 -0.00163689 0.00133568
-0.0345701 -0.0458501 -0.477876 0.0145915 -0.00149848 0.00139496
-0.0349113 -0.137107 -0.549244 0.0149219 -0.0010961 0.00106967
-0.0452862 -0.207959 -0.481186 0.0140903 -0.00141388 0.00108965
-0.0282113 -0.269346 -0.539707 0.0144576 -0.00099391 0.00120817
-0.0351581 -0.229209 -0.546275 0.0157006 -0.00155054 0.00123277
-0.047026 -0.0913116 -0.324698 0.0140714 -0.00174018 0.00137839
-0.0463332 -0.106561 -0.450283 0.0140269 -0.00172928 0.0013343
-0.0450422 -0.131697 -0.50476 0.0158153 -0.00182358 0.00133086
-0.0492471 0.103174 -0.23133 0.0129165 -0.0013541 0.00109834
-0.0434927 0.172809 -0.0701056 0.00819944 -0.00140248 0.00107596
-0.0530457 -0.0925566 -0.0996083 0.00875107 -0.00169296 0.00138309
-0.0538933 -0.270349 -0.481146 0.0124401 -0.00222939 0.00149346
-0.0317881 -0.191658 -0.65491 0.0142974 -0.00062098 0.0010076
-0.0368348 -0.182901 -0.525655 0.0122991 -0.00103773 0.00109714
-0.0569285 -0.0217365 -0.400449 0.013488 -0.00179297 0.00142389
-0.0537338 0.109064 -0.279414 0.013113 -0.00170673 0.00137769
-0.0457449 -0.138903 -0.463491 0.0128174 -0.00137061 0.00135962
-0.0514727 -0.193867 -0.440108 0.0122735 -0.00158167 0.00146024
-0.0489969 -0.0114642 -0.42509 0.0126581 -0.0018525 0.00168422
-0.0501342 0.00271577 -0.427064 0.0134314 -0.00190311 0.00165142
-0.0282122 -0.0288187 -0.655111 0.0158246 -0.00117985 0.00160398
-0.0404291 0.0549452 -0.372543 0.0127658 -0.00158643 0.00141113
-0.0425089 0.336388 0.00167396 0.00691212 -0.00075942 0.00124747
-0.0339816 0.0657287 -0.0671058 0.00754172 -0.00045221 0.00087635
-0.0384598 -0.323522 -0.321229 0.0120271 -0.00075124 0.00095887
-0.0424519 -0.300225 -0.326979 0.0114554 -0.0011492 0.00114652
-0.0563282 -0.225838 -0.330737 0.011344 -0.00163869 0.00114652
-0.0321673 -0.251497 -0.665529 0.0150423 -0.00161333 0.00109158
-0.026688 -0.101588 -0.65625 0.0146856 -0.00181084 0.00115426
-0.0558213 0.135416 -0.404585 0.0142793 -0.00222453 0.001601
-0.0555867 0.114973 -0.335214 0.0132732 -0.00238275 0.00174363
-0.0584922 0.0272574 -0.340947 0.0130046 -0.00237311 0.00138447
-0.0404364 -0.128701 -0.532973 0.0133808 -0.00237312 0.00152889
-0.0396191 -0.174439 -0.498932 0.0141967 -0.00296494 0.00146464
-0.0472971 -0.202204 -0.493558 0.0142118 -0.00293541 0.00129387
-0.055726 -0.134943 -0.377638 0.0125633 -0.0030018 0.00158395
-0.063763 4.39e-06 -0.183378 0.00997027 -0.00266612 0.00156345
-0.0422852 -0.268561 -0.504089 0.0138519 -0.00165087 0.00162774
-0.041989 -0.155252 -0.45295 0.0136111 -0.00228 0.00154692
-0.0485104 -0.137937 -0.481469 0.0143403 -0.00266005 0.00141982
-0.052639 -0.0353421 -0.388656 0.0128004 -0.00281943 0.00139738
-0.0531868 0.113398 -0.164424 0.00936209 -0.00205713 0.00127149
-0.0598302 -0.00015141 -0.253846 0.0112135 -0.00248947 0.00120455
-0.06012 -0.0433189 -0.293988 0.0120126 -0.00253573 0.00111719
-0.0602778 -0.0786494 -0.29624 0.011984 -0.00267502 0.00111719
-0.0559421 -0.104236 -0.350593 0.0133653 -0.0024562 0.00146553
-0.0552085 -0.116174 -0.362919 0.013493 -0.0025072 0.00120079
-0.0529621 -0.106358 -0.368528 0.0134691 -0.00262535 0.00125929
-0.0526753 -0.116804 -0.392668 0.014828 -0.00297936 0.00133921
-0.0500549 -0.107321 -0.344732 0.0128314 -0.00287619 0.00140083
-0.0499609 -0.0430774 -0.372731 0.0138365 -0.00289924 0.0015275
-0.046612 -0.0229615 -0.394088 0.0143752 -0.00310882 0.00146167
-0.0528551 0.0380262 -0.315273 0.0133692 -0.00306347 0.00170943
-0.0587629 0.147854 -0.135186 0.00966098 -0.00217746 0.00148488
-0.0548111 -0.107891 -0.279548 0.0129623 -0.00253622 0.00141742
-0.0543135 -0.20387 -0.305929 0.0129405 -0.00260335 0.00143995
-0.0505349 -0.0567799 -0.209787 0.0113945 -0.0030017 0.00155272
-0.051353 0.007601 -0.129782 0.00944889 -0.00208758 0.00148392
-0.0590775 -0.162036 -0.299452 0.0145157 -0.00274799 0.00167677
-0.0563708 -0.122657 -0.298438 0.0133649 -0.00303904 0.00161146
-0.0545586 -0.0424053 -0.316576 0.0134946 -0.00306415 0.00175044
-0.0521394 -0.0292987 -0.347561 0.0140435 -0.00302856 0.00175877
-0.0515998 0.0141779 -0.3373 0.0138818 -0.00308811 0.00178122
-0.050704 0.00497777 -0.351013 0.0142777 -0.0031076 0.00188581
-0.0491072 -0.0123901 -0.291665 0.012581 -0.00315621 0.00181998
-0.0464031 0.119237 -0.222942 0.013182 -0.00279638 0.00183165
-0.0473827 0.0361778 -0.183075 0.0108712 -0.00267586 0.0019784
-0.0478926 -0.257547 -0.21788 0.0119795 -0.00295453 0.00203006
-0.0285699 -0.215151 -0.434698 0.0148647 -0.00459658 0.00190834
-0.0203227 0.0420079 -0.748317 0.0190907 -0.00333268 0.00111719
-0.0117483 -0.649326 -0.989229 0.0176056 -0.00846192 0.00395321
-0.0164121 -0.601695 -1.0556 0.0158563 -0.00985888 0.00518225
0.0148839 -0.213024 -0.685513 0.0120447 -0.00504072 0.0036906
