0.00527358 0.0432037 0.155875 0 0 0
0.0109648 0.0388369 0.166652 0.00101593 0 0
0.0103322 0.0339211 0.107843 0.0020014 -5.352e-05 7.344e-05
0.0137959 0.0571009 0.111582 0.00100922 -0.00025302 0.00012198
0.010442 0.0461652 0.148663 0.00114592 -0.00020366 0.00014946
0.0214841 0.0332049 0.149814 0.00144499 -0.00056087 0.00010654
0.0122176 0.0254389 0.112825 0.00169867 -0.0005569 0.00015748
-0.012842 0.0497679 0.0733344 0.00100162 -0.00046484 9.042e-05
2.087e-05 0.0148484 0.0730882 0.00078377 -0.00063529 9.87e-05
3.459e-05 0.00832441 0.0898769 0.00077785 -0.00075983 0.00013004
-0.00851563 0.0315958 0.0956087 0.0008052 -0.00075983 0.00012387
-0.00018686 0.0321531 0.127876 0.00112796 -0.00092377 1.371e-05
-0.00054437 0.0176523 0.146568 0.0006765 -0.00155364 -0.00015308
-0.0115554 0.0123087 0.150545 0.00052241 -0.00155364 -8.194e-05
-0.0177252 0.0122627 0.133752 0.00038799 -0.0014702 -0.00014209
-0.0100671 0.0407238 0.131215 0.00027615 -0.0014799 -0.00038805
-0.00631057 0.00774119 0.126834 0.00012019 -0.00155364 -0.00015987
-0.0203582 0.00563941 0.110277 0.00017957 -0.00155364 3.315e-05
-0.0111328 0.0375284 0.129184 0.00017791 -0.00155364 -0.00037377
-0.0016693 0.023071 0.152789 0.00037193 -0.00155364 -0.00015649
-0.0149658 0.00550561 0.174436 0.00050853 -0.00203687 -0.00020557
-0.0181036 0.0259394 0.147786 0.00021512 -0.00175493 -0.00034221
-0.0182546 0.029861 0.165166 0.00022502 -0.00181172 -0.00042882
-0.0115697 0.0168208 0.150861 0.00046867 -0.00228255 -0.0002235
-0.00425872 0.0102197 0.142663 0.00133002 -0.0015173 5.432e-05
0.042622 0.129319 0.246274 0.00339936 -0.00142028 -0.00095033
0.0572726 0.0116668 0.629976 0.00626854 -0.00237452 -0.00087678
0.0454273 0.0720622 0.577965 0.00566431 -0.00310959 -0.00090466
0.0358556 0.0768379 0.519118 0.00520364 -0.00289831 -0.00121178
0.0228665 0.0460192 0.413739 0.00393445 -0.0023238 -0.00076729
0.0204256 0.058472 0.392614 0.00372236 -0.00254301 -0.00091834
0.0357318 0.0518653 0.397418 0.00338146 -0.00236076 -0.00071672
0.0204732 0.0279714 0.37825 0.0035536 -0.00249958 -0.00090652
0.00747848 0.0133938 0.337156 0.00289024 -0.00251609 -0.00059903
0.0148969 0.0342703 0.370181 0.0026391 -0.00274309 -0.00067393
0.0128697 0.00475159 0.389454 0.0026391 -0.0026366 -0.0006895
0.0101671 0.0287636 0.373171 0.0026391 -0.00284467 -0.00057429
0.0163704 0.034934 0.393741 0.00254073 -0.00275719 -0.00055178
0.00403802 0.00876087 0.387379 0.002532 -0.00293731 -0.00060942
0.00849793 0.0273585 0.380479 0.00216072 -0.00311594 -0.00051295
0.0159057 0.0571414 0.392801 0.00260667 -0.00271447 -0.00064561
0.00894914 0.0183732 0.387156 0.00243778 -0.00290133 -0.00057412
0.00193567 0.0316041 0.357812 0.00284855 -0.00298023 -0.00053719
0.00201705 0.0491078 0.377981 0.00293269 -0.00303231 -0.00048259
0.00179078 0.016146 0.412647 0.0022494 -0.00307269 -0.0006397
-0.00433694 -0.00111352 0.430431 0.0020253 -0.00336044 -0.00074882
0.00825696 0.033551 0.426113 0.00216072 -0.0032369 -0.00066824
0.0106912 0.0176572 0.431218 0.00228158 -0.00303296 -0.00064798
-0.00083773 0.00376811 0.429219 0.00210024 -0.00362651 -0.00072553
0.00166376 0.0301669 0.431315 0.00191072 -0.00339781 -0.00073428
-0.00062614 0.0218325 0.442923 0.00174181 -0.00331098 -0.00061968
-0.0104158 0.0179173 0.414638 0.00243821 -0.00330461 -0.00077204
0.00188892 0.0441613 0.423043 0.00190646 -0.00340355 -0.00058054
0.0018197 0.0225919 0.443767 0.00171548 -0.00334771 -0.00062522
-0.00472746 0.00615907 0.433171 0.001972 -0.00332065 -0.00059813
0.0018395 0.0408713 0.444525 0.00196938 -0.00384492 -0.00068742
-0.00319245 0.00948073 0.477655 0.00244031 -0.00441153 -0.00091331
-0.0167232 0.0134703 0.473821 0.002098 -0.00476706 -0.00074505
0.0001596 0.0375308 0.455858 0.00158069 -0.00397626 -0.00077157
-0.0158563 0.00297257 0.491526 0.00080145 -0.00409723 -0.00062908
-0.018772 0.0161837 0.489084 0.00129637 -0.00467698 -0.00073229
-0.0069552 0.0331722 0.486009 0.00132346 -0.00392158 -0.00070765
-0.0187877 -0.00061362 0.542192 0.00232933 -0.00497184 -0.00087812
-0.00960115 0.00367202 0.725069 0.00260455 -0.00575552 -0.000689
0.00516508 0.0385618 0.695908 0.00231963 -0.00577526 -0.00069549
-0.00655126 0.00722565 0.7099 0.00233166 -0.00579888 -0.00062503
-0.0134366 0.023789 0.686959 0.0018866 -0.00661775 -0.00088267
-0.00226631 0.0257756 0.707237 0.00139886 -0.00624216 -0.00094153
-0.025218 -0.00472599 0.754423 0.00135993 -0.00736043 -0.00082027
-0.0254141 0.0293581 0.70384 0.001875 -0.00648765 -0.00073312
-0.0103766 0.0307787 0.699892 0.00184404 -0.00632499 -0.00079513
-0.0271018 -0.00302933 0.735833 0.00146506 -0.00706587 -0.00087286
-0.0297852 0.0175282 0.698369 0.00181457 -0.00676437 -0.00093058
-0.0193811 0.0299883 0.699537 0.00224364 -0.00621924 -0.00085684
-0.0274659 -0.00195444 0.690158 0.00201646 -0.0066737 -0.00071997
-0.0289218 0.0307213 0.661962 0.00212204 -0.00638763 -0.00063562
-0.0185928 0.0362989 0.678177 0.00225062 -0.00606628 -0.00073066
-0.0323765 0.00235865 0.693496 0.00138831 -0.00728599 -0.00089502
-0.0325498 0.0377458 0.690375 0.00185402 -0.00678965 -0.00089036
-0.0201066 0.0273336 0.714209 0.00128718 -0.00697055 -0.0006453
-0.0322779 -0.00115475 0.729293 0.00114782 -0.00728599 -0.00083212
-0.0325277 0.053282 0.715423 0.00096649 -0.00700977 -0.0009187
-0.0227328 0.0257403 0.70249 0.00145086 -0.00677708 -0.00076506
-0.0544243 -0.00036528 0.709974 0.00136402 -0.0072805 -0.00074965
-0.041533 0.0355172 0.685268 0.00157541 -0.00713461 -0.00088512
-0.031434 0.0260454 0.707916 0.0013259 -0.00686219 -0.00096283
-0.0503559 0.00040007 0.712129 0.00098906 -0.00723533 -0.00073406
-0.0444762 0.047317 0.703409 0.00091051 -0.00772053 -0.00100141
-0.0421043 0.0174112 0.742443 0.00042086 -0.00741326 -0.00105572
-0.0627108 -0.00218325 0.746081 0.00102016 -0.00772053 -0.00094956
-0.0377296 0.0445504 0.72759 0.00111696 -0.00747508 -0.00118287
-0.0428016 0.00824257 0.752246 0.00104906 -0.00772053 -0.00103338
-0.0583906 0.00253179 0.75147 0.0005437 -0.00771002 -0.00087059
-0.0444524 0.0452881 0.728136 0.00056656 -0.00746747 -0.00101796
-0.0514968 0.00873268 0.752409 0.00026496 -0.00736398 -0.00079699
-0.0578848 0.0134146 0.72218 0.00045929 -0.00743778 -0.00080812
-0.0472489 0.0401776 0.726105 0.00050051 -0.00727722 -0.00109276
-0.051515 0.00465828 0.745996 0.00087175 -0.00789367 -0.00098518
-0.0620492 -0.00718211 0.74921 0.00064494 -0.00791148 -0.00096438
-0.0494033 0.0402171 0.745096 0.00016602 -0.00744641 -0.00113235
-0.0482106 0.00402358 0.780888 -0.00010996 -0.00772755 -0.00113286
-0.0597292 0.00249799 0.769145 -0.00033399 -0.00798906 -0.00094181
-0.0454451 0.0485209 0.775411 -0.00040479 -0.00779745 -0.00093716
-0.0567936 0.0086292 0.780666 -0.00104418 -0.00820931 -0.00090942
-0.0588771 0.0361306 0.778475 -0.00172578 -0.0083769 -0.00106549
-0.0440208 0.0410976 0.763575 -0.00109262 -0.00775311 -0.00094792
-0.0595946 0.0064495 0.784846 -0.00095992 -0.00798201 -0.00101652
-0.0643882 0.0328565 0.753604 -0.00121414 -0.00810464 -0.0010738
-0.0514486 0.0443095 0.754171 -0.00095028 -0.0075898 -0.00085994
-0.061723 0.0282044 0.752097 -0.00144711 -0.00784654 -0.0010963
-0.087716 0.00392588 0.835276 -0.00149131 -0.00820931 -0.00091695
-0.0567019 0.0533923 0.804123 -0.00188086 -0.00787759 -0.00092747
-0.07331 0.00496113 0.83332 -0.00212368 -0.00834525 -0.00095855
-0.0666003 0.0439448 0.796984 -0.00155539 -0.00806832 -0.00084381
-0.0622917 0.0469704 0.817104 -0.00162762 -0.00810731 -0.00109182
-0.080325 0.00624466 0.83314 -0.00244827 -0.00863722 -0.00116594
-0.071025 0.0536371 0.812199 -0.00221017 -0.00864756 -0.00091463
-0.0713042 0.0339273 0.818733 -0.00246916 -0.00827319 -0.0010213
-0.0828466 -0.00106152 0.826411 -0.00314723 -0.00875606 -0.00101803
-0.0772883 0.0614597 0.78996 -0.00312727 -0.00777115 -0.00104381
-0.0881682 0.0346251 0.803357 -0.0026192 -0.00776245 -0.00077547
-0.0944136 0.0612441 0.810646 -0.00360535 -0.0085281 -0.00111908
-0.0942771 0.0145244 0.923588 -0.00721029 -0.0103282 -0.00155312
-0.093608 -0.0192963 1.00102 -0.00710438 -0.0104114 -0.00121558
-0.0801222 0.00987526 0.966579 -0.00737094 -0.00974751 -0.00121558
-0.0936046 -0.0301942 0.977781 -0.00836533 -0.00928237 -0.00083872
-0.0973846 -0.0388278 0.946855 -0.00795362 -0.00956081 -0.0008666
-0.0817773 -0.0225159 1.01047 -0.0080526 -0.00977582 -0.0011263
-0.109591 -0.068738 1.02932 -0.00806764 -0.0101565 -0.00082256
-0.0898497 -0.0223481 0.994654 -0.00796526 -0.0103328 -0.0009168
-0.0841019 -0.0228212 1.03163 -0.00877674 -0.0101516 -0.00091327
-0.0867499 -0.0665429 1.03694 -0.00914432 -0.0104836 -0.00062839
-0.0750647 -0.0093767 0.995807 -0.00859524 -0.00963769 -9.278e-05
-0.0750611 -0.0267596 1.01972 -0.00859232 -0.00979931 -0.00037032
-0.0994585 -0.0914423 1.08931 -0.0094177 -0.0108843 -0.00062839
-0.0808852 -0.0442949 1.06977 -0.00966493 -0.0100479 -0.0007876
-0.0807756 -0.0559257 1.07852 -0.00973064 -0.0100783 -0.00062839
-0.0931263 -0.0622178 1.0725 -0.00948798 -0.010448 -0.00052513
-0.0805929 -0.0261965 1.07169 -0.00969842 -0.0103959 -0.00062839
-0.101546 -0.0815642 1.16049 -0.0123639 -0.0104848 -0.00090971
-0.103663 -0.0489647 1.15187 -0.0123144 -0.0105413 -0.00090193
-0.062352 -0.0388869 1.04464 -0.0100582 -0.0101538 -0.00062839
-0.0789818 -0.0564698 1.08059 -0.0103979 -0.0109216 -0.00016953
-0.0756556 -0.012482 1.0755 -0.0113095 -0.0103555 -0.00020154
-0.0622816 -0.00867154 1.08732 -0.0104984 -0.0101405 -0.00020415
-0.085115 -0.0726194 1.17557 -0.0115623 -0.0102868 -0.00046941
-0.0770649 -0.0620488 1.29678 -0.0117606 -0.0103933 6.08e-06
-0.0531979 -0.0271569 1.23809 -0.012105 -0.0101597 -0.00016847
-0.0751 -0.0912927 1.27615 -0.0114254 -0.0107982 -0.00017156
-0.0732768 -0.0657252 1.25496 -0.0119393 -0.0103862 -0.00014933
-0.0734525 -0.0500727 1.27243 -0.0118071 -0.0108689 -0.00051475
-0.0730244 -0.0803853 1.2738 -0.0117256 -0.0106755 -0.00012335
-0.0729403 -0.0375355 1.2353 -0.011922 -0.0107925 -0.00014224
-0.0661024 -0.0487133 1.26382 -0.0121262 -0.0105594 5.554e-05
-0.06891 -0.0456135 1.21326 -0.0117402 -0.0107896 5.554e-05
-0.073666 -0.0152172 1.22772 -0.0124008 -0.0103764 5.554e-05
-0.0848058 -0.0688077 1.25576 -0.0131964 -0.0102552 5.554e-05
-0.0766842 -0.0580266 1.24752 -0.0132345 -0.0103617 5.554e-05
-0.0652167 -0.0316176 1.21996 -0.0120552 -0.0107781 5.554e-05
-0.0747789 -0.0669753 1.25818 -0.0124539 -0.0109669 5.554e-05
-0.0587052 -0.0202107 1.26367 -0.0129815 -0.010095 5.554e-05
-0.0590963 -0.0688914 1.29044 -0.0134128 -0.010095 -0.0002078
-0.0806222 -0.0749012 1.28726 -0.0136461 -0.0104083 5.554e-05
-0.0624136 -0.0311641 1.248 -0.0130939 -0.0102794 -0.00010068
-0.0664343 -0.0673956 1.24586 -0.0128065 -0.0101375 5.554e-05
-0.0695185 -0.0363978 1.23911 -0.0127739 -0.0100951 0.00024606
-0.0567417 -0.00760793 1.2057 -0.0119686 -0.0105402 0.00015426
-0.0733116 -0.0556739 1.26492 -0.0127526 -0.0104392 0.00015525
-0.0763361 -0.077636 1.30039 -0.0128029 -0.0105822 0.00013265
-0.0730576 -0.0253982 1.26308 -0.0119766 -0.010881 5.554e-05
-0.0159392 -0.0699108 1.52813 -0.00930903 -0.00844014 0.00083404
-0.0537761 -0.0192106 1.59718 -0.00761405 -0.00893096 0.00083404
-0.0828883 -0.00339102 1.54155 -0.00844065 -0.00960384 0.00083404
-0.0577382 0.00506696 1.51444 -0.00894447 -0.00992537 0.0009323
-0.0581849 -0.0100838 1.52094 -0.0096811 -0.00926814 0.00122901
-0.0626277 0.0112758 1.41256 -0.00963758 -0.00926815 0.00112928
-0.0587485 0.0321759 1.38944 -0.0100073 -0.00956536 0.00150488
-0.0639173 -0.00811268 1.38906 -0.0102599 -0.00965428 0.00166106
-0.0722453 0.0298569 1.41593 -0.010626 -0.00944775 0.00164363
-0.0607699 0.0253002 1.4143 -0.0105854 -0.00974288 0.00155007
-0.0714851 -0.0494136 1.47433 -0.0110495 -0.00990446 0.00164673
-0.0579569 0.00066764 1.46248 -0.0104729 -0.0103594 0.00144018
-0.0551618 -0.00679619 1.45938 -0.0113075 -0.00956052 0.00136316
-0.064034 -0.0311019 1.48279 -0.0119473 -0.00971441 0.00155551
-0.066527 0.023262 1.44587 -0.0118617 -0.00971441 0.00153345
-0.0707368 0.0240391 1.38812 -0.0108596 -0.00971441 0.0014283
-0.0731621 0.0261195 1.3924 -0.0117497 -0.00957994 0.00160488
-0.0711146 0.059781 1.38254 -0.0111058 -0.00965157 0.00185482
-0.0688487 0.0579316 1.39698 -0.0119782 -0.00974105 0.00166071
-0.0819958 -0.0119486 1.43758 -0.0130496 -0.0098439 0.00150442
-0.0641608 0.0131026 1.3856 -0.0122138 -0.00987094 0.00176505
-0.0466726 0.0220962 1.42641 -0.0124521 -0.00980267 0.00207296
-0.0486394 -0.0458564 1.51607 -0.0118793 -0.00889407 0.00205809
-0.0542557 -0.0222208 1.47328 -0.0120362 -0.00902573 0.00200025
-0.0160391 0.00279532 1.33959 -0.0127538 -0.00892364 0.00191251
-0.0595292 -0.113199 1.44905 -0.0119629 -0.00978272 0.00177781
-0.0790369 -0.0652481 1.41571 -0.0108937 -0.0104822 0.00175469
-0.0569804 -0.0248946 1.41199 -0.0104971 -0.0106882 0.00129648
-0.0616871 -0.042276 1.49954 -0.0105856 -0.0104926 0.00146018
-0.0515821 -0.0261791 1.53393 -0.0106685 -0.00999573 0.00154172
-0.0154332 -0.00803992 1.50193 -0.010743 -0.00997594 0.00138492
-0.0283748 -0.0169333 1.48674 -0.0102412 -0.0103959 0.00129854
-0.04777 -0.0562248 1.53261 -0.0106948 -0.00981771 0.00140651
-0.0543026 -0.0170813 1.53361 -0.0107235 -0.00971415 0.00151585
-0.0414202 -0.0173231 1.53522 -0.0108237 -0.00981263 0.00118057
-0.0535774 -0.0576254 1.57621 -0.0111374 -0.00964229 0.00135353
-0.0602188 -0.0244052 1.55836 -0.0112627 -0.00952104 0.00143238
-0.055192 -0.0117783 1.54707 -0.0131042 -0.0100594 0.00125389
-0.0697769 -0.0588861 1.59113 -0.013364 -0.0103367 0.00122772
-0.0604777 -0.0108141 1.56812 -0.0133157 -0.00962666 0.00142462
-0.0688821 -0.0370509 1.61168 -0.0159174 -0.0101216 0.00097294
-0.110754 -0.0987979 1.71444 -0.0119075 -0.00973374 0.00060762
-0.0934823 -0.0577112 1.67871 -0.0114193 -0.0101534 0.00071276
-0.062326 -0.0352966 1.60938 -0.0130597 -0.0107883 0.00052922
-0.031649 -0.12179 1.46128 -0.00819913 -0.0106486 0.0010446
0.0174752 -0.13568 0.931721 0.00203756 -0.00870583 0.00067087
0.0204217 -0.102657 1.16656 0.0002853 -0.00911865 0.00084255
-0.00991379 -0.0962898 1.3064 -0.00137584 -0.00964609 0.0009732
-0.00495759 -0.0204195 1.3038 -0.00195871 -0.0100237 0.00102108
0.00882143 -0.0134258 1.30579 -0.00228873 -0.00993575 0.00074891
-0.00651044 -0.0421014 1.34045 -0.00255308 -0.0099689 0.00055748
-0.0203876 -0.0403386 1.35656 -0.00262034 -0.0101291 0.00060266
-0.00542367 -0.0244552 1.3355 -0.00333059 -0.00990585 0.00067394
-0.0120051 -0.061888 1.33627 -0.00409679 -0.0098335 0.00112757
-0.0206344 -0.0387201 1.32742 -0.00423641 -0.0103067 0.00098988
-0.0284075 -0.0321191 1.32132 -0.00483493 -0.0114317 0.00066103
-0.0439433 -0.0777151 1.40922 -0.00506268 -0.0116852 0.00090023
-0.0332932 -0.026051 1.38075 -0.0054351 -0.0111647 0.00068053
-0.0269333 -0.0552217 1.33856 -0.00450397 -0.010929 0.00072574
-0.0332945 -0.0530584 1.36113 -0.00484598 -0.0110587 0.00108537
-0.00731013 -0.00489392 1.36711 -0.00522606 -0.0106751 0.00114725
0.00132313 6.507e-05 1.39562 -0.00742436 -0.00935787 0.00083896
-0.0494716 -0.0449701 1.52008 -0.00884098 -0.00748299 0.0008959
-0.0406673 -0.0226095 1.41235 -0.00832629 -0.00831694 0.00063848
-0.0503829 -0.0642155 1.46709 -0.0100627 -0.00805789 0.00107062
-0.0487535 -0.0728245 1.46527 -0.00875684 -0.00835396 0.00121634
-0.0395053 -0.0286844 1.51224 -0.0104169 -0.00845497 0.00130071
-0.0600186 -0.0807559 1.60067 -0.0114195 -0.00960019 0.0010856
-0.0456257 -0.0805643 1.64841 -0.0109724 -0.00853067 0.00115518
-0.0131469 -0.054856 1.60949 -0.0113839 -0.00878067 0.00102027
-0.0303265 -0.0912398 1.64217 -0.0110865 -0.00900253 0.00121779
-0.0364845 -0.0418672 1.63135 -0.0111516 -0.00964146 0.00114883
-0.0187138 -0.0169278 1.61744 -0.0118808 -0.00886841 0.00097364
-0.0365461 -0.0402596 1.65683 -0.0118532 -0.0087211 0.00106906
-0.0403855 -0.0130928 1.62508 -0.0118472 -0.00858634 0.00115904
-0.0375985 -0.00908268 1.59892 -0.0111612 -0.00873056 0.00080895
-0.0658155 -0.0410102 1.59509 -0.0109374 -0.0084069 0.00065378
-0.0737373 -0.0191839 1.5859 -0.0112092 -0.00882844 0.00070436
-0.0695238 0.0120165 1.60116 -0.0111318 -0.00838933 0.00076775
-0.0698782 -0.0174879 1.63786 -0.0117923 -0.00896682 0.00065367
-0.0794712 -0.0446724 1.67851 -0.0119363 -0.008994 0.00082599
-0.070586 -0.0324399 1.65565 -0.0116963 -0.00906683 0.00083145
-0.0730888 -0.0502702 1.68375 -0.0115274 -0.00879027 0.0006082
-0.0787616 -0.0440971 1.6729 -0.0117771 -0.0103096 0.00067727
-0.0556336 -0.0150891 1.62299 -0.0110826 -0.00982005 0.00071207
-0.0557503 -0.0752525 1.64264 -0.0118642 -0.00936401 0.00099984
-0.0567808 -0.0372567 1.6357 -0.0122621 -0.00903446 0.0012194
-0.047645 0.0125959 1.63582 -0.0118306 -0.00887486 0.00104136
-0.0681725 -0.00311188 1.69063 -0.012175 -0.00908275 0.00111213
-0.0717188 -0.00251063 1.69837 -0.0126484 -0.00942202 0.00106982
-0.0507374 0.0216276 1.63802 -0.0120218 -0.00905517 0.00105105
-0.0656786 -0.0280787 1.62106 -0.0122755 -0.00884466 0.00085376
-0.082197 -0.0310195 1.58794 -0.0117848 -0.00925011 0.00079485
-0.070039 0.00136081 1.5919 -0.011657 -0.00926663 0.00079659
-0.077344 -0.0418365 1.63212 -0.0123714 -0.00912854 0.00083185
-0.0770604 -0.0244242 1.63777 -0.0125755 -0.00898861 0.00099194
-0.0618365 0.0118257 1.62751 -0.0124403 -0.00869168 0.00080635
-0.082006 -0.0291869 1.62664 -0.0122116 -0.00901501 0.00075637
-0.0881572 -0.00388293 1.63087 -0.0123738 -0.00903092 0.00090177
-0.0752598 0.00739009 1.64058 -0.0117895 -0.00905544 0.00093202
-0.08308 -0.0162199 1.67133 -0.0123529 -0.00911978 0.00097437
-0.0818086 -0.0146871 1.66903 -0.012886 -0.00898373 0.00109183
-0.069007 0.0205206 1.6403 -0.0125432 -0.00898373 0.00089289
-0.0840922 -0.0271035 1.64353 -0.0123746 -0.00898373 0.00093467
-0.099631 -0.0367861 1.66807 -0.012564 -0.00898373 0.00109205
-0.0848927 -0.00272604 1.67023 -0.0126302 -0.00878074 0.00091871
-0.0844154 -0.0283967 1.69463 -0.0129329 -0.00895776 0.00084181
-0.0893855 -0.0381531 1.68774 -0.0132897 -0.00910524 0.00095096
-0.0879342 0.0045873 1.66749 -0.0128593 -0.00912858 0.0008478
-0.0947757 -0.0177278 1.67151 -0.01319 -0.00894064 0.00090167
-0.09316 -0.00969415 1.67012 -0.013074 -0.00875807 0.00111546
-0.0874541 0.0207301 1.67058 -0.0137497 -0.00882874 0.00094825
-0.029521 -0.0254707 1.80592 -0.0163625 -0.00969217 0.00153642
-0.0688547 -0.0308011 1.75709 -0.0156381 -0.00914277 0.00125409
-0.0781801 -0.053699 1.72147 -0.0173473 -0.00885028 0.00129816
-0.0824231 -0.0904071 1.79323 -0.0171713 -0.00947825 0.00156834
-0.0667302 -0.0486096 1.75556 -0.0161643 -0.00912903 0.00145347
-0.0635617 -0.0615354 1.76136 -0.0157694 -0.00912903 0.00134943
-0.0611902 -0.0585326 1.74609 -0.0160269 -0.00932485 0.00146101
-0.0589587 0.00467761 1.70887 -0.0159421 -0.00907059 0.00122113
-0.0619342 -0.0362169 1.74791 -0.0164809 -0.00927217 0.00105352
-0.0473944 -0.0306449 1.70683 -0.0166534 -0.00948791 0.00117905
-0.0240565 -0.00131098 1.70802 -0.0160123 -0.00991613 0.00157457
-0.0386874 -0.0373432 1.74952 -0.0165449 -0.00943493 0.00152975
-0.056889 -0.0706299 1.82737 -0.0179327 -0.00961039 0.00143084
-0.0638295 -0.0437175 1.80432 -0.0172104 -0.00946949 0.00115015
-0.049897 -0.054194 1.791 -0.0162721 -0.00967106 0.00117828
-0.0547721 -0.0603299 1.80834 -0.0167077 -0.00938828 0.00134417
-0.0395144 -0.0146455 1.78983 -0.0166798 -0.00950159 0.00127224
-0.0458206 -0.0397024 1.82335 -0.0172743 -0.00940668 0.00121095
-0.066747 -0.0498235 1.81006 -0.0184832 -0.00928269 0.0009324
-0.0589182 -0.0146223 1.76741 -0.0177738 -0.00881758 0.00086949
-0.0877916 -0.0641987 1.7887 -0.0184889 -0.00944387 0.00055007
-0.0980979 -0.0229881 1.7889 -0.0193939 -0.00990915 0.00084267
-0.0816026 -0.0147892 1.81802 -0.0193039 -0.00967641 0.00084267
-0.0967712 -0.0878023 1.8712 -0.0199393 -0.0101299 0.00084267
-0.0925738 -0.0463195 1.85554 -0.0196618 -0.0103145 0.00069435
-0.0940178 -0.0567538 1.87711 -0.0199858 -0.0101785 0.00052925
-0.112747 -0.111775 1.88729 -0.0206143 -0.00969162 0.00039149
-0.132226 -0.0669233 1.906 -0.0216433 -0.0102363 -0.00029742
-0.152354 -0.105496 1.93533 -0.02243 -0.0102112 -0.00118134
-0.186952 -0.121754 1.97772 -0.0216739 -0.00996237 -0.00110881
-0.167785 -0.0694239 1.91381 -0.0215851 -0.00948566 -0.00114619
-0.161756 -0.11516 1.954 -0.0218232 -0.0102172 -0.00065686
-0.170309 -0.125118 1.9511 -0.0227936 -0.00945363 -0.00096016
-0.161636 -0.113881 1.94892 -0.0234287 -0.0092797 -0.00120832
-0.16237 -0.179631 2.01405 -0.0233293 -0.00930678 -0.00034854
-0.169372 -0.136727 1.97363 -0.0213247 -0.00951534 -0.00073236
-0.164018 -0.116647 1.99059 -0.021535 -0.00942605 -0.00086418
-0.172246 -0.162626 2.02209 -0.0223416 -0.00953586 -0.00099335
-0.169306 -0.104842 1.99522 -0.0221615 -0.00932373 -0.00111091
-0.171042 -0.139678 1.99894 -0.0233957 -0.00880542 -0.00139965
-0.168443 -0.164566 2.01509 -0.0226652 -0.0091974 -0.00097936
-0.169366 -0.0978847 2.00973 -0.0222388 -0.00943083 -0.00093385
-0.17346 -0.10417 2.02306 -0.0230235 -0.00883438 -0.00137575
-0.182379 -0.17387 2.07992 -0.0242976 -0.0091641 -0.0012996
-0.166138 -0.116949 2.03234 -0.0241636 -0.00919847 -0.00124578
-0.177752 -0.104314 2.00307 -0.0237636 -0.0090443 -0.00144668
-0.196186 -0.117398 1.97413 -0.0227846 -0.00918111 -0.00121065
-0.192206 -0.0840311 1.95611 -0.0227846 -0.00939218 -0.00181511
-0.209328 -0.156124 1.99556 -0.0234374 -0.00917087 -0.00203002
-0.216539 -0.124492 1.91582 -0.0226096 -0.00937686 -0.00215506
-0.209553 -0.0500285 1.89567 -0.021769 -0.00926168 -0.00231719
-0.235597 -0.0923943 1.92869 -0.0223656 -0.0095291 -0.00259553
-0.238217 -0.047946 1.94483 -0.021686 -0.00944123 -0.00285849
-0.235079 -0.0513209 1.98173 -0.0223352 -0.00885109 -0.00279407
-0.294812 -0.126773 2.07991 -0.025765 -0.0100782 -0.00381868
-0.290858 -0.153953 2.05767 -0.0252755 -0.0101455 -0.00424129
-0.270874 -0.190051 2.07257 -0.0249541 -0.00960117 -0.00355846
-0.289857 -0.262187 2.11021 -0.0263006 -0.00986314 -0.0042413
-0.329164 -0.215559 2.06171 -0.0245242 -0.0114826 -0.00617581
-0.315414 -0.15211 2.05543 -0.0247503 -0.011397 -0.005752
-0.323797 -0.119613 2.08873 -0.0248013 -0.0110089 -0.00579271
-0.331418 -0.0471349 2.10912 -0.0239881 -0.0107859 -0.0059252
-0.326376 -0.0963965 2.12946 -0.0237383 -0.0112196 -0.00601648
-0.322431 -0.135742 2.17403 -0.0241942 -0.0111367 -0.00565443
-0.331492 -0.0996531 2.1425 -0.0243103 -0.0109837 -0.00578047
-0.306673 -0.190376 2.16312 -0.0243213 -0.0110011 -0.00536502
-0.285144 -0.192975 2.16029 -0.0232117 -0.0113581 -0.00475327
-0.287214 -0.17318 2.15345 -0.0226524 -0.0113015 -0.00497521
-0.318971 -0.214164 2.20106 -0.0232163 -0.0115546 -0.00539476
-0.311822 -0.149413 2.16735 -0.0235184 -0.0113397 -0.00535533
-0.31156 -0.15876 2.17032 -0.0237396 -0.010947 -0.00573624
-0.342212 -0.209268 2.21762 -0.0258936 -0.0115583 -0.00589939
-0.320016 -0.135927 2.15352 -0.0249147 -0.0109589 -0.00576856
-0.332938 -0.156417 2.14492 -0.0253259 -0.0105387 -0.00543785
-0.338147 -0.122301 2.16515 -0.0247337 -0.0102777 -0.00516973
-0.335114 -0.0828374 2.15658 -0.0244221 -0.010301 -0.00518842
-0.357466 -0.132521 2.14265 -0.0223649 -0.0119071 -0.0056687
-0.288977 -0.161081 2.07588 -0.0187422 -0.0117693 -0.00369166
-0.261159 -0.0928647 2.05456 -0.0186724 -0.0115568 -0.00375096
-0.281748 -0.13497 2.09 -0.019177 -0.011419 -0.00454167
-0.312255 -0.168292 2.14491 -0.0197573 -0.0114627 -0.00519717
-0.318044 -0.125347 2.11335 -0.0209097 -0.0109603 -0.00538346
-0.266667 -0.148945 2.07432 -0.0235163 -0.0111134 -0.00289831
-0.32169 -0.167842 2.13758 -0.0238481 -0.0102577 -0.00401389
-0.337741 -0.123664 2.08569 -0.0231567 -0.010662 -0.00458385
-0.340677 -0.142844 2.14518 -0.0239255 -0.010759 -0.00483658
-0.333797 -0.099271 2.12024 -0.022075 -0.01059 -0.00497067
-0.285023 -0.138052 1.9358 -0.0152037 -0.0107834 -0.00451058
-0.35255 -0.166966 2.05034 -0.0166721 -0.011106 -0.0053531
-0.342599 -0.12262 2.03593 -0.0163688 -0.0107652 -0.00504075
-0.337909 -0.1658 2.083 -0.0172941 -0.010104 -0.00488906
-0.333053 -0.164024 2.12534 -0.0185809 -0.00990344 -0.0048436
-0.3189 -0.13362 2.11106 -0.0197726 -0.00959392 -0.00486816
-0.229894 -0.210436 2.1602 -0.0222984 -0.010162 -0.00230467
-0.271041 -0.196661 2.16504 -0.0214101 -0.00998025 -0.00335272
-0.263055 -0.145962 2.1247 -0.0202246 -0.00843755 -0.00320115
-0.299655 -0.169256 2.13078 -0.0203112 -0.00940805 -0.00400065
-0.315751 -0.114269 2.12146 -0.0214957 -0.0101465 -0.00451585
-0.316387 -0.158118 2.15147 -0.0214957 -0.0120445 -0.00499576
-0.313097 -0.212408 2.207 -0.0203082 -0.0129378 -0.00452646
-0.27235 -0.12897 2.14478 -0.0197876 -0.0114905 -0.00407082
-0.251996 -0.152114 2.13753 -0.0201786 -0.0114069 -0.00389962
-0.281217 -0.193105 2.1792 -0.0215367 -0.0115872 -0.00407425
-0.216862 -0.126212 2.12609 -0.0217863 -0.0118522 -0.00268816
-0.223846 -0.156056 2.17276 -0.0194281 -0.0102861 -0.00250809
-0.228174 -0.164142 2.08265 -0.014622 -0.00976738 -0.00295477
-0.160923 -0.115564 1.9456 -0.0111696 -0.00856596 -0.00215719
-0.175441 -0.147255 1.97886 -0.0127971 -0.00840452 -0.00195243
-0.186213 -0.0806873 2.0334 -0.0167478 -0.00885498 -0.00168778
-0.173257 -0.123412 2.04567 -0.0160629 -0.00858354 -0.00224594
-0.219578 -0.190599 2.12548 -0.0164256 -0.00847631 -0.00274284
-0.210127 -0.170939 2.12935 -0.0161335 -0.00842338 -0.00215138
-0.191267 -0.16247 2.12603 -0.0160478 -0.00888242 -0.00209566
-0.237744 -0.195311 2.18073 -0.0165981 -0.00864168 -0.00247172
-0.239334 -0.129176 2.12075 -0.0161614 -0.00889322 -0.0030957
-0.248889 -0.158041 2.11344 -0.0165564 -0.00917131 -0.00304856
-0.263786 -0.177437 2.16309 -0.0162217 -0.00882228 -0.0028689
-0.273669 -0.117522 2.12092 -0.0159679 -0.00931028 -0.00336604
-0.275556 -0.155623 2.14551 -0.0161252 -0.00909001 -0.00314688
-0.277208 -0.170159 2.17235 -0.0160918 -0.00905105 -0.00286802
-0.267788 -0.15545 2.14757 -0.016333 -0.00919941 -0.00307568
-0.262549 -0.158467 2.23025 -0.0189359 -0.0108287 -0.00119114
-0.196119 -0.146996 2.09106 -0.0125216 -0.00787802 -0.00118763
-0.159974 -0.189714 1.26877 -0.00460921 -0.00998505 -0.0019054
-0.193931 -0.380198 1.05284 0.00088835 -0.00930611 -0.00299537
-0.174013 -0.295281 1.42407 -0.00287904 -0.00840092 -0.00323471
-0.193051 -0.295966 1.46697 -0.00263936 -0.00919111 -0.00353907
-0.263742 -0.269249 1.55854 -0.00441029 -0.00862196 -0.00390034
-0.259067 -0.231021 1.47152 -0.00352181 -0.0101676 -0.00425612
-0.275911 -0.273315 1.54723 -0.00455552 -0.0103212 -0.00446597
-0.272946 -0.259446 1.60447 -0.0052869 -0.0101393 -0.00362239
-0.261274 -0.202877 1.54833 -0.00523414 -0.0100761 -0.00371329
-0.277903 -0.241728 1.63435 -0.00689192 -0.00981825 -0.00390035
-0.288281 -0.274393 1.68289 -0.00729723 -0.0102578 -0.00390035
-0.274744 -0.24326 1.64524 -0.00792179 -0.0101406 -0.00455169
-0.281052 -0.301143 1.66975 -0.0140239 -0.00936345 -0.00350544
-0.254164 -0.349096 1.70752 -0.0138919 -0.00841091 -0.0019881
-0.255782 -0.283911 1.68352 -0.0132267 -0.00875593 -0.00225583
-0.259482 -0.298385 1.82478 -0.0135681 -0.00889739 -0.00228471
-0.258925 -0.258365 1.74915 -0.0127121 -0.00913708 -0.00209892
-0.241887 -0.259217 1.74657 -0.0130409 -0.009004 -0.00203005
-0.216469 -0.371929 1.94072 -0.0135075 -0.0063384 -0.00038991
-0.258878 -0.151178 1.94867 -0.013729 -0.00649194 -0.00074816
-0.308253 -0.143952 1.88317 -0.0137666 -0.00907172 -0.00275793
-0.301653 -0.16006 1.92186 -0.015912 -0.00994828 -0.00337203
-0.309039 -0.242603 1.91225 -0.0156392 -0.00874984 -0.00427223
-0.34283 -0.252172 1.96645 -0.014095 -0.00833164 -0.00451313
-0.353204 -0.266869 1.93474 -0.0145925 -0.00853586 -0.0049757
-0.353045 -0.298392 1.92681 -0.0160137 -0.00887277 -0.00524304
-0.351436 -0.343425 2.01657 -0.0185832 -0.00958376 -0.00486917
-0.327843 -0.297215 1.91953 -0.0191106 -0.00875332 -0.00415714
-0.313219 -0.265995 1.96299 -0.0189056 -0.00861961 -0.00379082
-0.302274 -0.262671 1.95498 -0.0189665 -0.00822535 -0.0036015
-0.327764 -0.223832 1.91861 -0.0193569 -0.0090916 -0.00415715
-0.332749 -0.219633 1.92243 -0.0197621 -0.00880351 -0.00451553
-0.350871 -0.290698 2.01886 -0.0221645 -0.00990407 -0.00457784
-0.353711 -0.313251 2.01153 -0.0212152 -0.00973935 -0.00527501
-0.384984 -0.296034 1.91534 -0.0203693 -0.00976529 -0.00532544
-0.348767 -0.285054 1.94359 -0.0201732 -0.00903338 -0.00416701
-0.294086 -0.227906 1.88623 -0.0199338 -0.00885584 -0.00343357
-0.265092 -0.235682 1.87235 -0.0214673 -0.00810457 -0.00292148
-0.326133 -0.269513 1.90186 -0.0225814 -0.00856641 -0.00437369
-0.345297 -0.270248 1.89529 -0.0231409 -0.00883247 -0.00449648
-0.317644 -0.310063 1.89932 -0.0225134 -0.00916985 -0.00375989
-0.327511 -0.300626 1.90684 -0.0224972 -0.0088848 -0.00367242
-0.347894 -0.238992 1.85943 -0.0225416 -0.00945273 -0.00464311
-0.344845 -0.252624 1.87237 -0.0226814 -0.00908757 -0.00456376
-0.352311 -0.314867 1.9247 -0.0231336 -0.00969368 -0.00458186
-0.3331 -0.248729 1.84601 -0.022905 -0.00950879 -0.00415491
-0.299645 -0.24139 1.8333 -0.0223485 -0.00929121 -0.00404895
-0.334847 -0.282641 1.84786 -0.0220644 -0.00952192 -0.00426272
-0.337095 -0.241664 1.8294 -0.0219338 -0.00913297 -0.00442372
-0.327961 -0.241535 1.81538 -0.0218771 -0.00949436 -0.00463255
-0.337844 -0.286748 1.86427 -0.0222784 -0.00932335 -0.00470558
-0.328775 -0.242665 1.86001 -0.0222494 -0.00898868 -0.00476272
-0.323087 -0.267094 1.87321 -0.022177 -0.00868174 -0.0043808
-0.349031 -0.277245 1.87639 -0.0224056 -0.00925816 -0.00441259
-0.34668 -0.248117 1.8254 -0.0220639 -0.00939416 -0.0046234
-0.356486 -0.242056 1.85188 -0.0221233 -0.00941726 -0.00471257
-0.366031 -0.292178 1.90179 -0.0232727 -0.00971695 -0.00472117
-0.355431 -0.23024 1.87289 -0.0223369 -0.00944277 -0.0049274
-0.408823 -0.283883 1.92037 -0.0229482 -0.00987521 -0.00547255
-0.381982 -0.295654 1.90725 -0.0228211 -0.00962713 -0.00484979
-0.342224 -0.234607 1.87873 -0.0222003 -0.00881047 -0.00469798
-0.375071 -0.290362 1.94975 -0.0238471 -0.00907748 -0.00502275
-0.363161 -0.267802 1.83859 -0.0230713 -0.00893949 -0.00476187
-0.342407 -0.276056 1.88206 -0.0233339 -0.00854233 -0.00460682
-0.363869 -0.203012 2.12956 -0.0249466 -0.00892423 -0.00454504
-0.188473 -0.218569 2.08709 -0.0185042 -0.00562685 -0.00126679
-0.204181 -0.240612 2.10248 -0.012493 -0.00418833 -0.0009588
-0.270312 -0.21595 2.16013 -0.0160073 -0.00427664 -0.00183676
-0.312392 -0.230915 2.08234 -0.0211458 -0.00475888 -0.00258176
-0.343538 -0.293654 2.12492 -0.02172 -0.00641426 -0.00308739
-0.304011 -0.169899 2.07635 -0.0218265 -0.00572487 -0.00269127
-0.326745 -0.256014 2.14902 -0.0241558 -0.00647923 -0.00375433
-0.347245 -0.243718 2.13836 -0.0233082 -0.00629377 -0.00306391
-0.284798 -0.172242 2.10743 -0.0227451 -0.00491004 -0.00255972
-0.340777 -0.244576 2.08528 -0.0226078 -0.00569919 -0.00353976
-0.36696 -0.251436 2.10875 -0.0228243 -0.00540113 -0.00306428
-0.358841 -0.204503 2.09561 -0.0214209 -0.00592967 -0.00327906
-0.379191 -0.256772 2.16917 -0.0231608 -0.00654992 -0.00423796
-0.374173 -0.283611 2.19229 -0.0245075 -0.00749196 -0.00456423
-0.207835 -0.197565 2.09015 -0.022758 -0.00797722 -0.00011176
-0.233898 -0.251971 2.12589 -0.0153194 -0.006725 0.00012355
-0.20343 -0.115024 2.07764 -0.0158022 -0.006725 0.00044028
-0.204649 -0.133586 2.12729 -0.01785 -0.00656461 0.0002482
-0.233525 -0.16554 2.19105 -0.0192184 -0.0063403 0.00025651
-0.219788 -0.1205 2.18434 -0.0189728 -0.00603649 5.306e-05
-0.219191 -0.144657 2.17738 -0.0195194 -0.00542431 7.616e-05
-0.272907 -0.200768 2.27612 -0.020692 -0.00547678 6.896e-05
-0.247786 -0.152643 2.18676 -0.0201348 -0.00592649 0.00017574
-0.248842 -0.163803 2.16622 -0.0207741 -0.00577267 8.376e-05
-0.267942 -0.221902 2.33722 -0.0205772 -0.00522208 -0.00026045
-0.22562 -0.189958 2.19603 -0.0217734 -0.00455364 -0.00021953
-0.22233 -0.226345 2.16328 -0.01984 -0.0048908 -0.00020521
-0.22734 -0.196805 2.25806 -0.0212157 -0.00508022 -1.798e-05
-0.200136 -0.16832 2.22329 -0.0212924 -0.00483404 0.0004666
-0.237357 -0.238693 2.31114 -0.0224481 -0.00496083 -7.54e-06
-0.224105 -0.198219 2.30632 -0.0218597 -0.00412558 0.00024246
-0.213687 -0.198129 2.21664 -0.0217199 -0.00477411 5.267e-05
-0.26646 -0.264975 2.34357 -0.0223016 -0.00452022 0.00013374
-0.269963 -0.206965 2.29667 -0.0218597 -0.00521623 0.00047524
-0.252296 -0.156922 2.27278 -0.0212027 -0.00468969 0.00029148
-0.264051 -0.221133 2.30053 -0.0242738 -0.00581211 -4.683e-05
-0.206748 -0.079241 2.20435 -0.0230977 -0.0056625 0.00119769
-0.162333 -0.196878 2.26142 -0.021879 -0.00483425 0.00168703
-0.18875 -0.252071 2.34144 -0.0234055 -0.00513867 0.00154657
-0.194569 -0.242109 2.35129 -0.0235052 -0.0048485 0.00114701
-0.196841 -0.206582 2.34325 -0.0232567 -0.00513364 0.00063013
-0.215053 -0.221245 2.35985 -0.0224812 -0.00513364 0.00083749
-0.204156 -0.160595 2.29466 -0.022002 -0.00513364 0.00078971
-0.214199 -0.196293 2.31641 -0.0221849 -0.00478655 0.00080579
-0.212733 -0.146448 2.29446 -0.0228731 -0.00498665 0.00075904
-0.204973 -0.134156 2.29325 -0.0225519 -0.00513364 0.00086372
-0.234581 -0.204787 2.33502 -0.0233213 -0.00477189 0.00041576
-0.221022 -0.156264 2.28506 -0.022294 -0.00476302 0.00036936
-0.239221 -0.189786 2.2998 -0.0216233 -0.00476133 0.00046869
-0.249338 -0.21008 2.33714 -0.0222405 -0.00480642 0.0003525
-0.250523 -0.183835 2.33528 -0.0208678 -0.00436674 0.0002705
-0.255097 -0.197227 2.33403 -0.0211936 -0.00472838 0.00015679
-0.258436 -0.177545 2.27703 -0.0198683 -0.00492859 -4.535e-05
-0.251013 -0.0988162 2.27111 -0.0198997 -0.00482871 -4.535e-05
-0.252824 -0.127459 2.30545 -0.0205583 -0.00480511 7.833e-05
-0.254071 -0.183019 2.35747 -0.022104 -0.00488497 0.00040109
-0.200372 -0.133373 2.27269 -0.0223181 -0.00458414 0.00069503
-0.233284 -0.228901 2.31006 -0.0221602 -0.00470355 0.00047407
-0.224486 -0.202423 2.2857 -0.022403 -0.00458667 0.00055784
-0.192095 -0.185598 2.28168 -0.022672 -0.00511821 0.00075313
-0.231979 -0.231575 2.40059 -0.0240194 -0.00479459 0.00039196
-0.23138 -0.198006 2.36619 -0.0238736 -0.005271 0.00021391
-0.24235 -0.156685 2.4028 -0.0245787 -0.00553315 0.00048226
-0.243442 -0.205946 2.43294 -0.0242833 -0.0047057 0.00059402
-0.229011 -0.185111 2.41037 -0.0239221 -0.00459828 0.00089564
-0.238688 -0.23676 2.4361 -0.0245129 -0.00511307 0.00060329
-0.241433 -0.261197 2.42889 -0.0246186 -0.00489201 0.00071762
-0.219493 -0.202747 2.42886 -0.0244158 -0.00442242 0.00018459
-0.233312 -0.249383 2.5554 -0.0239502 -0.00391168 0.00018349
-0.220092 -0.232815 2.67406 -0.0217171 -0.00338121 0.00048643
-0.24156 -0.202746 2.65155 -0.0209795 -0.00351901 0.00053385
-0.238029 -0.226609 2.67859 -0.0214113 -0.00351994 0.00061638
-0.23365 -0.243976 2.77197 -0.0214187 -0.00324213 0.00075641
-0.224404 -0.217939 2.71056 -0.0210339 -0.00357853 0.00076885
-0.227927 -0.243776 2.75496 -0.021478 -0.00338507 0.00044735
-0.223937 -0.270571 2.76622 -0.0211992 -0.00339912 0.00074623
-0.208587 -0.218312 2.74098 -0.0202198 -0.00391168 0.00086489
-0.201269 -0.183894 2.86681 -0.0206091 -0.00310196 0.00062275
-0.200668 -0.143917 2.85534 -0.0202571 -0.00329535 0.00082248
-0.202865 -0.192913 2.8641 -0.0196321 -0.00351811 0.00037945
-0.211598 -0.229168 2.95323 -0.0200627 -0.0028867 0.00045814
-0.232714 -0.200701 2.90397 -0.0204883 -0.003061 0.00064175
-0.23278 -0.221266 2.93586 -0.0205597 -0.00309334 0.00054207
-0.240704 -0.243488 3.02209 -0.0219558 -0.00226833 0.00090278
-0.237651 -0.191984 3.01382 -0.0211069 -0.0028303 0.00073108
-0.229234 -0.228988 3.03564 -0.022293 -0.00255584 0.0008856
-0.240953 -0.187135 2.9903 -0.022778 -0.00233433 0.00087318
-0.235135 -0.141469 3.01062 -0.0216401 -0.00272084 0.00084273
-0.237982 -0.131244 3.03619 -0.0219398 -0.0024095 0.0007629
-0.248212 -0.145556 2.99645 -0.0216182 -0.00266515 0.00058194
-0.199526 -0.124897 2.84312 -0.0221447 -0.00323744 -0.00010785
-0.225215 -0.197032 2.92467 -0.0234874 -0.00353982 -1.779e-05
-0.227309 -0.150435 2.97056 -0.0222975 -0.00362159 0.0003016
-0.22057 -0.189818 3.00949 -0.0225995 -0.00379312 0.00034708
-0.214008 -0.222356 3.06268 -0.0229475 -0.00336308 0.00042914
-0.22062 -0.180264 3.01148 -0.0226902 -0.00384173 0.0004818
-0.216728 -0.178731 2.95369 -0.0227467 -0.00386508 0.00026562
-0.207762 -0.181175 3.02446 -0.0227074 -0.00299059 0.00044923
-0.196422 -0.112171 3.02408 -0.0217572 -0.00269937 0.00036034
-0.200787 -0.1132 3.00742 -0.0222927 -0.00329741 0.00068572
-0.202944 -0.170002 3.06889 -0.0229105 -0.0030973 0.00083795
-0.190308 -0.145101 2.9861 -0.0208932 -0.0029772 0.00082917
-0.181886 -0.163339 2.99251 -0.0194603 -0.00285388 0.00059973
-0.200206 -0.197405 3.06736 -0.0197119 -0.00285047 0.00050909
-0.193634 -0.173024 3.04568 -0.0197565 -0.00305315 0.00061218
-0.194823 -0.175659 3.04662 -0.0197984 -0.00308576 0.00051503
-0.215851 -0.199536 3.08025 -0.0206388 -0.00291784 0.00040753
-0.231183 -0.163498 3.02518 -0.0204975 -0.00299391 0.00030013
-0.2109 -0.13822 3.04527 -0.0195183 -0.00267778 0.00048515
-0.204199 -0.142941 3.10406 -0.0198516 -0.00266771 0.00031234
-0.214649 -0.135019 3.07861 -0.0202185 -0.00284758 0.00046303
-0.207175 -0.131621 3.1083 -0.0204602 -0.00278302 0.00040322
-0.219945 -0.149312 3.09729 -0.0201722 -0.00289851 0.00026583
-0.215944 -0.161838 3.09938 -0.0208003 -0.0029007 0.00029843
-0.218338 -0.143158 3.10267 -0.0203837 -0.00298104 0.00032398
-0.199983 -0.143442 3.12147 -0.0196856 -0.00261924 0.00032737
-0.209027 -0.159113 3.13781 -0.020075 -0.00269472 0.00045345
-0.215589 -0.154171 3.13414 -0.0208873 -0.00309717 0.00052199
-0.20918 -0.139517 3.12778 -0.020736 -0.00268748 0.00029327
-0.245739 -0.170938 3.17094 -0.0201171 -0.00280072 -0.0004005
-0.261246 -0.146934 3.12841 -0.0182959 -0.00215309 -0.00068156
-0.234406 -0.134574 3.11685 -0.0181358 -0.00241984 -0.0007303
-0.233249 -0.18734 3.16816 -0.0189981 -0.00280115 -0.00047989
-0.237277 -0.155943 3.17252 -0.0193281 -0.00275579 -0.00037864
-0.200312 -0.0817833 3.15806 -0.0202036 -0.00181825 -0.00019916
-0.213133 -0.155864 3.13186 -0.0191143 -0.00160605 -0.00011888
-0.20059 -0.340358 2.77323 -0.0147841 -0.0005298 -0.00170063
-0.223259 -0.374564 3.02452 -0.0176653 -0.000193 -0.00261318
-0.219522 -0.272119 3.18271 -0.020657 -0.00046693 -0.00281209
-0.20026 -0.201162 3.22307 -0.0217293 -0.0008901 -0.00247082
