0.0267243 0.16103 0.0602997 0.00037737 -0.00092382 0.00013158
0.0352594 0.138554 0.0862055 0.00010998 -0.00080557 0
0.0316285 0.241262 0.0636807 0.00042666 -0.00095722 0.000112
0.0264373 0.22376 0.0718341 0.00030709 -0.00082239 8.377e-05
0.0252664 0.158715 0.0997172 0 -0.00092213 0.00010412
0.0207745 0.25785 0.0511246 0.00044107 -0.00087968 0.00017232
0.0248996 0.164593 0.0822381 0.00011648 -0.00108764 0.00010743
0.0179554 0.159375 0.0713256 0.0004472 -0.0011114 0.00014723
0.00289948 0.216558 0.0426732 0.00036614 -0.00107483 0.00022797
0.00226689 0.102031 0.0668182 0.00033148 -0.00113777 0.00026815
0.00926284 0.16388 0.0541145 0.0003245 -0.00114368 0.00017241
0.00135918 0.199112 0.0362425 0 -0.00095922 0.00015189
0.00670855 0.113299 0.0819716 0.00034664 -0.00123786 0.0002423
-0.0128369 0.196649 0.0283872 -0.00021117 -0.0010236 0.00038577
-0.0113166 0.176797 0.0315536 -0.00011135 -0.00124488 0.00029257
-0.00329038 0.105543 0.0815388 0.00016343 -0.00150811 0.00036103
-0.007888 0.216734 0.0498405 0 -0.00134903 0.00036355
-0.00203979 0.164966 0.115013 0 -0.00154514 0.00036994
0.00232519 0.191287 0.0805428 0.0003827 -0.00142683 0.00030211
-0.00572676 0.26229 0.0603877 0.00036673 -0.0012871 0.00042778
-0.00546117 0.137743 0.0958661 0.00023654 -0.00150626 0.00057307
-0.00226271 0.245889 0.0835098 0.00053237 -0.00155157 0.00061083
-0.00392522 0.201623 0.103842 0.00061785 -0.00180407 0.00075501
0.00607647 0.185486 0.110685 0.00053835 -0.00188007 0.00077123
0.00020089 0.264202 0.10171 0.00089313 -0.00160657 0.00068816
0.00338721 0.136104 0.147301 0.00044573 -0.0019005 0.00069061
-0.0163053 0.0797967 0.00437889 0.00066716 -0.00133766 0.0009494
-0.00020378 0.0557491 -0.0674178 0.00137938 -0.00061709 0.00085221
9.376e-05 0.158548 0.00268944 0.00090181 -0.00066397 0.00085221
8.628e-05 0.0613643 0.124729 0.00150656 -0.00115188 0.00085221
0.00131015 0.174349 0.0830687 0.00114597 -0.00084529 0.00075574
-0.00534066 0.215546 -0.154993 0.00238781 0.00030581 0.00110221
0.00968247 0.227833 -0.0895925 0.00203659 0.00017646 0.00135702
0.00765876 0.152676 0.0402947 0.00071913 -8.201e-05 0.00102093
-0.00031645 0.118473 0.0535363 0.00102911 -6.195e-05 0.00085221
-0.0133107 -0.0101999 -0.0601821 0.00294941 8.699e-05 0.00103526
0.0141438 0.0762156 -0.147027 0.00370273 0.00051007 0.00120931
-0.00279636 0.173003 -0.0798368 0.00234191 5.927e-05 0.00085221
-0.00022504 0.00400122 0.0666804 0.00159383 8.626e-05 0.00062172
0.00808863 0.0725423 0.00508465 0.00176135 0.00038221 0.00074621
0.00048651 0.12125 -0.219761 0.00336831 0.00064554 0.00119555
0.00874398 0.179857 -0.160602 0.00338452 0.00105641 0.00120357
0.00208551 0.163729 -0.0608693 0.00267649 0.00066275 0.00110221
-0.014623 0.0376966 -0.0560983 0.00231429 0.0007306 0.00085221
0.00058831 0.191538 -0.0862008 0.00229873 0.00059056 0.00085221
-0.00152345 0.130486 0.0815704 0.00179277 7.928e-05 0.00039958
-0.00944828 0.16182 -0.0427916 0.00097028 0.00053719 0.00079092
0.00429218 0.16743 -0.0847169 0.00199032 0.00084568 0.0007886
0.00166653 0.186396 -0.0104806 0.00142777 0.00057559 0.00052208
-0.0155277 0.0889216 0.128709 0.00181935 -0.00045316 0.00054347
-0.00332662 0.164902 -0.0559451 0.0020733 0.00027586 0.00048035
0.00436826 0.141577 -0.0198926 0.00201156 1.365e-05 0.00034336
-0.00314434 0.204743 0.0411934 0.00113873 -0.00047009 0.00022586
-0.0181074 0.0366074 -0.0768646 0.0019339 0.00012901 0.00059603
-0.00264479 0.11601 -0.135125 0.00319116 0.00026501 0.00059603
-0.00168658 0.111611 -0.115441 0.00301918 0.00016675 0.00018851
-0.00049832 0.0997705 0.0714491 0.00175232 -0.00026372 0.00015224
-0.0108636 0.11161 -0.11581 0.00281032 -1.384e-05 0.00034603
4.126e-05 0.126254 -0.136761 0.00260452 0.00034756 0.00059603
-0.00470654 0.19691 -0.158328 0.00277737 0.0005212 0.00059603
-0.00140473 0.160529 -0.15695 0.00325534 0.00082167 0.00059603
-0.0105443 0.122396 -0.126089 0.00276405 0.00062782 0.00059603
-0.0148416 0.0253896 -0.0510036 0.00237259 3.908e-05 0.00032171
-0.00831194 0.0667204 -0.21594 0.00452605 0.00016927 0.00045048
-0.00813509 0.193434 -0.103714 0.00246377 0.00024078 0.00021551
-0.0219559 0.0586026 -0.0680337 0.00153605 0.00014004 0.00037175
-0.00679233 0.152958 -0.144312 0.00274912 0.00070809 0.00040723
-0.0104409 0.144386 -0.0465823 0.00127576 0.00050456 0.00024641
-0.00475804 0.0666637 0.0523052 0.00120169 0.00014548 0.00014111
-0.00997198 0.22133 -0.156282 0.00192275 0.00069871 0.00034147
-0.00186991 0.178584 -0.206398 0.00288937 0.00094954 0.00048253
-0.00804694 0.12406 -0.128436 0.00261963 0.0009657 0.0001981
-0.0198181 0.170284 -0.0524144 0.00189123 0.00028514 0.00015833
-0.0122682 0.0192736 0.0531947 0.00087272 -9.182e-05 0.00016906
-0.0198681 0.11199 -0.105339 0.00177692 7.225e-05 0.0002662
-0.0189361 0.101411 -0.298549 0.00335874 0.00051427 0.00059603
-0.0163048 0.098397 -0.244618 0.00284628 0.00061429 0.00047695
-0.0249276 0.16461 -0.202037 0.00296296 0.00057616 0.00024528
-0.0278886 0.00847408 -0.14477 0.00259181 -9.182e-05 0.00045435
-0.0118579 0.0798411 -0.252462 0.00228645 0.00057811 0.00059603
-0.021933 0.156475 -0.291166 0.00305815 0.00061507 0.00017912
-0.0389949 0.100572 -0.244192 0.00353252 3.857e-05 0.00059603
-0.0194354 0.112299 -0.331955 0.00442236 0.00052854 0.00025294
-0.00770814 0.243777 -0.260143 0.00304897 0.00052205 -0.00014951
-0.014548 0.101141 -0.00466085 0.0014743 0.00031131 2.151e-05
-0.0147574 0.145771 0.0317078 0.00104219 0.00018822 8.074e-05
0.000878 0.270622 -0.232926 0.00253284 0.00035623 -0.00016925
-0.00330061 0.145982 -0.13871 0.00129219 0.0008749 8.074e-05
0.00723852 0.199832 -0.140257 0.00137555 0.00063637 -0.00016925
-0.00253898 0.18802 -0.172483 0.00170908 0.00052644 8.074e-05
-0.0193135 0.169298 -0.345178 0.00321543 0.00079051 0.00033141
-0.00937609 0.113523 -0.198024 0.00137896 0.0015256 0.00035787
-0.00614965 0.228933 -0.150204 0.00163279 0.0001346 8.074e-05
-0.0261422 0.0122588 -0.0512934 0.0005841 0.00060498 8.074e-05
-0.00836296 0.146341 -0.163339 0.00073046 0.00134981 0.00022358
-0.00042177 0.226396 -0.108177 0.00048046 0.0009514 -0.00016925
0.0036667 0.102686 0.0538323 0.00087124 -2.443e-05 -0.00017949
-0.00998809 0.266217 -0.208381 0.0017567 0.00029507 8.074e-05
0.00629114 0.189136 -0.230215 0.00157544 0.00084931 0.00026515
-0.00899868 0.230487 -0.239176 0.00177604 0.000771 8.074e-05
-0.0169272 0.194749 -0.242678 0.00217366 0.00038389 0.000255
-0.0172559 0.163218 -0.246796 0.00269139 0.00026368 8.074e-05
-0.032248 0.179068 -0.327899 0.00229686 0.00083923 0.0001938
-0.015547 0.129556 -0.239875 0.0018403 0.00069576 0.00045231
-0.00811664 0.158071 -0.143564 0.00151705 0.00019493 8.074e-05
-0.0111192 0.00342336 -0.00273059 0.00013616 -9.5e-07 8.074e-05
-0.0271922 0.099691 -0.0944419 0.00065932 0.00035703 0.0003265
-0.0251618 0.152732 -0.292098 0.00082858 0.00051494 0.00028031
-0.0103891 0.213603 -0.190463 0.00063875 0.00100629 0.0004223
-0.0119303 0.207624 -0.071203 -0.00039007 0.00052655 8.074e-05
-0.00395407 0.0212145 -0.0499325 0.00072173 2.003e-05 8.074e-05
-0.00114845 0.138679 -0.160191 0.00092819 0.00019602 8.074e-05
0.00453934 0.196408 -0.101716 0.00037841 0.00042031 -0.00011272
0.00404562 0.111303 0.0433096 0.00057617 -0.00027205 -0.00011521
-0.00425392 0.267773 -0.243233 0.00150498 0.00036335 -5.317e-05
0.0113745 0.20019 -0.155495 0.00174882 0.00063411 -0.00016925
-0.002894 0.217488 -0.17939 0.00201833 -7.25e-06 8.074e-05
-0.0191611 0.0679815 -0.0812932 0.00091943 -9.645e-05 0.00028782
0.00385286 0.125601 -0.115699 -4.473e-05 0.00016061 -0.00010911
-0.00021916 0.174006 -0.133171 0.00068885 0.00015961 8.074e-05
-0.00217092 0.188266 -0.0629089 0.0009876 4.458e-05 4e-06
-0.00992231 0.254161 -0.038154 0.0008304 -2.6e-06 8.074e-05
-0.0194754 0.0903088 -0.0178074 0.00041218 -0.00018242 2.674e-05
0.00257332 0.208812 -0.0549286 0.00064532 -6.429e-05 -4.028e-05
0.00466762 0.248303 -0.0313254 0.0004166 3.694e-05 -0.00012306
-0.00594993 0.18822 -0.0711587 0.00078824 -3.108e-05 2.937e-05
0.00762062 0.269441 -0.118658 0.00070322 0.00024913 -0.0003276
0.0153461 0.328532 -0.00878855 0.00019583 -0.00011314 -0.000228
-0.00792951 0.0916703 -0.0975991 0.00210908 -0.00011444 8.074e-05
0.00680988 0.0747149 -0.212845 0.00167349 0.00052663 2.448e-05
0.00501574 0.139864 -0.181062 0.00172951 0.00043741 -0.00023358
-0.00769282 0.11609 -0.053504 0.0009755 0.00019242 2.684e-05
-0.00458423 0.0664046 0.0298216 0.00049537 -9.766e-05 -0.00013994
0.00320287 0.187546 -0.120876 0.00194878 0.00062732 -0.00021875
0.0134453 0.282181 -0.047228 0.00100649 0.00081972 -0.00024065
0.00177564 0.218924 -0.00585671 0.00013854 0.00014729 -0.00015542
-0.00778959 0.155111 -0.00090013 6.025e-05 5.084e-05 8.074e-05
-0.00704043 0.215945 -0.0389539 0.00069822 5.084e-05 8.074e-05
0.00180555 0.209881 -0.192145 0.00221471 5.084e-05 -4.872e-05
-0.00270956 0.121419 -0.164983 0.00251565 0.00031652 8.074e-05
0.00183163 0.233692 -0.0431508 0.00091639 5.084e-05 -3.024e-05
-0.00509625 0.0441666 0.0331453 0.00027073 -0.00038786 -0.00022468
-0.00290681 0.124437 -0.129828 0.00133116 -0.00018523 5.1e-06
0.0021331 0.129889 -0.133041 0.00133362 1.885e-05 -4.719e-05
0.00175583 0.183015 -0.0887311 0.0010239 9.274e-05 -4.541e-05
-0.0100454 0.213009 -0.0568435 0.00117414 -0.00017147 1.558e-05
-0.0117764 0.0990973 -0.0654114 0.00071537 -0.00012918 -0.00016443
0.00610934 0.184504 -0.137454 0.00163721 -1.361e-05 -0.00021456
-0.0008413 0.246089 -0.102896 0.00114031 -0.00029487 -0.00013525
-0.0114527 0.123316 -0.0657024 0.00084702 -0.00051115 -0.0004028
-0.00050167 0.229458 -0.0670473 0.00061294 8.448e-05 5.752e-05
-0.00323772 0.244497 -0.0758882 0.0006719 -0.00022684 7.258e-05
-0.00613377 0.180473 -0.00312143 0.00013568 -0.00020717 6.246e-05
-0.0209188 0.14278 -0.0602923 0.00109839 -0.00041246 4.61e-05
0.00222274 0.236113 -0.0992599 0.00067084 -4.859e-05 -1.816e-05
-0.0062073 0.224774 -0.108195 0.0007386 -0.00024031 1.956e-05
-0.00612907 0.18217 -0.106907 0.00054319 -0.00027472 0.00011866
-0.0168001 0.0438017 -0.00702948 9.2e-05 -0.0002458 -0.00016925
0.00251586 0.204395 -0.0983536 0.00131622 0.00020716 -0.00019087
0.00614027 0.319 -0.0507162 0.00043033 -0.00041246 -0.00017172
-0.00945584 0.287179 -0.0885049 0.00086392 -0.00048585 -3.227e-05
-0.00395899 0.236066 -0.0301705 0.00054511 -0.00048842 -0.00021928
-0.0294225 0.193363 0.0298452 3.135e-05 -0.0010162 -0.00010776
0.00784327 0.279365 -0.0363369 -0.0001092 8.53e-06 -0.00032781
0.00296597 0.369426 0.00018843 3.135e-05 -0.00027222 -0.00027496
0.00168751 0.302817 0.0158344 3.135e-05 -0.00072846 -0.00039543
-0.00662598 0.180165 0.0274591 3.135e-05 -0.00089467 -0.00017337
-0.00626291 0.107757 -0.00953455 0.00022826 -0.00053165 -0.00042217
0.00705539 0.12034 -0.0379764 -0.00028116 -0.00021992 -0.00023878
0.0145335 0.196705 -0.0411947 -0.00010833 -0.00032279 -0.00025024
0.0095342 0.227445 -0.00258587 -4.27e-05 -0.0003591 -0.00040172
-0.0059484 0.310137 0.0181444 3.531e-05 -0.00070447 -0.00036192
-0.059282 0.282014 -0.00628271 0.00031827 -0.00249942 -3.543e-05
-0.0603705 0.170309 -0.058323 -0.00014913 -0.00397341 0.00078807
-0.0395616 0.0801339 0.067376 -0.00041102 -0.0025943 0.00038212
-0.0328647 0.20077 0.0633439 -0.0004389 -0.00236719 0.00023653
-0.0279002 0.268605 0.0702467 -0.0006547 -0.00241411 0.00014301
-0.0286179 0.213117 0.0685778 -0.00090865 -0.0023415 0.00014251
-0.0320598 0.168047 0.0296792 -0.00056077 -0.00181932 0.00011626
-0.0477871 0.237223 -0.0200187 -0.00035384 -0.00190656 0.00026659
-0.0350583 0.206696 0.0222056 -0.00056715 -0.00191679 0.00024961
-0.0346219 0.177964 0.0300479 -0.00073971 -0.00192084 0.00023381
-0.0515029 0.264242 6.54e-06 -0.00050375 -0.00234364 0.00029911
-0.0908293 0.205542 -0.0147544 -0.00010881 -0.00400035 0.00054911
-0.0639659 0.14322 0.0354564 -0.00068103 -0.00319008 0.00054911
-0.063557 0.138698 0.0335593 -0.00063191 -0.00299848 0.0007595
-0.06386 0.146548 0.0433966 -0.0008206 -0.00312857 0.00062433
-0.0573185 0.123889 0.058052 -0.00078104 -0.00298239 0.00063944
-0.0547522 0.288379 0.034194 -0.00089077 -0.00280593 0.00043455
-0.0584544 0.279003 0.0446873 -0.00083946 -0.00281512 0.00059692
-0.0558625 0.192698 0.0320129 -0.0008481 -0.00278628 0.00064129
-0.0713586 0.335029 0.0202516 -0.00063748 -0.00309824 0.00063294
-0.0704004 0.258252 0.0260085 -0.00086755 -0.00312507 0.00057526
-0.0577737 0.196112 0.0357669 -0.00082795 -0.00299585 0.00054552
-0.0502106 0.240838 0.0394581 -0.00080443 -0.00326547 0.00050222
-0.0494656 0.0130135 0.0011436 -5.636e-05 -0.00211676 0.00027094
-0.0203322 0.171979 -0.0494067 -0.00016648 -0.00154682 0.00027094
-0.0239452 0.311557 -0.0331532 -0.00024383 -0.00114549 0.00022077
-0.0249227 0.385765 -0.00624474 -0.00068941 -0.00141906 7.941e-05
-0.0163281 0.276522 0.0235493 -0.00064186 -0.0018389 0.0001579
-0.0265025 0.164705 -0.0173324 -0.00073048 -0.00126055 0.00027094
0.00458867 0.30215 -0.0356957 -0.00067942 -0.00070216 7.877e-05
0.0114385 0.405077 -0.0243919 -0.00031647 -0.00087005 -8e-08
0.00859893 0.346412 -0.00663372 -0.00056169 -0.00113103 -0.0001174
0.00396152 0.11891 0.0599673 -0.00062991 -0.00166494 8.348e-05
-0.00971074 0.236064 -0.104149 -0.00071843 -0.00086761 0.00014523
0.0191289 0.129916 -0.0687361 -0.0009234 -0.00049356 -5.302e-05
0.0175863 0.264047 -0.0163764 -0.00045356 -0.00067315 -9.76e-05
0.0114349 0.307984 0.00049347 -0.00031647 -0.00070705 -0.0001542
-0.0175645 0.111058 0.00293525 -0.00037386 -0.00082611 -8.228e-05
0.00918561 0.266792 -0.0132228 -0.00039567 -0.00038953 -0.0001542
0.0143297 0.425542 -0.00322144 -0.00031647 -0.00056569 -0.00026624
0.00779468 0.350006 -0.00319025 -0.00031647 -0.00066421 -0.0001542
-9.997e-05 0.0869739 0.0124363 -1.36e-06 -0.00080328 -0.00048113
0.0148921 0.237965 0.00351848 -1.433e-05 -0.00023974 -0.00038548
0.0178418 0.294686 -0.0112596 -0.0001642 -0.00025641 -0.00037196
0.0109307 0.145703 0.00470537 9.27e-05 -0.0001008 -0.0003716
0.0105642 0.219155 -0.0100999 0.00013868 -0.00020594 -0.00039348
0.0122445 0.324477 -0.00846133 -0.00010601 -0.00059168 -0.00037883
0.00858484 0.277608 0.00110786 3.452e-05 -0.00068069 -0.00035483
-0.0040685 0.227187 -0.0102893 3.452e-05 -0.00078499 -0.00034232
-0.00349385 0.269938 -0.148353 -0.00041148 -0.00060235 -0.00013181
0.00812999 0.239835 -0.0449457 -0.00049548 -0.0005808 -0.0002059
-0.00881566 0.140557 -0.0996841 0.00099774 -0.00097879 -0.00023516
0.0131716 0.171899 -0.0956171 -0.00055653 -0.00075376 -0.00017328
0.0114894 0.253764 -0.105162 -0.00102687 -0.00071189 -0.00021497
-0.0194906 0.231887 -0.337599 0.00133884 -0.00150435 0.00028761
-0.00831765 0.242662 -0.234613 0.0008298 -0.00061993 0.00022471
-0.0127983 0.191018 -0.0241474 -0.00030283 -0.00071298 -5.962e-05
-0.0122223 0.172759 -0.00552953 -0.00040426 -0.00087199 -0.00014271
-0.0101807 0.176251 -0.275148 0.00217445 -0.00033706 0.00016655
-0.00673441 0.177641 -0.144614 0.00051532 -0.00034135 0.00020737
-0.0326363 0.172784 -0.0579169 -0.00059707 -0.00074258 0.00037739
-0.0219355 0.0288494 0.0471681 -1.054e-05 -0.00130419 -0.00020306
-0.0172613 0.289848 -0.199967 -9.882e-05 -0.00061579 1.5e-07
-0.0020805 0.179926 -0.204615 -0.00018122 -0.00031626 -2.521e-05
0.00640323 0.258114 -0.0508031 -0.0007594 -0.00035029 -0.00033347
-0.00981949 0.232533 0.023886 -0.00064982 -0.0010395 -8.296e-05
-0.00157882 0.365193 -0.135582 -0.00150509 -0.00057679 -7.885e-05
-0.0165013 0.248567 -0.201871 -0.00187672 -0.00065235 0.00016861
-0.00345246 0.196611 -0.0917715 -0.00134797 -0.00044538 -2.381e-05
-0.0130064 0.260652 -0.0264856 -0.00099057 -0.00080614 5.075e-05
-0.00525352 0.098845 0.048122 -0.00104008 -0.001414 2.382e-05
-0.00155446 0.23034 -0.160856 -0.00060128 -0.00070601 -3.602e-05
0.013468 0.148234 -0.170589 -0.00091939 -0.00073828 6.842e-05
-0.0181438 0.198773 -0.188411 -0.00085128 -0.0011414 0.00052817
-0.0340926 0.216015 -0.263821 -0.00037906 -0.00176753 0.00050213
-0.0424766 0.201647 -0.25078 -0.00017652 -0.00194043 0.00085795
-0.0419078 0.216139 -0.349523 0.00132443 -0.00235181 0.00101234
-0.0314316 0.202557 -0.250624 0.00027064 -0.00157664 0.00093422
-0.0337319 0.272991 -0.0977566 -0.00079424 -0.00175848 0.00066244
-0.0366256 0.0284771 -0.0752971 0.00072623 -0.00173779 0.00028106
-0.00864795 0.220725 -0.0971904 -0.00050858 -0.00060991 2.14e-05
0.00598095 0.257172 -0.0571159 -0.00073719 -0.0005044 -0.00012469
-0.00865868 0.21312 0.0458816 -0.00098898 -0.00153351 6.564e-05
-0.0021056 0.32937 -0.022246 -0.00095309 -0.00112756 0.00012531
-0.00220382 0.34544 -0.194322 -0.00157972 -0.00110153 0.00010636
0.0167771 0.32939 -0.0723564 -0.00104085 -0.00061166 -0.00012469
0.0137683 0.330647 -0.0481632 -0.00111785 -0.0007991 -0.00012469
-0.00610483 0.138097 -0.0160574 -0.00112116 -0.0013119 0.00012531
-0.00173381 0.0375305 0.0371982 -0.00077654 -0.00144438 9.246e-05
-0.00293383 0.204319 -0.120978 -0.00176388 -0.00090963 4.479e-05
0.0159327 0.165406 -0.13761 -0.00128439 -0.00064937 -5.351e-05
0.015191 0.242523 -0.138285 -0.00116753 -0.00091842 0.00011897
-0.0163838 0.305511 -0.277798 -0.00085374 -0.00183047 0.000806
0.00927251 0.333607 -0.170838 -0.00073225 -0.00138846 0.00035824
-0.0027626 0.286674 -0.139731 -0.00081293 -0.00093926 0.00034012
-0.0484947 0.116224 0.0423417 -0.00038572 -0.00239971 0.00033451
-0.0507909 0.238694 -0.200302 9.167e-05 -0.0019732 0.00075431
-0.0113111 0.15423 -0.216456 -0.00057069 -0.00110886 0.00056383
-0.0160602 0.205772 -0.237045 -0.00072075 -0.0015878 0.00065598
-0.0422784 0.197004 -0.26191 0.00015391 -0.00175358 0.00084905
-0.0616689 0.250644 -0.382825 0.00048026 -0.00330264 0.00054118
-0.0454908 0.240578 -0.326257 0.00158059 -0.0018223 0.00117735
-0.0269855 0.313839 -0.218425 -0.00069064 -0.00114976 0.00087679
-0.0308326 0.335167 -0.115802 -0.00078613 -0.00130324 0.0002331
-0.0401765 0.228292 -0.0464978 -0.00145551 -0.00158661 3.184e-05
-0.0224322 0.26772 -0.22451 0.00031745 -0.00098054 -8.955e-05
0.031724 0.274573 -0.231523 -0.00135002 -0.00026176 -0.00033955
0.0247713 0.422582 -0.275783 -0.00037714 -0.00016327 -0.00033955
0.0256146 0.412357 -0.159533 -0.00114956 -0.0002323 -0.00033955
0.00376578 0.333956 -0.0874848 -0.00155829 -0.00043897 -0.00033955
0.0242 0.300531 -0.253782 -0.00188475 0.00016668 -0.00033955
0.0275347 0.274118 -0.235656 -0.00150551 -3.088e-05 -0.00033955
0.0154896 0.121464 -0.172628 4.015e-05 -1.75e-06 -0.00033955
0.0302717 0.208325 -0.17763 0.00016281 0.00056901 -0.00044944
0.0337876 0.317759 -0.122352 -0.0005566 -2.938e-05 -0.00045026
0.0244898 0.195846 -0.05072 -0.00075551 -0.00018227 -0.00051813
0.0125915 0.0240529 -0.0452838 -0.00047793 -7.376e-05 -0.00022469
0.0219922 0.184044 -0.163773 -0.00064625 0.00051222 -0.00033955
0.0301859 0.2491 -0.194467 -0.00075109 0.00041283 -0.00046834
0.0114486 0.326053 -0.360982 -0.00112589 -3.755e-05 -0.00018023
0.033206 0.312483 -0.258884 -0.00098649 0.00080832 -0.00033955
0.0212495 0.204101 -0.0863833 -0.0013537 3.157e-05 -0.00033955
0.0384012 0.219129 -0.00647094 -0.00045385 -0.00036818 -0.00033955
0.05118 0.313374 -0.0458965 -0.00097278 -0.00022515 -0.0006963
0.0393687 0.297223 -0.286133 -0.00103678 0.00110874 -0.00042931
0.0486712 0.213749 -0.203761 -0.00148126 0.00119219 -0.00028552
0.0591006 0.196911 -0.199264 -0.00152449 0.00146584 -0.00033955
0.0607714 0.188613 -0.11343 -0.00154102 0.00069607 -0.0004521
0.0408033 0.164282 -0.120768 -0.00153954 0.00054238 -0.00058955
0.0570038 0.201493 -0.167903 -0.00127445 0.00123724 -0.0007447
0.0561873 0.305814 -0.112226 -0.00062997 0.00090182 -0.00067923
0.0549846 0.178117 -0.0193535 -0.00058488 -5.972e-05 -0.00080397
0.0462723 0.161657 -0.00718259 -0.00044072 -7.34e-05 -0.00067516
0.0458292 0.26153 -0.211 -0.00053022 0.00085276 -0.00080397
0.0200962 0.106016 -0.303972 -9.169e-05 0.0008141 5.266e-05
0.0291104 0.217296 -0.190664 -0.00100469 0.00057011 -0.00053305
0.0245291 0.158728 -0.105341 -0.00099705 0.00044294 -0.00059842
0.0486743 0.149372 -0.12977 -0.00069883 0.00051985 -0.00080397
0.0537448 0.224458 -0.0845966 -0.00096086 0.00053698 -0.00073792
0.0474846 0.174027 0.0261422 -0.0003764 -0.00068951 -0.0006854
0.0382222 0.343344 -0.180016 -0.00042649 0.00020744 -0.00073163
0.0433688 0.308758 -0.0950687 -0.00073756 0.00044178 -0.00080397
0.0497713 0.29921 -0.0195047 -0.00054589 -7.051e-05 -0.00080397
0.0470914 0.123928 0.0564132 -0.00092306 -0.00019267 -0.00080397
0.0537085 0.208467 0.00605486 -0.00035752 -0.00060108 -0.00095617
0.0316541 0.240024 -0.255194 -0.00102727 0.00048639 -0.00064066
0.0506484 0.118598 -0.133346 -0.00050189 0.00097008 -0.00074498
0.0523254 0.184576 -0.0794165 -0.00089445 0.00054376 -0.00080397
0.0345307 0.10772 -0.0251291 -0.00054589 0.00014101 -0.00065918
0.0640882 0.26216 -0.030456 -0.00054589 -3.5e-07 -0.00111993
0.0559082 0.298723 -0.012604 -0.00022364 -3.5e-07 -0.00080397
0.0275683 0.340447 -0.288862 -0.00015592 0.00026576 -0.00064853
0.0494226 0.186508 -0.249918 0.00063757 0.00081917 -0.00080397
0.0333939 0.246678 -0.0759536 -0.00036339 0.00021675 -0.00080397
0.0300687 0.046642 -0.124038 -0.00010246 0.00028361 -0.00080397
0.0376185 0.0627604 -0.198795 0.0006088 0.00033449 -0.00080397
0.0401037 0.201402 -0.161374 -3.12e-06 0.00029511 -0.0005198
0.0373759 0.231801 -0.156795 -0.00034791 0.00040246 -0.00059648
0.0190724 0.185282 -0.187928 -0.00034067 5.428e-05 -0.00050701
0.0460525 0.301884 -0.215949 -6.337e-05 0.00061267 -0.00078971
0.0448266 0.316382 -0.206902 -4.717e-05 0.00052484 -0.00033303
0.0404213 0.298825 -0.216823 0.00038319 0.00086637 -0.00059648
0.0288395 0.247914 -0.233018 0.0009287 0.00043492 -0.00051627
0.0145899 0.174771 -0.187451 0.00024149 7.213e-05 -0.00033303
0.0349842 0.23212 -0.265108 -0.00070899 0.00016467 -0.00051578
0.0329046 0.308562 -0.149421 -0.00048509 1.621e-05 -0.00049315
0.0317083 0.11264 -0.0124105 -0.0003857 -0.00022163 -0.00046738
0.0349684 0.139151 -0.0103907 -0.00031761 -0.00047647 -0.00038631
0.0425198 0.227289 -0.0776142 -0.00095893 0.00015455 -0.00069836
0.0409604 0.237909 -0.135992 -0.00080105 0.00054406 -0.00033303
0.0522357 0.271942 -0.146729 -0.00067873 0.00104912 -0.00052011
0.0465471 0.277426 -0.162293 -0.00058974 0.00098773 -0.00033303
0.0436314 0.295793 -0.202103 0.00029506 0.00031055 -0.00058303
0.0412763 0.278625 -0.159757 0.0004582 0.00019892 -0.00050408
0.0311678 0.298987 -0.0478512 -0.00024215 0.00021422 -0.00051359
0.0354847 0.340844 -0.0384761 -0.00049185 -0.00010973 -0.00063815
0.0270688 0.201806 -0.00554928 -0.00033974 -0.00038305 -0.00033303
0.0214917 0.148631 -0.00239422 -0.00020423 -0.00038305 -0.00033303
0.0300059 0.228128 -0.0798952 -0.00018962 -0.00080311 -0.00038737
0.0249891 0.314982 -0.0528583 -0.00071229 -0.00078448 -0.00033303
0.0259916 0.300399 -0.0565803 -0.00094366 -0.00077096 -0.00033303
0.0250682 0.198144 -0.0451699 -0.00089676 -0.00071941 -0.00033303
-0.00086907 0.307713 -0.0824544 -0.00071687 -0.00153669 4.676e-05
-0.016196 0.290888 -0.105943 -5.59e-05 -0.00260971 0.00013763
0.00154583 0.195912 -0.0646319 -0.00066581 -0.00146133 -9.92e-06
0.00076302 0.18516 -0.0605188 -0.00045811 -0.00140122 7.919e-05
-0.0356237 0.28431 -0.19129 0.00052884 -0.00318253 0.00078009
-0.0498667 0.226942 -0.236268 0.00023732 -0.0040907 0.00100315
-0.0386428 0.195635 -0.187418 0.0005515 -0.00339972 0.00068539
-0.0534012 0.212629 -0.331875 0.00114733 -0.004468 0.00105039
-0.0646401 0.144739 -0.275043 0.00058974 -0.00447974 0.00092099
-0.0562714 0.0620538 -0.120001 -0.00050186 -0.00389045 0.00068539
-0.0439339 0.036148 -0.196532 0.00031645 -0.00341476 0.00092645
-0.0146834 0.254852 -0.24809 0.00026132 -0.00259884 0.00095954
-0.0139974 0.300258 -0.089213 -0.00018454 -0.00259917 0.00079182
-0.0165364 0.30033 -0.272826 0.00075713 -0.00267438 0.00119047
0.0118517 0.252412 -0.266462 0.00051354 -0.00236185 0.00094479
-0.0109821 0.159771 -0.0193706 -0.00054225 -0.00200199 0.00068539
0.00821032 0.208036 -0.0919444 -0.00054225 -0.00208089 0.00068539
0.0175293 0.15889 -0.15511 -0.00054225 -0.00227527 0.00077769
0.0195367 0.188829 -0.404281 0.00095036 -0.00237766 0.00104459
0.0420134 0.112602 -0.240132 -0.00038934 -0.00185738 0.00068539
0.0354557 0.274576 -0.209744 -0.00049821 -0.00208821 0.00045424
0.0129229 0.141335 -0.310325 0.00099122 -0.00214716 0.00074299
0.0361126 0.138148 -0.41411 0.00101914 -0.00208675 0.00068539
0.0407669 0.213648 -0.292014 0.00053306 -0.00203334 0.00043055
0.0205735 0.183707 -0.0561322 -0.00030978 -0.00160222 0.00021367
0.00933038 0.320414 -0.508407 0.00255074 -0.00226686 0.00082843
0.0220185 0.292892 -0.310944 0.0007075 -0.00171977 0.00087355
0.0147844 0.296823 -0.121078 -0.00069412 -0.00172188 0.00036926
0.0110599 0.112841 -0.0476486 -0.00061452 -0.00136729 0.00027792
0.0255919 0.176635 -0.179155 -0.00079855 -0.00155044 0.00027792
0.0136342 0.153481 -0.47476 0.0008927 -0.0011217 0.00058054
0.0264468 0.0866101 -0.501958 0.00059311 -0.00102079 0.00105758
0.0341141 0.155519 -0.435953 0.00015122 -0.00081812 0.00076301
0.0377806 0.217096 -0.243547 -0.00037944 -0.00067386 0.00014101
0.0340826 0.0591565 -0.00925765 1.15e-06 -0.00038273 -3.792e-05
0.0156081 0.264827 -0.485029 0.00121397 -0.0012255 0.00097015
0.0521912 0.282463 -0.357355 0.00025008 -0.00065647 0.00055857
0.0248314 0.320816 -0.541717 0.00041132 -0.00160286 0.00085806
0.0358443 0.28868 -0.475095 -0.00014729 -0.00085236 0.00102066
0.0288404 0.108025 -0.119852 -0.00133705 -0.0008379 1.673e-05
0.0335645 0.180627 -0.152517 -0.00125267 -0.00102383 1.673e-05
0.0427733 0.188233 -0.191769 -0.00099779 -0.00102825 -6.292e-05
0.0347835 0.174181 -0.510219 0.0011741 -0.00144009 0.00039857
0.0517179 0.0830234 -0.413906 0.00152527 -0.0005592 0.0005134
0.0431073 0.194932 -0.211793 -9.951e-05 -0.00089248 -0.00013368
0.0211167 0.0992345 -0.290881 0.0005411 -0.00109398 0.00038007
0.0355758 0.102336 -0.524643 0.00270599 -0.00093831 0.00073304
0.0411219 0.23487 -0.468465 0.00165923 -0.00049142 0.00061979
0.0251788 0.0974777 -0.115055 4.138e-05 -0.00058104 -1.712e-05
0.0314782 0.260086 -0.387459 0.00101585 -0.00085653 -1.712e-05
0.0384103 0.169633 -0.561081 0.00438574 -0.00094803 0.00020038
0.050824 0.289594 -0.433428 0.00204244 9.746e-05 -1.712e-05
0.0331558 0.182497 -0.17365 0.00030469 -0.00078837 -1.712e-05
0.0281426 0.189607 -0.0543441 -0.00061375 -0.00065668 -1.712e-05
0.0261072 0.311395 -0.374532 0.00022147 -0.00056051 0.00014389
0.0424143 0.315989 -0.333724 -7.8e-05 0.00029197 0.00014281
0.0339451 0.273711 -0.263103 -0.00046532 0.0002094 -0.00016905
0.0277869 0.0316885 -0.0354904 -0.00063746 -0.00046113 -0.00024201
0.0267236 0.164415 -0.437553 0.00084927 -0.00112097 -1.712e-05
0.0323188 0.0741006 -0.422059 0.00117159 4.827e-05 0.0002365
0.0250564 0.0821732 -0.130198 -0.00051834 -0.00056042 -7.084e-05
0.0228751 0.168136 -0.157582 -0.00112057 -0.00063049 -1.712e-05
0.0268937 0.294969 -0.38682 -0.00021923 -0.00095253 -1.712e-05
0.0224853 0.283739 -0.218551 0.00014894 -0.00057793 -1.712e-05
0.023657 0.334357 -0.188466 -0.00061347 -0.00085174 -0.00011367
0.0107799 0.165864 -0.0396384 -0.0008953 -0.00081292 -1.712e-05
0.00437933 0.26138 -0.109643 -0.00053542 -0.00127928 -1.712e-05
0.0124276 0.231457 -0.132676 -0.00049553 -0.00106864 -1.712e-05
-0.00903882 0.251624 -0.463874 -6.967e-05 -0.00096295 0.00054316
0.00705747 0.269106 -0.200917 -0.00111087 -0.00028734 -1.712e-05
0.0139503 0.21344 -0.102778 -0.00133521 -0.00069048 -1.712e-05
0.0155391 0.0900165 -0.187329 0.0004979 -0.00060213 -1.712e-05
0.0216493 0.210676 -0.190067 -0.00062722 -0.00017655 -0.00021089
0.032539 0.243326 -0.0946021 -0.00113428 -0.00063893 -0.00044627
0.0222532 0.236734 -0.00600997 -0.00063343 -0.00093443 -0.00027893
0.0218183 0.358154 -0.121922 -0.00107125 -0.00108811 -0.00020363
0.023062 0.398778 -0.284018 -0.00115325 -0.00108811 -1.712e-05
0.0340041 0.353978 -0.311346 -0.00071044 -0.0008272 -1.712e-05
0.0294848 0.390737 -0.246087 -0.00052801 -0.00084209 -0.00025957
0.0267588 0.309651 -0.151909 -0.00123493 -0.00071276 -0.00033322
0.0115489 0.0423365 -0.236771 -0.00051667 -0.00058828 -1.712e-05
0.0308627 0.134207 -0.254044 -0.00045976 -0.0007902 -1.712e-05
0.0331474 0.220721 -0.20417 -0.00096569 -0.00081537 -0.00025337
0.0185205 0.05272 -0.225161 -6.477e-05 -0.00047428 -9.086e-05
0.0676963 0.217167 -0.344577 -0.00015492 -0.00031806 0.00018183
0.0583582 0.30019 -0.18429 -0.00096671 -0.00053869 -0.00047802
0.0434006 0.285087 -0.0628406 -0.00113242 -0.00042907 -0.00059317
0.0479807 0.346947 -0.15243 -0.00067641 -0.00072472 -0.00046114
0.0316727 0.376667 -0.452486 0.00028716 -0.00026119 -0.0002591
0.0411497 0.339704 -0.336294 -0.00014369 0.00031661 -0.00046114
0.0388346 0.249442 -0.349231 -0.00043792 -1.69e-05 -0.00046114
0.035615 0.102427 -0.335603 3.605e-05 -0.00019014 -0.00046114
0.0489073 0.0898589 -0.419455 -0.00055315 -0.00045409 7.417e-05
0.0781044 0.156719 -0.396674 -0.00054234 -0.00031913 0.0003124
0.0506894 0.221699 -0.361811 -0.00092269 -0.00060918 -0.00029531
0.0227904 0.219028 -0.263707 -0.00172325 -0.00065765 -0.00018547
0.0331778 0.304311 -0.329015 -0.00131329 -0.00042501 -0.00022463
0.0629509 0.400855 -0.265624 -0.00173285 -0.00055086 -7.274e-05
0.0549256 0.421984 -0.18779 -0.00158286 -0.00027022 -0.0003659
0.0506059 0.441656 -0.172176 -0.00164885 -0.00036643 -0.0001889
0.0386353 0.207521 -0.202882 -0.00051182 -0.00064048 -0.00040513
0.0349945 0.150834 -0.291801 -0.00101503 -6.986e-05 -3.943e-05
0.0519837 0.192847 -0.211528 -0.00114971 -0.00033969 -0.00013034
0.0393626 0.10964 -0.272829 -0.00112223 -0.00071181 -0.00013034
0.0480233 0.193264 -0.255141 -0.00112526 -8.64e-06 -6.725e-05
0.0405333 0.166554 -0.0826776 -0.00129966 -0.00058208 -0.00041589
0.0405646 0.353134 -0.513504 -0.00024744 -0.00144597 0.00011966
0.0406782 0.27575 -0.38225 -0.00061251 -0.00079869 -0.00013034
0.046481 0.330411 -0.378767 -0.00054729 -0.00116432 0.00011966
0.0344834 0.315854 -0.397555 -0.00039788 -0.00115522 0.00011966
0.0417464 0.283878 -0.385197 -0.00059203 -0.00125875 0.00011966
0.0342368 0.204847 -0.492686 0.00193252 -0.00116345 0.00011966
0.0483645 0.224461 -0.352986 -5.25e-05 -0.0005476 6.61e-05
0.0434612 0.330481 -0.23579 -0.00091447 -0.00075933 -0.0002326
0.026513 0.144932 -0.129301 -0.00151398 -0.00067826 -0.00025009
0.0164215 0.180968 -0.387386 -0.00145091 -0.00083679 0.00011966
0.0266432 0.192265 -0.359868 -0.00151102 -0.00043902 0.00011966
0.0339186 0.281873 -0.34546 -0.00185807 -0.00021824 0.00022592
0.0310479 0.164741 -0.103453 -0.00185807 -0.00086491 -0.00020281
0.036091 0.299237 -0.16375 -0.00218929 -0.00084897 -0.00018657
0.04161 0.340545 -0.427576 -0.00104681 -0.00098723 -0.00021067
0.0406594 0.253982 -0.349067 -0.00071252 -0.00047177 -0.00038124
0.0443359 0.295006 -0.384186 -0.00062596 -0.00086495 -0.00013034
0.0281571 0.225131 -0.407821 1.038e-05 -0.0010573 0.00011966
0.0163808 0.190282 -0.474758 0.00059314 -0.00122925 0.00011966
0.00838819 0.208605 -0.579368 0.00056641 -0.00172099 0.00058783
0.0338226 0.2224 -0.393859 -0.00049831 -0.00134215 0.00011966
0.0243278 0.101806 -0.158047 -0.0012677 -0.00115484 -7.217e-05
0.0222687 0.218343 -0.503451 -0.00069443 -0.00120933 0.00011966
0.037788 0.262531 -0.469346 -0.00038121 -0.00100773 -3.215e-05
0.0211018 0.152791 -0.151221 -0.00178071 -0.0007238 -0.00022985
0.0311128 0.367856 -0.533099 -3.303e-05 -0.00126353 0.00011966
0.0365194 0.243778 -0.551387 -0.00028998 -0.00087604 -1.86e-05
0.0385683 0.24192 -0.440171 -0.00060597 -0.00095768 -0.00019727
0.028199 0.158684 -0.125914 -0.00176814 -0.00081509 -0.00028976
0.0395995 0.342455 -0.493121 -0.00078381 -0.00072313 -0.00025395
0.0322134 0.228088 -0.514781 -0.00051457 -0.00071502 0.00011966
0.0355464 0.219599 -0.510507 -0.00025849 -0.0009651 0.00011966
0.00489126 0.194909 -0.55268 9.09e-05 -0.00115638 0.00051786
-0.00217274 0.161742 -0.558261 0.00022408 -0.00147333 0.00055478
-0.00599201 0.168919 -0.51379 -0.00047478 -0.00116046 0.00044481
-0.00900666 0.211132 -0.462401 3.859e-05 -0.00101953 0.00031134
0.0151208 0.230116 -0.450842 -0.00028369 -0.00101886 0.00011966
0.00080957 0.229527 -0.322634 -0.00215117 -0.00099184 0.00024122
0.0375674 0.356785 -0.460041 -0.00149355 -0.00080516 1.987e-05
0.0395617 0.27106 -0.297448 -0.00195788 -0.00101266 -0.00022481
0.0187367 0.338736 -0.507038 -0.00178635 -0.00122879 9.808e-05
0.0359663 0.300873 -0.535019 -0.00153635 -0.00083103 -9.258e-05
0.053344 0.258509 -0.551643 -0.00128428 -0.00065786 -1.76e-05
0.068762 0.263332 -0.532811 -0.00131864 -0.00014477 -1.76e-05
0.0663355 0.213244 -0.417928 -0.00178635 -0.00043869 -0.00031879
0.0373633 0.168763 -0.435543 -0.00123314 -0.00135506 -1.76e-05
0.0442141 0.221258 -0.521169 -0.00024426 -0.00085137 -1.76e-05
0.0538192 0.309068 -0.403458 -0.00093285 -0.00131501 -0.00034585
0.039797 0.163369 -0.173048 -0.00190904 -0.00110002 -0.00022972
0.0563435 0.295676 -0.304095 -0.00192488 -0.00132148 -0.00022582
0.0676518 0.281846 -0.324495 -0.00191107 -0.00142614 -0.00036805
0.0711227 0.344998 -0.219402 -0.00253442 -0.0009805 -0.00050789
0.062655 0.426688 -0.220958 -0.00242376 -0.00135461 -0.00050789
0.0643172 0.384253 -0.2153 -0.00270602 -0.0010078 -0.0005049
0.0553209 0.229561 -0.162189 -0.00253442 -0.00120089 -0.00035521
0.0543224 0.303343 -0.205499 -0.00189392 -0.00112665 -0.00025282
0.0637275 0.252704 -0.196437 -0.00234043 -0.00096269 -0.00051509
0.055195 0.142708 -0.182662 -0.00241351 -0.00096433 -0.00037727
0.0534244 0.258604 -0.218647 -0.00200074 -0.00102098 -0.00044972
0.049201 0.243481 -0.194512 -0.00199628 -0.00107275 -0.00026396
0.0472714 0.209826 -0.209555 -0.00218718 -0.00116071 -0.00044972
0.0433024 0.309059 -0.241048 -0.00177971 -0.0015271 -0.00031931
0.0413399 0.302671 -0.242629 -0.00169767 -0.0014093 -0.00024389
0.0499596 0.242066 -0.199918 -0.00219543 -0.00140798 -0.00044972
0.0494613 0.300649 -0.232281 -0.00194915 -0.00139707 -0.00037402
0.0482177 0.250747 -0.235867 -0.0020351 -0.00127433 -0.00026379
0.0481711 0.204669 -0.219913 -0.00210906 -0.00132847 -0.00044972
0.0230859 0.296734 -0.275884 -0.00143487 -0.00215541 -2.046e-05
0.0189211 0.237575 -0.244451 -0.0017421 -0.00166965 4.764e-05
0.0317981 0.15449 -0.205937 -0.00223047 -0.00150902 -0.00016965
0.0361524 0.26891 -0.225678 -0.00190154 -0.00170133 -0.00016057
0.0330823 0.30118 -0.218391 -0.00183344 -0.00141422 -0.00028993
0.0315033 0.21524 -0.180273 -0.00226461 -0.00144973 -5.751e-05
0.0402494 0.320992 -0.237986 -0.00177458 -0.00189321 -0.00030416
0.034519 0.306752 -0.195533 -0.00187779 -0.00150228 -0.00025301
0.024223 0.236987 -0.217543 -0.00185547 -0.00181735 2.973e-05
0.0188641 0.297486 -0.235156 -0.00152256 -0.00234575 -6.697e-05
0.00064167 0.177552 -0.178442 -0.00212258 -0.00220427 0.00012704
0.0141336 0.249023 -0.207309 -0.00197543 -0.00204378 -6.584e-05
0.0200452 0.242997 -0.200539 -0.00185367 -0.00202344 0
