-0.0271111 -0.012801 0.20025 0.00020508 -0.00052182 0.00021085
-0.0256285 -0.00528712 0.206855 0 -0.00046496 7.632e-05
-0.0258578 0.00312457 0.179262 0 -0.00045183 9.752e-05
-0.0289087 0 0.184506 0 -0.00046651 0
-0.027219 0.0126654 0.217962 -0.00087885 -0.00055628 0.00015744
-0.028187 -0.0831835 0.231435 -0.00093258 -0.00043142 9.589e-05
-0.047153 -0.288865 0.267762 -0.00067276 -0.00089261 0.0001643
-0.0483195 -0.166748 0.23963 -0.00031489 -0.00097166 0.00016444
-0.0466889 -0.00898864 0.1663 8.994e-05 -0.00095163 0
-0.0410319 0.048558 0.17975 -0.00089718 -0.00079869 0.00010946
-0.0432831 0.0982695 0.191942 -0.00131353 -0.00091617 0.00020289
-0.0408707 0.0576237 0.207095 -0.00116994 -0.00080498 7.408e-05
-0.04042 0.0133464 0.206145 -0.0005397 -0.00081301 0.00013957
-0.0300816 -0.0027576 0.187413 -0.00039867 -0.00046051 7.878e-05
-0.0268033 -0.169994 0.206809 -0.00085836 -0.00045318 0.00011563
-0.0440674 -0.162623 0.202779 -0.00117286 -0.00074264 0
-0.0457778 -0.0906243 0.191568 -0.00079434 -0.00076645 -0.0001813
-0.0503936 -0.108786 0.255309 -0.00106374 -0.00072626 -0.00030004
-0.0585123 0.00153101 0.286027 -0.00103677 -0.000972 -0.00039844
-0.0545448 0.00332629 0.295576 -0.00117739 -0.00080883 -0.00050103
-0.0573533 0.0845982 0.310042 -0.00194211 -0.0008409 -0.00084226
-0.0674563 0.00616325 0.307122 -0.00163466 -0.00082948 -0.0008541
-0.0593449 0.087388 0.277714 -0.00220264 -0.00086748 -0.00094414
-0.0527875 -0.0668167 0.320771 -0.00194921 -0.00083182 -0.00104302
-0.0509159 0.0335168 0.315001 -0.00217607 -0.00082012 -0.00090339
-0.0471037 -0.132434 0.392029 -0.00221423 -0.00117879 -0.00093819
-0.0446664 -0.00899179 0.435338 -0.00278553 -0.00101012 -0.00095934
-0.0498767 -0.106016 0.582087 -0.0047635 -0.0011612 -0.00074715
-0.0537738 -0.0130743 0.582676 -0.00568696 -0.00109264 -0.00054249
-0.0553147 -0.0751877 0.552881 -0.00568696 -0.00105543 -0.00050827
-0.057805 -0.0559801 0.567393 -0.00615946 -0.00118065 -0.00043718
-0.0612556 0.0254744 0.58328 -0.00608541 -0.00134969 -0.00020992
-0.0694197 -0.0484313 0.658183 -0.00684412 -0.00148274 -0.0001897
-0.0666351 0.0441208 0.671139 -0.00732757 -0.00132124 -0.00016886
-0.0716884 -0.0707235 0.759634 -0.0078991 -0.00166128 -9.93e-05
-0.0662711 0.0366409 0.728701 -0.00725564 -0.00151405 6.577e-05
-0.0672684 -0.0824635 0.81595 -0.00747836 -0.00180314 0.00025
-0.0709213 0.0474265 0.849659 -0.00754025 -0.00175047 0.00024363
-0.0792075 -0.0504155 0.969189 -0.00908289 -0.00204601 0.00034762
-0.0833492 0.0534027 1.03163 -0.00970406 -0.00199702 0.00037492
-0.0951669 -0.0333391 1.06145 -0.00995853 -0.00227367 0.00026178
-0.0924832 0.0444352 1.09658 -0.0103613 -0.0024099 0.00031293
-0.0957933 0.00811056 1.09523 -0.0105196 -0.00241688 0.00040807
-0.0957647 0.0568175 1.10714 -0.0106633 -0.00243874 0.00045356
-0.101795 -0.00760131 1.10441 -0.0106007 -0.00256787 0.00029951
-0.0958555 0.0750003 1.0785 -0.0105034 -0.00239653 0.00029138
-0.0956661 -0.0888582 1.12845 -0.0103596 -0.00237722 0.00054754
-0.0875286 0.0653187 1.05641 -0.0101123 -0.00225031 0.00054754
-0.091838 0.0742051 1.07953 -0.0102129 -0.00232537 0.00043803
-0.0956437 -0.0817724 1.15773 -0.0104764 -0.0023403 0.00054754
-0.0958219 0.0906222 1.09249 -0.0100867 -0.00245308 0.00039407
-0.106071 -0.0186865 1.15691 -0.010691 -0.00233107 0.00026357
-0.111638 0.0777472 1.07374 -0.0104714 -0.00266208 0.00023483
-0.122005 -0.0045504 1.15412 -0.0111319 -0.00271449 0.0002318
-0.120588 0.0769671 1.12205 -0.0113238 -0.00268945 0.00020308
-0.122537 -0.020475 1.19004 -0.0116256 -0.00257903 5.939e-05
-0.12365 0.0502014 1.14687 -0.0116256 -0.00267134 1.592e-05
-0.116469 -0.00078644 1.17607 -0.0117024 -0.00259249 0.00010182
-0.126256 -0.0416843 1.15953 -0.0116256 -0.00274737 0.00021812
-0.120605 0.0475006 1.19064 -0.011599 -0.00253617 0.00010619
-0.12239 -0.00453957 1.19974 -0.0114197 -0.0026132 5.245e-05
-0.116502 0.0684104 1.20366 -0.0113741 -0.00260306 4.143e-05
-0.116434 -0.0327143 1.20874 -0.011479 -0.00270237 0.00018615
-0.124306 0.0849775 1.17026 -0.0111499 -0.00278633 0.00022805
-0.126672 -0.0385609 1.19884 -0.0110642 -0.00295287 0.00034698
-0.120665 0.0822553 1.16149 -0.0110223 -0.00292936 0.00036912
-0.125917 -0.029294 1.28699 -0.0115644 -0.00299717 0.00042962
-0.116842 0.0747422 1.20518 -0.0115644 -0.00280435 0.00032121
-0.12552 -0.0154959 1.28369 -0.0120625 -0.00285882 0.00028484
-0.122373 0.0386799 1.2341 -0.0118631 -0.00279588 0.00018752
-0.120158 0.0173019 1.31891 -0.0120997 -0.00286433 0.00022127
-0.116489 0.0733675 1.28484 -0.0121968 -0.00292438 0.00018679
-0.113078 0.00174356 1.35424 -0.0123387 -0.0028598 0.00036576
-0.109999 0.0670895 1.27792 -0.0128568 -0.00275156 0.00017769
-0.116035 -0.0273381 1.34403 -0.0129367 -0.00284485 0.00019679
-0.116992 0.0568221 1.28729 -0.0128568 -0.00289648 0.00017474
-0.122223 0.0181517 1.34702 -0.0127805 -0.00314505 0.00018601
-0.120374 0.0189524 1.32855 -0.0129858 -0.00307326 0.00030143
-0.104622 0.0439385 1.33339 -0.0130923 -0.00242653 0.00031572
-0.0973456 -0.0664262 1.29545 -0.0129556 -0.00243178 0.00054754
-0.107033 0.0864374 1.29037 -0.0128391 -0.00274288 0.00040796
-0.107001 -0.0699262 1.39788 -0.0131533 -0.00273332 0.00036341
-0.105165 0.109287 1.31011 -0.0131919 -0.00297558 0.00030664
-0.118259 -0.0131727 1.40576 -0.0133742 -0.00311548 0.00042097
-0.105864 0.0949752 1.34125 -0.0135079 -0.00302615 0.00035868
-0.113725 -0.00895447 1.41668 -0.0132582 -0.00327051 0.00046706
-0.117681 0.11755 1.38686 -0.0133438 -0.00318493 0.00041492
-0.117844 -0.0106147 1.4551 -0.0132598 -0.00332469 0.00035156
-0.114454 0.106374 1.41068 -0.0132975 -0.00324175 0.00027358
-0.113171 -0.05082 1.46304 -0.0133471 -0.00343553 0.0003053
-0.113611 0.0538404 1.39929 -0.0131727 -0.00331208 0.00035546
-0.115646 -0.0370808 1.41796 -0.0131472 -0.00342655 0.00026942
-0.118468 0.0867574 1.46626 -0.0130561 -0.00337967 0.00012942
-0.118484 0.0115285 1.50229 -0.0132092 -0.00342311 0.00017773
-0.119081 0.112848 1.51894 -0.0135533 -0.00351077 0.00021787
-0.11875 0.0746335 1.5489 -0.0133749 -0.00351179 0.00017178
-0.126724 0.0697237 1.6017 -0.0133193 -0.00352778 -8.195e-05
-0.129755 0.0916511 1.519 -0.0131721 -0.00384358 -5.846e-05
-0.13215 0.0198801 1.61185 -0.0133221 -0.00374504 -0.00015651
-0.129887 0.113849 1.54494 -0.0129795 -0.00391933 -0.00046295
-0.131319 0.0154086 1.63638 -0.0130329 -0.00426346 -0.00030226
-0.129121 0.114148 1.59649 -0.0132147 -0.00404463 -0.000339
-0.128151 0.00489648 1.67598 -0.0124263 -0.00405567 -0.00021004
-0.121879 0.139046 1.67629 -0.0128091 -0.00396532 -0.00051974
-0.128236 0.0637211 1.77552 -0.0127963 -0.00410592 -0.00039315
-0.130238 0.162582 1.76056 -0.0130044 -0.00415501 -0.00055052
-0.129141 0.0648761 1.81159 -0.0128038 -0.00423044 -0.00045947
-0.12407 0.198165 1.79327 -0.0127242 -0.00432852 -0.00056328
-0.114337 0.115448 1.81572 -0.0128439 -0.00436435 -0.00062637
-0.116294 0.197862 1.75813 -0.0128382 -0.00428587 -0.00072127
-0.107343 0.0647868 1.78558 -0.0129512 -0.00424869 -0.00061812
-0.111846 0.179011 1.74648 -0.0128118 -0.00438958 -0.00079119
-0.102484 0.0148367 1.80971 -0.0128008 -0.00433274 -0.0003903
-0.100491 0.156959 1.74086 -0.0128974 -0.00404262 -0.00020217
-0.0999177 0.0400025 1.81288 -0.0128228 -0.00433826 -0.00054223
-0.097632 0.134821 1.72773 -0.0134593 -0.00438567 -0.00047169
-0.100229 0.0899585 1.81236 -0.0133479 -0.00439556 -0.00043922
-0.0978406 0.175374 1.74041 -0.0140543 -0.00450811 -0.00070518
-0.0997981 0.114373 1.80538 -0.0134262 -0.00446578 -0.00071903
-0.0895593 0.17128 1.7247 -0.0135062 -0.00446789 -0.00057043
-0.0859066 0.132052 1.80263 -0.0132724 -0.00430796 -0.00054749
-0.08892 0.151583 1.7638 -0.0131348 -0.00430808 -0.00069857
-0.0851899 0.154338 1.77202 -0.0131348 -0.00431976 -0.00067088
-0.0805375 0.0574705 1.72882 -0.0130729 -0.0041096 -0.00045895
-0.0651809 0.198816 1.72551 -0.0121337 -0.0040877 -0.00030971
-0.0528819 -0.00742109 1.73569 -0.0114196 -0.00337427 0.00034687
-0.0458849 0.179438 1.60387 -0.012131 -0.00303811 0.00044764
-0.048551 0.0579587 1.68632 -0.0123877 -0.00284383 0.0004648
-0.0458263 0.15451 1.64553 -0.0134475 -0.00328632 -0.00047845
-0.0434423 0.0947841 1.71554 -0.0134475 -0.00385196 -0.0003281
-0.0362645 0.202245 1.66557 -0.0134475 -0.00421879 -0.00045335
-0.0319817 0.0484132 1.731 -0.0137116 -0.00420205 0.00010518
-0.0284463 0.187868 1.70756 -0.0134475 -0.00441872 -0.00048068
-0.0322937 0.0957029 1.81069 -0.0137415 -0.00451588 -0.00059464
-0.0402817 0.160795 1.75099 -0.0137381 -0.00438518 -0.00030133
-0.0408604 0.0549311 1.82858 -0.0133454 -0.00523297 -0.00086345
-0.0343939 0.142694 1.7655 -0.0132385 -0.00531669 -0.00074584
-0.0295331 0.102813 1.70879 -0.0117038 -0.00489622 -0.00063523
-0.0178713 0.0234333 1.68243 -0.0123053 -0.00405452 -0.00080657
-0.0135567 -0.013462 1.73591 -0.0131036 -0.004167 -0.00094415
-0.0211602 0.156664 1.73012 -0.0139745 -0.00440981 -0.00120142
-0.0217635 0.119774 1.7245 -0.0139139 -0.00448126 -0.00109649
-0.0176323 0.159676 1.78328 -0.0143824 -0.00442277 -0.00133544
-0.0265642 0.160356 1.6815 -0.0142382 -0.00450861 -0.00125405
-0.0213742 0.113783 1.76342 -0.0141769 -0.00441876 -0.00108899
-0.0233047 0.129028 1.74799 -0.0144014 -0.00467114 -0.00099186
-0.0244153 0.0888901 1.78698 -0.01429 -0.00454627 -0.00076907
-0.0240284 0.0447464 1.73889 -0.0139953 -0.00439266 -0.00094957
-0.0260337 0.091191 1.76131 -0.0144059 -0.00443756 -0.00105104
-0.0225692 0.10003 1.73903 -0.0144711 -0.00470913 -0.00106947
-0.0287033 0.0847846 1.82687 -0.014794 -0.00482949 -0.00137753
-0.0320599 0.169138 1.79451 -0.015108 -0.00500818 -0.00134046
-0.0344856 0.0820506 1.85352 -0.0159217 -0.0051386 -0.00151115
-0.0422844 0.176867 1.79523 -0.0157361 -0.004789 -0.00148363
-0.0380994 0.0603492 1.85644 -0.0156 -0.00503938 -0.0015504
-0.0411214 0.193339 1.82106 -0.0155315 -0.00502298 -0.00166701
-0.0343147 0.0774239 1.87756 -0.0154652 -0.0051416 -0.00154851
-0.0306513 0.173103 1.82334 -0.0152542 -0.0045611 -0.00135327
-0.0377281 0.0116605 1.86484 -0.0150329 -0.00452366 -0.00142154
-0.0444184 0.175084 1.82121 -0.0151549 -0.0046079 -0.00144858
-0.0381907 0.0411084 1.87895 -0.015248 -0.00441997 -0.00171233
-0.0349483 0.173431 1.81949 -0.0155416 -0.00463977 -0.00147512
-0.044633 0.0673004 1.85047 -0.0157773 -0.00473616 -0.00175069
-0.0487242 0.177505 1.8266 -0.0161557 -0.00441005 -0.0019544
-0.0439324 0.0843958 1.87787 -0.0159392 -0.00430548 -0.00163035
-0.046176 0.158303 1.84156 -0.0164631 -0.00449334 -0.00184465
-0.0487637 0.0868704 1.82952 -0.0167666 -0.0047775 -0.00191535
-0.0594454 0.143028 1.84887 -0.0165688 -0.00463648 -0.00213764
-0.046536 0.0585044 1.84904 -0.01687 -0.00451829 -0.00189234
-0.0485613 0.111158 1.86497 -0.0171197 -0.00433031 -0.00178405
-0.0498397 0.046012 1.8587 -0.0166253 -0.00447181 -0.00183905
-0.0511741 0.132459 1.90803 -0.0177136 -0.00456084 -0.00213283
-0.0525266 0.141151 1.88004 -0.0179144 -0.00461597 -0.00211159
-0.0512869 0.0878206 1.92273 -0.0182656 -0.00468111 -0.00212925
-0.0516783 0.170038 1.89556 -0.018197 -0.00446594 -0.00228002
-0.0538017 0.0616273 1.90863 -0.0183423 -0.00462135 -0.00242982
-0.0496362 0.164707 1.89865 -0.0181285 -0.0046695 -0.00217253
-0.0514233 0.0682198 1.92779 -0.0181798 -0.0047503 -0.00216697
-0.0436219 0.139127 2.0045 -0.0180812 -0.0048481 -0.00241611
-0.0343466 0.14954 1.92525 -0.0182949 -0.00453654 -0.00173305
-0.014595 0.0125178 1.87074 -0.0183025 -0.00366847 -0.00143461
-0.0186574 0.124295 1.65618 -0.0163872 -0.00292047 -0.00141568
-0.0117321 -0.0473907 1.53167 -0.0162861 -0.00239912 -0.00103142
0.00349661 0.0180189 1.57517 -0.0167623 -0.00242937 -0.00125857
-0.00661422 0.0112089 1.57694 -0.0168501 -0.00307664 -0.00130968
0.0011202 0.0201636 1.70991 -0.0170238 -0.0033493 -0.00157502
-0.00414062 0.071916 1.66389 -0.016716 -0.00301107 -0.00156252
-0.00592702 0.0215044 1.75873 -0.0168639 -0.0031202 -0.00134947
-0.0112207 0.135065 1.71492 -0.0163294 -0.00342034 -0.00119406
-0.00840621 0.042755 1.79709 -0.0173867 -0.00360364 -0.00113715
-0.00722561 0.120026 1.774 -0.0170819 -0.00298984 -0.00084971
-0.00903791 0.00818277 1.74878 -0.016327 -0.00272692 -0.00014063
0.00325996 0.165769 1.6844 -0.0169612 -0.00274069 -0.00065916
0.02104 -0.0254959 1.7311 -0.0169988 -0.00284824 -0.00052227
0.0122553 0.152226 1.66026 -0.0170098 -0.00281947 -0.00037162
0.0144313 0.0299918 1.74596 -0.0173014 -0.00287027 -0.0004756
0.00980981 0.0712207 1.64971 -0.0170707 -0.00238349 -0.00033195
0.0123657 0.146038 1.67103 -0.0171776 -0.00206087 -0.00036304
0.011686 -0.0651834 1.7437 -0.0167077 -0.00246359 -0.00041545
0.00307888 -0.0427651 1.71545 -0.0162811 -0.00240142 -0.0003788
-0.00709328 0.118834 1.664 -0.016646 -0.00244028 -0.00055331
-0.0112032 0.298581 1.63688 -0.0167477 -0.00194415 -0.00086757
-0.0111299 0.246531 1.70075 -0.0169696 -0.00209327 -0.00085773
-0.0109365 0.116962 1.74921 -0.0166138 -0.00209987 -0.00111836
-0.00927857 0.192928 1.83536 -0.0167107 -0.00193524 -0.00146114
-0.0112616 -0.0187841 1.86298 -0.0159956 -0.00230883 -0.00119857
-0.009356 0.117077 1.84014 -0.0166446 -0.00208847 -0.00101561
-0.0108634 0.0750096 1.95303 -0.0188196 -0.00344578 -0.00106551
-0.00952108 0.169872 1.89557 -0.0174989 -0.00214261 -0.00131723
0.00609427 0.0895748 1.83877 -0.0144035 -0.00181593 -0.00128613
-0.0110728 0.114341 1.7131 -0.0125604 -0.00183325 -0.00047116
-0.00838689 0.309324 1.57947 -0.00733713 -0.00317801 -0.00024001
-0.0331867 0.316751 1.45236 -0.00447114 -0.00199584 -1.515e-05
-0.0267745 0.248999 1.45515 -0.00441379 -0.00257487 -1.515e-05
-0.0117394 0.201598 1.42096 -0.00448609 -0.00252772 -0.00044958
-0.0210054 0.277751 1.47963 -0.00483466 -0.00257568 -0.00020009
-0.0253027 0.102801 1.49843 -0.00526563 -0.00251513 -0.00032626
-0.0222947 0.246028 1.49876 -0.00612767 -0.00279555 -0.00029412
-0.0204404 0.115046 1.52325 -0.00624765 -0.00291975 -0.00076741
-0.0270072 0.181191 1.52392 -0.00697197 -0.00288142 -0.00084175
-0.0210813 0.121847 1.52854 -0.00710313 -0.00282843 -0.00087221
-0.0167892 0.209168 1.56313 -0.0076725 -0.0033052 -0.00092545
-0.00823678 0.146476 1.58386 -0.00800765 -0.00335874 -0.0008914
-0.0164242 0.224758 1.62256 -0.00855155 -0.00336739 -0.00085922
-0.0137388 0.177396 1.60135 -0.00849277 -0.00318889 -0.00042346
0.00173395 0.14017 1.62825 -0.00834881 -0.00300093 -0.00057617
0.00434252 0.194543 1.57825 -0.00826986 -0.00266236 -0.0005961
-0.0125313 0.133782 1.67949 -0.00852948 -0.00298062 -1.515e-05
-0.00308582 0.230181 1.67435 -0.00884693 -0.00315038 -0.00073421
-0.00656489 0.135775 1.69227 -0.00909264 -0.00327638 -0.00042063
-0.00543699 0.217485 1.72393 -0.00921099 -0.00328141 -0.00039167
-0.00542376 0.190916 1.71238 -0.00926483 -0.00376139 -0.00047072
7.254e-05 0.192958 1.78368 -0.0092671 -0.00351456 -0.00079144
0.00246375 0.22178 1.75976 -0.00960024 -0.0037534 -0.00060051
0.00047739 0.158327 1.74153 -0.00918679 -0.00373979 -0.00056103
-0.0028469 0.223643 1.74648 -0.00947212 -0.00403767 -0.00070733
-0.00516183 0.194587 1.72464 -0.00957703 -0.00379233 -0.00048926
-0.00324535 0.172049 1.72098 -0.0101265 -0.00299422 -0.00025363
-0.00393651 0.18832 1.64593 -0.0103144 -0.00312609 -0.00048342
0.00096064 0.0966399 1.68786 -0.0105313 -0.00324333 -0.00067904
0.00149699 0.204632 1.68635 -0.0105978 -0.00339443 -0.00078437
0.0145794 0.124386 1.6862 -0.0108049 -0.00347827 -0.0008709
0.00751188 0.186785 1.6881 -0.0114179 -0.00338602 -0.00108903
-0.00262601 0.136423 1.63831 -0.0110473 -0.00343714 -0.00089452
-0.00803783 0.210363 1.64596 -0.0112841 -0.0028265 -0.00042623
-0.00929327 0.117498 1.67427 -0.0107842 -0.00246355 -0.00016779
-0.00269512 0.271796 1.67675 -0.0112908 -0.00300399 -0.00070758
-0.0125773 0.0868352 1.70169 -0.0109727 -0.00275392 -0.0003043
-0.00710939 0.221595 1.62066 -0.0111785 -0.00274643 -0.00032543
0.00078975 0.155925 1.67493 -0.0107182 -0.00268471 -0.00058085
0.00459558 0.169076 1.61355 -0.0111253 -0.00280663 -0.00067009
-0.00682541 0.149555 1.72554 -0.0109921 -0.0029689 -0.00037195
-0.00766829 0.21487 1.69844 -0.0109237 -0.00317033 -0.00075836
-0.0103863 0.122766 1.69926 -0.0114747 -0.00332417 -0.00087329
-0.00708473 0.188955 1.71026 -0.0120108 -0.00350477 -0.00111201
0.00573804 0.158836 1.68722 -0.0117811 -0.0032528 -0.00085355
-0.00602305 0.192412 1.71753 -0.0120327 -0.00300354 -0.00070523
-0.0135134 0.167326 1.68255 -0.0120233 -0.0029755 -0.00077952
-0.00773234 0.17837 1.72157 -0.0121838 -0.00289067 -0.0007713
-0.00530193 0.11971 1.6724 -0.0127407 -0.00225647 -0.00072914
-0.00879672 0.245379 1.64531 -0.0125749 -0.00236579 -0.00029683
-0.00660211 0.062954 1.71699 -0.0119559 -0.00236344 -0.00027851
0.00369015 0.229911 1.70052 -0.0118125 -0.00259781 -0.00068723
-0.004787 0.121433 1.73843 -0.0117403 -0.00269505 -0.00076638
-0.0127036 0.226878 1.66788 -0.0118712 -0.00265924 -0.00078035
-0.00294208 0.115574 1.71776 -0.0118712 -0.002759 -0.0008858
-0.00361004 0.246041 1.66582 -0.0122823 -0.00271918 -0.00088705
-0.00980455 0.120681 1.73817 -0.0121568 -0.00274339 -0.00113478
-0.0135532 0.182864 1.68666 -0.0122745 -0.00272536 -0.00103359
-0.00581348 0.167391 1.72782 -0.0127573 -0.00277715 -0.00116879
-0.0130511 0.188789 1.67488 -0.012682 -0.00280092 -0.00098687
-0.00326144 0.129391 1.76868 -0.0124076 -0.00266111 -0.00101846
-0.00796677 0.168097 1.70149 -0.0124076 -0.00247492 -0.00104994
-0.0153169 0.112775 1.73189 -0.0126141 -0.00230507 -0.00118943
-0.011937 0.195688 1.70664 -0.012398 -0.00257506 -0.00123755
-0.0169777 0.109209 1.73797 -0.0123091 -0.00237895 -0.00133923
-0.0154253 0.216927 1.7618 -0.0123423 -0.00219822 -0.001369
-0.0157417 0.145002 1.7466 -0.0123003 -0.00206892 -0.00110182
-0.0113409 0.187254 1.76705 -0.0126252 -0.00240492 -0.00153343
-0.00724002 0.110885 1.72806 -0.0126489 -0.00208729 -0.00157068
-0.0142482 0.167786 1.7308 -0.0131547 -0.00212824 -0.00131725
-0.00939246 0.11752 1.72364 -0.0126936 -0.00193922 -0.00115649
-0.0175792 0.187746 1.79471 -0.0119357 -0.00175845 -0.00120512
-0.0146541 0.101561 1.76697 -0.0122673 -0.00198743 -0.00114259
-0.0197477 0.162515 1.78423 -0.0126795 -0.0017178 -0.00123908
-0.0190638 0.125729 1.75526 -0.0124767 -0.00185863 -0.00148268
-0.0152832 0.234182 1.77061 -0.0127248 -0.00125709 -0.00160883
-0.0156003 0.0659474 1.81844 -0.0119351 -0.00150709 -0.00144252
-0.00966791 0.1742 1.76022 -0.0115629 -0.00107908 -0.0015769
-0.0180107 0.18093 1.73598 -0.0119788 -0.00125709 -0.00156956
-0.0204789 0.196979 1.75572 -0.0123137 -0.00150709 -0.00149402
-0.0155708 0.0791298 1.78142 -0.0117574 -0.00150709 -0.00149988
-0.0229593 0.17831 1.79646 -0.0117515 -0.00150709 -0.00163773
-0.0205816 0.0990573 1.80592 -0.0115971 -0.00150709 -0.00146614
-0.019438 0.158555 1.84448 -0.0115504 -0.00125709 -0.00160099
-0.015483 0.123284 1.83222 -0.0115406 -0.00150709 -0.00150014
-0.0110651 0.137703 1.90454 -0.011835 -0.00112957 -0.00142205
-0.0124176 0.189773 1.8549 -0.0117624 -0.00131554 -0.00147183
-0.00435744 0.140065 1.91253 -0.0116974 -0.00150709 -0.00148469
-0.00455392 0.219972 1.86356 -0.0117658 -0.00115607 -0.00158401
-0.0078697 0.175098 1.9294 -0.0118668 -0.00150709 -0.00146872
-0.00225772 0.173965 1.86693 -0.011815 -0.00111999 -0.00146325
-0.00046722 0.189156 1.88694 -0.0120131 -0.00097205 -0.00148278
0.00602928 0.126089 1.87194 -0.0118114 -0.00116556 -0.00150038
0.010393 0.176863 1.91802 -0.0117164 -0.00130961 -0.00129038
0.00781575 0.135732 1.876 -0.012017 -0.00123442 -0.00153068
-0.00275476 0.154619 1.90478 -0.012017 -0.00144358 -0.0015052
0.00159986 0.144194 1.85517 -0.011798 -0.00152901 -0.00146398
-0.00144699 0.174732 1.9073 -0.0116503 -0.00135986 -0.0014893
0.00053363 0.18576 1.85233 -0.0115689 -0.00159049 -0.00148438
-0.00491673 0.146799 1.94432 -0.0114185 -0.00158267 -0.00152454
-0.00030557 0.224964 1.89721 -0.0115719 -0.00135986 -0.00139841
0.00114321 0.127823 1.95987 -0.0112191 -0.00135986 -0.0015278
0.00260483 0.215574 1.89952 -0.0113093 -0.00135986 -0.00143796
-0.00127312 0.134742 1.9605 -0.0111547 -0.00135986 -0.00154598
-0.00509206 0.220204 1.92577 -0.0112129 -0.00135986 -0.00161213
0.00029083 0.121414 1.94151 -0.0115983 -0.00135986 -0.00165474
0.00346584 0.213838 1.95066 -0.0116453 -0.00110986 -0.00178491
0.0101211 0.14271 1.95279 -0.0118084 -0.00123669 -0.00172334
0.0102168 0.21246 1.95462 -0.012145 -0.00110986 -0.00174768
0.00565716 0.0787324 1.98943 -0.0119427 -0.0012729 -0.00185074
0.0104246 0.242051 1.95473 -0.0118928 -0.00129392 -0.00194207
0.0200627 0.147641 2.05743 -0.0119993 -0.00135986 -0.00205144
0.0270908 0.253913 2.02118 -0.0122121 -0.00135986 -0.00195466
0.0269539 0.185851 2.05673 -0.0116982 -0.0011347 -0.00167933
0.0406109 0.199473 1.97593 -0.0112469 -0.00125317 -0.00157388
0.0353538 0.185777 2.05008 -0.0110738 -0.00138694 -0.00157504
0.0523855 0.191793 2.01938 -0.0112171 -0.00131146 -0.00156872
0.0502561 0.188561 2.11117 -0.0113257 -0.00159828 -0.00164811
0.0524736 0.234201 2.07512 -0.0117726 -0.00160223 -0.00168208
0.0523734 0.172888 2.11188 -0.0120465 -0.00141457 -0.00169457
0.0650224 0.239407 2.0732 -0.0121877 -0.00137635 -0.00131434
0.0589901 0.200462 2.11189 -0.0120289 -0.00129294 -0.00182888
0.0563556 0.226844 2.08812 -0.0118736 -0.00133043 -0.00196381
0.055713 0.245732 2.16521 -0.0118952 -0.00141429 -0.0019428
0.0526883 0.185858 2.12675 -0.0118956 -0.00106973 -0.00197646
0.0607996 0.263575 2.10967 -0.0116303 -0.00116385 -0.00169469
0.0695517 0.166195 2.09111 -0.0118877 -0.00144725 -0.00134325
0.0579962 0.246998 2.12144 -0.0120667 -0.001223 -0.00174946
0.0649406 0.205141 2.12856 -0.0119955 -0.00123737 -0.00173302
0.0554263 0.233264 2.16356 -0.0113835 -0.00148606 -0.00190273
0.0584962 0.195475 2.12548 -0.0112845 -0.00139212 -0.00194326
0.0579088 0.253551 2.13389 -0.0114876 -0.0013587 -0.00193332
0.0596305 0.226932 2.13785 -0.0110404 -0.00162062 -0.00194569
0.0572312 0.274294 2.16371 -0.0112112 -0.00139566 -0.00191029
0.057923 0.166166 2.13897 -0.0104899 -0.00119098 -0.00178426
0.0640133 0.255593 2.11122 -0.0106124 -0.00094991 -0.00164284
0.0670846 0.127543 2.11542 -0.0105387 -0.00121232 -0.00144279
0.0846348 0.292098 2.11964 -0.0112269 -0.00092289 -0.00155779
0.0792613 0.185278 2.13826 -0.0109874 -0.00104341 -0.00151533
0.0759352 0.252349 2.12147 -0.0111388 -0.00102797 -0.00149714
0.0815781 0.191277 2.12823 -0.0111577 -0.00134289 -0.00170432
0.0751425 0.269842 2.13892 -0.0115777 -0.00115339 -0.00187605
0.0695454 0.186327 2.13896 -0.0116087 -0.00109739 -0.00204818
0.0598431 0.222152 2.15576 -0.0112612 -0.00132834 -0.00171783
0.0642072 0.202112 2.17928 -0.0107978 -0.00151463 -0.00193426
0.0649923 0.288524 2.16192 -0.011209 -0.00081817 -0.00189277
0.064982 0.185781 2.15262 -0.0100174 -0.0012769 -0.00179829
0.0779554 0.281043 2.09049 -0.010142 -0.00062565 -0.00161737
0.0773288 0.144322 2.16557 -0.00923123 -0.0008549 -0.00144288
0.0807815 0.285209 2.1112 -0.00967319 -0.00097858 -0.00166499
0.0685678 0.204778 2.19338 -0.00978957 -0.00089673 -0.0017273
0.0757038 0.286557 2.17379 -0.00978957 -0.00077629 -0.0018873
0.0677605 0.188739 2.18997 -0.00986219 -0.00060428 -0.00171446
0.0617436 0.266239 2.12104 -0.0107547 -0.00060649 -0.00167069
0.0692484 0.194 2.09747 -0.0105498 -0.00084882 -0.00171947
0.0719487 0.261568 2.08338 -0.0108925 -0.00063752 -0.00169886
0.068189 0.179703 2.06707 -0.0106866 -0.00086025 -0.00170238
0.0753321 0.252769 2.07511 -0.0109519 -0.00081217 -0.00160172
0.0761665 0.187964 2.0083 -0.0109096 -0.00046023 -0.0013058
0.0726197 0.249946 2.07075 -0.0107457 -0.00061454 -0.00132078
0.0800653 0.220821 1.99858 -0.0109772 -0.00049674 -0.00116862
0.0804206 0.200328 2.03158 -0.0110258 -0.00053175 -0.00164319
0.083151 0.217899 1.99505 -0.0111067 -0.00041569 -0.00160202
0.075952 0.189375 2.04229 -0.0112887 -0.00042709 -0.00148662
0.0806188 0.248392 1.97835 -0.0112955 -0.00035357 -0.00124055
0.0798764 0.173515 2.02573 -0.0109042 -0.00058023 -0.00165731
0.0833454 0.223247 1.97296 -0.0110984 -0.00034006 -0.00119737
0.0821426 0.223382 2.03006 -0.0110726 -0.00020376 -0.00122864
0.0829154 0.183591 1.97301 -0.010837 -0.00011264 -0.00121214
0.0848494 0.256893 1.99861 -0.0106927 -1.63e-06 -0.00123884
0.0798482 0.157457 2.01175 -0.0104137 0.00011485 -0.00136802
0.0862477 0.298751 1.95986 -0.0107775 0.00034373 -0.00110643
0.0878353 0.187715 2.02959 -0.0102399 0.0001493 -0.00137569
0.0885888 0.216164 1.97752 -0.0105168 0.00013013 -0.00121094
0.0932831 0.251312 1.99074 -0.0103302 0.00067705 -0.00114975
0.095442 0.154036 2.05685 -0.0101662 0.00086417 -0.00109136
0.0896221 0.33014 2.01367 -0.0105975 0.00084242 -0.00109119
0.0894408 0.182785 2.11624 -0.00994329 0.00072067 -0.00126351
0.0866778 0.269534 2.02243 -0.0104495 0.00062238 -0.00113889
0.0910945 0.221727 2.0805 -0.0105629 0.00057737 -0.00137195
0.0895764 0.21715 2.01811 -0.0106353 0.00071342 -0.00123191
0.0910019 0.206086 2.03072 -0.0111197 0.00088353 -0.00125563
0.0882907 0.239292 1.97084 -0.0107865 0.00088353 -0.00118709
0.0821081 0.171982 2.03597 -0.010613 0.00088353 -0.00100364
0.0848425 0.240664 1.96603 -0.0103851 0.00105294 -0.0009386
0.0864534 0.189052 2.01231 -0.010124 0.00064357 -0.00108242
0.0790262 0.262552 1.97613 -0.0106503 0.00064495 -0.00104581
0.0821053 0.262409 2.04585 -0.0103323 0.00062069 -0.00103602
0.08206 0.191553 2.0168 -0.010118 0.00061525 -0.0011047
0.0881642 0.311519 2.01772 -0.0103342 0.00062807 -0.00113686
0.0819993 0.130977 2.05759 -0.0106234 0.00070632 -0.00119281
0.0820673 0.25612 2.00328 -0.0112043 0.00081248 -0.00105313
0.0820474 0.0997778 2.01777 -0.0106437 0.00086832 -0.001102
0.0821552 0.27074 1.97304 -0.0106134 0.00072671 -0.00098102
0.0919656 0.305346 1.90492 -0.00826934 0.00155988 -0.0010552
0.0820735 0.094534 1.96565 -0.00701733 0.0011298 -0.00106605
0.0856603 0.197913 1.92428 -0.00849251 0.00066963 -0.00111027
0.0820137 0.167018 2.03777 -0.00765694 0.00045028 -0.00121937
0.0819432 0.277145 1.99645 -0.00929516 0.00064924 -0.00119397
0.081867 0.163527 2.0666 -0.00841813 0.00067332 -0.00130964
0.0819127 0.299736 2.05611 -0.00874832 0.00038839 -0.0012581
0.0619613 0.184741 2.12052 -0.0080447 0.00010482 -0.0014862
0.061846 0.288389 2.12096 -0.00849832 3.368e-05 -0.00154629
0.0621719 0.181279 2.06348 -0.00895657 0.00014196 -0.00126068
0.0720965 0.232796 2.0299 -0.00913525 0.00040418 -0.00124179
0.0627025 0.0997592 2.05025 -0.00795758 0.00017522 -0.00122125
0.0575163 0.226084 2.10132 -0.00767557 -0.00019324 -0.00137706
0.0574547 0.211224 2.07132 -0.00858858 -0.00034107 -0.00122356
0.0532184 0.230006 2.19622 -0.00704361 -0.00024886 -0.00132048
0.0504907 0.297172 2.14672 -0.00852052 -0.00011615 -0.00127794
0.0436533 0.21897 2.19353 -0.00788346 -0.0003539 -0.00132893
0.0433914 0.308226 2.13429 -0.00883904 -4.166e-05 -0.00141155
0.0436078 0.183424 2.20005 -0.00839696 -0.00037277 -0.00138244
0.0435025 0.318581 2.17449 -0.00919453 -0.00034215 -0.0013752
0.0435817 0.190995 2.23448 -0.00826346 -0.00039844 -0.00141987
0.0582058 0.270261 2.18767 -0.00852221 -0.00010536 -0.00135921
0.0436167 0.157937 2.23616 -0.00804588 -0.00029358 -0.00134485
0.0435154 0.274149 2.2036 -0.00874273 -5.842e-05 -0.00128312
0.0436147 0.212995 2.22915 -0.00855984 -8.768e-05 -0.00125448
0.0435808 0.238153 2.2442 -0.00894225 -0.00021788 -0.00132531
0.0364959 0.259546 2.18059 -0.00931384 -0.00019498 -0.0011914
0.0266455 0.203376 2.24318 -0.00911622 -0.0004059 -0.00140833
0.0352287 0.259651 2.17082 -0.00981207 -0.00040867 -0.00131418
0.0266117 0.225868 2.24578 -0.00946819 -0.00042741 -0.00142711
0.0381128 0.250974 2.19178 -0.0100253 -0.00075371 -0.00135993
0.0265585 0.202157 2.24003 -0.0098187 -0.00067984 -0.00162758
0.026747 0.27222 2.15837 -0.0102855 -0.00076999 -0.00143733
0.0341687 0.167039 2.21598 -0.00989907 -0.0004116 -0.00147461
0.0265505 0.268497 2.1222 -0.0101403 -0.00044669 -0.00150775
0.0266351 0.164891 2.17848 -0.00950689 -0.00061195 -0.00155409
0.0328434 0.255527 2.16938 -0.00964777 -0.00045025 -0.00145924
0.0311624 0.181513 2.15743 -0.00949144 -0.00024677 -0.00162995
0.0265452 0.23154 2.167 -0.0101722 -0.00055787 -0.00157928
0.0343281 0.213599 2.06355 -0.0104852 -0.00024677 -0.0014515
0.0265754 0.196941 2.13135 -0.0102572 -0.00057743 -0.00150502
0.0354261 0.240458 2.07642 -0.0100355 -0.00024677 -0.00154079
0.0264248 0.181147 2.16883 -0.00958045 -0.0003848 -0.00159851
0.0378249 0.236132 2.09242 -0.010104 -6.348e-05 -0.00138645
0.0364852 0.233351 2.2027 -0.00894151 -0.00013489 -0.00149826
0.0424602 0.261896 2.13684 -0.00995973 -0.00043354 -0.00134491
0.0264502 0.212218 2.21116 -0.00954336 -0.00051589 -0.00164323
0.0420576 0.270696 2.16033 -0.0102368 -0.00050064 -0.00145987
0.043263 0.212493 2.23653 -0.0089207 -0.00036034 -0.00149238
0.0429134 0.292437 2.143 -0.00941608 -0.00024677 -0.00144596
0.0368003 0.187421 2.20867 -0.00892257 -0.00024677 -0.00147393
0.036958 0.313912 2.23278 -0.00902368 -0.00024677 -0.00168259
0.0258459 0.231028 2.32687 -0.008855 -0.00024677 -0.0020348
0.0353036 0.28781 2.28787 -0.00883405 -5.935e-05 -0.00188946
0.0301935 0.219199 2.28409 -0.00886726 0.00016607 -0.00187167
0.0259608 0.268637 2.24111 -0.00914645 0.00016607 -0.00182932
0.0210813 0.201154 2.21334 -0.00901931 0.00016607 -0.00188075
0.0204511 0.250737 2.24287 -0.00933973 0.00016607 -0.00193552
0.0172697 0.250713 2.20457 -0.0098152 9.093e-05 -0.00200503
0.0171285 0.231823 2.30318 -0.00899578 9.656e-05 -0.00213781
0.0070851 0.298985 2.21125 -0.00943798 4.098e-05 -0.00211653
0.00185737 0.178333 2.25399 -0.00899578 0.00016607 -0.00219413
-0.0236076 0.146505 2.27578 -0.00544691 -6.918e-05 -0.00241334
-0.0203877 0.46174 2.21432 -0.00616957 -0.00025807 -0.00235632
-0.00646026 0.509371 2.16051 -0.00625713 -8.833e-05 -0.00199827
-0.00169357 0.394295 2.08896 -0.00550066 0.00016607 -0.00173964
-0.0152907 0.230455 1.9206 -0.00680346 0.00097086 -0.00209871
-0.0128925 0.0741488 2.07356 -0.0041041 0.00029046 -0.00176694
-0.0328504 0.108141 2.10519 -0.00382501 -0.0005835 -0.00160017
-0.0207883 0.313751 2.05637 -0.00452234 -0.00030705 -0.00202488
-0.0251199 0.251076 2.14413 -0.00446484 -0.00071645 -0.00201992
-0.0251442 0.37485 2.10521 -0.0050714 -0.00085291 -0.00216832
-0.0248884 0.32151 2.15401 -0.00480376 -0.00081771 -0.00208641
-0.0179785 0.417666 2.15027 -0.00480535 -0.00071378 -0.00208233
-0.023661 0.325066 2.17496 -0.0050923 -0.0008997 -0.00192971
-0.0165636 0.350905 2.17502 -0.00515324 -0.00110625 -0.00194654
-0.0131147 0.290061 2.14688 -0.00531793 -0.00100394 -0.00185704
-0.0129363 0.20255 2.18213 -0.00504233 -0.00092382 -0.00172262
-0.00623455 0.284567 2.15562 -0.00492281 -0.00109451 -0.0019186
-0.0133141 0.247222 2.16474 -0.00485741 -0.00133301 -0.00218516
-0.0329571 0.265398 2.21144 -0.00500283 -0.00142789 -0.00237371
-0.020991 0.293402 2.175 -0.00505435 -0.00145989 -0.00235695
-0.0378125 0.255661 2.21741 -0.00542703 -0.00128759 -0.00259347
-0.0428551 0.330476 2.20429 -0.00533533 -0.0014039 -0.00283177
-0.0429711 0.31139 2.19213 -0.00534951 -0.00152178 -0.00292222
-0.0518875 0.299746 2.23431 -0.00528563 -0.00151376 -0.0028815
-0.0409761 0.316648 2.17531 -0.00547783 -0.00143966 -0.00257823
-0.0227987 0.239282 2.18432 -0.00520113 -0.00121818 -0.00228913
-0.0374395 0.336292 2.17504 -0.00524585 -0.00121005 -0.0023514
-0.0476078 0.225294 2.21123 -0.0049257 -0.00123384 -0.00262417
-0.0527634 0.311751 2.20995 -0.00547783 -0.00150145 -0.00248971
-0.0515244 0.281052 2.19752 -0.0058321 -0.00161827 -0.00242767
-0.0617529 0.273341 2.24177 -0.00622467 -0.00179545 -0.00287901
-0.0612704 0.294612 2.16238 -0.00615502 -0.00181697 -0.00267953
-0.0774893 0.249419 2.20557 -0.00618878 -0.00200537 -0.00248376
-0.0623198 0.302855 2.14178 -0.00649093 -0.00190356 -0.00257192
-0.0602477 0.227085 2.18437 -0.00586138 -0.00189115 -0.00236591
-0.0529953 0.322213 2.11754 -0.00614668 -0.00154698 -0.00247446
-0.056905 0.198271 2.15379 -0.00586138 -0.00186507 -0.00238127
-0.0535803 0.297402 2.11103 -0.00586138 -0.0017763 -0.00237668
-0.0517394 0.200426 2.12146 -0.00564848 -0.00154698 -0.00245721
-0.0617858 0.2697 2.12126 -0.00544798 -0.00169118 -0.0025222
-0.049299 0.272519 2.07718 -0.0061224 -0.00197826 -0.00248801
-0.0550407 0.227873 2.13491 -0.00586138 -0.00185004 -0.00238516
-0.0520842 0.323238 2.0968 -0.00626063 -0.00183393 -0.00243759
-0.0628441 0.213245 2.12955 -0.00566775 -0.00154698 -0.00270433
-0.0579665 0.292388 2.11493 -0.00576679 -0.00171828 -0.00256004
-0.0591387 0.224716 2.01937 -0.00677228 -0.00252658 -0.0024553
-0.0570759 0.2718 2.03127 -0.00743615 -0.00232466 -0.00250725
-0.0427898 0.235501 2.05333 -0.00719434 -0.00227341 -0.00219436
-0.0545103 0.181753 2.10326 -0.00647756 -0.00175193 -0.00216666
-0.0680446 0.299118 2.08919 -0.00597017 -0.00196929 -0.00259664
-0.0690096 0.210505 2.1062 -0.00594139 -0.00184708 -0.00273626
-0.0732809 0.277453 2.09895 -0.00622394 -0.00199871 -0.00269085
-0.0719546 0.250972 2.06682 -0.00680818 -0.00199449 -0.00284937
-0.0795166 0.253506 2.11674 -0.00652126 -0.00192552 -0.00268782
-0.0804694 0.31182 2.03771 -0.0070384 -0.00249269 -0.00276643
-0.0863747 0.196922 2.12168 -0.0062614 -0.00237 -0.00253179
-0.0799122 0.314514 2.07127 -0.0069543 -0.00219612 -0.00282435
-0.0734523 0.189472 2.18281 -0.00626337 -0.0021179 -0.00270552
-0.0649671 0.291631 2.08705 -0.00767032 -0.00231178 -0.00290581
-0.074576 0.185526 2.11233 -0.00772496 -0.00265285 -0.00243476
-0.075673 0.267766 2.0507 -0.00812404 -0.00253014 -0.00271031
-0.0702348 0.199811 2.04078 -0.00769572 -0.00236815 -0.00253355
-0.0856426 0.268702 2.01095 -0.00860192 -0.00296149 -0.00278398
-0.0815253 0.242657 1.96298 -0.00827507 -0.00280663 -0.00300963
-0.0907079 0.210941 2.04436 -0.00787726 -0.00249885 -0.00302791
-0.0794838 0.268007 1.9565 -0.00814463 -0.0026443 -0.00294374
-0.09133 0.169319 2.02944 -0.00767996 -0.0029117 -0.00281902
-0.0917724 0.273572 1.94391 -0.00821492 -0.00310697 -0.00307273
-0.0911613 0.199375 2.02667 -0.0078415 -0.00300567 -0.00291314
-0.0899195 0.248722 1.93384 -0.00832208 -0.00282019 -0.00307164
-0.090467 0.192075 1.91428 -0.00808668 -0.00297787 -0.00280479
-0.100102 0.223006 1.99421 -0.00770048 -0.00294737 -0.00292549
-0.0903704 0.235085 1.91119 -0.00803361 -0.00293088 -0.00295118
-0.0804856 0.235409 2.01022 -0.00773611 -0.00260781 -0.0027462
-0.0866799 0.263054 1.91211 -0.00888953 -0.00266068 -0.00297611
-0.0977172 0.209567 2.00112 -0.00817895 -0.00249885 -0.00315749
-0.0925153 0.26905 1.91914 -0.00927796 -0.00249885 -0.00365379
-0.095504 0.171786 1.94954 -0.00871235 -0.00254969 -0.00347366
-0.092353 0.263335 1.8913 -0.00893517 -0.00249885 -0.00360157
-0.086914 0.177161 1.96131 -0.00836458 -0.00249885 -0.00333787
-0.0857639 0.302859 1.92893 -0.00878053 -0.00249885 -0.00356219
-0.0857329 0.128401 1.91811 -0.0085678 -0.00248872 -0.00330544
-0.0850832 0.256082 1.83045 -0.00836458 -0.00246097 -0.00304992
-0.0893443 0.18093 1.98145 -0.00751717 -0.00246841 -0.0031081
-0.0761631 0.295085 1.93622 -0.00857829 -0.00225942 -0.00324793
-0.0812997 0.22925 2.11514 -0.00791746 -0.00182743 -0.00362492
-0.0773598 0.319183 2.04858 -0.00867474 -0.00179586 -0.00400723
-0.0966782 0.239347 2.16371 -0.00760347 -0.00189287 -0.00407621
-0.0894168 0.332996 2.13527 -0.00845406 -0.00189287 -0.00432421
-0.102123 0.246722 2.18836 -0.00795977 -0.00189287 -0.00419862
-0.0836375 0.33647 2.09509 -0.0089839 -0.00202564 -0.00424719
-0.0855886 0.206972 2.14662 -0.00822185 -0.00185828 -0.00408704
-0.086195 0.310585 2.06142 -0.00890794 -0.00185984 -0.00418237
-0.08078 0.17849 2.15955 -0.00788108 -0.00171465 -0.00401138
-0.0854244 0.309477 2.0666 -0.00880525 -0.00179325 -0.00429211
-0.0905335 0.240308 2.13859 -0.00831427 -0.00181668 -0.00414764
-0.0872563 0.293576 2.11712 -0.00891255 -0.0019226 -0.00441121
-0.0892374 0.256996 2.07686 -0.00896449 -0.00205998 -0.00442408
-0.0907981 0.24847 2.14519 -0.00851758 -0.0019389 -0.00469808
-0.0894117 0.280957 1.97585 -0.00957066 -0.00224601 -0.00456583
-0.0970118 0.196694 2.00599 -0.00865291 -0.00213528 -0.00435797
-0.0898255 0.268178 1.94254 -0.00927663 -0.0022414 -0.00440856
-0.0976446 0.198048 2.0327 -0.00886318 -0.00228694 -0.00432272
-0.0860498 0.276814 1.94044 -0.00920642 -0.00195502 -0.00442348
-0.0868286 0.140973 1.96728 -0.0086821 -0.00194864 -0.0041725
-0.0734164 0.259246 1.89607 -0.00899868 -0.00188304 -0.00382416
-0.0754683 0.144952 1.91073 -0.0088612 -0.00186306 -0.003755
-0.074316 0.264897 1.87306 -0.0089586 -0.00205161 -0.00369547
-0.0822431 0.170357 1.92339 -0.00856305 -0.00180161 -0.00386487
-0.070334 0.285692 1.87153 -0.0087949 -0.00164963 -0.00369019
-0.0725852 0.178991 1.94039 -0.00773565 -0.00180161 -0.00354574
-0.0519901 0.279481 1.8234 -0.00844488 -0.00144335 -0.00353287
-0.0606339 0.150944 1.88735 -0.00732589 -0.00154264 -0.00323928
-0.0508106 0.154126 1.87368 -0.00739715 -0.00172158 -0.00283298
-0.0526498 0.173307 1.86835 -0.00737804 -0.00157512 -0.00270487
-0.0607667 0.0892732 1.94034 -0.00599149 -0.00112904 -0.00253484
-0.100896 0.171701 1.96705 -0.0035576 -0.00055841 -0.00094426
-0.118949 0.482249 2.17417 0.00079052 -0.00091557 -0.00094426
-0.12992 0.898917 2.12164 0.00015267 -0.00037708 -0.00019516
-0.144073 1.00372 2.04257 0.00057958 0.00017312 -0.00012742
-0.144208 0.87628 1.98246 0.00076541 0.00027204 -0.00019714
-0.144031 0.49337 1.9774 0.00042775 0.00041779 -5.386e-05
-0.136374 0.152995 1.94673 -0.00105725 -6.701e-05 -5.386e-05
-0.127466 0.0362533 1.94048 -0.0007119 -0.00036666 -5.386e-05
-0.137414 -0.0593082 2.01562 -0.00047569 -0.0004867 0.00012122
-0.136936 0.0611093 2.06355 -0.00117582 -0.00046563 0.0001961
-0.142347 0.282712 2.11869 -0.0018907 -0.00045439 0.0003734
-0.149636 0.533077 2.13666 -0.00186396 -0.00038683 0.00019614
-0.161938 1.05672 2.06199 -0.00142039 -0.00017839 -5.386e-05
-0.162825 1.0934 1.90128 0.00063944 0.00015916 -0.00061493
-0.138492 0.622328 1.661 0.00236771 0.0024489 -5.367e-05
-0.133556 0.324952 1.79038 0.00094429 0.00103685 -8.854e-05
-0.137726 0.0720911 1.85624 0.000836 0.00067942 -0.00026998
