-0.0044862 0.0488092 0.0924968 -0.00051869 9.989e-05 -0.00017858
-0.00861323 0.0679023 0.0973368 -0.00067099 0.00032311 0
-0.00741405 0.0734391 0.119865 -0.00065422 0.00067725 -0.0004559
-0.0090863 0.112629 0.142678 -0.00081702 0.00027544 -0.00014585
-0.011866 0.0277798 0.125545 -0.00032324 0.00067725 -0.00040183
-0.0203718 0.123746 0.149138 -0.00075823 0.00061376 -0.00025206
-0.0198819 0.0199845 0.121953 -0.00020449 0.00067725 -0.00040183
-0.0152472 0.153117 0.1457 -0.00060175 0.00030832 -4.849e-05
-0.0246394 0.0185413 0.129675 -0.00016018 0.00067725 -0.00040183
-0.0187018 0.112734 0.166141 -0.00086973 0.00048231 -0.00046209
-0.0230657 0.148266 0.18547 -0.00153665 -0.00026559 0.00011392
-0.019153 0.0112494 0.149023 -0.00011635 0.00060621 -0.00031503
-0.0219139 0.136475 0.18795 -0.00096909 0.00041087 -1.001e-05
-0.0289086 0.0306838 0.138408 -0.00040995 0.00067725 -0.00040183
-0.0185879 0.112008 0.172559 -0.00062653 0.00062641 -0.0003911
-0.0258739 0.0752207 0.152128 -0.00100519 0.00067725 -0.00026042
-0.024913 0.0891941 0.142351 -0.00033753 0.00067725 -0.00051651
-0.0157515 0.0590788 0.110838 -0.00020335 0.00067725 -0.00050335
-0.0175783 0.0890739 0.128028 -0.00019043 0.00067725 -0.0002596
-0.0157052 0.052748 0.0803105 -4.926e-05 0.00067725 -0.00040183
-0.0223572 0.111714 0.138624 -0.00069155 0.00055766 -0.00012161
-0.0101146 0.075328 0.0817772 0.00020876 0.00033684 -8.091e-05
-0.00865609 0.0177128 0.0792358 -5.4e-07 0.00072918 -0.00043545
-0.0200615 0.199714 0.199341 -0.00134064 -0.00017007 0.00047473
-0.00879274 0.0149667 0.153475 -0.00026798 9.665e-05 4.475e-05
-0.0140531 0.0305499 0.139671 -0.00025697 0.00028338 -0.00012681
-0.0148012 0.109272 0.149485 -0.00076019 0.00016395 9.158e-05
-0.0112459 0.0477922 0.143241 -0.00097408 0.00017547 -1.738e-05
-0.0194582 0.140071 0.158898 -0.00097709 0.00021676 0.00039598
-0.0228789 0.0209324 0.104122 -0.00019681 0.00058726 0.00022458
-0.0231151 0.151261 0.165149 -0.00104946 1.098e-05 0.00054438
-0.0276631 0.0321569 0.105288 0.00045762 0.00067725 0.00019958
-0.0273555 0.160446 0.208386 -0.0013063 4.046e-05 0.00044544
-0.0297495 0.0549781 0.177454 -0.00052562 0.00037573 0.00028866
-0.030776 0.0718825 0.153838 -0.00028188 0.00067725 0.00026577
-0.0323931 0.0896656 0.200197 -0.00130809 0.00067725 0.0002562
-0.0334031 0.0213336 0.16417 -0.00041712 0.00100995 7.94e-06
-0.0355991 0.109521 0.187488 -0.0006619 0.00082208 0.00022197
-0.0365173 0.00930865 0.15025 0.00018277 0.0012573 -1.7e-06
-0.0390884 0.122219 0.184679 -0.0004119 0.00128657 9.388e-05
-0.0443873 0.028722 0.142351 0.00028673 0.00166294 -0.00027583
-0.0545905 0.131374 0.187119 -0.00020948 0.00163947 -3.463e-05
-0.055799 0.0203907 0.148279 0.00022871 0.0018378 -0.00040183
-0.061644 0.152787 0.22145 -0.00034545 0.00178417 -0.00025439
-0.0635236 0.0396257 0.18823 0.00011774 0.00177893 -0.00032416
-0.057537 0.0251839 0.203899 -0.00019568 0.0018378 -0.00040183
-0.0529668 0.0621418 0.19195 -0.00015578 0.0018378 -0.00019542
-0.0638519 0.017579 0.17254 0.00050379 0.00210311 -0.00068004
-0.0599071 0.0688718 0.177754 0.00023841 0.00199712 -0.00034476
-0.0644898 0.00636373 0.150226 0.00060571 0.00223974 -0.0005579
-0.0688673 0.0876964 0.164895 0.00048654 0.00177352 -0.00040945
-0.0692182 0.0176241 0.130641 0.00070799 0.00236894 -0.00085622
-0.076711 0.0858622 0.155537 0.00062698 0.00227261 -0.00079055
-0.0743099 0.019599 0.144547 0.00084806 0.00258649 -0.00100987
-0.0738707 0.091242 0.161813 0.00086204 0.00207727 -0.00084037
-0.0674234 0.0309497 0.141288 0.00070019 0.00245485 -0.00066173
-0.0668232 0.101768 0.199336 0.00049085 0.0022031 -0.00057027
-0.0630768 -0.0172282 0.160747 0.00120439 0.00245435 -0.00070915
-0.0785877 0.0754396 0.200714 0.00078466 0.00259021 -0.00084252
-0.0718528 0.022244 0.172117 0.00093439 0.00245071 -0.00039815
-0.0714407 0.0265952 0.170157 0.00113618 0.00250809 -0.00053921
-0.0782034 0.0424305 0.168454 0.00103825 0.00233904 -0.00054402
-0.0738715 0.0294371 0.162587 0.00107386 0.00245071 -0.0008446
-0.0649633 0.0840047 0.159007 0.00113469 0.0018469 -0.00060394
-0.0722497 0.0318446 0.159656 0.00112763 0.00240897 -0.00096107
-0.0685858 0.0999878 0.194059 0.00052102 0.0023351 -0.0006136
-0.0641874 0.0142032 0.163419 0.00120106 0.0024981 -0.00091199
-0.0724871 0.0996439 0.200766 0.00062252 0.00243368 -0.0006526
-0.0713907 -0.0183169 0.166092 0.00128394 0.00243025 -0.00099302
-0.0738059 0.050658 0.163938 0.0013221 0.00239271 -0.00094617
-0.06725 -0.0110475 0.134348 0.00114328 0.00231151 -0.00112971
-0.0761622 0.101174 0.205106 0.00156434 0.0027899 -0.00124376
-0.0739911 -0.00232493 0.143501 0.00119213 0.00239271 -0.00137971
-0.077639 0.0833584 0.184302 0.00122766 0.00282118 -0.00137971
-0.0698087 0.0153971 0.127366 0.00135478 0.00261833 -0.00153329
-0.0869559 0.0734768 0.186812 0.0011415 0.00323577 -0.00144907
-0.0727926 0.0104433 0.145956 0.00119426 0.0029383 -0.00146575
-0.0751043 0.0874777 0.173945 0.00112913 0.00292145 -0.00139578
-0.0661111 -0.0205708 0.147512 0.00126006 0.00284523 -0.00128941
-0.0751537 0.100064 0.24113 0.00113812 0.00249534 -0.00099272
-0.0810923 -0.0257887 0.18297 0.00207536 0.00262365 -0.00122512
-0.0829897 0.0277473 0.202417 0.0014496 0.00296044 -0.00129696
-0.0775132 0.00631095 0.176474 0.00170009 0.00246746 -0.00134018
-0.0771274 0.0608472 0.195693 0.00179059 0.00276516 -0.00154571
-0.0800085 0.0123702 0.163008 0.0018128 0.0024709 -0.00152307
-0.0818662 0.0875426 0.205385 0.00109373 0.00329832 -0.00188246
-0.0808104 0.0403834 0.197126 0.00173447 0.00298527 -0.00180776
-0.0771751 0.0571562 0.208141 0.00169432 0.00292272 -0.00183152
-0.0775775 0.0602294 0.20888 0.00193525 0.00263279 -0.00160981
-0.0843943 0.0401912 0.193244 0.00208557 0.00259533 -0.00146191
-0.0709685 0.0960895 0.255464 0.00200375 0.00220235 -0.00111368
-0.0716097 -0.033949 0.229025 0.00242118 0.00249817 -0.0015529
-0.0692284 0.0845641 0.254375 0.00207149 0.00285596 -0.0016416
-0.0719524 0.0813606 0.256003 0.00221764 0.00202887 -0.00090003
-0.0707444 -0.00814016 0.205997 0.0024309 0.00226067 -0.00146532
-0.0771415 0.106785 0.235496 0.00192264 0.00226067 -0.00127533
-0.0675167 0.0183618 0.206934 0.00184546 0.00261041 -0.00175135
-0.0727303 0.110385 0.244074 0.00235791 0.00238731 -0.00143096
-0.0714865 0.0146316 0.21959 0.00237139 0.00259579 -0.00179862
-0.0796103 0.108521 0.252679 0.00223005 0.00245095 -0.00155525
-0.0760447 0.0123273 0.225525 0.00249099 0.00232011 -0.00165587
-0.0815213 0.0385461 0.240012 0.00249882 0.00266266 -0.00180623
-0.0788511 0.0549077 0.226786 0.00237946 0.00251751 -0.00162845
-0.0803972 0.00102772 0.23086 0.00251799 0.0027582 -0.00160983
-0.0730498 0.0775158 0.2532 0.00263301 0.00235383 -0.00159786
-0.0660611 -0.0127262 0.211691 0.00276226 0.0024604 -0.00178343
-0.0749993 0.0841185 0.238788 0.0025942 0.00210383 -0.00155818
-0.0735008 0.00089221 0.20064 0.00242706 0.00235383 -0.0017755
-0.0810063 0.112194 0.247948 0.00223835 0.00261798 -0.00163699
-0.0698304 0.00667715 0.215018 0.00249381 0.00240773 -0.00158323
-0.0789803 0.107452 0.256512 0.00258094 0.00243626 -0.00109838
-0.0769826 0.0150586 0.218729 0.00247739 0.00265241 -0.00188246
-0.0735926 0.0718937 0.243649 0.00284811 0.00202227 -0.00162813
-0.0622783 0.0306559 0.229982 0.00265575 0.00181484 -0.00128257
-0.0610411 0.0207168 0.225358 0.0025342 0.00217103 -0.00146526
-0.0531555 0.136038 0.267687 0.00283707 0.00137555 -0.00080394
-0.063145 -0.0275022 0.231877 0.00300788 0.00141094 -0.00135837
-0.0698525 0.0765622 0.243934 0.00290575 0.00166094 -0.00136658
-0.0684111 0.0155012 0.220469 0.00278448 0.00166094 -0.00158799
-0.0610984 0.0657507 0.221758 0.00280366 0.00180615 -0.00153372
-0.0617503 0.0604857 0.21047 0.00272142 0.0018218 -0.00164937
-0.0665542 0.0593893 0.208281 0.00302016 0.00207653 -0.00188246
-0.0763207 0.0873737 0.244832 0.00289297 0.00188862 -0.00181185
-0.075346 0.00549256 0.22102 0.00311475 0.0024548 -0.00215086
-0.0749931 0.0798511 0.217306 0.00309487 0.0019152 -0.001797
-0.067973 0.0163209 0.220509 0.00291439 0.00212295 -0.00194585
-0.07337 0.0998606 0.266282 0.00335569 0.00166094 -0.0015122
-0.0694183 -0.0423083 0.213522 0.00326506 0.0021881 -0.00196246
-0.0735696 0.0840767 0.238353 0.00294872 0.00204357 -0.00180685
-0.0703307 -0.0309107 0.199543 0.00286667 0.0019589 -0.00197841
-0.0773006 0.0898599 0.238764 0.00317446 0.00205435 -0.00198312
-0.0814387 0.0056898 0.197546 0.00307082 0.00229415 -0.00201883
-0.0706227 0.0633354 0.220807 0.00296029 0.00207298 -0.00193997
-0.0761032 0.119217 0.237229 0.00291795 0.00203689 -0.00169284
-0.0766674 0.0256349 0.238837 0.0031744 0.00192097 -0.00166534
-0.0839881 0.162937 0.289918 0.00301506 0.00166094 -0.00172659
-0.0844472 -0.0164929 0.258352 0.00326062 0.00166094 -0.00160995
-0.0871517 0.0392889 0.265244 0.00337527 0.00187824 -0.00196502
-0.0887776 0.0575305 0.259671 0.00343742 0.00156633 -0.00176394
-0.0822051 0.0161374 0.239694 0.00374886 0.00202599 -0.0021087
-0.0801454 0.0656825 0.236141 0.00335052 0.00151155 -0.00191383
-0.0773733 0.0118699 0.232539 0.00333306 0.00194438 -0.00211754
-0.0777624 0.0842198 0.24875 0.00343522 0.00193186 -0.00186419
-0.0788062 0.0618974 0.236366 0.00363442 0.00197451 -0.00216135
-0.0794324 0.0542259 0.236527 0.00312883 0.00150769 -0.00205987
-0.0816557 0.166331 0.302643 0.00321574 0.00170642 -0.0018735
-0.0883524 0.0468358 0.286457 0.00368987 0.00116515 -0.00177975
-0.0902893 0.0162349 0.26783 0.00389696 0.00170436 -0.00220161
-0.0925238 0.105277 0.276374 0.00360197 0.00116515 -0.00211708
-0.0922884 -0.0118337 0.212147 0.00398104 0.00178466 -0.00245609
-0.094394 0.100973 0.27519 0.00377525 0.0015215 -0.00245609
-0.0943509 0.0240694 0.24673 0.00328147 0.00169277 -0.00275058
-0.104934 0.132074 0.273608 0.00370074 0.00146026 -0.00242742
-0.110842 0.0499388 0.23177 0.00360087 0.00243765 -0.00287216
-0.111154 0.121955 0.257765 0.00344819 0.00159753 -0.00258288
-0.107862 0.12444 0.298043 0.00393158 0.00106806 -0.00225349
-0.114555 0.00935461 0.253186 0.00382017 0.00116515 -0.00259883
-0.121538 0.106947 0.282258 0.00381903 0.00116515 -0.00251502
-0.117978 0.031407 0.25343 0.0037351 0.00116515 -0.0026545
-0.123598 0.133126 0.282386 0.00395488 0.00116515 -0.00268865
-0.111931 0.00723272 0.241318 0.00360086 0.00116515 -0.00278903
-0.125907 0.10665 0.264721 0.00360086 0.00116515 -0.00283842
-0.118337 0.0302974 0.252625 0.00389339 0.00116515 -0.00291374
-0.110746 0.145833 0.290821 0.00382615 0.00089326 -0.0025898
-0.0940279 0.0106389 0.236634 0.00384969 0.00116515 -0.00267038
-0.11232 0.163023 0.293444 0.00423564 0.00108094 -0.00267674
-0.0891618 0.0278832 0.262385 0.00401433 0.00100784 -0.00253625
-0.0939066 0.111333 0.288184 0.00384969 0.00091515 -0.00253229
-0.101125 0.0508676 0.262411 0.00384969 0.00105676 -0.00250501
-0.113584 0.0553098 0.258739 0.00391404 0.00116515 -0.00283837
-0.10003 0.0388985 0.219607 0.00399842 0.00127831 -0.00279868
-0.116108 0.0861835 0.23861 0.00377133 0.00116515 -0.00269374
-0.0918291 0.0387261 0.1827 0.00407087 0.0012489 -0.00272993
-0.0954375 0.0972574 0.227895 0.00388567 0.00116515 -0.00258959
-0.0943462 0.0568492 0.240488 0.0039059 0.00116515 -0.00252596
-0.0999216 0.0907023 0.254082 0.00407127 0.00116515 -0.00259231
-0.0966169 0.0720657 0.225721 0.00445037 0.00116515 -0.00264258
-0.108787 0.107738 0.264606 0.00390478 0.00116515 -0.00287992
-0.101798 0.167967 0.306704 0.00412766 0.00071404 -0.00257363
-0.115524 -0.00542498 0.256983 0.00410997 0.0012309 -0.00278574
-0.106329 0.115413 0.278596 0.00389173 0.00082863 -0.0027879
-0.103786 -0.00519089 0.242527 0.00413089 0.00095234 -0.00271302
-0.107647 0.0902905 0.241034 0.00402426 0.00120136 -0.00260704
-0.10458 0.0651598 0.227564 0.00383175 0.00123622 -0.00286775
-0.112682 0.0777554 0.219382 0.00373757 0.00137683 -0.00305303
-0.113088 0.141952 0.254791 0.00385351 0.00116439 -0.00276539
-0.11338 0.0667135 0.244718 0.00389424 0.00113103 -0.00294316
-0.0653344 0.366199 0.416204 0.00469344 0.00071404 -0.00229219
-0.0468102 0.149888 0.389356 0.00485702 0.00047303 -0.00176055
-0.0540436 -0.0771823 0.360951 0.00528166 0.00113433 -0.00238886
-0.0544371 -0.0375333 0.300163 0.0049498 0.00144263 -0.00268947
-0.0470958 0.0959462 0.290906 0.00475241 0.00091012 -0.00251184
-0.0464781 0.245107 0.33401 0.00467012 0.00031284 -0.0021077
-0.036685 0.0847685 0.302859 0.00473124 0.00071404 -0.00206882
-0.0461818 0.130516 0.301581 0.00533478 0.0011491 -0.00242726
-0.0618133 0.322227 0.390613 0.0054951 0.00080734 -0.00236129
-0.0649532 0.14368 0.334951 0.00480627 0.00078889 -0.00303308
-0.0753038 0.153606 0.332754 0.00504858 0.00137214 -0.00334351
-0.0920172 0.277612 0.415078 0.00560485 0.00109601 -0.00315359
-0.0947655 0.0751502 0.37637 0.00548285 0.00124173 -0.00330336
-0.102783 0.102661 0.401911 0.00566903 0.00164008 -0.00347834
-0.105158 0.162265 0.383716 0.00513856 0.0008949 -0.00330895
-0.101707 0.0441734 0.359598 0.00535542 0.00136854 -0.00359219
-0.123125 0.196991 0.420274 0.00594741 0.00142494 -0.0035218
-0.111647 0.122872 0.350516 0.00564257 0.0011283 -0.00340668
-0.098815 0.141128 0.340917 0.00481697 0.00117936 -0.00341944
-0.113694 0.276987 0.398424 0.0056322 0.00106084 -0.00339147
-0.0983894 0.107317 0.354718 0.00525808 0.00109852 -0.00323295
-0.0978359 0.132982 0.336389 0.0052338 0.00123426 -0.00326246
-0.103175 0.141188 0.383367 0.00547849 0.00135421 -0.00318954
-0.0967626 0.11284 0.350162 0.00523071 0.00115792 -0.00305203
-0.104734 0.122158 0.354419 0.00542957 0.00117699 -0.00290439
-0.110298 0.183531 0.435028 0.00603554 0.00094823 -0.00302513
-0.10507 0.0800864 0.378381 0.00536283 0.00116226 -0.00269874
-0.0998888 0.0973165 0.378144 0.00567659 0.00125907 -0.00274766
-0.103955 0.25787 0.46699 0.00623529 0.00071404 -0.00270134
-0.095886 0.112912 0.439044 0.00606128 0.00059404 -0.00247143
-0.104415 0.105268 0.429473 0.00622315 0.00071809 -0.0028087
-0.101579 0.198408 0.421263 0.00585744 0.00058046 -0.00270231
-0.0936285 0.11127 0.369969 0.00533098 0.00083094 -0.0029563
-0.103036 0.218974 0.372408 0.00528818 0.00071404 -0.0030048
-0.103904 0.128845 0.370951 0.00553733 0.00110428 -0.00310164
-0.108685 0.195643 0.391108 0.00553459 0.00097485 -0.00286871
-0.112313 0.145632 0.40828 0.00587365 0.00159657 -0.00298601
-0.103288 0.168102 0.385781 0.00564324 0.00100645 -0.0029762
-0.0992936 0.155675 0.380714 0.00522155 0.00090071 -0.00299495
-0.0939474 0.186305 0.438742 0.0060391 0.00071404 -0.0023616
-0.089697 0.0907494 0.402368 0.00568953 0.00106605 -0.00272461
-0.101984 0.216429 0.406953 0.00521559 0.00082777 -0.00262831
-0.0990948 0.100194 0.352783 0.00562548 0.00113917 -0.00286686
-0.102585 0.245667 0.386778 0.00501829 0.00071404 -0.00276992
-0.105258 0.140682 0.379741 0.00540887 0.00120702 -0.00269907
-0.106062 0.247837 0.400719 0.00531657 0.00071404 -0.00291117
-0.120339 0.119869 0.399675 0.00569547 0.00114196 -0.00311358
-0.10774 0.234891 0.400362 0.00601861 0.00116266 -0.00317833
-0.0991609 0.115063 0.361969 0.00536025 0.00071404 -0.00283193
-0.109967 0.165768 0.394765 0.0054566 0.00109359 -0.00315178
-0.111465 0.165747 0.392244 0.00559415 0.00080753 -0.00294928
-0.10032 0.120538 0.361605 0.00560887 0.00085541 -0.00293201
-0.0947165 0.191288 0.362344 0.00527098 0.00071404 -0.00269874
-0.0969018 0.132682 0.336756 0.00498216 0.00102821 -0.003058
-0.102543 0.236886 0.379451 0.00509571 0.00077386 -0.00290683
-0.10377 0.146566 0.362354 0.00526085 0.001027 -0.0030367
-0.100996 0.275941 0.406752 0.00546902 0.00071404 -0.00313762
-0.0976584 0.119795 0.387827 0.00552834 0.00085934 -0.00303991
-0.102872 0.166135 0.403332 0.00540063 0.00071404 -0.00321678
-0.105879 0.166034 0.389037 0.00569717 0.00037441 -0.00318561
-0.115146 0.147045 0.409528 0.00594987 0.0010804 -0.00336243
-0.112836 0.219835 0.407463 0.00533877 0.00033631 -0.00326736
-0.105528 0.111537 0.392532 0.00576749 0.00082511 -0.00323813
-0.109941 0.240499 0.383209 0.00531641 0.00071404 -0.00329845
-0.104266 0.108839 0.369379 0.00566818 0.00081486 -0.00338483
-0.106744 0.290965 0.454392 0.00627863 0.00065907 -0.00337319
-0.110382 0.146659 0.433364 0.00632609 0.00071404 -0.00342441
-0.124681 0.168715 0.449053 0.00644394 0.00096918 -0.00375976
-0.117677 0.216716 0.420627 0.00590426 0.00071404 -0.00368914
-0.120722 0.108871 0.406116 0.00586418 0.00083241 -0.00375822
-0.122121 0.263897 0.462465 0.00628402 0.00071404 -0.0038741
-0.12339 0.105656 0.440392 0.00666286 0.00110035 -0.00366953
-0.120925 0.217525 0.453969 0.00644971 0.00089959 -0.00351113
-0.113157 0.110414 0.397546 0.00659452 0.00101223 -0.00365578
-0.112965 0.210022 0.466111 0.00661671 0.00106358 -0.00363427
-0.106061 0.159327 0.393505 0.00605159 0.00090231 -0.00340778
-0.121388 0.157105 0.424954 0.00634574 0.00120754 -0.00382105
-0.119793 0.200725 0.431309 0.00644261 0.00095558 -0.00386813
-0.110504 0.12658 0.398515 0.00698392 0.0024743 -0.00382033
-0.0950637 0.227837 0.425459 0.00614175 0.0012317 -0.00348761
-0.0905791 0.122188 0.364435 0.00589755 0.00189892 -0.00352832
-0.103205 0.217444 0.456899 0.00635277 0.00140458 -0.00352408
-0.100284 0.122221 0.407113 0.00619005 0.00133347 -0.00344165
-0.0948042 0.150134 0.394203 0.00647198 0.00209739 -0.00363381
-0.0980421 0.174306 0.41201 0.00600726 0.0012317 -0.00348447
-0.0920078 0.0922396 0.393257 0.00628432 0.00161292 -0.00356561
-0.098992 0.179696 0.408864 0.00645609 0.0012317 -0.00350937
-0.096706 0.13503 0.40397 0.00694997 0.00192151 -0.00374303
-0.101663 0.192483 0.396816 0.0070621 0.00180936 -0.00351957
-0.107856 0.146395 0.400716 0.00667378 0.00211254 -0.00377197
-0.0981289 0.203294 0.424805 0.00630697 0.00103984 -0.00340577
-0.0913207 0.114935 0.413928 0.0062851 0.00152241 -0.00351007
-0.0896707 0.237449 0.474759 0.00673028 0.00099317 -0.00312371
-0.0922538 0.0473739 0.422242 0.00675346 0.0014527 -0.00330117
-0.106782 0.21374 0.465544 0.00711773 0.00128847 -0.00338879
-0.0959385 0.110974 0.41965 0.00679977 0.00092832 -0.00335593
-0.101969 0.196974 0.432665 0.00699121 0.00137466 -0.0034463
-0.100927 0.157055 0.426835 0.00652156 0.00119467 -0.00347884
-0.10841 0.239689 0.457234 0.00671433 0.00136662 -0.0036431
-0.107947 0.17761 0.436462 0.00652156 0.00116872 -0.00342717
-0.117901 0.212804 0.4761 0.00691466 0.00156922 -0.00365133
-0.097075 0.143804 0.424189 0.00647732 0.00109774 -0.00335527
-0.0993489 0.217894 0.4425 0.00696649 0.00142738 -0.00352949
-0.0944077 0.210074 0.453169 0.00617057 0.00069527 -0.0031682
-0.0983842 0.0552549 0.391286 0.00673653 0.00159256 -0.0036912
-0.107593 0.271502 0.472504 0.00718558 0.00166573 -0.00341595
-0.0972312 0.100255 0.402794 0.00686523 0.00138559 -0.00351462
-0.113078 0.154417 0.397605 0.00675396 0.00179802 -0.00400602
-0.11162 0.160563 0.402626 0.00744942 0.00199475 -0.00398045
-0.113761 0.190916 0.417815 0.0063316 0.00180124 -0.00398074
-0.136817 0.204359 0.442089 0.00714566 0.00167686 -0.00401127
-0.132515 0.204443 0.430755 0.00689109 0.00173292 -0.00398529
-0.117585 0.190879 0.454761 0.00649571 0.00149147 -0.00374634
-0.116111 0.187559 0.431408 0.00721341 0.00151685 -0.0037976
-0.100063 0.242916 0.454723 0.00641365 0.0001933 -0.00332563
-0.102231 0.0593112 0.428496 0.00663854 0.00084959 -0.0033505
-0.104522 0.244006 0.480226 0.00675379 0.00061532 -0.0035179
-0.103077 0.164855 0.435253 0.00666713 0.0002512 -0.00337251
-0.112173 0.148672 0.4237 0.00672888 0.00081168 -0.00377612
-0.116997 0.288745 0.471544 0.00680767 0.0002512 -0.0037699
-0.121453 0.169722 0.393191 0.0074409 0.00101776 -0.00408556
-0.124705 0.302223 0.468797 0.00679457 0.00101776 -0.00396334
-0.123872 0.200095 0.453526 0.00692619 0.00203279 -0.00422528
-0.125601 0.269169 0.497993 0.00716114 0.00189728 -0.00422096
-0.126474 0.233904 0.45795 0.0074455 0.00114117 -0.00378884
-0.114659 0.127796 0.437019 0.00659264 0.00101776 -0.00393183
-0.124392 0.243204 0.4679 0.00660068 0.00057871 -0.00397593
-0.112719 0.0962495 0.408973 0.0070422 0.00121707 -0.00427226
-0.126503 0.235364 0.464001 0.00699396 0.00086994 -0.00413567
-0.110625 0.14881 0.36009 0.00738788 0.00174845 -0.00443446
-0.127055 0.264588 0.46051 0.00689494 0.00096164 -0.00419827
-0.13308 0.222132 0.416583 0.00622476 0.00120604 -0.0042458
-0.134375 0.267977 0.462607 0.00646278 0.00132331 -0.00443446
-0.140384 0.214962 0.419045 0.00689623 0.00122304 -0.00443446
-0.145793 0.228411 0.450208 0.00637458 0.00114382 -0.00443446
-0.127027 0.21917 0.444944 0.00658887 0.00057871 -0.0041271
-0.12848 0.236974 0.510697 0.00743955 0.00070714 -0.00421749
-0.123125 0.211776 0.480289 0.0065657 -6.366e-05 -0.00409654
-0.122223 0.106183 0.454895 0.00675835 0.00057871 -0.00412923
-0.12007 0.278673 0.473145 0.00706352 4.288e-05 -0.003886
-0.115485 0.106048 0.44889 0.00681584 0.00057871 -0.00397183
-0.12374 0.283814 0.502245 0.00721778 0.00052412 -0.00400433
-0.11493 0.167914 0.441906 0.00656445 0.00032316 -0.00378015
-0.125301 0.26946 0.489829 0.00683979 0.00042982 -0.00402288
-0.117123 0.260205 0.484508 0.00772136 0.00049498 -0.00392482
-0.118024 0.177828 0.499605 0.00736239 0.00081509 -0.00388857
-0.112024 0.272559 0.500318 0.0074776 0.00049498 -0.00376782
-0.108623 0.147955 0.475505 0.00726977 0.00073138 -0.00387235
-0.118573 0.282539 0.51805 0.00738495 0.00043359 -0.00403393
-0.114197 0.136731 0.448993 0.00730375 0.00055231 -0.00402919
-0.12901 0.265579 0.494301 0.00735483 0.00068573 -0.00415849
-0.111008 0.177957 0.440495 0.00730375 0.0007234 -0.00400558
-0.116101 0.229209 0.484172 0.00713518 0.001312 -0.00420109
-0.110689 0.221254 0.509642 0.00740441 0.00062563 -0.00376126
-0.10061 0.149773 0.453729 0.00744398 0.00104622 -0.00384777
-0.116501 0.286368 0.487317 0.00771884 0.0009565 -0.00382061
-0.0945071 0.152133 0.45689 0.00741301 0.00086405 -0.00377861
-0.0981868 0.2942 0.527375 0.00765985 0.00044253 -0.00348433
-0.0969634 0.140093 0.452795 0.00725179 0.00044253 -0.00363494
-0.111445 0.204621 0.483931 0.00716099 0.00058944 -0.00387323
-0.0975706 0.168702 0.453965 0.00716099 0.00060096 -0.00364364
-0.0871349 0.201465 0.457996 0.0073832 0.00083024 -0.00364319
-0.0786884 0.176824 0.409402 0.00723645 0.00019253 -0.00370539
-0.0830554 0.249143 0.456493 0.00716099 0.00044253 -0.00349116
-0.0922256 0.199446 0.430052 0.00724743 0.00098159 -0.00377784
-0.10881 0.276233 0.472496 0.00762301 0.00102808 -0.00386736
-0.114532 0.181832 0.444015 0.00716099 0.00136436 -0.00397298
-0.107738 0.273057 0.470948 0.00747687 0.0010543 -0.00368711
-0.0934419 0.149703 0.449953 0.00691738 0.00114461 -0.00357749
-0.0851164 0.301003 0.51759 0.00716099 0.0001088 -0.00339814
-0.0823724 0.184225 0.480235 0.00716099 -6.223e-05 -0.00313415
-0.0929288 0.157352 0.487541 0.00716099 0.00044254 -0.00338685
-0.0855511 0.258724 0.495103 0.0072962 0.00037506 -0.00338686
-0.0773481 0.139355 0.431486 0.00732712 0.00072191 -0.00338831
-0.0742124 0.279823 0.477833 0.00665964 0.00026489 -0.00319585
-0.0721195 0.151279 0.402086 0.007313 0.00120714 -0.00354346
-0.0927122 0.300301 0.478652 0.0068511 0.00081034 -0.00357836
-0.101487 0.201775 0.429537 0.00720326 0.00125391 -0.00382291
-0.0929567 0.234244 0.458748 0.00703036 0.0010758 -0.00368118
-0.0748563 0.272709 0.475804 0.00686783 7.776e-05 -0.00328252
-0.0879774 0.156873 0.475787 0.00771842 0.00062313 -0.00318223
-0.0652638 0.303191 0.519321 0.00725066 -1.284e-05 -0.00298567
-0.0707585 0.132413 0.490967 0.00758249 0.00026865 -0.00297323
-0.0801721 0.19761 0.481877 0.00769782 0.00054069 -0.00327171
-0.0757948 0.28273 0.51769 0.00767695 0.00020407 -0.00326854
-0.0791074 0.133232 0.465248 0.0076659 0.00079727 -0.00356049
-0.0777897 0.31514 0.500561 0.0072741 0.00065867 -0.00349112
-0.0871662 0.185172 0.45055 0.00752101 0.00073002 -0.0037673
-0.0915786 0.31563 0.508761 0.00739588 0.00113129 -0.00374076
-0.0974313 0.230369 0.466728 0.0073304 0.00078623 -0.00371899
-0.0987907 0.272546 0.493822 0.00739032 0.00103448 -0.00384088
-0.106846 0.226617 0.470921 0.00782975 0.0010532 -0.00392622
-0.108708 0.234149 0.489691 0.0077956 0.00137833 -0.00383504
-0.102565 0.290153 0.523285 0.00753152 0.00078242 -0.00376806
-0.0941044 0.118968 0.446707 0.00785364 0.00103448 -0.00381655
-0.099046 0.26584 0.510411 0.00704664 0.00103448 -0.00375945
-0.0977501 0.197091 0.470083 0.00738054 0.00055666 -0.00360077
-0.0944845 0.240456 0.477266 0.00732296 0.00076249 -0.00344929
-0.1142 0.289019 0.480596 0.0073566 0.00076371 -0.00373965
-0.114678 0.241414 0.471342 0.00707008 0.00094895 -0.00378063
-0.10079 0.339684 0.503097 0.00720758 0.00026311 -0.00363463
-0.0925288 0.209532 0.450514 0.00740676 0.00055666 -0.00363833
-0.0907984 0.23922 0.478597 0.00711424 0.00055666 -0.00358928
-0.0911637 0.296363 0.471851 0.00729909 0.00010906 -0.00350052
-0.095908 0.156913 0.418267 0.00710683 0.00017062 -0.00377502
-0.102017 0.330566 0.496534 0.00739498 0.00010906 -0.00352332
-0.099465 0.180305 0.439684 0.00724271 -0.00024022 -0.00355041
-0.110693 0.207861 0.452775 0.00683603 0.00010906 -0.00385421
-0.112468 0.294181 0.47068 0.00677737 0.00010906 -0.00383119
-0.117786 0.184881 0.40229 0.00699484 0.00116464 -0.00422559
-0.125916 0.331991 0.484495 0.00718826 0.00060429 -0.00405737
-0.127372 0.205274 0.42292 0.00693826 0.00116464 -0.00416335
-0.126189 0.318079 0.483982 0.00718826 0.000604 -0.00400916
-0.104206 0.430389 0.64354 0.00786004 0.00022189 -0.00383494
-0.0580367 0.45652 0.689652 0.00775364 -0.00063769 -0.00319678
-0.0263372 0.123162 0.513976 0.00601523 -0.00243743 -0.00122047
0.00209692 0.221024 0.470784 0.00419704 -0.00304291 0.00025846
0.0218575 0.181892 0.388039 0.00523114 -0.00254643 0.00030457
0.00870851 0.161742 0.310069 0.00556525 -0.00142184 -0.00122594
0.00704592 0.311907 0.307734 0.0056892 -0.00105473 -0.00192763
-0.00044339 0.378542 0.31718 0.00603375 -0.00105473 -0.00229921
-0.0123452 0.504525 0.413913 0.00690389 -0.00140132 -0.00242689
-0.00804775 0.320043 0.356765 0.00595646 -0.00105473 -0.00252315
-0.0354432 0.398754 0.450869 0.00675346 -0.00030265 -0.00289313
-0.0512959 0.331137 0.463278 0.00663362 -0.00028682 -0.002991
-0.0539848 0.263581 0.467777 0.00699051 -0.00011959 -0.00330017
-0.0641516 0.380642 0.569163 0.00736284 -0.00059913 -0.00324339
-0.057468 0.165067 0.469176 0.0076924 -0.00018127 -0.0031145
-0.0720889 0.308392 0.516565 0.00691513 0.00026486 -0.00348297
-0.0582744 0.238975 0.434092 0.00681742 -0.00028006 -0.00348298
-0.0754758 0.383349 0.509768 0.00748638 0.00020296 -0.00357758
-0.0614559 0.338418 0.436394 0.00704978 -1.794e-05 -0.00341217
-0.0688712 0.32507 0.391071 0.00735312 0.00033375 -0.00377824
-0.0723458 0.380885 0.396695 0.00649056 0.00024702 -0.00369091
-0.0832276 0.361258 0.381941 0.00663589 -1.078e-05 -0.00401388
-0.0832987 0.398608 0.446591 0.00666325 -0.00016783 -0.00377186
-0.0866803 0.286064 0.414025 0.00632301 0.00033375 -0.00373991
-0.0955946 0.335846 0.488056 0.00744628 0.00046573 -0.00381366
-0.0876345 0.325751 0.457058 0.00759482 -0.00010919 -0.00339471
-0.0831842 0.278185 0.464983 0.0063933 -7.89e-05 -0.00365754
-0.0740051 0.37167 0.484632 0.00679967 -0.00053128 -0.00330788
-0.0669214 0.217205 0.40154 0.00705431 -0.00044729 -0.00332053
-0.0619524 0.317114 0.433559 0.00698701 -0.00011712 -0.00329788
-0.0637716 0.319331 0.332773 0.00675135 -0.00059971 -0.00318936
-0.0644179 0.378555 0.402563 0.00670995 -0.0006216 -0.00313975
-0.0659559 0.33298 0.389348 0.00656531 -0.00067769 -0.00324638
-0.0691375 0.437655 0.456736 0.00691252 -0.00067769 -0.00329862
-0.0817785 0.374925 0.466402 0.0075531 -0.00067769 -0.00323988
-0.0706699 0.2555 0.403647 0.0064617 -0.00043119 -0.00342546
-0.0715278 0.36679 0.461403 0.0065854 -0.00073515 -0.00315955
-0.0795696 0.273479 0.412807 0.00665634 -0.00040932 -0.00337382
-0.0706085 0.356746 0.490388 0.00728844 -0.00067769 -0.00312898
-0.0696827 0.265206 0.412604 0.00624289 -0.00067769 -0.00318892
-0.0731584 0.326521 0.442299 0.00688814 -0.0003826 -0.00326732
-0.0805636 0.333698 0.397291 0.00671729 -0.00067769 -0.0033603
-0.0864269 0.31902 0.331974 0.00657806 -0.00025557 -0.00368542
-0.086496 0.403076 0.405553 0.00655728 -0.00087886 -0.00338435
-0.0823001 0.331209 0.388703 0.00638731 -0.00056906 -0.00347
-0.0985464 0.39802 0.420841 0.00654595 -0.00067769 -0.00366478
-0.0963175 0.342266 0.418969 0.00701271 -0.00058171 -0.00342688
-0.0823028 0.400797 0.437347 0.00629581 -0.00067769 -0.00328737
-0.0809864 0.290197 0.415239 0.00623445 -0.00067769 -0.00342566
-0.0742247 0.469329 0.545181 0.00731152 -0.00113546 -0.00350456
-0.0577066 0.332627 0.494542 0.00569164 -0.00183846 -0.00284652
-0.0544369 0.21518 0.386627 0.00572978 -0.0016004 -0.00256695
-0.0601198 0.215504 0.308497 0.00545978 -0.00072853 -0.00350832
-0.0620442 0.450733 0.410519 0.00654061 -0.00092509 -0.00368374
-0.0559362 0.389214 0.451434 0.00658344 -0.00116025 -0.00329083
-0.0651174 0.284282 0.40758 0.00651712 -0.00063394 -0.00384456
-0.0767195 0.502634 0.526438 0.0069485 -0.00092509 -0.00379213
-0.0729732 0.372099 0.483611 0.00674287 -0.00105902 -0.00354922
-0.0817044 0.299449 0.466505 0.00686876 -0.0006261 -0.00393831
-0.0819756 0.453379 0.540492 0.00736806 -0.00080785 -0.00376086
-0.0802586 0.284338 0.46093 0.00760083 -0.00084433 -0.00387352
-0.0818203 0.389121 0.524026 0.00703997 -0.00047988 -0.00387519
-0.0825143 0.360182 0.486262 0.006659 -0.00076675 -0.00377119
-0.0835848 0.298065 0.413239 0.00644732 -0.00044429 -0.00393753
-0.0804159 0.406629 0.43266 0.00666592 -0.00057014 -0.00391909
-0.0748575 0.349852 0.369179 0.00614052 -0.00036451 -0.00417286
-0.0754599 0.44526 0.462454 0.00674911 -0.00029282 -0.00408217
-0.072396 0.354824 0.426315 0.0065501 -0.00013836 -0.00417286
-0.0746717 0.408498 0.439148 0.00636284 1.89e-06 -0.00403017
-0.0788957 0.372999 0.44205 0.00656461 0.00043511 -0.00412085
-0.0795812 0.370478 0.479476 0.00741122 0.00018312 -0.00423867
-0.0707792 0.470337 0.560604 0.00749011 -0.00034673 -0.00382713
-0.0647986 0.343885 0.511024 0.00722252 -0.00025737 -0.00353557
-0.0730623 0.328467 0.440285 0.00722252 -0.00026836 -0.00382713
-0.0804507 0.428362 0.526922 0.00756053 -0.00030049 -0.00382713
-0.0913987 0.298755 0.413986 0.00690904 -3.39e-06 -0.00420519
-0.0976925 0.444247 0.490953 0.00691375 -5.608e-05 -0.00413128
-0.0876867 0.37284 0.465782 0.00655985 -4.979e-05 -0.00396677
-0.0969558 0.381934 0.50531 0.00757588 0.00027901 -0.00420675
-0.0897088 0.481669 0.52182 0.00696846 -0.0001017 -0.00398075
-0.0889624 0.346929 0.473469 0.00679618 2.507e-05 -0.00386311
-0.0875958 0.491211 0.52297 0.00754096 -0.00041365 -0.00371328
-0.084945 0.314264 0.461722 0.00663599 -0.00059107 -0.00376326
-0.0870663 0.34093 0.466071 0.00675411 -5.356e-05 -0.00389825
-0.0908458 0.3486 0.43431 0.00660996 -0.00046478 -0.00380975
-0.0939442 0.328251 0.359182 0.00613065 3.437e-05 -0.00397161
-0.0784791 0.389562 0.332445 0.00532934 -0.00081598 -0.00373823
-0.0592337 0.382498 0.323573 0.00449471 -0.00099134 -0.0032776
-0.0650399 0.530739 0.453256 0.00612427 -0.00163262 -0.00336782
-0.0687184 0.349005 0.442407 0.0063284 -0.00132437 -0.00324164
-0.071223 0.385626 0.441402 0.00667395 -0.00110077 -0.00361655
-0.0665685 0.416439 0.442527 0.00624522 -0.00140336 -0.0033385
-0.055394 0.290346 0.386193 0.00561354 -0.00078543 -0.003068
-0.064091 0.519363 0.486567 0.00610502 -0.00082329 -0.00348485
-0.0551042 0.325807 0.406446 0.00631497 -0.00073074 -0.00306604
-0.0664268 0.353983 0.40334 0.0058624 -0.00033497 -0.00349156
-0.0660097 0.444644 0.416535 0.00551968 -0.00107535 -0.00340424
-0.0703085 0.346092 0.383872 0.0059069 -0.00067057 -0.00357424
-0.0769455 0.477015 0.436879 0.00704421 -0.00073096 -0.00382288
-0.0795074 0.357806 0.377013 0.00642869 -0.0003309 -0.00394597
-0.0718378 0.444067 0.437338 0.0069206 -0.00037573 -0.00378215
-0.0741869 0.379252 0.398373 0.00642869 -4.187e-05 -0.00372024
-0.0714935 0.414818 0.442091 0.00629184 -0.00013692 -0.00349401
-0.0803219 0.378105 0.437831 0.00617107 -0.00047445 -0.00377955
-0.0874162 0.408168 0.472629 0.00699923 -0.00056708 -0.00393652
-0.0844593 0.349874 0.41539 0.00646499 -0.00056708 -0.00378184
-0.0803878 0.376736 0.414504 0.00681204 -0.00056708 -0.00376775
-0.0763487 0.386681 0.393228 0.00613124 -0.00071386 -0.00360658
-0.0804925 0.333628 0.299006 0.00520351 -0.00023273 -0.00397829
-0.0845981 0.481862 0.396595 0.00542882 -0.00070947 -0.00383984
-0.085065 0.363623 0.383581 0.00572204 -0.00056708 -0.00380188
-0.0793806 0.50991 0.474072 0.00626259 -0.00094233 -0.00380008
-0.0304206 0.671502 0.707492 0.00774411 -0.00026696 -0.00345145
0.013437 0.383722 0.686151 0.00570128 0.00128188 -0.00257822
0.0546755 0.267298 0.595942 0.00610499 0.00180064 -0.00164676
0.0460515 0.168233 0.464782 0.00671801 0.0005514 -0.00174829
0.0404182 0.27457 0.484714 0.00702195 0.00040659 -0.00205338
0.00961838 0.510776 0.520908 0.00774807 1.836e-05 -0.00272957
0.0083211 0.452124 0.477975 0.00773036 1.836e-05 -0.00301817
-0.0127311 0.560752 0.52084 0.00807396 0.00042914 -0.00341518
-0.013493 0.629325 0.530721 0.00810513 3.672e-05 -0.00342547
-0.0109447 0.43987 0.484147 0.00817344 0.00023205 -0.00349071
-0.0321936 0.511426 0.568795 0.00800691 0.00076621 -0.00358718
-0.0417071 0.43645 0.555359 0.00795695 0.00042914 -0.00358728
-0.0407266 0.298407 0.545981 0.0078809 0.00072522 -0.00379856
-0.0579459 0.435449 0.633537 0.00840692 0.00071002 -0.0037577
-0.0601184 0.26192 0.564825 0.00802953 0.0013652 -0.00405606
-0.0634597 0.357159 0.561311 0.0083974 0.00162872 -0.00418689
-0.060096 0.433267 0.579057 0.00830107 0.00130391 -0.00411594
-0.0587486 0.438046 0.558718 0.00842554 0.00145149 -0.00421577
-0.0568445 0.544286 0.592999 0.00820115 0.0012855 -0.00408388
-0.0555472 0.431285 0.534737 0.00861665 0.00225788 -0.00446357
-0.0687849 0.536799 0.590735 0.00839522 0.00203895 -0.00445815
-0.0667214 0.396729 0.52239 0.00865559 0.00262893 -0.00463893
-0.0581221 0.404909 0.57194 0.00839716 0.00253945 -0.00436563
-0.046451 0.342047 0.54755 0.00833167 0.00244224 -0.00416814
-0.0452014 0.359553 0.571896 0.00876318 0.00242617 -0.00397735
-0.0462455 0.304598 0.52369 0.00858735 0.00220607 -0.00422957
-0.0564403 0.361754 0.542681 0.00850073 0.00220311 -0.00436123
-0.062797 0.383779 0.487849 0.0083556 0.00243118 -0.00474382
-0.0673603 0.462061 0.527455 0.0083556 0.0017895 -0.00428815
-0.0507444 0.459596 0.560526 0.00816042 0.00116488 -0.00378695
-0.0567681 0.398245 0.516079 0.0083556 0.00176746 -0.0039972
-0.0604069 0.478778 0.567509 0.00850462 0.00146334 -0.00381605
-0.0822024 0.417296 0.546153 0.00820214 0.00183559 -0.003969
-0.0715066 0.461128 0.598194 0.00877988 0.00137907 -0.00383463
-0.063689 0.332027 0.535055 0.00840025 0.0022254 -0.00406387
-0.0734002 0.478239 0.59059 0.00858631 0.00147932 -0.00380474
-0.0750143 0.306457 0.524842 0.00822674 0.00226326 -0.0041224
-0.0900098 0.428709 0.55733 0.00853224 0.0020178 -0.00414194
-0.0901374 0.376532 0.479742 0.00836621 0.00230612 -0.00426352
-0.0747112 0.455235 0.543277 0.00804249 0.00129152 -0.00377481
-0.0583756 0.42987 0.559365 0.00825867 0.00112539 -0.00348356
-0.0662069 0.492161 0.620055 0.00860183 0.00158176 -0.00369528
-0.0684986 0.496984 0.630888 0.00851435 0.00084293 -0.00355216
-0.0625729 0.354495 0.581142 0.00861549 0.0015808 -0.00378998
-0.0676088 0.520214 0.64629 0.00872401 0.00130972 -0.00388134
-0.063414 0.425035 0.610439 0.00894807 0.00106552 -0.00375821
-0.0619632 0.387034 0.599188 0.00884401 0.00190827 -0.00391455
-0.0624957 0.541806 0.649599 0.00889205 0.00137062 -0.00369095
-0.0674531 0.348553 0.595376 0.00858791 0.00209879 -0.0040521
-0.0783236 0.510473 0.643257 0.00896282 0.00186586 -0.00407334
-0.0739612 0.440206 0.595503 0.00896909 0.0015229 -0.0042566
-0.0748942 0.401401 0.579712 0.00850646 0.00249626 -0.00458556
-0.0837535 0.556301 0.63583 0.008775 0.00178292 -0.00455218
-0.0785717 0.382734 0.566098 0.00880413 0.00200053 -0.00462255
-0.079527 0.478988 0.597338 0.00885534 0.00226434 -0.0046128
-0.0807735 0.414603 0.557935 0.00908209 0.00263371 -0.00471443
-0.0792271 0.479714 0.601807 0.00826588 0.00245947 -0.00462151
-0.0742622 0.379525 0.550601 0.008469 0.00200109 -0.00473624
-0.0825539 0.493821 0.61987 0.00851588 0.00186043 -0.00453636
-0.0810523 0.384239 0.525962 0.00847408 0.00206605 -0.00464086
-0.0773782 0.44777 0.517007 0.00821542 0.00225561 -0.00440855
-0.0747903 0.471619 0.576477 0.00824369 0.00164379 -0.00422349
-0.0805056 0.457183 0.52367 0.00840766 0.0018449 -0.00429048
-0.0729362 0.494492 0.578602 0.00869836 0.00185213 -0.00413718
-0.0774083 0.442555 0.544976 0.00863329 0.00231769 -0.00434279
-0.0746658 0.550717 0.594504 0.00898332 0.00145942 -0.00413187
-0.0691114 0.392047 0.516167 0.00832995 0.00178602 -0.00408215
-0.0791098 0.440942 0.55591 0.00826303 0.00161754 -0.00432662
-0.0806581 0.431638 0.500551 0.00820744 0.00172521 -0.00444872
-0.0756489 0.487281 0.566107 0.00814971 0.00141358 -0.00424777
-0.0857845 0.421191 0.545637 0.00812109 0.00141358 -0.00423005
-0.0893396 0.448001 0.573888 0.008537 0.00157678 -0.00444924
-0.0860392 0.544758 0.593717 0.00805271 0.00096548 -0.00430766
-0.0639728 0.371975 0.521405 0.00834535 0.00135688 -0.00423226
-0.0850823 0.547659 0.591206 0.00846034 0.00125073 -0.00451825
-0.0731742 0.450952 0.549886 0.00851902 0.00101415 -0.00422616
-0.0709331 0.420197 0.54914 0.00808072 0.00116118 -0.00449526
-0.0780939 0.518324 0.569619 0.00826687 0.00166359 -0.0044099
-0.0681735 0.386318 0.570541 0.00834535 0.00089037 -0.00447253
-0.0725984 0.530411 0.601113 0.00776164 0.00115593 -0.00459276
-0.0666684 0.406053 0.539516 0.00743559 0.00176455 -0.00447383
-0.0570513 0.430279 0.581746 0.00835326 0.00169746 -0.00420195
-0.0430238 0.377918 0.540486 0.00828912 0.00309709 -0.00455148
-0.0426168 0.417804 0.472662 0.00836608 0.00394708 -0.00478975
-0.0574839 0.52325 0.576794 0.00845669 0.00345111 -0.00463428
-0.0380174 0.430406 0.546496 0.00817399 0.00309253 -0.00398438
-0.0478886 0.39012 0.533309 0.00864443 0.00440241 -0.00446613
-0.0464985 0.520363 0.6232 0.00802848 0.00313053 -0.00404678
