0.0541076 0.160876 0.0943684 0.00115299 0.00040129 0.00066764
0.0233189 0.22921 0.0977551 0.00170998 0.00025 0.00097516
0.00390254 0.157226 0.083226 0.00276219 -3.77e-06 0.00083451
0.00996792 0.101548 0.104319 0.00190627 0.00011194 0.00072553
0.0103351 0.27802 0.126856 0.00130138 0.00022863 0.00095849
0.00712189 0.187266 0.152276 0.00103955 0.00036349 0.00116431
-0.00028284 0.121333 0.14927 0.00216455 0.00040244 0.00088098
0.0113567 0.146429 0.157355 0.00185116 0.00046448 0.00109733
0.00690226 0.176229 0.15665 0.00225818 6.934e-05 0.00112824
0.00664342 0.146353 0.152367 0.00204703 0.00020792 0.00116451
0.00610491 0.132952 0.163464 0.00182786 0.00010569 0.0011709
0.0027221 0.035472 0.216202 0.00115156 0.00063582 0.0009414
0.0103702 0.212646 0.168594 0.00213867 -8.809e-05 0.00117998
-0.00550932 0.0467704 0.291891 0.00115156 0.00040367 0.00079953
0.00638109 0.192977 0.172426 0.00189699 9.662e-05 0.00125872
0.0217949 0.421544 0.133383 0.00365826 3.218e-05 0.00155527
0.0286382 0.301765 0.175651 0.00301759 0.00076047 0.002
0.0197173 0.223472 0.191857 0.00310123 0.00013122 0.00159722
0.02413 0.15063 0.151222 0.00319393 0.0002222 0.00152611
0.00619232 0.175826 0.0484077 0.00529593 -8.809e-05 0.00116735
0.0195279 0.101626 0.169527 0.00257198 0.00045791 0.00152143
0.016685 0.0778727 0.0992893 0.00386969 6.35e-05 0.00120087
0.0245057 0.230927 0.150566 0.00221199 0.00021664 0.0015664
0.0243195 0.282225 0.157059 0.00233537 0.00013655 0.00152638
0.0211914 0.244615 0.185559 0.00283283 -8.809e-05 0.00156654
0.0234813 0.181789 0.195618 0.00292933 0.00024452 0.00113315
0.0238707 0.201512 0.168372 0.00272316 0.00033706 0.00122982
0.0281911 0.364083 0.0133266 0.00595906 -0.00058697 0.00127022
0.0439173 0.220412 0.158592 0.00316885 0.00021987 0.00115435
0.0442627 0.212059 0.0563696 0.00382549 0.0003743 0.00108433
0.0114053 0.134953 0.126587 0.00141749 0.00080299 0.00088913
0.0104392 0.136889 0.104519 0.00155035 0.00019555 0.00116176
-0.00815752 0.144902 0.147896 0.00242421 0.00026113 0.00091101
0.0035338 0.178415 0.0922446 0.00285902 -0.00011436 0.00097308
0.0274003 0.0572758 0.112734 0.00156894 0.00034072 0.00122207
-0.0126226 0.149194 0.149687 0.00183227 0.00031451 0.00101105
0.0796318 0.259933 -0.00156052 0.00888221 -0.00056966 0.00178258
0.100173 0.292789 0.0400589 0.00677724 -0.00010968 0.00132518
0.103734 0.300547 -0.112267 0.00824421 0.00046481 0.00149971
0.0696238 0.168383 0.165864 0.00310933 0.00105158 0.00107454
0.0640244 0.287071 0.11029 0.00473322 0.00102238 0.00141527
0.0798108 0.114042 -0.0127799 0.00480206 0.00079088 0.00102555
0.039062 0.107522 0.150389 0.00214733 0.00062416 0.00064948
0.0471153 0.173391 0.106563 0.00355101 0.00069889 0.0009743
0.0630223 0.216797 0.0652922 0.00476389 0.00101723 0.00141259
0.0532128 0.214832 0.0921662 0.00405635 0.00078869 0.00132013
0.0753793 0.0832507 0.0447163 0.00371466 0.00124471 0.00158462
0.0416258 0.0961503 0.123009 0.00239449 0.00116696 0.00142395
0.0516086 0.25105 0.106082 0.00357323 0.00049378 0.0013389
0.0486858 0.127268 0.00704765 0.00459728 0.00084129 0.00127393
0.0487161 0.226362 0.0555893 0.00473471 0.00029144 0.00130203
0.0452584 0.188172 0.12757 0.00373662 0.00034976 0.00099795
0.0569689 0.0799559 0.0643658 0.00414886 0.00107488 0.00127875
0.0375365 0.186662 0.175492 0.00264253 0.00057971 0.00120556
0.0305544 0.172682 0.20301 0.00348631 0.00046661 0.00089492
0.0319362 0.183382 0.183305 0.00286649 0.00040083 0.00089888
0.0431426 0.205979 0.0128359 0.00642588 0.00049686 0.00130985
0.0254614 0.112762 0.157132 0.00432634 0.00040083 0.00114178
0.0292355 0.185967 0.218679 0.00354646 0.00063856 0.00116785
0.0322181 0.10804 0.184835 0.00437402 0.00050533 0.00123094
0.0215545 0.141107 0.130921 0.00482479 0.0010128 0.0012835
0.0084564 0.107528 0.23605 0.0028723 0.00110798 0.00125099
0.0245417 0.14576 0.229875 0.00372436 0.00044156 0.00155075
0.0216422 0.185976 0.238443 0.00391726 0.00062898 0.00141259
0.0268616 0.200072 0.249896 0.00391082 0.000544 0.00141259
0.00666073 0.226649 0.144741 0.00523515 0.00083416 0.00141259
-0.0265177 0.12588 0.200183 0.00267208 0.00040083 0.00105353
-0.00185304 0.0896888 0.21029 0.00324922 0.00015003 0.0011877
0.00555133 0.16431 0.200804 0.00313736 0.00018662 0.00098957
-0.033076 0.077668 0.14166 0.00321853 -7.025e-05 0.00153751
-0.0234389 0.104962 0.190165 0.00210308 -0.00037497 0.00146345
-0.0252322 0.169624 0.170265 0.00238625 -0.0002481 0.00113325
-0.0165488 0.176957 0.161722 0.00233556 0.00022425 0.00161959
-0.0175936 0.0996338 0.191368 0.00250337 0.00022429 0.00179976
-0.0132348 0.182461 0.201041 0.00224307 0.00097562 0.00166346
-0.022941 0.094349 0.240925 0.00114343 0.00105139 0.00163453
-0.0123317 0.139142 0.197004 0.00295156 0.00013668 0.00146882
-0.00650468 0.0480555 0.165561 0.00327377 0.0010032 0.00169265
-0.02859 0.148548 0.234501 0.0018206 0.00084461 0.00123856
-0.0268078 0.188499 0.169086 0.00247581 0.0001163 0.00134168
-0.0240433 0.109919 0.186986 0.00245034 0.0001962 0.00132647
-0.024017 0.22014 0.223087 0.00337985 0.00026557 0.00126004
-0.00644491 0.216 0.199863 0.00291213 0.00032929 0.00149843
-0.0449644 0.143593 0.260475 0.00166258 0.00110013 0.0010328
-0.0395183 0.158164 0.212557 0.00303729 0.00035802 0.0008009
-0.0293354 0.187474 0.217752 0.00322851 0.00019133 0.00081125
-0.0310604 0.172102 0.193657 0.00322851 -2.154e-05 0.00067897
0.00074818 0.12746 0.173227 0.00249356 0.00017972 0.0010176
0.0011795 0.129482 0.18426 0.00269619 0.00020579 0.0008338
0.00532151 0.149301 0.179266 0.00266273 7.711e-05 0.00052631
0.00079689 0.260965 0.176845 0.00271683 -0.00014505 0.00118692
0.0209549 0.178857 0.115626 0.00359129 0.00039575 0.00085795
-0.0188234 0.0962338 0.16298 0.00249881 -4.233e-05 0.00083431
-0.012776 0.294035 0.200051 0.00328401 0.000193 0.00104569
-0.00933155 0.20267 0.175411 0.00271248 0.00017067 0.00105918
-0.00683211 0.16637 0.190932 0.00301189 0.00017331 0.00063179
0.00400875 0.202297 0.164555 0.0031886 0.00058349 0.00083949
-0.0228376 0.150773 0.185013 0.00317063 0.00031282 0.00071266
-0.0162008 0.13485 0.197512 0.00287149 5.423e-05 0.00077156
-0.00507381 0.233177 0.190611 0.00297381 -2.35e-05 0.00107662
0.00626513 0.190782 0.139953 0.00284156 0.00092694 0.00092063
-0.0122086 0.206512 0.168912 0.00384944 0.0005736 0.00069943
-0.00696709 0.175065 0.187809 0.00313861 0.0004238 0.00067025
0.00399543 0.239555 0.091088 0.00487239 0.00126647 0.00050357
-0.00076598 0.180216 0.199634 0.00264509 0.00100102 0.00087304
0.00136912 0.224371 0.152782 0.00399878 0.0003384 0.00059171
-0.00818345 0.192731 0.179297 0.00290364 0.00050097 0.00060406
-0.0144303 0.296307 0.206192 0.00345319 0.00030034 0.0008305
0.00955625 0.125016 0.151084 0.00265744 0.00084254 0.00080524
-0.0408457 0.0794633 0.22272 0.00225786 0.00123133 0.0006511
-0.0299386 0.257082 0.191617 0.00265804 0.00054704 0.00089813
-0.00993325 0.185339 0.143502 0.00391167 0.00242654 0.00097454
-0.0203149 0.124422 0.241667 0.00332739 0.00170273 0.00157861
-0.0158331 0.278759 0.224952 0.00390262 0.00111137 0.00145884
-0.0260403 0.187009 0.169746 0.0039491 0.00207445 0.0010268
-0.0461323 0.112314 0.22391 0.00336678 0.00107235 0.00106867
-0.0760087 0.295251 0.198596 0.00342285 0.00111683 0.00126574
-0.0613772 0.257062 0.236981 0.0036152 0.00043619 0.00140607
-0.0591687 0.0577165 0.204848 0.0039049 0.00209826 0.00125342
-0.0660083 0.0791185 0.301063 0.002964 0.00173684 0.00106303
-0.067172 0.300617 0.190751 0.00500908 0.00041193 0.00071746
-0.056496 0.220974 0.257346 0.00429949 0.00105483 0.0011039
-0.0117813 0.184688 0.166595 0.00374272 0.00153053 0.00126041
-0.0277776 0.220899 0.225208 0.00347437 0.00071142 0.00114781
-0.0275534 0.214469 0.224886 0.00372519 0.00087995 0.00120128
-0.0335958 0.190372 0.252943 0.0039824 0.00071453 0.00114345
-0.0268001 0.284405 0.244135 0.00383432 0.0006976 0.00156056
-0.0385442 0.116161 0.196709 0.00356117 0.00142869 0.00147698
-0.0431806 0.225724 0.226637 0.00316802 0.00062995 0.00132828
-0.0614371 0.188603 0.236315 0.00331005 0.00099725 0.00109048
-0.0583007 0.205654 0.213857 0.00297778 0.00104731 0.00137966
0.00019043 0.215075 0.163811 0.00323899 0.00200245 0.00137506
0.00045614 0.152617 0.24618 0.00336069 0.00131913 0.00139667
-0.0176215 0.255782 0.205977 0.00336069 0.00122547 0.00142678
-0.0383989 0.219652 0.216657 0.00336069 0.0004589 0.00121366
-0.0330108 0.174603 0.23235 0.00344795 0.00062995 0.00108211
-0.0288249 0.153895 0.167531 0.0032148 0.00145348 0.0011589
-0.0520526 0.205989 0.224924 0.00336069 0.00128076 0.00110727
-0.0469881 0.218103 0.237903 0.00336069 0.00115874 0.00116235
-0.0424379 0.145421 0.236858 0.00323438 0.00130432 0.00106961
-0.0500088 0.152524 0.258074 0.00245503 0.00160777 0.00094807
-0.0333298 0.198059 0.258023 0.00285475 0.00132715 0.00122803
-0.033716 0.0872351 0.190961 0.00423287 0.00223403 0.00161932
-0.0507134 0.173891 0.259305 0.00242134 0.00245295 0.0010188
-0.030612 0.226502 0.233989 0.00287872 0.00139849 0.00132331
-0.0337581 0.177121 0.245472 0.00284223 0.00136421 0.00129845
-0.0308271 0.290314 0.208657 0.00272846 0.00073539 0.00162888
-0.0330249 0.174224 0.178859 0.00398647 0.00173977 0.00127289
-0.044983 0.086606 0.314607 0.00194601 0.00183705 0.00131583
-0.0351876 0.303018 0.229707 0.00307455 0.00087995 0.00172898
-0.0448684 0.204448 0.28824 0.0030677 0.0013661 0.00146881
-0.0342257 0.167502 0.19306 0.00307337 0.00177728 0.00126179
-0.0251421 0.202959 0.255315 0.00232598 0.00211643 0.00141284
0.00682652 0.209196 0.244691 0.00415502 0.00087995 0.00131447
-0.0120268 0.179489 0.201464 0.003963 0.00143255 0.00126516
-0.0306198 0.251783 0.258876 0.00364251 0.00108864 0.00136845
-0.0343298 0.255223 0.244407 0.00385095 0.00070531 0.00148476
-0.037342 0.210297 0.284196 0.00420455 0.00093809 0.00134183
-0.0310969 0.297866 0.227687 0.00418335 0.00147981 0.00156169
-0.0307631 0.228689 0.238032 0.00308353 0.00107603 0.00149727
-0.0365366 0.240779 0.261636 0.00423035 0.00087995 0.00126996
-0.0317743 0.269657 0.261829 0.00372756 0.00074693 0.00163407
-0.0320387 0.334894 0.263481 0.00415955 0.00064558 0.00174665
-0.0275837 0.261282 0.130769 0.00533883 0.00212258 0.00115031
-0.0167492 0.151818 0.243225 0.00459847 0.00101934 0.00136932
-0.0137731 0.317224 0.237197 0.00445117 0.00120057 0.0015839
-0.0249077 0.223516 0.288309 0.00493792 0.00087995 0.00152449
-0.0144102 0.218073 0.226338 0.00419878 0.00147475 0.00116118
-0.0389458 0.253037 0.237854 0.00350134 0.00096823 0.00137504
-0.0332447 0.256431 0.236704 0.00428835 0.00053208 0.00144554
-0.0325066 0.260665 0.226643 0.00388781 0.00087995 0.00177344
-0.0329664 0.337321 0.213754 0.0036693 0.00078192 0.00174777
-0.0396313 0.206509 0.226124 0.00390876 0.00064243 0.00111823
-0.0104722 0.149473 0.212697 0.00333982 0.00033293 0.00116201
0.0114362 0.377872 0.0951317 0.0057109 0.00093131 0.00169521
-0.00544509 0.507905 0.160443 0.00459151 0.00160728 0.00217349
-0.0149411 0.403508 0.108185 0.00527837 0.00145154 0.00229894
-0.0360902 0.254434 0.208321 0.00366648 0.00071251 0.00160183
-0.0225679 0.206358 0.215329 0.00389847 0.00130005 0.00175888
-0.0255986 0.103124 0.227783 0.00359578 0.00062191 0.00196963
-0.0161977 0.194474 0.219081 0.00327636 0.00068259 0.00186176
-0.0166515 0.250616 0.215145 0.00381477 0.00105007 0.00224706
-0.0236073 0.245268 0.220242 0.00389116 0.00119314 0.0022136
-0.0182095 0.281466 0.231845 0.00446807 0.00117766 0.00234082
-0.0237115 0.293844 0.239213 0.00426371 0.00101617 0.00233423
-0.029112 0.26239 0.280414 0.0036799 0.0011145 0.00253299
-0.0148069 0.415814 0.261437 0.00356224 0.001211 0.00275727
-0.0217894 0.413201 0.242871 0.00373965 0.00102304 0.00275727
-0.0269482 0.319762 0.257227 0.00351101 0.00086438 0.00263583
-0.0281719 0.243191 0.291862 0.00403021 0.00105479 0.00184696
-0.0395967 0.339014 0.264369 0.00430636 0.00081294 0.00233185
-0.0284682 0.152097 0.205393 0.00305558 0.00025018 0.00190135
-0.0126971 0.372881 0.177527 0.00466709 0.00063632 0.00260445
-0.0277158 0.316878 0.223369 0.00414116 0.00025018 0.00219188
-0.0328341 0.18365 0.271807 0.0046571 0.00025018 0.002302
-0.0106351 0.288565 0.0900997 0.00660517 0.00113155 0.00226605
-0.0428403 0.196356 0.186203 0.004819 0.00050637 0.00216729
-0.0427817 0.122008 0.248404 0.00429157 0.00025018 0.00185938
-0.0311529 0.273941 0.225632 0.00396622 0.00014805 0.00194516
-0.0122618 0.220368 0.173117 0.00473455 0.00119605 0.00194127
-0.0325142 0.206323 0.256628 0.00423829 0.00050082 0.00190539
-0.0260329 0.254062 0.236081 0.00426055 0.00085042 0.00175281
-0.0233549 0.138183 0.231592 0.00350771 0.00082925 0.00178851
-0.051317 0.16641 0.248931 0.00322849 0.0013432 0.00150716
-0.0239396 0.32214 0.217241 0.00359211 0.00115477 0.00172601
0.00604319 0.218244 0.140721 0.00518408 0.00188943 0.00189522
-0.00734351 0.172709 0.205927 0.00361033 0.00083976 0.00189536
-0.00264785 0.292271 0.226791 0.00391099 0.00090983 0.00207481
-0.00061175 0.235129 0.23111 0.00480171 0.00090983 0.00191951
0.00572395 0.127284 0.186261 0.00382457 0.00135881 0.00192933
-0.0216741 -0.0159821 0.309083 0.00433719 0.00090983 0.00199608
-0.0666831 0.200645 0.338697 0.00311232 0.00157493 0.00126358
-0.00120879 0.517696 0.300638 0.00424508 0.0010753 0.00179369
0.00456157 0.47549 0.273614 0.00366518 0.00150771 0.00184805
-0.0106945 0.389503 0.223612 0.00448702 0.00186011 0.00184805
-0.0237268 0.239969 0.253728 0.00310109 0.00156354 0.00164196
-0.0002004 0.284179 0.121194 0.00608832 0.00083355 0.00155258
0.00108263 0.112071 0.232909 0.00397513 0.0007582 0.00178603
-0.00145622 0.0002774 0.24668 0.00391483 0.00143749 0.00192502
-0.0410632 0.0847211 0.274142 0.00301129 0.00151529 0.00184805
-0.0299795 0.17187 0.237635 0.00360959 0.00060536 0.00184805
-0.0270224 0.203818 0.279851 0.00427544 0.00037047 0.00178455
-0.0188063 0.320887 0.284588 0.00430536 0.00033125 0.00203785
-0.00665531 0.327459 0.202335 0.00623388 0.0019088 0.00221935
-0.0242814 0.31806 0.298077 0.0040511 0.00118609 0.0020376
-0.0298956 0.38635 0.287993 0.00487638 0.00094911 0.00222789
-0.0418744 0.242498 0.305935 0.00453404 0.0008501 0.00143911
-0.03008 0.309634 0.265058 0.00381532 0.00067713 0.0020618
0.00258133 0.204404 0.170394 0.0053374 0.00120321 0.0020144
-0.0201016 0.189561 0.251963 0.00549221 0.00125871 0.00218903
-0.0180752 0.313153 0.223341 0.00705463 0.00067713 0.00218087
-0.0227699 0.172881 0.19127 0.00573115 0.00107298 0.00186887
-0.0441269 0.190925 0.263382 0.00447093 0.00076041 0.00185404
-0.0359911 0.292917 0.250375 0.00477866 0.00050287 0.00176679
-0.0333772 0.23228 0.166401 0.00504298 0.00096167 0.00194153
-0.0422714 0.221725 0.231326 0.00387836 0.00067713 0.00158175
-0.0370186 0.327018 0.265828 0.00408411 0.00067713 0.00193034
-0.0346984 0.268436 0.253596 0.00390444 0.00042713 0.00172087
-0.0484084 0.165984 0.203477 0.00349596 0.00130961 0.00147473
-0.0467459 0.153473 0.257919 0.0032491 0.00115605 0.00162566
-0.0203586 0.241072 0.242843 0.00337317 0.00074002 0.00153231
-0.0293992 0.148637 0.265166 0.00352492 0.00117318 0.00157461
-0.0234906 0.261789 0.262234 0.00389117 0.00067713 0.00170672
-0.0105046 0.253663 0.158213 0.00477913 0.00156276 0.00180547
-0.0583861 0.151184 0.228838 0.00347021 0.00067713 0.00159897
-0.0411001 0.359134 0.220191 0.00475851 0.00067713 0.00172152
-0.0502329 0.235731 0.262553 0.00417577 0.00067713 0.00150059
-0.0419058 0.280108 0.253943 0.00392441 0.0005202 0.00173109
-0.0202354 0.275798 0.199864 0.00379151 0.00137834 0.00167396
-0.0485522 0.13476 0.222892 0.00313036 0.00064545 0.00150455
-0.0375176 0.289693 0.271079 0.00430022 0.00069383 0.00169008
0.00431659 0.251449 0.104845 0.00545715 0.0021185 0.00176897
0.00359629 0.147303 0.25067 0.0040152 0.00110781 0.00188346
0.00653952 0.335349 0.190479 0.00673687 0.00136823 0.00164703
0.0042091 0.332812 0.241175 0.00558503 0.00156704 0.00195009
0.00644354 0.257128 0.255394 0.00582154 0.00144424 0.00186692
-0.00018376 0.294067 0.20278 0.00534582 0.00218573 0.00142117
-0.0145323 0.268552 0.254013 0.00514917 0.00220093 0.00159982
-0.0039171 0.318961 0.200699 0.00615118 0.00085368 0.00151133
-0.00674343 0.331185 0.273621 0.005545 0.00096994 0.00163983
-0.0175748 0.244463 0.182073 0.00489793 0.0020829 0.00122866
-0.0196319 0.278748 0.264542 0.0037151 0.00145135 0.00130343
-0.0128636 0.307115 0.224927 0.00550591 0.00164949 0.00139917
-0.0156517 0.194557 0.195287 0.00436053 0.00224482 0.00136753
-0.00887969 0.222106 0.224123 0.00462764 0.00116911 0.00166003
-0.0243422 0.170276 0.278874 0.00470394 0.00091911 0.00173245
-0.014685 0.258487 0.260433 0.0047694 0.00117093 0.00139846
-0.0666642 0.189232 0.148774 0.00458168 0.00349733 0.00047372
-0.0707712 0.216732 0.216729 0.00477318 0.0031584 0.00052397
-0.055174 0.325894 0.237704 0.00473233 0.00308521 0.00120289
-0.0608475 0.284689 0.263395 0.0053016 0.00228113 0.00087247
-0.0628321 0.299081 0.283067 0.00568697 0.00236136 0.00109008
-0.0696837 0.267216 0.219415 0.00505773 0.002542 0.00075272
-0.0852757 0.194858 0.243128 0.00367168 0.00180512 0.00086675
-0.0573697 0.237837 0.130917 0.00464429 0.0024504 0.00030327
-0.0413239 0.107069 0.270975 0.00401352 0.00180512 0.00113074
-0.052624 0.180993 0.220446 0.00485045 0.00321635 0.0013479
-0.102293 0.232561 0.304958 0.00393173 0.00339687 0.00096134
-0.0740545 0.382746 0.239672 0.00756621 0.00428133 0.00101391
-0.0527778 0.236277 0.21277 0.00471733 0.00383511 0.00135046
-0.0435753 0.328995 0.21775 0.00564793 0.0027266 0.00133099
-0.0401072 0.344888 0.21074 0.00679216 0.00294403 0.00150771
-0.0520521 0.195363 0.16431 0.00645483 0.00367591 0.00133314
-0.0380738 0.225103 0.255586 0.00467814 0.00212861 0.00151901
-0.0339907 0.303594 0.263305 0.00529113 0.0025628 0.00145933
-0.0276968 0.273652 0.24693 0.00511301 0.00261498 0.00156665
-0.0202195 0.386828 0.0679404 0.00811434 0.00297979 0.00231331
-0.0219314 0.33383 0.185506 0.00706868 0.00244452 0.00198428
-0.0156995 0.364716 0.203926 0.00717161 0.00213333 0.00202359
-0.00917296 0.335165 0.2281 0.00752023 0.00221062 0.0021603
-0.00793394 0.417254 0.226183 0.00767845 0.00235711 0.00235468
0.0111905 0.300921 0.066865 0.00779466 0.00214056 0.00182727
-0.0286899 0.229605 0.224125 0.00520978 0.00178408 0.00168056
-0.030239 0.379081 0.231359 0.00501694 0.00177617 0.00203856
-0.0337267 0.283444 0.257958 0.00493119 0.00122783 0.00160201
-0.0283815 0.273426 0.209208 0.00565056 0.00208632 0.00166076
-0.059131 0.222053 0.263976 0.00311861 0.00160116 0.00190808
-0.0381824 0.217462 0.224698 0.00302557 0.0010022 0.00151274
-0.0377366 0.169667 0.25395 0.00363059 0.0012522 0.0016341
-0.0443689 0.171019 0.240448 0.00307152 0.00139769 0.00171546
-0.0438094 0.246035 0.253179 0.00350116 0.00134366 0.00161479
-0.0446998 0.210617 0.242507 0.00409626 0.00090416 0.00172639
-0.0363378 0.206212 0.19543 0.00471579 0.00198334 0.00192689
-0.0342139 0.260687 0.22401 0.00458661 0.0017521 0.00197711
-0.0338743 0.271714 0.2529 0.00471579 0.00242157 0.00204527
-0.0466281 0.229113 0.271546 0.00469331 0.00122241 0.00167978
-0.0691212 0.220301 0.207544 0.00431447 0.00235907 0.00176526
-0.0643659 0.238632 0.286288 0.00519296 0.00145044 0.00168101
-0.0467419 0.282924 0.253738 0.00560273 0.00190422 0.00180543
-0.0563425 0.244809 0.336534 0.005883 0.00138025 0.0021393
-0.0467735 0.297388 0.302471 0.00548183 0.00162674 0.00201477
-0.0564194 0.249897 0.234684 0.00506906 0.00251947 0.0016397
-0.0844534 0.216744 0.285874 0.00450574 0.00194472 0.0020972
-0.0734768 0.398424 0.238608 0.005883 0.00182712 0.00222517
-0.0716969 0.287748 0.308091 0.00592757 0.00202285 0.00246096
-0.0666067 0.290807 0.335342 0.00593407 0.00177482 0.00243871
-0.0549959 0.309542 0.232134 0.00517709 0.00275808 0.00203272
-0.0669032 0.138808 0.256031 0.00444877 0.0011528 0.00246941
-0.053027 0.335209 0.224591 0.00498312 0.00142304 0.00233918
-0.0518854 0.203113 0.151796 0.00504513 0.00205005 0.00199393
-0.0551704 0.115013 0.266193 0.00359227 0.00192369 0.00253803
-0.0920445 0.251229 0.268424 0.00418523 0.0012534 0.00209865
-0.11679 0.197194 0.284891 0.00404785 0.00112325 0.00185993
-0.110226 0.114931 0.29719 0.00404785 0.00202076 0.00200257
-0.123363 0.174926 0.31036 0.00247429 0.00263651 0.00206905
-0.105546 0.301399 0.275855 0.0037162 0.00165322 0.00242626
-0.0832631 0.262499 0.195112 0.00427917 0.00074975 0.00234404
-0.0590084 0.321072 0.209878 0.00330745 0.00074975 0.00259287
-0.0500811 0.166608 0.197851 0.00411388 0.00187355 0.00241221
-0.061807 0.0867803 0.294219 0.00260929 0.00244796 0.0022994
-0.0574283 0.226428 0.246143 0.0033409 0.00089842 0.00228543
-0.0662831 0.153415 0.275134 0.00377965 0.00097612 0.00214533
-0.0597602 0.295971 0.26266 0.00397075 0.00064527 0.00222623
-0.0479055 0.195933 0.178408 0.00452569 0.00226292 0.00222174
-0.0835637 0.142095 0.289488 0.00534481 0.00134424 0.00246398
-0.0740034 0.287322 0.28092 0.00476793 0.00155085 0.00234435
-0.0650002 0.219292 0.253867 0.00498775 0.00205709 0.00242171
-0.0898126 0.238878 0.286815 0.0034171 0.00179498 0.00239795
-0.0879164 0.224693 0.295815 0.00376316 0.00185466 0.00254179
-0.0773347 0.165185 0.268014 0.00419529 0.00088007 0.00253355
-0.082783 0.273263 0.285303 0.0045926 0.00117168 0.0027331
-0.0827724 0.215203 0.288001 0.00491973 0.00136358 0.00275445
-0.073309 0.135419 0.311245 0.00423804 0.00111266 0.00295266
-0.0684411 0.250846 0.292586 0.00406972 0.00108003 0.00304637
-0.0764456 0.206383 0.275509 0.00473359 0.00099432 0.00257945
-0.0735455 0.129885 0.289487 0.00366034 0.00117842 0.00274661
-0.058916 0.283546 0.301194 0.00418318 0.00106245 0.00283608
-0.0319423 0.372038 0.228841 0.00749846 -0.00055105 0.00351302
-0.0320211 0.252015 0.204332 0.00674432 4.549e-05 0.00349238
-0.0452125 0.271391 0.283311 0.00474158 0.00048125 0.00295304
-0.0416661 0.322682 0.263184 0.00569853 0.00104361 0.00349201
-0.0420828 0.196373 0.296587 0.00483007 0.00056583 0.00340611
-0.0396725 0.217749 0.263221 0.00566486 0.00123881 0.00356047
-0.0417269 0.297807 0.288707 0.00488219 0.00073278 0.00344832
-0.0496856 0.213501 0.281002 0.00482896 0.00084438 0.00318645
-0.0559346 0.177016 0.287255 0.00496729 0.00050627 0.00306691
-0.0512825 0.215845 0.193345 0.0056325 0.00012344 0.00277135
-0.0544907 0.303911 0.247629 0.00371656 0.00022818 0.00303731
-0.0549778 0.153961 0.27045 0.00399287 0.00066354 0.00282588
-0.0514287 0.303167 0.260482 0.00418633 0.00033697 0.00272885
-0.0447589 0.321144 0.248483 0.00374667 0.00027829 0.00319416
-0.0398191 0.231684 0.259931 0.00377075 0.00044629 0.00329744
-0.0383231 0.224036 0.247063 0.0040165 0.0003386 0.00305594
-0.0428895 0.235111 0.250059 0.00399369 0.00027829 0.00305356
-0.0648996 0.0819934 0.241196 0.00404165 0.00108482 0.0030901
-0.0859529 0.075729 0.222407 0.0035657 0.00027829 0.0028154
-0.0695557 0.230851 0.240522 0.00383983 0.00034199 0.00264872
-0.0641175 0.0539279 0.232764 0.00384265 0.0008816 0.00276945
-0.0799231 0.145852 0.304665 0.0021354 0.00174531 0.00260386
-0.0684341 0.253561 0.252255 0.00394375 0.00052856 0.00257361
-0.0658998 0.15811 0.258563 0.00377567 0.0005208 0.00277186
-0.0583157 0.281135 0.252735 0.00400437 0.00050493 0.00281159
-0.0445759 0.155971 0.217081 0.00412952 0.00136937 0.00291825
-0.0534663 0.131217 0.249343 0.00340118 0.00067536 0.00284439
-0.0447063 0.271681 0.261638 0.00379631 0.00072943 0.0029684
-0.0425298 0.208543 0.242249 0.0038623 0.00063996 0.0027908
-0.044745 0.0531621 0.238088 0.00378008 0.00063996 0.0030064
-0.0636209 0.161827 0.25167 0.00313593 0.00112308 0.00267284
-0.0454205 0.234531 0.237506 0.00345737 0.00046321 0.00279795
-0.0559093 0.175651 0.244754 0.00376085 0.00037603 0.00283126
-0.0778498 0.151527 0.258338 0.00402054 0.00034973 0.002933
-0.0473504 0.220002 0.16845 0.00432412 0.00149645 0.00314694
-0.094459 0.171595 0.254114 0.00339097 0.00074893 0.002933
-0.0819483 0.156073 0.274373 0.00414904 0.00049602 0.002933
-0.0623229 0.24871 0.249112 0.00396574 0.00019556 0.00286189
-0.0448076 0.191204 0.142117 0.0049037 0.00075391 0.00278487
-0.0384579 0.157472 0.195391 0.00453216 0.0005701 0.00303572
-0.042546 0.279711 0.203884 0.00511668 0.00058626 0.00288179
-0.0445846 0.207087 0.247186 0.00430985 0.00094663 0.00293939
-0.0617392 0.158117 0.1035 0.00558822 0.00116881 0.002933
-0.0451393 0.181856 0.217906 0.00450743 0.00059015 0.00293276
-0.0576606 0.187639 0.238718 0.00393997 0.00059015 0.00270238
-0.060603 0.13608 0.196211 0.00430761 0.00166543 0.00325479
-0.044361 0.236267 0.261022 0.00320757 0.0016006 0.00291445
-0.0452791 0.241688 0.247941 0.00404566 0.00047439 0.00277015
-0.0457047 0.153948 0.248486 0.0038702 0.00052324 0.002561
-0.0427091 0.319003 0.246557 0.00416222 0.00045495 0.00287551
-0.0492591 0.168002 0.208415 0.00364955 0.00094463 0.00283797
-0.0406166 0.10949 0.202105 0.00331735 0.00052324 0.00313425
-0.0415994 0.240989 0.207345 0.00331735 0.00052324 0.0028706
-0.0449535 0.161378 0.263148 0.00439907 0.00052324 0.00297192
-0.0693339 0.12203 0.15077 0.00629294 0.00215588 0.00307503
-0.106257 0.146933 0.262393 0.00382466 0.00191142 0.00306794
-0.0918244 0.151014 0.263626 0.00350599 0.00141811 0.00307902
-0.0613805 0.188736 0.202551 0.00492714 0.00084128 0.0032427
-0.0644343 0.283075 0.245432 0.00452183 0.00109424 0.00313736
-0.0663947 0.18491 0.130937 0.00585511 0.00204338 0.0030959
-0.060708 0.158512 0.216033 0.00556743 0.00192386 0.00318799
-0.0578453 0.321985 0.252086 0.00512875 0.00203682 0.00289292
-0.0569042 0.14945 0.175701 0.00512063 0.00143856 0.00320379
-0.0541642 0.148565 0.260011 0.00403821 0.00146595 0.00309057
-0.0489421 0.304279 0.211002 0.00559515 0.00115857 0.00299919
-0.0433299 0.0715259 0.16503 0.00541735 0.00163187 0.00350863
-0.0608288 0.182193 0.223638 0.00458484 0.00173244 0.00312671
-0.0466902 0.241675 0.240293 0.00549538 0.00132827 0.00320485
-0.0533945 0.216793 0.260136 0.00559271 0.00117161 0.0034215
-0.0682063 0.0639422 0.209561 0.00549585 0.0023007 0.00371809
-0.0721846 0.191934 0.269246 0.00446476 0.00129091 0.00329036
-0.0751914 0.206819 0.256816 0.00464709 0.00146619 0.00321131
-0.0738635 0.173369 0.28085 0.0047069 0.00073467 0.00339753
-0.0760844 0.252812 0.287296 0.0047723 0.00073467 0.00318804
-0.0873392 0.104152 0.282495 0.00362984 0.00173599 0.00318521
-0.0982261 0.178595 0.255759 0.00432537 0.00073467 0.00331641
-0.0790278 0.276543 0.263865 0.00536607 0.00115311 0.00323852
-0.0884959 0.194927 0.292793 0.00479953 0.00073467 0.00326103
-0.0944865 0.290796 0.280908 0.0067001 0.00328434 0.00359243
-0.126123 0.187201 0.291485 0.00498758 0.00174777 0.00337855
-0.0963224 0.242044 0.270117 0.00584529 0.00144113 0.00348802
-0.0976337 0.167178 0.303859 0.00548594 0.0014561 0.00351593
-0.0937428 0.244412 0.297078 0.00529924 0.00131666 0.00347625
-0.122083 0.179611 0.272375 0.00486092 0.0011549 0.00347136
-0.0934788 0.143928 0.268669 0.00540521 0.00151917 0.0033502
-0.0732638 0.318965 0.260821 0.00579079 0.00100149 0.00341653
-0.086286 0.136491 0.258953 0.00436033 0.0012257 0.00335022
-0.101122 0.176282 0.265058 0.00366106 0.0009102 0.00306668
-0.114674 0.256361 0.259824 0.00356932 0.00073467 0.00313331
-0.11035 0.273544 0.244035 0.00350383 0.00048467 0.0030847
-0.106813 0.182622 0.256774 0.0037829 0.00038656 0.00321953
-0.0963575 0.136466 0.242849 0.00428036 0.0011511 0.00336086
-0.110664 0.189642 0.247535 0.00409959 0.00104171 0.00321347
-0.113723 0.188896 0.258709 0.00415649 0.00073467 0.00317747
-0.0937457 0.159771 0.167887 0.00457882 0.00123346 0.00308727
-0.0937801 0.150512 0.273653 0.00397802 0.00084702 0.00337121
-0.104733 0.129916 0.273886 0.00390114 0.00048468 0.00310996
-0.0982387 0.168163 0.279973 0.00417443 0.00030429 0.00326075
-0.0900085 0.174327 0.238404 0.00424492 0.00140254 0.0035214
-0.0818059 0.121996 0.271326 0.00357898 0.00116992 0.00327957
-0.0779982 0.210825 0.273052 0.00444408 0.00049503 0.00322572
-0.0940195 0.115017 0.25318 0.00359866 0.00118824 0.00306628
-0.0738171 0.201267 0.259695 0.00405767 0.00064306 0.00302127
-0.0751182 0.1962 0.272195 0.00421805 0.00056881 0.00314335
-0.096617 0.108396 0.235623 0.00444933 0.0015329 0.00307633
-0.094155 0.12436 0.29104 0.00403704 0.00112967 0.00314427
-0.0824163 0.241937 0.258089 0.00431629 0.00061467 0.00299235
-0.0787724 0.17269 0.301616 0.00452203 0.000331 0.00297134
-0.0766263 0.271265 0.270637 0.00427604 0.00020079 0.00301582
-0.0987078 0.125082 0.194731 0.00401987 0.00071924 0.00338759
-0.0783772 0.0828759 0.239799 0.00360307 0.0004535 0.00335261
-0.0693844 0.255004 0.242637 0.00347934 0.00022457 0.00317219
-0.0804612 0.134543 0.283944 0.00418896 9.585e-05 0.00328869
-0.102631 0.137725 0.202626 0.0028041 0.0013202 0.00316746
-0.105263 0.156793 0.27003 0.00404759 0.00069317 0.00322169
-0.0937843 0.194925 0.265887 0.00412737 0.00037914 0.0033849
-0.104752 0.150339 0.288001 0.0042307 0.00044488 0.00334361
-0.100292 0.168578 0.278565 0.00417834 0.00065695 0.00314882
-0.0975179 0.174111 0.265914 0.00431412 0.00044488 0.00316888
-0.106255 0.19986 0.272557 0.00435702 0.00034747 0.00290337
-0.110407 0.186516 0.302403 0.00456326 0.00019276 0.00321274
-0.113341 0.289118 0.278616 0.00400248 0.00013752 0.00319082
-0.100775 0.169481 0.262204 0.00414463 0.00052303 0.0031869
-0.0944332 0.138914 0.276236 0.00395774 0.00078894 0.00296733
-0.0935636 0.263184 0.330911 0.00320419 0.00119395 0.00322342
-0.0939738 0.139235 0.322942 0.00380929 0.00109251 0.00313749
-0.0455793 0.171645 0.256661 0.00408144 0.00040546 0.0027405
0.011357 0.184815 0.254364 0.00356319 0.0011745 0.00150823
-0.0335369 0.0358046 0.261528 0.00404345 -0.00024151 0.00232002
-0.028293 0.143543 0.307192 0.00362182 -0.00041473 0.0024032
-0.0316031 0.132425 0.35649 0.00268134 0.00089681 0.00272902
-0.0668912 -0.00610688 0.474938 0.00130992 0.00092684 0.00248787
-0.0743042 0.149093 0.385268 0.00263705 1.947e-05 0.00270732
-0.0478963 0.00791544 0.363993 0.00315663 0.00114884 0.00309183
-0.0681053 0.0239793 0.522303 0.00055435 0.00081733 0.00253464
-0.0591676 0.0310867 0.490483 0.00176991 1.49e-05 0.00249336
-0.0413436 0.052942 0.45995 0.00248511 -0.0005728 0.00271223
-0.0450256 0.164969 0.471361 0.00259601 -0.00041996 0.00263231
-0.0426738 0.0116891 0.420911 0.0028604 0.00050576 0.00297504
-0.0441234 0.0128161 0.52911 0.00152065 0.00018689 0.00271529
-0.0344063 0.150993 0.472372 0.00226695 0.00032394 0.00279007
-0.0319697 -0.0048584 0.500449 0.00210279 0.00072282 0.00332404
-0.0320371 0.0263878 0.597999 0.00191749 0.00029706 0.00308464
-0.00963702 0.143189 0.406861 0.00460918 -0.00055652 0.00317432
-0.015911 0.0441466 0.506105 0.00318625 -0.00047941 0.00297502
-0.0148393 0.102801 0.40144 0.00539284 0.00016602 0.00340331
0.0104805 0.138039 0.454341 0.00750476 -0.00027717 0.00360411
0.00553172 0.129489 0.477805 0.00642375 -0.00105954 0.00349405
0.00873732 0.181328 0.474071 0.00609809 -0.00117339 0.00355307
0.00624588 0.229041 0.487274 0.00624451 -0.00094974 0.00374963
-0.00704827 0.0489181 0.359144 0.004655 -0.00053607 0.00335672
-0.00162255 0.0548705 0.46828 0.00268987 -0.00040377 0.0033159
0.00373959 0.137979 0.451238 0.00398801 -0.00066429 0.00348489
-0.0129176 0.0566246 0.495423 0.00377138 -0.0007469 0.00336955
-0.014216 0.0771129 0.508165 0.00433625 -0.00115673 0.00337584
-0.00356264 0.0384883 0.358506 0.00320308 -0.00015165 0.00327486
-0.00175199 0.0209299 0.512763 0.00332646 -0.00059709 0.00330225
0.00593444 0.20525 0.477501 0.00509221 -0.00101375 0.00343687
-0.00925707 0.0123996 0.308253 0.00438473 -0.00020001 0.00323808
-0.00700206 0.0422883 0.462673 0.00402731 -0.00063395 0.00323808
0.00621591 0.12484 0.490383 0.00325843 -0.00040938 0.0036221
-0.0136125 0.0457063 0.46329 0.00429197 -0.00118661 0.00347086
-0.0125514 0.0743843 0.443299 0.00352612 -0.00107012 0.00311609
-0.00992017 0.126262 0.419806 0.00351524 -0.00114947 0.00309978
0.005681 0.0848697 0.447527 0.00300377 -0.0003577 0.00337471
-0.01125 0.0275655 0.479301 0.00372529 -0.00107012 0.00315309
0.00547856 0.120805 0.477493 0.002735 -0.00029213 0.00322865
0.003159 0.116803 0.441178 0.00319328 -0.00075591 0.00327566
-0.0149789 -0.00620431 0.510984 0.0023416 -0.00102682 0.0032878
-0.00764654 0.134318 0.441439 0.00304708 -0.00096369 0.00311279
-0.0039229 0.187472 0.321081 0.00449664 -0.00078685 0.00289914
-0.0118214 0.0212055 0.529675 0.00195193 -0.00087511 0.00277817
0.0120851 0.145038 0.421142 0.00298496 -0.00158518 0.00299672
0.00537829 0.128002 0.41322 0.00335119 -0.00169178 0.00294016
-0.00609766 0.0255166 0.427116 0.00266778 -0.00136319 0.00278057
0.00307235 0.134206 0.43784 0.00200507 -0.0015077 0.0030305
-0.0215583 0.0278009 0.397205 0.00163467 -0.00147227 0.00267095
-0.0413673 -0.0730518 0.393159 0.00154086 -0.00147227 0.00281668
-0.0481382 0.0626834 0.401938 -0.00059295 -0.00148643 0.00257967
-0.0429321 0.114511 0.228325 0.00273215 -0.00114542 0.00206944
-0.0140703 0.174569 0.210981 0.00251212 -0.0010856 0.00213409
-0.0314005 0.0582079 0.312518 0.00201031 -0.00064104 0.00201998
-0.0271212 0.18811 0.236229 0.00258446 -0.00130484 0.0016605
-0.0210595 0.214524 0.288419 0.00252322 -0.00110861 0.00199339
-0.0198591 0.15487 0.252819 0.00306944 -0.0010843 0.002153
-0.0449667 0.0864923 0.255756 0.00263265 -0.00121948 0.00189279
-0.0230947 0.236698 0.257647 0.00303262 -0.00162406 0.00223239
-0.0154885 0.174047 0.324643 0.00186715 -0.00094529 0.00190633
-0.0193328 0.113544 0.223239 0.00353045 -0.00162615 0.00192783
-0.00062901 0.27392 0.201421 0.00377442 -0.0020649 0.00195793
-0.0111025 0.205202 0.248381 0.00326494 -0.00132142 0.0014985
0.0235783 0.148245 0.240246 0.00335992 -0.00130091 0.00181229
0.032897 0.118565 0.217096 0.00378332 -0.00147452 0.00179508
