0.0161179 0.0701576 -0.0803476 -0.0006722 0.00118189 0
0 0.191416 0 0 0 0
0.0127303 0.110439 -2e-08 0 0 0.00064249
0 0.0730052 0 0 0 0
0.0197819 0.184307 0.00807108 -0.00022376 0 0.00041508
0.00054653 0.134574 0.0106962 0 -0.00021911 0.00037441
-0.00248338 0.0355357 0.0202477 0.00030671 -0.00013615 -0.00014008
-0.0195729 0.0978111 0.0488468 0.00077592 -0.00019071 -0.00031847
-0.0378687 0.168163 0.0359813 0.00059118 -0.00013615 0.0003488
-0.0147722 0.0539983 0.0445085 0.00235262 0.00012072 -0.00014751
-0.0255946 0.0963643 -0.0352701 0.00603908 0.00018405 -0.00042894
-0.0066198 0.148192 0.00807176 0.00387505 0.00045719 0.00030342
-0.0148517 0.0383086 -0.0302507 0.00309816 0.00065626 0.00043094
-0.0104492 0.0473299 0.0387933 0.00247479 0.00045418 8.389e-05
-0.00822697 0.105589 0.0206225 0.00344293 0.0003749 7.043e-05
-0.0099702 0.180467 0.031311 0.00307908 0.00060434 0.00035866
-0.0100625 0.0933297 -0.0719297 0.00571713 -3.872e-05 0.00037816
-0.00529539 0.0805739 -0.0245563 0.00455326 0.00020583 5.59e-05
-0.0163198 0.166318 0.0109732 0.0041459 0.00022199 0.00039862
-0.0163973 0.0740196 -0.068694 0.00545229 -0.00013582 0.000331
-0.00132276 0.055187 -0.049113 0.00521186 2.013e-05 0
-0.0100913 0.15743 -0.0138655 0.00483591 9.971e-05 0.00038168
-0.0148368 0.087274 -0.0283491 0.00461999 0.00022535 0
-0.0356704 0.0676897 -0.0388357 0.00529108 0.00051847 -0.00037837
-0.0221227 0.135954 0.0584649 0.00399572 6.184e-05 -0.00020358
-0.0279562 0.0414915 0.0470378 0.00326407 0.00063337 -0.00034668
0.00121056 0.060853 0.0547086 0.00377923 0.00049588 -0.00061122
0.00950542 0.10384 0.135259 0.00316192 0.00040844 -2.712e-05
0.0137611 -0.0003378 0.0673549 0.00419848 0.00085963 -0.00022736
0.0149876 0.0700583 0.0976899 0.00394469 0.00064175 -0.00036881
0.00979483 0.0711605 0.0372862 0.00479648 0.00141195 -0.00018098
0.0181237 0.056286 0.038141 0.00428123 0.0005931 -0.0002687
0.011604 0.138256 0.104677 0.00309115 0.00068243 0.00016818
0.0171969 0.0765516 -0.017925 0.00619384 -0.00020406 5.903e-05
0.0264599 0.0680379 0.10121 0.0035593 0.00062509 0.00014198
0.0613452 0.0988759 0.120565 0.0035765 0.00118891 -6e-07
0.0558058 -0.00932169 0.0685287 0.00425163 0.00133588 -0.00020899
0.0467653 0.0888705 0.0834719 0.00401854 0.00127276 -8.287e-05
0.0349073 0.148027 0.0719863 0.00384666 0.00091347 0.00017585
0.0448932 0.0403699 0.0701133 0.00360372 0.00114951 0.00010422
0.0530843 0.0617957 0.0848067 0.00419862 0.00147011 7.772e-05
0.0462848 0.144562 0.121915 0.00315451 0.00120603 0.00050766
0.0570784 0.0469685 0.0933761 0.00465184 0.00152634 0.00017959
0.0688588 0.047047 0.125662 0.00426505 0.00169956 8.626e-05
0.0738246 0.112353 0.137677 0.00369054 0.00213425 -0.00020899
0.0663404 0.0881786 0.100696 0.00335221 0.00225074 0.00036314
0.0748605 0.0183503 0.106704 0.00392252 0.00202757 0.00052719
0.0550678 0.106654 0.127198 0.00298201 0.00102494 0.00031133
0.0745353 0.0752877 0.103123 0.0027684 0.00153051 0.00026862
0.0798693 0.0249104 0.127121 0.00316222 0.0014329 0.00040518
0.0886244 0.114172 0.16064 0.00327974 0.00091951 0.00075293
0.0817049 0.0130292 0.141891 0.00357026 0.00162175 0.00029676
0.120034 -0.0200397 0.131647 0.00394999 0.0027262 -2.288e-05
0.119703 0.115569 0.107178 0.00322404 0.00284654 0.00028245
0.124698 0.0515382 0.0650103 0.00318256 0.00365233 0.00011116
0.116163 -0.00088452 0.0864175 0.00307621 0.0026152 3.307e-05
0.111832 0.0998771 0.128869 0.003328 0.00198703 0.00040709
0.122425 -0.0562921 0.112214 0.00387419 0.00273978 0.00012552
0.11819 0.0478586 0.0736449 0.00466474 0.00313756 0.00019653
0.117149 0.0497514 0.0866411 0.0037736 0.0034356 0.00037266
0.12391 -0.0128178 0.117232 0.00402216 0.00291422 0.00019653
0.124101 0.110945 0.153359 0.00358908 0.0021506 0.0004803
0.10212 0.0325999 0.105727 0.00373914 0.00281032 0.00033724
0.111209 -0.00195438 0.144658 0.00431883 0.00264334 0.0001431
0.123037 0.0794731 0.151028 0.00398516 0.00261925 0.00019653
0.134784 0.0297509 0.133191 0.00432002 0.00339353 0.00019653
0.119696 0.0462169 0.142662 0.00360065 0.00231127 0.00019653
0.106981 0.123051 0.12527 0.00325695 0.00202843 0.00066334
0.123144 0.0251331 0.091929 0.00324175 0.00302092 0.00067634
0.125613 0.109877 0.104679 0.00345525 0.0027464 0.00071051
0.117969 0.138131 0.147909 0.00373211 0.00212412 0.00104024
0.117599 0.00520262 0.134346 0.00394272 0.00258126 0.00087371
0.127338 0.0157292 0.143448 0.00426732 0.00289451 0.00047718
0.124385 0.11902 0.11105 0.00373659 0.00302046 0.00050847
0.0980226 0.0196077 0.103722 0.00325738 0.00251444 0.00035186
0.097973 -0.0293829 0.114055 0.00390664 0.00278908 0.00057651
0.0853711 0.0435009 0.0738617 0.0043177 0.00283966 0.00074128
0.0599178 0.0893739 0.14641 0.00358192 0.0014928 0.00085773
0.101509 -0.0244535 0.124239 0.0045244 0.00282793 0.00082921
0.112499 -0.0122726 0.155165 0.00468475 0.00282793 0.00079358
0.110172 0.0386276 0.137417 0.00428294 0.00299038 0.0005934
0.0821566 0.0940275 0.146182 0.00365978 0.0019071 0.00075093
0.0998896 -0.0170939 0.105731 0.00366517 0.00282793 0.00071149
0.0875419 0.0151953 0.145374 0.00403336 0.0023014 0.00056773
0.0844916 0.0875703 0.180442 0.00335658 0.00126155 0.00077509
0.0974348 -0.0447421 0.1688 0.00418573 0.00215216 0.00061511
0.124302 -0.0154685 0.147822 0.00422914 0.0030271 0.00040511
0.111405 0.116244 0.184777 0.00300858 0.00212854 0.00084426
0.112488 0.0324946 0.131443 0.00380268 0.00270692 0.00061836
0.121421 0.00179762 0.140678 0.0045665 0.00299382 0.00053768
0.121602 0.0519136 0.146733 0.0038477 0.00269292 0.0005151
0.12564 0.120205 0.162552 0.00338531 0.00219577 0.00082979
0.137298 -0.0101294 0.156361 0.00362535 0.00227201 0.00085768
0.146918 -0.018532 0.188125 0.00447805 0.00226597 0.00082595
0.151942 0.0763679 0.175313 0.0037963 0.00288187 0.00106096
0.131943 -0.00486644 0.131889 0.00308674 0.00260541 0.00090725
0.147239 -0.0048308 0.150907 0.00362058 0.00233972 0.00090725
0.137643 0.0837134 0.172566 0.0037215 0.00186088 0.0014942
0.145158 -0.0243651 0.120674 0.00637295 0.00270362 0.00163395
0.151226 -0.0293736 0.142187 0.00555204 0.00322738 0.0015247
0.135158 0.0136939 0.132909 0.00386484 0.00252148 0.00143315
0.134691 0.159232 0.153962 0.00386686 0.00237529 0.00163973
0.143901 0.0241767 0.172093 0.00391273 0.00176559 0.00195492
0.161969 0.0127236 0.180339 0.00424969 0.00211667 0.00169661
0.146146 0.11097 0.182825 0.00385292 0.00213058 0.00139798
0.134043 0.0378021 0.160379 0.00263557 0.001566 0.0016727
0.15787 -0.0341801 0.169939 0.00384075 0.001566 0.00195262
0.146914 0.0525402 0.197803 0.00382164 0.001316 0.00195262
0.143517 0.0192878 0.14589 0.00316435 0.00219392 0.00158078
0.146786 0.0450801 0.165439 0.00323563 0.00183096 0.00187512
0.155017 0.162301 0.15769 0.00319516 0.00166822 0.00237112
0.15386 0.0487136 0.139526 0.0032336 0.00141092 0.00262724
0.158599 0.0523106 0.159733 0.00351804 0.00133281 0.00239973
0.147029 0.160725 0.198551 0.00340793 0.0013186 0.00204844
0.154871 0.0119411 0.139556 0.00344371 0.00242986 0.00195262
0.153555 0.0355245 0.128746 0.00407765 0.00248428 0.00173711
0.154957 0.128879 0.198197 0.00366094 0.00170044 0.00179212
0.163111 -0.00496654 0.171776 0.00380066 0.00188101 0.0015372
0.181981 0.0361633 0.166761 0.00353593 0.0022328 0.00183591
0.162165 0.149166 0.18297 0.00352782 0.0016822 0.00205439
0.175725 0.0296052 0.174018 0.0036876 0.00187826 0.00193874
0.175485 0.0518442 0.180441 0.00373709 0.00186165 0.00174333
0.175641 0.1578 0.176801 0.00360148 0.00227519 0.00188333
0.175954 0.125863 0.13731 0.00327288 0.00258783 0.00217776
0.18204 0.045724 0.134372 0.00324689 0.00282078 0.00204052
0.175744 0.102653 0.181887 0.00322537 0.00219237 0.0019359
0.176374 0.101839 0.179161 0.00312617 0.0019862 0.00236249
0.189438 -0.00861442 0.170644 0.00356189 0.00215895 0.00207081
0.182085 0.0665228 0.153745 0.00362395 0.002876 0.00195662
0.186242 0.157689 0.162544 0.00261214 0.00229937 0.00253167
0.190443 0.0390736 0.148365 0.00349285 0.00238798 0.00226967
0.160389 0.0782587 0.174703 0.00354033 0.00160299 0.00198685
0.161376 0.173809 0.209143 0.00344259 0.00117314 0.00263554
0.17872 0.0282909 0.180857 0.00353324 0.00173043 0.00223156
0.192889 0.0416227 0.176233 0.00384332 0.00255253 0.00220233
0.176428 0.161861 0.200411 0.00320709 0.00140636 0.00239011
0.183605 0.0505127 0.146882 0.00307632 0.00220434 0.00239011
0.193663 0.0463392 0.153269 0.00338715 0.00250094 0.00239011
0.187709 0.152263 0.237576 0.0037916 0.00180822 0.00245125
0.19355 0.0847311 0.233582 0.00368674 0.00213946 0.00239011
0.195047 0.0355842 0.181867 0.00395148 0.002663 0.00239011
0.152437 0.12679 0.176097 0.00335413 0.00164824 0.0020711
0.152559 0.121865 0.178901 0.00219281 0.00219185 0.00239405
0.187316 0.0346985 0.170401 0.00248099 0.00167453 0.00246875
0.178973 0.110236 0.187187 0.00286653 0.00203723 0.00266062
0.184739 0.13575 0.169414 0.00303973 0.001518 0.00312803
0.20363 0.0343211 0.167642 0.0029239 0.00160633 0.00322243
0.220778 0.0919046 0.240491 0.00342772 0.00190858 0.0030736
0.20294 0.151033 0.249411 0.00283 0.00225447 0.0028797
0.202898 0.033892 0.216523 0.00339992 0.00222911 0.00272014
0.200713 0.0947424 0.203687 0.00343218 0.0013643 0.00260143
0.185815 0.169038 0.221477 0.00305909 0.00203138 0.00285282
0.200486 0.0594963 0.166556 0.00364418 0.0024869 0.00260143
0.188538 0.097387 0.177503 0.00312137 0.00224371 0.00242563
0.187101 0.18349 0.20796 0.00284766 0.00221229 0.00270061
0.198333 0.047573 0.172273 0.00329833 0.00221229 0.00260143
0.194896 0.0595504 0.188925 0.00318632 0.00290666 0.00214817
0.168172 0.189537 0.203881 0.00240643 0.00238505 0.00232416
0.182545 0.0685219 0.163989 0.00240916 0.00212889 0.00254535
0.195013 0.0753047 0.161584 0.00291558 0.00266424 0.00224958
0.168001 0.172699 0.203608 0.00222275 0.00226551 0.00264368
0.169449 0.108554 0.151539 0.00237656 0.00184441 0.00237169
0.146959 0.0664636 0.136575 0.00259612 0.00188848 0.00177738
0.15646 0.138003 0.162695 0.00272361 0.00212348 0.00196608
0.161159 0.148622 0.171518 0.00255585 0.00176423 0.00232252
0.170098 0.054232 0.153619 0.00273927 0.00202942 0.00224172
0.189592 0.107056 0.218186 0.00333454 0.00209754 0.00229216
0.180673 0.203078 0.235272 0.00274086 0.00249979 0.00272445
0.193742 0.0892228 0.165642 0.0034202 0.00200239 0.00298492
0.222245 0.0529649 0.210108 0.00366015 0.00241286 0.00314195
0.193652 0.189404 0.276852 0.00330353 0.00261101 0.00288412
0.206581 0.0547027 0.21798 0.00303147 0.00302046 0.00277365
0.206705 -0.0120441 0.212068 0.00410336 0.00307163 0.00277365
0.207647 0.0898373 0.161265 0.00360919 0.00289607 0.00340649
0.176091 0.129447 0.160006 0.00268217 0.0025718 0.00338077
0.166156 0.0178705 0.157837 0.00350022 0.00310144 0.00277365
0.178757 0.0687182 0.196669 0.00357737 0.00256302 0.00277365
0.189547 0.14367 0.212396 0.00325219 0.00310155 0.00277365
0.18884 0.0231646 0.185506 0.00342392 0.00328551 0.00262155
0.178173 0.0607691 0.201913 0.00339358 0.00299554 0.00249256
0.173337 0.181153 0.236778 0.00296666 0.00326342 0.00277365
0.194092 0.0577733 0.177144 0.00295969 0.00334657 0.00277365
0.191624 0.0751629 0.194486 0.00359712 0.00323597 0.00225733
0.204327 0.177798 0.301491 0.00355604 0.00370563 0.00277365
0.213617 0.0842404 0.179329 0.00415741 0.00443824 0.00268145
0.217012 0.074862 0.235404 0.00271588 0.00430041 0.00261861
0.203431 0.199262 0.298267 0.0028319 0.00441789 0.00253355
0.206053 0.077761 0.263976 0.00371944 0.00436426 0.00254983
0.222621 0.0532258 0.242255 0.00397014 0.00370176 0.00254492
0.206149 0.185719 0.307692 0.00344901 0.0039978 0.00259306
0.206047 0.103534 0.280672 0.00380757 0.00393167 0.0024909
0.217444 0.0465472 0.259941 0.00413563 0.00401682 0.00239512
0.202802 0.153236 0.294956 0.00316487 0.00382364 0.00244922
0.206295 0.186583 0.288634 0.00325509 0.00397204 0.00264506
0.224323 0.0779275 0.273161 0.00395547 0.00369286 0.00230696
0.222825 0.10172 0.295357 0.00432789 0.0033203 0.00238555
0.197804 0.255615 0.276183 0.00375011 0.0033203 0.00263327
0.218373 0.347264 0.341817 0.00325061 0.00404428 0.0030508
0.251801 0.21897 0.404361 0.00521715 0.00498547 0.00307315
0.214553 0.0170991 0.329689 0.00540249 0.00288411 0.00287183
0.171149 -0.0254055 0.296705 0.00423548 0.00254029 0.00230697
0.161338 0.0341631 0.250225 0.00411074 0.00221275 0.00230697
0.176487 0.15221 0.269258 0.00410223 0.002144 0.00290582
0.191341 0.227635 0.229166 0.00485283 0.00266477 0.00316975
0.182213 0.375916 0.34933 0.00622545 0.00270377 0.0029629
0.191324 0.308208 0.354446 0.00530566 0.00301361 0.00322808
0.186528 0.226949 0.296257 0.00466383 0.00260294 0.00288447
0.172479 0.191866 0.18396 0.00399345 0.00238267 0.002727
0.169577 0.208447 0.205981 0.00355262 0.00197685 0.00289444
0.186849 0.231534 0.28559 0.00423196 0.00189785 0.00303078
0.19087 0.243985 0.341039 0.00454769 0.00279542 0.00331962
0.186107 0.109482 0.292163 0.00475174 0.00271272 0.00281042
0.1769 0.142241 0.266707 0.00484674 0.00245107 0.00263162
0.189209 0.257734 0.296282 0.00538768 0.00245107 0.0029903
0.186698 0.319982 0.324084 0.00425584 0.00267312 0.00313096
0.166812 0.155765 0.259347 0.00399862 0.00254257 0.00238579
0.181113 0.191517 0.215297 0.00407608 0.00227787 0.00268569
0.191689 0.296856 0.313025 0.00482141 0.00181842 0.00297072
0.183571 0.284648 0.350404 0.00424212 0.00263776 0.00285948
0.166068 0.139478 0.218634 0.003979 0.00195688 0.00252491
0.159733 0.19172 0.21726 0.0049002 0.0021223 0.00249648
0.186753 0.277249 0.304871 0.00487406 0.00237736 0.00304308
0.201261 0.117663 0.2882 0.00514193 0.00216874 0.00296684
0.209037 0.0875907 0.286351 0.00516706 0.00250974 0.00297052
0.208474 0.194667 0.316981 0.00547627 0.0022782 0.00305794
0.211134 0.226996 0.337146 0.005358 0.00290172 0.00322925
0.226088 0.140983 0.299617 0.0053606 0.00291736 0.00306199
0.232108 0.23784 0.322534 0.0061223 0.00282987 0.00341469
0.249175 0.309074 0.402277 0.00609487 0.00353564 0.00366223
0.248865 0.169959 0.341354 0.00615022 0.00293316 0.00356213
0.254191 0.187304 0.325929 0.0059629 0.00311143 0.00341469
0.265722 0.313049 0.422476 0.00543071 0.00390385 0.00370181
0.242432 0.17894 0.359596 0.00528546 0.0037863 0.00387062
0.261454 0.135185 0.322274 0.00681501 0.00391968 0.00352791
0.261678 0.203691 0.337952 0.00564674 0.00332361 0.00354076
0.262674 0.281733 0.343967 0.00552077 0.00338219 0.00416223
0.249497 0.139995 0.259912 0.00545048 0.00237404 0.00386126
0.259583 0.147303 0.266919 0.00525554 0.00239019 0.00374421
0.268054 0.236261 0.313113 0.00501999 0.00293138 0.00379898
0.262609 0.286434 0.322117 0.0046715 0.00315668 0.00409756
0.259205 0.161896 0.279294 0.00388659 0.00298758 0.00353708
0.271876 0.209375 0.301506 0.00467535 0.00268387 0.00368667
0.266213 0.310693 0.398343 0.00535223 0.00391323 0.00404772
0.258481 0.147477 0.285707 0.0053569 0.00218618 0.00379088
0.262162 0.147497 0.293513 0.00436204 0.00255967 0.00374167
0.270546 0.20367 0.31865 0.00475141 0.00301008 0.00372541
0.26208 0.301814 0.381945 0.0047786 0.00387316 0.00391329
0.256372 0.148953 0.28404 0.00449667 0.00269972 0.00358553
0.256728 0.149105 0.26795 0.00460338 0.00279655 0.00353455
0.256967 0.233945 0.303218 0.00473366 0.00282794 0.00358951
0.248576 0.301328 0.333285 0.00426589 0.00360971 0.00387376
0.261896 0.151785 0.270349 0.0046369 0.00273183 0.00359321
0.287178 0.154525 0.303115 0.00525395 0.00333713 0.00374806
0.278365 0.243527 0.314867 0.00507745 0.00354002 0.00376594
0.250379 0.290288 0.347747 0.00472703 0.00387932 0.00372248
0.238882 0.123353 0.298104 0.00424089 0.00321699 0.00347515
0.262115 0.169977 0.317231 0.00491419 0.00296994 0.00341469
0.270368 0.311295 0.416751 0.00521894 0.0042137 0.00400604
0.247806 0.192116 0.373612 0.00511823 0.00376939 0.00372792
0.25787 0.159295 0.312855 0.00626486 0.00306067 0.00341469
0.270303 0.233743 0.344254 0.00503546 0.00323096 0.00379969
0.267753 0.327201 0.404354 0.00532035 0.00461823 0.00402468
0.262209 0.169124 0.299672 0.00499248 0.00361858 0.00362474
0.270899 0.172492 0.322171 0.00449621 0.00350081 0.00341469
0.267421 0.264247 0.396347 0.00510216 0.00428446 0.0038421
0.262862 0.257663 0.373839 0.00482409 0.0037014 0.00403831
0.270053 0.12842 0.28471 0.00482225 0.00323096 0.0036762
0.268872 0.1837 0.322304 0.0044521 0.00351677 0.00361261
0.274322 0.283439 0.365484 0.00453397 0.00462059 0.00395272
0.245903 0.134516 0.265379 0.0039879 0.00328244 0.00341469
0.25278 0.17881 0.289116 0.00476194 0.00290628 0.00341469
0.262502 0.309745 0.395612 0.00527511 0.00359826 0.00381571
0.248964 0.202273 0.290609 0.00478639 0.00328071 0.00367432
0.228868 0.180181 0.233348 0.00483628 0.00273026 0.00341469
0.241136 0.257603 0.29416 0.00473731 0.00240906 0.00365633
0.240272 0.336716 0.367991 0.00523573 0.00350356 0.00404917
0.233525 0.163168 0.307072 0.00527625 0.00237162 0.00362306
0.245964 0.166807 0.323937 0.00583502 0.0022151 0.00356641
0.261564 0.243505 0.328741 0.00601287 0.00320638 0.00378807
0.262601 0.301604 0.381034 0.00519169 0.00378396 0.00413019
0.262845 0.144033 0.286621 0.00449398 0.00323103 0.00381682
0.256641 0.151987 0.317772 0.00481554 0.00272532 0.00370247
0.286607 0.28571 0.405845 0.00537792 0.0039187 0.00401642
0.286789 0.217238 0.333947 0.00497899 0.00360146 0.00404138
0.269155 0.141602 0.277928 0.00577955 0.00295039 0.00375186
0.281518 0.26687 0.333738 0.0052112 0.00305355 0.00382092
0.262459 0.191532 0.260885 0.00509748 0.00367267 0.00341469
0.273573 0.17021 0.261783 0.00547701 0.00346097 0.00386176
0.287049 0.28365 0.375785 0.00502354 0.0038191 0.00424286
0.290974 0.18382 0.26074 0.00421815 0.00363435 0.00390539
0.286779 0.163518 0.258729 0.00472607 0.00357954 0.00399499
0.303474 0.31203 0.373888 0.00617688 0.00441428 0.00422335
0.296358 0.281711 0.41003 0.00663869 0.00430126 0.00434928
0.286476 0.17091 0.292174 0.00574999 0.00412001 0.00394918
0.286687 0.229058 0.331637 0.00521429 0.00378535 0.00403172
0.28691 0.30584 0.388186 0.00463242 0.00431116 0.00423055
0.286826 0.181196 0.300113 0.00470715 0.00339785 0.00405446
0.293041 0.23606 0.305899 0.00496096 0.003707 0.00427611
0.29719 0.337744 0.383445 0.00480612 0.0043408 0.00434928
0.286762 0.190647 0.293589 0.00473512 0.0035074 0.00402287
0.312612 0.194079 0.307801 0.00506642 0.00326111 0.00421278
0.308708 0.249366 0.306249 0.00522143 0.00323 0.00419903
0.299062 0.309548 0.387357 0.00469226 0.00448257 0.00423813
0.303256 0.163751 0.288788 0.00412717 0.00350094 0.00408727
0.310503 0.175862 0.267332 0.00416541 0.00332866 0.00410758
0.33047 0.250991 0.272177 0.00350368 0.00403624 0.00436013
0.353279 0.158454 0.132612 0.0030826 0.00398045 0.00403563
0.330934 0.201196 0.0991638 0.00338224 0.00479014 0.00398018
0.365517 0.35272 0.217328 0.00372403 0.00474226 0.00538413
0.345738 0.205695 0.238235 0.00318153 0.00399224 0.00475575
0.345862 0.178783 0.205164 0.00385269 0.00414862 0.0044319
0.350188 0.261476 0.274154 0.0042163 0.00459828 0.00461676
0.370004 0.300321 0.332932 0.00392037 0.0054707 0.00525818
0.334491 0.13417 0.251258 0.00401169 0.00423642 0.00450575
0.329158 0.160814 0.260918 0.00426896 0.00471242 0.00420462
0.354517 0.288355 0.349746 0.00446549 0.0055081 0.0048107
0.3389 0.26275 0.337066 0.00440169 0.00533225 0.0048263
0.328001 0.195698 0.256365 0.00480735 0.00460895 0.00432331
0.332133 0.258503 0.297852 0.00484089 0.00414572 0.00413889
0.357242 0.325221 0.352591 0.0048267 0.00602552 0.00476151
0.325778 0.196801 0.265481 0.00461701 0.00463785 0.00422521
0.325592 0.20848 0.268017 0.00429582 0.00396556 0.00405918
0.351051 0.320107 0.38133 0.00460646 0.00568588 0.00481241
0.321471 0.200749 0.255313 0.00422367 0.00494574 0.00430918
0.319072 0.0506331 0.21573 0.00455284 0.00411819 0.00405918
0.326334 0.121633 0.0847815 0.00755116 0.00546719 0.00541056
0.301476 0.114952 0.149421 0.00545541 0.0053255 0.00415893
0.334187 0.29676 0.291163 0.00526629 0.00599444 0.00468013
0.318186 0.198284 0.237971 0.00453422 0.00522207 0.00426498
0.299584 0.131655 0.192617 0.00456314 0.00483978 0.00383239
0.309044 0.190552 0.224738 0.00417892 0.0045959 0.0039103
0.343124 0.294549 0.286847 0.00601 0.00641081 0.0047555
0.329944 0.135845 0.238481 0.00555117 0.00561406 0.00426499
0.322308 0.123373 0.245786 0.00503488 0.00504677 0.00415641
0.367499 0.269334 0.333463 0.00541223 0.00549111 0.0049339
0.36594 0.153619 0.284528 0.00575935 0.00561883 0.00505132
0.396783 0.121746 0.28795 0.00692476 0.00663037 0.00533106
0.443491 0.206846 0.368994 0.0061859 0.00669503 0.00626498
0.472682 0.168436 0.357403 0.00669651 0.0077717 0.0066359
0.471411 0.105102 0.326065 0.00735837 0.00743816 0.00713321
0.474782 0.21835 0.383421 0.00589343 0.00631205 0.00732767
0.494252 0.146595 0.290858 0.00723364 0.00741954 0.00785134
0.485266 0.105135 0.278359 0.00705205 0.00706016 0.00767406
0.476292 0.239366 0.354078 0.00570342 0.00671183 0.0073471
0.478458 0.189248 0.322588 0.00522023 0.00665506 0.00765785
0.486029 0.104351 0.27613 0.00658691 0.00703779 0.00778035
0.506754 0.235684 0.335027 0.00777959 0.00688863 0.00812663
0.478525 0.264213 0.369972 0.00619849 0.00678887 0.00783705
0.478797 0.101225 0.318872 0.00714735 0.00692588 0.00765785
0.48909 0.164717 0.309959 0.00690594 0.00691147 0.00784965
0.496726 0.264448 0.420988 0.00562935 0.00666194 0.00794103
0.472085 0.114325 0.30751 0.00564304 0.00579963 0.00765785
0.492762 0.122896 0.299692 0.00680394 0.00592873 0.00765785
0.488521 0.217918 0.356401 0.00649035 0.00635671 0.00765785
0.492547 0.256824 0.380856 0.00598283 0.00661557 0.00774342
0.467196 0.105411 0.304035 0.00679386 0.00582696 0.00754228
0.457543 0.121029 0.316489 0.00701826 0.00587835 0.00723475
0.465449 0.192637 0.34364 0.00658624 0.00640735 0.00723475
0.468175 0.273158 0.31338 0.00688209 0.00698561 0.00770868
0.431881 0.109943 0.302272 0.00579845 0.00502006 0.00717814
0.441353 0.141696 0.327106 0.00635205 0.00517398 0.00723475
0.445523 0.299145 0.386389 0.00688493 0.00595367 0.00723475
0.412279 0.156643 0.324806 0.00667398 0.00549469 0.00648947
0.411037 0.144256 0.329702 0.00701235 0.00461401 0.00669239
0.435291 0.265057 0.386615 0.00678866 0.00547388 0.00712533
0.410793 0.294808 0.43132 0.00630334 0.00669792 0.00739249
0.417009 0.144662 0.348899 0.0068243 0.00604254 0.00710728
0.428404 0.206692 0.34184 0.00786305 0.00621405 0.00708594
0.434856 0.314806 0.43658 0.00695146 0.0068056 0.00716715
0.408949 0.159007 0.392682 0.00744986 0.00614164 0.00706427
0.425424 0.142859 0.35095 0.00809764 0.00692225 0.00712463
0.421583 0.285986 0.406358 0.00742434 0.00668904 0.00685771
0.410843 0.236997 0.386216 0.00663717 0.00757215 0.00669239
0.403393 0.141288 0.321327 0.00722104 0.00626599 0.00635491
0.429367 0.208671 0.365842 0.00683993 0.00611589 0.00669239
0.449718 0.316528 0.434722 0.00634236 0.00684431 0.00711413
0.440446 0.154636 0.355627 0.00704739 0.00634998 0.00675702
0.450143 0.180786 0.331169 0.00787352 0.00682782 0.00693229
0.447666 0.322193 0.37795 0.00710139 0.0070556 0.00684625
0.440129 0.170853 0.343377 0.00604254 0.00598044 0.00669239
0.435459 0.14593 0.301944 0.00705768 0.00626443 0.00676287
0.444647 0.288939 0.438543 0.007068 0.00583576 0.00713822
0.449303 0.216631 0.396115 0.00732528 0.00571222 0.00719946
0.449875 0.11098 0.316868 0.00747197 0.00648981 0.00690569
0.451983 0.206154 0.376974 0.00479197 0.00592083 0.00686643
0.470462 0.297362 0.409638 0.00539602 0.00596434 0.00721746
0.458723 0.151776 0.322972 0.00616174 0.00543255 0.00706853
0.454263 0.189944 0.264044 0.00659233 0.00588221 0.00707857
0.454587 0.33577 0.41516 0.00569797 0.00620661 0.00707616
0.463694 0.248105 0.377203 0.00554001 0.00596045 0.00698415
0.455006 0.149481 0.2862 0.00521652 0.00504409 0.00702458
0.470478 0.190478 0.278724 0.00583123 0.00474544 0.00739971
0.468102 0.33236 0.411553 0.00558465 0.00585271 0.00692258
0.452754 0.205919 0.296018 0.00582195 0.00570944 0.00692258
0.453098 0.181649 0.299203 0.00601213 0.00516423 0.00692258
0.464468 0.245643 0.318111 0.00499741 0.00499249 0.00703998
0.474546 0.31511 0.359917 0.0047278 0.00602174 0.00717853
0.444058 0.155147 0.290524 0.00451417 0.00442783 0.00692257
0.426893 0.182326 0.271723 0.00564796 0.0050538 0.0068293
0.446145 0.337697 0.385456 0.00528094 0.00560891 0.00670652
0.433823 0.223031 0.332457 0.00465345 0.0053824 0.00647852
0.395923 0.166252 0.259061 0.00514782 0.00474795 0.0059655
0.381725 0.252827 0.288322 0.00481633 0.00481719 0.00580723
0.410844 0.354853 0.352471 0.00473603 0.00581069 0.00597264
0.397188 0.168146 0.241002 0.00494055 0.00442913 0.00567723
0.367254 0.162766 0.188932 0.00310537 0.00353653 0.00529725
0.383289 0.251006 0.162739 0.00423619 0.00456682 0.00567862
0.417419 0.332149 0.262492 0.00530451 0.0055903 0.00602976
0.393669 0.163388 0.183544 0.00600342 0.00559203 0.00545351
0.382875 0.160506 0.147898 0.00462819 0.00461968 0.00566112
0.395049 0.227086 0.185688 0.00478257 0.00441958 0.0056704
0.418254 0.298061 0.25824 0.00512105 0.00445444 0.00580723
0.386724 0.152974 0.146635 0.00511027 0.00522326 0.00558095
0.372613 0.158868 0.159266 0.00486102 0.00370403 0.00507393
0.410054 0.325655 0.262586 0.00626465 0.00563937 0.00621847
0.408703 0.217618 0.207314 0.00522627 0.00477052 0.00596283
0.392175 0.161213 0.139124 0.00514659 0.00539078 0.00548367
0.413291 0.263238 0.183171 0.00551498 0.00553956 0.00599879
0.432202 0.294801 0.194778 0.00596175 0.00636355 0.00635033
0.425262 0.14768 0.127055 0.00467794 0.00564221 0.00590363
0.4206 0.20381 0.160788 0.00409565 0.00483467 0.0060163
0.450994 0.356195 0.254141 0.00436865 0.00529702 0.00661682
0.444818 0.216634 0.197809 0.00444476 0.00551257 0.00619086
0.448956 0.184959 0.159062 0.00473153 0.00599609 0.00624845
0.460763 0.280786 0.183635 0.00497246 0.00573251 0.0063512
0.455978 0.294523 0.205205 0.00472336 0.00609003 0.00641494
0.446985 0.164044 0.153487 0.00433169 0.0055084 0.00619086
0.453992 0.224812 0.179651 0.00435016 0.00524681 0.00632833
0.461353 0.344258 0.241369 0.00408579 0.00588885 0.00669012
0.450219 0.181195 0.157213 0.00412751 0.00500691 0.00646497
0.441129 0.18694 0.134028 0.0040257 0.00558502 0.00619086
0.452572 0.299496 0.226787 0.00392038 0.00500691 0.00640884
0.44863 0.286064 0.225239 0.00378822 0.00601284 0.00619086
0.449773 0.182064 0.169868 0.00408168 0.00564169 0.00619086
0.460747 0.257918 0.195517 0.00430283 0.0053049 0.00619086
0.470743 0.361589 0.255928 0.00465911 0.00679526 0.00679323
0.447287 0.214242 0.211494 0.004342 0.00605874 0.00619086
0.402237 0.1697 0.1343 0.00377964 0.00463512 0.00561583
0.404276 0.1848 0.116239 0.00356954 0.00525768 0.00561583
0.408008 0.268826 0.196959 0.00240872 0.00388822 0.00561583
0.438687 0.319221 0.222542 0.00183217 0.00560917 0.00619468
0.400871 0.190612 0.142139 0.00255585 0.00476455 0.00542978
0.399252 0.231024 0.166232 0.00303932 0.00457678 0.00561583
0.440208 0.349993 0.24252 0.00234459 0.00606961 0.00655647
0.423609 0.192694 0.163109 0.00289301 0.00522736 0.00593132
0.40762 0.192863 0.151904 0.00326722 0.00466007 0.00579497
0.439767 0.309174 0.187591 0.00330739 0.00553899 0.0062904
0.422059 0.338041 0.234108 0.00259719 0.00601289 0.00632772
0.413531 0.173047 0.144376 0.00282537 0.00509833 0.00597107
0.405676 0.214364 0.135418 0.00293554 0.00482834 0.00576186
0.439942 0.342814 0.226375 0.00225245 0.00554015 0.0064177
0.419016 0.228687 0.162093 0.00256961 0.00498393 0.00615355
0.414027 0.228514 0.145836 0.00301639 0.00421814 0.00603213
0.419778 0.312643 0.152498 0.00347913 0.00479863 0.0062288
0.429791 0.34714 0.249781 0.00237523 0.0054769 0.00644523
0.419199 0.201948 0.17375 0.00275238 0.00518602 0.0058832
0.405416 0.209454 0.170013 0.00287361 0.00456039 0.00576968
0.439826 0.322618 0.198612 0.00291621 0.00529408 0.00644508
0.447038 0.272005 0.208343 0.00234429 0.00545105 0.00643178
0.41357 0.199743 0.149926 0.00302143 0.00469068 0.00561583
0.418999 0.262376 0.168637 0.0026525 0.00421996 0.00600219
0.439788 0.373676 0.195033 0.0034055 0.00622047 0.00650919
0.403933 0.232799 0.134843 0.00263332 0.00511612 0.00581635
0.319837 0.239209 0.114265 0.00240862 0.00362974 0.00468501
0.396304 0.360979 0.230462 0.00235514 0.0049588 0.00607684
0.396143 0.280817 0.126948 0.00263523 0.00587533 0.00586297
0.357885 0.228125 0.119319 0.0022634 0.00535892 0.00481857
0.402025 0.323703 0.226897 0.00257494 0.00530824 0.0060866
0.402098 0.303737 0.212179 0.00254212 0.00550796 0.00615301
0.335188 0.190712 0.104085 0.00285266 0.00476893 0.00498215
0.294185 0.273559 0.10648 0.00334949 0.00437115 0.00457954
0.342002 0.335943 0.167792 0.00251198 0.004825 0.00538169
0.306297 0.207688 0.0994012 0.00286618 0.00411868 0.00457954
0.296969 0.262754 0.104673 0.00323258 0.00385585 0.00457954
0.328246 0.353584 0.189802 0.0029907 0.00399817 0.0053701
0.306248 0.206279 0.104189 0.00317679 0.00421796 0.00457954
0.261417 0.225817 0.0578133 0.00259017 0.00434303 0.00406476
0.300364 0.320604 0.139999 0.00253451 0.00378479 0.00491825
0.312305 0.310033 0.149424 0.00233959 0.00386148 0.00531725
0.266265 0.192596 0.091543 0.0026718 0.00345836 0.00406476
0.248533 0.235984 0.107208 0.00268825 0.00265428 0.00406476
0.294483 0.34091 0.168234 0.00169596 0.00342956 0.00508414
0.276342 0.217562 0.123833 0.00145206 0.00325188 0.00464106
0.245762 0.217875 0.0872774 0.00202757 0.00307996 0.00413041
0.285637 0.356425 0.140428 0.00173506 0.00359258 0.00498061
0.285487 0.273988 0.122045 0.00154238 0.00360305 0.00490574
0.263876 0.202927 0.0841265 0.00235215 0.00297854 0.00437839
0.264031 0.28077 0.112945 0.00243446 0.00300956 0.00449805
0.296397 0.359072 0.160837 0.00243446 0.0034555 0.00507538
0.260226 0.219522 0.112749 0.00232666 0.00297664 0.00481818
0.250012 0.219994 0.0806315 0.00234112 0.00276134 0.00408927
0.286174 0.35966 0.177988 0.00196272 0.00328249 0.00525835
0.266687 0.243684 0.119695 0.00217268 0.00302116 0.00468426
0.272095 0.223263 0.108756 0.00252905 0.00276394 0.00445568
0.285474 0.30484 0.126714 0.00250574 0.00309863 0.00486782
0.288569 0.369669 0.191401 0.00181059 0.00395361 0.0053451
0.270027 0.228438 0.131732 0.00258906 0.00301374 0.00473853
0.260262 0.260223 0.127037 0.00252734 0.00257619 0.00445568
0.294817 0.360195 0.192417 0.00226183 0.0031606 0.0051684
0.29332 0.25462 0.162539 0.00226242 0.00294703 0.0048806
0.279943 0.233787 0.0975076 0.00319883 0.00360282 0.00445568
0.304967 0.360347 0.166197 0.00287153 0.00365071 0.00506743
0.299348 0.234115 0.122356 0.00261492 0.00294067 0.00503972
0.293651 0.210954 0.104454 0.0027183 0.0026707 0.00445568
0.310051 0.328395 0.186386 0.00234593 0.00282126 0.0051119
0.308804 0.29317 0.156149 0.00239871 0.00296862 0.00514727
0.298788 0.210369 0.105466 0.00256516 0.00248623 0.00468014
0.320161 0.270076 0.153939 0.00268789 0.00270918 0.00520626
0.328873 0.349967 0.234338 0.00200508 0.00384466 0.00550717
0.314851 0.187631 0.134133 0.00223919 0.00276679 0.00480652
0.323816 0.252471 0.139302 0.00306019 0.00359808 0.00505652
0.341929 0.315186 0.218346 0.00242693 0.0040991 0.00555971
0.324668 0.186908 0.144834 0.00286817 0.00347572 0.00480652
0.328458 0.247786 0.130938 0.00349439 0.00382682 0.00480652
0.350672 0.356594 0.209584 0.00328987 0.00374093 0.00576846
0.323229 0.223267 0.130561 0.00290196 0.0034576 0.00480652
0.320191 0.15111 0.132111 0.00370968 0.00342591 0.00480652
0.325126 0.242351 0.100028 0.00391266 0.00427663 0.00480652
0.363556 0.340811 0.189473 0.00391266 0.00420358 0.00606199
0.345774 0.226526 0.13746 0.00371399 0.00508504 0.0052159
0.327493 0.16465 0.087694 0.00343056 0.00488348 0.00452321
0.345216 0.286125 0.188993 0.00278153 0.00363465 0.00520823
0.351326 0.246821 0.158245 0.00225139 0.00455878 0.00518836
0.323312 0.180736 0.112743 0.00253319 0.00410113 0.00453139
0.349452 0.331834 0.166281 0.00292719 0.0041715 0.00551773
0.362817 0.314992 0.195751 0.00278765 0.00413608 0.00561436
0.345153 0.195407 0.1241 0.00295833 0.00407051 0.00488505
0.362869 0.340923 0.140586 0.00351617 0.00444386 0.00564967
0.362374 0.286741 0.151337 0.00228312 0.004871 0.00534288
0.371847 0.206832 0.111679 0.00219014 0.00434723 0.00535752
0.364588 0.278738 0.142939 0.00232713 0.00396272 0.00528725
0.358843 0.375712 0.134965 0.00280293 0.00471275 0.00578299
0.298645 0.201328 0.0965505 0.0026159 0.00358361 0.00453738
0.294722 0.21856 0.0914616 0.00255338 0.00344888 0.00430608
0.323975 0.352148 0.136112 0.00329981 0.0038867 0.00517678
0.307507 0.272182 0.109745 0.00281611 0.00357661 0.0051369
0.2949 0.200686 0.10384 0.00292827 0.00316445 0.00405608
0.304571 0.268521 0.130829 0.00249138 0.00325671 0.00472415
0.312762 0.351143 0.1324 0.00170879 0.00363436 0.00491929
0.288753 0.205406 0.10184 0.00220092 0.00346727 0.00430608
0.29625 0.237426 0.12208 0.00230127 0.00352854 0.00430608
0.314011 0.370001 0.170184 0.00160253 0.0046324 0.00484349
0.299599 0.243035 0.127147 0.00161932 0.0042051 0.00460685
0.281976 0.21556 0.0919216 0.00191298 0.00395095 0.00422581
0.297959 0.314862 0.140599 0.00157741 0.00353303 0.00489742
0.311241 0.32386 0.113549 0.00160615 0.00416515 0.0050044
0.289891 0.204535 0.102328 0.00182579 0.00385797 0.00430608
0.29055 0.232566 0.101692 0.00210668 0.0031277 0.00430608
0.31482 0.379443 0.147895 0.00201084 0.0039643 0.00510009
0.295997 0.258378 0.133164 0.00161267 0.00385944 0.00487135
0.287274 0.227211 0.0951441 0.0021734 0.00378457 0.00448516
0.294637 0.342512 0.165018 0.00173082 0.00359257 0.0050207
0.28867 0.28848 0.142174 0.00137955 0.00374928 0.00488628
0.282106 0.225412 0.0954101 0.00197118 0.0032681 0.00447122
0.285388 0.272295 0.104465 0.00230127 0.00354294 0.00454907
0.297971 0.384583 0.16402 0.00141361 0.00399504 0.00517333
0.29157 0.236507 0.119396 0.00209042 0.00353881 0.00478965
0.302324 0.227423 0.123546 0.00279273 0.00277011 0.00456521
0.302376 0.324567 0.15598 0.00179307 0.00350294 0.00525175
0.30523 0.281508 0.143756 0.0014709 0.00392922 0.0052797
0.291549 0.219782 0.113498 0.00181134 0.00369103 0.00450136
0.292734 0.325 0.157854 0.00107748 0.00373914 0.00491782
0.289178 0.256229 0.11855 0.00101693 0.00428398 0.0047416
0.260286 0.235442 0.0678793 0.00120088 0.00364904 0.00430608
0.28117 0.382227 0.150308 0.00084414 0.00414827 0.00505714
0.273517 0.287295 0.116481 0.00057085 0.00441102 0.00487063
0.252942 0.227777 0.0685312 0.00095723 0.00380775 0.00430608
0.281642 0.346014 0.140159 0.00123697 0.00332943 0.00490803
0.278059 0.266088 0.0791584 0.000795 0.00402658 0.00478334
0.245608 0.237745 0.0636131 0.00058369 0.00440776 0.00419427
0.26916 0.376158 0.161827 0.0003349 0.00427406 0.00469342
0.269021 0.283038 0.133722 0.00082524 0.00427563 0.00451417
0.275817 0.237255 0.070249 0.00134041 0.00428583 0.00430608
0.277629 0.336322 0.122966 0.00070596 0.00415134 0.00461658
0.280977 0.32647 0.125978 0.00079226 0.00392034 0.00483324
0.277058 0.2072 0.0703135 0.00134949 0.0038411 0.00435913
0.272133 0.266772 0.0882877 0.00131886 0.00385108 0.00436324
0.279588 0.359499 0.131215 0.00067407 0.00402434 0.00455527
0.259518 0.20804 0.0491213 0.00170888 0.00402496 0.00409376
0.238475 0.21832 0.0595677 0.00165467 0.00322824 0.00390415
0.257939 0.358424 0.0900347 0.00176872 0.00393138 0.00443012
0.274659 0.362697 0.0842732 -2.737e-05 0.00472367 0.00444764
0.252925 0.168674 0.0474613 7.222e-05 0.00394163 0.00391909
0.249372 0.168719 0.0572648 0.0005204 0.00352697 0.00393988
0.241303 0.219574 0.0486245 0.00094741 0.00373788 0.00386384
0.266031 0.308531 0.0914816 0.00052078 0.00422018 0.00444576
0.239822 0.226447 0.0132275 0.00095849 0.00411346 0.0040167
0.227944 0.279433 0.0505673 0.00084803 0.00416575 0.00368717
0.25738 0.402417 0.0838411 0.00043021 0.0039364 0.00435457
0.237209 0.261506 0.0225812 0.00078007 0.00424474 0.00396594
0.224241 0.261625 0.0543315 0.00139746 0.00406867 0.00372202
0.237768 0.332053 0.0535909 0.00100704 0.00401959 0.00392964
0.251976 0.325816 0.0610705 -5.33e-06 0.00408123 0.00408328
0.234303 0.194061 0.042182 0.00093469 0.00378459 0.00386646
0.220528 0.22715 0.0423345 0.00099519 0.00322354 0.00351283
0.235601 0.368312 0.0785741 0.00056878 0.00414238 0.00408695
0.237904 0.257576 0.0436359 0.0002284 0.00404222 0.00399276
0.226388 0.238137 0.0510795 0.00086414 0.00353485 0.0038055
0.237 0.32134 0.0599722 0.00105137 0.00387213 0.00392017
0.261257 0.404983 0.0788762 -1.386e-05 0.00447811 0.00437151
0.242805 0.255186 0.0184351 0.00054608 0.00408717 0.00406515
0.220229 0.264907 0.0455432 0.00061704 0.00393387 0.00342497
0.239406 0.370583 0.0818478 -0.000215 0.00437118 0.00411712
0.232668 0.280573 0.0143015 0.00030769 0.00428069 0.00406443
0.225529 0.244444 0.0122253 0.001644 0.00417124 0.0038561
0.236873 0.33281 0.0100461 0.00122209 0.00397718 0.00407546
0.228524 0.235213 -0.0227838 -0.00040741 0.00446092 0.00406877
0.216323 0.190777 -0.0707717 0.00027027 0.00397337 0.00400891
0.235166 0.28171 -0.0406506 0.00036786 0.00432652 0.00402931
0.255648 0.377398 -0.0554722 0 0.00465535 0.00459996
