0 0.137453 0.199142 -0.00159784 0 0
0 0.0259591 0.134623 -0.00037099 0 0
1e-08 0.158284 0.160571 -0.00057653 0 0
0 0.292588 0.184971 -0.00077301 0 0
-0.0177126 0.114767 0.131176 -0.0002976 -0.00030555 0.00025584
-0.0214459 0.141305 0.146101 -0.00081017 -0.00050007 5.198e-05
-0.0150327 0.27885 0.237646 -0.0016321 -0.00029633 0.00013399
-0.0250136 0.131136 0.154577 -0.00068742 -0.00057798 9.333e-05
-0.0267835 0.101701 0.0872438 0.00041787 -0.00060067 -8.516e-05
-0.0236753 0.142527 0.0985959 0.00026808 -0.00053305 4.136e-05
-0.0222972 0.100755 0.107374 -0.00049723 -0.00053776 -0.00059987
-0.0236112 0.242378 0.233062 -0.00103844 -0.00040737 -0.00020452
-0.0173942 0.286298 0.238091 -0.00076676 -0.00017899 -0.00016796
-0.0272619 0.0664107 0.207985 -0.00088697 -0.00051409 -6.495e-05
-0.0320438 0.099591 0.204476 -0.00154144 -0.00071696 -0.00015956
-0.0194166 0.292647 0.286022 -0.00207012 -0.00031017 -5.926e-05
-0.0251093 0.141438 0.199047 -0.00034727 -0.00060648 0.00015469
-0.0346975 0.0988893 0.20541 -0.00147284 -0.00087036 0.00022513
-0.0224375 0.318067 0.271082 -0.00125692 -0.00058602 9.77e-05
-0.0130183 0.317197 0.238044 -0.00050813 -0.00010537 -2.093e-05
-0.0281452 0.0931546 0.240321 -0.00141697 -0.0006709 0.00013901
-0.0315381 0.12872 0.208427 -0.00102316 -0.0007035 6.064e-05
-0.0273281 0.271929 0.223586 -0.00074866 -0.00064025 0.0001447
-0.0357194 0.146279 0.203228 -0.00122634 -0.00081841 7.999e-05
-0.0372313 0.166131 0.19051 -0.00119128 -0.00077722 -5.906e-05
-0.0371526 0.176504 0.166561 -0.00119128 -0.00087082 -0.00056606
-0.040583 0.202766 0.172085 -0.00083882 -0.00088172 -0.00023283
-0.0227948 0.353001 0.290658 -0.00148529 -0.00039025 -4.116e-05
-0.029978 0.13887 0.225676 -0.0010019 -0.00064025 -0.00022681
-0.0318253 0.0902038 0.194598 -0.00100271 -0.00070334 -0.00023426
-0.0265576 0.201427 0.222481 -0.00150096 -0.00051813 -0.00022681
-0.0310763 0.130932 0.17678 -0.00082781 -0.00064025 -0.00040141
-0.0442978 0.352558 0.363406 -0.00210549 -0.00089728 -0.00043228
-0.0416107 0.234817 0.305864 -0.00189766 -0.00098966 -0.0002696
-0.0415218 0.121676 0.252772 -0.0017514 -0.0009264 -0.00026195
-0.0462609 0.30278 0.329994 -0.00271702 -0.00099931 -0.00026451
-0.0417118 0.269861 0.306887 -0.0025495 -0.0009418 -0.000366
-0.0495954 0.147029 0.219391 -0.000945 -0.00124531 -0.00033228
-0.0489383 0.213288 0.260112 -0.00246958 -0.00109474 -0.00022257
-0.0477612 0.213252 0.252591 -0.00260623 -0.00123198 -0.00042402
-0.0498688 0.392216 0.416267 -0.00359952 -0.00107852 -0.00020862
-0.047429 0.242079 0.26317 -0.00149012 -0.00099671 -0.00036249
-0.0528887 0.16796 0.285921 -0.00269586 -0.00120858 -0.0004166
-0.0562769 0.367094 0.424349 -0.00393684 -0.00111463 -0.0005142
-0.0499149 0.290686 0.394526 -0.00338015 -0.00105433 -0.00042271
-0.0564047 0.14931 0.305136 -0.0025071 -0.00133491 -0.00061016
-0.054155 0.251531 0.35927 -0.00363811 -0.00121267 -0.00044323
-0.0507704 0.302225 0.295137 -0.00199844 -0.00105433 -0.00039803
-0.0488192 0.208168 0.298941 -0.00343593 -0.00118624 -0.0004088
-0.0529529 0.405556 0.461719 -0.00446609 -0.00126303 -0.00054433
-0.0549258 0.283289 0.402589 -0.00371628 -0.00130381 -0.00050905
-0.0549188 0.201706 0.281778 -0.00232166 -0.00141737 -0.00038931
-0.0544732 0.357734 0.374598 -0.00258676 -0.00132839 -0.00045567
-0.0552557 0.367545 0.45646 -0.00421935 -0.00105433 -0.00052568
-0.0624238 0.182328 0.385624 -0.00331708 -0.00145245 -0.00065325
-0.0569517 0.186093 0.294233 -0.00279707 -0.00156397 -0.00047884
-0.0507554 0.234404 0.278971 -0.00355663 -0.00126692 -0.00057118
-0.0559814 0.35089 0.406731 -0.00411572 -0.0013967 -0.00057118
-0.0577995 0.437398 0.475764 -0.00468966 -0.00134736 -0.00057118
-0.0599679 0.227819 0.341847 -0.00303134 -0.00168426 -0.0006869
-0.0594316 0.225721 0.344659 -0.00317832 -0.00166079 -0.00039258
-0.059169 0.44353 0.48845 -0.00475203 -0.00163197 -0.00038755
-0.0596138 0.283142 0.400065 -0.0034004 -0.0014293 -0.00048924
-0.042605 0.116932 0.251016 -0.00212056 -0.0024821 -8.475e-05
0.0198295 0.142156 0.0888389 -0.00147557 -0.00120803 -0.000951
0.0301313 0.297754 0.343634 -0.00500102 0.00010608 -0.00128233
0.0147378 0.393783 0.371036 -0.00687606 0.00021135 -0.00122033
0.00818701 0.420201 0.307092 -0.00637581 0.00107932 -0.000951
0.0288048 0.201691 0.21216 -0.0076694 0.00172893 -0.00177842
0.0146506 0.386304 0.457228 -0.00851258 0.00167088 -0.00177842
0.0156328 0.390875 0.507339 -0.0084189 0.00150875 -0.00143367
0.0121288 0.212382 0.40634 -0.00674613 0.0008833 -0.00114139
0.013438 0.262393 0.370545 -0.00696442 0.00072723 -0.00116047
0.0146359 0.318682 0.367902 -0.00719728 0.00087464 -0.00127618
0.0230717 0.30601 0.326466 -0.00631594 0.00061514 -0.00117987
0.0196879 0.359021 0.334591 -0.006945 0.00030789 -0.00113496
0.026119 0.325271 0.26505 -0.00610372 0.00058526 -0.0011737
0.0233195 0.33994 0.270768 -0.00602951 0.00029509 -0.00141708
0.0161515 0.538451 0.511945 -0.00771095 0.00050966 -0.0012263
0.00351038 0.31417 0.455106 -0.00605507 -6.282e-05 -0.0010418
0.0233241 0.0858436 0.18632 -0.00668681 -0.00010197 -0.0013483
0.0324486 0.220123 0.0878398 -0.00662968 -0.00067218 -0.00063595
0.0156144 0.21477 0.172348 -0.0062241 -0.00069712 -0.00110222
0.0155717 0.121353 0.0883361 -0.00480046 -0.00069455 -0.00110222
0.0116846 0.371228 0.318524 -0.00742491 -0.00045887 -0.00157733
0.00647957 0.327795 0.376311 -0.00725925 -0.00065576 -0.00129989
0.00613099 0.217117 0.280683 -0.00588912 -0.00135097 -0.00113077
0.012478 0.280493 0.186879 -0.00532465 -0.00076294 -0.00119368
0.0126622 0.226722 0.149282 -0.00541955 -0.00057605 -0.00118867
0.0123575 0.215657 0.146755 -0.00518949 -0.000883 -0.0011788
0.0127448 0.284768 0.187825 -0.00635063 -0.00072163 -0.00112383
0.0195622 0.207366 0.162654 -0.00538261 -0.00084973 -0.00121721
0.00480045 0.389775 0.354642 -0.00739722 -0.00055475 -0.00151916
-0.00131486 0.283991 0.26158 -0.00610148 -0.00092298 -0.00127039
-0.00228111 0.191384 0.261188 -0.00623431 -0.00113119 -0.00130942
0.00060784 0.331181 0.293585 -0.00647447 -0.00115309 -0.0012341
0.00186983 0.202208 0.250501 -0.00627606 -0.00105915 -0.00118918
-0.00282617 0.29331 0.322448 -0.00700722 -0.00083009 -0.00110726
-0.00392947 0.373796 0.366648 -0.00723857 -0.00086728 -0.0011192
0.00012243 0.188825 0.151834 -0.00468388 -0.00121329 -0.00161954
0.00896882 0.268208 0.183388 -0.00648514 -0.00086197 -0.00140581
0.00570435 0.282872 0.210783 -0.00704979 -0.00072391 -0.00161447
0.00294611 0.295317 0.244237 -0.00752007 -0.00072391 -0.00160822
-0.00166061 0.351745 0.278397 -0.00749365 -0.00072391 -0.00133275
0.00373044 0.257159 0.240002 -0.00694279 -0.00072391 -0.00147822
-0.00075664 0.42803 0.378098 -0.00847725 -0.00047391 -0.00157443
0.00480765 0.268413 0.333679 -0.00710646 -0.00072391 -0.0012991
0.00103422 0.208952 0.278867 -0.00702743 -0.00131972 -0.00130968
0.0046163 0.2885 0.283302 -0.00711461 -0.00110175 -0.00123417
0.00356376 0.212518 0.23118 -0.006596 -0.00114168 -0.00131302
0.00380055 0.275348 0.226006 -0.00661114 -0.00095191 -0.00137987
0.00461109 0.299597 0.199472 -0.00675077 -0.0008627 -0.00108431
0.0083078 0.219963 0.159205 -0.00600467 -0.00121289 -0.00131197
0.0021998 0.390431 0.315917 -0.00794201 -0.00097892 -0.00116173
-0.00220892 0.291106 0.188994 -0.00519624 -0.00094864 -0.00126586
-0.00368507 0.2048 0.186401 -0.00563571 -0.0010366 -0.00142751
-0.00501744 0.364874 0.336279 -0.00741918 -0.00093297 -0.00147837
-0.00473794 0.280932 0.315835 -0.00713486 -0.0009161 -0.00137626
-0.00536218 0.189421 0.24898 -0.00582626 -0.00130295 -0.00143491
-0.00448747 0.322355 0.342059 -0.00756212 -0.00093677 -0.00128353
-0.00811201 0.303055 0.315343 -0.00743204 -0.00112712 -0.00136134
-0.0127909 0.240223 0.27057 -0.00649958 -0.00143794 -0.00132346
-0.00475762 0.352163 0.214143 -0.00550664 -0.00120685 -0.00130533
-0.00824848 0.271083 0.229538 -0.00620935 -0.0011979 -0.00117976
-0.0109576 0.351636 0.270265 -0.00688512 -0.00142883 -0.00137263
-0.0158882 0.316707 0.266335 -0.00721947 -0.00133774 -0.00142403
-0.0146742 0.274048 0.254439 -0.00636296 -0.00146542 -0.00123943
-0.0192325 0.391775 0.367349 -0.00797584 -0.00132764 -0.00141306
-0.0190589 0.256191 0.266509 -0.00573969 -0.00134276 -0.00131631
-0.0257934 0.257127 0.287085 -0.00629705 -0.00163741 -0.00106516
-0.0260695 0.371679 0.354031 -0.00774643 -0.00169581 -0.0013762
-0.0243052 0.237471 0.294142 -0.00655483 -0.00181193 -0.00127221
-0.0310256 0.24916 0.260601 -0.00613046 -0.00202481 -0.00123654
-0.0242327 0.383314 0.348115 -0.00777725 -0.00160101 -0.00135633
-0.0242431 0.278705 0.303649 -0.00675812 -0.00169581 -0.0013053
-0.0297347 0.294865 0.314725 -0.00685209 -0.00169581 -0.00124287
-0.0318621 0.439485 0.364092 -0.00816492 -0.00176158 -0.00118824
-0.0354935 0.292085 0.310521 -0.00686877 -0.00169581 -0.00130153
-0.0371673 0.256307 0.31961 -0.00663287 -0.00205567 -0.00131686
-0.0397355 0.402382 0.371113 -0.00810181 -0.00178325 -0.0014219
-0.0372346 0.277256 0.339285 -0.00752304 -0.00187214 -0.00151322
-0.0399774 0.2339 0.279172 -0.00627157 -0.00216725 -0.00122499
-0.0388421 0.372475 0.350779 -0.00738273 -0.00184349 -0.00135286
-0.0393659 0.324184 0.329413 -0.0071348 -0.00195693 -0.00125659
-0.0395384 0.261347 0.312164 -0.00696096 -0.00212052 -0.00135699
-0.0422079 0.367362 0.356101 -0.00779478 -0.00214545 -0.00127619
-0.0366466 0.366558 0.351939 -0.00793876 -0.00198698 -0.00130617
-0.0353634 0.256025 0.267702 -0.00623972 -0.00229159 -0.00131991
-0.0343319 0.357862 0.366718 -0.00773603 -0.00206141 -0.00131845
-0.026765 0.361179 0.350659 -0.00760598 -0.00186889 -0.0013958
-0.0371006 0.24629 0.321091 -0.00698463 -0.00229159 -0.00156394
-0.0342055 0.316688 0.279038 -0.00667325 -0.00273244 -0.00122953
-0.0278917 0.27999 0.287782 -0.0070775 -0.00179484 -0.00136366
-0.0344216 0.298345 0.306859 -0.00721451 -0.0020183 -0.00126805
-0.0432202 0.475687 0.445111 -0.00882329 -0.00211748 -0.00140704
-0.0442256 0.359014 0.418834 -0.00781623 -0.00207145 -0.00147413
-0.0453231 0.238018 0.382522 -0.00701792 -0.00259434 -0.00152614
-0.041555 0.261819 0.256678 -0.00568794 -0.00240649 -0.00131624
-0.0445022 0.378366 0.377303 -0.00798261 -0.00255154 -0.0013765
-0.0446085 0.412156 0.392593 -0.0082461 -0.00246646 -0.00139468
-0.0470092 0.287278 0.339147 -0.00734662 -0.00279531 -0.00137302
-0.0496219 0.349081 0.385627 -0.00804983 -0.00287288 -0.00139255
-0.0439439 0.452083 0.411752 -0.0087924 -0.00276918 -0.0014952
-0.0473076 0.313826 0.381411 -0.00749166 -0.00270869 -0.00125214
-0.0420276 0.281855 0.274401 -0.00572991 -0.00287288 -0.00133249
-0.0499487 0.413546 0.437626 -0.00816501 -0.00287288 -0.00145055
-0.0407974 0.32881 0.38966 -0.0074461 -0.00252709 -0.00124784
-0.0442797 0.258247 0.345312 -0.0070878 -0.0024264 -0.00140685
-0.0402721 0.36426 0.377619 -0.00793598 -0.00287288 -0.00120474
-0.0438455 0.294562 0.347187 -0.00737537 -0.0027938 -0.00139391
-0.0402974 0.326854 0.360955 -0.00745572 -0.00287288 -0.00124861
-0.0494663 0.399993 0.401907 -0.00826714 -0.00287288 -0.00170551
-0.0531472 0.28519 0.334981 -0.00715255 -0.00287288 -0.00189921
-0.0552283 0.36714 0.375028 -0.00761718 -0.00287288 -0.00181458
-0.0548102 0.365671 0.392752 -0.00800673 -0.00320435 -0.00175941
-0.05706 0.259152 0.321164 -0.00688361 -0.00302535 -0.00188871
-0.0667557 0.432336 0.464979 -0.00868016 -0.003425 -0.00207822
-0.071347 0.42747 0.504958 -0.00874867 -0.00369467 -0.00187615
-0.0642674 0.256329 0.455162 -0.00741008 -0.00327535 -0.00178344
-0.0585769 0.282827 0.380572 -0.00675378 -0.00327535 -0.00151552
-0.0557718 0.431137 0.428278 -0.00805519 -0.00327535 -0.00155042
-0.0579858 0.313294 0.384247 -0.00721781 -0.00327535 -0.00161965
-0.0636298 0.310654 0.394844 -0.00739078 -0.00338203 -0.00171029
-0.0650492 0.49455 0.470221 -0.0091305 -0.00312966 -0.00190442
-0.0607917 0.362994 0.445016 -0.0079497 -0.00320159 -0.0018658
-0.0714611 0.319985 0.40993 -0.00755639 -0.00368731 -0.00185694
-0.0714953 0.425933 0.463751 -0.00856513 -0.00373514 -0.00187676
-0.0665503 0.391983 0.442806 -0.0080024 -0.00336554 -0.00194919
-0.0661173 0.287477 0.42289 -0.00769282 -0.0037075 -0.00198646
-0.0633473 0.416327 0.504842 -0.00898883 -0.00367875 -0.00184254
-0.0550875 0.654475 0.772514 -0.011427 -0.00317789 -0.00168087
-0.047792 0.340263 0.622544 -0.00858915 -0.00355655 -0.00166119
-0.0642794 0.303678 0.570328 -0.00795109 -0.00363334 -0.00169157
-0.0701326 0.323246 0.528189 -0.00772347 -0.00395164 -0.00187213
-0.0693967 0.409039 0.52471 -0.00840065 -0.00383312 -0.00208249
-0.0732546 0.405283 0.479263 -0.00796264 -0.00392112 -0.00208249
-0.0670715 0.433145 0.475108 -0.00816957 -0.00395184 -0.00191744
-0.0732121 0.447392 0.462552 -0.00841666 -0.00414717 -0.0020163
-0.0709836 0.414481 0.440117 -0.00810791 -0.00418835 -0.00209457
-0.0753344 0.407263 0.428476 -0.00784598 -0.00421312 -0.00228087
-0.069668 0.361467 0.408028 -0.00772996 -0.00400151 -0.00220192
-0.0741925 0.420624 0.495339 -0.00867619 -0.00401316 -0.00212362
-0.0734793 0.348341 0.465827 -0.00763159 -0.00438569 -0.00214391
-0.074087 0.284161 0.469243 -0.00758309 -0.00438569 -0.00213827
-0.071965 0.481154 0.584276 -0.00953977 -0.00438569 -0.00222323
-0.0652663 0.388845 0.526549 -0.00895816 -0.00398559 -0.00186407
-0.0709987 0.259459 0.479382 -0.00751264 -0.00427225 -0.00204499
-0.0714602 0.324289 0.48498 -0.00803727 -0.00439074 -0.00215592
-0.0745117 0.517565 0.516715 -0.00941037 -0.00382556 -0.0022001
-0.0725545 0.388811 0.456514 -0.00799084 -0.00347519 -0.0023427
-0.0711753 0.353295 0.445985 -0.00794554 -0.0040516 -0.00243041
-0.0644425 0.482028 0.51043 -0.00923031 -0.00401346 -0.00228962
-0.0682807 0.530171 0.536919 -0.0100364 -0.00408375 -0.00229218
-0.0755737 0.322162 0.500389 -0.00820535 -0.00402343 -0.00247973
-0.0845381 0.300122 0.483832 -0.00800043 -0.0043175 -0.00258074
-0.0859324 0.40957 0.522453 -0.00864773 -0.00457071 -0.00248069
-0.0850262 0.341418 0.43481 -0.00724729 -0.00467198 -0.00255756
-0.0848079 0.324029 0.440537 -0.0071978 -0.00467198 -0.00256243
-0.0859421 0.493038 0.585849 -0.00921455 -0.00467198 -0.00278148
-0.0787264 0.491622 0.579399 -0.00906256 -0.00456451 -0.00278148
-0.0809903 0.32741 0.491705 -0.00784548 -0.0046678 -0.00220435
-0.0858177 0.409913 0.535118 -0.00877431 -0.00516767 -0.00222797
-0.0860656 0.548778 0.613656 -0.0101284 -0.00487564 -0.00232973
-0.0873565 0.343227 0.501083 -0.00789744 -0.00495854 -0.00240793
-0.0855221 0.331249 0.492778 -0.00803831 -0.00510623 -0.00200734
-0.0830499 0.489132 0.551007 -0.00917907 -0.00493519 -0.00235987
-0.0842069 0.365882 0.497126 -0.00812927 -0.00501886 -0.00221893
-0.087408 0.345976 0.498363 -0.00786657 -0.00560249 -0.00199084
-0.08595 0.520567 0.581177 -0.00956323 -0.00542997 -0.00229075
-0.0936224 0.421945 0.525149 -0.00837205 -0.00551544 -0.00246824
-0.0874574 0.3479 0.514167 -0.00802378 -0.00566678 -0.00197624
-0.0865684 0.459566 0.545259 -0.00898236 -0.00565212 -0.00226302
-0.09168 0.35698 0.471064 -0.00803791 -0.00560169 -0.00185892
-0.0962093 0.38896 0.502165 -0.00804766 -0.00606121 -0.0022787
-0.0906685 0.535819 0.608387 -0.010058 -0.0055368 -0.00162078
-0.0883691 0.349751 0.52531 -0.00796752 -0.00594012 -0.00179751
-0.0861064 0.346701 0.531035 -0.00810415 -0.00594309 -0.00170817
-0.0861267 0.477608 0.606728 -0.00968616 -0.00594309 -0.00188518
-0.0873224 0.356932 0.520238 -0.00806238 -0.00588915 -0.00188132
-0.0888316 0.352641 0.501871 -0.00810329 -0.00608858 -0.00191091
-0.0862644 0.559653 0.630099 -0.0104206 -0.00593916 -0.00171528
-0.0842408 0.422334 0.574927 -0.00895057 -0.00555349 -0.00167023
-0.0840565 0.327302 0.493681 -0.00801935 -0.00546355 -0.00194183
-0.0835257 0.434692 0.532551 -0.00931061 -0.00590173 -0.00165961
-0.0793755 0.373459 0.46791 -0.00831183 -0.0059798 -0.00198656
-0.0778816 0.383723 0.486222 -0.00836225 -0.0060335 -0.00190728
-0.0716527 0.421851 0.490283 -0.00876052 -0.00587078 -0.00192742
-0.0714062 0.3543 0.477367 -0.00814348 -0.0056607 -0.0020346
-0.0965781 0.590886 0.703033 -0.0106866 -0.00606032 -0.00230258
-0.085416 0.418409 0.646163 -0.00959937 -0.00624381 -0.00196725
-0.0871001 0.314913 0.590051 -0.00837334 -0.00615796 -0.00230258
-0.0837351 0.46653 0.648282 -0.00994278 -0.00578455 -0.00230258
-0.0904452 0.445753 0.610717 -0.00958177 -0.00596565 -0.00216898
-0.0889988 0.344437 0.534846 -0.00775182 -0.00598145 -0.00174798
-0.0837498 0.455943 0.573914 -0.00920674 -0.0060629 -0.00230258
-0.0806918 0.48823 0.582941 -0.00946683 -0.00546356 -0.00223796
-0.0778815 0.38094 0.499928 -0.00816257 -0.0055489 -0.00198837
-0.0795201 0.421138 0.525153 -0.00880724 -0.00568806 -0.00220651
-0.07742 0.407765 0.486405 -0.00855143 -0.00546356 -0.00230258
-0.0829016 0.440724 0.555963 -0.00923684 -0.00579376 -0.002232
-0.0863615 0.579825 0.681443 -0.0108285 -0.00522639 -0.00186618
-0.0844767 0.399062 0.624813 -0.00926957 -0.00565321 -0.00222833
-0.086467 0.310124 0.527285 -0.00803199 -0.00572624 -0.00196637
-0.0853572 0.438063 0.603081 -0.0095247 -0.00575945 -0.00195874
-0.0815572 0.429733 0.59536 -0.00916507 -0.00566127 -0.00220534
-0.0895522 0.336802 0.510694 -0.00802132 -0.00592174 -0.0020308
-0.0904038 0.517832 0.59512 -0.010171 -0.00572643 -0.0023948
-0.080495 0.467506 0.578683 -0.00950847 -0.00535387 -0.00217
-0.0805467 0.370815 0.540718 -0.00853944 -0.00556133 -0.00191741
-0.0834337 0.543964 0.641806 -0.0102637 -0.00535387 -0.0021806
-0.0856206 0.436287 0.564963 -0.00905954 -0.00572476 -0.00205815
-0.0839806 0.354552 0.54109 -0.00886754 -0.00558451 -0.00217221
-0.0757533 0.518198 0.648417 -0.0105642 -0.00501402 -0.002361
-0.0797634 0.425468 0.570999 -0.00937471 -0.00557862 -0.001729
-0.0823135 0.317092 0.528769 -0.00874481 -0.00543194 -0.00231571
-0.081167 0.537179 0.659333 -0.0107325 -0.00521137 -0.00212329
-0.0824028 0.473329 0.62729 -0.0098413 -0.00527877 -0.00232362
-0.0827758 0.352419 0.551145 -0.00887526 -0.00543998 -0.00234812
-0.0795262 0.471005 0.611089 -0.0101982 -0.00556184 -0.00235988
-0.0758353 0.551189 0.639293 -0.0107515 -0.0052156 -0.00217748
-0.0796556 0.381081 0.577037 -0.00884217 -0.00541806 -0.00203583
-0.0763953 0.390961 0.521387 -0.00858055 -0.00576821 -0.00225265
-0.0738464 0.471876 0.568438 -0.00995888 -0.005695 -0.00221145
-0.0777549 0.384901 0.507535 -0.00914606 -0.00620156 -0.00219593
-0.0803172 0.467167 0.578682 -0.0104589 -0.00632004 -0.00260108
-0.0826887 0.452478 0.517567 -0.00948948 -0.00629249 -0.00242174
-0.080667 0.380407 0.522406 -0.0100386 -0.00647945 -0.00292001
-0.0771599 0.592297 0.696053 -0.0120275 -0.00556255 -0.00255722
-0.0738497 0.487785 0.661504 -0.0108841 -0.00521226 -0.00243872
-0.0789243 0.321497 0.566144 -0.00915926 -0.00569492 -0.00252592
-0.0709567 0.361485 0.559722 -0.00932011 -0.00589382 -0.00241822
-0.0698547 0.435372 0.568883 -0.00976193 -0.00581286 -0.00207232
-0.0648833 0.35455 0.501066 -0.00888191 -0.00613697 -0.00232819
-0.0647694 0.446773 0.518884 -0.00982836 -0.00613697 -0.00231453
-0.064864 0.410827 0.477054 -0.00927556 -0.00572865 -0.00245743
-0.0650928 0.449177 0.495291 -0.00976615 -0.00569334 -0.00254011
-0.0734098 0.462621 0.505808 -0.00999468 -0.00613697 -0.00238772
-0.062246 0.347437 0.465312 -0.00933133 -0.00566492 -0.0024978
-0.0649841 0.512871 0.612213 -0.0112796 -0.00547173 -0.00254354
-0.0666817 0.499782 0.645979 -0.0108682 -0.00511965 -0.00240633
-0.0672061 0.283711 0.517384 -0.00868387 -0.00548228 -0.00257729
-0.0667387 0.373177 0.559342 -0.00971144 -0.00567023 -0.00246746
-0.0654558 0.503609 0.617552 -0.01125 -0.00518487 -0.0021509
-0.0612564 0.315989 0.511751 -0.00943934 -0.0056438 -0.0023195
-0.06811 0.389233 0.509532 -0.0100728 -0.00577363 -0.00234665
-0.0630413 0.571232 0.59348 -0.011735 -0.0052714 -0.00222783
-0.0713213 0.386868 0.506249 -0.0100023 -0.00562477 -0.00249356
-0.0692013 0.397899 0.485329 -0.00976999 -0.00623044 -0.00277256
-0.0723217 0.535068 0.572684 -0.0107979 -0.00565781 -0.0025642
-0.0664173 0.397212 0.508921 -0.0097769 -0.00595317 -0.0026209
-0.0667478 0.338439 0.485499 -0.00921914 -0.00640336 -0.00237403
-0.0602 0.473383 0.5381 -0.0101069 -0.00616809 -0.00232943
-0.0747242 0.335851 0.468394 -0.00891615 -0.00635835 -0.00228673
-0.0741177 0.332946 0.455706 -0.00914222 -0.00676883 -0.00210502
-0.0750118 0.523478 0.618542 -0.0108801 -0.00648597 -0.0019899
-0.0740089 0.393077 0.554769 -0.00935305 -0.00634243 -0.00190208
-0.0644441 0.321767 0.442557 -0.00742359 -0.0062244 -0.00186843
-0.0664059 0.463372 0.595137 -0.0101804 -0.00626931 -0.00192522
-0.0664097 0.436912 0.574244 -0.00968283 -0.00630053 -0.00202015
-0.0701058 0.321931 0.503777 -0.00859345 -0.00650129 -0.00203252
-0.07412 0.445347 0.496705 -0.00916671 -0.00670897 -0.00211903
-0.0622004 0.399363 0.468483 -0.00890433 -0.00583529 -0.00198531
-0.0597477 0.342109 0.451703 -0.00860471 -0.00634016 -0.00200539
-0.0689135 0.536454 0.591341 -0.0108764 -0.00585675 -0.00191659
-0.0700637 0.378111 0.52516 -0.00899163 -0.00604103 -0.00200295
-0.0761593 0.311601 0.488142 -0.00821218 -0.00627375 -0.0019087
-0.063094 0.41902 0.50432 -0.00931722 -0.00599472 -0.00206255
-0.0490793 0.315528 0.430789 -0.00806185 -0.00556958 -0.00195324
-0.0515302 0.344447 0.416204 -0.00810032 -0.00614146 -0.00185222
-0.0509588 0.566035 0.594321 -0.0109527 -0.00566424 -0.00167397
-0.0526665 0.409096 0.509365 -0.00910385 -0.0057821 -0.00142682
-0.0524319 0.316323 0.453622 -0.00811696 -0.00565603 -0.00151547
-0.053689 0.41566 0.475523 -0.00855428 -0.00564373 -0.00134945
-0.0502509 0.31726 0.401048 -0.00789608 -0.00538055 -0.00144927
-0.0504725 0.485774 0.569283 -0.00963172 -0.00570701 -0.00142863
-0.0542215 0.420999 0.532422 -0.00910385 -0.00571992 -0.00107225
-0.0603276 0.306383 0.494815 -0.00855562 -0.00605966 -0.00131622
-0.0624601 0.465477 0.566842 -0.00991957 -0.00555757 -0.00148284
-0.0589244 0.356681 0.47685 -0.00802793 -0.00520557 -0.00121316
-0.0609836 0.325699 0.401039 -0.00683398 -0.00564527 -0.00127755
-0.0568497 0.499588 0.581149 -0.0102605 -0.00573179 -0.00116844
-0.0550154 0.471467 0.575641 -0.00956159 -0.00539691 -0.00119342
-0.0604373 0.318168 0.505246 -0.00796675 -0.00587309 -0.00135182
-0.0570605 0.401208 0.502326 -0.00872128 -0.00618063 -0.00107826
-0.0499777 0.529925 0.59886 -0.0105297 -0.00574684 -0.00090782
-0.0538151 0.336168 0.502405 -0.00835866 -0.00572986 -0.00121575
-0.0476301 0.390864 0.514422 -0.00894575 -0.0057795 -0.00112838
-0.0556026 0.425537 0.495949 -0.00925806 -0.00589669 -0.00116707
-0.0492607 0.370133 0.484669 -0.00911112 -0.00574005 -0.00141091
-0.0558805 0.562284 0.596691 -0.0112468 -0.00556289 -0.00117464
-0.0512031 0.385036 0.508848 -0.00924179 -0.00560299 -0.0012826
-0.0517499 0.368698 0.478826 -0.00837361 -0.00577231 -0.0011361
-0.0522648 0.541606 0.616618 -0.0105095 -0.00593329 -0.00127569
-0.0605349 0.375372 0.5432 -0.00907568 -0.00577379 -0.00138153
-0.0646886 0.374061 0.512469 -0.00885509 -0.00601505 -0.00133553
-0.0651955 0.561315 0.66428 -0.0112831 -0.00557763 -0.00133553
-0.0629721 0.410507 0.564949 -0.00973976 -0.0057527 -0.00124029
-0.0639038 0.381651 0.537644 -0.00923822 -0.00557763 -0.00123589
-0.059067 0.486953 0.557452 -0.0105817 -0.00535614 -0.00104658
-0.0555506 0.418506 0.499684 -0.0097408 -0.00557763 -0.00117883
-0.0678412 0.490565 0.52431 -0.0106449 -0.0054826 -0.00108858
-0.0654269 0.426147 0.47801 -0.0100649 -0.00557763 -0.00134769
-0.05904 0.431964 0.509989 -0.0105364 -0.00584631 -0.00127611
-0.0620481 0.496993 0.553009 -0.0111572 -0.00577628 -0.00133726
-0.0555092 0.363676 0.477 -0.00937602 -0.00569886 -0.00138961
-0.058369 0.636062 0.765116 -0.0124549 -0.00527669 -0.00111579
-0.0214054 0.634416 0.740539 -0.0120933 -0.00340299 -0.00123171
-0.0375655 0.258218 0.595647 -0.00890427 -0.00402129 -0.00117219
-0.0500709 0.189032 0.528838 -0.00944251 -0.00482315 -0.00106437
-0.0544339 0.285728 0.49883 -0.00945543 -0.00484306 -0.00127578
-0.0475741 0.421158 0.503892 -0.0101236 -0.00477475 -0.00124536
-0.0542949 0.502749 0.451326 -0.00986588 -0.0049026 -0.00123245
-0.0486121 0.541723 0.462964 -0.0102059 -0.00495184 -0.00135903
-0.0558768 0.603627 0.531976 -0.0106843 -0.00515545 -0.0011671
-0.0604654 0.499053 0.487073 -0.00994374 -0.00560851 -0.00131301
-0.0607597 0.461294 0.500307 -0.00999369 -0.00563514 -0.00141735
-0.0596768 0.426793 0.498021 -0.0085508 -0.00550733 -0.00149266
-0.0520098 0.571265 0.749997 -0.0120356 -0.00508453 -0.00120246
-0.0628914 0.336461 0.680438 -0.0103011 -0.00489165 -0.00131185
-0.0667385 0.284346 0.591573 -0.00964501 -0.00530084 -0.0013179
-0.0678753 0.524512 0.719868 -0.0116534 -0.0049447 -0.00112413
-0.0734879 0.472688 0.669549 -0.0110216 -0.00478195 -0.0013173
-0.0675116 0.376669 0.600215 -0.00985813 -0.00507451 -0.00140009
-0.0698342 0.482565 0.572076 -0.0101412 -0.00531523 -0.00108897
-0.0689132 0.497668 0.517343 -0.00930293 -0.0054271 -0.00111608
-0.0722323 0.507133 0.492946 -0.00929819 -0.00542194 -0.00122622
-0.0715776 0.59287 0.594735 -0.0110155 -0.00523969 -0.00122231
-0.0734609 0.43062 0.53082 -0.00973207 -0.00523183 -0.0009515
-0.0732936 0.535049 0.654866 -0.0110227 -0.00485439 -0.00097989
-0.0643856 0.569898 0.750457 -0.0122556 -0.00457444 -0.00106104
-0.0739649 0.334235 0.625091 -0.00920283 -0.00492837 -0.00122059
-0.0717447 0.368395 0.614792 -0.00950835 -0.00513844 -0.00107578
-0.0699051 0.427596 0.595444 -0.00996868 -0.00510624 -0.00081363
-0.0584265 0.393337 0.525982 -0.00924907 -0.00526529 -0.00082006
-0.0639138 0.601057 0.664832 -0.0114375 -0.00494359 -0.00057588
-0.0595699 0.482137 0.574617 -0.0102583 -0.0048255 -0.00078988
-0.0675333 0.464066 0.533091 -0.00992788 -0.00539804 -0.00063535
-0.0569143 0.59639 0.619007 -0.0114281 -0.00461437 -0.00087769
-0.0535241 0.426527 0.48227 -0.00964926 -0.00461437 -0.00065417
-0.0500299 0.414731 0.455895 -0.0092059 -0.00456036 -0.00067778
-0.0508861 0.518762 0.559947 -0.01078 -0.0045022 -0.00043902
-0.04716 0.354414 0.426375 -0.00863435 -0.0040638 -0.00053948
-0.039392 0.385992 0.438067 -0.00908312 -0.00390858 -0.00044115
-0.0342062 0.467007 0.509706 -0.00999235 -0.00370322 -0.00024354
-0.0375023 0.360632 0.470768 -0.00965138 -0.00326223 -0.00024354
-0.0339932 0.548087 0.588552 -0.0099972 -0.00367454 -0.00034254
-0.0419681 0.573234 0.629079 -0.0107556 -0.00325293 -5.753e-05
-0.0442899 0.35961 0.529148 -0.00871918 -0.00385138 4.314e-05
-0.0436849 0.461871 0.614802 -0.0105748 -0.00399486 5.181e-05
-0.0356629 0.635041 0.656215 -0.0113301 -0.00349444 0.00030354
-0.0374106 0.387601 0.612692 -0.0103662 -0.0033632 -0.00012519
-0.0416536 0.365666 0.505183 -0.00797773 -0.00337063 -7.07e-06
-0.0450594 0.485498 0.509862 -0.00952858 -0.00314527 0.00016677
-0.0389908 0.364711 0.408676 -0.00853232 -0.00335365 -0.00032414
-0.0335208 0.343338 0.353895 -0.00718661 -0.00313822 1.108e-05
-0.0388352 0.513813 0.509297 -0.0090013 -0.00353811 -4.981e-05
-0.0350874 0.444802 0.480779 -0.0082853 -0.00346962 -0.00019448
-0.0330078 0.351019 0.460203 -0.00788489 -0.00374038 -0.00015405
-0.0395115 0.579679 0.606523 -0.0106468 -0.00317201 -7.23e-06
-0.0402857 0.363232 0.513206 -0.00783575 -0.00299729 -0.00015712
-0.0306067 0.336239 0.472423 -0.00783646 -0.00345297 -0.00039054
-0.0403142 0.557867 0.631805 -0.0104044 -0.00296956 -0.00010331
-0.039035 0.427974 0.551957 -0.00894492 -0.00296955 -0.00017085
-0.0438103 0.351762 0.480497 -0.00782699 -0.00313716 -0.00020645
-0.0420346 0.519757 0.566337 -0.0100653 -0.00296883 -0.00014988
-0.043682 0.546129 0.58414 -0.0100021 -0.00264187 -5.28e-05
-0.0417466 0.371042 0.476355 -0.00808937 -0.0032921 -0.00025558
-0.0434739 0.419683 0.507584 -0.00879837 -0.00322559 2.336e-05
-0.0390197 0.602778 0.636121 -0.0109265 -0.00297559 0.00017453
-0.0542817 0.410807 0.567568 -0.00904072 -0.00294907 -0.00020041
-0.0429847 0.375196 0.504636 -0.00864278 -0.00333126 -0.00015943
-0.051208 0.55971 0.63975 -0.0105399 -0.00290534 2.55e-06
-0.0548746 0.796164 0.892098 -0.0137633 -0.00290534 -0.00039718
-0.0425048 0.425037 0.676623 -0.0108448 -0.00219132 -0.00052225
-0.0457968 0.236667 0.552988 -0.00924729 -0.00242459 -0.00039718
-0.0548845 0.307093 0.521903 -0.00909746 -0.00286187 -0.00034135
-0.0545028 0.3975 0.487031 -0.00891226 -0.00302151 -0.00017639
-0.0513336 0.466645 0.473667 -0.00928257 -0.00297824 -0.00018154
-0.0542822 0.52325 0.445707 -0.00925663 -0.00322824 -8.655e-05
-0.0539774 0.56231 0.49739 -0.0101532 -0.00322824 1.752e-05
-0.0509861 0.68064 0.631677 -0.0115345 -0.00286021 0.00017439
-0.0537764 0.514713 0.571703 -0.0104627 -0.00322825 8.239e-05
-0.0542364 0.371717 0.533335 -0.00900078 -0.0033176 -9.586e-05
-0.0485949 0.463399 0.597472 -0.0102621 -0.00299019 4.801e-05
-0.0487609 0.378737 0.541868 -0.0091334 -0.00289856 7.494e-05
-0.0425082 0.322774 0.507041 -0.00894418 -0.00332213 0.00021106
-0.0476183 0.443545 0.544881 -0.00951534 -0.00331677 9.82e-05
-0.0475079 0.595244 0.649269 -0.0118708 -0.00283474 0.00033108
-0.0533331 0.428936 0.557718 -0.00996338 -0.00283694 8.699e-05
-0.0509692 0.42787 0.4879 -0.00907614 -0.00274283 0.00013946
-0.0532434 0.600999 0.643487 -0.0118166 -0.002793 8.89e-05
-0.0521043 0.617633 0.642169 -0.0118021 -0.00235856 0.00035753
-0.0509527 0.420956 0.565588 -0.00985991 -0.00261448 7.204e-05
-0.0537956 0.379853 0.458326 -0.00883777 -0.0030144 -5.456e-05
-0.0456895 0.395422 0.413196 -0.00904096 -0.00310895 -0.00014984
-0.0394506 0.400906 0.407771 -0.00929696 -0.00326388 -0.00013762
-0.0484476 0.480507 0.505586 -0.0109199 -0.00301514 0.00013345
-0.0519724 0.610957 0.624382 -0.0123355 -0.00236487 0.00035429
-0.0531441 0.396438 0.542632 -0.0105925 -0.00265091 9.312e-05
-0.0508167 0.396697 0.479903 -0.0102559 -0.0030947 4.728e-05
-0.0558961 0.503313 0.56147 -0.0114635 -0.00280195 0.0002491
-0.0531894 0.428951 0.511682 -0.0106599 -0.00323737 0.00022914
-0.0528396 0.496364 0.562805 -0.0114433 -0.00280195 0.00024254
-0.0553281 0.494009 0.515525 -0.0112821 -0.00280195 0.00029762
-0.0524246 0.469708 0.534466 -0.011245 -0.00280195 0.00037171
-0.0588993 0.625834 0.6556 -0.0127131 -0.00272231 0.00043541
-0.0567866 0.433527 0.593181 -0.0113724 -0.00246311 0.00031706
-0.0528705 0.369599 0.499077 -0.0104096 -0.00282393 0.0002806
-0.048968 0.452496 0.506141 -0.0108369 -0.00328668 0.0002658
-0.0531945 0.43262 0.478968 -0.0113046 -0.00318025 0.00026286
-0.0533222 0.505182 0.547256 -0.012117 -0.00328668 0.00024233
-0.0546705 0.65054 0.668925 -0.0138024 -0.00248564 0.00054818
-0.0587851 0.442941 0.581366 -0.0122763 -0.0026699 0.0002723
-0.0533562 0.425899 0.525728 -0.011498 -0.00326269 0.00027016
-0.0530309 0.530896 0.571875 -0.0127551 -0.00332999 0.00037212
-0.05556 0.442835 0.510435 -0.0115931 -0.00332999 0.00027109
-0.0535463 0.453584 0.52602 -0.0122831 -0.00384071 0.00035428
-0.0543912 0.605204 0.618057 -0.0131878 -0.00305253 0.00057631
-0.0576233 0.425313 0.546426 -0.0117823 -0.00332999 0.00059484
-0.0532204 0.454618 0.563422 -0.0122581 -0.00342313 0.00050093
-0.054916 0.483106 0.565365 -0.0128232 -0.00361347 0.00060585
-0.0589881 0.465068 0.530301 -0.0114958 -0.00358931 0.00061187
-0.0619809 0.555792 0.589027 -0.0126374 -0.00374505 0.00061031
-0.057661 0.415797 0.538007 -0.0120027 -0.00374221 0.00058705
-0.0597996 0.625258 0.667473 -0.0139074 -0.00334245 0.00070343
-0.0580073 0.576376 0.64415 -0.0135759 -0.00331723 0.00056738
-0.0674949 0.38271 0.575406 -0.0120665 -0.00340831 0.00070343
-0.0711405 0.483623 0.610157 -0.0132175 -0.003911 0.00078921
-0.0694508 0.614179 0.665965 -0.0140561 -0.00345447 0.00088402
-0.0684722 0.422748 0.57183 -0.0125718 -0.00386374 0.00060143
-0.0736739 0.485263 0.580394 -0.0125245 -0.00436044 0.00077025
-0.0765507 0.63454 0.658019 -0.0141686 -0.00391679 0.00087522
-0.0723691 0.487745 0.604153 -0.0128706 -0.00395541 0.00070343
-0.0778748 0.487399 0.561685 -0.0123651 -0.00446643 0.00070343
-0.0672254 0.549891 0.60324 -0.0134614 -0.0043246 0.00084335
-0.0722316 0.468597 0.532088 -0.0121037 -0.0043246 0.00063722
-0.0787792 0.582902 0.59369 -0.0130611 -0.0043246 0.00064402
-0.0790059 0.457336 0.539496 -0.0125489 -0.0043926 0.00050407
-0.0875275 0.625834 0.664091 -0.0134607 -0.0043246 0.00070343
-0.0871672 0.627717 0.738871 -0.0144749 -0.00369162 0.00070343
-0.0877379 0.429194 0.660438 -0.0133137 -0.00445499 0.00070343
-0.0875618 0.427476 0.599082 -0.0122913 -0.00447884 0.00079324
-0.0738093 0.554041 0.658468 -0.0136209 -0.00484522 0.00085937
-0.0795126 0.467595 0.602618 -0.0128556 -0.00474542 0.00070343
-0.0880414 0.588312 0.626616 -0.0135637 -0.00477482 0.00070343
-0.0796824 0.508093 0.585978 -0.0132781 -0.00535133 0.00070343
-0.0823517 0.655671 0.685553 -0.0142802 -0.00431341 0.00093657
-0.0867587 0.608251 0.698182 -0.0140591 -0.00385127 0.00093405
-0.0784697 0.445716 0.606945 -0.0127479 -0.00433915 0.00087718
-0.0877538 0.52732 0.632505 -0.0134429 -0.00412491 0.00070343
-0.0878216 0.503269 0.58421 -0.0132785 -0.0044573 0.00076003
-0.0808892 0.442226 0.559869 -0.0136099 -0.0044573 0.00085394
-0.0691788 0.50934 0.493796 -0.0126514 -0.0047073 0.00070343
-0.0652008 0.395309 0.451748 -0.0122175 -0.00481439 0.00057853
-0.0736553 0.598008 0.563357 -0.013684 -0.0047073 0.00040721
-0.0779833 0.471651 0.500063 -0.0120948 -0.00447465 0.00037186
-0.0773434 0.360591 0.431686 -0.0113902 -0.00458997 0.00038036
-0.0666437 0.581002 0.569776 -0.0131399 -0.00405231 0.00045023
-0.0691079 0.466188 0.559295 -0.0123246 -0.00400935 0.00055796
-0.0704906 0.393374 0.530138 -0.0121327 -0.00462334 0.00050139
-0.0722251 0.517977 0.518002 -0.0122565 -0.00441854 0.00067779
-0.0654628 0.409781 0.44828 -0.0114443 -0.00447766 0.00064469
-0.0696971 0.611603 0.626364 -0.0138269 -0.00467703 0.00063787
-0.0776532 0.500648 0.577784 -0.0132171 -0.00466943 0.00066882
-0.0678457 0.43257 0.567958 -0.0135337 -0.00474045 0.00066882
-0.0731842 0.618651 0.643476 -0.0138763 -0.004 0.00066882
-0.0747424 0.475782 0.616597 -0.0131806 -0.00403315 0.00066882
-0.0760568 0.447611 0.579259 -0.0131955 -0.00452361 0.00072508
-0.0737451 0.537817 0.572639 -0.0133445 -0.00421811 0.00066882
-0.0669563 0.450765 0.498324 -0.0119885 -0.00478218 0.00066882
-0.0791468 0.551517 0.557914 -0.0136917 -0.00451904 0.00066882
-0.0802897 0.435347 0.483161 -0.0125672 -0.00476244 0.00066882
-0.084003 0.566308 0.599782 -0.0137312 -0.00469949 0.00077224
-0.0880893 0.566066 0.605575 -0.0136805 -0.00440419 0.00070988
-0.0887003 0.40286 0.553715 -0.0132508 -0.00478234 0.00062802
-0.0880883 0.584584 0.649598 -0.0141016 -0.0042181 0.00066956
-0.0879074 0.522819 0.632767 -0.013915 -0.00409739 0.00070208
-0.075101 0.353824 0.561971 -0.0133447 -0.00444264 0.00073233
-0.0732792 0.554463 0.625099 -0.0144671 -0.00449604 0.00087228
-0.0659255 0.585205 0.6326 -0.0142948 -0.00390802 0.00085666
-0.0760889 0.41459 0.569159 -0.0139498 -0.00371701 0.0008587
-0.0753736 0.532194 0.568827 -0.0137245 -0.00390281 0.00075201
-0.0805491 0.564566 0.57818 -0.0140275 -0.00405661 0.00073009
-0.0770636 0.452895 0.528571 -0.0134435 -0.00463198 0.00069575
-0.0834797 0.629212 0.588509 -0.0140561 -0.00432238 0.00076588
-0.0888023 0.510978 0.554344 -0.0136104 -0.00470692 0.00059673
-0.0884715 0.426995 0.520651 -0.0128724 -0.00483738 0.0007569
-0.0885779 0.585573 0.612626 -0.0140348 -0.00483738 0.00070132
-0.0891388 0.406071 0.537002 -0.0128 -0.00483738 0.00053927
-0.0893057 0.43526 0.534556 -0.0131458 -0.00521769 0.0005737
-0.0901515 0.563975 0.586057 -0.0136911 -0.00494023 0.00022522
-0.09009 0.384809 0.500372 -0.0129916 -0.00530044 0.00034098
-0.0890774 0.532049 0.565541 -0.0140751 -0.00483738 0.00054597
-0.0903858 0.500814 0.517821 -0.0132947 -0.00524482 0.00022522
-0.0858593 0.477248 0.524006 -0.0133656 -0.00535219 0.00046005
-0.0908049 0.497496 0.494272 -0.0132221 -0.00573432 0.00022522
-0.0866836 0.466817 0.507606 -0.0134541 -0.00545108 0.00042863
-0.0857761 0.624464 0.634381 -0.0145596 -0.00480456 0.00079794
-0.0830582 0.400813 0.549178 -0.0131338 -0.0051023 0.00051816
-0.0894068 0.414512 0.53593 -0.0136301 -0.00543546 0.00063244
-0.098061 0.504048 0.511688 -0.0136224 -0.00524202 0.00056003
-0.0947236 0.374058 0.50811 -0.0139124 -0.00586662 0.00044576
-0.0995229 0.573969 0.600227 -0.0151387 -0.00563563 0.00064101
-0.0924671 0.465183 0.532867 -0.0141714 -0.00572909 0.00063136
-0.0921848 0.442629 0.548163 -0.0152154 -0.005819 0.00052817
-0.09501 0.546404 0.530884 -0.0143505 -0.00579339 0.00048684
-0.0914256 0.38758 0.473176 -0.0139746 -0.00611349 0.00051347
-0.0954324 0.583254 0.601423 -0.0153835 -0.00625146 0.00078114
-0.0999783 0.46799 0.543514 -0.0144828 -0.00664268 0.00058747
-0.100383 0.386959 0.489907 -0.0140229 -0.00698134 0.00048017
-0.100033 0.532114 0.560903 -0.0145552 -0.00658599 0.00069087
-0.0995013 0.37656 0.48718 -0.0137987 -0.00695851 0.00039578
-0.0958923 0.498499 0.531423 -0.014445 -0.00694067 0.00052191
-0.0878544 0.408101 0.45736 -0.0140142 -0.00727985 0.00022522
-0.0928293 0.474178 0.514381 -0.0142189 -0.00722443 0.00022522
-0.0955053 0.561473 0.574077 -0.0148625 -0.00670023 0.00040104
-0.0971639 0.401047 0.490112 -0.013748 -0.00706366 0.00055336
-0.0940364 0.612581 0.614401 -0.0151377 -0.00672184 0.00082586
-0.0912405 0.596786 0.702596 -0.0156646 -0.00628251 0.00067053
-0.0917729 0.392096 0.630203 -0.014665 -0.00620323 0.0005132
-0.0918633 0.42093 0.584629 -0.0144778 -0.00625517 0.00050508
-0.0854576 0.514088 0.563747 -0.0144813 -0.00611085 0.00074216
-0.0753524 0.434056 0.480653 -0.0131912 -0.00621173 0.00069047
-0.0773585 0.553061 0.574072 -0.0147944 -0.00640751 0.00075598
-0.0849459 0.673455 0.617288 -0.0146734 -0.00553464 0.00081615
-0.0910592 0.453912 0.613723 -0.0145419 -0.00578783 0.00063968
-0.0918895 0.427968 0.548032 -0.0137565 -0.00615917 0.0004951
-0.0848273 0.606209 0.659873 -0.0151615 -0.005836 0.00065442
-0.0776898 0.533071 0.626885 -0.0147248 -0.00582696 0.00074767
-0.084284 0.387177 0.560627 -0.0135345 -0.00627217 0.00050834
-0.0773962 0.567157 0.691007 -0.0158963 -0.00567965 0.00062009
-0.0711567 0.643743 0.678411 -0.0149657 -0.00474672 0.00083393
-0.0721617 0.385178 0.63444 -0.0167311 -0.00403134 0.00048042
-0.0720281 0.43801 0.535102 -0.0161782 -0.00318073 0.00063856
-0.0767593 0.652856 0.641079 -0.0160531 -0.0034365 0.00063695
-0.0820382 0.536176 0.595766 -0.0157284 -0.00382755 0.00063833
-0.0850602 0.456689 0.550877 -0.0146476 -0.00454848 0.00022522
-0.0863184 0.599834 0.555887 -0.0142703 -0.00502509 0.00022522
-0.0733846 0.50548 0.547626 -0.0148818 -0.00485226 0.00022522
-0.0693963 0.492407 0.565213 -0.0156015 -0.00546693 0.00039117
-0.0837121 0.551773 0.58037 -0.0148469 -0.00513936 0.0005047
-0.0689299 0.45276 0.542902 -0.0144899 -0.00540034 0.00058223
-0.0694187 0.514718 0.570323 -0.0145529 -0.00514569 0.00052852
-0.0669311 0.623371 0.683672 -0.0168591 -0.00478467 0.00065615
-0.0695693 0.425078 0.582641 -0.0151216 -0.00500529 0.00074535
-0.0661769 0.469315 0.64945 -0.0170213 -0.00526504 0.00065182
-0.0690881 0.685019 0.758098 -0.0165515 -0.0046485 0.00077579
-0.0651468 0.506586 0.663579 -0.0151795 -0.00432857 0.00062003
-0.0555058 0.39127 0.557997 -0.0139838 -0.00484234 0.00091319
-0.0504023 0.543909 0.594912 -0.0150866 -0.00528709 0.00086599
