-0.0397776 0.179988 0.426293 -0.00158358 -0.00136351 0.00056458
-0.0260458 0.190558 0.396824 -0.00147103 -0.00117039 0.00044521
-0.0365849 0.18762 0.372589 -0.00060411 -0.00142374 0.00057826
-0.0256652 0.145412 0.558978 -0.00115753 -0.0013533 0.00060928
-0.0256267 0.193953 0.570384 -0.0022357 -0.00075366 0.00049764
-0.0301898 0.392789 0.496487 -0.00157935 -0.00073937 0.00067851
-0.0388089 0.347257 0.431181 -0.00203021 -0.00109764 0.0009311
-0.033825 0.173498 0.257607 -0.00015765 -0.00104985 0.00079314
-0.024902 0.0718071 0.23694 -0.00090144 -9e-04 0.0009456
-0.0253348 0.0598025 0.172953 0.0005026 -0.00073242 0.00069153
-0.0277918 0.0364796 0.354544 -0.00037359 -0.00108279 0.00077572
-0.0305838 0.106069 0.415764 -0.00097908 -0.0007756 0.00082892
-0.0294295 0.272658 0.327339 -0.00111277 -0.00103772 0.00110589
-0.02478 0.234861 0.196089 0.00014658 -0.00076107 0.00088048
-0.0250123 0.177276 0.190529 -0.00047872 -0.00098785 0.00087997
-0.0250675 0.137807 0.133285 0.00047913 -0.00083788 0.00083329
-0.0252365 0.114292 0.206212 -0.00135629 -0.00097619 0.00081422
-0.0248459 0.0697253 0.391147 -0.00110419 -0.00082589 0.00092532
-0.0246951 0.16422 0.385244 -0.00136255 -0.00085222 0.000956
-0.0247686 0.24283 0.302735 -0.00199056 -0.00087503 0.00093458
-0.0249941 0.168979 0.190078 -0.00086491 -0.00083095 0.00084001
-0.0197297 0.0736383 0.305618 -0.00080116 -0.0007242 0.00072303
-0.0190152 0.169424 0.300227 -0.00218724 -0.00068178 0.00082175
-0.0158405 0.170752 0.123314 0.00060198 -0.00068341 0.00062764
-0.0160972 0.0980574 0.135135 0.00074134 -0.00064844 0.00072158
-0.0190207 0.0767343 0.149052 -0.00063205 -0.00092506 0.00097502
-0.0110635 0.0957013 0.109824 -0.00078968 -0.00070285 0.00088951
-0.0102886 0.0704116 0.328628 -0.0017797 -0.00050961 0.00076523
-0.0172988 0.101155 0.396549 -0.00189856 -0.00050961 0.00090403
-0.024726 0.273181 0.292454 -0.00186138 -0.00087513 0.00094839
-0.015326 0.20998 0.274055 -0.00214047 -0.00066036 0.00082206
-0.0158474 0.150392 0.21597 -0.0018356 -0.00058082 0.00082569
-0.012419 0.128072 0.18679 -0.00184127 -0.00056069 0.00089824
-0.0150635 0.0839464 0.120513 -0.00098075 -0.00076366 0.00107622
-0.0101543 0.0367831 0.15351 -0.00122307 -0.0006038 0.00114884
-0.0191138 0.0339287 0.410144 -0.0013096 -0.00050961 0.00096786
-0.0241533 0.179293 0.42228 -0.00148848 -0.00059451 0.00111304
-0.0240031 0.315228 0.33159 -0.00171232 -0.00083201 0.00121175
-0.024344 0.203567 0.304644 -0.00261342 -0.0006529 0.00106997
-0.0190961 0.170839 0.193588 -0.0003069 -0.00062098 0.00100321
-0.0242327 0.155514 0.370405 -0.00150769 -0.00075787 0.00115629
-0.0242225 0.145891 0.435898 -0.00140571 -0.00056172 0.00109815
-0.0241066 0.270406 0.368941 -0.00253917 -0.00064948 0.00115344
-0.0244014 0.193681 0.308003 -0.00188089 -0.00074775 0.00105934
-0.0245396 0.0904191 0.425376 -0.00178575 -0.00057183 0.00096896
-0.0222711 0.25042 0.382661 -0.00154349 -0.0006293 0.00101849
-0.0246202 0.248544 0.35035 -0.00240535 -0.00067503 0.00094
-0.0243857 0.176868 0.303435 -0.00171099 -0.00066942 0.0010426
-0.016165 0.123091 0.288303 -0.00181852 -0.00063811 0.00094499
-0.0133402 0.128896 0.176876 -0.00014573 -0.00050961 0.00086229
-0.0167404 0.0910977 0.213057 -0.00119884 -0.00061956 0.00101957
-0.0169163 0.132517 0.326718 -0.00145562 -0.000564 0.00094202
-0.0184066 0.158033 0.382503 -0.00235168 -0.00056184 0.00091036
-0.0246145 0.209409 0.319134 -0.00191365 -0.00064558 0.00095551
-0.024361 0.142265 0.441121 -0.00221042 -0.00067425 0.00107447
-0.0247863 0.258133 0.368751 -0.00217446 -0.00075812 0.00089224
-0.0211184 0.260136 0.310595 -0.00181265 -0.00077596 0.00099453
-0.0210613 0.147623 0.420607 -0.00191475 -0.00058984 0.00098845
-0.0243022 0.232899 0.352467 -0.0015905 -0.00076773 0.00110231
-0.0247252 0.1864 0.308855 -0.00221385 -0.00065605 0.00089939
-0.0176901 0.101553 0.393169 -0.00171525 -0.00050961 0.00079149
-0.0250565 0.193468 0.335451 -0.00196761 -0.00059273 0.00072251
-0.0255022 0.186052 0.293724 -0.00193194 -0.00059791 0.00053583
-0.0255177 0.118886 0.344661 -0.00178275 -0.000576 0.00052304
-0.0258874 0.196752 0.267715 -0.00141317 -0.00076368 0.00042122
-0.025771 0.148547 0.312575 -0.00212832 -0.00061118 0.00042122
-0.0257916 0.155104 0.300575 -0.00202776 -0.00064501 0.00042122
-0.0293431 0.18089 0.266187 -0.00182195 -0.00081536 0.00042122
-0.0257769 0.119419 0.35314 -0.00220045 -0.00062019 0.00042122
-0.0258228 0.169502 0.304321 -0.00282424 -0.00068845 0.00042122
-0.0260281 0.14243 0.346365 -0.00285431 -0.00078359 0.00035268
-0.0257999 0.125584 0.414454 -0.00228132 -0.00067388 0.00042122
-0.0305461 0.235475 0.330266 -0.00231696 -0.00084202 0.00042122
-0.0262582 0.182795 0.287041 -0.00250831 -0.00097861 0.0003101
-0.0314756 0.120749 0.441995 -0.00262512 -0.0007905 0.000471
-0.0317686 0.222412 0.388348 -0.0032645 -0.00083518 0.00027063
-0.0336052 0.191433 0.299031 -0.00292355 -0.00118562 0.00013615
-0.0346022 0.123196 0.408229 -0.00251907 -0.00100192 0.00041099
-0.0351906 0.216439 0.359645 -0.00278798 -0.00104932 0.0002435
-0.0340495 0.215383 0.300943 -0.00263973 -0.00122662 0.00024605
-0.0370899 0.126026 0.36624 -0.00275284 -0.00110892 0.00027067
-0.035396 0.177852 0.294389 -0.00289286 -0.00112118 0.00017822
-0.0312657 0.122613 0.429522 -0.0025928 -0.00083999 0.00022461
-0.0307968 0.180552 0.393708 -0.00269591 -0.00081526 0.00037932
-0.0386789 0.233471 0.316765 -0.00277038 -0.0010326 0.00027404
-0.036232 0.146866 0.320226 -0.00141698 -0.00125635 0.00023217
-0.0346495 0.210436 0.308384 -0.00267482 -0.00100975 0.00038615
-0.031422 0.179736 0.355735 -0.00300476 -0.00117941 0.00031777
-0.032975 0.154683 0.342586 -0.00296392 -0.00113316 0.00032734
-0.0265661 0.156265 0.27559 -0.00248302 -0.00070126 7.974e-05
-0.0323619 0.112183 0.393633 -0.00263539 -0.00098742 0.00047892
-0.029247 0.20488 0.32636 -0.00290335 -0.00096073 0.00035385
-0.0292949 0.180852 0.310243 -0.00325948 -0.0012159 0.00019691
-0.0259999 0.138269 0.410967 -0.00280555 -0.00084477 0.00036997
-0.0311629 0.229862 0.342693 -0.00285894 -0.00104291 0.00044402
-0.0297073 0.210768 0.29047 -0.00281189 -0.001013 0.00043949
-0.0325351 0.140902 0.357254 -0.00318574 -0.00098409 0.00042187
-0.0307762 0.175269 0.300845 -0.0032429 -0.00090699 0.00031332
-0.0319851 0.137667 0.363069 -0.00343567 -0.00121187 0.00024894
-0.0267399 0.169035 0.265245 -0.00317074 -0.0012151 0.00016581
-0.0311003 0.116733 0.385117 -0.00274462 -0.00101936 0.00042156
-0.0300667 0.208184 0.341986 -0.00350761 -0.00101209 0.00038062
-0.0291634 0.206544 0.306433 -0.00385215 -0.00153959 0.00025538
-0.0392849 0.149923 0.413451 -0.00314613 -0.00120422 0.00035863
-0.0349749 0.209242 0.400982 -0.00386812 -0.00111319 0.00028478
-0.0337377 0.259066 0.310223 -0.00381714 -0.00141055 0.00028012
-0.0384443 0.170566 0.402904 -0.00368549 -0.00135833 0.00021209
-0.0348094 0.206521 0.354394 -0.00390363 -0.00094383 0.00019306
-0.0361673 0.205508 0.308937 -0.00383015 -0.00120851 0.00019376
-0.0291876 0.14804 0.461457 -0.00367367 -0.00132599 0.0005127
-0.0328783 0.201767 0.416187 -0.00411773 -0.00137298 0.00028224
-0.033586 0.209109 0.35628 -0.00380109 -0.00165754 0.00023221
-0.0328948 0.146567 0.404195 -0.00353434 -0.00148651 0.00042867
-0.034108 0.221793 0.340737 -0.00384919 -0.00173044 0.00025499
-0.0398409 0.176677 0.383296 -0.00402018 -0.00185147 0.00019179
-0.0386282 0.152322 0.284571 -0.00249819 -0.0015472 0.00028035
-0.0272207 0.205589 0.340748 -0.00389155 -0.00219862 0.0002112
-0.0381143 0.160114 0.38659 -0.00370958 -0.0020345 0.00044474
-0.0271725 0.216325 0.304982 -0.00406574 -0.00212831 0.0002204
-0.0377595 0.14516 0.463351 -0.00380614 -0.00207533 0.00043265
-0.0372061 0.237922 0.464979 -0.00463374 -0.00194392 0.00033351
-0.0437467 0.269174 0.389382 -0.00508842 -0.00206489 0.0002493
-0.0429328 0.179996 0.416836 -0.0041554 -0.00179987 0.00054501
-0.0448321 0.212022 0.393354 -0.00461284 -0.00209218 0.00060199
-0.0382306 0.214708 0.328569 -0.0043953 -0.00227045 0.00017471
-0.0455578 0.129829 0.434595 -0.00413306 -0.00200784 0.00062544
-0.0414595 0.226578 0.386256 -0.00434147 -0.00213968 0.00015382
-0.0392405 0.2184 0.375237 -0.00510989 -0.00228729 0.0004939
-0.046732 0.152924 0.489285 -0.00499496 -0.00178786 0.00073464
-0.0425001 0.216141 0.416498 -0.00466822 -0.001735 0.00061635
-0.0327476 0.242539 0.324168 -0.00443854 -0.0020061 0.00013443
-0.0314161 0.167465 0.389907 -0.00398812 -0.002207 0.00050123
-0.0376842 0.19425 0.403785 -0.00410417 -0.0019199 0.00050646
-0.0275888 0.241995 0.351234 -0.00469946 -0.00239444 0.00021554
-0.029204 0.164096 0.379058 -0.00402042 -0.00231173 0.00043945
-0.02472 0.187142 0.327916 -0.00394488 -0.00221589 0.00030877
-0.0275316 0.178406 0.35947 -0.00451263 -0.00213062 0.00022155
-0.0319299 0.124248 0.478345 -0.00433344 -0.0022885 0.00059947
-0.0304294 0.24837 0.44837 -0.00489951 -0.00228915 0.00049096
-0.0248988 0.285864 0.424141 -0.005003 -0.00252797 0.00028585
-0.0284881 0.205202 0.480888 -0.0051183 -0.00240655 0.00043716
-0.0240405 0.24664 0.393578 -0.00483746 -0.00223432 0.00021667
-0.0341007 0.209607 0.484561 -0.00444353 -0.00232313 0.00037234
-0.0360052 0.218169 0.48866 -0.00489732 -0.00240402 0.00026074
-0.0375709 0.223134 0.39641 -0.00440312 -0.00229397 0.00043751
-0.0353637 0.14875 0.508815 -0.00407037 -0.00205592 0.00066563
-0.0331534 0.236896 0.488701 -0.00447937 -0.0020916 0.00023507
-0.032634 0.311809 0.432065 -0.00538846 -0.00238316 8.641e-05
-0.0364948 0.209558 0.480827 -0.00447972 -0.00233362 0.00032691
-0.0337035 0.208273 0.524027 -0.00446613 -0.00223121 0.00024311
-0.0365435 0.341966 0.475301 -0.00469614 -0.00212725 0.00013692
-0.0388979 0.271741 0.461074 -0.00505556 -0.00229211 -0.00012849
-0.0347505 0.172198 0.49495 -0.00418536 -0.00232414 0.00021566
-0.0315186 0.25564 0.440932 -0.00445501 -0.00234682 9.752e-05
-0.0323745 0.221882 0.40564 -0.00416962 -0.00239735 7.886e-05
-0.0357224 0.157644 0.48436 -0.00448149 -0.00273261 -6.93e-05
-0.0332815 0.209535 0.301906 -0.00261807 -0.00241972 -0.00025991
-0.0377413 0.192784 0.453955 -0.00491583 -0.00294908 0.00016547
-0.0363434 0.178614 0.499244 -0.00423547 -0.00205279 0.00027504
-0.0357279 0.304887 0.466457 -0.00555742 -0.00233738 -2.967e-05
-0.0239929 0.262899 0.380429 -0.004928 -0.00237252 -1.55e-05
-0.0234384 0.20972 0.381625 -0.00448123 -0.00220175 0.00015877
-0.0194747 0.241043 0.327618 -0.00455906 -0.00229113 0.00017652
-0.0223223 0.172646 0.400634 -0.0053146 -0.00233746 0.00023104
-0.0226308 0.190291 0.306838 -0.00424389 -0.00251047 -1.079e-05
-0.0290219 0.133416 0.454364 -0.00434458 -0.0027532 -0.00014689
-0.0310044 0.190823 0.463814 -0.00460375 -0.00255295 2.393e-05
-0.0258756 0.261552 0.408295 -0.00544993 -0.00293316 -0.00025991
-0.0261244 0.185251 0.488529 -0.00533616 -0.0029315 0.0002905
-0.0301779 0.219128 0.438394 -0.00508962 -0.00274645 0.00034314
-0.0290098 0.270311 0.388618 -0.00520148 -0.00295266 0.00015741
-0.0319967 0.207151 0.389686 -0.00528986 -0.00297663 -8.52e-06
-0.0302735 0.21663 0.36796 -0.00536297 -0.00299801 4.463e-05
-0.0368063 0.153698 0.401648 -0.00503754 -0.00269686 0.00045841
-0.032061 0.216433 0.339193 -0.00477373 -0.00307061 0.0002566
-0.0346732 0.115038 0.49182 -0.00479402 -0.00284403 0.00029716
-0.0363749 0.247921 0.450712 -0.00507484 -0.002512 6.818e-05
-0.034789 0.274322 0.461156 -0.00616536 -0.00299424 -0.00010028
-0.0360898 0.185408 0.499438 -0.00546794 -0.00245979 0.00026802
-0.0328849 0.240465 0.481653 -0.00544023 -0.00245412 0.00021716
-0.0292011 0.295699 0.414317 -0.00605101 -0.00265405 -0.0001604
-0.0274446 0.22037 0.426084 -0.00534579 -0.00251248 0.0002613
-0.0284902 0.182733 0.462134 -0.00548669 -0.00224166 0.0001505
-0.0289249 0.252968 0.421732 -0.00544039 -0.00254062 -0.00025991
-0.0284605 0.227112 0.46725 -0.0063405 -0.00283173 -0.00015487
-0.0285913 0.145819 0.48731 -0.00537546 -0.00231655 0.0001281
-0.0368601 0.249963 0.423521 -0.00549834 -0.00249344 -0.00016958
-0.0289233 0.230687 0.384456 -0.00578669 -0.00272391 -0.0001545
-0.0294273 0.148146 0.473965 -0.00568941 -0.00240012 0.00014263
-0.0254808 0.248986 0.422349 -0.0063872 -0.00230239 -0.00019039
-0.0261036 0.245563 0.434747 -0.00725631 -0.00200285 -0.00025991
-0.0273603 0.148071 0.514804 -0.00703883 -0.00263024 -0.00025991
-0.0276066 0.231115 0.493203 -0.00771962 -0.00246438 -0.00025991
-0.0228012 0.240333 0.360855 -0.00670742 -0.00248627 2.56e-05
-0.0202544 0.156489 0.424993 -0.00694662 -0.00261312 -3.602e-05
-0.0214833 0.173689 0.425543 -0.0073795 -0.00252782 0.00024485
-0.0151776 0.1695 0.385381 -0.00661084 -0.00250377 0.00016976
-0.00680527 0.143675 0.363825 -0.00629997 -0.00235487 0.00038618
-0.0038746 0.15656 0.278215 -0.00494275 -0.00235755 0.0002935
0.00178989 0.133383 0.412754 -0.00643561 -0.00257309 0.00068612
-0.00062644 0.232697 0.394623 -0.00714369 -0.00233617 0.00048789
-0.00740697 0.220421 0.433393 -0.00656579 -0.00293521 0.00047945
-0.00485842 0.174098 0.752316 -0.00613085 -0.00239961 0.00092106
-0.00081793 0.223693 0.658666 -0.00483456 -0.00018652 0.00059604
0.002305 0.54828 0.329099 -8.866e-05 0.00020859 0.00052838
-0.0066922 0.538027 0.414517 0.00028525 -7.334e-05 0.00096551
-0.0211902 0.509599 0.986191 -0.00728073 0.00014379 0.0004624
-0.0250978 0.537675 1.0155 -0.00858479 -0.00018652 0.00036426
-0.0249204 0.463159 1.0037 -0.00845333 -0.00064227 0.00045924
-0.0305902 0.417053 1.01479 -0.00777271 -0.00098704 0.00038608
-0.0300736 0.387789 1.25433 -0.00914967 -0.00047263 0.00083393
-0.0331177 0.55101 1.21583 -0.0098782 -0.00067826 0.00090429
-0.0407168 0.624022 1.18697 -0.00966636 -0.00117308 0.00073631
-0.0425607 0.643281 1.10876 -0.00813046 -0.00133691 0.00070609
-0.0459176 0.619042 1.01302 -0.00594084 -0.00160423 0.00067105
-0.0458833 0.61513 1.21954 -0.0096356 -0.00122012 0.00068131
-0.0458887 0.530482 1.20905 -0.0102914 -0.00150994 0.0007162
-0.0454275 0.655908 0.984182 -0.00847703 -0.00133175 0.00083158
-0.0262552 0.597171 1.02665 -0.0106298 -0.00109037 0.00075647
-0.0271174 0.497862 0.924241 -0.0101651 -0.00109037 0.00061679
-0.0312659 0.401609 1.15908 -0.00908748 -0.00094657 0.00062971
-0.0299648 0.461209 1.21776 -0.00890233 -0.00058846 0.00100182
-0.040391 0.717016 1.11058 -0.00921412 -0.00109037 0.00065009
-0.0363717 0.640586 0.9968 -0.00836991 -0.00109037 0.00074809
-0.0305607 0.523014 0.876366 -0.00755602 -0.00109037 0.00086513
-0.0284799 0.448963 0.813838 -0.00604923 -0.0011546 0.00102972
-0.03125 0.43267 0.998538 -0.00826615 -0.00099951 0.00066291
-0.0326955 0.400619 1.25117 -0.00868147 -0.00082718 0.00093226
-0.0448086 0.699059 1.14221 -0.00851415 -0.00109037 0.00102749
-0.0453392 0.705877 1.04387 -0.00779536 -0.00127012 0.00084802
-0.0374534 0.587916 1.00985 -0.00841889 -0.00109037 0.00062323
-0.0374008 0.549288 0.983775 -0.00828054 -0.00109037 0.0007161
-0.0380077 0.497796 0.973265 -0.00813889 -0.00109037 0.00052733
-0.0457197 0.457733 1.19373 -0.00813166 -0.00115237 0.00073469
-0.0457751 0.514399 1.21866 -0.0086033 -0.00109037 0.0006908
-0.0434517 0.684512 1.10817 -0.00861945 -0.00166443 0.00071473
-0.0517505 0.603499 0.897749 -0.0050084 -0.00166192 0.00078017
-0.0456723 0.546818 0.947851 -0.00686093 -0.00109037 0.00074154
-0.0460236 0.533207 0.962616 -0.00769264 -0.00139817 0.00062334
-0.0453762 0.475466 1.14173 -0.00877633 -0.00120927 0.00087175
-0.0492895 0.543655 1.12582 -0.00982734 -0.00173875 0.00055503
-0.0458217 0.607676 0.995929 -0.00902523 -0.00234251 0.00070725
-0.0460902 0.531252 0.983861 -0.00900123 -0.00204988 0.00060651
-0.0513237 0.531251 0.96142 -0.00871731 -0.00196209 0.00066371
-0.0560275 0.499085 1.0172 -0.00991508 -0.00182622 0.00062599
-0.0457657 0.499896 1.04342 -0.00945303 -0.00187171 0.00072758
-0.0461891 0.505504 1.12661 -0.00963798 -0.00188167 0.0005521
-0.046337 0.597065 1.03262 -0.00950065 -0.00213473 0.00050934
-0.0491104 0.471086 1.12482 -0.00931093 -0.00219466 0.0006944
-0.057986 0.660713 1.08702 -0.00962973 -0.00238721 0.00063198
-0.0595673 0.68948 1.07039 -0.0107525 -0.00166118 0.00049782
-0.056469 0.542581 1.09604 -0.00980956 -0.00198312 0.00087604
-0.0680085 0.585464 1.04859 -0.00983313 -0.00225158 0.00091047
-0.0572775 0.556294 0.983462 -0.00962616 -0.00249398 0.00066906
-0.0579995 0.450079 1.02265 -0.00960109 -0.0022127 0.0008033
-0.0505975 0.498079 0.935282 -0.00894326 -0.00195237 0.0007269
-0.0529579 0.430966 1.02212 -0.00823816 -0.00206495 0.00075247
-0.0615807 0.470102 1.17489 -0.00938335 -0.00223859 0.00083313
-0.0651908 0.708336 1.11602 -0.010272 -0.00234891 0.00068303
-0.0602625 0.6924 1.01243 -0.00891136 -0.00240832 0.00094755
-0.0604034 0.589199 1.02411 -0.00926851 -0.00294731 0.00069226
-0.0581577 0.592186 0.93964 -0.00894636 -0.00249031 0.00086534
-0.0623655 0.505752 1.10789 -0.00980215 -0.00270582 0.00091183
-0.0618925 0.54449 1.09102 -0.00977078 -0.00301282 0.00092393
-0.0684795 0.563766 1.05522 -0.0104888 -0.00218908 0.00070103
-0.0675848 0.489285 1.03141 -0.00973599 -0.00267087 0.0010673
-0.061655 0.520181 0.975133 -0.00944818 -0.00277496 0.00083675
-0.066001 0.496579 1.05545 -0.0104036 -0.00218908 0.00087547
-0.0600246 0.540475 0.935441 -0.00863966 -0.00300223 0.00094047
-0.0612334 0.502411 1.20873 -0.00983064 -0.00277289 0.00074689
-0.0680088 0.58481 1.34059 -0.0110015 -0.00271802 0.00047115
-0.0723143 0.850248 1.21996 -0.0102399 -0.00261503 0.00071827
-0.072233 0.777678 1.09348 -0.00983651 -0.00293134 0.00115498
-0.0689647 0.609347 1.09819 -0.00999354 -0.0030564 0.00093141
-0.0591082 0.562978 1.0297 -0.00960702 -0.00339298 0.00084026
-0.0590443 0.489588 1.05392 -0.00969956 -0.00323498 0.00054426
-0.0702683 0.421001 1.12314 -0.0103466 -0.00261236 0.00104248
-0.0669377 0.485788 1.05294 -0.00994352 -0.00294926 0.00106162
-0.0696415 0.466011 1.18647 -0.0102753 -0.00305935 0.00106352
-0.0722339 0.636245 1.07167 -0.0093435 -0.00379738 0.00077462
-0.0757174 0.652203 0.958121 -0.00716052 -0.00343389 0.00077462
-0.0752353 0.593906 1.17915 -0.0111601 -0.00273157 0.00111051
-0.0756127 0.6755 1.13607 -0.0116606 -0.00279102 0.00077462
-0.0730921 0.64755 1.06588 -0.010611 -0.00341552 0.00087448
-0.0773132 0.54699 1.20078 -0.0107644 -0.00289105 0.00108957
-0.075848 0.629296 1.14719 -0.0108221 -0.00351381 0.00090535
-0.0779354 0.581208 1.10825 -0.0110283 -0.00323587 0.00077462
-0.0704492 0.517484 1.09786 -0.0105611 -0.00359913 0.00096764
-0.0684766 0.522089 1.07601 -0.0106927 -0.00388499 0.00088588
-0.0716034 0.48803 1.17884 -0.0112005 -0.00332317 0.00103745
-0.077785 0.637543 1.11732 -0.0116916 -0.00385456 0.00083535
-0.0698881 0.611636 1.06913 -0.0104125 -0.00486138 0.00077462
-0.0756515 0.54983 1.24533 -0.0120281 -0.00333035 0.00091177
-0.0794084 0.729509 1.17519 -0.0123474 -0.00341639 0.00077462
-0.0710945 0.68621 1.115 -0.0118371 -0.00400322 0.00077462
-0.0697145 0.578139 1.17097 -0.0113342 -0.00356299 0.0008422
-0.0708327 0.617625 1.11937 -0.0118444 -0.00405394 0.00086199
-0.0754036 0.583417 1.09533 -0.0115239 -0.00379191 0.00077462
-0.0703018 0.485211 1.20115 -0.0119577 -0.00415252 0.00091289
-0.0770569 0.610284 1.13607 -0.0119924 -0.00430418 0.00077462
-0.0711265 0.615107 1.10336 -0.0120688 -0.00432353 0.00098846
-0.0694833 0.533441 1.15618 -0.0122421 -0.00376134 0.0009271
-0.0646067 0.618277 1.07436 -0.0120267 -0.00433949 0.00091153
-0.0692848 0.543628 1.12915 -0.011532 -0.0038995 0.00105779
-0.0655187 0.637917 1.08668 -0.0121412 -0.00427646 0.00093524
-0.0734887 0.584373 1.23613 -0.0122468 -0.00424842 0.00088519
-0.0874114 0.658945 1.47117 -0.0122904 -0.00436505 0.00098186
-0.0883776 0.818371 1.3876 -0.0128982 -0.0047269 0.00077462
-0.0849614 0.705754 1.31995 -0.0129127 -0.00482511 0.00082678
-0.079455 0.61768 1.30096 -0.0121694 -0.00491686 0.00122039
-0.0738915 0.651088 1.24137 -0.0126851 -0.00466082 0.00095193
-0.0779839 0.553948 1.25722 -0.0116125 -0.00481999 0.00113401
-0.0751199 0.600757 1.23766 -0.012574 -0.00503163 0.00112817
-0.0783171 0.617518 1.26307 -0.0128536 -0.0047058 0.00104792
-0.0815277 0.548967 1.30209 -0.0125041 -0.0043453 0.00112266
-0.0787472 0.665992 1.22702 -0.0136234 -0.00380646 0.00077462
-0.0865257 0.620262 1.43232 -0.0124799 -0.00455882 0.00084455
-0.0640265 0.623153 1.78618 -0.0109952 -0.003797 0.00057438
-0.0688632 1.06096 1.64431 -0.0116379 -0.00101101 0.00156174
-0.071566 1.0521 1.4819 -0.0123098 -0.00182586 0.00153535
-0.0726101 0.859112 1.39843 -0.0122959 -0.00252586 0.00118555
-0.0677476 0.71296 1.31265 -0.0111367 -0.00243174 0.00102308
-0.0661897 0.611109 1.32537 -0.0111816 -0.002539 0.00104517
-0.0651187 0.535823 1.28518 -0.0104649 -0.00279557 0.00082258
-0.0606985 0.527968 1.27558 -0.0106651 -0.00322407 0.00065876
-0.060233 0.551987 1.27182 -0.0109085 -0.00326872 0.00065876
-0.0686688 0.59388 1.41641 -0.0115802 -0.00328619 0.00074827
-0.0661404 0.729576 1.37253 -0.00993089 -0.00376091 0.00104527
-0.0643644 0.843994 1.32364 -0.0112038 -0.00395379 0.00058657
-0.0718288 0.770723 1.43407 -0.0111894 -0.00376009 0.00075151
-0.0764507 0.808206 1.49729 -0.0109264 -0.0035044 0.00095308
-0.0756831 0.889453 1.35203 -0.0106393 -0.00394436 0.00075819
-0.0752545 0.743095 1.39846 -0.0118234 -0.00364846 0.00098539
-0.0734076 0.6687 1.33442 -0.0118408 -0.00342518 0.00096301
-0.0621378 0.638316 1.29928 -0.0116298 -0.00346053 0.00071498
-0.0606371 0.543256 1.2688 -0.0104352 -0.00365211 0.00084883
-0.0690402 0.597468 1.25974 -0.0114396 -0.00346506 0.00065876
-0.0629174 0.530716 1.24003 -0.0102776 -0.00362674 0.00086069
-0.0609146 0.648683 1.19713 -0.0116685 -0.00357589 0.00084018
-0.0626172 0.608307 1.37949 -0.0118547 -0.00351613 0.00085068
-0.0742611 0.800684 1.37517 -0.0117491 -0.00319131 0.00128309
-0.0709245 0.874908 1.28739 -0.0123174 -0.00302631 0.00116935
-0.0623561 0.699607 1.29143 -0.0116069 -0.00309295 0.00106963
-0.0631434 0.717309 1.17403 -0.0107105 -0.00373668 0.00079225
-0.0508949 0.618134 1.12626 -0.00921359 -0.00495826 0.00098615
-0.0482731 0.575814 1.15406 -0.0109037 -0.00385306 0.00093561
-0.0497049 0.551167 1.18043 -0.010013 -0.00432298 0.00076529
-0.0449203 0.541201 1.1652 -0.00923479 -0.00451817 0.00084404
-0.0536852 0.594429 1.24183 -0.0107173 -0.0040002 0.00063108
-0.0631922 0.579108 1.47877 -0.0103436 -0.00407412 0.00096158
-0.0672262 0.819221 1.47324 -0.0102899 -0.00404598 0.0010043
-0.0725885 0.910743 1.32673 -0.0100739 -0.00395834 0.00100275
-0.0658321 0.769401 1.3746 -0.0109565 -0.00423503 0.00102866
-0.0609451 0.767727 1.29508 -0.0106333 -0.00459988 0.00096391
-0.0589782 0.731701 1.27791 -0.0106397 -0.00453736 0.0008043
-0.0152967 0.505195 1.12205 -0.00821849 -0.00400365 0.00138091
0.0159205 0.506619 0.963521 -0.00517016 -0.00162386 0.00313784
-0.0245005 0.460279 1.37001 -0.0101866 -0.00366804 0.00240053
-0.0580073 0.724604 1.4469 -0.0122618 -0.00481409 0.00152067
-0.0545986 0.854324 1.39539 -0.0118074 -0.00531728 0.00133201
-0.0585347 0.767436 1.5911 -0.0113556 -0.00482047 0.00141284
-0.0672083 0.876317 1.60739 -0.0121981 -0.00369724 0.00158982
-0.0588122 0.910367 1.37799 -0.0111801 -0.00534857 0.00116881
-0.0544898 0.708783 1.28465 -0.0100808 -0.00513138 0.00126325
-0.0428614 0.679002 1.26284 -0.010674 -0.00566165 0.00112305
-0.0558618 0.606629 1.31731 -0.0106715 -0.00544467 0.00134246
-0.0452389 0.565695 1.27846 -0.0102777 -0.00606485 0.00103572
-0.0444196 0.611855 1.27858 -0.0100378 -0.00638679 0.00134246
-0.0575399 0.556701 1.45054 -0.010301 -0.00536996 0.00129093
-0.0600436 0.793889 1.42224 -0.0094095 -0.00579614 0.00134246
-0.0512724 0.834731 1.30193 -0.00767437 -0.0065513 0.001037
-0.0437714 0.720876 1.41522 -0.00973864 -0.0058007 0.00149506
-0.0341718 0.802471 1.26973 -0.00883822 -0.00615362 0.00153669
-0.0376463 0.724507 1.2852 -0.0088507 -0.00635697 0.00144285
-0.0388755 0.663685 1.26732 -0.00909922 -0.00619216 0.00156876
-0.0421039 0.668432 1.31434 -0.00926104 -0.00612888 0.00134246
-0.0550691 0.557056 1.4558 -0.00909856 -0.00515973 0.00158795
-0.0669861 0.755573 1.43105 -0.0103462 -0.00593592 0.00143808
-0.0563596 0.822184 1.32672 -0.00967357 -0.00639824 0.00134246
-0.0524831 0.686413 1.35677 -0.00910068 -0.00615107 0.00134246
-0.051968 0.740616 1.33204 -0.00939241 -0.00646215 0.00134246
-0.0581128 0.700583 1.35303 -0.0100376 -0.00634989 0.00099801
-0.0572744 0.630969 1.38558 -0.0106715 -0.00619009 0.00119626
-0.0514519 0.715775 1.27228 -0.00915799 -0.00693757 0.00143598
-0.0646658 0.662299 1.41975 -0.00963803 -0.00647787 0.00114657
-0.0612947 0.703396 1.34654 -0.008528 -0.00703883 0.00116476
-0.0585213 0.746264 1.36181 -0.0100006 -0.00667319 0.00101372
-0.0564818 0.656773 1.35236 -0.00868454 -0.0073401 0.00151707
-0.0501528 0.772104 1.25676 -0.00786005 -0.00817356 0.00134246
-0.0457755 0.664291 1.29106 -0.0072305 -0.00752654 0.00146232
-0.0417945 0.722212 1.24894 -0.00761176 -0.00737435 0.00134246
-0.0507418 0.68062 1.28604 -0.00808888 -0.00754669 0.00112442
-0.0581634 0.673833 1.55323 -0.00996783 -0.00673449 0.00092109
-0.0625711 0.754102 1.26826 -0.00747368 -0.00803784 0.00163447
-0.0458371 0.571212 1.05116 -0.00412145 -0.00755686 0.001381
-0.0563557 0.668748 1.18158 -0.00400146 -0.00827955 0.00152279
-0.0538981 0.837562 1.06783 -0.00263347 -0.00773127 0.00121524
-0.0561658 0.625379 1.09568 -0.0022939 -0.00775875 0.00121005
-0.0544943 0.626557 1.07604 -0.00366028 -0.00782008 0.00099036
-0.0571864 0.666235 1.07492 -0.00372769 -0.00835646 0.00111705
-0.0535033 0.518858 1.16654 -0.00463898 -0.00730525 0.00085125
-0.061947 0.645066 1.07763 -0.00209749 -0.00799517 0.00111574
-0.0502471 0.730999 1.08097 -0.00395222 -0.00852118 0.00138872
-0.0566529 0.585843 1.15656 -0.00356814 -0.0078659 0.00097153
-0.06226 0.635613 1.23492 -0.00507689 -0.00765835 0.00072958
-0.0575515 0.746697 1.15622 -0.00534111 -0.00812406 0.00072267
-0.0591306 0.596611 1.24195 -0.00471349 -0.0080211 0.0005587
-0.0540802 0.629712 1.17319 -0.00479183 -0.00793962 0.00071958
-0.0636445 0.684412 1.08301 -0.00416415 -0.0080667 0.00051331
-0.0700262 0.555754 1.25233 -0.00581396 -0.00751232 6.969e-05
-0.067495 0.663951 1.04639 -0.00161524 -0.00743736 0.00018455
-0.0615352 0.691481 1.14323 -0.00513019 -0.00795016 0.00018455
-0.0608867 0.554552 1.14312 -0.00437643 -0.00806158 0.00024831
-0.0606527 0.694164 1.06667 -0.00435296 -0.00788123 0.00012825
-0.0558965 0.579642 1.27869 -0.00568002 -0.00789537 0.00018985
-0.0526929 0.470398 1.45153 -0.00700104 -0.00442723 -0.00014549
-0.0607931 0.775173 1.35248 -0.00529649 -0.00304695 -0.00014984
-0.0505092 1.07606 1.11575 -0.00313791 -0.00589781 0.00057541
-0.0562453 0.859005 1.19294 -0.00663407 -0.00626589 0.00049149
-0.0487136 0.708249 1.10261 -0.00456765 -0.00700258 0.00086128
-0.046835 0.550427 1.06151 -0.00329157 -0.00727211 0.00091019
-0.0448629 0.482978 1.05613 -0.00351795 -0.00743621 0.00085269
-0.047129 0.461315 1.05498 -0.00350343 -0.00720541 0.00088996
-0.0433927 0.487596 0.97038 -0.00088371 -0.0072198 0.00078238
-0.0421164 0.53519 1.16969 -0.00332891 -0.00747052 0.00089248
-0.0519952 0.606396 1.27107 -0.00551043 -0.00810138 0.00073868
-0.0424386 0.761187 1.11871 -0.00361162 -0.00770174 0.00110393
-0.0414889 0.758891 1.17927 -0.00490347 -0.00848951 0.00121928
-0.0442012 0.793842 1.11604 -0.00431868 -0.00793975 0.00105047
-0.0483942 0.699524 1.12545 -0.00449251 -0.0077736 0.00100513
-0.0498829 0.638442 1.20215 -0.0058714 -0.00750564 0.00080416
-0.0498113 0.539435 1.23894 -0.00248085 -0.00775098 0.0010293
-0.0485829 0.670574 1.21662 -0.00431139 -0.00818083 0.00107534
-0.0490938 0.630523 1.18525 -0.00542468 -0.00803436 0.0009013
-0.0589528 0.526516 1.32416 -0.0051984 -0.00682757 0.00093057
-0.0599253 0.671302 1.29644 -0.00641582 -0.0068715 0.00094396
-0.0547267 0.737695 1.17094 -0.00497173 -0.00801527 0.00103822
-0.0610924 0.619663 1.20993 -0.00620906 -0.00745113 0.00098628
-0.0486755 0.713557 1.09641 -0.00496757 -0.0075166 0.00096729
-0.0548164 0.571824 1.11558 -0.00515613 -0.00749889 0.0008021
-0.0525244 0.658927 1.04947 -0.00426786 -0.00773735 0.0009483
-0.053051 0.574116 1.2314 -0.004644 -0.00751529 0.00110397
-0.0560424 0.724265 1.17385 -0.00468174 -0.00802809 0.00096316
-0.0578817 0.710763 1.16468 -0.00572089 -0.00774502 0.00065553
-0.0539552 0.568142 1.24461 -0.00459242 -0.0073859 0.00124594
-0.0601597 0.736815 1.18646 -0.00463499 -0.0082316 0.00095808
-0.0604345 0.738656 1.12315 -0.00433159 -0.00800897 0.00111752
-0.059543 0.63788 1.12667 -0.00387764 -0.00784922 0.00115893
-0.0538295 0.6338 1.03941 -0.0035097 -0.0080072 0.00116429
-0.0563421 0.577511 1.2206 -0.00415992 -0.00795912 0.00116429
-0.0569456 0.629221 1.20058 -0.00460831 -0.00861832 0.00116429
-0.0529953 0.699848 1.14675 -0.00475505 -0.0084053 0.00093143
-0.0603917 0.644732 1.21109 -0.00584539 -0.00778011 0.00098771
-0.0620617 0.6188 1.24579 -0.0049854 -0.00775953 0.00116429
-0.0579432 0.76375 1.16717 -0.00496575 -0.0080275 0.00091357
-0.0628705 0.690339 1.1686 -0.00466288 -0.00832708 0.00121975
-0.062405 0.648499 1.16812 -0.00405115 -0.00834289 0.00116429
-0.057605 0.663695 1.17306 -0.00533755 -0.00784908 0.00088926
-0.0641206 0.626694 1.10038 -0.00230228 -0.00685156 0.00090885
-0.051598 0.629537 1.08686 -0.00241058 -0.00748988 0.00116429
-0.0495242 0.568646 1.34382 -0.00521933 -0.00643313 0.00116429
-0.0668419 0.748472 1.26906 -0.00710952 -0.00639833 0.00068876
-0.0533614 0.733469 1.08817 -0.00660228 -0.00571577 0.0009747
-0.0533957 0.667045 1.04336 -0.00630591 -0.00600633 0.00085525
-0.0584331 0.565846 1.2906 -0.00673031 -0.00548694 0.00067484
-0.0632455 0.723197 1.24856 -0.00685439 -0.00550383 0.00067484
-0.0660546 0.716236 1.2258 -0.00705103 -0.00608715 0.00060839
-0.0645612 0.565294 1.35947 -0.00744599 -0.00528428 0.00072495
-0.0632939 0.726812 1.27727 -0.0071836 -0.00580865 0.000871
-0.0610561 0.686621 1.20946 -0.00665955 -0.00640166 0.00067484
-0.0599631 0.623934 1.18868 -0.00637758 -0.00660006 0.00110382
-0.053329 0.664165 1.13874 -0.00637157 -0.00692485 0.00116326
-0.0675644 0.572273 1.45168 -0.0071205 -0.00546347 0.00090382
-0.0608956 0.761732 1.40814 -0.00560779 -0.00591657 0.00138392
-0.0631848 0.837839 1.22989 -0.00611937 -0.00740308 0.0012065
-0.0565893 0.743257 1.17676 -0.00445733 -0.00840832 0.00136557
-0.0557272 0.72148 1.21608 -0.00588633 -0.00821861 0.00152615
-0.0505433 0.708855 1.1727 -0.00597476 -0.00792223 0.00124945
-0.055223 0.622305 1.12155 -0.00275811 -0.0071368 0.00125294
-0.0422562 0.656116 1.1465 -0.00609107 -0.00722934 0.00141329
-0.0539591 0.613517 1.30864 -0.00623719 -0.00750031 0.00140978
-0.0637421 0.660323 1.39782 -0.00777148 -0.006216 0.00100165
-0.0498181 0.763759 1.25911 -0.00705486 -0.00714653 0.00150409
-0.0564547 0.61518 1.38675 -0.0078903 -0.00601138 0.00114294
-0.0549138 0.827446 1.25587 -0.00698692 -0.00724484 0.00150661
-0.0501703 0.790315 1.28024 -0.00683393 -0.00748554 0.00134801
-0.0605331 0.690749 1.52934 -0.00682578 -0.00482912 0.00177743
-0.0690591 0.893735 1.44413 -0.00675595 -0.00525999 0.00148018
-0.0653134 0.867208 1.26618 -0.00569475 -0.00793422 0.00153474
-0.0626697 0.710951 1.3407 -0.00683076 -0.00709441 0.00155347
-0.0670457 0.69867 1.31057 -0.00779971 -0.00635112 0.00143615
-0.0615852 0.675747 1.308 -0.00764797 -0.00676293 0.00145815
-0.0596462 0.628908 1.25456 -0.00706054 -0.0074092 0.00159697
-0.0606828 0.686287 1.23523 -0.00704885 -0.00794889 0.0015982
-0.0652179 0.62406 1.30403 -0.00823432 -0.0068595 0.00134489
-0.0621605 0.698188 1.24603 -0.0082967 -0.00681839 0.00134489
-0.0565611 0.638559 1.32005 -0.00689398 -0.00775501 0.00168186
-0.0633153 0.789715 1.30514 -0.00749585 -0.0076389 0.00176921
-0.0644361 0.844791 1.31448 -0.00755973 -0.00783048 0.0016277
-0.0638347 0.677469 1.45277 -0.00779938 -0.00619564 0.00176853
-0.0662316 0.872113 1.3374 -0.00695649 -0.00752459 0.00195699
-0.0612964 0.809369 1.28357 -0.00751169 -0.00803137 0.00195699
-0.0662259 0.667852 1.32838 -0.0085804 -0.00701615 0.00168572
-0.0578798 0.685073 1.20743 -0.00696334 -0.00826384 0.00195699
-0.0628813 0.56853 1.29086 -0.00743729 -0.00710324 0.00175277
-0.0521459 0.674352 1.18066 -0.00609082 -0.00884989 0.00223957
-0.0571177 0.716443 1.26321 -0.00752171 -0.00802576 0.00191547
-0.063541 0.665556 1.40937 -0.00832056 -0.00668146 0.00200188
-0.0623245 0.835668 1.29702 -0.00745721 -0.00702074 0.0015984
-0.0530906 0.79593 1.21503 -0.00598794 -0.0087133 0.0019876
-0.0582405 0.729359 1.26684 -0.00768265 -0.00758915 0.0020966
-0.058192 0.784854 1.22651 -0.00731145 -0.00782083 0.00199205
-0.0733853 0.624753 1.34709 -0.00823843 -0.0069153 0.00177302
-0.0638227 0.749935 1.29882 -0.00875578 -0.00727594 0.00156604
-0.0574214 0.694239 1.33701 -0.00802787 -0.00766401 0.00199731
-0.0665423 0.672288 1.41625 -0.00747714 -0.00708615 0.00206063
-0.0587741 0.840375 1.26692 -0.00615114 -0.00839163 0.00213865
-0.0646914 0.743338 1.28927 -0.00719875 -0.00798526 0.00200436
-0.0534475 0.701601 1.32421 -0.00775261 -0.00778856 0.00207551
-0.0567584 0.777127 1.29939 -0.00798536 -0.0082381 0.00208017
-0.0541967 0.668019 1.4707 -0.00892338 -0.00683978 0.00216577
-0.0608766 0.796631 1.41952 -0.00918837 -0.00712159 0.00177302
-0.0580554 0.813108 1.29125 -0.00728628 -0.00811901 0.00194456
-0.0623728 0.674941 1.46242 -0.00924987 -0.00673576 0.00177302
-0.0648792 0.737453 1.47785 -0.00870713 -0.00666545 0.00177302
-0.0551913 0.862708 1.31109 -0.00726381 -0.00795418 0.00177302
-0.0536885 0.706217 1.38641 -0.0084125 -0.00740549 0.0020446
-0.0553922 0.768298 1.35526 -0.00690763 -0.00830151 0.00209715
-0.0554478 0.837699 1.34933 -0.00733402 -0.00835417 0.00210011
-0.0611403 0.694503 1.40022 -0.0089299 -0.00727468 0.00177302
-0.0562921 0.736624 1.36382 -0.00888185 -0.00762232 0.00177302
-0.0611485 0.664051 1.40951 -0.00798091 -0.0079436 0.00202558
-0.0519244 0.76219 1.32785 -0.00788474 -0.0088352 0.00221058
-0.0503676 0.723842 1.4078 -0.00706038 -0.00952567 0.00215254
-0.0638822 0.686256 1.73543 -0.00770504 -0.00720637 0.00218092
-0.0713649 1.05144 1.59685 -0.00716209 -0.0076415 0.0019472
-0.0743179 0.971192 1.47878 -0.00951212 -0.00842051 0.00182703
-0.0645286 0.850441 1.38975 -0.00909277 -0.00938707 0.00214996
-0.0580722 0.770484 1.34969 -0.00888974 -0.00971193 0.00230564
-0.0614332 0.691982 1.4355 -0.0097233 -0.00886685 0.00244526
-0.0673026 0.668901 1.38608 -0.00821532 -0.00973698 0.0024281
-0.068102 0.670884 1.37262 -0.00887235 -0.00926531 0.00224906
-0.0622612 0.646587 1.39767 -0.00927526 -0.00969432 0.0024868
-0.0584367 0.737582 1.35437 -0.00870199 -0.0103654 0.00248596
-0.0692981 0.658723 1.4861 -0.00979152 -0.00868946 0.00215874
-0.0623223 0.886486 1.37107 -0.00888378 -0.00980044 0.00238604
-0.0664189 0.821576 1.41849 -0.00951305 -0.00939207 0.00226956
-0.0637473 0.723214 1.53948 -0.00814094 -0.00824523 0.00245568
-0.0617229 0.946817 1.45 -0.00821762 -0.00936858 0.00238604
-0.067198 0.870873 1.4256 -0.00933428 -0.00930514 0.00247904
-0.0627968 0.731882 1.39985 -0.00848281 -0.00980625 0.00289371
-0.0593202 0.752066 1.32931 -0.00791055 -0.00993417 0.00238604
-0.0549192 0.639336 1.39134 -0.00843864 -0.00980664 0.00299503
-0.0531019 0.70314 1.3258 -0.00780024 -0.00995589 0.00282494
-0.0456465 0.711661 1.26622 -0.00793302 -0.0104286 0.00303167
-0.0514597 0.704507 1.30811 -0.00841968 -0.0104057 0.00266254
-0.0649595 0.674333 1.51864 -0.00879665 -0.00852893 0.00222822
-0.0683389 0.893289 1.50969 -0.00899049 -0.00890285 0.00253114
-0.0609132 0.961091 1.43838 -0.00920824 -0.009698 0.00280152
-0.0702771 0.775305 1.5103 -0.00954853 -0.00852895 0.00253114
-0.0617686 0.846088 1.46057 -0.00939739 -0.00945006 0.0027061
-0.0599483 0.898976 1.34887 -0.00653769 -0.0114852 0.00275135
-0.0584585 0.726086 1.48199 -0.00910264 -0.00946753 0.00275684
-0.0706862 0.729239 1.48551 -0.00893592 -0.00978885 0.0021193
-0.0517687 0.774891 1.38692 -0.00770523 -0.0102456 0.00253114
-0.0589583 0.659792 1.36152 -0.00708593 -0.010453 0.00265161
-0.0486453 0.667486 1.26763 -0.0069745 -0.0111407 0.00253114
-0.0345769 0.667507 1.31827 -0.00804415 -0.0102456 0.00340356
-0.0221984 0.735317 1.40162 -0.0109533 -0.00825358 0.00424999
-0.0230445 0.799882 1.34765 -0.0100205 -0.00971086 0.00383202
-0.0200902 0.753325 1.39416 -0.00976479 -0.00958265 0.00403534
-0.0206815 0.806311 1.36778 -0.00965394 -0.00973908 0.00405904
-0.0218298 0.795744 1.37902 -0.0103322 -0.00813175 0.0036926
-0.0224029 0.715061 1.52178 -0.0101587 -0.00830227 0.00356484
-0.0190415 0.912173 1.52622 -0.0103168 -0.00849291 0.00381537
-0.0215099 0.912124 1.46912 -0.0101588 -0.00942431 0.00367184
-0.0273628 0.764411 1.47644 -0.0098959 -0.00874141 0.00343
-0.0236073 0.797838 1.40014 -0.00896373 -0.00919258 0.00359998
-0.0190331 0.788879 1.38105 -0.0096363 -0.00984726 0.00344348
-0.0225643 0.684021 1.50211 -0.0100353 -0.00914295 0.00312057
-0.0171493 0.818814 1.40658 -0.00946913 -0.0100257 0.00350316
-0.00967297 0.809692 1.40599 -0.0100095 -0.00980367 0.00370487
-0.0130144 0.694798 1.55998 -0.01041 -0.00999613 0.00329963
-0.0148819 0.911739 1.48383 -0.00981184 -0.00950214 0.00336624
-0.0112725 0.913056 1.38353 -0.00910051 -0.0105449 0.00361118
-0.00656961 0.795608 1.42961 -0.00986271 -0.0101385 0.003542
-0.00322617 0.831112 1.33484 -0.00906525 -0.0112648 0.00372719
-0.00122081 0.756686 1.33596 -0.00951468 -0.0109889 0.00363153
0.00171991 0.703135 1.33873 -0.00939106 -0.0110382 0.00376941
-0.00094745 0.746115 1.30384 -0.0091003 -0.0111833 0.00375117
0.00533016 0.698823 1.32335 -0.00804365 -0.0115044 0.00378735
0.00027558 0.696406 1.35999 -0.00918414 -0.0108657 0.00349603
0.00338569 0.793836 1.30357 -0.00911767 -0.011193 0.00370334
-0.00167113 0.728714 1.44978 -0.0104127 -0.00924109 0.00358925
-0.00835752 0.721742 1.48831 -0.00947768 -0.00894835 0.00346061
-0.0171316 0.961553 1.42173 -0.0092596 -0.00974998 0.00331042
-0.00361795 0.896318 1.35119 -0.00907436 -0.0105112 0.00331293
-0.00512336 0.706539 1.3798 -0.00986098 -0.00901683 0.00337267
0.00355511 0.771971 1.26038 -0.00901632 -0.0112123 0.00310339
0.00486153 0.683961 1.31021 -0.00888102 -0.0102986 0.00328364
0.00410205 0.650512 1.29158 -0.00649288 -0.0112207 0.00373402
0.014635 0.735683 1.25622 -0.00758255 -0.0109165 0.00390417
0.0101658 0.676336 1.28753 -0.00765116 -0.0105582 0.00380975
0.00414374 0.691932 1.31525 -0.00753425 -0.0106352 0.00359822
0.00590036 0.808533 1.25413 -0.00768467 -0.00975869 0.0039513
0.00779147 0.739496 1.36018 -0.0071387 -0.0106472 0.0036807
0.00593457 0.83604 1.25455 -0.0069966 -0.00919437 0.00298149
0.0193706 0.729235 0.804014 -0.00546204 -0.00334202 0.00218351
0.0080148 0.368329 0.709732 -0.00222982 -0.00112092 0.00123154
0.0236857 0.509041 0.880751 -0.00134068 -0.00359383 0.0019975
