0 0.093108 0.164788 -0.00037664 0 0
-2e-08 0.144093 0.185835 -0.00031941 0 0
-1e-08 0.188874 0.203825 -0.00105319 0 0
0 0.0195753 0.187576 -0.00030159 0 0
0 0.120678 0.203189 -0.00055052 0 0
0 0.195943 0.209144 -0.00037414 0 0
0 0.0561895 0.20217 0.00010845 0 0
0 0.155594 0.222675 -0.00052498 0 0
2e-08 0.309523 0.272051 -0.0010339 0 0
-1e-08 0.091825 0.25316 0.00062213 0 0
0 0.0572075 0.245115 0.00046413 0 0
2e-08 0.203377 0.270235 -0.00070087 0 0
3e-08 0.145406 0.220389 0.00048999 0 0
0 0.0204127 0.14868 0.00142786 0 0
0 0.22605 0.225537 0.00035314 0 0
0 0.232104 0.224858 0.00087836 0 0
-1e-08 0.10085 0.228889 0.00083888 0 0
0 0.142744 0.220829 0.00096266 0 0
0 0.26928 0.263602 0.00043881 0 0
-2e-08 0.154208 0.237013 0.00063309 0 0
1e-08 0.098965 0.219115 0.00116772 0 0
0 0.22968 0.245104 0.00024034 0 0
-1e-08 0.0960968 0.231017 0.0010084 0 0
1e-08 0.0957594 0.222218 0.00140086 0 0
0 0.253196 0.249762 0.00076631 0 0
-2e-08 0.177349 0.252028 0.00052446 0 0
1e-08 0.10804 0.223457 0.00156585 0 0
0 0.253872 0.267779 0.00021589 0 0
0 0.10708 0.208682 0.00134526 0 0
0 0.148553 0.219125 0.00104187 0 0
-1e-08 0.222062 0.221647 0.0004684 0 0
0 0.101283 0.21305 0.00093126 0 0
2e-08 0.153981 0.232967 0.0008082 0 0
0 0.230124 0.21388 0.00139896 0 0
0 0.116503 0.208127 0.0012119 0 0
-0.0168605 0.215627 0.20876 0.00127323 -0.00052928 0.00016672
-0.0165583 0.144715 0.194857 0.00154525 -0.0004739 0.0001577
-0.0139151 0.076648 0.217358 0.00136693 -0.00055082 0.00012559
-0.0178834 0.204869 0.218673 0.00119492 -0.00054596 0.00022104
-0.0218749 0.193954 0.219147 0.00078625 -0.0007239 0.00023571
-0.0207191 0.116644 0.205877 0.00197397 -0.0007239 0.00026781
-0.0190882 0.256495 0.231859 0.00067589 -0.0007239 0.00017929
-0.0226073 0.151813 0.181164 0.0020272 -0.0007239 0.0003048
-0.0242767 0.157565 0.217889 0.00133655 -0.00087344 0.00031286
-0.0237577 0.228764 0.215339 0.00105663 -0.00083562 0.00029718
-0.0258498 0.0891942 0.196892 0.00144551 -0.00092437 0.00033903
-0.025408 0.195904 0.192688 0.00137057 -0.00089008 0.00030655
-0.0238781 0.149714 0.184819 0.00191878 -0.00086297 0.0002994
-0.0191997 0.0931745 0.192213 0.00212554 -0.00080117 0.00031689
-0.0215499 0.188444 0.2179 0.00169024 -0.00079126 0.00023296
-0.0238424 0.234213 0.205416 0.0020223 -0.0007239 0.00028067
-0.0231093 0.1249 0.204845 0.00197734 -0.00080694 0.00027206
-0.0279153 0.14358 0.199806 0.00192099 -0.00093204 0.00026997
-0.0179205 0.245964 0.218902 0.00121666 -0.00077472 0.00027155
-0.0315273 0.112497 0.19093 0.0025382 -0.00086069 0.00040249
-0.0278358 0.20052 0.196104 0.00214871 -0.00101005 0.00037678
-0.027349 0.19467 0.182901 0.00190637 -0.00092985 0.00033168
-0.0340861 0.10104 0.181545 0.00210611 -0.00096774 0.00040391
-0.026378 0.224915 0.207879 0.00152859 -0.00086686 0.00032721
-0.0269759 0.149836 0.196416 0.00204837 -0.00094485 0.00035423
-0.0291872 0.112766 0.176359 0.0028796 -0.00100207 0.0003904
-0.0256855 0.227262 0.214435 0.00161559 -0.00090655 0.0002802
-0.0301347 0.167175 0.20729 0.00174352 -0.00102009 0.00032922
-0.0318928 0.105656 0.186242 0.00237611 -0.00102285 0.00038415
-0.0263891 0.226759 0.192683 0.00215139 -0.00092782 0.00030156
-0.0274016 0.171729 0.179528 0.00249588 -0.00096997 0.00030594
-0.0309804 0.117221 0.184805 0.00233094 -0.00114032 0.00036372
-0.0285039 0.253057 0.196375 0.0020673 -0.00101143 0.00033559
-0.0263518 0.158065 0.177711 0.00179211 -0.00093302 0.00037392
-0.0222497 0.0985367 0.152979 0.00252442 -0.00091675 0.00045829
-0.0220971 0.231881 0.183926 0.00235818 -0.0008316 0.00041697
-0.0250748 0.0906853 0.164634 0.00235818 -0.00094461 0.00031777
-0.0234071 0.0747079 0.151693 0.00235818 -0.00094376 0.00040267
-0.0244074 0.22801 0.172007 0.00266585 -0.00086883 0.00038895
-0.0270439 0.205786 0.188267 0.00226019 -0.00094696 0.000344
-0.0265286 0.0921897 0.183782 0.00235818 -0.00100877 0.0004096
-0.0261146 0.235587 0.210523 0.00206157 -0.00100877 0.00038027
-0.0348747 0.150902 0.173284 0.00260971 -0.00107567 0.0005216
-0.0279775 0.153056 0.183782 0.00235818 -0.00100877 0.00042209
-0.0278747 0.208154 0.167067 0.00210499 -0.00095741 0.00037495
-0.028051 0.105003 0.183268 0.00220757 -0.00108744 0.00052311
-0.0162286 0.157636 0.119887 0.00235818 -0.00100877 -1.338e-05
-0.0127018 0.0877814 0.096012 0.00167398 -0.00100877 2.459e-05
-0.00047517 0.201784 0.129749 0.00089857 -0.00108805 0.00021527
0.00358786 0.0566301 0.11096 0.00154642 -0.00100877 0.00027568
0.00011216 0.0616661 0.104924 0.00157786 -0.00100877 0.00038003
-0.00242313 0.129294 0.0856001 0.00163683 -0.00100877 0.00021663
-0.0116969 0.0146435 0.0873868 0.00166627 -0.00115328 0.00039996
-0.00440823 0.122299 0.0969363 0.00175607 -0.00100877 0.00026807
-0.0115113 0.0976163 0.0918938 0.00167186 -0.00106175 0.00041834
-0.0167627 0.0431623 0.0705277 0.00204627 -0.00124704 0.00052353
-0.0111434 0.178716 0.0722892 0.00145234 -0.00100877 0.0001887
-0.0143876 0.0624359 0.0887949 0.00164145 -0.0010968 0.00035424
-0.0216273 0.0988886 0.0885092 0.00175145 -0.00117574 0.00051257
-0.0171525 0.18931 0.0853749 0.00179757 -0.00100877 0.00035719
-0.0209964 0.0421695 0.109561 0.00200899 -0.00119128 0.0004564
-0.0232932 0.0662263 0.0811395 0.00260659 -0.00146047 0.00052359
-0.0249019 0.181182 0.116202 0.00172584 -0.00123922 0.0004204
-0.0285048 0.0382443 0.115419 0.00255574 -0.00166701 0.00056196
-0.0363013 0.0666971 0.106255 0.00228094 -0.00166578 0.00049121
-0.024568 0.19427 0.119436 0.00203954 -0.00100878 0.00033389
-0.0293052 0.0713889 0.120338 0.00251813 -0.00157391 0.00053054
-0.0352103 0.13147 0.108333 0.00241138 -0.00173677 0.00059846
-0.0260438 0.176657 0.107659 0.00202016 -0.00136998 0.00046379
-0.030891 0.080357 0.105769 0.0026793 -0.00176288 0.00054027
-0.0227122 0.172814 0.114416 0.00207583 -0.00140617 0.00045966
-0.0229103 0.0921821 0.0859572 0.00275998 -0.00176999 0.00053965
-0.0319624 0.0691583 0.111637 0.00248979 -0.00180897 0.00057701
-0.0266657 0.187812 0.119539 0.00259493 -0.00150068 0.00053187
-0.0265422 0.0704914 0.11394 0.00254714 -0.00155712 0.00046325
-0.0302432 0.156012 0.136005 0.00269403 -0.00166053 0.00061082
-0.0285274 0.15217 0.1258 0.0028175 -0.00171436 0.00057235
-0.0329574 0.0719591 0.114044 0.0029207 -0.00215715 0.00060746
-0.0350241 0.191714 0.123963 0.00258951 -0.0016197 0.00057059
-0.0311934 0.114692 0.101868 0.0027486 -0.00190419 0.00057947
-0.0277686 0.11884 0.119779 0.00259453 -0.00171069 0.00058868
-0.0363315 0.273526 0.1586 0.00239398 -0.0014299 0.00047145
-0.0346482 0.0492417 0.147159 0.00252593 -0.00159313 0.00049641
-0.0370752 0.0568493 0.150161 0.00278502 -0.00184811 0.00060632
-0.0391098 0.183655 0.117287 0.00267355 -0.00186946 0.00063089
-0.0381773 0.0759024 0.109024 0.00255152 -0.00198397 0.00062369
-0.0334316 0.186978 0.124845 0.00285861 -0.00190991 0.00057927
-0.0349311 0.13455 0.106167 0.00276042 -0.00198397 0.00061328
-0.0311639 0.130879 0.115557 0.00265596 -0.00192783 0.00062413
-0.0279051 0.1782 0.0928149 0.00310209 -0.00198397 0.00051039
-0.042825 0.0768096 0.109354 0.00278991 -0.00198397 0.00070299
-0.0276987 0.175804 0.103728 0.00337815 -0.00198397 0.00066237
-0.0348457 0.117081 0.0990291 0.00363046 -0.0018786 0.00056331
-0.0393103 0.0536757 0.12649 0.00306669 -0.00198397 0.00062411
-0.0342497 0.184414 0.131029 0.00319061 -0.00198397 0.00061903
-0.038165 0.105815 0.116767 0.00291846 -0.0019317 0.00059484
-0.0339571 0.122112 0.126376 0.00314004 -0.00198397 0.00064084
-0.0300285 0.190748 0.133005 0.00298454 -0.00184168 0.00053098
-0.0359139 0.0812273 0.120864 0.00316754 -0.00198397 0.00055931
-0.0306947 0.191243 0.115833 0.00310615 -0.00188931 0.00055253
-0.0403466 0.125945 0.0945729 0.00354865 -0.0021688 0.00064297
-0.0361617 0.104337 0.123299 0.00305717 -0.00198397 0.00057891
-0.0347521 0.220239 0.137717 0.00289405 -0.00182911 0.00050782
-0.0365951 0.0913621 0.102745 0.00351814 -0.00198397 0.00063062
-0.0337141 0.111024 0.107283 0.00373375 -0.00204596 0.00063979
-0.0310455 0.165977 0.103162 0.00330717 -0.0019308 0.00057314
-0.0423038 0.0633437 0.102162 0.00364814 -0.00246078 0.00069225
-0.0261467 0.189155 0.122289 0.00319969 -0.00186644 0.00053927
-0.0306211 0.108297 0.098062 0.00330699 -0.0019105 0.00055372
-0.0375634 0.109861 0.102058 0.00339049 -0.0020392 0.00058545
-0.027107 0.199557 0.105138 0.0031516 -0.00198397 0.00055501
-0.0340348 0.0941769 0.0924373 0.00346705 -0.00198397 0.00048053
-0.0367347 0.121117 0.119693 0.00313548 -0.00209329 0.00051941
-0.0311385 0.216318 0.11117 0.00338548 -0.0018932 0.00053317
-0.0475055 0.0664105 0.0881695 0.00376329 -0.00214852 0.00059269
-0.0391626 0.115947 0.101942 0.00329379 -0.00198397 0.00052605
-0.0401479 0.147571 0.0774426 0.00376419 -0.00198397 0.00049633
-0.0383539 0.0558128 0.0817996 0.00385161 -0.00234455 0.00051095
-0.0332329 0.190605 0.0851473 0.00423561 -0.00198397 0.00052655
-0.0487723 0.0985112 0.0733254 0.00381058 -0.00222786 0.0005554
-0.03568 0.0958807 0.0852608 0.00374977 -0.00235539 0.00054775
-0.0338708 0.216281 0.0989073 0.00322935 -0.00198397 0.00046244
-0.0371247 0.0834939 0.0739692 0.00400758 -0.00198397 0.00049192
-0.0343594 0.124842 0.10556 0.00364201 -0.00198397 0.00043226
-0.0347421 0.183085 0.0835861 0.0038552 -0.00204523 0.000544
-0.0378446 0.0570782 0.0894296 0.0038661 -0.00227182 0.00051589
-0.0334771 0.154285 0.10913 0.00436081 -0.00210528 0.00046037
-0.0375891 0.138273 0.101911 0.00392584 -0.00218986 0.00052175
-0.0480332 0.0806941 0.0874045 0.00468614 -0.00231993 0.00051016
-0.0336913 0.206784 0.114444 0.00373502 -0.00203781 0.00042029
-0.0406048 0.0892391 0.100538 0.00382527 -0.00224765 0.00044647
-0.0380844 0.111905 0.1011 0.0043111 -0.00232116 0.00053228
-0.0344077 0.225768 0.0898454 0.00389926 -0.00201446 0.00040974
-0.0318028 0.0836054 0.0582103 0.00504508 -0.00194608 0.00043632
-0.0314678 0.117423 0.100055 0.00440735 -0.00221432 0.00046632
-0.0365484 0.184454 0.124397 0.00323191 -0.0020998 0.00039353
-0.0366226 0.0631912 0.0886252 0.00407165 -0.00221432 0.00045167
-0.039744 0.0969915 0.104339 0.00459968 -0.00228264 0.00042664
-0.037028 0.194846 0.110582 0.00358607 -0.00207543 0.00037744
-0.0389128 0.0847111 0.078668 0.00471389 -0.00206359 0.00043398
-0.0378983 0.154648 0.102249 0.0044585 -0.00190738 0.00044979
-0.036761 0.179852 0.098438 0.00397166 -0.00221432 0.00036559
-0.0409609 0.0940534 0.0788264 0.00453426 -0.00221432 0.00043935
-0.0391816 0.197768 0.0889289 0.00418284 -0.00193887 0.00046239
-0.040473 0.0965724 0.0532059 0.00490866 -0.00221432 0.00043447
-0.045087 0.0957376 0.0783144 0.00484824 -0.00231594 0.00039025
-0.0420476 0.196038 0.108176 0.00352853 -0.00221432 0.00042608
-0.0441271 0.0789962 0.0806014 0.00420668 -0.00221432 0.00035947
-0.0425433 0.116795 0.102827 0.00433808 -0.00221432 0.00038271
-0.0383104 0.179695 0.106198 0.00369976 -0.00221432 0.00024234
-0.0421639 0.0785684 0.0830232 0.00494502 -0.00221432 0.00041007
-0.041002 0.195439 0.101774 0.00407092 -0.00202046 0.00035304
-0.0419112 0.117934 0.0754098 0.00423111 -0.00207249 0.00033516
-0.0488298 0.104906 0.0721028 0.00516624 -0.00235038 0.00037491
-0.0368532 0.205967 0.0927618 0.00388004 -0.00221432 0.00062419
-0.0410146 0.0890964 0.0808372 0.00426397 -0.00221432 0.00040066
-0.0471248 0.078732 0.078697 0.00479152 -0.00233386 0.00041902
-0.0405689 0.203059 0.107776 0.00409457 -0.00221432 0.00038608
-0.0385698 0.128751 0.0792122 0.00442912 -0.00203838 0.00041099
-0.047893 0.074225 0.0817207 0.00488587 -0.00221432 0.00044711
-0.0413124 0.179999 0.11198 0.00420849 -0.00221432 0.00040766
-0.0374407 0.190241 0.0942754 0.00443197 -0.00186321 0.00031878
-0.0408119 0.0755422 0.0768076 0.00531873 -0.00221432 0.00049327
-0.0430783 0.168563 0.0836944 0.00518897 -0.00208248 0.00046611
-0.0354249 0.168663 0.0850103 0.0042667 -0.00196432 0.00037538
-0.0446406 0.0575046 0.0641204 0.00555444 -0.00226889 0.00046976
-0.0377637 0.194125 0.101037 0.0043355 -0.00211271 0.00024813
-0.0363296 0.143108 0.0847543 0.00445779 -0.00221431 0.0004253
-0.0358866 0.0914771 0.082887 0.00544721 -0.00212245 0.00048045
-0.0362284 0.225272 0.0977414 0.00438408 -0.00176511 0.00029938
-0.0356593 0.0973795 0.0716857 0.00471964 -0.00190698 0.00039497
-0.0380715 0.10828 0.0863409 0.00509571 -0.00206515 0.00044793
-0.0373446 0.19415 0.0747664 0.00455991 -0.00200831 0.00042619
-0.0390732 0.064913 0.0727989 0.00507835 -0.00209465 0.00040379
-0.0324466 0.112267 0.0578999 0.00631538 -0.00209421 0.0004349
-0.0367129 0.188248 0.080982 0.00432726 -0.00200269 0.00037746
-0.044027 0.0527396 0.0436371 0.00609263 -0.00221431 0.0004642
-0.0392602 0.190586 0.0940427 0.00454728 -0.00221431 0.00040451
-0.040112 0.132339 0.0685605 0.00484851 -0.00221431 0.00046087
-0.0397861 0.0846953 0.060605 0.00551219 -0.00235767 0.00048593
-0.0335975 0.200375 0.0784619 0.00457162 -0.0020051 0.00046462
-0.0379171 0.0645581 0.0518489 0.00539578 -0.00221431 0.00045391
-0.0343917 0.139082 0.0714997 0.00482208 -0.00221431 0.00043422
-0.0336695 0.193085 0.054312 0.00534555 -0.0021057 0.00045438
-0.0408337 0.0538419 0.055798 0.00552475 -0.00242518 0.00052704
-0.0428772 0.148049 0.063241 0.00559509 -0.00227915 0.000461
-0.0373974 0.167929 0.0782845 0.00508233 -0.00232656 0.00046824
-0.050594 0.0876422 0.0521546 0.00610198 -0.00249511 0.00058102
-0.0309537 0.20232 0.0815004 0.00495005 -0.00203352 0.00035431
-0.0372333 0.117724 0.054342 0.00603844 -0.00234688 0.0004755
-0.03703 0.0878597 0.049927 0.0058896 -0.00232489 0.00047669
-0.0408431 0.213777 0.0551689 0.00548821 -0.00218828 0.00040164
-0.0433265 0.128677 0.0614074 0.00558151 -0.00234962 0.00049233
-0.0346009 0.0875517 0.0500568 0.00628171 -0.00231112 0.00044607
-0.0323253 0.19731 0.0640994 0.0055309 -0.00222066 0.00046856
-0.0374387 0.072073 0.061051 0.00575321 -0.00246099 0.00052471
-0.0492077 0.0882301 0.0541244 0.00610468 -0.00250685 0.0005787
-0.0326886 0.217808 0.0603889 0.00539942 -0.00221432 0.00050351
-0.0450018 0.109002 0.0309273 0.00636 -0.0024082 0.00059589
-0.044503 0.116707 0.0459159 0.00616038 -0.00239135 0.00057831
-0.0305513 0.188141 0.0372604 0.00586347 -0.00221932 0.00054923
-0.0460835 0.053731 0.0458113 0.00621905 -0.00247292 0.00060583
-0.0328515 0.174413 0.0655545 0.00520562 -0.00226831 0.00050193
-0.0294669 0.102673 0.0270009 0.00612737 -0.00221735 0.00055094
-0.0321155 0.0806109 0.0347182 0.00620444 -0.00234494 0.00056431
-0.0286948 0.203408 0.0485727 0.00546311 -0.00221839 0.00058312
-0.0457939 0.0775541 0.0280736 0.00614595 -0.00234494 0.00062905
-0.0445932 0.112441 0.0267568 0.00613962 -0.00234494 0.00062673
-0.0350004 0.210343 0.0374188 0.00560751 -0.00209494 0.00065137
-0.032319 0.0839885 0.0369771 0.00600357 -0.00190287 0.00052612
-0.0438313 0.0962996 0.0351266 0.0062423 -0.00245919 0.00062427
-0.0302496 0.295859 0.0765751 0.00365606 -0.00177648 0.00038987
-0.023612 0.0982638 0.0283349 0.00386888 -0.00091281 0.00019723
-0.0369112 -0.0931115 0.0581358 0.00506185 -0.00138315 0.00035216
-0.0479372 -0.00880218 0.0548141 0.00530849 -0.00188949 0.00045788
-0.0494318 0.156483 0.059689 0.00484065 -0.0019724 0.00044956
-0.0511824 0.0867545 0.0363101 0.00539272 -0.00213814 0.00037272
-0.0522126 0.231649 0.0568674 0.00490161 -0.00210948 0.00046792
-0.0487128 0.173498 0.0279426 0.00611394 -0.00224513 0.00053648
-0.0543495 0.158559 0.0172763 0.00653754 -0.00238034 0.00052181
-0.0455902 0.248385 0.0440741 0.00509422 -0.0019724 0.00050867
-0.0448084 0.0837447 0.037013 0.00577032 -0.00228629 0.00051338
-0.0467766 0.105094 0.0652037 0.00573581 -0.00197241 0.00044462
-0.0468028 0.129347 0.0669128 0.00509854 -0.00197241 0.00046084
-0.0500518 0.0102329 0.0164469 0.00661693 -0.00208445 0.00042266
-0.0425143 0.12321 0.0653641 0.00576327 -0.00191213 0.00042701
-0.0498014 0.134579 0.038899 0.00632623 -0.00197241 0.00044158
-0.0478092 0.0913071 0.0332311 0.00645755 -0.00208978 0.00035815
-0.0401784 0.252191 0.0543225 0.00531993 -0.00150425 0.00037716
-0.0417715 0.13758 0.0102257 0.00639052 -0.00182829 0.0003042
-0.0508724 0.0816146 0.0389353 0.00646552 -0.00216901 0.00046995
-0.0440652 0.181693 0.0326842 0.00616271 -0.00178433 0.00040275
-0.0384862 0.0923719 0.0181115 0.00659995 -0.0017417 0.00032833
-0.0403825 0.0751497 0.0383181 0.00674846 -0.00191068 0.0004257
-0.0388589 0.222922 0.0718064 0.0058503 -0.00166109 0.00033941
-0.0432718 0.133826 0.0346325 0.00685091 -0.00179643 0.00038448
-0.0473 0.0911396 0.0549559 0.00664642 -0.00165696 0.00035679
-0.0443993 0.190795 0.0629747 0.00618505 -0.00138652 0.00042313
-0.0427184 0.0931939 0.0332419 0.00718392 -0.0013372 0.00037492
-0.0436143 0.153555 0.0564288 0.00659892 -0.0015231 0.00036465
-0.0393497 0.164107 0.0429326 0.00623963 -0.00131897 0.00035462
-0.0481379 0.0665126 0.0568876 0.00675463 -0.00160629 0.00038727
-0.0389966 0.189921 0.0515731 0.00644539 -0.00118785 0.00034187
-0.0430889 0.128329 0.0241867 0.00686254 -0.00131209 0.00036043
-0.0405269 0.0731646 0.00344015 0.00734978 -0.00140974 0.00034593
-0.0374266 0.202647 -0.128978 0.00879594 -0.00129429 0.00030883
-0.0338977 0.0335113 -0.0904069 0.00832586 -0.00109651 0.000258
-0.0360799 0.0116307 -0.0636968 0.00826903 -0.00107841 0.00030508
-0.0321533 0.15065 0.0271339 0.00623725 -0.00111479 0.00023885
-0.0334525 0.080513 0.0351178 0.00668989 -0.00107071 0.00025555
-0.0382109 0.154694 0.0284402 0.00703119 -0.0012698 0.00026185
-0.0342287 0.194633 0.0343976 0.00636568 -0.00109277 0.00026525
-0.0448641 0.109648 0.0203534 0.00766953 -0.00137703 0.0002866
-0.0332283 0.227147 0.0469321 0.00663638 -0.00097448 0.0003223
-0.0276796 0.131418 0.0420532 0.00664947 -0.00092539 0.00019179
-0.031776 0.0977151 0.0467981 0.00728408 -0.00109771 0.0002518
-0.0308737 0.218434 0.0776296 0.00680729 -0.00101433 0.00012342
-0.0290038 0.151114 0.0770993 0.00637335 -0.00088702 0.00019548
-0.0405052 0.0601098 0.0314538 0.00790669 -0.00113174 0.0002405
-0.0317807 0.166067 0.0706034 0.0068639 -0.00098583 0.00016834
-0.0322678 0.166372 0.055514 0.0068919 -0.00096004 0.00019063
-0.0355222 0.103781 0.0540328 0.00719804 -0.00097422 0.00022745
-0.0292935 0.208584 0.0779293 0.00616909 -0.00085545 0.00026539
-0.0342917 0.110703 0.0381532 0.00727418 -0.00092903 0.0002558
-0.0283759 0.19889 0.0616989 0.00687998 -0.00066185 0.00026436
-0.0272379 0.156289 0.0243163 0.00741209 -0.00070042 0.00022737
-0.0278932 0.128752 0.0271678 0.00752937 -0.00079074 0.00018282
-0.030045 0.203755 0.0517521 0.00696577 -0.00075867 0.00014906
-0.0290721 0.0826779 0.0407821 0.00730679 -0.00078975 0.00016721
-0.0322654 0.14619 0.0346385 0.00750466 -0.00082052 0.00026544
-0.0234926 0.328989 0.116708 0.00547002 -0.00054039 0.00023459
-0.0193232 0.119899 0.106031 0.00614515 -0.00049591 7.471e-05
-0.0354423 0.00016071 0.0831692 0.00714663 -0.00080087 0.00011019
-0.0279794 0.107996 0.0622824 0.00769511 -0.00055463 -4.877e-05
-0.0324924 0.191495 0.0904703 0.00684189 -0.00067486 -3.744e-05
-0.027614 0.107393 0.0621615 0.00771435 -0.00067196 0.00016578
-0.0280067 0.252442 0.0880512 0.00660822 -0.00071056 -2.392e-05
-0.029336 0.18556 0.0398472 0.00771394 -0.00049328 -0.00016067
-0.0239715 0.166749 0.0394578 0.00789479 -0.00047949 -5.322e-05
-0.0271756 0.244503 0.0935429 0.0066714 -0.00055494 -0.00019259
-0.0349562 0.116487 0.0626624 0.00779389 -0.00067605 -0.00010077
-0.024969 0.157807 0.0958695 0.00681311 -0.00050592 -0.00015512
-0.0288104 0.1486 0.095578 0.00701708 -0.00055466 2.983e-05
-0.0324124 0.0977064 0.0814129 0.0075912 -0.00065563 -0.00026811
-0.020418 0.20191 0.106093 0.00676053 -0.00024847 -0.00039941
-0.0325192 0.10037 0.0924791 0.0071001 -0.00064759 -0.00031366
-0.0284078 0.2097 0.114516 0.00622031 -0.00053168 -0.00048596
-0.0283642 0.183206 0.0692464 0.00769761 -0.00035781 -0.00032929
-0.0304887 0.146991 0.0745558 0.00760884 -0.00016887 -0.00056807
-0.0318796 0.240049 0.105279 0.0065831 -0.00037794 -0.00057171
-0.0299629 0.112684 0.0902819 0.0071796 -0.0004987 -0.00063242
-0.0267867 0.167856 0.0819835 0.00752892 -0.00034235 -0.00051567
-0.0309557 0.234897 0.0961134 0.00724243 -0.00019654 -0.00070338
-0.0294285 0.109452 0.0900539 0.00728797 -0.00038759 -0.00061984
-0.0245203 0.186635 0.08847 0.00790165 -6.172e-05 -0.00068581
-0.0264066 0.162603 0.0764029 0.00768249 -8.198e-05 -0.00076723
-0.0329079 0.127199 0.0684654 0.00816656 -0.00031733 -0.0007454
-0.0315003 0.232649 0.0900505 0.00693612 0.00015066 -0.00092376
-0.0372352 0.104806 0.0630793 0.00788148 -0.00017808 -0.00107217
-0.0303296 0.22554 0.0829166 0.0075085 0.00018519 -0.00089648
-0.0324856 0.157891 0.074859 0.00725994 -0.000131 -0.00104275
-0.0403376 0.117049 0.0734471 0.0077701 -0.00029701 -0.00102915
-0.0350851 0.259381 0.0995739 0.00712637 0.00023742 -0.00130039
-0.0412352 0.112476 0.0740628 0.00819924 0.00012489 -0.00107082
-0.041883 0.112029 0.0567594 0.0085881 -4.639e-05 -0.00116383
-0.0359448 0.25671 0.0794735 0.00789628 0.00037049 -0.00134111
-0.0416282 0.113972 0.0689946 0.00819825 0.00013765 -0.00133277
-0.0386408 0.144723 0.0727277 0.00783817 0.00012971 -0.00153402
-0.0395978 0.227865 0.0929408 0.00765039 0.00062277 -0.00147335
-0.0437274 0.0886531 0.0589858 0.00863301 0.00022697 -0.00158362
-0.0412001 0.222317 0.0742923 0.00796319 0.00053723 -0.00161108
-0.0422047 0.115034 0.0328496 0.00894932 0.00037628 -0.00143484
-0.0409919 0.131771 0.0489653 0.00779851 0.00013219 -0.00149971
-0.045192 0.265184 0.0737162 0.00779851 0.00042883 -0.00166641
-0.0500521 0.0993445 0.061221 0.00796513 0.00041548 -0.00160524
-0.0464181 0.132858 0.0430386 0.00847975 0.00026525 -0.0017126
-0.0505782 0.211272 0.0570628 0.00777272 0.00039611 -0.00175876
-0.0556208 0.0713894 0.0457492 0.0083178 6.56e-06 -0.00177871
-0.0500828 0.206686 0.0550555 0.00827081 0.00028578 -0.00172772
-0.0483435 0.193027 0.0467445 0.00812385 0.00034075 -0.00166402
-0.0523189 0.0676754 0.0147771 0.00895652 0.00037306 -0.00166658
-0.0479902 0.225236 0.0504006 0.00841211 0.00034832 -0.00170204
-0.0506093 0.151877 0.0509643 0.00835731 0.00017788 -0.0017802
-0.0529294 0.0991873 0.0635309 0.00831672 9.499e-05 -0.00180862
-0.0515223 0.239234 0.0776309 0.00796515 0.00049244 -0.00181226
-0.0548065 0.131534 0.0500549 0.00859405 0.00051328 -0.00189894
-0.0561207 0.147875 0.0757882 0.00865462 0.00062221 -0.00202147
-0.0591007 0.229015 0.0705483 0.00818558 0.00058361 -0.00196996
-0.0578033 0.087158 0.0285036 0.00915571 0.00047337 -0.00204729
-0.0500451 0.222904 0.0771941 0.00817556 0.00071814 -0.00188557
-0.0594057 0.0856087 0.0237964 0.00942082 0.00065894 -0.00194083
-0.057089 0.198237 0.0759945 0.00849424 0.0009555 -0.00203068
-0.0569306 0.163681 0.0464292 0.00926026 0.00106179 -0.00216358
-0.0547601 0.0911494 0.0304128 0.00914354 0.00042685 -0.00189605
-0.0539104 0.230114 0.0678573 0.00829807 0.0006633 -0.00199071
-0.0546169 0.0880021 0.00862342 0.0094673 0.00046302 -0.00186067
-0.0592832 0.17345 0.0646721 0.00841817 0.00048298 -0.00187755
-0.0592327 0.180414 0.038444 0.00923515 0.00059149 -0.00196559
-0.0666287 0.0827308 0.0198964 0.00964349 0.00016868 -0.00206682
-0.0588568 0.272275 0.0964615 0.00789737 0.00057189 -0.00202676
-0.0719459 0.369618 0.128289 0.00588551 0.00064327 -0.00277401
-0.068366 0.00010697 0.120606 0.00688759 0.00044107 -0.00226774
-0.0706553 -0.0666664 0.135256 0.0075009 -8.128e-05 -0.00203073
-0.0723258 0.0495363 0.0644449 0.00896487 -1.559e-05 -0.00204293
-0.068161 0.210672 0.10871 0.00756917 9.188e-05 -0.00221698
-0.0787337 0.130482 0.0884871 0.00839095 3.268e-05 -0.00234872
-0.0748326 0.222487 0.0777111 0.00828546 -4.761e-05 -0.0021828
-0.0779824 0.35625 0.109513 0.00747551 -4.649e-05 -0.00232486
-0.074737 0.152363 0.11262 0.00804883 -0.00020504 -0.00183928
-0.0755257 0.182523 0.092303 0.00807531 -0.00030184 -0.00198462
-0.0794096 0.200614 0.0792378 0.00743929 -0.00037625 -0.00131421
-0.0807906 0.0915103 0.0675771 0.0082176 -0.00078316 -0.00142585
-0.084579 0.0841195 0.090183 0.00776728 -0.00105836 -0.00153416
-0.0756222 0.166121 0.103875 0.00793001 -0.00057501 -0.00155707
-0.0747815 0.121272 0.146888 0.00653684 -0.00122544 -0.00084231
-0.0706163 0.0585449 0.100255 0.0070409 -0.00093076 -0.00137848
-0.0715411 0.134281 0.0731236 0.00712585 -0.00102869 -0.00110304
-0.0679507 0.23459 0.111082 0.00626228 -0.00083761 -0.00137732
-0.0704811 0.0802475 0.0740191 0.0074197 -0.00093622 -0.00134887
-0.0722431 0.197662 0.0696622 0.00774596 -0.00098475 -0.00134726
-0.070177 0.209757 0.0580121 0.00806937 -0.00077535 -0.00136368
-0.0752834 0.0890857 0.0716071 0.00754577 -0.00089152 -0.0013845
-0.0692549 0.160359 0.0821718 0.00730813 -0.00082771 -0.00150631
-0.0715947 0.210244 0.110336 0.00642062 -0.00074454 -0.00159433
-0.0767767 0.0505517 0.0746192 0.00808892 -0.0007683 -0.00160828
-0.0812768 0.0916549 0.0512151 0.00855371 -0.00096831 -0.00149404
-0.0815963 0.208435 0.096622 0.00730936 -0.00106991 -0.00142962
-0.088474 0.14679 0.066543 0.00756151 -0.0009233 -0.0015081
-0.0868807 0.056911 0.0497768 0.0083158 -0.00127777 -0.00154505
-0.0796409 0.214199 0.102083 0.00759056 -0.00098678 -0.0015933
-0.0864863 0.218396 0.107595 0.00730138 -0.00074342 -0.00158596
-0.0941381 0.0767714 0.0642309 0.0084657 -0.00100253 -0.00168351
-0.0916506 0.21091 0.0999605 0.00774437 -0.00105404 -0.00174485
-0.0990366 0.171956 0.0676618 0.00768542 -0.00118534 -0.0017302
-0.104076 0.0829267 0.0518518 0.00810493 -0.00127369 -0.00198124
-0.101131 0.2234 0.104382 0.00691085 -0.00120516 -0.00175828
-0.106847 0.0866669 0.0408118 0.00896009 -0.00129795 -0.00176971
-0.0991896 0.146278 0.0811848 0.00775065 -0.00144395 -0.00172081
-0.103672 0.174677 0.0526058 0.00805056 -0.00116305 -0.0017165
-0.102423 0.0703606 0.0385303 0.00879735 -0.00144395 -0.00175025
-0.0992718 0.213101 0.100265 0.0075441 -0.00107901 -0.00180456
-0.105418 0.0922389 0.086947 0.00807087 -0.00127516 -0.00190001
-0.105573 0.126802 0.0662155 0.00838257 -0.00125555 -0.00206289
-0.108465 0.21288 0.088819 0.00737448 -0.00119223 -0.0017836
-0.108468 0.0830623 0.0615256 0.00869928 -0.00144395 -0.00187874
-0.102718 0.2193 0.0791307 0.00810904 -0.00111975 -0.00195356
-0.107733 0.105834 0.0605768 0.00833697 -0.00127966 -0.00184011
-0.101149 0.16334 0.0647259 0.00863052 -0.00108509 -0.00199692
-0.11102 0.166338 0.0663642 0.00803544 -0.00096589 -0.00214743
-0.101812 0.0937267 0.0635663 0.00868176 -0.00105627 -0.00192995
-0.0977043 0.222082 0.080032 0.00794709 -0.00088735 -0.00201502
-0.096844 0.0820316 0.0616164 0.00858947 -0.00064171 -0.00199883
-0.0884184 0.171098 0.0986873 0.00755089 -0.00067978 -0.00207286
-0.0994839 0.182168 0.0953546 0.00734622 -0.00064328 -0.00204835
-0.0996312 0.0879921 0.072065 0.00839583 -0.00095635 -0.00220261
-0.0974853 0.224605 0.0839036 0.00814904 -0.00089057 -0.00204705
-0.104691 0.0904252 0.0552797 0.00884743 -0.00100701 -0.00199982
-0.0958115 0.220706 0.109653 0.00765865 -0.00089704 -0.00201982
-0.104519 0.193798 0.0780701 0.00831015 -0.00096963 -0.00206134
-0.105313 0.0831401 0.0513088 0.00908568 -0.00101864 -0.00205576
-0.0967427 0.231995 0.0849106 0.00795205 -0.00085032 -0.0021006
-0.102481 0.109297 0.0761873 0.00824434 -0.00085581 -0.002034
-0.0989249 0.130056 0.0880109 0.00799015 -0.00090278 -0.00197516
-0.108829 0.219208 0.0991291 0.00776095 -0.00079024 -0.002128
-0.118519 0.0700701 0.0583751 0.0088676 -0.00085429 -0.00224946
-0.10346 0.225572 0.123142 0.00799317 -0.00075617 -0.00216649
-0.103906 0.134189 0.0837133 0.00849158 -0.00100039 -0.00206167
-0.103302 0.154587 0.084425 0.00822736 -0.00108599 -0.00205831
-0.104943 0.224095 0.0837391 0.00847777 -0.00099801 -0.00206965
-0.107067 0.0903582 0.0473911 0.00927043 -0.00114732 -0.00211376
-0.100182 0.284584 0.122579 0.00754949 -0.00079726 -0.00235249
-0.104623 0.0960387 0.084435 0.00863089 -0.00098883 -0.0021689
-0.104298 0.0794855 0.0603376 0.00906841 -0.00091848 -0.00209711
-0.10846 0.220998 0.0958486 0.00799101 -0.00091858 -0.00217361
-0.110263 0.0820669 0.0906503 0.00836731 -0.00095069 -0.00225219
-0.108965 0.188112 0.124485 0.0082274 -0.00081361 -0.00223834
-0.108521 0.235236 0.120196 0.00826182 -0.00079588 -0.0023026
-0.110575 0.0952135 0.0866631 0.00867761 -0.00078738 -0.0022618
-0.109383 0.239357 0.129012 0.00798162 -0.00063503 -0.00236067
-0.109276 0.146912 0.101169 0.00832247 -0.00088361 -0.00232628
-0.107144 0.124052 0.101354 0.00923011 -0.00088446 -0.00230914
-0.0880645 0.281854 0.143156 0.00768156 -0.00071569 -0.00224342
-0.0909934 0.111923 0.101395 0.00903059 -0.00093344 -0.00194602
-0.0941368 0.168407 0.133322 0.00818709 -0.00108317 -0.0019756
-0.0878361 0.287445 0.135386 0.0076437 -0.00079143 -0.00216417
-0.0880414 0.101684 0.123325 0.00848544 -0.00079744 -0.00202686
-0.0995646 0.0205402 0.100811 0.00930498 -0.00097713 -0.00208283
-0.0921119 0.202676 0.147822 0.00807801 -0.0007291 -0.00231548
-0.0923511 0.248981 0.152939 0.00915476 -0.00052579 -0.00240575
-0.104649 0.115575 0.131432 0.00923097 -0.00089535 -0.00239703
-0.0968716 0.240507 0.158289 0.00816649 -0.00075 -0.0023862
-0.107641 0.224086 0.14796 0.00805004 -0.00081838 -0.00230843
-0.111597 0.142815 0.13807 0.00789993 -0.00115895 -0.00224785
-0.10061 0.312716 0.16431 0.00796953 -0.00093313 -0.00213841
-0.102354 0.0918229 0.132449 0.00831137 -0.0011473 -0.00216338
-0.0876847 0.153162 0.154441 0.00651618 -0.0012201 -0.00223858
-0.0854121 0.202623 0.171904 0.0073932 -0.00378551 -0.00263667
-0.0970499 0.00647145 0.197594 0.00785321 -0.00692701 -0.00364501
-0.0866245 0.233525 0.234382 0.00670023 -0.00594112 -0.00325074
-0.0777689 0.195428 0.24825 0.00674506 -0.00538152 -0.00296366
-0.0775951 0.132097 0.229267 0.00762479 -0.00538152 -0.00290337
-0.0764455 0.325906 0.265796 0.00661559 -0.00625844 -0.0022088
-0.0675474 0.246616 0.295848 0.00614026 -0.00810644 -0.00096331
-0.0386653 -0.00192485 -0.0573944 0.00365289 0.00257634 -0.00506945
-0.086509 -0.390109 -0.743746 0.00406042 0.0135257 -0.018101
-0.0780255 -0.355002 -0.676983 0.00438296 0.00974482 -0.0147834
-0.066138 -0.294132 -0.679709 0.00540944 0.008584 -0.0134433
-0.0638094 -0.289881 -0.663872 0.00520265 0.00768688 -0.0125368
-0.0622993 -0.176149 -0.666308 0.00487706 0.00784818 -0.0122618
-0.0554478 -0.304062 -0.666319 0.00480243 0.0072732 -0.0128086
-0.0501033 -0.447641 -0.668723 0.00576221 0.0065586 -0.0126853
-0.0572085 -0.347051 -0.632825 0.00545928 0.00634381 -0.0123038
-0.069625 -0.244396 -0.584671 0.00480768 0.00537236 -0.0115373
-0.0696076 -0.388739 -0.579368 0.00624942 0.00475123 -0.0118454
-0.0668657 -0.415369 -0.622462 0.00666441 0.00477587 -0.0119181
-0.0679228 -0.225563 -0.616696 0.00669973 0.00490935 -0.0113568
-0.0634612 -0.231488 -0.625066 0.00712278 0.00469111 -0.0108657
-0.0641087 -0.323851 -0.608119 0.00690666 0.00439152 -0.0110032
-0.0651066 -0.163912 -0.556375 0.00687076 0.0034129 -0.00990383
-0.0639497 -0.137718 -0.580863 0.00698462 0.00419254 -0.0102987
-0.0678479 -0.321202 -0.584207 0.00729959 0.0041829 -0.0110412
-0.0697165 -0.263606 -0.603497 0.00836674 0.00402073 -0.0106691
-0.0712094 -0.146607 -0.547701 0.00712054 0.00451271 -0.010743
-0.0705713 -0.289182 -0.527935 0.00723833 0.00424635 -0.0112605
-0.0662849 -0.305627 -0.560233 0.00797286 0.00407106 -0.0108295
-0.0703378 -0.147675 -0.54744 0.00771988 0.00473221 -0.0106237
-0.06783 -0.264093 -0.565903 0.00845809 0.0041972 -0.0107463
-0.0657361 -0.313891 -0.636594 0.0102615 0.00462752 -0.010831
-0.0783088 -0.113136 -0.50163 0.00696874 0.0040404 -0.0106104
-0.0734392 -0.168576 -0.523986 0.00771642 0.00447606 -0.0104765
-0.0709446 -0.303135 -0.54644 0.00883738 0.00409175 -0.0109146
-0.0747516 -0.156076 -0.508739 0.00825502 0.0041248 -0.0104564
-0.0737016 -0.158202 -0.496875 0.00780522 0.00454467 -0.0107025
-0.0805577 -0.281862 -0.534966 0.0091702 0.00382426 -0.010904
-0.0694993 -0.128933 -0.490093 0.00807086 0.00446815 -0.0108618
-0.0719853 -0.136438 -0.47545 0.00722389 0.00399489 -0.0107135
-0.0769895 -0.307908 -0.582577 0.0107275 0.00417629 -0.0108744
-0.0765992 -0.124041 -0.492922 0.008551 0.00438139 -0.0108766
-0.079893 -0.134932 -0.47021 0.00839037 0.00440863 -0.011094
-0.0815656 -0.255887 -0.474631 0.00947167 0.0039274 -0.0109437
-0.0803174 -0.121329 -0.453996 0.00896215 0.00397075 -0.0108396
-0.0829307 -0.0643835 -0.425096 0.00815396 0.0038305 -0.0109488
-0.0852049 -0.227162 -0.457854 0.00948052 0.00376715 -0.011026
-0.0790278 -0.14266 -0.433934 0.00943995 0.00385656 -0.0109845
-0.0748827 -0.0829452 -0.452368 0.00951894 0.00451356 -0.011076
-0.07885 -0.21542 -0.46472 0.00979899 0.0041463 -0.0109666
-0.0834794 -0.0714469 -0.424251 0.00930485 0.00421906 -0.0114083
-0.0826699 -0.0549333 -0.431698 0.00941831 0.0046392 -0.0112979
-0.0829483 -0.240389 -0.483759 0.0113575 0.00425183 -0.0112232
-0.084767 -0.125213 -0.430339 0.0100119 0.00378481 -0.0111825
-0.090834 -0.037649 -0.403738 0.00962595 0.0043127 -0.0115498
-0.0905014 -0.177072 -0.439601 0.0107894 0.00378481 -0.0114028
-0.0917438 -0.0526687 -0.408733 0.0101121 0.0043325 -0.0115513
-0.0957209 0.00542341 -0.394259 0.00972658 0.00449685 -0.0120989
-0.0942402 -0.208608 -0.417457 0.0106899 0.00412913 -0.0118636
-0.103846 -0.110272 -0.406936 0.0107604 0.00405581 -0.011882
-0.0992377 0.0198577 -0.388193 0.0102743 0.00446729 -0.0122911
-0.0915044 -0.16314 -0.393973 0.0104822 0.00445853 -0.0119017
-0.0955327 -0.114637 -0.386782 0.0104162 0.00448315 -0.0118989
-0.0831668 0.0238168 -0.341018 0.0094663 0.00497175 -0.0124649
-0.0954829 -0.123131 -0.401239 0.0116528 0.00490405 -0.012371
-0.0864231 -0.0411269 -0.377037 0.0110969 0.00472524 -0.0125216
-0.0816471 0.0246656 -0.351837 0.0100701 0.0049451 -0.012364
-0.0871102 -0.0961616 -0.357385 0.0104906 0.00456105 -0.0122031
-0.0711856 0.0339735 -0.325716 0.0100703 0.00469239 -0.0120528
-0.0784007 -0.111142 -0.356965 0.0104483 0.00473729 -0.0117598
-0.076695 -0.15068 -0.406903 0.0119456 0.00451515 -0.0119444
-0.0660417 0.0453487 -0.350784 0.0105928 0.00504554 -0.012216
-0.0688069 -0.081115 -0.347995 0.0106843 0.00459787 -0.012052
-0.0657242 -0.0950814 -0.348635 0.0109373 0.00439001 -0.0119173
-0.0629384 0.0514737 -0.327694 0.0104431 0.00492705 -0.012213
-0.0644534 -0.0963231 -0.368168 0.0117528 0.00458115 -0.0120749
-0.0619925 -0.0528175 -0.33539 0.0112642 0.00452086 -0.0121257
-0.0572729 0.0621563 -0.31586 0.0100382 0.00485734 -0.0122365
-0.0653217 -0.073851 -0.344558 0.0110773 0.00462117 -0.0122895
-0.0495568 -0.0031152 -0.315746 0.010341 0.00504101 -0.0125185
-0.050909 -0.00967208 -0.336563 0.0112192 0.00553799 -0.0125782
-0.0533382 -0.101801 -0.339499 0.0113391 0.0048788 -0.0122034
-0.0461987 0.0640749 -0.306132 0.0102083 0.0053794 -0.0126599
-0.0538621 -0.0946958 -0.335953 0.0113888 0.00518147 -0.0124095
-0.0534249 -0.0577084 -0.331581 0.0111493 0.00486808 -0.0125458
-0.0512094 0.0703665 -0.357634 0.0120145 0.00571903 -0.0125393
-0.0499704 -0.11154 -0.368041 0.0119499 0.005037 -0.0120488
-0.0545645 -0.023928 -0.334159 0.0109735 0.00505029 -0.012156
-0.0540058 0.0610787 -0.343485 0.0107886 0.0053852 -0.0123597
-0.0558498 -0.11707 -0.350625 0.0109687 0.00461699 -0.011875
-0.0476956 -0.00119029 -0.344013 0.0114738 0.00477126 -0.0117825
-0.0552779 0.0487326 -0.341574 0.0110355 0.00527966 -0.0120848
-0.0523506 -0.126011 -0.352836 0.0118318 0.004945 -0.0119085
-0.0486156 0.0108491 -0.319384 0.0110485 0.00501777 -0.0119118
-0.0436714 0.00333611 -0.334622 0.0110189 0.00526286 -0.0121164
-0.0619802 -0.121334 -0.341069 0.0115613 0.00458684 -0.0117079
-0.0445881 0.0774934 -0.322511 0.0109129 0.00539521 -0.0122874
-0.043079 -0.0295044 -0.338785 0.0110927 0.00521471 -0.0121087
-0.0523947 -0.0725453 -0.356271 0.0123859 0.00511561 -0.0119813
-0.0439985 0.0948019 -0.298242 0.0107184 0.00540313 -0.0122856
-0.0398862 -0.0729283 -0.332933 0.0114699 0.00503534 -0.0117125
-0.0539677 -0.0335761 -0.31635 0.0109497 0.00476337 -0.0120328
-0.0487464 0.0839683 -0.290798 0.0106281 0.00513913 -0.0122022
-0.0476607 -0.0719531 -0.303812 0.0107955 0.00469074 -0.0118856
-0.060814 -0.0345313 -0.323082 0.0115766 0.00459775 -0.0117239
-0.0469903 0.113945 -0.312526 0.0117673 0.00563401 -0.0119932
-0.0477005 -0.0459196 -0.372651 0.0135561 0.0059135 -0.0114644
-0.0580175 -0.114712 -0.344498 0.0116634 0.00492452 -0.0111752
-0.060447 0.0301798 -0.315439 0.0117556 0.00481003 -0.0114541
-0.0636382 0.0856824 -0.247805 0.0100566 0.004623 -0.0113831
-0.0718151 -0.0517033 -0.312547 0.0122713 0.00456374 -0.0112448
-0.065931 0.0627366 -0.241579 0.010745 0.00436199 -0.0114933
-0.0605143 0.0962269 -0.230597 0.010107 0.00465619 -0.0112516
-0.0573297 -0.0613784 -0.314975 0.0120178 0.00481287 -0.0111501
-0.0579706 0.0561152 -0.263964 0.011076 0.00478602 -0.0113957
-0.058106 0.141388 -0.130222 0.00871086 0.00413801 -0.0112476
-0.0576703 -0.0700762 -0.219997 0.0107119 0.00427434 -0.0106275
-0.0616226 0.026635 -0.247575 0.0115538 0.00451351 -0.0109843
-0.0644009 0.143243 -0.178392 0.00956447 0.00453339 -0.0112609
-0.0635966 -0.0469957 -0.182654 0.0102756 0.00415105 -0.0110082
-0.0697536 0.00687838 -0.211374 0.0112396 0.00436638 -0.0111718
-0.0665633 0.160334 -0.134074 0.00934903 0.00439464 -0.0113975
-0.0654093 0.0250067 -0.175898 0.0100163 0.00427009 -0.0109882
-0.0710798 0.0144778 -0.2064 0.0111232 0.00439002 -0.0108427
-0.0686013 0.174205 -0.147634 0.00901709 0.00417483 -0.0111258
-0.0597943 0.052457 -0.198409 0.0103563 0.0044273 -0.0107368
-0.0722112 -0.020782 -0.190516 0.0103128 0.00394646 -0.0108157
-0.0510927 0.1409 -0.19757 0.0110204 0.00497544 -0.0109425
-0.0477052 0.0217217 -0.223543 0.0122152 0.00523089 -0.0102081
