0.0140546 0.0341261 0.1215 -0.00015164 0.00015294 0.00043274
0.0137101 0.1101 0.102264 0 0.00014498 0.00035559
0.00249263 0.0110768 0.167467 0 0.00010228 0.00023272
0.00735445 0.0039968 0.173186 0.00017942 0 0.00022005
0.00833419 0.121053 0.156969 0.00030227 0 0.00020779
-0.00130178 0.0264373 0.175273 0.00043174 0 0.0002123
-6.756e-05 0.00252629 0.172571 0.00010705 0 0.00026315
0.0121193 0.14141 0.121912 0 0.0001329 0.00017447
0.00842109 0.108082 0.118849 5.119e-05 0.00010699 0.00025244
0.00518612 0.00789308 0.171108 0 0 0.00021882
0.017441 0.0875269 0.134864 0 0.0001886 0.00023724
0.0018596 0.0572905 0.132838 -5.252e-05 0 5.085e-05
-0.00196276 -0.00385744 0.227841 0.00021829 0 0.00015531
0.00041758 0.0564087 0.154039 -5.314e-05 0 0.00029831
0.00088011 0.157629 0.134012 0 5.176e-05 -0.00013106
-0.00549091 0.0668581 0.125846 -8.899e-05 -0.00018759 0.00022567
-0.00064782 0.00336843 0.172456 0 -0.00015908 0.00027484
-0.00570219 0.0343823 0.135588 -0.00028559 -0.00017197 0.00018656
-0.00076023 0.147663 0.13419 -0.00052721 -0.00015613 0.00023964
-0.00171974 0.112822 0.148237 -7.432e-05 -0.00015683 0.00024438
-0.00342147 0.0117032 0.183564 -0.00019452 -0.00019502 2.669e-05
-0.00652975 0.0965148 0.112929 -0.00012951 -0.00019051 0.00016327
-0.00137555 0.00977883 0.109315 0.0001007 -0.00015049 0.00015877
-0.00593643 -0.00206145 0.131 0.0001168 -0.00011394 0.00012208
-0.0144623 0.0769236 0.0938641 0.00030196 -0.00020516 -0.00019172
-0.0216011 0.0271368 0.123016 0.00031465 -0.00045562 -0.00018247
-0.0147459 -0.0197555 0.185655 0.0006954 -0.00027163 -0.00017648
-0.0268134 0.0720394 0.158549 0.00163707 -0.00059281 -0.00040145
0.0191805 0.189051 0.0777745 0.007804 0.0006359 -0.00047331
0.0283437 0.067316 0.102889 0.00372147 0.00066748 9.229e-05
0.00599794 0.0720656 0.114577 0.00304499 0.00015675 -7.74e-05
0.0138126 -0.0150309 0.16954 0.0026094 0.00035398 -5.003e-05
0.020629 0.0195906 0.13138 0.00238345 0.00030935 0.0001712
0.0329732 0.0571973 0.111185 0.0020233 0.00060767 8.925e-05
0.0220557 -0.0248398 0.181388 0.00234466 0.00040397 -8.087e-05
0.0363237 0.0325238 0.173442 0.00180274 0.00078442 7.22e-06
0.0332626 0.156618 0.133507 0.00230153 0.0006653 0.0001712
0.0296846 0.065303 0.177746 0.00210896 0.00065775 -0.00010589
0.0116706 -0.0123734 0.225933 0.00223186 0.00022779 -0.00025131
0.0204532 0.186351 0.190618 0.00212706 0.00051302 -0.00020013
0.0171154 0.213352 0.174424 0.00234994 0.00037505 -0.00034607
0.0201367 0.0916338 0.173001 0.00189622 0.00048718 -9.877e-05
0.034902 -0.00369018 0.186795 0.00141169 0.00085114 -5.907e-05
0.0204522 0.0911789 0.155703 0.00167209 0.00051619 -0.00013826
0.0177346 0.082493 0.1497 0.00178161 0.00047258 -0.00016149
0.0167564 -0.0213824 0.200059 0.00201182 0.0004301 -0.00021692
0.0121409 0.0484512 0.163215 0.00141432 0.00014719 -6.101e-05
0.0222649 0.0224008 0.182905 0.00194585 0.00040732 -4.624e-05
0.0279808 -0.0163312 0.214483 0.00182888 0.00073052 -0.00021547
0.0162032 0.176162 0.168925 0.00225188 0.00042927 -0.00017693
0.0225925 0.176239 0.149879 0.00158584 0.00062461 -0.00011824
0.0337766 0.042302 0.208934 0.00140114 0.00080814 0.0001712
0.0287059 -0.0366248 0.333086 0.00130258 0.00044145 0.0001712
0.0463191 0.0234182 0.362242 0.00017527 0.00058872 0.00073007
0.0601022 0.355223 0.268821 0.00095152 0.00081111 0.00070663
0.0530966 0.385354 0.244533 0.00067236 0.00079218 0.00065457
0.0567583 0.202948 0.235212 0.00090286 0.00090069 0.00059947
0.0556507 0.0149537 0.274714 0.00082476 0.00117824 0.00019586
0.0485178 -0.0366544 0.272272 0.00139388 0.00102975 9.477e-05
0.0539947 -0.0309157 0.224659 0.00114368 0.00109356 9.343e-05
0.0536843 -0.056827 0.24182 0.00144251 0.00118281 0.00015301
0.0493197 -0.00297046 0.214961 0.00064728 0.00086139 0.00028033
0.0368348 0.0482903 0.221556 0.00065691 0.00066969 0.00019254
0.0374042 0.069745 0.253965 0.00092193 0.00069865 0.00016667
0.051135 0.263462 0.236503 0.00055249 0.00113468 0.0001917
0.0542094 0.212461 0.258794 0.00097111 0.00118889 4.035e-05
0.0512876 0.0880259 0.310823 0.00117002 0.00115166 8.341e-05
0.0475841 0.184341 0.25482 0.00137995 0.00111353 -8.627e-05
0.0434576 0.130548 0.229589 0.00124177 0.00102854 -0.00010993
0.04146 0.0107745 0.242232 0.00104338 0.00098665 -8.934e-05
0.041125 0.010902 0.220109 0.00088519 0.00103652 -0.00020701
0.0476837 -0.035106 0.292977 0.00094839 0.00113468 -3.4e-05
0.0362559 0.0173511 0.229216 0.00050747 0.00088468 3.62e-05
0.0343056 0.0745823 0.201741 0.00078807 0.00088468 -8.654e-05
0.0373753 0.0530636 0.213962 0.00096204 0.00105691 -3.4e-05
0.0413033 0.00744332 0.255194 0.00088519 0.00100793 -3.4e-05
0.0405878 0.195242 0.205736 0.00105628 0.00098462 -0.00010746
0.0449155 0.148692 0.217785 0.00105686 0.00104811 -0.0001039
0.0495963 0.0236264 0.264807 0.00111507 0.00115581 -0.00022565
0.0524168 0.0955918 0.200432 0.00103479 0.00124419 -0.0001103
0.0510811 0.0995528 0.182816 0.00107831 0.00122151 -3.4e-05
0.04501 -0.0214317 0.253995 0.00104111 0.00111386 -0.00021792
0.0517232 0.0484545 0.196897 0.00096102 0.00124229 -3.4e-05
0.0508915 0.0522195 0.199929 0.00074795 0.00113468 -9.533e-05
0.0475493 -0.013608 0.240399 0.00095982 0.001172 -0.00020206
0.049056 0.0738055 0.189672 0.00084267 0.00113468 -3.4e-05
0.049946 0.0543648 0.235331 0.00057424 0.00122289 -0.00014195
0.0499348 0.01238 0.237957 0.0004864 0.00120106 -0.00021038
0.0474518 0.154183 0.197675 0.00121627 0.00109936 -0.00019381
0.051266 0.0919183 0.232336 0.00126424 0.00120068 -0.00037277
0.0452216 -0.0127939 0.285105 0.00119749 0.00115646 -0.00034176
0.0448245 0.0749183 0.23766 0.00076325 0.00104415 -3.4e-05
0.0431733 0.207193 0.19276 0.00096331 0.00105528 -0.00013181
0.0440559 0.0504839 0.227388 0.00092468 0.00106288 -3.4e-05
0.0423102 0.0249089 0.194075 0.0010827 0.00133469 -0.00032303
0.0371051 0.085441 0.178701 0.0011158 0.00088881 -0.00031597
0.0432531 -0.0158487 0.231583 0.00116318 0.00117253 -0.00046657
0.0420801 0.0470727 0.19764 0.00105441 0.00123027 -0.00047198
0.0420306 0.0573377 0.186358 0.00145284 0.00115852 -0.00043544
0.0459727 -0.0104439 0.229654 0.00095621 0.00120921 -0.00042421
0.0427714 0.0409537 0.210364 0.00076325 0.00120347 -0.00031283
0.0447186 0.147665 0.178421 0.00095617 0.00130867 -0.00033829
0.0373503 0.0299269 0.233613 0.00076325 0.00105867 -0.00042006
0.0426822 0.0560399 0.201503 0.00102572 0.00113184 -0.00037652
0.041567 0.142451 0.191848 0.00119693 0.00118809 -0.00045128
0.0424568 0.0333032 0.227353 0.00109492 0.00118325 -0.00047251
0.0445392 0.0622547 0.175226 0.00106311 0.00118081 -0.00023141
0.0458837 0.00102087 0.221576 0.00094187 0.00118277 -0.00047877
0.0515702 -0.0480201 0.241981 0.00132825 0.00136056 -0.00048874
0.0525579 0.0485977 0.202954 0.00105476 0.00135097 -0.00040324
0.0613526 0.215623 0.194735 0.00028591 0.00159382 -0.00018636
0.0575881 0.139616 0.173187 0.00161239 0.00136815 -0.00010769
0.0586098 0.0184042 0.1958 0.0006461 0.00153376 -0.00029448
0.0557124 0.0820151 0.140506 0.00122353 0.00149435 -0.00032945
0.0498488 -0.0234632 0.222066 0.00115152 0.00118148 -0.00037005
0.0519096 0.0355521 0.17278 0.00095315 0.00125763 -0.00038634
0.0520064 0.075741 0.158011 0.00104386 0.00125541 -0.00034592
0.0563961 -0.0123094 0.229133 0.00082729 0.00152161 -0.00037556
0.0587691 0.0194062 0.206662 0.00068572 0.00149326 -0.00039997
0.0659735 0.126489 0.17957 0.00120844 0.00157098 -0.00029317
0.071208 0.031084 0.207988 0.00127884 0.00169189 -0.0003222
0.0680286 0.121738 0.151888 0.00093106 0.0016508 -0.0001783
0.0658198 0.0262313 0.206873 0.00082729 0.0016508 -0.00028735
0.0605789 0.0593759 0.171392 0.00082729 0.00167895 -0.00026129
0.0606895 0.0727879 0.166448 0.00094095 0.00162045 -0.00024298
0.0561191 -0.0158894 0.20585 0.0009576 0.00155736 -0.0003914
0.0555277 0.0131684 0.166725 0.00118154 0.00146937 -0.00044602
0.0570829 0.13536 0.166708 0.00095462 0.00162383 -0.00055995
0.0535524 0.0371675 0.206846 0.00090866 0.00156569 -0.00070244
0.0501831 0.00723441 0.204922 0.00082729 0.00130867 -0.00065871
0.0419028 0.134128 0.1573 0.00131131 0.0012217 -0.00062597
0.0552675 0.0470489 0.239557 -7.688e-05 0.00159156 -0.00042722
0.0476163 0.0305503 0.154935 0.00150754 0.00120386 -0.00076854
0.0577442 0.0228407 0.199329 0.00068518 0.00180023 -0.00085432
0.0501518 -0.0319125 0.235643 0.001415 0.00120512 -0.00084599
0.0494719 0.130002 0.146581 0.00149317 0.00119853 -0.00076854
0.0565028 0.142049 0.155269 0.00134561 0.00148327 -0.00076854
0.0608754 0.00204528 0.217601 0.0012611 0.00150156 -0.00086683
0.0630215 0.0623491 0.1906 0.00110142 0.00157999 -0.00070038
0.0583442 0.192379 0.157623 0.00145422 0.00149764 -0.00076854
0.0630316 0.0285667 0.201364 0.00107727 0.00163515 -0.00076854
0.0672845 -0.0186834 0.124934 0.00219172 0.00158577 -0.00028393
0.063701 -0.00032931 0.109491 0.00205937 0.0016084 -0.00021317
0.066136 0.0565484 0.114367 0.00146743 0.00141586 -0.00028393
0.0617339 0.00603639 0.126135 0.00122464 0.00145294 -0.00028393
0.0607728 -0.0355778 0.172177 0.00122464 0.00148281 -0.00055626
0.0699196 0.0828579 0.115712 0.00122464 0.00187856 -0.00040514
0.0756521 0.0690303 0.127361 0.00105356 0.00190449 -0.00045151
0.0637778 -0.0147989 0.19351 0.00097823 0.00153636 -0.0006038
0.0785509 0.132613 0.142886 0.00114631 0.00184626 -0.00044426
0.081694 0.147871 0.135101 0.00139121 0.00183771 -0.00045186
0.0803165 0.0187004 0.18023 0.00109542 0.00191234 -0.00052548
0.0890765 0.0441304 0.139117 0.00103033 0.00209308 -0.00028393
0.0930098 0.114411 0.127063 0.0008331 0.00213374 -0.00028393
0.0917878 -0.00314902 0.175583 0.00061573 0.00208462 -0.00028393
0.090271 -0.0031705 0.155243 0.00070247 0.00204113 -0.00028393
0.0917358 0.0873754 0.127951 0.00067809 0.00219048 -0.00028393
0.0856566 0.00392523 0.162068 0.00085858 0.00188925 -0.00028393
0.0916859 -0.0024138 0.172094 0.00069792 0.00209387 -0.00043436
0.0945765 0.142519 0.148822 0.00085175 0.00213769 -0.00028393
0.0938686 0.0479439 0.16604 0.00087762 0.00210913 -0.00043196
0.09162 -0.0009826 0.161334 0.00044792 0.0020497 -0.00036098
0.0982136 0.160129 0.116734 0.00083977 0.00219284 -0.00017532
0.0885747 0.00745175 0.204759 0.00023976 0.00203442 -0.00028393
0.0863137 -0.00567343 0.196725 0.00037765 0.00179454 -0.00028393
0.0868268 0.193404 0.147778 0.00080567 0.00198009 -0.00028393
0.0909383 0.127434 0.151761 0.00080808 0.00209425 -0.00022784
0.0869874 0.00512601 0.185507 0.00070524 0.00195972 -0.00042351
0.0893502 0.0402254 0.138435 0.00072169 0.00201472 -0.00040681
0.0922386 0.0257289 0.144781 0.00079598 0.00208422 -0.00040654
0.0896881 -0.0156916 0.182919 0.00083564 0.00207656 -0.00040331
0.0967327 0.00592066 0.132096 0.00070091 0.00215235 -0.00028393
0.0920283 0.126559 0.125167 0.00021472 0.00218847 -0.00028393
0.114996 0.0356208 0.155112 0.00054357 0.00215618 -0.00022345
0.121425 0.066925 0.129803 0.000648 0.00227462 -7.915e-05
0.118651 0.100338 0.13757 7.67e-06 0.00240224 -6.621e-05
0.127648 0.0267143 0.151941 0.00055699 0.00239498 -0.00015801
0.128851 0.0227161 0.134572 0.00033095 0.00240611 3.7e-06
0.124652 0.0577872 0.134521 0.00045413 0.00229753 3.731e-05
0.124798 -0.0328339 0.196863 0.00110581 0.00236981 -0.00022826
0.121059 0.0465073 0.144327 0.00076819 0.00226308 -0.00029434
0.117724 0.17132 0.126799 0.00086394 0.00211472 -0.00022457
0.12542 0.0659005 0.137469 0.00045413 0.00230146 5.069e-05
0.131608 -0.011799 0.166823 0.00084688 0.00231405 -0.00023613
0.125274 0.109764 0.0830578 0.00096808 0.00209206 -4.238e-05
0.135024 0.0972233 0.115525 0.00069937 0.0023045 4.909e-05
0.135045 -0.00981899 0.134692 0.00064716 0.00230846 -0.00018773
0.124568 0.0844488 0.0919549 0.00074465 0.00211841 -1.318e-05
0.12419 0.0232838 0.111753 0.00010733 0.00235189 -4.489e-05
0.130135 -0.0151653 0.126032 0.00077817 0.00215981 -0.00018751
0.134472 0.0456429 0.0981789 0.00059208 0.00205588 0.00016239
0.141737 0.00843415 0.10244 0.00066403 0.00222572 5.062e-05
0.14458 -0.0198605 0.148136 0.00055169 0.00238683 -0.00017383
0.142525 0.119961 0.0969062 0.0006177 0.00242931 0.00017836
0.135507 0.107042 0.0955326 0.00045413 0.00218956 0.00020817
0.146851 -0.00097879 0.141668 0.00060101 0.00241478 -0.00018762
0.153467 0.0675575 0.0849912 0.00124424 0.00204993 5.3e-06
0.147057 0.00962401 -0.00126846 0.0031665 0.00239314 0.00064434
0.147155 -0.0411461 0.0781049 0.00151889 0.00275251 0.00048046
0.15273 -0.0333641 0.130634 0.00149784 0.00255715 0.00045577
0.156836 0.00542214 0.0938524 0.00127149 0.00253144 0.00037878
0.149614 0.0594487 0.0414492 0.00076949 0.00225901 0.00072929
0.151998 -0.0154279 0.12376 0.00087397 0.00273275 0.00027539
0.147376 0.0198445 0.136228 0.0004201 0.0025791 0.00031107
0.15023 0.20671 0.110558 0.00044794 0.00243379 0.00046142
0.154761 0.0855393 0.127637 0.00020239 0.00253314 0.00061582
0.160507 -0.00964276 0.174242 0.0005928 0.00244106 0.00027616
0.161059 0.134245 0.114832 0.00045725 0.0023702 0.00060019
0.166286 0.0705237 0.106597 0.00029084 0.00258039 0.00066263
0.170667 -0.0109079 0.141549 0.00048676 0.00275786 0.00025354
0.152074 0.0241402 0.0964965 0.00030188 0.00242644 0.00048995
0.153975 0.00207719 0.078676 0.00030188 0.002312 0.00035164
0.162827 -0.0222836 0.16001 0.00051429 0.00266236 0.00013061
0.149675 0.0569282 0.107046 -1.144e-05 0.00256027 0.00044002
0.149065 0.0746755 0.119958 -0.00022133 0.00261656 0.00043479
0.152331 0.00488268 0.158753 0.00012335 0.00260856 0.00014936
0.153639 0.128036 0.0941151 0.00023212 0.00253957 0.0004241
0.156819 0.0916508 0.0975502 -6.141e-05 0.00256245 0.0004741
0.145406 0.00751629 0.165782 1.753e-05 0.00246171 0.00024421
0.137522 0.0964728 0.116833 0.00030188 0.00227516 0.00034026
0.144064 0.0463466 0.132981 0.00021686 0.00254635 0.00039006
0.146003 -0.0141003 0.180424 0.00042156 0.00269877 0.00022068
0.142358 0.103071 0.107025 -3.818e-05 0.00245984 0.00039385
0.146123 0.0614549 0.103151 -0.00036827 0.00266999 0.00037305
0.149194 7.524e-05 0.14178 1.221e-05 0.00269169 0.00016027
0.133345 0.0696919 0.0891584 -0.00016734 0.00244104 0.00021218
0.128939 0.0681513 0.0972874 -0.00016734 0.0023506 0.00010511
0.146641 -0.00368678 0.162456 0.0002255 0.00260545 1.66e-06
0.143693 0.0824718 0.0964942 -0.00016734 0.00249101 0.00030715
0.142414 0.0748491 0.0941557 -0.00016734 0.00234017 0.00041502
0.145364 -0.0151272 0.153225 0.00047834 0.00246805 1.88e-06
0.147715 0.0947352 0.0694076 0.0001124 0.00212343 0.00025579
0.142592 0.0935382 0.0654626 0.00013556 0.00230733 0.00040677
0.143933 -0.019792 0.140816 0.00069432 0.00242183 4.42e-05
0.146604 0.0832598 0.0954528 0.0001689 0.00245179 0.00022873
0.139988 0.157422 0.0753803 0.00028675 0.00224889 0.00026509
0.146294 0.0224473 0.100544 0.00010062 0.00240564 0.00025003
0.15062 0.00796869 0.0703783 -0.0001124 0.00243735 0.00023949
0.14425 0.0884404 0.0578723 -1.303e-05 0.0022928 0.00043512
0.151299 -0.00128542 0.10563 0.00010771 0.00253091 0.00019227
0.162202 0.0174638 0.068688 -6.44e-05 0.00237976 0.00041361
0.172048 0.0561825 0.0576557 -7.865e-05 0.00236326 0.00065005
0.185355 0.0191804 0.0731916 -6.789e-05 0.00275706 0.00040702
0.190831 -0.0105225 0.117656 0.00034551 0.00273554 7.35e-05
0.189777 0.0957349 0.0703371 0.00024392 0.00220578 0.00044167
0.19129 0.118957 0.0760468 3.834e-05 0.00245929 0.00060223
0.191707 0.0265295 0.0849114 -9.111e-05 0.00263212 0.00052875
0.18614 0.00408506 0.0701798 0.00028987 0.00238616 0.00023964
0.185558 0.123937 0.0346937 -2.782e-05 0.00254739 0.00070074
0.189925 0.00474372 0.0888657 9.56e-05 0.00253169 0.00036602
0.187829 0.00196242 0.0811799 0.00023652 0.00230774 0.00035804
0.186414 0.0805435 0.0483942 7.292e-05 0.00241273 0.00077881
0.192843 0.00032186 0.0769801 0.00014206 0.00249763 0.00049517
0.198554 0.00821834 0.0619394 0.0001401 0.00229385 0.00054033
0.19203 0.0649479 0.0484856 -0.00014423 0.00233583 0.00096488
0.199815 0.0277572 0.0490092 0.0002813 0.00240992 0.00087967
0.198559 -0.0161461 0.0879788 0.00032604 0.00247674 0.00046725
0.206921 0.0392209 0.040353 0.00017622 0.00241215 0.00087637
0.202643 0.156472 0.0405043 -1.046e-05 0.0022237 0.00108955
0.218071 0.0727487 0.0641438 8.61e-05 0.00258592 0.0010596
0.224764 -0.00266367 0.0568302 0.00026819 0.00244031 0.00073282
0.224915 0.0698052 0.0405781 2.029e-05 0.00238466 0.00125531
0.233308 0.0319199 0.0625977 0.00024538 0.00238836 0.00128832
0.236162 -0.031385 0.0751316 0.00046747 0.00235918 0.00081565
0.225615 0.0666907 0.0470717 4.194e-05 0.00220817 0.00134616
0.275669 0.0265075 0.101715 0.0003562 0.00279522 0.00101403
0.287729 0.00561031 0.0959146 0.0003562 0.00294027 0.00104248
0.260809 0.105086 0.048786 -3.998e-05 0.00289159 0.00184642
0.26623 0.0280949 0.0781537 0.00020911 0.0025902 0.00147755
0.259567 0.008662 0.100888 -4.513e-05 0.00300509 0.00120122
0.25906 0.144313 0.07706 -4.513e-05 0.00302181 0.00169672
0.268492 0.0708385 0.075661 6.556e-05 0.00279932 0.00172083
0.282629 0.00079969 0.11858 0.0001167 0.00319418 0.00120453
0.2718 0.0507676 0.0763863 -4.513e-05 0.00279352 0.00162762
0.275031 0.0410215 0.0949723 -4.513e-05 0.00295989 0.00151749
0.279167 -0.00663772 0.0989982 0.00046093 0.00301114 0.00125112
0.266917 0.0539211 0.0634216 -4.513e-05 0.002772 0.00160349
0.295196 -0.00176302 0.0972955 0.00022605 0.00317403 0.0013112
0.290284 0.0751225 0.070363 -4.513e-05 0.00301672 0.00181037
0.290464 0.0694773 0.0677041 -0.00021053 0.00283046 0.00181157
0.298617 0.0080576 0.105347 -4.513e-05 0.00329701 0.00138869
0.297323 0.0890999 0.0838649 -0.00026234 0.00323464 0.00181135
0.306113 0.0637029 0.0988997 -0.00021278 0.00332032 0.00175082
0.301731 -0.00028997 0.103811 0.00016929 0.00319647 0.00137484
0.298716 0.0909413 0.0667119 -0.00015641 0.00299059 0.00196086
0.305646 0.0425782 0.0833608 -0.00029926 0.0031534 0.00163876
0.305585 -0.0288473 0.107391 0.00048318 0.0029734 0.00134339
0.292504 0.0727463 0.0477266 -9.999e-05 0.00292251 0.00186737
0.289655 0.13272 0.0310241 -0.00040475 0.00304692 0.00208791
0.298267 0.0237065 0.0591943 -0.00040321 0.00322249 0.00183272
0.287678 -0.00967062 0.0725939 -0.00027751 0.00324029 0.00166343
0.286229 0.111782 0.0534817 -0.0005071 0.00331369 0.00209771
0.294575 0.0520871 0.0418839 -0.00042608 0.00279171 0.00197277
0.31216 -0.00644562 0.0728055 -0.00018901 0.00318747 0.00177307
0.302439 0.0341738 0.0565816 -0.00035599 0.00314939 0.00193585
0.298696 0.0446082 0.0485729 -0.00019681 0.00292308 0.00197797
0.296211 -0.0133918 0.0761576 -4.513e-05 0.00318643 0.00171857
0.296724 0.0335631 0.0421744 -4.513e-05 0.00306902 0.00205259
0.294814 0.108587 0.0474597 -0.00052973 0.00309835 0.00226345
0.315233 0.0219111 0.094408 -0.00057516 0.00353308 0.00185856
0.301502 0.0855515 0.0521674 -0.00045659 0.00309021 0.0022714
0.299572 0.0833943 0.0567228 -0.00058686 0.00320339 0.00219052
0.315791 0.00261326 0.0793337 -0.00027075 0.00327602 0.00187298
0.310886 0.0481031 0.0503954 -0.00045659 0.00319422 0.0020342
0.308306 0.0519297 0.0502845 -0.00025914 0.00298454 0.00213877
0.310212 -0.00844881 0.0781848 -5.95e-06 0.00314278 0.00180133
0.295712 -0.0196072 0.0594748 0.00016231 0.00280413 0.00163879
0.303222 0.111291 0.0396361 -5.95e-06 0.00288434 0.00209773
0.305307 0.0982303 0.0353245 8.107e-05 0.0029341 0.00209296
0.297934 -0.00292692 0.0447112 0.00044329 0.00303712 0.00161544
0.283149 0.0536993 -0.00634601 0.00048297 0.00263906 0.00170705
0.275029 0.061681 0.00628213 0.00028321 0.00259274 0.00164381
0.283567 -0.0105112 0.0377103 0.00042174 0.0027208 0.00147504
0.28065 0.0151118 0.0238576 0.00027233 0.00275193 0.00149402
0.281733 0.0419123 0.0328054 0.0001359 0.00264932 0.0015671
0.287993 0.00098246 0.0364002 0.0003333 0.00322253 0.00137085
0.279106 0.0595026 -0.00260645 -5.95e-06 0.00275988 0.00184786
0.282458 -0.00209887 0.0294974 0.00044582 0.00300651 0.00176921
0.282248 0.0325072 0.01679 0.00025114 0.0029098 0.00181843
0.275146 0.0879055 0.008678 7.446e-05 0.0030729 0.00202077
0.283585 0.0120946 0.0257099 0.00011388 0.00269975 0.00160862
0.285653 0.00702984 0.0160153 0.00021784 0.00265271 0.00156963
0.290734 0.0824512 0.0144127 9.538e-05 0.00254868 0.00189321
0.293525 -0.0138047 0.0542418 0.0003964 0.00270152 0.00148785
0.291692 -0.0206905 0.044275 0.00039977 0.0025472 0.0014233
0.294034 0.124825 0.0089922 0.00032976 0.00242974 0.0017172
0.288987 0.102941 -0.00125269 0.00016019 0.00287481 0.00209088
0.284766 0.00524744 0.0317531 0.00011949 0.00288973 0.00173588
0.284997 0.0609811 0.0112397 -0.00012417 0.00277306 0.00197122
0.28061 0.0171422 0.0243536 -7.572e-05 0.00291797 0.00191275
0.271302 -0.0569397 0.0636468 0.0003223 0.00317408 0.00201623
0.277916 0.0451372 0.021705 -5.95e-06 0.00273656 0.0017799
0.273082 0.0574106 0.0237492 -5.95e-06 0.00264488 0.00191757
0.285719 -0.00300061 0.0508053 0.00015897 0.00250101 0.00159064
0.288252 0.0429145 0.0262717 -5.95e-06 0.00217591 0.00168569
0.287321 0.0818236 0.0213318 -5.95e-06 0.00218604 0.00200027
0.284435 0.0129237 0.033772 -5.95e-06 0.00225558 0.00192921
0.283833 0.0254479 0.0240435 -5.95e-06 0.00239807 0.00192024
0.286029 0.0943841 0.0212818 9.598e-05 0.00233235 0.00213964
0.280379 0.0161803 0.0500105 5.432e-05 0.00256935 0.00189695
0.282967 -0.00801446 0.0463374 0.00026034 0.00233415 0.00169786
0.269031 0.0918231 0.0127079 -0.00025817 0.00288756 0.0021166
0.275337 0.00332836 0.0442508 0.00010542 0.00266094 0.00186088
0.270212 0.00800013 0.0403214 -5.95e-06 0.00278622 0.0016202
0.2758 0.102508 0.020227 8.094e-05 0.00230171 0.00209824
0.277409 0.0295152 0.0406379 -0.000113 0.00233254 0.00188389
0.278281 0.0325154 0.0375931 -0.00021689 0.00258279 0.00197202
0.276559 0.0930831 0.0223887 -0.00041751 0.00248931 0.00222843
0.274965 0.00814861 0.0467612 -0.00028807 0.00248027 0.00198183
0.275693 0.020366 0.0306994 -0.00011916 0.00285814 0.0020426
0.271193 0.0659324 0.022558 -0.00033879 0.00260779 0.00211047
0.284182 -0.00171694 0.0432748 -0.00011194 0.00238935 0.00190975
0.296338 0.0148164 0.0303191 -0.00023304 0.00245093 0.0019033
0.293121 0.077403 0.0223125 -0.00028807 0.00223833 0.00230592
0.300813 0.00904886 0.0455501 -0.00017107 0.00244631 0.00192005
0.293985 0.0504184 0.0188781 -0.00012584 0.00234269 0.0019833
0.295931 0.0740079 0.00762902 -0.00038941 0.00234971 0.00230738
0.295385 0.00191227 0.0311075 5.5e-05 0.00258229 0.00200389
0.297965 0.0650366 0.0185974 -0.00028807 0.00271599 0.00235813
0.300905 0.0622118 0.0315994 -0.00045697 0.00275682 0.00229673
0.305057 0.00235674 0.0375406 4.142e-05 0.00270499 0.00202536
0.30239 0.071834 0.0311392 -0.0005819 0.00257866 0.0021477
0.302499 0.0266039 0.0419741 -0.00049697 0.00254643 0.00197035
0.306702 0.00172209 0.0486219 -0.00040452 0.00260387 0.00162032
0.299346 0.10019 0.0238021 -0.00028807 0.00233374 0.00211191
0.303467 0.0215989 0.0455436 -0.00045332 0.00267241 0.00191416
0.299921 -0.0104796 0.0387311 -0.00028807 0.00248996 0.00190425
0.288937 0.134171 0.0178004 -0.00074487 0.00295156 0.00222064
0.297854 0.0800564 0.0342737 -0.00048462 0.00259673 0.00225959
0.313276 0.0121526 0.0508988 -0.00028807 0.00262722 0.00186871
0.305595 0.0703509 0.0243932 -0.00028807 0.00244064 0.00220219
0.307996 0.0298796 0.0327827 -0.00047745 0.00245353 0.00210565
0.305494 -0.0205898 0.0425126 -0.00028807 0.00248278 0.00187432
0.295949 0.0520757 0.026088 -0.00049468 0.00235754 0.001991
0.306078 0.0299559 0.0387223 -0.00052969 0.00232012 0.00191061
0.300357 -0.0105558 0.0422951 -0.00036949 0.00255239 0.00183616
0.289919 0.106667 0.0169505 -0.00070108 0.0028221 0.00218088
0.307579 0.0411668 0.0432541 -0.00059879 0.00253299 0.0019483
0.306969 0.0628289 0.0336519 -0.00077383 0.00279472 0.00204382
0.304175 0.0724439 0.0358529 -0.00048728 0.0024306 0.00231209
0.29569 -0.0131787 0.0619541 -0.00042887 0.00255785 0.0018053
0.296804 -0.00997579 -0.136485 0.00258209 0.00351493 0.00236764
0.274985 -0.0250313 -0.0388226 0.00111887 0.00268305 0.00201543
0.278823 0.0199635 -0.0342451 0.00106747 0.00249866 0.00187614
0.300517 -0.0327234 -0.0100159 0.00106747 0.00214821 0.00160978
0.295335 -0.00216741 -0.0228778 0.00091688 0.00235903 0.00162854
0.295389 0.0560155 -0.0117011 0.0004682 0.00233033 0.00193806
0.291341 -0.00810965 0.0182741 0.00033586 0.00215744 0.00186967
0.285185 0.0458861 -0.0160386 0.00026058 0.0025671 0.00201511
0.277277 0.0725677 -0.015277 0.0001866 0.00253069 0.00207916
0.283147 -0.0179392 0.0469446 0.00053988 0.00234664 0.00168822
0.279652 0.040437 0.00777947 7.868e-05 0.00211075 0.00180298
0.286043 0.105879 0.00436325 2.662e-05 0.00234107 0.00222546
0.291061 0.0175741 0.00583763 7.868e-05 0.00213776 0.00192603
0.294704 -0.0349833 0.0101701 0.00053957 0.00208096 0.00176879
0.283987 0.0769787 -0.0211001 7.868e-05 0.00244454 0.0022765
0.283976 -0.00343989 0.0022 0.00032157 0.00222685 0.00210442
0.285189 -0.0125001 0.0104933 0.00031344 0.00223114 0.00200571
0.290167 0.0704906 -0.00302868 7.868e-05 0.00222305 0.00211248
0.294994 -0.00724682 0.0145035 0.00029585 0.00211647 0.00212725
0.298177 0.00919618 -0.00280026 0.00016827 0.00215574 0.00200565
0.299793 0.0979341 -0.0115271 7.868e-05 0.00220549 0.00238551
0.301267 0.0224695 0.0213378 7.868e-05 0.00210327 0.00191088
0.302593 0.0166838 0.00368177 7.868e-05 0.00208725 0.00187199
0.29926 0.046124 -0.00122183 0.00025876 0.00189017 0.00194501
0.297831 -0.00139794 0.0191234 7.868e-05 0.00227124 0.00198144
0.296608 -0.0204396 0.0129744 7.868e-05 0.00226152 0.00202003
0.289131 0.0645768 0.00172952 -5.882e-05 0.00236006 0.00212486
0.302307 0.0104411 0.023789 -0.00014374 0.00250673 0.00218085
0.289897 -0.0356365 0.0240433 7.868e-05 0.00215355 0.00207532
0.296623 0.108623 0.00207137 -0.00024569 0.00212406 0.0023262
0.296917 0.0914128 0.0182216 -0.00039358 0.00228426 0.0022253
0.309444 0.00679926 0.0383338 -9.49e-05 0.00202767 0.00190099
0.29831 0.0459216 0.0158892 -0.00026813 0.00197507 0.00192442
0.295774 0.0309498 0.0190711 -0.00025983 0.00201372 0.00191624
0.29137 -0.0263742 0.0244502 -3.498e-05 0.00223488 0.00204921
0.292087 0.0356655 0.00658113 -0.00020769 0.00213342 0.00222085
0.294092 0.0195886 0.002886 -5.268e-05 0.00209526 0.00238608
0.29431 -0.0238444 0.0190919 0.00015036 0.00189744 0.00220762
0.289893 0.0309907 0.00936785 -0.0002644 0.00206302 0.00240074
0.294671 0.0814917 0.00905654 -0.00034854 0.00217368 0.00240417
0.299048 0.0101601 0.0356567 -0.00017284 0.00204107 0.00222609
0.300404 0.0350484 0.0230462 -0.00030459 0.00213989 0.00224425
0.299254 0.0880871 0.0117421 -0.0003195 0.00215823 0.00249514
0.307242 0.0131838 0.0350401 -0.00049527 0.00241906 0.00239453
0.304906 -0.0165389 0.0190708 -0.00012446 0.00199249 0.00230888
0.300933 0.0942001 0.00630282 -0.00037301 0.00226708 0.00259763
0.311653 0.0474392 0.0144769 -0.00049527 0.00210339 0.00242319
0.318306 -0.00661393 0.0236297 -0.00029283 0.00216728 0.00245909
0.315551 0.0519682 0.00441071 -0.00049527 0.00221726 0.00250135
0.319576 0.0255996 0.0051905 -0.00049527 0.00223977 0.0023219
0.325853 -0.0135229 0.0269131 -0.00030369 0.00233088 0.00259109
0.31341 0.0502762 0.00395566 -0.00061476 0.00218762 0.00250521
0.311085 0.0434598 -0.00172463 -0.0007237 0.00234822 0.0025605
0.323846 0.0151781 0.00563249 -0.00049527 0.00245008 0.00242497
0.311918 -0.0382798 0.0413015 -0.00049527 0.00257274 0.0025091
0.309308 0.0657198 -0.00093961 -0.00074853 0.00243875 0.00251241
0.313103 0.104954 -0.00080418 -0.00087579 0.00243535 0.00260115
0.310969 -0.00209219 0.0274842 -0.00035162 0.00221102 0.00229431
0.306895 0.0521609 0.00465161 -0.00049527 0.00218614 0.00222489
0.309844 0.0732604 0.00374839 -0.00049527 0.00205055 0.00236792
0.312952 -0.0155029 0.0401221 -0.00049527 0.00243244 0.00223008
0.313386 0.0284928 -0.00394304 -0.0003973 0.00234801 0.00247
0.313728 0.0503936 -0.0142883 -0.00060598 0.00265284 0.00266952
0.312011 -0.0362812 0.0257001 -0.00025561 0.00237927 0.00250029
0.303422 0.0414657 -0.00310612 -0.00057235 0.00271354 0.00262735
0.301964 0.077268 -0.0114695 -0.00068059 0.00247202 0.00265892
0.314775 -0.00313516 0.00554188 -0.00016045 0.00233602 0.0025302
0.311052 0.0814517 -0.00979412 -0.00090347 0.00265903 0.00277543
0.31281 0.0210214 0.0216353 -0.00061108 0.00261853 0.00255943
0.314886 -0.0202236 0.0342826 -0.00049527 0.00252188 0.00238656
0.316936 0.100854 0.00189485 -0.00074831 0.00232202 0.00274727
0.313974 0.0515475 0.00155067 -0.00062246 0.00250378 0.00254989
0.322342 -0.0114962 0.0262042 -0.00025305 0.00242763 0.00254219
0.319951 0.0593605 -0.0059294 -0.00074007 0.00251052 0.00273571
0.324371 0.0455856 -0.00987294 -0.00082404 0.00261733 0.0027834
0.338899 -0.0166284 0.0170906 -0.00030921 0.00246865 0.00266819
0.332862 0.0516515 -0.00806091 -0.00085073 0.0025952 0.00276712
0.345477 0.0534141 0.0130603 -0.00092203 0.00262482 0.00277194
0.36086 -0.0126925 0.0394047 -0.00049527 0.00249242 0.00241639
0.361667 0.0715763 0.00547407 -0.0007653 0.002636 0.002885
0.361206 0.0537647 -0.00242985 -0.00084035 0.00275483 0.00274517
0.36281 -0.0111237 0.0224208 -0.00061371 0.00289865 0.0028211
0.380236 0.0721843 -0.0182394 -0.00105864 0.00317556 0.00298538
0.395596 0.0332134 -0.0113394 -0.00104413 0.00354131 0.00291483
0.392228 -0.0323818 0.00515443 -0.00072047 0.00293284 0.00277631
0.395303 0.0878977 -0.0366984 -0.00120048 0.00366174 0.0031602
0.409186 0.0474814 -0.0260357 -0.00096373 0.00406909 0.00341474
0.401399 -0.0133051 -0.0152252 -0.00087261 0.00328611 0.00289066
0.412068 0.0804092 -0.0382375 -0.00127454 0.00377718 0.00320375
0.43024 0.027693 -0.0177589 -0.00100077 0.00368455 0.00295899
0.418623 -0.0154072 -0.022151 -0.00078143 0.0037917 0.0027122
0.417699 0.0633245 -0.0623744 -0.00120048 0.00406858 0.00315119
0.420643 0.040313 -0.0210795 -0.00144929 0.00390135 0.00320287
0.41836 -0.00092503 -0.01818 -0.00120048 0.00388308 0.00280781
0.427259 0.0750773 -0.0408921 -0.00149126 0.00404423 0.00316867
0.451436 0.0312339 -0.0318479 -0.00151326 0.00460268 0.00327825
0.447916 -0.0129726 -0.0284038 -0.00120048 0.00413337 0.00307216
0.450716 0.0734216 -0.035862 -0.00148658 0.00468411 0.00335676
0.468191 0.00955757 -0.00502266 -0.0013502 0.00446786 0.00317872
0.461586 0.0142165 -0.0278184 -0.00120048 0.00417717 0.00306229
0.438139 0.074047 -0.0554726 -0.00142641 0.00407958 0.00319699
0.465523 -0.0171568 -0.039783 -0.00111629 0.00424838 0.00334948
0.463295 0.0736385 -0.0583789 -0.00176807 0.00471396 0.00342342
0.470134 0.0575298 -0.0446304 -0.00176807 0.00475599 0.003803
0.480857 -0.0393162 0.0037053 -0.00145755 0.00448621 0.00362681
0.468881 0.0314814 -0.0477141 -0.00128292 0.00446583 0.00329799
0.468279 0.103332 -0.0395199 -0.00183538 0.00459636 0.00358254
0.488148 -0.00202346 0.00414279 -0.00184676 0.00476982 0.0033744
0.480102 0.0503673 -0.0214391 -0.00194065 0.0047681 0.00338912
0.47373 0.101728 -0.0459013 -0.00162555 0.00442797 0.00334856
0.477633 0.0154447 -0.0330977 -0.00171607 0.00483204 0.00344218
0.496886 -0.0110457 -0.0612212 -0.00133017 0.00478628 0.00368197
0.506391 0.0834547 -0.0485945 -0.00194066 0.00531635 0.00429254
0.506306 0.0213228 -0.0410985 -0.0017541 0.0051708 0.00417798
0.502212 -0.0357079 -0.0422851 -0.00127179 0.00476029 0.00381256
0.49572 0.0672037 -0.0618863 -0.00179842 0.00503511 0.00392421
0.513164 0.0677163 -0.039336 -0.00173788 0.00462717 0.00408085
0.515809 -0.0221593 -0.0267879 -0.00169066 0.00489386 0.00398807
0.487781 0.0993904 -0.0543037 -0.00222841 0.00526539 0.0037734
0.48707 0.0771272 -0.0326135 -0.00206592 0.00489386 0.00339393
0.491029 0.0158302 -0.0427818 -0.00154263 0.00444176 0.00342685
0.474064 0.092168 -0.0502845 -0.00220101 0.00499885 0.00364717
0.510045 0.00398303 -0.0285163 -0.00201529 0.00542247 0.00403917
0.510895 0.0143703 -0.0457953 -0.00212436 0.00551286 0.00409148
0.490988 0.0506401 -0.0596965 -0.00218233 0.00550736 0.00400574
0.504231 -0.00321851 -0.0428766 -0.00206373 0.00532463 0.00405284
0.505463 -0.0455071 -0.0430882 -0.00121627 0.00487511 0.00365106
0.482775 0.0831071 -0.0680755 -0.0016901 0.0051782 0.00340714
0.484273 0.0620062 -0.0498812 -0.0016901 0.00502792 0.00352225
0.493805 -0.0131149 -0.0276154 -0.00121846 0.00488121 0.00358196
0.475678 0.0501548 -0.0611192 -0.00175469 0.00517274 0.00338674
0.470301 0.127289 -0.0691375 -0.00186993 0.00537191 0.00348717
0.504707 0.0127792 -0.0229506 -0.00195586 0.0051994 0.00395729
0.505535 0.0361994 -0.0629917 -0.00175706 0.00529097 0.00392795
0.485411 0.0667628 -0.0626714 -0.00177459 0.00519121 0.0037993
0.496529 -0.0265778 -0.015388 -0.00125937 0.00496905 0.00386307
0.46761 0.00834547 -0.0463856 -0.00136615 0.00433445 0.00328908
0.473939 0.0799814 -0.0588548 -0.00199074 0.00494753 0.00347102
0.466596 -0.00917725 0.0257537 -0.0016901 0.00433445 0.00340961
0.449463 0.0652915 -0.0231868 -0.00183506 0.00405005 0.00322437
0.465757 0.123387 -0.0363153 -0.00208635 0.00472909 0.00345834
0.449469 0.0409666 0.011691 -0.00185111 0.00440952 0.00347285
0.415876 0.0916867 -0.0227196 -0.00203281 0.0043881 0.00341629
0.404341 0.0865048 -0.0353728 -0.00227218 0.00473091 0.00352545
0.413084 -0.00938791 0.016659 -0.00178848 0.00431363 0.00342707
0.418128 0.0577676 -0.044541 -0.00209009 0.0047181 0.00362299
0.433432 0.0309177 -0.0402003 -0.00193437 0.00487832 0.00376976
0.428853 -0.0152311 -0.00082874 -0.00190584 0.00411831 0.00356441
0.43413 0.086958 -0.0455351 -0.00218631 0.00456363 0.00345036
0.447786 0.0761896 -0.0460157 -0.00201957 0.00480425 0.00384275
0.435831 0.00966753 -0.00595392 -0.00218631 0.00447423 0.00348813
0.43451 0.09131 -0.0441437 -0.00251184 0.00497386 0.00379582
0.443324 0.0781095 -0.0364039 -0.00246916 0.0052874 0.00409679
0.449909 -0.0138634 -0.00232127 -0.00211617 0.00485162 0.00398616
0.45403 0.0905315 -0.0440106 -0.00246624 0.00505675 0.00401233
0.45907 0.049945 -0.0201204 -0.00262111 0.00539139 0.00408456
0.459813 -0.0197094 -0.0216856 -0.00194832 0.00442834 0.00390659
0.447062 0.0732321 -0.0715412 -0.00237547 0.00482371 0.00352239
0.447038 0.0753496 -0.0397921 -0.0027427 0.00503741 0.00368967
0.441315 -0.0215338 0.0137742 -0.00237547 0.00442834 0.00351879
0.43821 0.0763922 -0.0378226 -0.00237546 0.00476605 0.00342529
0.424612 0.131429 -0.0834768 -0.00284001 0.0053055 0.00354957
0.44081 0.0301242 -0.0387146 -0.00238546 0.00503533 0.00388838
0.449398 0.0491045 -0.0547036 -0.00259525 0.0052046 0.00394255
0.454073 0.0773592 -0.061165 -0.00291115 0.00540817 0.00411146
0.467457 -0.0271431 -0.0162852 -0.00246681 0.00526342 0.00446976
0.46622 0.0329064 -0.045958 -0.00216119 0.00485691 0.00438954
0.479062 0.0561093 -0.0495874 -0.00277709 0.00519248 0.00438909
0.49256 -0.0102864 -0.0363819 -0.00261218 0.00547209 0.0044845
0.481099 0.0717574 -0.0876664 -0.00255277 0.00545682 0.00441525
0.514054 0.0482927 -0.0135888 -0.00265166 0.00536987 0.00455735
0.479084 0.0283375 -0.0236549 -0.00335975 0.0047874 0.00533499
0.428889 -0.00877656 0.00946845 -0.0026299 0.0044841 0.00478821
0.432003 0.186926 0.0351609 -0.00375852 0.00477543 0.00459792
0.424537 0.138358 0.0122508 -0.00353404 0.00475076 0.00460103
0.429872 0.0195983 -0.00856134 -0.00294341 0.00460074 0.00470837
0.422498 0.0789421 -0.0710492 -0.00310464 0.00469411 0.00470863
0.436048 0.00307882 -0.0323289 -0.00294341 0.00462784 0.00455659
0.44448 -0.00708841 -0.0303166 -0.00294341 0.00456368 0.00436844
0.440812 0.0607279 -0.0503554 -0.00306314 0.00461487 0.00424729
0.451415 0.00391896 -0.0110796 -0.00339518 0.00507787 0.00467472
0.454605 0.0229887 -0.0424862 -0.00305568 0.00488257 0.00472076
0.465384 0.100551 -0.0517125 -0.00372552 0.00505203 0.00499772
0.479596 0.0492606 -0.0225948 -0.003385 0.00514805 0.00508541
0.479608 0.0448422 -0.0360043 -0.00343602 0.00476837 0.00497882
0.493023 0.0987545 -0.0385101 -0.0040551 0.00533539 0.00517447
0.495256 0.0261488 -0.0478147 -0.00312109 0.00451837 0.00536519
0.494201 -0.038514 -0.021836 -0.00312109 0.00460361 0.0049599
0.491536 0.0301597 -0.0587025 -0.00110243 0.00508937 0.00465482
0.47552 0.0172149 -0.0443438 -0.00220904 0.00565351 0.00512455
0.448867 0.0303201 -0.0506054 -0.00253793 0.00457907 0.00494151
0.448779 -0.033894 -0.018695 -0.00367577 0.00482218 0.00500974
0.439099 0.00187216 -0.0558523 -0.00328688 0.00487434 0.00485981
0.427702 0.10903 -0.0599284 -0.00420983 0.00536311 0.00444554
0.437825 0.011963 -0.0242492 -0.00385819 0.00516559 0.00469168
0.425952 -0.0303042 -0.00583655 -0.00398787 0.00486475 0.00480145
0.433381 0.145377 -0.0390957 -0.00466147 0.00536311 0.00455909
0.414884 0.0836115 -0.0326097 -0.00407519 0.0049179 0.00441685
0.420788 -0.0152731 -0.00349455 -0.00398192 0.00479742 0.00453813
0.410086 0.0824459 -0.0349865 -0.0041363 0.0049179 0.00417567
0.404826 0.0195753 -0.0193373 -0.00382902 0.0047334 0.00410387
0.418833 -0.018627 0.0777092 -0.00454503 0.00511367 0.00405
0.37372 0.0812468 -0.0377318 -0.00461343 0.00436165 0.00395345
0.354996 -0.014917 0.0110605 -0.00374662 0.00393945 0.00394532
0.33979 0.0625251 0.0276662 -0.00444847 0.00405305 0.00356122
0.34254 0.115807 0.0128237 -0.0048371 0.00415663 0.00352528
0.343329 0.0143023 0.0705211 -0.00428138 0.00382541 0.00366448
0.347246 0.0989349 0.0297985 -0.0044349 0.00400516 0.00354066
0.349143 0.103728 0.0347946 -0.0044349 0.00396314 0.00372262
0.350565 -0.0114173 0.0941232 -0.00447947 0.00410856 0.00387657
0.347381 0.122776 0.0381638 -0.00444603 0.00377273 0.00371422
0.345923 0.11513 0.0368677 -0.00429485 0.00371018 0.00367755
0.368893 0.00445712 0.0826725 -0.00481681 0.00404696 0.00430633
0.364749 0.0273235 0.0448625 -0.00438064 0.00364389 0.00423744
0.349049 0.0660992 0.0471063 -0.00467636 0.00443606 0.00359749
0.333809 -0.0110323 0.0937068 -0.00479704 0.00392778 0.00355907
0.311462 0.016011 0.0832074 -0.00481201 0.00365777 0.00323696
0.31009 0.132523 0.0509182 -0.00499596 0.00375665 0.00322189
0.317881 0.0668508 0.0857139 -0.00484985 0.00361949 0.00329284
0.309005 0.0560896 0.0749502 -0.00479594 0.00356782 0.00319489
0.314584 0.128366 0.0535645 -0.00506261 0.00371293 0.00320989
0.314855 0.029821 0.113963 -0.00492101 0.00340524 0.00339292
0.309758 0.0938424 0.0578945 -0.0050759 0.00361789 0.00324775
0.309604 0.0824929 0.0538601 -0.00496262 0.0035292 0.00320527
0.310716 -0.0649703 0.113217 -0.00531418 0.00338243 0.00336009
0.308449 0.117335 0.0440184 -0.00540278 0.00362742 0.00307335
0.308111 0.113394 0.0426799 -0.00539406 0.00348415 0.00328181
0.315257 0.0503481 0.043879 -0.00554697 0.00359577 0.00330854
0.309562 0.00161992 0.0880674 -0.00565381 0.00346772 0.00326635
0.308418 0.108613 0.0609883 -0.0056463 0.00360192 0.00321832
0.305564 0.0650813 0.0835671 -0.0055344 0.00344871 0.0031893
0.312903 -0.0162853 0.104453 -0.00570826 0.00373146 0.00339612
0.297944 0.112142 0.0508718 -0.00580139 0.00337859 0.00328987
0.311894 0.0613722 0.0709136 -0.00600744 0.00350476 0.00353023
0.303686 -0.00892336 0.0835111 -0.00578657 0.00355872 0.00346251
0.305661 0.12583 0.0467956 -0.00598738 0.00363993 0.00327936
0.308748 0.0584842 0.0925918 -0.00554906 0.00345346 0.00329618
0.313653 0.0584442 0.0825756 -0.00580369 0.00355232 0.00341979
0.320975 0.129773 0.0850097 -0.00659068 0.00403533 0.0033705
0.313741 0.0450874 0.121364 -0.00602211 0.00373146 0.00326616
0.316635 -0.002211 0.10565 -0.00623189 0.00373146 0.00331529
0.310849 0.130754 0.0557476 -0.00631164 0.00373146 0.00328562
0.315522 0.0198485 0.102771 -0.00614314 0.0037227 0.00324525
0.313879 0.0306888 0.0782055 -0.00620909 0.00373147 0.00323482
0.315622 0.116534 0.063136 -0.00635621 0.00376785 0.00344891
0.3214 0.0194369 0.107541 -0.00642647 0.00383077 0.00338547
0.31665 0.0613317 0.0585029 -0.00642871 0.00411886 0.00328578
0.321761 0.0871166 0.0552641 -0.00652656 0.00410855 0.00325914
0.321205 -0.027855 0.121027 -0.0069042 0.00393875 0.0033481
0.312764 0.102265 0.0440796 -0.0064488 0.00373147 0.00317623
0.319698 0.0860764 0.0370742 -0.00654579 0.00382135 0.00328946
0.327611 -0.00014017 0.110049 -0.00658628 0.00404363 0.00332976
0.320797 0.0951644 0.0529939 -0.00650152 0.00388621 0.00330207
0.322248 0.0805857 0.0736882 -0.00668533 0.00408546 0.0033762
0.320172 -0.01926 0.11925 -0.00710041 0.00392839 0.0033381
0.3086 0.110256 0.0477348 -0.00650997 0.00373147 0.00328328
0.315336 0.0613586 0.0940309 -0.00663995 0.00360455 0.00350071
0.308694 0.00327071 0.104558 -0.0067674 0.00364958 0.00350414
0.29948 0.129602 0.0468825 -0.0063675 0.00342699 0.00331646
0.300055 0.0356132 0.0978355 -0.00693466 0.00344191 0.00343492
0.296153 0.0253099 0.05301 -0.00587954 0.00332758 0.00342703
0.307212 0.116236 0.025021 -0.00600328 0.00397346 0.00357538
0.305444 -0.0232503 0.129095 -0.00675908 0.00367818 0.0035261
0.282236 0.061565 0.104892 -0.00686676 0.00341792 0.00314703
0.283238 0.107152 0.0692195 -0.00688361 0.00332176 0.00332406
0.30444 -0.0166771 0.137327 -0.00685448 0.00334266 0.00354752
0.303292 0.111349 0.0532472 -0.00626171 0.00344387 0.00340141
0.318013 0.0327034 0.12014 -0.00787609 0.00358149 0.00373392
0.321084 -0.0455954 0.164711 -0.00831407 0.00313883 0.00397197
