0.0243247 0.120212 0.0189104 0 0 0.00077582
0.0150663 0.107681 0.0170114 0 0 0.00084379
0.0119816 0.116629 0.0524413 0.00056338 -0.00054711 0.00049185
0.00297329 0.180113 0.0405122 0.00033919 -0.00055368 0.0007425
0.0213763 0.0756461 0.00860805 0 0 0.0009998
0.0209633 0.185165 0.0356671 0.00025902 -0.00059136 0.00091583
0.0211364 0.129775 0 0 0 0.00090999
0.0212573 0.123307 0.0125477 0 0 0.00095729
0.0262878 0.218692 0.0478059 -5.637e-05 -0.00051627 0.00104013
0.0212052 0.102386 0.018682 -4.915e-05 -0.00012991 0.00095065
0.0210862 0.159073 0.0380915 1.891e-05 -0.00057337 0.0009577
0.0209442 0.184198 0.0191471 0.00021042 -0.00028572 0.00085342
0.00415531 0.0951375 0.0283553 0.00022186 -0.00038218 0.00084108
0.00524436 0.210704 0.0542643 6.876e-05 -0.00038953 0.00091557
0.00754921 0.10642 0.0282152 0.00014007 -0.00050693 0.00101851
0.00931198 0.0846686 0.0281706 0.00023176 -5.829e-05 0.00078097
0.00566029 0.193223 0.0509897 0.00043499 -0.00062712 0.00106125
0.00503619 0.0975421 0.0303255 0.00012269 -0.0005211 0.00116869
0.00583157 0.136179 0.053581 0.00026045 -0.0008312 0.0010873
0.00326857 0.203611 0.0515844 0.00036655 -0.00079212 0.00108047
0.00802541 0.117526 0.0689889 0.0008073 -0.00050535 0.00098043
0.057097 0.412823 0.238852 0.00104888 -0.00043257 0.00107888
0.00840772 0.0521517 0.164523 0.00187164 -0.00128957 0.00084332
0.0210218 -0.0422101 0.11364 0.00147931 -8.292e-05 0.00042282
0.038625 0.0798897 0.159525 0.0020279 -0.00062469 0.00097011
-0.00202255 -0.138389 0.0528893 0.00258307 -0.00030266 0.00064641
-0.00498122 -0.0427555 0.0977525 0.00148583 -0.00040423 0.00062968
-0.00468222 0.0826759 0.108441 0.00135808 -0.00055677 0.00133718
-0.00442782 0.0680538 0.0895464 0.00117597 -0.00043268 0.00128236
-0.00756095 0.14218 0.0850504 0.00127262 -0.00057434 0.00123292
-0.0131442 0.20767 0.0770456 0.00121063 -0.00072793 0.00147682
-0.0131556 0.122192 0.101589 0.00122035 -0.0007947 0.00147682
-0.0296738 0.142543 0.10479 0.00121371 -0.00116273 0.00147682
-0.0202392 0.0437473 0.0895721 0.00125626 -0.00093702 0.00128982
-0.0247518 0.0307991 0.10005 0.00099347 -0.00074775 0.00103457
-0.0220373 0.0352421 0.0844821 0.00118411 -0.00080628 0.00104534
-0.0163229 -0.0141238 0.0989252 0.00135267 -0.00089908 0.00111229
-0.021841 0.0535721 0.103476 0.00120336 -0.00094778 0.00130653
-0.0181491 0.0323752 0.10347 0.00136242 -0.0009444 0.00105335
-0.0213334 0.0676507 0.105417 0.00117927 -0.0007664 0.00139287
-0.0111755 0.118216 0.096433 0.00116372 -0.00076809 0.00134419
-0.0142826 0.0547292 0.0941896 0.00109719 -0.00068175 0.00138814
-0.0175092 0.149931 0.0975308 0.00116231 -0.00084967 0.00147682
-0.0202896 0.0778261 0.091877 0.00140099 -0.00067925 0.00135087
-0.0182278 0.0433367 0.11157 0.00125388 -0.00095243 0.00138473
-0.0130574 0.0873981 0.090312 0.00115725 -0.00072582 0.00156671
-0.0021951 0.0184667 0.0942911 0.00129652 -0.00083981 0.00114625
-0.0122381 0.060862 0.0936477 0.00094975 -0.00076422 0.0015807
-0.00207141 0.0406839 0.0880397 0.00116151 -0.0007969 0.00115007
-0.00688893 0.0284876 0.0922305 0.00094975 -0.00076421 0.00099742
-0.0104885 0.117217 0.0909607 0.00094975 -0.00095703 0.00158142
-0.0152899 0.0524415 0.089895 0.00130054 -0.00078065 0.00147682
-0.0150204 0.0869935 0.100568 0.00140504 -0.0008702 0.00159107
-0.0148708 0.112067 0.084981 0.00156726 -0.00071137 0.00165131
-0.00995083 0.054891 0.117276 0.00144402 -0.00101136 0.00151279
-0.00674779 0.111279 0.103878 0.00119557 -0.00096242 0.00163835
-0.00725596 0.0400771 0.107052 0.00144263 -0.00085459 0.00143457
-0.0109625 0.0894246 0.109307 0.00101932 -0.00087419 0.00167019
-0.00937783 0.0496921 0.0909477 0.00131255 -0.00079751 0.00139097
-0.0157721 0.0367464 0.104442 0.00110447 -0.00080831 0.00125421
-0.0148762 0.102019 0.0854964 0.00113196 -0.00081553 0.00170945
-0.00848162 0.0382253 0.102356 0.00133403 -0.00098774 0.00129812
-0.00820856 0.0913993 0.111945 0.00114598 -0.00110121 0.00168903
-0.0108744 0.0704835 0.0992264 0.00126361 -0.00118611 0.0015762
-0.015223 0.0528391 0.11518 0.00126785 -0.00102495 0.00152293
-0.00982707 0.106778 0.10766 0.0012505 -0.00102618 0.00171344
-0.0107204 0.0460305 0.116804 0.00132389 -0.00102182 0.00134302
-0.00577662 0.1035 0.108063 0.00134429 -0.00100257 0.00173127
-0.00531781 0.0536222 0.107251 0.00161857 -0.00095213 0.0012718
-0.0080633 0.0438416 0.118074 0.00162697 -0.00107743 0.00131134
-0.0102387 0.0808123 0.102244 0.00132982 -0.00080757 0.00158502
-0.00994849 0.0198215 0.0923092 0.00217281 -0.00097938 0.00120047
-0.0101957 0.0843392 0.112559 0.00126324 -0.00092748 0.00136544
-0.0159161 0.037326 0.096048 0.00128988 -0.00102542 0.00121411
-0.0160052 0.0429199 0.109191 0.00177737 -0.00102542 0.0011628
-0.015597 0.0772571 0.0908819 0.00114915 -0.00088793 0.0013587
-0.0161201 0.0266306 0.104528 0.00166609 -0.00102542 0.00110873
-0.0153768 0.0939262 0.0989965 0.00117074 -0.00102542 0.0014895
-0.00776915 0.0511144 0.0813825 0.00116889 -0.00102542 0.00138314
-0.00801301 0.0300726 0.108394 0.00165482 -0.00112187 0.00114147
-0.0101122 0.0883079 0.0938581 0.00139506 -0.00102542 0.00149627
-0.0155715 0.0323337 0.101753 0.00150404 -0.0010882 0.00138658
-0.0267165 0.0384509 0.104875 0.00172383 -0.00134031 0.00132287
-0.0362384 0.0501362 0.0640627 0.00211571 -0.00124266 0.00121508
-0.0221011 0.0244363 0.106422 0.00175216 -0.00117013 0.00108493
-0.0306249 0.0794177 0.0698473 0.0011948 -0.00102542 0.0014144
-0.0182491 0.0152841 0.0514917 0.00155235 -0.00102542 0.00115584
-0.0125576 0.0367051 0.0763144 0.00095312 -0.0008161 0.00107203
-0.0121528 0.0530964 0.0403858 0.0014699 -0.0008945 0.00116648
-0.0173072 0.0124372 0.0746207 0.00160149 -0.00082166 0.00084748
-0.00914141 0.0658055 0.0599405 0.0014676 -0.00075492 0.00121898
-0.012894 0.0269826 0.0462083 0.00224577 -0.0009669 0.00091596
-0.0170474 0.0775094 0.0663835 0.00135442 -0.00099966 0.0013201
-0.0124616 0.0440166 0.0438419 0.00192151 -0.00105568 0.00121339
-0.00677166 0.0233306 0.060606 0.00173696 -0.00086214 0.00103545
-0.016803 0.067631 0.0496975 0.00143144 -0.00106192 0.0013229
-0.0230452 0.00188868 0.0623545 0.00194538 -0.00108107 0.00116136
-0.0133494 0.0565528 0.0593526 0.00181972 -0.00080344 0.00125047
-0.0121191 0.0315684 0.0415608 0.00147207 -0.00116123 0.00104485
-0.0137719 0.00896633 0.0704814 0.00152009 -0.00089986 0.00098718
-0.0133273 0.0700305 0.0520158 0.0011176 -0.00087567 0.00135152
-0.013687 0.0110717 0.0486754 0.00181128 -0.00100624 0.00100056
-0.0184669 0.0557043 0.0697815 0.00159549 -0.00101002 0.00127391
-0.0355679 0.0420807 0.0440463 0.00185575 -0.00131542 0.00117913
-0.0416581 -0.0105575 0.043211 0.00251115 -0.0011202 0.00151183
-0.0318899 0.105327 0.0763506 0.00165073 -0.00128026 0.00113929
-0.0304321 9.677e-05 0.0488117 0.00243471 -0.00151967 0.00106632
-0.0242248 0.0104975 0.0588831 0.00187818 -0.00134954 0.0010911
-0.0236872 0.0485321 0.0369197 0.00159529 -0.00127201 0.00125767
-0.0224445 -0.0208924 0.0517838 0.00205519 -0.00110748 0.0011955
-0.0252271 0.0513658 0.0488944 0.0019422 -0.00107147 0.00117334
-0.0247832 0.0229746 0.031867 0.00248517 -0.00127201 0.00107045
-0.029308 0.0401088 0.0474233 0.00196371 -0.00127201 0.00105601
-0.0314449 0.0484191 0.0396583 0.00204058 -0.00132858 0.00117181
-0.0472928 -0.0413308 0.0651717 0.00196372 -0.00127201 0.00120393
-0.0163856 0.10374 0.160756 0.00256828 -0.00107341 0.00151142
-0.0144645 -0.0464085 0.183319 0.00323155 -0.00073112 0.00077345
-0.0418308 0.0403053 0.201061 0.00259172 -0.00162315 0.000833
-0.0398731 0.0873624 0.161582 0.00234048 -0.00137315 0.0007532
-0.0231082 0.0243233 0.111066 0.00219842 -0.00110599 0.00028606
0.00193896 0.115673 0.107745 0.00232593 -0.00072948 -4.948e-05
-0.0149945 0.147563 0.0883858 0.00248761 -0.00079927 0.00020471
-0.00138924 0.106612 0.113214 0.00244313 -0.00090993 -4.846e-05
-0.0111401 0.188396 0.117238 0.00223326 -0.00085741 0.00024262
-0.0286777 0.129888 0.126932 0.00295562 -0.00137862 0.00049933
-0.0417346 0.103817 0.207253 0.00297221 -0.0015382 0.00070378
-0.0511488 0.0806131 0.137022 0.00242777 -0.00145611 0.00077676
-0.0223175 0.0175624 0.137965 0.00256045 -0.00069429 0.00036742
-0.0309206 0.0286031 0.158012 0.00225037 -0.00090993 0.0003285
-0.0234242 0.0556058 0.0954638 0.00202109 -0.00065208 0.00043018
0.0143348 0.098868 0.16343 0.00294682 -0.00023211 -0.00018017
-0.0131627 0.112101 0.361901 0.00347256 -0.00023211 0.00012928
0.0238799 0.0326085 0.393779 0.00312006 -0.00023211 -0.00046656
-0.0167056 0.043068 0.230793 0.00263157 -0.00102195 -2.844e-05
-0.00379352 -0.00795521 0.107163 0.0038079 -0.00053774 -0.00023355
-0.00694379 0.0508858 0.137915 0.00295562 -0.00028251 -0.00022873
-0.00852525 0.072964 0.16048 0.00249934 -0.0004551 -0.00014019
-0.00195922 0.16106 0.163031 0.00247151 -8.998e-05 -9.141e-05
-0.00725891 0.0900869 0.162333 0.00299397 -0.00024748 0.00012091
0.00124202 0.1109 0.165891 0.00272088 -0.0004551 -0.00016834
-0.00045537 0.145057 0.168501 0.0024093 -0.00059228 -9.175e-05
0.00644494 0.032529 0.162924 0.00242343 -0.0004551 -0.0001041
0.00145235 0.0595551 0.195527 0.00252976 -0.00054737 0.00018491
0.00806674 0.102711 0.20827 0.00244876 -0.0004551 0.00025657
0.0124778 0.0240884 0.216394 0.00283199 -0.00026367 0.00014121
0.0155442 0.0888904 0.253051 0.00231161 -0.00089228 0.00040158
0.0155981 0.103686 0.215985 0.00252438 -0.00095573 0.00043947
0.0185345 0.053512 0.238878 0.00231843 -0.00069482 0.00049578
0.0198176 0.155688 0.235572 0.00232034 -0.00085726 0.00040414
0.0236167 0.0931768 0.204631 0.00239405 -0.00080698 0.00043863
0.0267307 0.154731 0.219643 0.00256429 -0.00104613 0.00070378
0.0388686 0.114586 0.190893 0.00233121 -0.00128134 0.00036383
0.0291947 0.0886585 0.22836 0.00272959 -0.00126788 0.00044769
0.0285752 0.151029 0.240558 0.00242261 -0.00129191 0.00056165
0.0377854 0.0489346 0.237738 0.00274633 -0.00165387 0.00032793
0.0242449 0.0658639 0.247138 0.00254994 -0.00129191 0.00057449
0.0265988 0.126224 0.221305 0.0027314 -0.00129191 0.00060264
0.02962 0.0482284 0.232495 0.00264889 -0.00129191 0.00041721
0.0255521 0.126097 0.23914 0.00251719 -0.00178862 0.00070529
0.0335065 0.0746916 0.212559 0.0025609 -0.00178862 0.0005402
0.0316993 0.129123 0.222857 0.00250322 -0.00178862 0.000703
0.0343872 0.144185 0.192062 0.00226231 -0.00178862 0.00075021
0.0386278 0.0766316 0.22558 0.00242496 -0.00178862 0.00058748
0.031924 0.156758 0.22413 0.00248807 -0.00178862 0.00078227
0.0394882 0.075871 0.194547 0.00294269 -0.00144962 0.00062108
0.0374594 0.0972322 0.239696 0.00222502 -0.00178862 0.00069592
0.0378371 0.107922 0.202048 0.00275442 -0.00156073 0.00076912
0.0469653 0.0519213 0.236316 0.00245105 -0.0016936 0.00062297
0.0428775 0.145458 0.26442 0.00210708 -0.00174063 0.00064968
0.0365491 0.0673239 0.225759 0.00253492 -0.00167567 0.00077696
0.0366206 0.072238 0.242791 0.00292408 -0.00174039 0.00083541
0.0294045 0.153704 0.231561 0.00253707 -0.00157799 0.00089365
0.038904 0.0499372 0.237805 0.00209537 -0.00148046 0.00077087
0.0366181 0.128227 0.242176 0.00222797 -0.00179277 0.00094029
0.0469969 0.086855 0.223189 0.00231941 -0.00179277 0.00074654
0.0423578 0.0742462 0.245485 0.00246381 -0.00179277 0.00090084
0.0415963 0.161925 0.221745 0.00262786 -0.00179278 0.00108717
0.0522032 0.0624021 0.228122 0.00257089 -0.00172105 0.00077048
0.0432536 0.133888 0.249731 0.0022887 -0.00179278 0.00101103
0.0489407 0.0999902 0.205145 0.0027759 -0.00151116 0.00075212
0.049113 0.0844845 0.242054 0.00268163 -0.00179278 0.00092393
0.0404486 0.143568 0.235474 0.00278343 -0.00187936 0.00106621
0.0453966 0.0657713 0.248493 0.00282529 -0.00179278 0.00083848
0.0242637 0.127708 0.259664 0.00281745 -0.00286566 0.00114
0.030505 0.0696571 0.20132 0.00315536 -0.0016522 0.00100036
0.0303762 0.111153 0.216669 0.0024092 -0.00131248 0.00077278
0.0273711 0.122729 0.169239 0.00201732 -0.00151354 0.00087624
0.0352686 0.0490394 0.189663 0.00214904 -0.00155189 0.00065113
0.0293701 0.12138 0.207773 0.00231649 -0.001777 0.00097613
0.0296322 0.112943 0.17613 0.00204187 -0.00182292 0.00109079
0.0291888 0.0671518 0.177795 0.00244346 -0.00170408 0.00087123
0.0296605 0.160261 0.181308 0.0019259 -0.00199847 0.00112287
0.0324888 0.065811 0.170159 0.00225166 -0.00174847 0.00090897
0.0295395 0.10366 0.200606 0.00231449 -0.00199847 0.00103827
0.0389319 0.119133 0.189842 0.00191552 -0.00199847 0.00117468
0.0505305 0.0614398 0.177507 0.00272172 -0.00199847 0.00098513
0.0421318 0.14362 0.202354 0.00231541 -0.00193698 0.00119628
0.0383016 0.0788862 0.162712 0.00236451 -0.00146545 0.00099015
0.0322138 0.0797258 0.178746 0.00254171 -0.00150018 0.00094956
0.0386915 0.135638 0.184156 0.00217451 -0.00163621 0.00099072
0.0364935 0.0640963 0.1854 0.00220612 -0.00162796 0.00101618
0.0297476 0.136442 0.186528 0.00195565 -0.00196124 0.00114092
0.0298686 0.121064 0.167464 0.0026798 -0.00180358 0.00116946
0.0294452 0.065604 0.183454 0.00232183 -0.0016689 0.00096497
0.0296505 0.134914 0.179033 0.00219911 -0.0018636 0.00109043
0.0292075 0.0551849 0.194418 0.00204014 -0.00158948 0.00084567
0.0294136 0.140503 0.192173 0.00208529 -0.00181294 0.00099855
0.0298199 0.0901942 0.167094 0.00212234 -0.00166683 0.00115325
0.0297245 0.0809485 0.202725 0.00238906 -0.00180717 0.00110722
0.0408488 0.126243 0.218599 0.00227487 -0.00224959 0.00145835
0.0572015 0.0794495 0.323827 0.00319029 -0.00278944 0.00141109
0.0175333 0.150348 0.364256 0.00301217 -0.00430295 0.00200737
0.00853644 0.13499 0.412539 0.00374235 -0.00568399 0.00275284
0.0434955 0.204754 0.280445 0.00216701 -0.00419291 0.00262472
0.0508628 0.245264 0.432867 0.00392057 -0.00529723 0.00297978
0.0511613 0.204003 0.258973 0.00245218 -0.00367691 0.00245743
0.0473367 0.231041 0.229631 0.00206754 -0.00398591 0.00253101
0.0545378 0.111378 0.219951 0.00246095 -0.0036652 0.00265767
0.0467343 0.123372 0.240294 0.00227086 -0.00399161 0.00253284
0.0373376 0.184051 0.212703 0.00209639 -0.00411527 0.00256753
0.0502151 0.0936383 0.212209 0.00209001 -0.00375845 0.00243622
0.0458272 0.197778 0.218137 0.00196361 -0.00400114 0.00237599
0.0495271 0.114924 0.196303 0.00227907 -0.00343059 0.00240152
0.0454583 0.114516 0.211247 0.00195486 -0.00350096 0.00264185
0.040489 0.196303 0.187103 0.00165449 -0.00343186 0.00262666
0.0544242 0.108862 0.200415 0.00243593 -0.00309391 0.00258723
0.0474181 0.223608 0.21336 0.00189889 -0.00361448 0.00260389
0.0407936 0.151332 0.161022 0.00193655 -0.003131 0.00243009
0.0565748 0.145152 0.178721 0.00197765 -0.00233719 0.00228634
0.039882 0.246641 0.156868 0.00153404 -0.00244277 0.00210452
0.0473692 0.115441 0.145545 0.00181618 -0.0017855 0.00210368
0.0479471 0.139211 0.162666 0.00168086 -0.00187363 0.00209808
0.047413 0.16112 0.151355 0.00163415 -0.00205397 0.00189538
0.0557809 0.0796406 0.163997 0.00176362 -0.00192949 0.00204263
0.0423312 0.184477 0.161239 0.00132212 -0.00205397 0.00181374
0.0477115 0.121911 0.144505 0.00219617 -0.00179782 0.0020096
0.0449829 0.149552 0.175261 0.00174253 -0.00205397 0.00178484
0.0500191 0.199504 0.155957 0.00221552 -0.00205397 0.00190767
0.0489896 0.140198 0.17803 0.00226857 -0.0020462 0.00228925
0.0437431 0.23822 0.164374 0.00155905 -0.00246783 0.00204849
0.0497164 0.124664 0.165083 0.00228292 -0.00197009 0.0020764
0.0444056 0.168239 0.163471 0.00212384 -0.00189598 0.0022379
0.0456859 0.185862 0.152653 0.00149651 -0.00246783 0.00214879
0.0507127 0.0801504 0.165699 0.00163173 -0.00203023 0.00226195
0.0438485 0.171691 0.165057 0.00144814 -0.00246783 0.00226559
0.0560809 0.113821 0.142616 0.0019815 -0.00246783 0.00226147
0.053739 0.103247 0.182237 0.0020838 -0.00228724 0.00223975
0.0381718 0.226337 0.150438 0.00183162 -0.0025507 0.00231765
0.0534736 0.11184 0.131856 0.00304982 -0.00217428 0.0022695
0.0407717 0.174536 0.1862 0.00172299 -0.00255883 0.00219288
0.0483379 0.182152 0.145002 0.00204251 -0.002871 0.00232759
0.0494349 0.0980444 0.177433 0.00197762 -0.00216574 0.00223607
0.047456 0.200612 0.178764 0.00182333 -0.00232651 0.00217705
0.047289 0.129152 0.156466 0.00216015 -0.00243349 0.0022474
0.0518097 0.136002 0.182659 0.00185328 -0.002871 0.00217653
0.0470105 0.184716 0.162468 0.00199093 -0.00267896 0.00216165
0.0473196 0.100118 0.179909 0.00231828 -0.00287799 0.00226057
0.046618 0.200801 0.193166 0.00192813 -0.00249523 0.00198872
0.0532304 0.110561 0.188246 0.00200483 -0.00249523 0.00209692
0.0545538 0.134406 0.196156 0.00181811 -0.00279587 0.00206087
0.0545704 0.17187 0.160583 0.00247379 -0.00249523 0.00207115
0.0605354 0.109324 0.198588 0.00203949 -0.00249523 0.00211118
0.0573494 0.23254 0.213958 0.00186666 -0.00249523 0.00218258
0.0620162 0.13127 0.187845 0.00277796 -0.00249523 0.00220143
0.0553233 0.119034 0.224478 0.00203423 -0.00286808 0.00217104
0.0472239 0.200317 0.202587 0.00183472 -0.0029072 0.00223218
0.05493 0.0875242 0.206478 0.00214296 -0.0029072 0.00207095
0.046629 0.184658 0.21339 0.00199525 -0.0029072 0.00198449
0.0563138 0.128173 0.183456 0.00203619 -0.00302287 0.00232255
0.058475 0.115826 0.219683 0.00217292 -0.00316563 0.00215125
0.056629 0.212583 0.21077 0.00183001 -0.00291138 0.00198143
0.060501 0.101801 0.231231 0.00181195 -0.00315536 0.00214059
0.0622455 0.19637 0.242093 0.00184973 -0.00302646 0.00203984
0.0595711 0.163669 0.223585 0.00202775 -0.0029242 0.00207654
0.0610967 0.108775 0.235486 0.00207532 -0.00306719 0.00218043
0.0608671 0.211224 0.227115 0.0021422 -0.00294452 0.00213042
0.0530474 0.112975 0.207093 0.00193954 -0.00290091 0.00215585
0.0608667 0.158422 0.224724 0.00218485 -0.00310809 0.00230557
0.053222 0.208917 0.222902 0.00183741 -0.00274594 0.00200058
0.0525712 0.0919594 0.206679 0.00210582 -0.00284556 0.00194692
0.056789 0.208006 0.224967 0.00175401 -0.00295828 0.00200716
0.0547196 0.117524 0.186434 0.00189497 -0.00244298 0.00188569
0.0604173 0.136492 0.193299 0.00239695 -0.00244298 0.00189824
0.0582903 0.162888 0.177755 0.00177579 -0.00244298 0.00199328
0.0605319 0.0839959 0.189026 0.00183613 -0.00244298 0.00183182
0.0566745 0.202684 0.208827 0.00166027 -0.0027289 0.00199314
0.0620603 0.140633 0.170197 0.00229192 -0.00244298 0.00203355
0.0620472 0.124725 0.197607 0.00241743 -0.00231372 0.00190934
0.0603357 0.194054 0.175553 0.00192774 -0.00256854 0.00193779
0.0561423 0.10153 0.173441 0.00240068 -0.00219298 0.00177194
0.0559547 0.165241 0.204573 0.0022305 -0.00254995 0.00183767
0.0688029 0.169479 0.172145 0.0023778 -0.00233005 0.00189093
0.060547 0.0873159 0.19854 0.00210531 -0.00233995 0.00185301
0.07023 0.199685 0.224685 0.00189205 -0.00227207 0.00176933
0.0604051 0.120037 0.176648 0.00209988 -0.00198916 0.00190086
0.0550123 0.108463 0.187331 0.00209422 -0.00206068 0.00173895
0.0562059 0.197864 0.179557 0.0018836 -0.00227363 0.00164127
0.0499698 0.0871346 0.15004 0.00242683 -0.00226473 0.00174933
0.0499321 0.179234 0.176255 0.00208797 -0.0023059 0.0017317
0.0496405 0.131825 0.157423 0.00215486 -0.00195065 0.00159586
0.0493547 0.0944267 0.177693 0.00211731 -0.00191671 0.00144011
0.0493155 0.191817 0.168803 0.00250801 -0.00196994 0.00147087
0.0552311 0.0905622 0.162897 0.00238749 -0.00193884 0.00162223
0.0538446 0.182804 0.189148 0.00210766 -0.00216048 0.00162352
0.0552187 0.128929 0.16331 0.00225001 -0.00184085 0.00156931
0.0498117 0.0995201 0.16181 0.00266457 -0.00183698 0.0016531
0.0494799 0.189171 0.167221 0.00217787 -0.00211653 0.00158453
0.0548384 0.117231 0.160342 0.00244286 -0.00199548 0.00157476
0.0499509 0.102274 0.190552 0.00216596 -0.00229155 0.00174195
0.0493779 0.27888 0.22436 0.00184263 -0.00256754 0.00156164
0.0494797 0.142539 0.173245 0.00233223 -0.00201131 0.00148138
0.0492343 -0.00565237 0.100544 0.00308808 -0.00140742 0.00118789
0.0488258 0.0572966 0.117527 0.00321771 -0.00198241 0.0011128
0.0430629 0.0893967 0.0756047 0.00354487 -0.00165891 0.00119
0.0489424 0.116658 0.0864993 0.00326246 -0.00168451 0.00122904
0.0489841 0.0880286 0.08025 0.00340828 -0.00174466 0.00125047
0.0329958 0.17488 -0.00181909 0.00416048 -0.00198681 0.0013391
0.0317231 0.0804412 -0.0369316 0.00452917 -0.00253645 0.00143191
0.0342217 0.12418 0.0670895 0.00334782 -0.00240725 0.00150205
0.02731 0.200601 0.140087 0.00238439 -0.00209384 0.00130579
0.0269797 0.0837336 0.162481 0.00279491 -0.00201336 0.00106318
0.0310363 0.145862 0.202251 0.00236663 -0.00190038 0.00106426
0.0279226 0.109032 0.183 0.00255182 -0.00173208 0.00113486
0.0308756 0.0555039 0.187546 0.00237623 -0.00173208 0.00096859
0.0271919 0.174222 0.216187 0.00254733 -0.00173208 0.00142119
0.0289568 0.0961397 0.173039 0.00271988 -0.00173208 0.00115845
0.0357913 0.118637 0.213041 0.00294408 -0.00248018 0.00122423
0.0289042 0.248826 0.191646 0.00253892 -0.0022226 0.00132516
0.0378855 0.117459 0.177782 0.00280461 -0.00228299 0.00142153
0.0415459 0.205298 0.21685 0.00250026 -0.00215892 0.0014711
0.0432595 0.15955 0.197418 0.00252307 -0.00215892 0.00153071
0.047107 0.120804 0.19506 0.00308586 -0.00205342 0.00157874
0.0506055 0.2037 0.217325 0.00240951 -0.00203081 0.00148521
0.0517868 0.0851652 0.197273 0.00235013 -0.00222816 0.00156792
0.0515441 0.109577 0.217258 0.00253712 -0.0023264 0.0014395
0.0557564 0.182661 0.201977 0.00296206 -0.00215892 0.00157822
0.0502779 0.0725194 0.243548 0.00271641 -0.00250624 0.00150146
0.0318617 0.162851 0.238396 0.00256124 -0.00223724 0.00163258
0.0696104 0.221955 0.21222 0.00270771 -7e-06 0.00159695
0.0575873 0.253781 0.29081 0.00363456 -0.00143932 0.00304524
0.0105901 -0.00171248 0.264099 0.00330204 -0.00225351 0.0012974
0.0220753 0.342243 0.53498 0.00560522 -0.00394797 0.00157183
0.0213227 -0.00615064 0.490851 0.00552204 -0.00283218 0.0010017
0.0245335 -0.192017 0.438844 0.00499756 -0.0016666 0.00142372
0.0394615 0.0370174 0.69847 0.00566491 -0.00164662 0.00015766
0.0437984 0.152074 0.45856 0.00481744 -0.00055076 -0.00015591
0.0558733 0.290782 0.233065 0.00503488 0.00032195 -0.00072579
0.0638336 0.38852 0.207518 0.0035152 0.00032242 -0.00017738
0.0754602 0.419886 0.186349 0.00422917 0.00015793 -0.00023301
0.0742247 0.316389 0.215971 0.00350475 3.347e-05 1.445e-05
0.0813466 0.216321 0.209801 0.00343657 -0.00015402 -9.085e-05
0.095606 0.144054 0.18775 0.00469406 0.00026993 0.00010129
0.0959002 0.165592 0.278789 0.00366752 -8.543e-05 0.00021771
0.0978445 0.0356915 0.231154 0.00306305 -0.00014133 -4.973e-05
0.108752 0.0148032 0.234076 0.00316974 0.00012789 -3.201e-05
0.107242 0.0600755 0.218469 0.00287514 0.00026993 0.00014807
0.102534 0.20091 0.252426 0.00320415 -0.00016762 0.00031234
0.106098 0.195513 0.233663 0.00328045 4.164e-05 -9.69e-06
0.0964889 0.208988 0.22614 0.00353722 -0.00022534 0.00016808
0.101579 0.291104 0.239791 0.0033647 -0.00054743 0.00030692
0.09422 0.321521 0.2544 0.00333248 -0.00035723 0.00018868
0.0919355 0.178704 0.252637 0.00333259 -0.00035723 9.427e-05
0.0933634 0.225324 0.262767 0.00324718 -0.00070538 0.00024515
0.0931651 0.180716 0.266554 0.0030296 -0.00063278 0.00021472
0.0877013 0.0690648 0.240261 0.00299121 -0.00071029 0.00022392
0.0673092 0.0938279 0.255409 0.00303131 -0.00155153 0.00047028
0.0368045 0.133276 0.25044 0.00316832 -0.0024593 0.00084291
0.0358987 0.0847827 0.226535 0.00339937 -0.00208219 0.00089199
0.0375189 0.172134 0.261641 0.00304666 -0.00216306 0.00095685
0.00400731 0.184686 0.232958 0.00314068 -0.00260728 0.00119926
0.0101031 0.142759 0.205745 0.00303997 -0.00204279 0.0009814
0.0291377 0.240712 0.190629 0.00308214 -0.00151126 0.00086126
0.0371418 0.203196 0.188494 0.00261028 -0.00158153 0.0008741
0.0592454 0.131261 0.187702 0.0027521 -0.00129891 0.00050536
0.0661709 0.20014 0.216871 0.00285633 -0.00132838 0.00100446
0.0608908 0.095754 0.188908 0.0030373 -0.0013788 0.00087293
0.0678987 0.0972197 0.20226 0.00303898 -0.00127748 0.0007378
0.0442313 0.169089 0.232683 0.00301282 -0.00174017 0.00072405
0.0184758 0.0949399 0.216863 0.0027161 -0.00174017 0.00108091
0.0123295 0.155327 0.174176 0.00368247 -0.00151374 0.00127316
-0.0276885 0.182752 0.200744 0.002834 -0.00265273 0.00140165
0.0203191 0.160045 0.171474 0.00262629 -0.00138129 0.00083636
0.045231 0.249369 0.219938 0.00243476 -0.00141496 0.00124585
0.0527026 0.201838 0.21023 0.00231112 -0.00125115 0.00107637
0.0651764 0.13862 0.190868 0.00285372 -0.00139005 0.00085791
0.0645137 0.212811 0.215921 0.00255151 -0.00147637 0.00112769
0.068014 0.137419 0.19102 0.00247784 -0.00107354 0.0010928
0.066618 0.154172 0.207448 0.0028091 -0.00146357 0.00118788
0.061017 0.21883 0.236404 0.00248063 -0.00163129 0.00108219
0.0595712 0.117507 0.213009 0.0026208 -0.00163129 0.00094243
0.0601951 0.233749 0.240268 0.00261822 -0.00163129 0.00121028
0.0674624 0.181962 0.212284 0.00281173 -0.00163129 0.00105304
0.0607674 0.16766 0.215538 0.00301667 -0.00168567 0.0010165
0.0761634 0.250261 0.225647 0.00271834 -0.00146757 0.00106625
0.0695015 0.15507 0.217599 0.00285335 -0.00120046 0.00101835
0.0673877 0.211365 0.224144 0.00274558 -0.00148837 0.00107936
0.0703076 0.234985 0.229332 0.00257247 -0.00152908 0.00109633
0.066187 0.111728 0.222386 0.0026619 -0.00163129 0.00093235
0.0665135 0.220291 0.247665 0.00267581 -0.00178899 0.0012667
0.0628445 0.134762 0.206349 0.00243049 -0.00163129 0.00110879
0.0506343 0.0658711 0.132664 0.00280595 -0.00192195 0.00118075
0.0591959 0.25129 0.190762 0.00245968 -0.00184801 0.0016897
0.0513817 0.0460351 0.0323775 0.00388951 -0.00216045 0.00156546
0.068059 0.176743 0.0348391 0.00343938 -0.00187879 0.00185598
0.0800958 0.164435 0.0756383 0.00326679 -0.00190403 0.00191003
0.0965036 0.252164 0.220639 0.00263851 -0.00163129 0.00157574
0.0910511 0.300831 0.280394 0.00241013 -0.00183875 0.00146859
0.0858534 0.141629 0.236253 0.00270126 -0.00182149 0.00132501
0.0908033 0.2324 0.302669 0.0025415 -0.00205153 0.00132823
0.0986483 0.125455 0.266125 0.00267738 -0.00184224 0.00140291
0.0885744 0.118626 0.260018 0.00269118 -0.00200055 0.00131747
0.0927823 0.262643 0.312528 0.00217885 -0.00212799 0.00143453
0.090374 0.1543 0.265358 0.00248846 -0.00182955 0.00147411
0.0919571 0.272833 0.297787 0.00231009 -0.00185199 0.00160353
0.0903415 0.301198 0.316822 0.00188074 -0.00200351 0.0016035
0.0897212 0.184832 0.285996 0.00254003 -0.00178248 0.00127293
0.0906074 0.319879 0.376758 0.00122131 -0.00179498 0.00167219
0.0907618 0.175685 0.301321 0.00208811 -0.00205252 0.00145847
0.0862814 0.180408 0.307026 0.00215958 -0.00205252 0.00146523
0.0913096 0.257903 0.333157 0.00197536 -0.00212223 0.00139808
0.0855834 0.136448 0.310582 0.00222476 -0.00204822 0.0013825
0.0957207 0.247896 0.341869 0.00173513 -0.0021408 0.00162581
0.0996144 0.194938 0.298638 0.00265254 -0.00156717 0.00164202
0.0959312 0.184361 0.318382 0.00222038 -0.00196272 0.00154939
0.106791 0.305776 0.340225 0.00172463 -0.00176465 0.00184716
0.109547 0.190161 0.30559 0.00237098 -0.00173111 0.0015951
0.110712 0.279253 0.338776 0.00195205 -0.00165085 0.00172393
0.101102 0.263429 0.322174 0.00171103 -0.00179344 0.00171985
0.0556889 0.160586 0.317916 0.00266532 -0.00240834 0.00166714
0.0638533 0.317733 0.385052 0.00158823 -0.00211959 0.00181305
0.0366481 0.150224 0.320024 0.00275632 -0.00256239 0.00183873
0.0390844 0.149198 0.330405 0.00243023 -0.00292964 0.00187843
0.0728598 0.295623 0.35503 0.00218322 -0.00187621 0.00147592
0.0795729 0.169947 0.324404 0.00291338 -0.00190299 0.00104746
0.0671863 0.314918 0.33332 0.00200594 -0.00159846 0.00172682
0.0773022 0.13721 0.23656 0.00265512 -0.00186148 0.00146398
0.0980772 0.17628 0.246887 0.00257055 -0.00109049 0.00146472
0.0972425 0.208566 0.262165 0.00230352 -0.00137347 0.00123446
0.0968139 0.133768 0.247883 0.00284632 -0.00114482 0.00102114
0.0978688 0.29958 0.340923 0.00175661 -0.00084984 0.00152496
0.110565 0.178672 0.290182 0.00241877 -0.00092563 0.00131531
0.115411 0.237806 0.30883 0.00201856 -0.00067385 0.00131395
0.118094 0.320977 0.334592 0.00196098 -0.00079823 0.00145979
0.122857 0.203706 0.313983 0.00203375 -0.00084452 0.00138831
0.103564 0.280674 0.352907 0.00206027 -0.00143236 0.00121884
0.115217 0.236316 0.277291 0.00286385 -0.00101553 0.00158826
0.119932 0.192542 0.298135 0.00289952 -0.00101553 0.00161189
0.117895 0.262287 0.304927 0.00273916 -0.00089827 0.00168622
0.11455 0.146581 0.291807 0.00265223 -0.00093876 0.00128472
0.122676 0.239842 0.368705 0.00188115 -0.00101553 0.00152115
0.114958 0.183379 0.316973 0.00263476 -0.00117904 0.00146564
0.11483 0.177541 0.325449 0.00275139 -0.00121542 0.00142377
0.114951 0.343167 0.364684 0.00180092 -0.00142228 0.00153648
0.122554 0.0733286 0.278289 0.00326583 -0.00064748 0.00101264
0.118982 0.123189 0.293349 0.00327299 -0.00070283 0.00125709
0.122289 0.168454 0.319297 0.00270146 -0.00085612 0.00156647
0.121898 0.267161 0.345529 0.00247453 -0.00079086 0.00188806
0.12756 0.171269 0.333399 0.00271033 -0.00065501 0.00176815
0.127548 0.253782 0.343702 0.00270267 -0.00079086 0.00200025
0.128525 0.281633 0.344834 0.00220274 -0.00093828 0.00178963
0.12529 0.166655 0.340354 0.00273363 -0.0008808 0.00170168
0.126635 0.268648 0.369107 0.00216583 -0.00085238 0.00199632
0.125484 0.188757 0.299011 0.00318142 -0.00102258 0.00186077
0.115821 0.167927 0.338326 0.00275158 -0.0012344 0.00178567
0.11611 0.270184 0.315376 0.00255967 -0.00073422 0.0019656
0.115608 0.126509 0.289487 0.00291259 -0.00119762 0.00168451
0.121268 0.203937 0.307189 0.0028088 -0.00114037 0.00183045
0.120319 0.265878 0.303301 0.00290601 -0.00072319 0.00174531
0.121422 0.140049 0.306928 0.00276174 -0.00113233 0.00157453
0.121851 0.274304 0.343656 0.00208869 -0.00089076 0.00183358
0.117579 0.178354 0.315029 0.00288593 -0.00105702 0.00148824
0.117568 0.170766 0.28806 0.00316275 -0.00110475 0.0018055
0.113359 0.255244 0.334369 0.00281671 -0.00150827 0.00158912
0.113828 0.139264 0.306182 0.00308038 -0.00133798 0.00141613
0.120514 0.216674 0.359978 0.00212578 -0.00104866 0.0017555
0.11845 0.265148 0.374921 0.00204431 -0.00092684 0.00184696
0.116367 0.126469 0.343353 0.00245822 -0.00089438 0.00163544
0.122465 0.255718 0.395567 0.00166373 -0.00062919 0.00180558
0.117518 0.187017 0.344129 0.00208139 -0.0008396 0.00161892
0.122981 0.165094 0.340087 0.00215671 -0.0008396 0.00180015
0.128987 0.268031 0.348744 0.00220817 -0.00068233 0.00185079
0.116469 0.147744 0.324705 0.00264999 -0.00099543 0.00179632
0.120048 0.264726 0.358939 0.00203022 -0.00092246 0.00175706
0.120093 0.226662 0.326743 0.00273829 -0.00106076 0.00167858
0.119376 0.194021 0.330113 0.00273578 -0.00104573 0.00172235
0.114038 0.272266 0.346693 0.00238392 -0.00103769 0.00159187
0.114359 0.156106 0.319826 0.00279804 -0.00125766 0.00153712
0.12371 0.265971 0.362411 0.00185186 -0.00099329 0.00177047
0.117117 0.153598 0.320141 0.0024896 -0.0009958 0.00146547
0.116407 0.199857 0.354199 0.00196518 -0.00112073 0.00154797
0.117354 0.22582 0.347858 0.00173743 -0.00116476 0.00162489
0.117225 0.137559 0.330737 0.00253059 -0.00125766 0.00133809
0.116522 0.266874 0.357511 0.00199167 -0.00112179 0.00176833
0.11702 0.197621 0.315249 0.00228832 -0.00125766 0.00147572
0.128895 0.182321 0.370242 0.00220623 -0.00110531 0.00159443
0.123649 0.308955 0.355786 0.00235287 -0.00097462 0.00172081
0.11868 0.156754 0.310208 0.00304116 -0.00114998 0.001793
0.124042 0.241811 0.337791 0.00290237 -0.00115608 0.00188225
0.121287 0.198773 0.29516 0.00333762 -0.00120361 0.0015683
0.122879 0.190096 0.328044 0.00302811 -0.00134577 0.00161411
0.125289 0.266145 0.360476 0.00240903 -0.00109398 0.00164989
0.111304 0.152896 0.315923 0.00309689 -0.00133372 0.00152185
0.11447 0.248679 0.384824 0.00177819 -0.00139181 0.00149782
0.109511 0.217085 0.357803 0.00218119 -0.00105164 0.00156691
0.106231 0.150328 0.343825 0.00259948 -0.00124551 0.0014115
0.115482 0.277144 0.402989 0.00142988 -0.00101742 0.00151515
0.114164 0.160876 0.327661 0.0030146 -0.00103437 0.00143762
0.111061 0.194498 0.356746 0.00224172 -0.00124127 0.00154618
0.109286 0.24486 0.372181 0.00209978 -0.00109034 0.00152502
0.120675 0.150672 0.512021 0.00216319 -0.00179363 0.00182161
0.121414 0.260549 0.573542 0.00157211 -0.00176082 0.00187433
0.112941 0.236172 0.463197 0.00293185 -0.00095228 0.00152964
0.106998 0.218113 0.487799 0.00189604 -0.00176485 0.00127878
0.102295 0.299466 0.480166 0.002256 -0.00206145 0.00154328
0.0682888 0.178778 0.435511 0.00276029 -0.00223623 0.00137752
0.0696401 0.326857 0.517677 0.00153094 -0.00216413 0.00161726
0.0610714 0.217822 0.504606 0.00314652 -0.00288761 0.00168551
0.05538 0.133496 0.455957 0.00331067 -0.00247464 0.00148023
0.0520508 0.201752 0.494617 0.00190328 -0.00222476 0.00136642
0.0376342 0.0919217 0.442973 0.00246675 -0.00250948 0.00127859
0.0347069 0.270546 0.464084 0.00202844 -0.00236421 0.00128809
0.0319389 0.171649 0.356332 0.0033721 -0.00243135 0.00101449
0.0202657 0.191171 0.368861 0.00295633 -0.0027312 0.00110784
0.033715 0.27698 0.41474 0.00244348 -0.00235175 0.00106052
0.0235486 0.165689 0.371959 0.00287923 -0.00246837 0.00096358
0.0336826 0.273522 0.440994 0.00178983 -0.00234288 0.00112216
0.0200148 0.171249 0.366385 0.00320324 -0.00271941 0.00096327
0.0173113 0.177128 0.381508 0.00299722 -0.00269879 0.0010215
0.029521 0.274665 0.402282 0.00233147 -0.00226784 0.0011796
0.0208082 0.127992 0.319458 0.00293924 -0.00227607 0.00086689
0.0200783 0.17245 0.341441 0.00319467 -0.00229451 0.00115161
0.0124559 0.19161 0.407846 0.00279915 -0.00277706 0.00107238
-0.0338915 0.0861431 0.374034 0.00311374 -0.00311307 0.00117193
-0.0432318 0.22914 0.44652 0.00275296 -0.00274504 0.00119542
-0.0299497 0.160786 0.369325 0.00372072 -0.00233062 0.00072535
-0.0297396 0.203724 0.37143 0.0033582 -0.00174658 0.00114477
-0.0222189 0.246587 0.352875 0.0035244 -0.00162718 0.00083694
-0.014664 0.111162 0.336141 0.00391081 -0.00181236 0.00062777
-0.022426 0.226059 0.416444 0.00266303 -0.00130988 0.00073009
-0.0224666 0.147226 0.332287 0.0035246 -0.00122711 0.00070037
-0.0148227 0.0821469 0.326421 0.00340944 -0.0010285 0.00063691
-0.004821 0.22354 0.373781 0.00332367 -0.00097711 0.00055564
-0.0179943 0.099032 0.32264 0.00379617 -0.00116573 0.00067251
-0.0154749 0.185358 0.366166 0.00369306 -0.00098754 0.00062894
-0.0166042 0.182809 0.351766 0.00380644 -0.00110836 0.00063871
-0.0162717 0.137684 0.353558 0.00339466 -0.00142596 0.00058024
-0.00976851 0.243765 0.408787 0.0030738 -0.00101703 0.00059268
-0.0113003 0.161552 0.352858 0.00357535 -0.00102603 0.000651
-0.00498037 0.188004 0.372069 0.00350088 -0.00100042 0.00069932
0.00308697 0.226464 0.405671 0.00317831 -0.00076523 0.00053404
-0.00863934 0.125981 0.359095 0.00373473 -0.00097043 0.00065444
-0.00311436 0.211744 0.40693 0.0030344 -0.00087032 0.00056592
-0.0147488 0.162342 0.373492 0.00348962 -0.00114541 0.00061389
-0.011283 0.167273 0.399057 0.00319522 -0.00094337 0.00064229
-0.00105593 0.218117 0.424401 0.00290361 -0.00075398 0.00051764
-0.0180355 0.107113 0.401686 0.00293431 -0.00108219 0.00068162
-0.0105208 0.228827 0.453316 0.00218131 -0.00099194 0.00064392
-0.0122645 0.149543 0.415747 0.00248735 -0.00079698 0.00061602
-0.0228823 0.117779 0.387833 0.00297633 -0.00086295 0.00055032
-0.00932743 0.254539 0.425425 0.00231877 -0.00079698 0.00053993
-0.0199292 0.151549 0.373009 0.00329014 -0.00104698 0.00067077
-0.0180404 0.17483 0.420116 0.00274106 -0.00104698 0.00066675
-0.0113537 0.242142 0.422662 0.00262569 -0.00079172 0.00059594
-0.0225486 0.117281 0.405987 0.00299407 -0.00104698 0.00065862
-0.0314295 0.195577 0.405479 0.00325795 -0.00131784 0.00083648
-0.0440588 0.172609 0.394336 0.00346941 -0.00162314 0.00098909
-0.0623561 0.129164 0.46509 0.00303339 -0.00209602 0.00115451
-0.052397 0.273669 0.500616 0.00209305 -0.00184876 0.0012823
-0.0363667 0.103412 0.411084 0.00292802 -0.00095821 0.00065284
-0.0615651 0.186678 0.47691 0.00291029 -0.00142249 0.00079406
-0.0532513 0.185943 0.446761 0.00302493 -0.00142904 0.00078653
-0.0291041 0.116402 0.425896 0.00288259 -0.00056091 0.00053344
-0.0444991 0.251671 0.488591 0.00249819 -0.0008451 0.00089559
-0.0465882 0.128551 0.454977 0.00297355 -0.00104119 0.00066723
-0.0130718 0.243479 0.475369 0.00329398 -0.00093535 0.00047632
-0.0278507 0.171139 0.339685 0.00291805 -0.00163756 0.0004775
-0.0261688 0.0740508 0.301017 0.00269862 -0.00111337 0.0004752
-0.0317235 0.108029 0.287224 0.00323695 -0.00118432 0.00087801
-0.0233098 0.248389 0.365799 0.0023304 -0.00121673 0.00064226
-0.030673 0.138121 0.339292 0.00285821 -0.00131784 0.00075272
-0.0344612 0.153135 0.330853 0.00300967 -0.00130449 0.00075022
-0.0262843 0.251982 0.356736 0.00246679 -0.00136351 0.00086739
-0.0234026 0.170196 0.325311 0.00287266 -0.00105001 0.00067651
-0.0199491 0.193783 0.31353 0.00334391 -0.00115883 0.00075155
-0.0180634 0.201776 0.292014 0.00342326 -0.00105162 0.00076076
-0.0204704 0.135472 0.324157 0.00298121 -0.00106516 0.00067562
-0.0162927 0.202011 0.345302 0.00256606 -0.00105223 0.00077976
-0.0220345 0.104285 0.314257 0.00286688 -0.00112061 0.00066813
-0.0198464 0.171294 0.359646 0.00238699 -0.00106537 0.00072031
-0.0174794 0.223839 0.353687 0.00267035 -0.00113021 0.00082037
-0.0167401 0.0931383 0.318925 0.00305809 -0.00104247 0.00067206
-0.0177728 0.18862 0.352604 0.00266882 -0.00100286 0.00074797
-0.0238461 0.191644 0.335005 0.0026116 -0.00119778 0.00075149
-0.0510863 0.151829 0.381315 0.003078 -0.00197255 0.00099658
-0.0587414 0.283446 0.393675 0.00231707 -0.00221443 0.00141223
-0.0570766 0.051243 0.266568 0.00293188 -0.00191845 0.00091639
-0.0551175 0.081847 0.319633 0.00290156 -0.00150907 0.00069746
-0.041597 0.158367 0.316059 0.00313772 -0.00150907 0.00065266
-0.0478735 0.0194797 0.191462 0.00330387 -0.00150136 0.0008071
-0.05628 0.174288 0.233498 0.00314627 -0.00152742 0.0013436
-0.0546873 0.13767 0.219214 0.00326378 -0.00195648 0.00118153
-0.0684153 0.145059 0.227506 0.00320941 -0.0018597 0.0011201
-0.0604657 0.198308 0.253928 0.00307298 -0.00196438 0.00114102
-0.0739953 0.123027 0.260902 0.00295696 -0.00212448 0.00092816
-0.0630314 0.14534 0.220634 0.00322296 -0.00173122 0.00086978
-0.0532492 0.0671132 0.143509 0.00419662 -0.00134855 0.0006983
-0.0509411 0.0420844 0.132297 0.00371832 -0.00134646 0.00063865
-0.044974 0.19712 0.22434 0.00324887 -0.00106012 0.00072237
-0.0493015 0.0820126 0.234238 0.00334674 -0.00129856 0.00059169
-0.0515052 0.174395 0.28524 0.00340085 -0.00125926 0.00106009
-0.0536405 0.125634 0.257986 0.00312736 -0.00125644 0.00100136
-0.0487447 0.0950945 0.250394 0.00337267 -0.00123065 0.00060827
-0.0496781 0.199365 0.291514 0.00288421 -0.00125712 0.00103211
-0.0484146 0.0946695 0.232675 0.00397984 -0.00121928 0.00069814
-0.059238 0.160951 0.278354 0.00320931 -0.0016513 0.00084317
-0.0527236 0.166408 0.268583 0.00311643 -0.00145603 0.00079174
-0.0543387 0.0932608 0.269217 0.00307917 -0.00149154 0.00075411
-0.0512837 0.191979 0.279204 0.00324295 -0.00148603 0.00081888
-0.0518761 0.103157 0.239511 0.00364138 -0.00136553 0.00078254
-0.0554184 0.116373 0.282291 0.00315202 -0.00151752 0.00068441
-0.0486563 0.200087 0.280404 0.00274315 -0.00142605 0.00072794
-0.0419124 0.110579 0.27426 0.00337487 -0.00097384 0.00065782
-0.0553682 0.212892 0.531517 0.0053246 -0.00097384 0.00134255
-0.0601919 0.105461 0.558688 0.00668224 -0.00097384 0.00087647
-0.0551681 -0.00812236 0.450188 0.00546347 -0.00290151 0.00037052
-0.0500928 0.141641 0.452487 0.00500251 -0.00404462 0.00082399
-0.0367112 0.2422 0.576145 0.00498707 -0.00287114 0.00068322
-0.0194303 0.0781151 0.706189 0.00545613 -0.00252799 0.00039356
-0.0350715 0.144604 0.683975 0.00595328 -0.00396455 0.00062646
-0.0186812 0.300095 0.791114 0.00465577 -0.00385485 0.00048057
-0.0223904 0.146068 0.800716 0.00601907 -0.00285057 0.00065123
-0.0504777 0.237531 0.746597 0.00514906 -0.00481911 0.00063605
-0.0496531 0.383768 0.815664 0.00411656 -0.00462345 0.0006211
-0.0447891 0.386041 0.892241 0.00685305 -0.00384147 0.00106572
-0.0611246 0.0906631 1.02319 0.00850395 -0.00434474 0.00137069
-0.03898 -0.199929 0.917603 0.0102683 -0.00363351 0.00144767
-0.037754 -0.100647 0.86047 0.00763327 -0.00184788 0.00133346
-0.0689931 0.0415013 0.666564 0.0078952 -0.00244896 0.00180992
-0.0390898 0.351346 0.684008 0.00842922 -0.00202438 0.00212364
-0.0144237 0.426801 0.654921 0.0083665 -0.00247735 0.00201097
-0.0225756 0.402643 0.639591 0.0082017 -0.00183489 0.00160896
-0.00490675 0.392948 0.787927 0.00869743 -0.00165745 0.00212437
0.0559154 0.374788 0.674772 0.00709553 -0.00210173 0.00239836
0.103557 0.0312087 0.697597 0.00847988 -0.00218215 0.0008629
0.093569 -0.147703 0.834819 0.00497476 -0.0037955 0.00139844
0.140173 -0.35461 0.815468 0.00761496 -0.00103805 0.00178369
0.163548 -0.264377 0.880809 0.00460599 -0.00109336 0.00146928
0.176604 -0.217073 0.889867 0.00466179 0.00065329 0.00090979
0.170591 -0.0300759 0.951345 0.00325932 0.00283506 0.00182035
0.279232 0.359507 1.2234 -0.0014586 0.00297734 0.00394952
