-0.00720172 0.109309 0.19555 -0.00124103 0 0.00019194
-0.0193209 0.141104 0.239778 -0.00116752 -0.00041871 0.00025493
-0.0163951 0.267288 0.375746 -0.0018452 -0.00048793 0.00035101
-0.00899401 0.146582 0.321127 -0.00092713 -0.00038948 0.00032248
-0.0141971 0.219628 0.376371 -0.0021795 -0.00042286 0.0004723
-0.0218314 0.0795456 0.328477 -0.00153408 -0.00051384 0.00034187
-0.026208 0.179703 0.203434 -0.00134508 -0.00063686 0.0004823
-0.0191101 0.0431799 0.105842 -0.00077357 -0.0004489 0.00034741
-0.0194619 0.215437 0.156786 -0.00077357 -0.00037562 0.00041109
-0.012144 0.100833 0.144028 -0.00102658 -0.0001761 0.00014654
-0.0195054 0.0884904 0.171415 -0.00110177 -0.00044559 0.00034875
-0.0145847 0.183425 0.237929 -0.00156927 -0.00016921 0.00035135
-0.0163195 0.0582826 0.221576 -0.00093524 -0.00015856 0.00036125
-0.0172106 0.16772 0.254805 -0.0017444 -0.00026412 0.00047264
-0.0163106 0.201133 0.272194 -0.00193956 -0.00025 0.00051392
-0.0159742 0.107389 0.266531 -0.00193477 -0.00025 0.00046405
-0.0140325 0.192324 0.296264 -0.00221283 -0.00025 0.00036816
-0.016473 0.163035 0.300117 -0.00169221 -0.00016866 0.00049204
-0.0189664 0.131335 0.299502 -0.00174582 -0.00017948 0.00046998
-0.0181105 0.287699 0.356181 -0.0022815 -0.00015139 0.00045382
-0.0174312 0.163742 0.33182 -0.00194245 0 0.00051912
-0.0174415 0.220321 0.324173 -0.00163255 -0.00019952 0.00055048
-0.00635683 0.170481 0.323136 -0.00142723 0 0.00061018
-0.00957741 0.154533 0.346452 -0.00198686 -0.00017272 0.00050989
-0.0109201 0.198064 0.337661 -0.0017972 -0.00012303 0.00061018
-0.00907115 0.151098 0.333826 -0.00185149 -0.0001482 0.00037722
-0.0137627 0.267997 0.386901 -0.00231547 -0.00028478 0.00053051
-0.0122727 0.162783 0.381101 -0.00225658 -0.00035224 0.000296
-0.0194141 0.260968 0.392601 -0.00219402 -0.00055097 0.00039516
-0.01869 0.121177 0.334757 -0.00191109 -0.0005216 0.00037583
-0.0213201 0.314072 0.439348 -0.00207051 -0.00063951 0.00034506
-0.0190273 0.12931 0.34696 -0.00165378 -0.00052869 0.00028554
-0.0212132 0.236377 0.440897 -0.00179179 -0.00073023 0.00035122
-0.0209883 0.143764 0.350483 -0.00132405 -0.00073023 0.00031849
-0.0251067 0.229908 0.399065 -0.0013138 -0.00073023 0.00022137
-0.0266655 0.124219 0.351885 -0.00091845 -0.00073023 0.00015887
-0.0253499 0.247652 0.406555 -0.0008845 -0.00073023 0.00021975
-0.0333522 0.1973 0.381985 -0.00062488 -0.00073023 0.00039285
-0.0337292 0.20517 0.437772 -0.00080607 -0.00080039 0.0002432
-0.0331853 0.182397 0.393109 -0.00031462 -0.00080485 0.00021897
-0.0374229 0.102658 0.384694 0.0001759 -0.00073023 -0.00015828
-0.0356836 0.225929 0.441818 -7.394e-05 -0.00073023 -4.32e-05
-0.0374401 0.123455 0.412424 8.578e-05 -0.00073023 -0.00017055
-0.035557 0.305241 0.477753 -0.00014325 -0.00078236 -0.00020055
-0.0434268 0.0756182 0.323956 0.00164383 -0.00088771 -9.011e-05
-0.0369923 0.295651 0.473317 0.0002815 -0.00073023 -0.0001974
-0.0216553 0.104253 0.391287 0.00081569 -0.00052786 -8.709e-05
-0.034846 0.275499 0.45715 0.00033525 -0.00073023 -0.00044897
-0.0184097 0.143484 0.411838 0.0003758 -0.00045773 -0.0004943
-0.0253681 0.232212 0.458736 0.00026915 -0.00051749 -0.00081641
-0.0189156 0.197376 0.439119 0.00063788 -0.00054457 -0.00067528
-0.0192438 0.183975 0.474269 0.00046518 -0.00052444 -0.00084677
-0.019283 0.288226 0.529693 0.00058354 -0.00064728 -0.0007948
-0.0193335 0.151506 0.479921 0.00057095 -0.00066943 -0.00088374
-0.0197637 0.339442 0.566143 7.914e-05 -0.00056601 -0.00100329
-0.0192073 0.143747 0.494119 0.00041753 -0.00054271 -0.00079819
-0.023178 0.316143 0.577777 3.749e-05 -0.00073023 -0.00107094
-0.0222139 0.226865 0.542575 -4.765e-05 -0.00055253 -0.00102472
-0.0240059 0.217291 0.557841 -0.00047984 -0.00052195 -0.00112639
-0.0300021 0.37113 0.609777 -0.00057479 -0.00080886 -0.00109524
-0.025609 0.152629 0.531442 -0.00022757 -0.00073023 -0.00120013
-0.0260964 0.347884 0.566434 -0.00066519 -0.00081802 -0.00121248
-0.0227882 0.170052 0.498475 -0.00029744 -0.00064957 -0.00119284
-0.019982 0.137224 0.469487 0.00058608 -0.00039706 -0.00120417
-0.02491 0.302976 0.506888 0.00115355 -0.00048565 -0.00139064
-0.0227693 0.259248 0.504563 0.00090755 -0.00051857 -0.00137278
-0.0264623 0.267409 0.537034 0.00078923 -0.00063645 -0.00152534
-0.0205301 0.265684 0.499085 0.00100384 -0.00056301 -0.00136783
-0.0278061 0.238439 0.505373 0.00127955 -0.00073023 -0.00146178
-0.0206462 0.264837 0.501015 0.00155724 -0.00056958 -0.00142293
-0.0205392 0.171805 0.44031 0.00126288 -0.00062017 -0.00138466
-0.017842 0.21261 0.358592 0.00144901 -0.00046529 -0.00115098
-0.0174054 0.130121 0.358762 0.00234373 -0.00051236 -0.00122047
-0.0199444 0.314136 0.42917 0.00214084 -0.00067316 -0.0010713
-0.0199262 0.167337 0.410735 0.00237378 -0.00061551 -0.00109167
-0.0200224 0.386881 0.463461 0.00216768 -0.00073023 -0.00108207
-0.019729 0.151757 0.40092 0.00251407 -0.00052404 -0.00102178
-0.0225194 0.34255 0.498549 0.00290737 -0.00066932 -0.00128209
-0.0199299 0.143633 0.433715 0.00297102 -0.00073023 -0.0010587
-0.028167 0.399155 0.629089 0.00490016 -0.00121418 -0.00111374
-0.019719 0.16983 0.476218 0.00372813 -0.00073023 -0.00094894
-0.0220597 0.292185 0.502085 0.00336558 -0.00073023 -0.00107629
-0.019524 0.225298 0.450205 0.00327933 -0.00048023 -0.00092504
-0.0370333 0.305363 0.55433 0.00453491 -0.00113593 -0.0008745
-0.0198378 0.309107 0.502663 0.00615454 -0.00073023 -0.00099498
-0.0201568 0.2912 0.571236 0.00505979 -0.00073023 -0.0011381
-0.0197981 0.25489 0.509772 0.00505532 -0.00073023 -0.00098682
-0.0268891 0.363945 0.570308 0.00543194 -0.00075873 -0.00115478
-0.0194245 0.210954 0.435236 0.00448726 -0.00053831 -0.00087244
-0.0199963 0.395412 0.594897 0.00595508 -0.00073023 -0.00103888
-0.00937168 0.160448 0.435351 0.00549533 -0.00048023 -0.00087318
-0.0199585 0.339323 0.519666 0.00617191 -0.00062248 -0.00105816
-0.0114616 0.168547 0.413695 0.00519562 -0.00050006 -0.00090432
-0.0133267 0.345667 0.457011 0.00570511 -0.00048023 -0.00108963
-0.0138055 0.205911 0.434046 0.00549337 -0.00048023 -0.00097853
-0.0093256 0.351765 0.506422 0.00626859 -0.00039025 -0.00083655
-0.0197805 0.233216 0.479935 0.00601709 -0.00048023 -0.00105277
-0.0131934 0.288684 0.461786 0.00566985 -0.00048973 -0.00084699
-0.0138898 0.322059 0.523879 0.00626433 -0.00057089 -0.00095344
-0.0140088 0.22449 0.474853 0.00589953 -0.00048023 -0.00105979
-0.00952202 0.397102 0.582195 0.00664453 -0.00035369 -0.00091377
-0.00209848 0.214373 0.48955 0.0056274 -0.00036876 -0.00080476
-0.00455525 0.376391 0.570182 0.00639453 -0.00035697 -0.00102197
-0.0123011 0.230828 0.495935 0.00612002 -0.00037255 -0.00088149
-0.0122799 0.338576 0.514733 0.00612492 -0.00036814 -0.0011056
0.00208281 0.229687 0.470952 0.00597102 -2.078e-05 -0.0009437
-0.00073456 0.320429 0.484223 0.00604001 -0.00047221 -0.00082636
-0.0122041 0.286364 0.493995 0.00622266 -0.00032874 -0.0010056
-0.00659389 0.32245 0.471683 0.00593694 -0.00023306 -0.00090867
-0.00190488 0.198877 0.47946 0.0062326 -0.00022173 -0.00097448
-0.0072367 0.305038 0.49827 0.00621723 -0.00032876 -0.00105152
-0.00769258 0.292099 0.509145 0.00620664 -0.00034521 -0.00111571
-0.0019944 0.239019 0.462226 0.00592182 -4.39e-06 -0.00098661
-0.00807653 0.297657 0.523159 0.00650644 -0.00020612 -0.00120322
-0.00221253 0.260302 0.497965 0.00639953 1.605e-05 -0.00101237
-0.00509271 0.329784 0.553509 0.00678474 -9.929e-05 -0.00124988
-0.0071724 0.262246 0.498604 0.00627695 1.83e-05 -0.00115899
-0.00736493 0.323931 0.521243 0.00678474 7.18e-06 -0.00141736
-0.00490398 0.236729 0.480605 0.00603556 -1.757e-05 -0.00119996
-0.00588181 0.344623 0.517987 0.00636893 -3.208e-05 -0.00111548
-0.0058347 0.265323 0.521835 0.00650022 -3.573e-05 -0.00123187
-0.00165467 0.26802 0.511526 0.00655585 2.054e-05 -0.00101165
0.00116565 0.26813 0.530165 0.00677999 7.043e-05 -0.00108686
0.00201446 0.327969 0.536466 0.00692166 6.539e-05 -0.00096178
0.00973059 0.219341 0.51937 0.00667166 0.00015695 -0.00092129
4.15e-05 0.343459 0.537565 0.00686681 5.971e-05 -0.00117693
-2.457e-05 0.225626 0.514874 0.00658341 6.675e-05 -0.00090386
0.0042093 0.356988 0.55415 0.00707691 6.305e-05 -0.0007999
0.0238665 0.25458 0.563106 0.00731212 0.00015695 -0.00098255
0.0103205 0.330768 0.55998 0.00732749 3.288e-05 -0.00100617
0.0164013 0.296388 0.560122 0.0072633 0.00015695 -0.00103242
0.0155681 0.291243 0.543086 0.00731443 -3.05e-06 -0.00096051
0.0134692 0.32723 0.578807 0.00750111 -4.404e-05 -0.00105699
0.0241554 0.305829 0.557848 0.00751687 0.00015695 -0.00084052
0.0168438 0.34305 0.589042 0.00756708 7.086e-05 -0.00101851
0.0143816 0.263586 0.52978 0.0069651 0.00015695 -0.00071012
0.011941 0.397085 0.589999 0.00759452 8.827e-05 -0.001118
0.00998255 0.250332 0.545905 0.00702422 6.975e-05 -0.00086934
0.00132045 0.380447 0.563428 0.00740754 -0.0001922 -0.00108741
0.00331294 0.314428 0.544694 0.0071718 4.904e-05 -0.00087864
0.00393848 0.350045 0.590036 0.00757883 4.287e-05 -0.00105303
0.00880528 0.292924 0.579588 0.00752946 0.00010639 -0.00093191
0.00259439 0.361207 0.569173 0.00733615 -9.998e-05 -0.00094704
-0.0004997 0.235752 0.531699 0.00702731 -1.66e-05 -0.00093357
-0.0009892 0.314376 0.496836 0.00699244 -2.96e-06 -0.00108079
0.00724934 0.232304 0.461996 0.00695054 0.00015695 -0.00109999
7.67e-06 0.238636 0.432029 0.00664943 -3.875e-05 -0.00087942
-0.00058355 0.32402 0.491341 0.00741012 -5.736e-05 -0.00139168
0.00093581 0.19243 0.448026 0.00716012 6.629e-05 -0.00118215
-0.003567 0.364571 0.483819 0.00741012 1.731e-05 -0.00143103
0.0009629 0.168186 0.392983 0.00784621 0.00015695 -0.00111984
-0.00148281 0.32371 0.42771 0.00823105 8.946e-05 -0.00131899
-0.00763237 0.239315 0.393898 0.00825624 -7.864e-05 -0.00131152
-0.00016592 0.283258 0.403078 0.00785108 0.00015695 -0.00117193
-0.00524217 0.256825 0.408833 0.00841918 -1.356e-05 -0.00134837
-0.00844476 0.261571 0.39886 0.00853891 -6.29e-05 -0.0012414
-0.00482658 0.33723 0.458951 0.00852769 1.728e-05 -0.00139521
-0.00806267 0.195443 0.406614 0.00822539 -5.222e-05 -0.00113241
-0.00514758 0.342916 0.475467 0.00837209 -0.0002076 -0.00141781
-0.0160475 0.184457 0.40646 0.00871266 -0.00018368 -0.00125284
-0.0173193 0.387794 0.443047 0.00875248 -0.00020679 -0.00137585
-0.0140018 0.19437 0.396823 0.00845634 -0.00023174 -0.0011149
-0.0113144 0.341704 0.415454 0.0088559 -0.00017965 -0.00122945
-0.011774 0.17144 0.352935 0.00904465 -0.00011685 -0.00109126
-0.0115555 0.360816 0.388769 0.00858467 -0.00020026 -0.00130845
-0.0136884 0.191466 0.334219 0.00895267 -0.00011988 -0.00114587
-0.0166142 0.346001 0.389391 0.0091775 -0.00025968 -0.00145929
-0.0117352 0.18501 0.321889 0.00908765 6.05e-06 -0.00143508
-0.0107719 0.363846 0.32292 0.0090698 3.849e-05 -0.00163884
-0.0118616 0.127439 0.301441 0.00959638 0.00015695 -0.00146441
-0.0136036 0.352727 0.368972 0.0098217 1.12e-06 -0.00165476
-0.0156792 0.144421 0.297403 0.00947288 0.00023102 -0.001665
-0.00957338 0.341557 0.340792 0.00992449 0.00030451 -0.00161324
-0.0160871 0.155069 0.275864 0.0101845 0.00033769 -0.00171472
-0.0140535 0.379894 0.328178 0.0102013 0.00020731 -0.00176018
-0.00222589 0.18245 0.283476 0.00972819 0.00040248 -0.00154083
-0.0034706 0.340413 0.365275 0.00923673 0.0006562 -0.00170851
-0.0110965 0.161474 0.278156 0.00966242 0.0003491 -0.00170377
-0.0124825 0.385034 0.330324 0.0104459 0.00048833 -0.00202117
-0.0144911 0.169876 0.247849 0.0105206 0.00024872 -0.00173743
-0.015868 0.335984 0.323527 0.0105883 0.00027865 -0.00194556
-0.0107313 0.193055 0.271954 0.0106668 0.00038358 -0.00172909
-0.0154999 0.358315 0.316006 0.0109724 0.00039877 -0.00184911
-0.0178355 0.205677 0.319389 0.0100375 0.00034883 -0.00200835
-0.0113714 0.337936 0.309426 0.0114738 0.00015646 -0.00185637
-0.0121231 0.218347 0.325633 0.0105672 0.00029757 -0.00173739
-0.00408813 0.334149 0.326563 0.0114882 0.00030969 -0.00170264
-0.00332467 0.250744 0.332436 0.0110381 0.00041334 -0.00158073
-0.00107912 0.307164 0.334594 0.011311 0.00053549 -0.0015554
0.00207189 0.281235 0.344988 0.0117912 0.00044022 -0.00145213
-0.00280981 0.253578 0.302388 0.0120118 0.00030658 -0.00158915
0.00153767 0.341173 0.317023 0.0113668 0.0003622 -0.00157454
-0.00193018 0.262499 0.318357 0.0119563 0.00046375 -0.0015428
-0.00217358 0.310112 0.313367 0.0119026 0.0002219 -0.0014431
-0.00308986 0.300184 0.339459 0.0122046 0.00016881 -0.00162558
-0.00079217 0.320545 0.315629 0.0122386 0.0003278 -0.0015599
-0.0101213 0.29858 0.302164 0.0126155 0.00016683 -0.00172496
-0.0100921 0.262729 0.277279 0.0127241 0.00030399 -0.0015191
-0.0136999 0.295661 0.324712 0.0127009 0.00032827 -0.00170567
-0.0110201 0.25849 0.272441 0.012513 0.00041075 -0.00161061
-0.00840126 0.217256 0.278357 0.0125852 0.00037919 -0.0015029
-0.00561022 0.406293 0.326517 0.0128569 0.00033517 -0.00159885
-0.00961101 0.218378 0.310554 0.0123944 0.00040833 -0.00119096
-0.00680692 0.483097 0.446322 0.0129613 0.00023934 -0.00118126
-0.00715763 0.240427 0.349732 0.0121624 0.0001667 -0.00118663
-0.00987385 0.383263 0.36873 0.0120931 0.00040148 -0.00142928
-0.0111985 0.232653 0.348627 0.0121323 0.00067917 -0.00125708
-0.00564414 0.41141 0.381068 0.0124279 0.00047556 -0.00160241
-0.00447911 0.213175 0.307877 0.0122827 0.00047122 -0.00132353
-0.00995536 0.386763 0.328435 0.0122906 0.00049566 -0.0014861
-0.0109918 0.241044 0.310579 0.0120609 0.00036877 -0.00130249
-0.00943786 0.384238 0.329054 0.0118259 0.00025296 -0.0013624
-0.0117298 0.215301 0.278929 0.0124133 0.00040484 -0.001259
-0.0222216 0.426744 0.294098 0.0126562 0.00051072 -0.00137833
-0.00968461 0.312114 0.262098 0.0123592 0.0005509 -0.0013138
-0.00508333 0.125308 0.270633 0.0124413 0.00071485 -0.00120948
-0.0212184 0.325561 0.305966 0.0123977 0.00078038 -0.00119795
-0.00887642 0.231504 0.248331 0.013417 0.00082261 -0.00125075
-0.00294951 0.390484 0.292278 0.0132391 0.00085025 -0.00117746
-0.00137658 0.223417 0.242896 0.0122915 0.00080313 -0.00101407
0.0005164 0.336254 0.261086 0.0122657 0.00089497 -0.00113841
-0.00263348 0.231687 0.217832 0.0130837 0.00067776 -0.0011583
-0.00634459 0.301436 0.286628 0.0126423 0.00106523 -0.00136769
0.00752185 0.274716 0.25851 0.0130942 0.00117467 -0.00140761
-0.00108686 0.249088 0.235004 0.0141037 0.00108911 -0.0013427
0.00794228 0.287153 0.256913 0.0132889 0.00127883 -0.00124269
-0.0080731 0.210208 0.254609 0.0132431 0.00139129 -0.00124193
0.00116638 0.367786 0.270148 0.0129967 0.00142737 -0.0014569
0.00812872 0.179442 0.236418 0.0129255 0.00162201 -0.00134089
0.00013372 0.38764 0.264721 0.0130327 0.00146732 -0.00159459
0.00782377 0.194379 0.241035 0.0123304 0.0015205 -0.00146662
-0.0004363 0.338427 0.229235 0.0131817 0.00127992 -0.00139847
0.00780305 0.193044 0.180662 0.0135027 0.00129111 -0.00136701
0.00241319 0.347689 0.0873022 0.0160413 0.00148516 -0.00159933
-0.0135623 0.184536 0.039326 0.0165756 0.00131174 -0.00177927
-0.00316717 0.299361 0.0513165 0.0164821 0.00154795 -0.00169353
-0.00320487 0.219515 0.0225915 0.0166384 0.00144663 -0.00185698
-0.00353783 0.232351 -0.037411 0.0173348 0.00127568 -0.00167441
-0.00172092 0.26854 -0.00366889 0.0178413 0.0015424 -0.00170833
-0.00495999 0.16746 -0.0739081 0.0171288 0.0017249 -0.00180155
-0.00736714 0.310614 -0.0113529 0.0175318 0.00180062 -0.00197849
-0.00134704 0.194489 -0.0423904 0.0177195 0.00160466 -0.00184845
-0.00054687 0.36467 0.0305386 0.0176704 0.00180074 -0.00185896
-0.00147672 0.167946 0.0172171 0.017599 0.00190563 -0.00205687
0.00863756 0.322809 0.079264 0.0180354 0.00182836 -0.0022854
0.00168455 0.235234 0.0624809 0.017712 0.00169846 -0.00226463
0.00270923 0.229817 0.00887847 0.0184271 0.00187663 -0.00211264
0.00659289 0.35113 0.113093 0.0185293 0.00185058 -0.00223325
0.00714932 0.22145 0.0283664 0.0182425 0.00209949 -0.00215551
0.00701195 0.342962 0.041744 0.0190264 0.00187697 -0.00208211
0.0165691 0.260658 0.0104442 0.0193087 0.0015611 -0.00218701
0.00654547 0.287543 -0.0224069 0.0198986 0.00150911 -0.00215022
0.00829635 0.298894 -0.00939795 0.0196003 0.0015418 -0.00231593
0.00637489 0.307356 -0.0379966 0.0198557 0.00205826 -0.00250691
0.00616922 0.256735 -0.0142658 0.0199635 0.00194766 -0.0026178
-0.00504974 0.276379 -0.0277138 0.0202293 0.00202984 -0.00261074
0.00619595 0.255511 -0.0278044 0.0198713 0.00191557 -0.00258247
0.00600322 0.165175 -0.0878914 0.0198584 0.00205489 -0.00280438
0.00355037 0.169788 -0.0739964 0.0200811 0.00238614 -0.00272119
-0.00222252 0.287276 -0.123076 0.0229115 0.00225537 -0.00279048
-0.00172742 0.330814 -0.06309 0.0204601 0.00215617 -0.00276545
-0.0120696 0.257349 -0.0370244 0.0207533 0.00213894 -0.00277292
-0.00356309 0.260261 -0.0678878 0.0201422 0.00225948 -0.00269544
-0.00575303 0.311274 -0.0492146 0.0196232 0.0018918 -0.00293376
-0.0137509 0.110801 -0.102864 0.0195284 0.00183676 -0.00308931
-0.0141316 0.312419 -0.0176459 0.0183681 0.00191945 -0.00321845
-0.0158815 0.12455 -0.0745097 0.0190609 0.00196185 -0.00324022
-0.00877195 0.345836 -0.0735547 0.0197621 0.00189634 -0.00319624
-0.0112447 0.131558 -0.0902202 0.0193101 0.00203828 -0.00313662
-0.00328124 0.340649 -0.0598839 0.0192543 0.00193194 -0.00303521
-0.0149547 0.142708 -0.0921788 0.0197108 0.0018635 -0.00305792
-0.0129389 0.341823 -0.0330155 0.0194205 0.00193677 -0.00329312
-0.0171496 0.159944 -0.0518085 0.0190838 0.00194654 -0.00342306
-0.0175528 0.31114 -0.0128097 0.0192373 0.00196293 -0.00346943
-0.0188368 0.188577 -0.00141949 0.018971 0.0020221 -0.0036171
-0.0167598 0.284103 0.0194141 0.0193809 0.00188241 -0.00341436
-0.0129619 0.30759 0.0178871 0.019527 0.00190371 -0.00343131
-0.0244151 0.221932 -0.0283704 0.019555 0.0019034 -0.00338537
-0.0242941 0.325491 0.0153992 0.0196366 0.00185205 -0.0035194
-0.0333681 0.16856 0.00336967 0.0192849 0.00178604 -0.0036284
-0.0266243 0.354221 0.0403521 0.0188646 0.00220457 -0.00365315
-0.0320262 0.147785 -0.00553904 0.019067 0.00191319 -0.00340779
-0.0328307 0.339475 0.0864953 0.0184267 0.00234349 -0.00349386
-0.0335819 0.222685 0.0555568 0.0187603 0.00208355 -0.00355719
-0.0329452 0.31326 0.119009 0.0193726 0.00172665 -0.0036081
-0.0330353 0.205822 0.0509626 0.0187634 0.00193487 -0.00333715
-0.0270641 0.363339 0.118975 0.0190391 0.00200414 -0.00314609
-0.0361912 0.216674 0.0785617 0.0215461 0.00170984 -0.00334735
-0.0309285 0.408592 0.162212 0.0198793 0.0018677 -0.00332441
-0.0349746 0.253101 0.185995 0.019888 0.001868 -0.00328999
-0.0285161 0.379787 0.210483 0.0194442 0.00181541 -0.00320065
-0.0335827 0.285186 0.165703 0.0209156 0.00177639 -0.00331308
-0.0345127 0.368091 0.210365 0.0198204 0.00155679 -0.00341125
-0.0282188 0.296278 0.217158 0.0197301 0.00129962 -0.00345899
-0.0302486 0.314623 0.171419 0.0191448 0.00158951 -0.00339278
-0.0369168 0.340624 0.171443 0.018953 0.00158713 -0.00362357
-0.0365392 0.304746 0.130318 0.019351 0.00177786 -0.0035956
-0.0295839 0.370161 0.21956 0.0187907 0.00154084 -0.00345714
-0.0341347 0.225742 0.139468 0.0188196 0.00168386 -0.00331746
-0.0333687 0.396238 0.237138 0.0185259 0.00161748 -0.003381
-0.0405474 0.222889 0.101432 0.0188067 0.00180726 -0.00348933
-0.036957 0.380659 0.158453 0.0190478 0.00146623 -0.00345777
-0.0400579 0.20933 0.085878 0.0189301 0.0016714 -0.00346532
-0.0399401 0.340739 0.080581 0.0189565 0.00169439 -0.00332732
-0.0386778 0.181533 0.0612544 0.0194565 0.001734 -0.00346031
-0.0365377 0.371114 0.113448 0.019526 0.0019597 -0.00334575
-0.0402318 0.167988 0.0336108 0.0189224 0.0021145 -0.00231359
-0.0425854 0.291494 0.044877 0.0174062 0.00324272 0.00015092
-0.0303931 0.192908 0.325747 0.00791368 0.0029844 0.00142171
-0.037592 0.313655 0.32179 0.00883986 0.0029844 0.00134327
-0.0293557 0.0935239 0.258268 0.011525 0.00304052 0.00089472
-0.0332408 0.242675 0.269801 0.0118127 0.00341467 0.00053989
-0.0280651 0.0674726 0.231489 0.0117836 0.0035295 0.00032104
-0.0284226 0.245123 0.286268 0.0113453 0.00328805 0.0006028
-0.0412832 0.050298 0.219485 0.0114625 0.00335673 -1.69e-05
-0.0461507 0.240814 0.32649 0.0109073 0.00341223 -3.67e-05
-0.038189 0.191124 0.409051 0.01073 0.00354785 0.00085958
-0.0319213 0.219888 0.347933 0.0116241 0.00350568 0.00100945
-0.0312041 0.252978 0.357705 0.010658 0.00368894 0.00068948
-0.0477056 0.0896637 0.108436 0.0158041 0.00475715 0.00039207
-0.0787234 0.267391 0.0815116 0.0171123 0.00509056 0.00033655
-0.0883028 0.176582 -0.0516241 0.0189427 0.00503974 -0.00043746
-0.104712 0.124431 -0.102446 0.0197103 0.00546302 -0.00056304
-0.105343 0.181234 -0.0516677 0.0182408 0.00569418 -0.00061367
-0.115114 0.0343879 -0.00894965 0.0182556 0.00549255 -0.00051078
-0.108671 0.207459 0.0337444 0.0183153 0.00573967 -0.0004041
-0.0984177 0.0563772 -0.00613564 0.0186335 0.00524135 -0.00068075
-0.0899815 0.211412 0.0298457 0.01836 0.00491099 -0.000206
-0.0981195 0.0692003 -0.0209375 0.0198148 0.0050939 -0.00035665
-0.0818777 0.231521 0.0594562 0.0183535 0.00470607 0.00013453
-0.0836099 0.144846 0.0285564 0.0187672 0.00460013 -0.00020178
-0.0916166 0.199651 -0.0168972 0.0198 0.00520798 -0.00020178
-0.0900939 0.184357 0.0414665 0.0194366 0.00507254 -2.801e-05
-0.084163 0.317225 0.0912371 0.0201691 0.00460013 0.00019038
-0.0935983 0.134673 0.082204 0.0196737 0.00453537 -0.00020178
-0.0851671 0.273436 0.12536 0.019568 0.00468466 -0.00020178
-0.094197 0.191168 0.113441 0.0197462 0.00435783 -0.00020178
-0.102923 0.207126 0.0791345 0.0212081 0.00449858 -0.00020178
-0.101065 0.272037 0.145104 0.0201283 0.00490519 -4.264e-05
-0.096892 0.127558 0.137771 0.0199743 0.00436853 -0.00045402
-0.0948405 0.323648 0.169785 0.0199519 0.00490236 -0.00017745
-0.105383 0.165728 0.149851 0.0200973 0.00471863 -0.00017745
-0.0988739 0.266973 0.165202 0.019999 0.00459236 -4.6e-05
-0.103651 0.191747 0.168342 0.0205775 0.00466587 -0.00034416
-0.107422 0.246084 0.163842 0.0200116 0.00469742 -0.00014422
-0.0987788 0.283167 0.174665 0.0206769 0.00473096 0.0002035
-0.106376 0.195177 0.161772 0.0208613 0.00451601 -0.00016106
-0.0933183 0.287684 0.15034 0.0217191 0.00429745 0.00031498
-0.0908685 0.202929 0.200219 0.0209833 0.00362767 0.00053717
-0.0942163 0.326456 0.24911 0.02011 0.00391222 0.00031741
-0.0882603 0.278698 0.215562 0.0219311 0.00399791 0.00047897
-0.0993633 0.209814 0.169032 0.0218606 0.00399791 0.00028161
-0.101544 0.299067 0.177139 0.0215687 0.00408542 0.00035563
-0.105154 0.182246 0.137817 0.0221216 0.00406777 -0.00022505
-0.102343 0.267933 0.160059 0.0214782 0.00388092 0.00028161
-0.0946696 0.24918 0.214059 0.0217502 0.00330931 0.00070433
-0.0931246 0.210308 0.158573 0.0216541 0.00382925 0.00059422
-0.0848786 0.344142 0.173244 0.0223676 0.00396704 0.00049183
-0.106668 0.170399 0.153283 0.0206693 0.0042211 2.897e-05
-0.101601 0.341432 0.181371 0.0209758 0.00438038 -0.00020935
-0.102639 0.159213 0.113306 0.0217323 0.00413414 -0.00033796
-0.100073 0.324223 0.16652 0.0207944 0.00398461 -0.00039417
-0.111501 0.139512 0.117543 0.0211085 0.00413502 -0.00051521
-0.100996 0.313919 0.209101 0.0201109 0.00387405 -0.00020935
-0.106544 0.150652 0.166484 0.0208059 0.00387405 -0.00049808
-0.105172 0.257254 0.157421 0.020619 0.00385756 -0.00020935
-0.0957143 0.312098 0.183625 0.0209504 0.00391906 0.00032795
-0.0721542 0.234335 0.195005 0.0212173 0.00334326 0.00071803
-0.0354355 0.415016 0.372223 0.0198797 0.00156633 0.00163283
-0.0525439 0.2849 0.325167 0.0206406 0.00148745 0.00157047
-0.0544891 0.392503 0.384252 0.0196475 0.00149307 0.00138084
-0.0575547 0.321852 0.340233 0.0204345 0.00166481 0.00151801
-0.0585766 0.307837 0.26092 0.0203476 0.00173088 0.00129394
-0.0653628 0.292143 0.281176 0.0203108 0.00175777 0.00118533
-0.0726002 0.264967 0.265225 0.0204376 0.00166481 0.00104208
-0.070747 0.346065 0.307211 0.0203436 0.00208429 0.00101054
-0.0702634 0.259876 0.255619 0.0203096 0.00191481 0.00086839
-0.0741324 0.337169 0.249564 0.0206287 0.00166481 0.00073108
-0.107387 0.250582 0.136587 0.0214373 0.00147955 0.00051138
-0.123488 0.225484 0.119175 0.02217 0.00166481 0.00037409
-0.110031 0.233373 -0.0253075 0.0205504 0.00249855 -0.00084219
-0.107779 0.0503924 -0.0904258 0.0197165 0.00252402 -0.00128667
-0.11261 0.271203 -0.0940808 0.0196327 0.00252402 -0.00115049
-0.109122 0.0565691 -0.129985 0.0204943 0.00252991 -0.00139068
-0.10814 0.279371 -0.0803814 0.0200478 0.0026137 -0.00130571
-0.112711 0.0275068 -0.10318 0.0196459 0.00252402 -0.00138343
-0.119575 0.260234 -0.0266872 0.0201237 0.00260986 -0.00138987
-0.116189 0.422391 0.0684724 0.0208085 0.00237965 -0.00086666
-0.108082 0.165061 -0.0136944 0.0201731 0.00288991 -0.00105443
-0.0992027 -0.189333 -0.0891083 0.0212774 0.00252402 -0.00092589
-0.115123 -0.180512 -0.115586 0.0213726 0.00252402 -0.00128312
-0.119202 0.193413 -0.0723469 0.0211526 0.00273776 -0.00103375
-0.118237 0.11142 -0.11113 0.0214223 0.00293251 -0.00141714
-0.129167 0.293851 -0.123307 0.022479 0.00304643 -0.00162938
-0.13054 0.267985 -0.14701 0.0220626 0.00283552 -0.00166315
-0.126996 0.308948 -0.133585 0.0226628 0.00290828 -0.00151438
-0.129166 0.193776 -0.126058 0.0220569 0.00311246 -0.00152804
-0.126109 0.194626 -0.0878813 0.0225455 0.00312654 -0.00176922
-0.120717 0.0489945 -0.127455 0.0233644 0.00297156 -0.00152805
-0.127635 0.100458 -0.0872805 0.0223235 0.00308308 -0.00152805
-0.136413 -0.0441176 -0.140979 0.0226758 0.00286436 -0.00152805
-0.13843 0.0865992 -0.100698 0.0221636 0.00311917 -0.00152805
-0.133318 0.0929618 -0.102344 0.0232697 0.00344898 -0.00143289
-0.137161 0.166923 -0.0793645 0.0222716 0.00315321 -0.00135382
-0.142148 0.188884 -0.0700282 0.0225469 0.00318459 -0.00152805
-0.142333 0.170753 -0.0985724 0.0224824 0.00319646 -0.00152805
-0.134884 0.295585 -0.0614896 0.0221353 0.00298791 -0.00128659
-0.142609 0.0949117 -0.0901771 0.0215954 0.00316751 -0.00111162
-0.131946 0.276347 -0.0214399 0.0225816 0.00273422 -0.0007854
-0.123495 0.00138475 -0.073009 0.0213491 0.00311448 -0.00081572
-0.130636 0.21286 -0.0264393 0.022116 0.00281475 -0.00073857
-0.141992 0.0499854 -0.0698223 0.0232351 0.00321703 -0.00161323
-0.13866 0.200969 -0.0915863 0.0221029 0.0032648 -0.00113713
-0.140355 0.0404918 -0.147778 0.0227563 0.0033268 -0.00149879
-0.14206 0.235811 -0.128803 0.0223807 0.00342149 -0.00168272
-0.140235 0.0914829 -0.136786 0.0225997 0.00336398 -0.00176226
-0.143185 0.194184 -0.106749 0.022785 0.00340349 -0.00178718
-0.136682 0.190982 -0.142115 0.0221629 0.00351683 -0.00165053
-0.129748 0.0735442 -0.127689 0.0226765 0.00347327 -0.00142444
-0.132724 0.138204 -0.112701 0.0231259 0.00349393 -0.00115915
-0.126911 0.185346 -0.117383 0.0227663 0.00356788 -0.0012429
-0.126536 0.0452846 -0.134425 0.0228459 0.00352915 -0.00131415
-0.125571 0.179946 -0.131406 0.0209054 0.00339456 -0.00115915
-0.106503 0.0400242 -0.173192 0.0211105 0.00336416 -0.00115915
-0.118594 0.178295 -0.138738 0.022187 0.00354961 -0.00115915
-0.118956 -0.00940427 -0.191515 0.0216123 0.00369144 -0.00115916
-0.114947 0.0465426 -0.206698 0.0216505 0.00350552 -0.00115915
-0.109181 0.067168 -0.235114 0.0216186 0.00343582 -0.00095026
-0.122292 0.00388929 -0.209013 0.0226001 0.00347823 -0.00082011
-0.125523 0.181848 -0.169917 0.0217176 0.00341811 -0.00063712
-0.117063 -0.0531481 -0.21715 0.0225793 0.00366365 -0.00108857
-0.131413 0.156093 -0.17482 0.0214153 0.00373441 -0.00115916
-0.127344 -0.0191682 -0.22429 0.0216208 0.00370717 -0.00123831
-0.133085 0.119919 -0.193559 0.0213378 0.00368763 -0.00125667
-0.13314 0.00096172 -0.208625 0.0213631 0.00368685 -0.00115916
-0.131499 0.163303 -0.197638 0.0219815 0.00389704 -0.00115916
-0.122639 -0.0214433 -0.212653 0.0223813 0.00389704 -0.00126419
-0.127076 0.169802 -0.189171 0.0219198 0.00389704 -0.00115916
-0.138652 -0.0390779 -0.218362 0.022379 0.00377773 -0.00115916
-0.124783 0.14362 -0.174178 0.021768 0.00389704 -0.00080006
-0.129166 -0.0389878 -0.207081 0.0224012 0.00372114 -0.00106662
-0.129225 0.162059 -0.189564 0.0220157 0.00360556 -0.00094106
-0.131795 -0.0206846 -0.239997 0.0223289 0.00389704 -0.00104855
-0.136806 0.113952 -0.202132 0.0215729 0.00384044 -0.00099362
-0.14282 -0.0446882 -0.27702 0.0222518 0.00389704 -0.00107341
-0.14442 0.123163 -0.29959 0.0218416 0.00385101 -0.00122318
-0.144416 -0.0689812 -0.333791 0.0226603 0.00384666 -0.00120013
-0.148467 0.147685 -0.254317 0.0224556 0.00400025 -0.00119243
-0.150012 -0.00934444 -0.311134 0.0227852 0.00405056 -0.00139848
-0.153279 0.119041 -0.297208 0.0223959 0.00408231 -0.00139196
-0.144335 -0.0700884 -0.298032 0.0226024 0.00426928 -0.00156575
-0.154227 0.111551 -0.226644 0.0223918 0.00426928 -0.00156575
-0.146094 -0.0552368 -0.267546 0.023014 0.0041637 -0.00156575
-0.14301 0.141869 -0.207627 0.0223803 0.00426928 -0.00156575
-0.140379 -0.0904551 -0.338278 0.0247481 0.00412379 -0.00156575
-0.145082 -0.0105734 -0.346334 0.0246923 0.00448156 -0.00156575
-0.154133 0.130715 -0.352939 0.0266008 0.00424034 -0.00161815
-0.155256 0.150181 -0.353633 0.026493 0.00439185 -0.00168535
-0.159761 0.109028 -0.294818 0.0266035 0.0046493 -0.0017302
-0.155941 0.0358658 -0.322467 0.0259838 0.00456986 -0.00187201
-0.161858 0.0502332 -0.296441 0.0259566 0.00445351 -0.00171825
-0.156133 -0.0365198 -0.347954 0.0260922 0.00451503 -0.00162671
-0.155748 0.0406822 -0.300251 0.0261395 0.00446358 -0.00156575
-0.15341 0.0629682 -0.309402 0.0260819 0.00467085 -0.00156575
-0.1579 -0.00229996 -0.305738 0.0259446 0.00468128 -0.00167919
-0.15768 0.0914292 -0.34008 0.0259208 0.00467374 -0.00170923
-0.163199 0.00810305 -0.312001 0.0262961 0.00456572 -0.0017726
-0.165412 0.132611 -0.324093 0.0259369 0.00488434 -0.00163897
-0.164973 -0.0322207 -0.34948 0.0264087 0.00480886 -0.00168462
-0.157703 0.117094 -0.359441 0.0263039 0.00460005 -0.00166355
-0.156576 -0.0419585 -0.360104 0.0265873 0.00447561 -0.00156575
-0.155745 0.0634342 -0.345919 0.0263892 0.00468808 -0.00156575
-0.156863 -0.0012929 -0.377514 0.0270532 0.00465686 -0.00167648
-0.150758 0.0456601 -0.403128 0.0269091 0.00470099 -0.00156575
-0.140633 -0.0382397 -0.435498 0.0278946 0.00478047 -0.00199025
-0.146133 0.123065 -0.382138 0.0274683 0.0047251 -0.00177726
-0.150104 -0.0516096 -0.392078 0.0274966 0.00488435 -0.00156575
-0.150559 0.123192 -0.390857 0.0268705 0.00472101 -0.00156575
-0.152009 -0.108663 -0.418892 0.0276221 0.00455171 -0.00166153
-0.148629 0.0897342 -0.397808 0.0269352 0.00470044 -0.0017949
-0.146089 -0.0783823 -0.406519 0.0273335 0.00445351 -0.00167984
-0.1426 0.11878 -0.405494 0.0268978 0.00440428 -0.00156575
-0.14789 -0.0594048 -0.420827 0.0272633 0.00437974 -0.00156575
-0.1477 0.100934 -0.436366 0.0269926 0.00445663 -0.00156575
-0.150932 -0.00348383 -0.423817 0.026857 0.00449279 -0.00156575
-0.151453 0.0631314 -0.444859 0.0268453 0.00465297 -0.00164502
-0.154354 0.0266972 -0.435278 0.0276883 0.00453547 -0.00172337
-0.145064 0.0568608 -0.444538 0.0266422 0.00436696 -0.00156576
-0.144316 0.0286993 -0.403385 0.0270131 0.00447621 -0.00156576
-0.146848 0.0188795 -0.422952 0.0272425 0.00459548 -0.00156576
-0.151708 0.040691 -0.376645 0.026761 0.00443914 -0.00164178
-0.140041 0.0418913 -0.400846 0.0264815 0.00444656 -0.00146521
-0.146267 0.0321549 -0.380376 0.0269106 0.00444799 -0.00156576
-0.148923 0.0612779 -0.401414 0.0266874 0.00446191 -0.0014371
-0.15019 0.0317151 -0.379511 0.0269339 0.00437742 -0.00156576
-0.147002 -0.0218073 -0.44368 0.0266882 0.00445328 -0.00156576
-0.153785 0.040112 -0.425327 0.0265989 0.00448744 -0.00156576
-0.144485 -0.0328875 -0.479461 0.026823 0.00440349 -0.00138139
-0.145218 0.0988423 -0.39752 0.0268912 0.00443235 -0.00156576
-0.146293 -0.041221 -0.458082 0.02683 0.00430649 -0.00156576
-0.140941 0.120507 -0.38125 0.026514 0.00438382 -0.00156576
-0.136142 -0.0543469 -0.435761 0.0272527 0.00426412 -0.00156576
-0.126409 0.126048 -0.418714 0.0271456 0.00435919 -0.00123616
-0.139653 -0.0555147 -0.459356 0.0277181 0.00434546 -0.00149763
-0.137676 0.11438 -0.411128 0.0269806 0.00427765 -0.00156576
-0.135313 -0.0481521 -0.462761 0.0269765 0.00435454 -0.00141066
-0.131339 0.135783 -0.40306 0.0265108 0.00410479 -0.00156576
-0.124024 -0.0399546 -0.449195 0.0269788 0.00439939 -0.00156576
-0.120221 0.142205 -0.414829 0.0263196 0.00439348 -0.00142706
-0.127764 -0.0900803 -0.444902 0.0268836 0.00441345 -0.00156576
-0.121092 0.0700025 -0.4632 0.0266068 0.00410518 -0.00127721
-0.117686 -0.111157 -0.46821 0.0270105 0.00415361 -0.00144194
-0.123054 0.137421 -0.428307 0.0272303 0.00418798 -0.00156576
-0.125684 -0.0752484 -0.472821 0.0279008 0.004484 -0.00156576
-0.129247 0.117394 -0.405816 0.027313 0.00447294 -0.00156576
-0.127236 -0.0396673 -0.451188 0.0278286 0.00452109 -0.00156576
-0.126199 0.0865222 -0.43498 0.0276742 0.00464001 -0.00161631
-0.128042 -0.0558192 -0.458047 0.0282028 0.00459036 -0.00170773
-0.131102 0.0694581 -0.430521 0.0271862 0.0044645 -0.00169485
-0.130151 -0.0729559 -0.445527 0.0278595 0.00446334 -0.00196484
-0.124656 0.0910111 -0.467185 0.0271047 0.0044363 -0.00185158
-0.122699 -0.041525 -0.459381 0.0277253 0.00438208 -0.00187872
-0.122316 0.0120828 -0.473791 0.0277823 0.00447627 -0.00161864
-0.130064 0.00706577 -0.472889 0.0283853 0.00474721 -0.00197058
-0.124599 -0.0176572 -0.516301 0.0290002 0.00483189 -0.00197058
-0.127799 0.0671682 -0.460826 0.0283371 0.00496805 -0.00197058
-0.129359 -0.0633845 -0.462344 0.0284915 0.00496372 -0.00197058
-0.130818 0.0641579 -0.447629 0.0282048 0.00497755 -0.00197058
-0.135496 -0.0614152 -0.521842 0.0288028 0.00486386 -0.00208166
-0.139403 0.0466204 -0.456789 0.0286828 0.00489002 -0.00197058
-0.134489 -0.050026 -0.47178 0.0288614 0.00493516 -0.00197058
-0.12886 0.0978638 -0.442895 0.0280157 0.00494035 -0.00197058
-0.136401 -0.0167094 -0.451641 0.0287845 0.00492252 -0.00166373
-0.132957 0.104999 -0.468209 0.0286761 0.00485766 -0.00171969
-0.133739 0.00641197 -0.430444 0.0291802 0.00502517 -0.00176114
-0.134451 0.0580356 -0.440071 0.0285208 0.00499399 -0.00175496
-0.132192 -0.0885908 -0.421133 0.029259 0.00509089 -0.00151674
-0.137732 0.231327 -0.354562 0.0290134 0.00509291 -0.00161103
-0.142469 0.224074 -0.389577 0.0285303 0.00489323 -0.00142049
-0.135144 0.108438 -0.429647 0.0286334 0.00483014 -0.00117619
-0.12385 -0.177756 -0.45601 0.0287667 0.00475621 -0.00097967
-0.135988 -0.165536 -0.422538 0.0288462 0.00465512 -0.001346
-0.129733 0.0660801 -0.453107 0.0287401 0.00461738 -0.001346
-0.136648 -0.0658059 -0.443092 0.0288253 0.00474786 -0.001346
-0.128086 0.129029 -0.471432 0.0290453 0.00463049 -0.00139688
-0.11768 0.0453512 -0.497968 0.0297868 0.00503395 -0.001346
-0.126864 0.258009 -0.430054 0.0288785 0.00470617 -0.001346
-0.125779 0.0535375 -0.444861 0.0291785 0.00503395 -0.001346
-0.130122 0.0847954 -0.41799 0.0294457 0.00510306 -0.00149149
-0.137683 -0.0162319 -0.498079 0.029966 0.00503395 -0.001346
-0.138083 0.00251408 -0.457714 0.0288187 0.00503395 -0.00140186
-0.142318 -0.134244 -0.484435 0.0292617 0.00503395 -0.001346
-0.140353 0.0024102 -0.43056 0.0292331 0.00503395 -0.001346
-0.135077 -0.0905107 -0.487202 0.0296243 0.00503395 -0.001346
-0.135115 0.00574362 -0.546166 0.0293697 0.00503395 -0.00152218
-0.1281 -0.139188 -0.721138 0.0306022 0.00529566 -0.00139644
-0.123233 -0.0162438 -0.799189 0.0315376 0.00536796 -0.00166539
-0.127312 -0.0863609 -0.782225 0.0314972 0.00561638 -0.00166711
-0.142917 0.0574743 -0.618824 0.0306421 0.00618811 -0.00163307
-0.150952 0.188608 -0.148827 0.0288872 0.00655376 -0.0014008
-0.161757 0.326484 -0.055917 0.0270906 0.00774878 -0.00140071
-0.163517 -0.0150836 -0.0958938 0.0269042 0.00835715 -0.00165616
-0.164418 0.19006 0.0127299 0.0260504 0.00833992 -0.00160266
-0.171106 -0.0244978 0.0637149 0.0262139 0.00833507 -0.00161539
-0.168392 0.21198 0.0597883 0.0274463 0.00823509 -0.00152002
-0.174596 0.141599 -0.00350369 0.0280754 0.0083273 -0.00145447
-0.180424 0.0813725 -0.0442181 0.0281818 0.00809472 -0.00138709
-0.175493 0.332106 -0.0430842 0.0284074 0.00809343 -0.0013466
-0.185333 0.174035 -0.00026091 0.0279705 0.00836099 -0.00113399
-0.183748 0.371204 0.0219672 0.0276197 0.00828947 -0.00067756
-0.160274 0.231943 0.00514749 0.0268045 0.00849776 -0.00070984
-0.173254 0.236767 0.0301577 0.0271396 0.00876843 -0.00129186
-0.187 0.228164 0.0894779 0.026644 0.00878932 -0.00178003
-0.210091 0.115832 0.25753 0.0254873 0.00973152 -0.00178003
-0.21926 0.322824 0.255432 0.0271049 0.0101997 -0.00149151
-0.240192 -0.00311544 0.0693227 0.0298555 0.011078 -0.00140983
-0.234104 -0.0943854 -0.27489 0.0315875 0.0114252 -0.00137071
-0.246722 0.0510065 -0.318568 0.0327059 0.0122948 -0.00178003
-0.261721 -0.0935071 -0.34058 0.0331569 0.0124856 -0.00178003
-0.262522 0.151595 -0.253331 0.0326063 0.0125076 -0.00178003
-0.270395 0.0685388 -0.244075 0.0333096 0.0122047 -0.0016679
-0.265362 0.0203338 -0.324309 0.0333785 0.0120687 -0.00151688
-0.272568 0.0378444 -0.38159 0.0340197 0.0125132 -0.00155859
-0.264651 -0.00179153 -0.377933 0.0340884 0.0125484 -0.00163897
-0.247794 -0.0530293 -0.498467 0.0347408 0.0130881 -0.00124084
-0.247343 -0.198513 -0.483811 0.0348569 0.012666 -0.00087656
-0.243593 0.0761322 -0.415851 0.0346311 0.0128142 -0.00088592
-0.233308 -0.166321 -0.411387 0.0343914 0.0125535 -0.00051249
-0.234172 0.11056 -0.338409 0.033953 0.0128741 -0.00057316
-0.220089 -0.0772706 -0.401398 0.0348528 0.0125337 -0.00028323
-0.211988 -0.00832112 -0.353355 0.0341498 0.0123537 -0.00040122
-0.217752 0.154716 -0.349601 0.0342343 0.0123666 -0.00024563
-0.220477 -0.087081 -0.362123 0.0344591 0.0128039 -0.00029843
-0.222016 0.125276 -0.340245 0.0338273 0.0128638 -0.00027575
-0.232085 -0.025946 -0.356865 0.0343802 0.0132734 -0.00021555
-0.237588 0.071746 -0.34483 0.0345146 0.013291 -4.343e-05
-0.233082 0.0606523 -0.358123 0.0346671 0.0134119 3.598e-05
-0.243473 -0.0397587 -0.353161 0.0345335 0.013547 -0.0001011
-0.23859 0.0732949 -0.377064 0.0345028 0.0132199 -0.00026747
-0.237879 -0.0878661 -0.370958 0.0347235 0.0132944 0.00012136
-0.232654 0.0929712 -0.376546 0.0348399 0.013346 -1.19e-06
-0.233622 -0.201019 -0.43648 0.0354584 0.0133198 -1.19e-06
-0.233246 0.0885888 -0.435118 0.0353371 0.0128991 0.00025101
-0.236024 -0.100746 -0.444631 0.0356446 0.013036 0.00026702
-0.233276 0.09801 -0.432697 0.0354953 0.0131033 -1.19e-06
-0.234602 -0.112866 -0.478709 0.0361266 0.0130857 0.00021248
-0.246431 0.142981 -0.449814 0.0351237 0.0128932 0.00018334
-0.244123 -0.111005 -0.496574 0.0356012 0.013331 0.00037599
-0.243385 0.0425047 -0.460315 0.0346118 0.0129641 0.00062085
-0.237608 -0.0947647 -0.473121 0.0348909 0.0130204 0.00080409
-0.247166 -0.0189922 -0.421497 0.0347429 0.0128715 0.00059174
-0.241119 -0.146507 -0.463265 0.0346956 0.0130462 0.00069915
-0.238049 0.041335 -0.461727 0.0344806 0.0128945 0.00034803
-0.247885 -0.180572 -0.529753 0.0345276 0.0131059 0.00031164
-0.230687 0.0162442 -0.528673 0.0341596 0.0128455 0.00042614
-0.245204 -0.133845 -0.5518 0.0345289 0.0131995 0.00078675
-0.239854 -0.00640508 -0.545171 0.0343779 0.0129376 0.00112606
-0.248165 -0.145814 -0.539573 0.0339569 0.0131815 0.00089183
-0.231851 -0.0884053 -0.545616 0.0340148 0.0130185 0.00100907
-0.23632 -0.112742 -0.497211 0.0338552 0.0129331 0.00097701
-0.221461 -0.134919 -0.562199 0.0337992 0.0130529 0.00110725
-0.222089 -0.0922806 -0.528856 0.0336572 0.0130105 0.00095229
-0.222546 -0.185398 -0.57383 0.0340421 0.0131044 0.00100919
-0.217948 -0.132992 -0.550224 0.0340365 0.0124098 0.00110616
-0.207349 -0.224095 -0.649688 0.0351869 0.0118362 0.00090595
-0.197272 -0.0783532 -0.621547 0.0345856 0.0123088 0.00174489
-0.190078 -0.255916 -0.634345 0.0333971 0.0123502 0.00171532
-0.193116 -0.0954313 -0.62292 0.0334996 0.0124347 0.00187841
-0.204096 -0.270096 -0.651086 0.0335984 0.012627 0.00165171
-0.21052 -0.178471 -0.754764 0.0344266 0.0127122 0.00165171
-0.206695 -0.216409 -0.717973 0.0332179 0.0124394 0.00128873
-0.202667 -0.30477 -0.730446 0.0335405 0.012042 0.00090697
-0.198026 -0.212025 -0.719873 0.0334794 0.0115476 0.00062165
-0.187368 -0.431079 -0.790583 0.0338067 0.01227 0.00090878
-0.226734 -0.391393 -0.835298 0.0341257 0.012691 0.00070866
-0.218782 -0.174346 -0.836072 0.0344797 0.0125086 0.00074409
-0.208357 -0.386691 -0.880142 0.034665 0.0124777 0.00081392
-0.213183 -0.238768 -0.859731 0.0346285 0.0126569 0.00085278
-0.209821 -0.357875 -0.90234 0.0345104 0.0125216 0.00079129
-0.220227 -0.331338 -0.87467 0.0349284 0.0128519 0.0006393
-0.220859 -0.130488 -0.849096 0.0338448 0.0128613 0.00052587
-0.217959 -0.45619 -0.861467 0.0343368 0.0128786 0.00061194
-0.209058 -0.495492 -0.810901 0.034237 0.0125055 0.00079129
-0.214717 -0.317904 -0.808205 0.0340388 0.0129907 0.00128328
-0.2119 -0.360339 -0.796694 0.0339282 0.0125616 0.00147909
-0.197725 0.0781173 -0.763254 0.0350369 0.0126183 0.00123835
-0.214639 -0.00613336 -0.705217 0.0345891 0.0121297 0.00127587
-0.201364 -0.36227 -0.793856 0.0341864 0.0119001 0.0015091
-0.178382 -0.572471 -0.823233 0.0328162 0.0123923 0.00183065
-0.173561 -0.564095 -0.827345 0.032344 0.0125697 0.00222866
