-0.00014887 0.200567 0.13921 0.0008934 -0.0005204 0
-0.00559309 0.211957 0.153887 0.00083962 -0.00107759 -0.00016101
0.0167005 0.285726 0.263274 0.00048603 -8.322e-05 0
-0.0168871 0.287894 0.156376 0.00139573 -0.00102552 -0.00055015
-0.0425368 0.254409 0.0732584 0.00077321 -0.001102 -0.00090485
-0.0135289 0.281135 0.208882 0.00090071 -0.00063258 0.00052501
-0.0595276 0.269188 0.132006 0.00045636 -0.00100579 -0.0005023
-0.0761912 0.227027 0.0687494 0.00025808 -0.00183662 -0.00096408
0.00532406 0.256015 0.201534 0.00105438 -0.00057949 -0.0003673
-0.00032649 0.246869 0.134903 0.00130374 -0.00036277 -0.00071358
-0.00198035 0.225053 0.129291 0.00107692 -0.00073688 -0.00058747
0.0114372 0.258992 0.214423 0.00081059 -0.0004995 -0.00040108
-0.0277498 0.276978 0.151943 0.00015838 -0.00080533 -0.00017354
-0.0117436 0.239087 0.140298 0.0005933 -0.00104012 -0.00017354
0.00680137 0.277183 0.202653 0.00046013 -0.00079527 -0.0004068
0.0046797 0.293846 0.182557 0.00052894 -0.00085308 -0.00051406
0.00998212 0.29948 0.184855 0.0016974 -0.00067581 -0.00051759
-0.0509186 0.231746 0.0890454 0.00152764 -0.00123455 -0.0004543
-0.0288634 0.18898 0.155963 0.00034741 -0.00074478 -0.00047121
-0.0306568 0.280504 0.136301 0.00064247 -0.00109343 -0.00044248
-0.0199034 0.248039 0.164317 0.0009603 -0.00135769 -0.00035026
-0.0110704 0.238667 0.180327 -0.00051153 -0.0010658 0.00026655
-0.0313915 0.253474 0.163692 -0.00021545 -0.00208033 0.00088904
-0.0690164 0.220648 0.118521 -0.00077022 -0.0032565 0.00074376
-0.0120968 0.233912 0.241763 -0.00161942 -0.00180262 0.00049376
-0.0228844 0.288896 0.208998 -0.0010094 -0.00233932 0.00037689
-0.0473117 0.243146 0.140559 -0.00069642 -0.00281073 0.00043238
-0.0154442 0.237097 0.223354 -0.0012883 -0.00196466 0.00017919
-0.0390533 0.286806 0.186513 -0.00089033 -0.00149413 -0.00024546
-0.0585122 0.271313 0.151103 -0.00064443 -0.00171258 -0.00063814
-0.0288255 0.268959 0.228421 -0.00120219 -0.0013254 -0.00063814
-0.0971346 0.249694 0.134765 -0.00076266 -0.00161163 -0.00121547
-0.0552565 0.24358 0.221405 -0.00087053 -0.00093271 -0.00126672
-0.0656447 0.271072 0.20976 -7.672e-05 -0.00037379 -0.001427
-0.0854873 0.247819 0.159409 0.00017926 -0.00083314 -0.00168313
-0.068469 0.267868 0.206177 -0.00076862 -0.00016217 -0.00154961
-0.117356 0.22542 0.14512 0.00012994 -0.00060706 -0.00175713
-0.0776062 0.24756 0.234292 -0.00018174 -0.00012386 -0.00194325
-0.125594 0.240173 0.162981 -0.00012865 -0.00061445 -0.00217895
-0.140215 0.2124 0.188058 -0.00095707 -0.00123452 -0.00239341
-0.116029 0.277643 0.273315 6.95e-05 -0.00082964 -0.00194704
-0.13691 0.244097 0.203769 -0.00040868 -0.00144842 -0.00165945
-0.0789932 0.225025 0.25449 -0.00069107 -0.0015825 -0.00107818
-0.0714861 0.286368 0.231767 -0.00030428 -0.00069453 -0.00160634
-0.124175 0.243681 0.167032 8.39e-05 -0.00137486 -0.00173303
-0.0811033 0.238494 0.228797 -0.00077211 -0.00094816 -0.0015325
-0.0872327 0.245179 0.2112 -0.00013198 -0.00032632 -0.00175942
-0.13842 0.205304 0.113248 0.00032232 -0.00143629 -0.00230571
-0.0822785 0.206734 0.217361 -0.00023248 -0.00075627 -0.00175477
-0.0831138 0.26322 0.228019 7.491e-05 -0.00022317 -0.00185243
-0.121582 0.238785 0.142439 0.0004303 -0.00019996 -0.00200123
-0.0840417 0.225202 0.229922 -0.00050557 -0.00014507 -0.00175728
-0.117104 0.267105 0.153249 0.00056773 -0.00032349 -0.00221092
-0.149576 0.198458 0.0884305 0.00042414 -0.00137314 -0.00238838
-0.0926392 0.234996 0.217038 -0.00038519 -0.00023429 -0.0020614
-0.16733 0.222465 0.0806326 0.00072221 -0.00187526 -0.00305138
-0.150246 0.142939 0.0240045 0.00043603 -0.00221087 -0.00273864
-0.0681232 0.208633 0.126818 0.00040911 -0.00043947 -0.00177277
-0.11615 0.220259 0.0955036 0.00094906 -0.00092592 -0.00224896
-0.0887877 0.193648 0.132297 0.00056376 -0.00075991 -0.00190247
-0.102816 0.228826 0.144352 0.0006325 -0.00028235 -0.00212828
-0.103609 0.237068 0.129425 -0.00011645 -0.00034189 -0.001803
-0.088397 0.237266 0.13542 0.00066533 0.00011467 -0.00173943
-0.13495 0.198509 0.0772697 0.00106137 -0.00057236 -0.0021183
-0.089926 0.238984 0.180974 0.00043454 -2.053e-05 -0.0016697
-0.108387 0.217895 0.106874 0.00059941 -0.00055591 -0.00207163
-0.115273 0.185304 0.0623635 0.00089118 -0.00152865 -0.00235983
-0.0628591 0.221184 0.190061 0.00038162 9.235e-05 -0.00186724
-0.0994132 0.241352 0.114931 0.00061836 -0.00013135 -0.00209249
-0.0923065 0.206514 0.122287 0.00028308 -0.00038575 -0.00195211
-0.0679355 0.2641 0.162475 0.00041702 7.454e-05 -0.00182583
-0.0891886 0.252562 0.127425 0.00073214 2.69e-06 -0.00202326
-0.0601069 0.26291 0.190936 -0.00039929 -9.163e-05 -0.00199628
-0.107858 0.227235 0.0726536 0.00091409 -0.00055967 -0.00237374
-0.0835754 0.20358 0.14773 0.00053897 -0.00059146 -0.0018458
-0.0792358 0.246409 0.164173 0.00055815 0.00013907 -0.00172823
-0.0959575 0.227716 0.130091 0.0005555 -5.627e-05 -0.00192133
-0.0592526 0.241227 0.201831 0.00023653 0.00010235 -0.00156943
-0.0769239 0.258477 0.141571 0.00037925 -2.779e-05 -0.00192253
-0.0816698 0.236265 0.141583 0.00053863 -0.00032374 -0.00188471
-0.0786782 0.24912 0.14181 -7.85e-06 9.478e-05 -0.00187094
-0.117377 0.213865 0.0865897 0.00045804 -0.0001176 -0.00193712
-0.0605082 0.244458 0.194279 -0.0001192 0.0001843 -0.00173973
-0.101341 0.234993 0.0950728 0.00051614 -0.00012209 -0.00195919
-0.101403 0.210323 0.12864 5.952e-05 -0.00032403 -0.00197203
-0.0616297 0.255612 0.200988 0.00023657 -4.951e-05 -0.0018724
-0.0616972 0.256739 0.196301 6.698e-05 -7.494e-05 -0.0019683
-0.061436 0.255353 0.187663 0.00043733 0.00017431 -0.00169392
-0.0788567 0.220755 0.106982 0.00089791 -0.00024344 -0.00193582
-0.0525793 0.263098 0.168392 3.962e-05 0.00014645 -0.00180693
-0.0740699 0.216304 0.0892187 0.0001715 -0.00016402 -0.00212612
-0.0218775 0.236091 0.19424 0.00034516 0.00012752 -0.00171005
-0.0468316 0.275179 0.153016 0.00042347 0.00028622 -0.00159575
-0.0368202 0.270665 0.21164 -0.00063916 0.00051852 -0.00179473
-0.0325202 0.268784 0.185876 0.00056035 0.00057592 -0.00190117
-0.076322 0.215745 0.060704 0.00087588 -0.00012461 -0.00236357
-0.0419738 0.206079 0.0900752 0.00064841 0.00043954 -0.00219765
-0.0419439 0.226084 0.0824182 0.00075344 0.00067235 -0.00227372
-0.0675812 0.17973 0.0318442 0.00082469 0.00057019 -0.00213705
-0.0394519 0.231844 0.168179 0.00012195 0.00128677 -0.00173086
-0.0456707 0.258375 0.1232 0.00079707 0.00093987 -0.00173086
-0.0424259 0.219444 0.166814 0.00035142 0.00053972 -0.00173086
-0.0661573 0.236253 0.119146 0.00045398 0.00096361 -0.00191159
-0.110094 0.170264 0.00216292 1.569e-05 0.00012302 -0.0017254
-0.174968 0.134443 -0.146197 0.00437111 -0.0007871 -0.00171072
-0.0678171 0.181534 0.0959342 0.00140998 0.00041163 -0.00137625
-0.0553232 0.261673 0.174617 0.00115329 0.00081965 -0.0021311
-0.116909 0.221216 0.0040933 0.00195045 -0.00016305 -0.00196933
-0.0590004 0.211681 0.152843 8.199e-05 0.00066646 -0.001715
-0.079621 0.248224 0.0942792 0.00023233 0.0002718 -0.00175566
-0.0962281 0.194156 0.0819933 -7.36e-06 0.00017851 -0.001752
-0.0845468 0.242122 0.0915773 -0.00047517 0.00031425 -0.00146389
-0.114217 0.278372 0.033862 0.00054376 -0.00040215 -0.00197633
-0.0755845 0.256628 0.120158 0.00062563 -7.182e-05 -0.00198536
-0.0862943 0.259941 0.107502 0.00063979 0.00015927 -0.00210473
-0.11416 0.208831 0.0497454 0.0007522 -0.00097167 -0.00213682
-0.081483 0.230474 0.152342 0.00039879 -0.00016955 -0.0015762
-0.119394 0.212444 0.0378488 0.00093685 -0.00104922 -0.00169827
-0.0936584 0.187509 0.13094 0.00023565 -0.0002432 -0.0016572
-0.11223 0.230858 0.102582 0.00064329 -0.00020092 -0.00148143
-0.134046 0.207137 0.0819489 0.00055583 -0.00070583 -0.00145826
-0.103492 0.25197 0.158903 0.00063708 4.609e-05 -0.00141004
-0.152327 0.25506 0.0670187 0.00102108 -0.00092574 -0.00167015
-0.126329 0.221878 0.118462 0.00079112 -0.00033689 -0.00151724
-0.0880292 0.265869 0.159372 0.00083247 0.00011438 -0.00178893
-0.147416 0.234237 0.0651543 0.00106265 -0.00072908 -0.00172946
-0.103679 0.212355 0.116965 0.00072232 -0.00049289 -0.00159135
-0.077634 0.24775 0.128393 0.00087283 -1.208e-05 -0.00154091
-0.101118 0.206552 0.0694741 0.00095468 -0.00022226 -0.00171208
-0.0653698 0.244126 0.139182 0.00058543 0.00028777 -0.00148069
-0.101764 0.226096 0.0472821 0.00059455 -0.00035549 -0.00174929
-0.0769206 0.229472 0.0992922 0.00043749 1.706e-05 -0.00160461
-0.079295 0.24577 0.108112 0.00092902 -9.264e-05 -0.00157756
-0.0729874 0.249686 0.132963 0.0006957 0.00016261 -0.00162391
-0.0791503 0.267889 0.105823 0.00082143 0.00109395 -0.00194101
-0.0796315 0.228886 0.10852 0.00089213 -0.00018711 -0.00194101
-0.0603991 0.236767 0.149029 0.00055656 0.00027863 -0.00157407
-0.0978884 0.239774 0.0831569 0.00086681 0.00017742 -0.00187521
-0.0834435 0.211946 0.131882 0.00029648 0.00051704 -0.00180603
-0.104798 0.230125 0.0539497 0.00100996 0.00045686 -0.00191857
-0.116323 0.176148 0.0487923 0.0003831 -0.00010107 -0.0018778
-0.0707964 0.232934 0.0668013 0.00067173 0.00081666 -0.00143375
-0.0925989 0.217555 0.0481903 0.00091378 0.00056899 -0.00149223
-0.0796664 0.261849 0.0526861 0.00028413 0.00060972 -0.00150979
-0.128231 0.210352 0.00022035 -8.583e-05 -0.00010754 -0.00205029
-0.0510404 0.252916 0.131232 0.00044353 0.00040984 -0.00161455
-0.0555456 0.284533 0.116586 0.0003721 0.00055149 -0.00172678
-0.0776484 0.264965 0.0858356 0.00015935 -6.845e-05 -0.0015719
-0.0558508 0.259989 0.135443 0.00107157 0.00011846 -0.00199218
-0.097157 0.170486 -0.0033963 0.00039554 0.00024151 -0.00224406
-0.0547633 0.1929 0.0833492 0.00115357 0.00049656 -0.00194482
-0.0866054 0.224625 0.026581 0.00185958 0.00019659 -0.00214591
-0.0979087 0.152962 0.0258574 0.00063566 3.603e-05 -0.00160485
-0.0736877 0.215559 0.0590876 0.0012556 0.00197869 -0.00178817
-0.114514 0.21312 0.00050648 0.00183536 3.356e-05 -0.00203649
-0.0723172 0.226655 0.13872 0.0001507 0.00029287 -0.00204456
-0.140662 0.219585 0.0060438 0.00178755 -0.00063815 -0.00277847
-0.125217 0.208476 0.0897238 0.00071225 -0.00118675 -0.00224638
-0.119277 0.261629 0.118444 0.00051694 -0.00036209 -0.00183692
-0.158145 0.221773 0.0125627 0.00032879 -0.0010765 -0.00238827
-0.104566 0.212988 0.0920771 0.0007327 -0.00024981 -0.00162097
-0.170331 0.223246 0.0338427 0.00119222 -0.00192716 -0.00211084
-0.143023 0.197599 0.0824874 0.0005365 -0.0011722 -0.00167358
-0.112206 0.242471 0.102587 0.00054006 -0.00037859 -0.00121601
-0.135818 0.204869 0.0405812 0.00077942 -0.00080924 -0.00115611
-0.0840984 0.231027 0.122151 0.00051837 -0.00027579 -0.00100211
-0.126061 0.26585 0.0337129 0.00172499 -0.00036731 -0.00112046
-0.126064 0.227987 0.0830684 0.00038735 -0.00051744 -0.00107121
-0.119742 0.269616 0.0983017 0.00075 -0.00019689 -0.00117102
-0.14273 0.223204 0.0450017 0.00050276 -0.00075353 -0.00159625
-0.0924873 0.254346 0.120216 0.00097066 -0.0001741 -0.00138229
-0.128872 0.258548 0.068978 0.00086752 -0.00048013 -0.00100833
-0.104801 0.273499 0.137746 -0.0006479 -0.00049389 -0.00066389
-0.102693 0.272044 0.129449 0.00073955 -0.00021307 -0.00092192
-0.0924936 0.25424 0.122778 0.00058682 -0.00026031 -0.00081549
-0.0861417 0.264022 0.135049 0.00056229 -0.00035162 -0.00146163
-0.174926 0.207133 0.0132691 -0.00037139 -0.00172677 -0.00253969
-0.10511 0.253413 0.0936838 0.00021458 -0.00058015 -0.00136885
-0.124184 0.276763 0.0791538 0.0001974 -0.00035783 -0.00147019
-0.114474 0.243447 0.0694913 0.00015847 -0.00068413 -0.0012656
-0.084045 0.267121 0.144735 0.00021076 -6.229e-05 -0.00140126
-0.117969 0.257145 0.0960719 -4.69e-06 -0.00012655 -0.00129261
-0.0931475 0.263029 0.139067 -0.00011284 -0.00014589 -0.001125
-0.14054 0.225323 0.0309545 0.00038113 -0.00078345 -0.00179293
-0.0627275 0.250539 0.123914 0.0001977 0.00019838 -0.00113598
-0.127749 0.247124 -0.00551966 0.00118396 -0.00034008 -0.00169641
-0.109909 0.221321 0.0784929 -0.00025993 -0.0005702 -0.00143225
-0.103243 0.26212 0.111253 0.00022973 -0.00025983 -0.00155962
-0.156184 0.193107 0.0140952 4.349e-05 -0.00108921 -0.00216094
-0.1066 0.216176 0.0804304 -5.876e-05 -8.895e-05 -0.0016714
-0.125664 0.271005 0.0558145 0.00026643 -0.00022807 -0.00188434
-0.11892 0.259228 0.0828353 -0.00033077 -0.00020508 -0.00171444
-0.0994655 0.285629 0.132049 -0.00031971 5.948e-05 -0.00153703
-0.119923 0.252635 0.0572644 0.00076497 -0.00052749 -0.00165236
-0.104304 0.241169 0.155316 -0.0002407 -0.00020845 -0.00190559
-0.156327 0.271301 0.0940506 -4.405e-05 -0.00035666 -0.00206519
-0.123782 0.263478 0.149381 -7.256e-05 -3.972e-05 -0.00229847
-0.160894 0.302748 0.0996725 9.45e-06 -0.00044961 -0.0027698
-0.15571 0.261086 0.0820715 0.0001246 -0.00078299 -0.00234618
-0.119427 0.262433 0.180795 -0.00105456 -9.878e-05 -0.00186378
-0.150491 0.272214 0.133741 -0.00096191 -0.00038475 -0.00207054
-0.107515 0.244714 0.174492 -0.00094466 0.00022902 -0.00167321
-0.107625 0.242914 0.194148 -0.00113743 0.00017595 -0.00177981
-0.1172 0.279315 0.110871 -0.00023201 -0.00023853 -0.00198634
-0.0839536 0.233778 0.201573 -0.00064134 -0.00015383 -0.00152413
-0.112947 0.279389 0.0766378 0.00053167 -0.00093361 -0.00223628
-0.121824 0.266946 0.127373 -0.00051451 -0.00096221 -0.00152212
-0.108536 0.282012 0.150962 0.00054481 -0.00038261 -0.0014832
-0.197787 0.225004 0.015173 0.00109704 -0.0014539 -0.00106173
-0.255064 0.149901 -0.0279415 0.00063682 -0.00205847 0.00019798
-0.179465 0.228249 -0.00757888 0.00270504 -0.00134831 0.00058345
-0.208288 0.312042 -0.0391618 0.00249583 -0.00216353 -6.368e-05
-0.144898 0.282972 0.120772 0.00031605 -0.0011116 -6.368e-05
-0.0817332 0.336697 0.279098 0.00133648 -0.00021752 -0.00060134
-0.141773 0.379437 0.183732 0.00022958 -0.00108231 -0.00088717
-0.153253 0.260135 0.102402 0.00023236 -0.00177025 -0.0010598
-0.0993443 0.261957 0.150763 0.00027149 -0.00092715 -0.00071042
-0.138535 0.272009 0.0454052 -0.0001949 -0.00155472 -0.00179338
-0.134835 0.216588 0.0296945 0.00034772 -0.00139267 -0.00138187
-0.111961 0.257925 0.0801442 0.00033942 -0.00091123 -0.00172346
-0.152499 0.21323 0.00737516 0.00036183 -0.00159811 -0.00231049
-0.0786904 0.282484 0.11604 -0.00073665 -3.521e-05 -0.00150845
-0.0935044 0.278792 0.0748912 0.0003743 0.00010962 -0.00181619
-0.116687 0.258033 0.0487286 -0.00028775 -0.00025145 -0.00191177
-0.104512 0.237813 0.0676494 0.0001408 -0.00017734 -0.00164581
-0.10356 0.281289 0.0686761 1.707e-05 0.00047726 -0.00159709
-0.140165 0.201594 0.00367818 -0.00013152 -0.00021203 -0.0021838
-0.0836015 0.249607 0.143905 -0.0007695 0.00107437 -0.00186858
-0.110926 0.265395 0.075084 1.87e-05 0.0004342 -0.00188547
-0.110895 0.248477 0.110007 -0.00070484 0.00059687 -0.00194402
-0.110827 0.252909 0.0794025 -0.00028726 0.00057664 -0.00183212
-0.157895 0.176399 -0.00497638 8.44e-05 -0.00050079 -0.00251446
-0.100477 0.218645 0.0685774 -0.00092585 0.00107384 -0.00188879
-0.127091 0.245745 0.0124734 -0.00010877 0.00064066 -0.00221523
-0.1438 0.221595 0.00435891 -5.633e-05 0.00026242 -0.00211873
-0.126658 0.257381 0.0507651 -0.00105651 0.00097471 -0.00186583
-0.171851 0.207793 -0.00381731 0.0001181 -0.00027352 -0.00214795
-0.108291 0.232308 0.0883262 -0.00109679 0.00092583 -0.00179324
-0.138055 0.232004 0.00132607 -7.07e-06 0.00067495 -0.00221752
-0.126721 0.192391 -0.00532345 -5.331e-05 0.00029275 -0.00212749
-0.110149 0.244103 -0.00175626 -0.0001094 0.00134122 -0.0022487
-0.110795 0.211202 -0.00390862 -0.00058368 0.00036359 -0.00237553
-0.104721 0.23949 0.00799037 -0.00025729 0.00188035 -0.00203381
-0.164712 0.186065 -0.142917 0.00056592 0.00026238 -0.00213144
-0.096887 0.209611 0.0606448 -0.00124413 0.00127572 -0.00198526
-0.11494 0.270315 0.00774314 -0.00019116 0.00147552 -0.00258319
-0.170482 0.182262 -0.0568712 0.00052073 4.269e-05 -0.00283272
-0.11011 0.204995 -0.00647255 -0.00031796 0.00101649 -0.00230372
-0.13734 0.215086 -0.0471819 -6.191e-05 0.00065775 -0.00272083
-0.151031 0.149357 -0.170399 0.00036055 0.00071298 -0.00270545
-0.117418 0.187626 -0.0286959 -0.00047805 0.00199629 -0.00241599
-0.14991 0.175404 -0.130897 0.0002999 0.00081504 -0.0025523
-0.102938 0.208355 -0.014665 -0.00040882 0.00175337 -0.00192967
-0.139352 0.21797 -0.0367186 -3.02e-05 0.00156231 -0.00258312
-0.091229 0.239442 0.0150906 -0.00029995 0.00254136 -0.00234231
-0.124135 0.238721 -0.0482689 0.00094607 0.00144328 -0.00272819
-0.141209 0.17384 -0.0345131 -0.00012616 0.00088846 -0.00239195
-0.0950382 0.213573 -0.00723635 -0.0005547 0.00164943 -0.00212654
-0.142213 0.189647 -0.105226 0.00060956 0.00099097 -0.002732
-0.0967844 0.215608 0.00224537 -0.00050157 0.00139556 -0.00207418
-0.113381 0.236798 0.00806877 -0.00023066 0.00165895 -0.00207516
-0.126394 0.227062 0.00663822 -0.00024313 0.00142968 -0.00161369
-0.132161 0.245247 -0.00050814 -9.341e-05 0.00192456 -0.00205937
-0.135559 0.21891 0.00047716 -0.00018312 0.00097392 -0.00212659
-0.0955207 0.257742 0.0500801 -0.00056318 0.00187735 -0.00172058
-0.0959124 0.246378 0.0317328 -0.00025364 0.00143139 -0.00191898
-0.114553 0.243878 0.0260334 -0.00027524 0.00120417 -0.00209293
-0.131249 0.192622 0.00033884 -6.061e-05 7.094e-05 -0.00216411
-0.0957579 0.246944 0.0606281 -0.00094977 0.0014434 -0.00178843
-0.12911 0.2563 0.00717169 -0.00011974 0.00062029 -0.00181813
-0.106931 0.240246 0.0572975 -0.00080034 0.00110918 -0.00131398
-0.116611 0.260866 0.0154785 -0.00023444 0.00090808 -0.00141769
-0.0988004 0.264719 0.051852 -0.00053258 0.00076889 -0.00123634
-0.1246 0.226398 0.0229158 -0.00054112 0.00063481 -0.00138562
-0.180782 0.168495 -0.0200282 -0.00026478 -7.496e-05 -0.00166185
-0.130087 0.155623 -0.00805077 -0.00060117 0.00046971 -0.00121214
-0.137581 0.244943 -0.00179112 -0.00044273 0.00029608 -0.00161743
-0.107832 0.254486 0.0445961 -0.00120357 0.00031757 -0.00122832
-0.090806 0.264698 0.0318706 -0.00092063 0.00095912 -0.00134015
-0.115641 0.273556 0.00682769 -0.001122 0.00027572 -0.00132331
-0.0639202 0.284732 0.0526025 -0.00093505 0.00131502 -0.00134169
-0.108225 0.272961 -0.00135962 -0.00025187 0.00186319 -0.00166441
-0.0924307 0.210438 0.00236345 -0.00019893 0.00146728 -0.00145969
-0.0717262 0.240195 0.0106718 -0.00030168 0.00131272 -0.00156088
-0.107223 0.198272 -0.0117561 -0.00037747 0.00108605 -0.0017867
-0.0615072 0.229505 0.0851317 -0.00159451 0.00147944 -0.00149032
-0.0644111 0.25841 0.0417228 -0.00070683 0.0015263 -0.00176471
-0.0882804 0.22694 0.0260641 -0.0002957 0.00155799 -0.0015918
-0.0822414 0.234392 0.0401786 -0.00096252 0.00138064 -0.00149464
-0.128025 0.210758 -0.0116333 -0.0002821 0.00092507 -0.00199088
-0.103038 0.231649 0.00405236 -0.00080061 0.00099493 -0.00176675
-0.0879921 0.236203 0.0107301 -0.0003855 0.00126976 -0.00171141
-0.133606 0.242194 -0.00775417 -0.00087656 0.00046394 -0.00217405
-0.10075 0.253665 0.0330453 -0.00117327 0.00092793 -0.00160191
-0.0771673 0.284995 0.105865 -0.00090949 0.00177647 -0.00103943
-0.0944445 0.284836 0.0829693 -0.00080872 0.00205537 -0.00106912
-0.0761431 0.267162 0.109337 -0.00130481 0.00177341 -0.00117555
-0.100644 0.268911 0.0422222 -0.00034567 0.00124187 -0.00141489
-0.100429 0.247594 0.0576455 -0.00090922 0.00099638 -0.00106191
-0.063575 0.265646 0.122277 -0.00144414 0.00165779 -0.00138275
-0.111537 0.267917 0.034958 -0.00144389 0.00107969 -0.00162856
-0.0897784 0.207736 0.0649877 -0.00133727 0.00116799 -0.00108539
-0.0588403 0.261622 0.0568957 -0.00084569 0.00149231 -0.00090647
-0.123983 0.181648 -0.094622 0.00034165 0.00083658 -0.00201864
-0.11255 0.123537 -0.141479 0.00084078 0.00097541 -0.00205807
-0.048731 0.200119 -0.0105408 -0.00048638 0.00165003 -0.00082581
-0.0533016 0.217795 -0.0260833 0.00033699 0.00194682 -0.00134841
-0.10204 0.185139 -0.0815923 0.00058129 0.00096095 -0.0015868
-0.0687852 0.181463 -0.00685734 5.776e-05 0.00158789 -0.00123436
-0.0790871 0.198166 -0.0214736 4.528e-05 0.00153915 -0.00140312
-0.066726 0.202536 -0.0149195 8.78e-06 0.00235243 -0.0012294
-0.0528737 0.236433 0.00169909 1.436e-05 0.00174535 -0.00132669
-0.0758382 0.231786 -0.0105512 -0.00063337 0.00089891 -0.00111242
-0.0204529 0.244182 0.0518317 -5.708e-05 0.00110321 -0.00126723
-0.0511636 0.254702 0.0141353 -3.58e-05 0.0012397 -0.00169815
-0.112461 0.158695 -0.102429 4.668e-05 0.00080032 -0.00214833
-0.0588615 0.150521 -0.0281975 0.00040017 0.00089137 -0.00156146
-0.0200139 0.227912 0.0142286 0.00031912 0.00158965 -0.00146244
-0.101661 0.203113 -0.130597 0.00135466 0.00053647 -0.0019664
-0.099217 0.128196 -0.145772 0.00031359 0.00076103 -0.00190143
-0.0207807 0.22615 -0.0013403 -0.00040082 0.00164121 -0.00121422
-0.0269247 0.20534 -0.0452899 0.00073419 0.00169346 -0.00213705
-0.0332333 0.171686 -0.0344908 -6.913e-05 0.00148682 -0.00205788
-0.0123469 0.213136 -0.00175656 0.00039265 0.00206155 -0.00193808
-0.0684439 0.16964 -0.134156 0.00156714 0.00120507 -0.00232814
-0.038041 0.152901 -0.029921 0.00055096 0.00183552 -0.00150507
-0.0432096 0.209487 -0.0240489 0.00069603 0.0021042 -0.00150507
-0.0645972 0.166007 -0.0317365 0.0003554 0.00142308 -0.00165071
-0.0401478 0.195151 -0.0049085 -0.00034609 0.00167782 -0.00150507
-0.0584644 0.245952 -0.0725877 0.00097674 0.00174766 -0.00189539
-0.0442911 0.205765 -0.039798 0.00057351 0.00147633 -0.00132099
-0.0582901 0.211923 -0.0732248 0.00055835 0.00193336 -0.00179362
-0.0585237 0.164854 -0.0715058 0.00059998 0.00160108 -0.00179362
-0.0403331 0.191886 -0.0201608 0.00022848 0.00238402 -0.00140806
-0.0710333 0.187688 -0.0875059 0.0009262 0.00189702 -0.00163589
-0.0466489 0.187609 -0.0239354 0.00020196 0.00203462 -0.0014923
-0.0860616 0.160858 -0.170149 0.00178351 0.00132802 -0.00188905
-0.0621574 0.17472 -0.0737548 0.00103821 0.001601 -0.00117244
-0.0780636 0.199433 -0.0411754 0.00078359 0.00154177 -0.00110148
-0.115382 0.181558 -0.0610464 0.00081107 0.00140676 -0.00091116
-0.098374 0.206698 -0.0167728 0.00019576 0.00186128 -0.00062807
-0.139512 0.177865 -0.0985877 0.00089594 0.0006196 -0.00103689
-0.114632 0.16601 -0.0850632 0.00129449 0.00108696 -0.00090514
-0.108177 0.220254 -0.124536 0.00195484 0.00130954 -0.00126127
-0.10866 0.163866 -0.145706 0.00125397 0.00075669 -0.00126127
-0.0607734 0.179611 -0.0251961 0.00030611 0.00150386 -0.0006403
-0.0847852 0.18658 -0.094096 0.00150085 0.00122653 -0.00126127
-0.0701271 0.19766 -0.0307157 0.00026962 0.00158163 -0.0007298
-0.116975 0.165036 -0.160438 0.00172602 0.00068607 -0.00115934
-0.0796653 0.156614 -0.0270012 -5.074e-05 0.00131651 -0.00087179
-0.114448 0.212457 -0.0795574 -0.0010502 0.00067854 -0.00106509
-0.119679 0.170486 -0.121435 8.827e-05 0.00045815 -0.00096569
-0.0575396 0.249316 -0.0212686 -0.00020316 0.00124871 -0.00080349
-0.0571794 0.260328 -0.0285601 0.0001172 0.00124608 -0.00038838
-0.05735 0.247526 -0.0518775 0.0007395 0.0013478 -0.00061944
-0.0764368 0.190281 -0.0505239 -0.00048457 0.00079354 -0.00086146
-0.0503247 0.204357 -0.0162992 -4.388e-05 0.00135328 -0.00028484
-0.0758322 0.214436 -0.0121713 0.00028976 0.00119547 -0.00039167
-0.0626914 0.203506 -0.0338687 -0.00015463 0.0015173 -0.00047458
-0.0841274 0.173323 -0.0960216 0.00082775 0.00100623 -0.00048984
-0.0542412 0.229846 -0.0104569 4.196e-05 0.00146875 -0.00040229
-0.102039 0.254707 -0.105964 0.00156923 0.00085742 -0.00056865
-0.061379 0.229442 -0.00657456 -5.45e-05 0.00117013 -0.00054711
-0.0980595 0.200987 -0.0704022 0.00073868 0.00072865 -0.00102333
-0.0516606 0.173051 -0.00617203 -0.00037745 0.00090843 -0.00046648
-0.0549574 0.190726 -0.0413205 0.00097577 0.00112172 -0.00140676
-0.109418 0.108085 -0.145246 0.00147748 0.00019148 -0.00153106
-0.138995 0.138976 -0.216968 0.00223815 -0.00128137 -0.00071647
-0.123325 0.0628395 -0.134579 0.0022821 -0.0010355 -0.00109405
-0.133396 0.104586 -0.101306 0.00168262 -0.00122665 -0.00118005
-0.115178 0.0925258 -0.0568811 0.0009738 -0.00085433 -0.00115314
-0.115175 0.132775 -0.0730154 0.00125323 -0.00068078 -0.00130283
-0.125513 0.13749 -0.0626821 6.994e-05 -0.00099669 -0.00122804
-0.0824177 0.211692 -0.00713415 -0.0002316 -2.104e-05 -0.00069283
-0.132337 0.206833 -0.0992167 0.00014435 -0.00105514 -0.00110532
-0.132336 0.174389 -0.0468732 -5.591e-05 -0.00107145 -0.00106342
-0.120529 0.212677 -0.0467004 -0.0001007 -0.00049882 -0.00096063
-0.173346 0.157972 -0.168362 0.00035145 -0.00192929 -0.00170273
-0.0829138 0.183425 -0.0185287 -0.00041733 -0.0006649 -0.00052399
-0.0881615 0.229314 -0.0213693 0.00021313 -0.00064893 -0.00078383
-0.0721419 0.221082 -0.0134652 -0.00088048 -0.00042563 -0.0010758
-0.0977665 0.190746 -0.0236901 0.00010478 -0.00016429 -0.00095012
-0.0883165 0.179517 0.0003335 -7.336e-05 -0.00052646 -0.00083002
-0.0979965 0.206644 -0.00893949 5.641e-05 -0.00030693 -0.00118375
-0.0693697 0.215054 0.00283912 -0.00022773 -0.00011234 -0.00094989
-0.100338 0.204509 -0.0159933 0.00023771 -0.00039175 -0.00117535
-0.0991602 0.210706 0.00604308 -6.454e-05 -0.00063815 -0.00089149
-0.075489 0.244991 0.0237114 -0.00041621 0.00022431 -0.0008823
-0.112547 0.223183 -0.0127055 -0.00044905 -0.00022653 -0.00076046
-0.0616532 0.231633 0.0185402 -0.00030875 6.591e-05 -0.00043401
-0.0829688 0.24577 -0.0026314 3.64e-05 -0.00028569 -0.0010681
-0.0957608 0.201598 -0.00810293 -0.00040983 -0.00032965 -0.00113017
-0.0521049 0.217968 0.0101945 -0.00016176 0.00014144 -0.00031382
-0.101136 0.189031 -0.0773484 0.00053567 -0.00065983 -0.00104153
-0.101377 0.158938 -0.0712187 0.00032432 -0.00073556 -0.00131778
-0.0507227 0.230839 0.00820829 -9.717e-05 0.00024359 -0.00049432
-0.104637 0.206801 -0.00115103 1.717e-05 0.00016388 -0.00090957
-0.102316 0.189559 -0.00744893 -0.00026598 -0.00052682 -0.00059307
-0.0451709 0.221287 0.041199 -0.00069233 0.0003434 -0.00072375
-0.0972104 0.232342 -0.0216952 0.00016185 -0.00015797 -0.00093348
-0.0625073 0.221905 0.028218 -0.00031064 0.00045865 -0.00093348
-0.0563114 0.262571 0.0406351 -0.00020243 0.00044447 -0.00093348
-0.0738377 0.241343 0.00644282 -0.00011896 -0.00027448 -0.00093348
-0.0487543 0.224724 0.0638147 -0.00085066 0.00018291 -0.00050225
-0.0619896 0.296362 0.0315961 -0.00060823 -0.00033877 -0.00031393
-0.0526034 0.240405 0.0393118 -0.00055926 -0.00075087 -0.00051081
-0.0267732 0.233195 0.080187 -0.00049897 -0.00058125 0.00064612
-0.0429502 0.269484 0.0411928 -0.00042907 -0.00115689 -0.00043421
-0.070583 0.264638 0.0891429 -0.00167091 -0.00118661 -0.00011608
-0.0335587 0.277571 0.117649 -0.00157623 -0.00087617 -0.00015163
-0.108656 0.258868 0.00622527 -0.00041621 -0.00089391 -0.00050862
-0.110523 0.190789 -0.00200493 -0.00019934 -0.00177572 -0.0007143
-0.0836505 0.22938 0.0424559 -0.00058358 -0.00104158 -0.0005208
-0.142583 0.19837 -0.0184811 -0.00013028 -0.00241383 -0.00097547
-0.134814 0.170792 0.00622212 -0.00030011 -0.0012685 -0.00089345
-0.153887 0.231753 -0.0115334 -7.183e-05 -0.00196202 -0.00101976
-0.143738 0.234687 0.0149627 -0.00047356 -0.00152933 -0.00084615
-0.137592 0.275321 0.0059171 -0.00020027 -0.0004841 -0.00096248
-0.14339 0.243627 0.0229553 -0.00073554 -0.00076956 -0.00084022
-0.119518 0.24655 0.0122909 -0.00043314 -0.0006666 -0.00084022
-0.15132 0.201711 -0.00529887 -0.00042857 -0.00132565 -0.00092802
-0.105747 0.217006 0.0229023 -0.00027041 -0.00061485 -0.00089505
-0.151623 0.208861 -0.0140196 -4.302e-05 -0.00208984 -0.00108755
-0.102146 0.20391 0.0482683 -0.00098014 -0.00090833 -0.00065128
-0.128316 0.222185 0.0123291 2.518e-05 -0.00161378 -0.00111994
-0.0890017 0.241886 0.042843 -0.0005898 -0.0003185 -0.00059342
-0.126175 0.26434 0.00485971 0.00032544 -0.00031625 -0.00107038
-0.0983491 0.225697 0.0378743 -0.00049217 -1.538e-05 -0.00080826
-0.137442 0.256435 -0.00223772 2.519e-05 -5.337e-05 -0.00121455
-0.13379 0.205119 0.00331689 -8.304e-05 -0.00031075 -0.00085534
-0.137 0.245081 -0.0190868 0.00105627 6.752e-05 -0.00078312
-0.146061 0.172948 -0.00757088 -0.00023271 -0.0002402 -0.00069589
-0.1171 0.234325 0.00554395 9.51e-05 0.0007654 -0.00046604
-0.176146 0.173654 -0.047387 0.00087753 -0.0002498 -0.0003919
-0.140017 0.220621 -0.00359142 0.00080743 4.012e-05 -0.00041742
-0.206997 0.169682 -0.096106 0.00063953 -0.00036252 -0.00089954
-0.169793 0.204303 -0.0215292 0.00070719 0.00029452 -0.00029217
-0.194191 0.203976 -0.0688419 0.00087712 -5.047e-05 -0.00022677
-0.197343 0.178904 -0.0331196 -0.00050602 -0.00017497 -0.00055347
-0.188428 0.158088 -0.0259593 -0.00029373 0.00010665 -0.00042944
-0.177545 0.226922 -0.0656746 0.00125601 0.00054448 -0.00030357
-0.240057 0.156785 -0.17759 0.00092758 -0.00070056 -0.00068707
-0.184703 0.211476 -0.104553 0.00171675 0.00041391 -0.00036761
-0.259719 0.149124 -0.133077 -0.00038131 -0.00064159 -0.00098634
-0.199886 0.158407 -0.0330026 0.00012328 -0.0003167 -0.0003036
-0.216052 0.197447 -0.0485327 0.00100167 -0.00015574 -0.00031986
-0.196873 0.167634 -0.0094895 -0.0001537 -0.00040118 -0.00036329
-0.186712 0.248884 0.0287418 -0.00067726 0.0006551 -0.00074201
-0.24033 0.226125 -0.0279745 8.735e-05 -0.00029611 -0.00110779
-0.189884 0.229801 0.00205963 0.00020447 0.0003281 -0.00069302
-0.246313 0.225283 -0.129078 0.00128643 -0.00032926 -0.00098194
-0.228548 0.198974 -0.187316 0.00193909 0.00037751 -0.00101442
-0.268652 0.147667 -0.325313 0.00433095 0.00045008 -0.00132768
-0.266013 0.142767 -0.20222 0.00298473 -0.00013039 -0.00135915
-0.285545 0.162884 -0.24655 0.00286768 -0.00015847 -0.00201032
-0.31856 0.111066 -0.270268 0.00308645 -0.00118897 -0.00217714
-0.277056 0.17815 -0.190986 0.00299475 -0.00014555 -0.00189835
-0.326015 0.136508 -0.29093 0.00234248 -0.00135982 -0.00224543
-0.245022 0.16172 -0.133545 0.00154691 0.00027017 -0.00123259
-0.295111 0.185712 -0.250351 0.00246023 -0.0007028 -0.00140094
-0.259568 0.156175 -0.194358 0.00232147 -0.0004491 -0.00096493
-0.244261 0.177883 -0.208967 0.00231186 -0.00047111 -0.00131219
-0.273559 0.14201 -0.229645 0.0001852 -0.00156799 -0.00156982
-0.204605 0.20351 -0.00679531 -0.00096197 -0.0001973 -0.00076193
-0.253548 0.215376 -0.0513192 -0.00043048 -0.00106705 -0.00075312
-0.231372 0.190169 -0.0741298 0.00015357 -0.00146921 -0.00082808
-0.173201 0.250646 -0.00294937 0.00031102 -0.00035933 -0.00089658
-0.232523 0.225758 -0.0829876 0.00106169 -0.00137575 -0.00149081
-0.223214 0.170875 -0.0280473 -0.00051298 -0.00136123 -0.00121645
-0.206357 0.260818 -0.00801472 -0.00023294 -0.00094801 -0.00122239
-0.244489 0.188651 -0.118358 0.00051653 -0.00193604 -0.00174186
-0.198066 0.172038 -0.0156008 -0.00010072 -0.00062934 -0.00101108
-0.208722 0.214696 -0.0467333 0.00028023 -0.00076313 -0.00130093
-0.260901 0.203855 -0.0816369 0.00077206 -0.00225461 -0.00152223
-0.200247 0.214701 -0.00089981 0.00011788 -0.00077174 -0.00096824
-0.249782 0.207866 -0.117951 0.00182132 -0.0018863 -0.00177516
-0.2318 0.182148 -0.0571337 0.00097872 -0.00140242 -0.00140447
-0.243011 0.216774 -0.0181456 -0.00012404 -0.00082667 -0.00115156
-0.296607 0.150126 -0.176984 0.00078112 -0.00245681 -0.00160067
-0.232312 0.164901 -0.0404042 0.00040839 -0.00138283 -0.00102349
-0.27003 0.1925 -0.0620262 0.0004916 -0.00194345 -0.00146287
-0.308138 0.158217 -0.168177 0.00146629 -0.00331351 -0.00195712
-0.238148 0.195022 -0.0120102 -7.37e-05 -0.00180373 -0.00101915
-0.250542 0.242021 -0.113377 0.00170114 -0.00212482 -0.00155738
-0.296306 0.142663 -0.168036 0.00156907 -0.00373703 -0.00225213
-0.226268 0.185503 -0.0347113 0.00013314 -0.00207864 -0.00115006
-0.225855 0.215581 -0.0198994 0.00014128 -0.00141201 -0.00120103
-0.294117 0.168488 -0.160373 0.00044952 -0.00320849 -0.00227609
-0.304306 0.134222 -0.178916 0.00135595 -0.00381605 -0.00248124
-0.225999 0.197223 -0.0102755 2.561e-05 -0.00125263 -0.0012223
-0.293241 0.174091 -0.127856 0.00175922 -0.00283289 -0.00203179
-0.299975 0.153046 -0.177135 0.00177926 -0.00342729 -0.00221065
-0.218156 0.210982 -0.0148103 0.00043454 -0.00153901 -0.00127647
-0.224575 0.23739 -0.0829057 0.00177488 -0.00171973 -0.0013263
-0.219637 0.202519 -0.0360263 0.00043509 -0.00192685 -0.00131511
-0.17783 0.234482 -0.0284391 0.00112784 -0.00160038 -0.0008927
-0.232708 0.226696 -0.0518023 -6.473e-05 -0.00188423 -0.00172168
-0.215071 0.208507 -0.037995 -0.00025221 -0.00143373 -0.00114378
-0.201383 0.244579 -0.0419301 0.00077138 -0.0012783 -0.00082158
-0.218059 0.199915 -0.0700394 0.00090139 -0.00191387 -0.00108323
-0.238945 0.210605 -0.0766607 -0.00066823 -0.00184024 -0.00140599
-0.207972 0.161176 -0.0502607 0.00059075 -0.00132001 -0.00107412
-0.211019 0.201227 -0.0578737 0.0009519 -0.00121609 -0.00099194
-0.206353 0.186167 -0.0546939 0.00095437 -0.00138922 -0.00093754
-0.205803 0.202189 -0.0169173 0.00013518 -0.00064801 -0.00101145
-0.232069 0.186094 -0.0946487 0.00155649 -0.00164089 -0.00120484
-0.18766 0.227518 -0.0111737 0.00031918 -0.00061464 -0.00103838
-0.255913 0.196625 -0.13547 0.00149029 -0.00189505 -0.00155724
-0.214434 0.176437 -0.0185313 0.00010582 -0.00098561 -0.00130385
-0.202062 0.202141 -0.0197377 0.00074988 -0.00060026 -0.00151352
-0.280302 0.164401 -0.283107 0.00456329 -0.00207451 -0.00249149
-0.260123 0.109248 -0.185994 0.00434022 -0.00162248 -0.00197713
-0.249542 0.198094 -0.220525 0.00364958 -0.00113046 -0.00129885
-0.29446 0.152269 -0.333871 0.00166711 -0.00230129 -0.00109271
-0.23046 0.159019 -0.245767 0.00031491 -0.00119017 -0.00037863
-0.258156 0.20245 -0.229432 9.002e-05 -0.00103225 -0.00081746
-0.271958 0.18038 -0.195139 0.00016812 -0.00208161 -0.00110821
-0.254212 0.198331 -0.150006 0.00062801 -0.00147253 -0.00105609
-0.294924 0.215829 -0.232824 0.00138623 -0.00231211 -0.00112878
-0.244293 0.201307 -0.083181 9.556e-05 -0.00202549 -0.00093054
-0.260263 0.216499 -0.0982716 0.00070286 -0.00209867 -0.00155525
-0.247797 0.205254 -0.0320992 -0.0007201 -0.0017195 -0.00126363
-0.247221 0.202085 -0.0439661 -0.00050412 -0.00122303 -0.00136102
-0.279282 0.168322 -0.0825763 -0.00043784 -0.00237059 -0.00142712
-0.234243 0.193335 -0.0422344 0.0002803 -0.00173394 -0.00101198
-0.28223 0.175603 -0.132752 -0.0005337 -0.00264062 -0.00193953
-0.272777 0.136919 -0.169422 1.982e-05 -0.00261543 -0.00180678
-0.242837 0.194185 -0.117629 0.00023273 -0.00145384 -0.00129865
-0.253791 0.209174 -0.147139 0.0009891 -0.00197955 -0.00163649
-0.220649 0.232795 -0.0910914 0.00083372 -0.00170971 -0.0009985
-0.288683 0.183683 -0.196234 0.0001671 -0.00307673 -0.00220891
-0.264866 0.140557 -0.145281 0.00063551 -0.00259186 -0.00178329
-0.23912 0.183587 -0.104436 0.00092589 -0.00166051 -0.00137674
-0.255536 0.171356 -0.125599 0.00092589 -0.00268071 -0.00158916
-0.222965 0.200176 -0.0492043 0.00040999 -0.00149468 -0.00122013
-0.283595 0.174084 -0.182677 0.00161974 -0.00254603 -0.00183893
-0.237077 0.194089 -0.0774472 0.00063818 -0.00169655 -0.00120987
-0.271876 0.209224 -0.176059 0.0011788 -0.0020633 -0.00160933
-0.27826 0.16818 -0.124656 0.00108081 -0.00281858 -0.00151773
-0.243111 0.232368 -0.0563915 -0.00048853 -0.00126718 -0.00137659
-0.253233 0.188922 -0.118928 0.00107013 -0.00206777 -0.00123151
-0.24341 0.206997 -0.0945962 0.00089597 -0.00205507 -0.00134049
-0.302381 0.175303 -0.221862 0.00181483 -0.00320063 -0.00201342
-0.22448 0.194124 -0.0831218 0.00134785 -0.00161028 -0.00125735
-0.246005 0.201996 -0.130077 0.00150977 -0.0020392 -0.00138622
-0.244219 0.178888 -0.106742 0.00108075 -0.00186333 -0.0011844
-0.272666 0.172271 -0.164566 0.00124118 -0.0022858 -0.00160907
-0.228428 0.204419 -0.0766255 0.0008598 -0.00145141 -0.00127406
-0.28438 0.154376 -0.228269 0.00162231 -0.00256726 -0.00199482
-0.202434 0.179264 -0.0783913 0.00046484 -0.0011691 -0.00100233
-0.240785 0.224183 -0.150652 0.00157667 -0.00111526 -0.00121201
-0.22261 0.20098 -0.0918114 0.00084623 -0.00141717 -0.00112521
-0.228245 0.196656 -0.110363 0.00044213 -0.00099952 -0.00113966
-0.241957 0.147652 -0.0858789 -0.00077928 -0.00138765 -0.00127727
-0.207934 0.211053 -0.0112034 5.999e-05 -0.00043585 -0.00087967
-0.243003 0.201142 -0.0806702 0.00075203 -0.00116591 -0.00088034
-0.207459 0.217935 -0.0478413 0.00048344 -0.00097512 -0.00094766
-0.240591 0.231596 -0.161627 0.00181341 -0.00153589 -0.00117697
-0.207185 0.195507 -0.0957932 0.00105875 -0.00133099 -0.00085677
-0.269148 0.189622 -0.195066 0.00145312 -0.0028418 -0.00168255
-0.221576 0.173531 -0.0781897 0.00036274 -0.00173549 -0.00113231
-0.232119 0.178699 -0.097895 0.00097463 -0.00137127 -0.00131493
-0.223775 0.198711 -0.158821 0.00139434 -0.00201012 -0.00114724
-0.214635 0.19474 -0.116726 0.00084141 -0.00143389 -0.00114811
-0.241678 0.168962 -0.152511 0.000722 -0.00178843 -0.00116529
-0.198403 0.201567 -0.0997128 0.00106755 -0.00134433 -0.00049821
-0.2323 0.196244 -0.191116 0.00077403 -0.00146293 -0.00087788
-0.208942 0.186007 -0.0836524 -3.506e-05 -0.0015505 -0.00063755
-0.224977 0.209267 -0.149652 0.00079791 -0.00133849 -0.00045087
-0.21563 0.173156 -0.0922711 -2.18e-06 -0.00172155 -0.00033658
-0.216136 0.20299 -0.107431 0.00065038 -0.00130666 -0.00058973
-0.211158 0.203376 -0.0793598 0.00022192 -0.00107744 -0.00058973
-0.237325 0.178181 -0.133489 -6.209e-05 -0.001245 -0.00070832
-0.231005 0.164288 -0.114347 0.00017912 -0.00188848 -0.000695
-0.218243 0.212636 -0.145939 0.00064414 -0.00092108 -0.00082055
-0.246105 0.170074 -0.172716 0.00035901 -0.00202098 -0.00110126
-0.218124 0.197673 -0.135117 0.00030442 -0.00138624 -0.00092431
-0.232733 0.19532 -0.14437 0.00059606 -0.00152059 -0.00082069
-0.220967 0.204855 -0.0826438 -3.236e-05 -0.00147895 -0.00082069
-0.25921 0.225712 -0.19575 0.00103182 -0.00167929 -0.00102671
-0.211919 0.189135 -0.0677295 0.00066698 -0.00145755 -0.00074309
-0.231605 0.239266 -0.123271 0.00103808 -0.00149877 -0.00060334
-0.200201 0.214339 -0.0113726 -0.00063773 -0.00085422 -0.00026722
-0.25288 0.198615 -0.139577 0.0006179 -0.00239245 -0.00091839
-0.266514 0.12997 -0.151021 -0.00084911 -0.00329813 -0.00138093
-0.211824 0.220991 -0.0400467 -0.00075297 -0.00094763 -0.00053816
-0.279114 0.178667 -0.18654 0.00081686 -0.00249757 -0.00133975
-0.336462 0.0693761 -0.368046 0.00082542 -0.00502654 -0.0015684
-0.24917 0.113002 -0.227796 0.00109381 -0.00236728 -0.00066441
-0.292763 0.140301 -0.310537 -0.00156311 -0.00332584 -0.00191317
-0.317277 0.0921932 -0.505689 -8.093e-05 -0.00535463 -0.00202664
-0.248762 0.155633 -0.266767 -0.00040245 -0.00250939 -0.00076193
-0.284961 0.159799 -0.299712 -0.00137394 -0.0031762 -0.0011334
-0.346705 0.0989914 -0.51218 -0.00057762 -0.00651494 -0.00232488
-0.303659 0.105194 -0.405465 0.00017377 -0.00428886 -0.00118543
-0.241241 0.162212 -0.298263 -4.064e-05 -0.0031252 -0.00061196
-0.278791 0.165191 -0.320099 0.00092329 -0.00386379 -0.00105949
-0.237077 0.172483 -0.178519 -0.00061722 -0.0028075 -0.00025002
-0.239733 0.212133 -0.195162 -5.664e-05 -0.00296567 -0.0005164
-0.253896 0.205433 -0.149116 -0.00085267 -0.00334471 -9.584e-05
-0.2195 0.201154 -0.0921464 -0.00102164 -0.0028526 -0.00022664
-0.273969 0.164314 -0.241427 -0.00104619 -0.00364691 -0.00089052
-0.332462 0.084546 -0.415212 -0.00014368 -0.00659257 -0.00215657
-0.320594 0.0716064 -0.426105 -0.00066112 -0.00800754 -0.00154116
-0.28975 0.147893 -0.346938 0.00057366 -0.0045074 -0.00129385
-0.333808 0.126288 -0.410256 -0.00046298 -0.00718499 -0.00205992
-0.297369 0.118661 -0.290425 -0.00115636 -0.00499537 -0.00126598
-0.28238 0.164578 -0.293057 0.00033885 -0.00397653 -0.00095394
-0.326415 0.121654 -0.38399 0.00103648 -0.00568156 -0.00187607
-0.253654 0.168213 -0.20027 -0.00044469 -0.00378795 -0.00069982
