0 0.0756085 0.0520687 0.00103354 0 0
0.0144106 0.161829 0.0657544 0.00108912 -0.00010349 9.015e-05
0.0119451 0.0444974 0.0846365 0.00115958 -0.00032933 9.626e-05
0.00600919 0.171766 0.0834074 0.00159745 -0.00020967 0
0.00606264 0.150192 0.0996704 0.00149271 0 0
0.00639861 0.0476114 0.0712789 0.00147478 -0.00028954 0
1e-08 0.202651 0.0409696 0.00055376 0 0
6.711e-05 0.0665576 0.0578453 -0.0013863 -0.00042904 0
8.657e-05 0.0170783 0.0217379 -0.00112413 -0.00062312 0
8.943e-05 0.0598879 0.0569184 -0.00186405 -0.00046258 0
0 0.0170989 0.0112862 -0.00030057 0 0
-9.337e-05 0.00419885 -0.00324621 0.00017279 -0.00017705 -9.227e-05
0 0.159471 -0.0100714 0.00036643 0 0
0 0.0621189 0.00110343 -0.00013634 0 0
0 0.171376 -0.0019408 0.00017279 0 0
2.259e-05 0.0799717 0.00296415 0.00017279 -0.0001683 0
2.101e-05 0.101644 -0.00374527 0.00017279 -0.00017711 0
-5.31e-05 0.11921 0.00508244 0.00017279 -0.00021301 -6.454e-05
-0.0117123 0.00388084 -0.00533928 5.927e-05 -0.00047033 0
-0.00913219 0.122762 -0.00268877 0.00022406 -0.0004331 0
-0.0116432 0.0659889 -0.00206472 0.00029872 -0.00048631 0
-0.0170039 0.00473187 -0.00559461 2.687e-05 -0.00055465 0
-0.0140457 0.112333 0.0108317 0.00017279 -0.00055051 0
-0.0168676 0.0463221 0.00847706 0.00017279 -0.0005776 9.242e-05
-0.0169944 0.0648823 -0.00234626 1.466e-05 -0.00057916 0
-0.0120829 0.143562 0.0108251 0.00017279 -0.00050641 0
-0.0169988 0.0492498 0.00067572 1.844e-05 -0.00065605 0
-0.0148242 0.145325 0.0108299 0.00017279 -0.00055935 0.00010091
-0.0168815 0.0091756 0.00629783 1.252e-05 -0.00064795 9.229e-05
-0.0120434 0.121712 -0.00275185 0.00017279 -0.00064506 0
-0.0169797 0.00815643 0.00164967 -6.128e-05 -0.00069174 0
-0.0169661 0.0764071 -0.00847686 0.00022489 -0.00091287 0
-0.0200337 0.0501433 0.00065426 0.00017279 -0.00091794 0
-0.0278719 0.0541672 -0.023173 0.00057089 -0.00107017 0.00017298
-0.0330865 0.0603119 -0.033308 0.0010602 -0.00129234 6.832e-05
-0.0305295 0.0197718 -0.0288433 0.00046595 -0.0013636 0.00010631
-0.0311386 0.0974196 -0.0104071 0.00035372 -0.00116445 0
-0.0331605 0.0486899 -0.0427515 0.00058653 -0.0015609 6.31e-05
-0.0287635 0.129248 -0.0420885 0.00067891 -0.00133733 0
-0.0396463 0.00715538 -0.0491355 0.00060769 -0.00170458 0.0002036
-0.0324364 0.0750026 -0.0430918 0.00068075 -0.00161201 0
-0.0324236 0.00435379 -0.0301585 0.00074425 -0.00153459 0
-0.0324218 0.0629682 -0.0445651 0.00112793 -0.00178712 0
-0.0462801 0.00949656 -0.0267815 0.00069121 -0.00197135 0.00032101
-0.0446351 0.0443062 -0.0448595 0.00111407 -0.00196131 0.00035111
-0.0416461 0.0607493 -0.0271284 0.00099549 -0.00184812 0.00025
-0.039724 0.0259015 -0.0482093 0.00109649 -0.00179662 0.00035111
-0.0426917 0.114747 -0.0323203 0.00121837 -0.00180064 0.00030702
-0.0420937 0.0135061 -0.0512541 0.00107709 -0.00205432 0.00035111
-0.0450127 0.104312 -0.0515968 0.00146837 -0.00191401 0.00034005
-0.0442312 0.0193072 -0.0391416 0.00097591 -0.00196022 0.00022925
-0.0444783 0.048844 -0.0607685 0.00146837 -0.00201704 0.00031132
-0.0438556 0.0248811 -0.00285104 0.00079519 -0.00189098 0.00022436
-0.0470787 0.0112447 -0.0569253 0.00167203 -0.00218778 0.00016357
-0.0481977 0.0691882 -0.0492238 0.00186746 -0.00197112 0.00017227
-0.0559227 0.0163272 -0.0353442 0.00190942 -0.0024392 5.533e-05
-0.0456121 0.106643 0.0156665 0.00142888 -0.00203959 -0.00010738
-0.0566233 0.0368587 -0.0575889 0.00166353 -0.00262757 0.00012078
-0.0546308 0.13204 -0.0641805 0.0023551 -0.00273198 -8.75e-05
-0.0593213 0.0170354 -0.0844535 0.0021049 -0.00279118 0.00014064
-0.055149 0.0935975 -0.0924882 0.00257221 -0.00278332 0.00010569
-0.0581951 0.0126904 -0.119745 0.0035201 -0.00233308 0.00014771
-0.0569024 0.0653632 -0.101297 0.00306407 -0.00278779 0.00010598
-0.0591934 0.0451714 -0.0968578 0.00316088 -0.00274814 9.682e-05
-0.0601921 0.0300478 -0.113408 0.0030954 -0.00292618 0
-0.0596505 0.0956456 -0.0905722 0.00374223 -0.00275015 0
-0.0609135 0.00726579 -0.0722612 0.00293514 -0.00283806 -0.00052052
-0.0539079 0.089771 -0.122827 0.00387002 -0.00275859 -0.00025972
-0.0514404 0.0765813 -0.0907263 0.00375847 -0.0027789 -0.00029653
-0.0511337 0.0686111 -0.12169 0.00383264 -0.00292367 -0.00047934
-0.0550193 0.131163 -0.101994 0.00405214 -0.00259228 -0.00051076
-0.0632634 0.0330295 -0.115882 0.00411733 -0.00233308 -0.00072303
-0.0604278 0.108551 -0.0970827 0.00397313 -0.00308758 -0.00074807
-0.0601837 0.0367144 -0.0763184 0.00375847 -0.00279533 -0.00061451
-0.055981 0.0722044 -0.0965263 0.00399217 -0.00302742 -0.00061451
-0.0582944 0.0856753 -0.0894717 0.00398876 -0.00296234 -0.00061451
-0.0630815 0.0725198 -0.153088 0.00511532 -0.00253252 -0.00061451
-0.0599513 0.149654 -0.103144 0.0046709 -0.00263195 -0.00083645
-0.0608576 0.0361841 -0.114257 0.0047436 -0.00264969 -0.00080608
-0.054312 0.127764 -0.130299 0.00511399 -0.00253623 -0.00087783
-0.0569548 0.0916123 -0.114258 0.00501546 -0.00257512 -0.00061451
-0.0593224 0.126932 -0.143298 0.00476546 -0.00279961 -0.00070296
-0.0624503 0.0637618 -0.126577 0.00452085 -0.00284308 -0.00061451
-0.0571098 0.157998 -0.133352 0.00467584 -0.00275191 -0.00053924
-0.0624735 0.0599055 -0.108428 0.00398235 -0.00286631 -0.00043485
-0.0607107 0.0838318 -0.124776 0.00419017 -0.00289535 -0.00061451
-0.0612733 0.0735269 -0.0971443 0.00401248 -0.00281922 -0.00045568
-0.064016 0.0296397 -0.114802 0.00388689 -0.00281898 -0.00038039
-0.0644255 0.118912 -0.104681 0.00410744 -0.00295555 -0.00054864
-0.0710569 0.0407157 -0.112626 0.00391872 -0.00301687 -0.0005426
-0.0696336 0.132 -0.119568 0.00419831 -0.00322565 -0.00054436
-0.060189 0.0490937 -0.125632 0.00423727 -0.00305137 -0.00056384
-0.0628624 0.153453 -0.131587 0.00442555 -0.00314718 -0.00061451
-0.0660355 0.0237037 -0.14436 0.00416191 -0.00319115 -0.00050971
-0.0665182 0.129105 -0.137451 0.00425124 -0.00327392 -0.0005183
-0.0664203 0.0304413 -0.125294 0.00361295 -0.00282981 -0.00039293
-0.0647896 0.0716461 -0.135597 0.00386295 -0.00283309 -0.00041588
-0.0689393 0.0563051 -0.120684 0.00425295 -0.00281985 -0.0003639
-0.0696236 0.0528084 -0.137941 0.00409799 -0.00313376 -0.00047205
-0.0670617 0.0952896 -0.12634 0.00441688 -0.00304479 -0.00061451
-0.0768954 0.0353263 -0.0799091 0.00446115 -0.00247983 -0.00043286
-0.0687701 0.134027 -0.0177458 0.00358976 -0.00244685 -0.00061451
-0.0646835 0.0371092 -0.141528 0.00381691 -0.00281398 -0.00042332
-0.0622812 0.109265 -0.140391 0.0039762 -0.00268666 -0.00033611
-0.0662239 0.0245792 -0.0909921 0.00343493 -0.00253686 -0.00033253
-0.065567 0.0750531 -0.095703 0.00318922 -0.00262029 -0.00037685
-0.0625615 0.0642014 -0.0927823 0.00365065 -0.00277476 -0.0004044
-0.069355 0.0156342 -0.110648 0.00411869 -0.00310393 -0.00048775
-0.0569685 0.0992725 -0.113611 0.00425247 -0.00318886 -0.00044963
-0.0590077 0.0336288 -0.124794 0.00425247 -0.00303523 -0.00047581
-0.0610644 0.0902688 -0.114184 0.00429237 -0.00295116 -0.00036503
-0.0650358 0.0127155 -0.0970057 0.00363863 -0.00336103 -0.00027474
-0.0608208 0.132388 -0.121722 0.0045145 -0.00308046 -0.00017389
-0.0600492 0.0425225 -0.124133 0.00434049 -0.00319339 -0.00033311
-0.0586934 0.113315 -0.145911 0.00450106 -0.00337592 -0.00036057
-0.0612013 0.0650813 -0.136952 0.00439559 -0.00301091 -4.968e-05
-0.0598105 0.0588303 -0.129492 0.00424145 -0.003039 -4.792e-05
-0.064433 0.0670288 -0.103991 0.00424492 -0.00320961 8.836e-05
-0.0609273 0.0271933 -0.108499 0.00407 -0.00324588 -0.00024397
-0.0719357 0.0770473 -0.105733 0.00460774 -0.00280757 0.00011611
-0.0681977 0.0269728 -0.119619 0.00424492 -0.00312511 -0.00023085
-0.0743235 0.112949 -0.120728 0.00465909 -0.00294452 -8.813e-05
-0.0787403 0.00082375 -0.0651995 0.00316372 -0.00331086 -0.0002634
-0.0686279 0.152444 -0.122437 0.00489376 -0.00313813 -0.00053678
-0.0750816 0.0445661 -0.120519 0.00488217 -0.00316042 -0.00054692
-0.0732334 0.143298 -0.132967 0.00520213 -0.00322421 -0.00053568
-0.0753918 0.0674156 -0.117005 0.00483434 -0.00308121 -0.00051488
-0.0782087 0.0679654 -0.132121 0.00499931 -0.00316282 -0.00050198
-0.0791614 0.0922651 -0.107329 0.00482298 -0.00327575 -0.00052538
-0.0808225 0.0245145 -0.119893 0.00446915 -0.00339226 -0.00047598
-0.0863747 0.124526 -0.093496 0.00409504 -0.00316866 -0.00103713
-0.0954011 0.0208773 -0.101059 0.00371613 -0.0031984 -0.00071546
-0.0887726 0.139921 -0.123172 0.00422417 -0.00332082 -0.00102341
-0.0996442 0.0178472 -0.142586 0.00409179 -0.00339407 -0.00068016
-0.099625 0.0544209 -0.133814 0.00293044 -0.00363345 -0.00093642
-0.101344 0.0917731 -0.0822566 0.0030809 -0.00333886 -0.00099372
-0.100211 0.0403321 -0.10802 0.0030881 -0.00352264 -0.00090136
-0.103347 0.136482 -0.147695 0.0042736 -0.0035689 -0.00103485
-0.105977 0.0865852 -0.116809 0.0038521 -0.00350141 -0.00095058
-0.106669 0.0712652 -0.1194 0.00336819 -0.00362403 -0.00071457
-0.104674 0.0701681 -0.0961746 0.003265 -0.00351872 -0.00078988
-0.107502 0.0318632 -0.1213 0.00368544 -0.00371252 -0.00080028
-0.106924 0.109846 -0.103417 0.00374264 -0.00364629 -0.00083728
-0.112659 0.0248483 -0.129922 0.00383318 -0.00385881 -0.00074672
-0.111641 0.13471 -0.135208 0.00424278 -0.00369771 -0.00100976
-0.11295 0.0235598 -0.135454 0.00392476 -0.00355597 -0.0008821
-0.106529 0.154409 -0.150528 0.00452591 -0.0038061 -0.00103826
-0.114659 0.0611272 -0.133755 0.00477177 -0.00357206 -0.00083833
-0.111396 0.139963 -0.152772 0.00531209 -0.00377594 -0.00116651
-0.114175 0.0895935 -0.152618 0.00531209 -0.00394334 -0.00094543
-0.120786 0.0563269 -0.155089 0.00524947 -0.00393651 -0.00125698
-0.112595 0.094836 -0.126973 0.00516373 -0.00393051 -0.00102319
-0.107588 0.0335294 -0.160622 0.00563068 -0.00363593 -0.001079
-0.118875 0.111056 -0.150577 0.00574625 -0.00415997 -0.00134482
-0.124281 0.0435865 -0.148281 0.0057053 -0.00424102 -0.00127992
-0.122165 0.167366 -0.187998 0.00714507 -0.00402237 -0.00154984
-0.122112 0.088614 -0.168332 0.00672207 -0.00385699 -0.00155962
-0.115545 0.137946 -0.194047 0.00742309 -0.00416074 -0.00107637
-0.119232 0.108563 -0.152945 0.00688807 -0.00383162 -0.00092585
-0.11445 0.165916 -0.205358 0.00804893 -0.00403298 -0.00096438
-0.124835 0.0480045 -0.0799103 0.00457505 -0.00435814 -0.00106486
-0.117066 0.171702 -0.223504 0.00856988 -0.00423014 -0.00108125
-0.12107 0.119625 -0.171394 0.00777667 -0.00403633 -0.00127397
-0.122465 0.0326543 -0.0942528 0.00510802 -0.00438023 -0.00137334
-0.120056 0.172568 -0.178278 0.00811883 -0.00412639 -0.00168602
-0.121866 0.0604558 -0.156298 0.0072749 -0.0045849 -0.00142806
-0.119023 0.20552 -0.217639 0.00949599 -0.00442125 -0.00188524
-0.126783 0.133331 -0.203093 0.00923793 -0.00377895 -0.00210584
-0.1315 0.15487 -0.103728 0.00645539 -0.00441893 -0.0020975
-0.130107 0.165674 -0.218072 0.00999037 -0.00389409 -0.00200977
-0.123744 0.218304 -0.242107 0.010399 -0.00383553 -0.00211286
-0.122152 0.211095 -0.22869 0.0107541 -0.00466408 -0.00161981
-0.136142 0.137052 -0.224674 0.0103422 -0.00417154 -0.00196499
-0.135179 0.251817 -0.205875 0.0111724 -0.00379424 -0.00205272
-0.127568 0.13939 -0.165282 0.00977971 -0.00282406 -0.00207399
-0.125461 0.269944 -0.185257 0.011273 -0.00373472 -0.00206747
-0.12525 0.192176 -0.21382 0.0120459 -0.00354397 -0.00216858
-0.120693 0.173369 -0.244671 0.0108134 -0.00347525 -0.00231214
-0.120042 0.328459 -0.231637 0.0107469 -0.00338666 -0.00266634
-0.109064 0.245661 -0.189727 0.0113455 -0.00291313 -0.00254629
-0.110971 0.264818 -0.203495 0.0112389 -0.00308173 -0.00184253
-0.107529 0.318456 -0.2763 0.0122161 -0.00311782 -0.00171942
-0.109838 0.183566 -0.251678 0.0116185 -0.00305961 -0.00171942
-0.110738 0.235869 -0.360183 0.0135071 -0.00265058 -0.00146942
-0.115128 0.214318 -0.255988 0.0119684 -0.00336955 -0.00171942
-0.122221 0.165006 -0.284056 0.0118748 -0.0036876 -0.00150988
-0.122887 0.289352 -0.273243 0.0126149 -0.00347282 -0.00171942
-0.127643 0.182634 -0.265909 0.0130612 -0.00335001 -0.00171942
-0.127106 0.329693 -0.317623 0.0145873 -0.00350311 -0.00171942
-0.128774 0.196478 -0.2934 0.0137651 -0.00350952 -0.00171942
-0.130223 0.342903 -0.321238 0.0144748 -0.00309166 -0.00206692
-0.137085 0.261562 -0.306666 0.0143358 -0.00309166 -0.00222726
-0.143542 0.296293 -0.347028 0.0145677 -0.00309166 -0.00258357
-0.146433 0.317877 -0.379731 0.0142592 -0.00351785 -0.00274188
-0.169405 0.182538 -0.475573 0.015968 -0.00349836 -0.00318384
-0.170153 0.573099 -0.608043 0.0367101 -0.00706872 -0.00207286
-0.139479 0.897502 -0.514478 0.0612108 -0.00657209 -0.00129545
-0.132384 0.835228 -0.504826 0.0585539 -0.00561377 -0.00092373
-0.12731 0.958689 -0.58216 0.0585482 -0.00573127 -0.00114506
-0.126998 0.853794 -0.57989 0.0591145 -0.00532786 -0.00121708
-0.118769 0.944082 -0.548894 0.0571228 -0.00540934 -0.00099071
-0.119124 0.960658 -0.516314 0.0570443 -0.00549685 -0.001171
-0.132435 0.8659 -0.5159 0.0568737 -0.0055019 -0.00112577
-0.12428 0.971936 -0.515928 0.0569154 -0.00575272 -0.00117013
-0.133044 0.865108 -0.502291 0.0566078 -0.00577708 -0.00117095
-0.132607 0.902477 -0.513587 0.0564721 -0.00612544 -0.00123006
-0.130088 0.931138 -0.494523 0.0561961 -0.00631237 -0.00131089
-0.137511 0.834586 -0.493884 0.0558144 -0.00635893 -0.00127071
-0.149646 0.882548 -0.44829 0.0537568 -0.00499018 -0.00099132
-0.136896 0.904815 -0.458523 0.0556097 -0.00586149 -0.00100552
-0.13942 0.867139 -0.502436 0.0546207 -0.00669319 -0.0011111
-0.145745 0.96948 -0.465535 0.0548743 -0.00680618 -0.00136202
-0.155607 0.846389 -0.390937 0.0538852 -0.00563245 -0.00115369
-0.141472 0.882618 -0.018942 0.0538751 -0.00541826 -0.00208099
-0.1796 1.07892 0.101059 0.0493447 -0.0048663 -0.00200519
-0.211458 1.07404 0.0256105 0.0420511 -0.00604196 -0.00158209
-0.205491 1.05781 0.0385356 0.0401195 -0.00493235 -0.00150446
-0.211809 0.956348 0.0198493 0.0403033 -0.00499055 -0.00135393
-0.216124 0.915585 0.00077066 0.0407664 -0.0052841 -0.00101892
-0.218806 0.860623 -0.0611883 0.0415782 -0.00507735 -0.0012391
-0.223939 0.82666 -0.060196 0.0417833 -0.0049454 -0.00144918
-0.224618 0.882353 -0.0794078 0.0425636 -0.00501351 -0.00154261
-0.227437 0.93568 -0.049671 0.0432786 -0.00515237 -0.00155003
-0.217224 0.99668 -0.0425705 0.0441807 -0.00494396 -0.00158351
-0.218498 0.985946 -0.0542825 0.0448183 -0.0042596 -0.00146756
-0.21534 1.07732 -0.037782 0.044487 -0.00449712 -0.00129756
-0.216915 1.05683 -0.0592386 0.0449198 -0.00430389 -0.00145908
-0.217521 1.09679 -0.0811479 0.0447566 -0.00448493 -0.00154542
-0.22342 1.00328 -0.0609125 0.0446928 -0.00453249 -0.00145387
-0.234083 0.919973 -0.00838351 0.0426022 -0.00487775 -0.00129756
-0.221489 1.02554 -0.104886 0.04624 -0.00385866 -0.00135333
-0.229009 0.883329 -0.0657611 0.0451059 -0.0040431 -0.00173643
-0.238333 0.991881 -0.0822698 0.0451168 -0.0040431 -0.00176755
-0.251894 0.927877 -0.0522886 0.0454779 -0.00412992 -0.00172376
-0.247049 0.991347 -0.0975871 0.0461051 -0.0040431 -0.002185
-0.250626 0.980881 -0.0777608 0.0456917 -0.0040431 -0.00183844
-0.252358 1.02247 -0.147984 0.0458835 -0.00434227 -0.00199502
-0.251292 1.05692 -0.115216 0.0459819 -0.00417299 -0.00209549
-0.255072 0.99689 -0.140476 0.0458462 -0.00421677 -0.00211869
-0.25731 1.07155 -0.129361 0.0464374 -0.004432 -0.00187102
-0.263481 0.917065 -0.097273 0.045332 -0.00462708 -0.00219089
-0.258653 0.974838 -0.138743 0.0460651 -0.00552285 -0.00187102
-0.265986 0.967734 -0.1243 0.0461207 -0.00263708 -0.00212346
-0.266367 0.922769 -0.143557 0.0468587 -0.00445033 -0.00231405
-0.268504 1.0562 -0.129115 0.0469902 -0.00480704 -0.00231405
-0.27131 0.93881 -0.114508 0.0463477 -0.00471997 -0.00239113
-0.261425 1.05266 -0.113711 0.0463134 -0.00374408 -0.00215923
-0.262334 0.939616 -0.136972 0.0463436 -0.00408827 -0.00246187
-0.256225 0.941107 -0.360723 0.0482803 -0.00450447 -0.00212005
-0.232868 0.879606 -0.0732691 0.0438672 -0.00514135 -0.00232777
-0.232002 1.07361 0.0697784 0.0416808 -0.0057163 -0.00200899
-0.25247 1.04234 0.115672 0.0419853 -0.00555027 -0.00249996
-0.259984 1.06573 0.117687 0.0425269 -0.00488446 -0.00219749
-0.26253 1.18951 0.16122 0.042169 -0.00520812 -0.00239186
-0.26541 1.07466 0.19871 0.0410888 -0.0050532 -0.00206608
-0.263943 1.26384 0.20797 0.0420757 -0.00517858 -0.00248966
-0.265726 1.14291 0.253151 0.0418691 -0.00490297 -0.00193116
-0.264159 1.24906 0.24711 0.0424415 -0.00536366 -0.00236564
-0.254267 1.12382 0.284717 0.0416286 -0.0057171 -0.00256173
-0.263306 1.20173 0.208196 0.0427869 -0.00527079 -0.0025671
-0.259434 1.21692 0.246523 0.0429949 -0.00535677 -0.00271312
-0.262586 1.08269 0.234365 0.0425904 -0.00531041 -0.00262327
-0.25983 1.24083 0.260651 0.0427599 -0.00511961 -0.00253135
-0.257568 1.16681 0.281709 0.044212 -0.00439561 -0.00261199
-0.258546 1.24692 0.327117 0.04243 -0.0047572 -0.00268605
-0.255851 1.27203 0.368208 0.0426499 -0.00491033 -0.00237887
-0.261773 1.1873 0.389529 0.0409729 -0.00549989 -0.00235719
-0.251386 1.32314 0.368516 0.0424181 -0.00502644 -0.00264415
-0.260298 1.25323 0.374808 0.0423312 -0.00466684 -0.00250223
-0.250653 1.31449 0.388351 0.0427788 -0.00429149 -0.00290686
-0.244017 1.24253 0.374205 0.0430682 -0.00430891 -0.00269933
-0.253797 1.3248 0.388496 0.0436045 -0.00425542 -0.00283192
-0.247264 1.15964 0.407429 0.0428091 -0.0042466 -0.00256957
-0.247107 1.30656 0.373481 0.0438416 -0.00382797 -0.00255872
-0.262665 1.16567 0.442595 0.0430565 -0.00429388 -0.00261242
-0.26287 1.28849 0.408019 0.0434469 -0.0044636 -0.00272752
-0.261281 1.22548 0.486092 0.0421639 -0.00396348 -0.00268046
-0.254772 1.29672 0.405153 0.0439431 -0.0041666 -0.00295631
-0.252001 1.35561 0.400072 0.0449391 -0.00342985 -0.00278453
-0.257906 1.20806 0.492473 0.0429549 -0.00401242 -0.0030785
-0.25474 1.37698 0.479195 0.0428565 -0.00369185 -0.0032425
-0.259843 1.2501 0.526348 0.0424411 -0.00375241 -0.00309461
-0.257848 1.36918 0.510714 0.0428565 -0.00399904 -0.00280384
-0.267975 1.23957 0.511239 0.0433672 -0.00372988 -0.00295314
-0.27075 1.32974 0.474708 0.043992 -0.00368955 -0.00314846
-0.296361 1.16943 0.614642 0.0413146 -0.00254981 -0.00311132
-0.287837 1.32328 0.515518 0.0449001 -0.00340852 -0.00332163
-0.295339 1.2916 0.552377 0.0448504 -0.00351933 -0.00363386
-0.294025 1.33053 0.537772 0.0452591 -0.00377954 -0.00342239
-0.291127 1.37629 0.571556 0.0454732 -0.00375235 -0.00384249
-0.289782 1.31809 0.554035 0.0454689 -0.00388903 -0.00330325
-0.289412 1.42449 0.560492 0.0458166 -0.00397857 -0.00360579
-0.295459 1.31333 0.636058 0.0446486 -0.0040485 -0.0036929
-0.267744 1.35425 0.570317 0.0396503 -0.00418052 -0.00287968
-0.254135 1.22889 0.736464 0.0371424 -0.00367553 -0.00285609
-0.252633 1.33837 0.766251 0.0384341 -0.00427283 -0.00243318
-0.264131 1.35076 0.858819 0.0375933 -0.00306262 -0.00325355
-0.267351 1.34254 0.758926 0.0409193 -0.00476655 -0.00291102
-0.269294 1.4516 0.743831 0.0420428 -0.00437912 -0.00308484
-0.279833 1.3705 0.765454 0.0419032 -0.0044395 -0.00317061
-0.271513 1.50244 0.72451 0.0430883 -0.00404959 -0.00317061
-0.282642 1.37015 0.755229 0.0420081 -0.00443855 -0.00317061
-0.273526 1.40549 0.855442 0.0398352 -0.00461981 -0.00361583
-0.286237 1.54524 0.838644 0.039775 -0.00434282 -0.00331889
-0.293739 1.45017 0.759873 0.041229 -0.00392955 -0.00359181
-0.293195 1.35212 0.788618 0.0405297 -0.00405529 -0.0034264
-0.316446 1.42318 0.855264 0.0386771 -0.00229369 -0.00370416
-0.308871 1.35618 0.779138 0.0421764 -0.00355538 -0.0041735
-0.313577 1.41248 0.752427 0.0423053 -0.00431325 -0.00405792
-0.3106 1.45923 0.769261 0.0429216 -0.0036128 -0.00384673
-0.309813 1.33775 0.778786 0.0419814 -0.00365693 -0.00398406
-0.312461 1.48132 0.726383 0.0429687 -0.00394468 -0.00395025
-0.318693 1.37367 0.719903 0.0425757 -0.00369334 -0.00396914
-0.306466 1.51378 0.709774 0.0432036 -0.0038286 -0.00401745
-0.310628 1.36396 0.707795 0.0426178 -0.00378679 -0.00392293
-0.316854 1.46361 0.705897 0.0430091 -0.00393055 -0.00388016
-0.310614 1.37553 0.751439 0.0427523 -0.00394483 -0.00345416
-0.313862 1.42162 0.733843 0.0427886 -0.00407007 -0.00370416
-0.313915 1.42209 0.785328 0.0429163 -0.00407054 -0.00345416
-0.326839 1.38459 0.737359 0.0433071 -0.0038621 -0.0039364
-0.324829 1.49606 0.736693 0.0439705 -0.00332431 -0.00345416
-0.298283 1.38554 0.791863 0.0414327 -0.00341026 -0.00380311
-0.302762 1.50912 0.780507 0.0408908 -0.00421935 -0.00341397
-0.305792 1.30086 0.584988 0.0406515 -0.00360598 -0.00314943
-0.301157 1.34207 0.422337 0.041573 -0.00320752 -0.00302199
-0.299709 1.25025 0.538107 0.041573 -0.00355817 -0.00261176
-0.296794 1.30004 0.51239 0.0423793 -0.0034804 -0.00261176
-0.304565 1.30765 0.60544 0.0415429 -0.00401273 -0.00261176
-0.299074 1.23999 0.583859 0.0411041 -0.00373375 -0.00261176
-0.306453 1.40726 0.585986 0.042623 -0.00386241 -0.00261176
-0.320532 1.31065 0.624563 0.0425269 -0.00356477 -0.00320328
-0.317077 1.38543 0.634588 0.0427168 -0.00354072 -0.00345066
-0.32016 1.31683 0.715449 0.0404011 -0.00246974 -0.00328282
-0.300069 1.33666 0.577655 0.0417979 -0.00359771 -0.00316221
-0.250367 1.32831 0.577248 0.0416018 -0.0025972 -0.00363425
-0.253051 1.18449 0.597884 0.0426807 -0.00337986 -0.00380873
-0.283871 1.14063 0.271623 0.0392112 -0.00308874 -0.00302004
-0.277895 1.08494 0.339129 0.0367995 -0.00326016 -0.00212705
-0.273202 1.03712 0.401344 0.0358555 -0.00328786 -0.00212705
-0.266362 1.00297 0.407486 0.0350969 -0.00291165 -0.00199897
-0.267081 1.04303 0.414303 0.0350969 -0.00287943 -0.00211046
-0.259995 0.926885 0.420724 0.0346441 -0.00255502 -0.00198572
-0.25684 1.13281 0.41215 0.0357386 -0.00232376 -0.00246579
-0.264186 1.01226 0.415659 0.035938 -0.00232188 -0.00236188
-0.256742 1.17744 0.399621 0.0368851 -0.00224909 -0.00236188
-0.272806 1.17495 0.380004 0.0373849 -0.00187398 -0.00281959
-0.270442 1.07133 0.373045 0.0368427 -0.00171942 -0.00271422
-0.263564 1.20639 0.397532 0.0373555 -0.00145061 -0.00257068
-0.269457 1.03686 0.419252 0.0369669 -0.00128863 -0.00263736
-0.265642 1.11025 0.380001 0.037563 -0.00131315 -0.00278159
-0.272998 1.06661 0.405364 0.0374955 -0.00088994 -0.00280105
-0.275306 1.03145 0.391842 0.0369845 -0.00093923 -0.00300541
-0.273721 1.11386 0.395317 0.0378868 -0.00123234 -0.00296898
-0.280031 1.01847 0.4157 0.0377375 -0.00094015 -0.0029376
-0.277533 1.16589 0.438634 0.0374107 -0.00060829 -0.00314896
-0.277147 1.04241 0.433579 0.0373781 -0.00126455 -0.00279074
-0.273401 1.18925 0.409361 0.03759 -0.00104957 -0.00311342
-0.282913 1.11654 0.429601 0.03759 -0.00070769 -0.00324163
-0.285133 1.14221 0.413684 0.03759 -0.00084769 -0.0034926
-0.282808 1.17208 0.444212 0.0383014 -0.00094324 -0.0034926
-0.300962 1.05304 0.4462 0.0375184 -0.00049999 -0.00316709
-0.285992 1.18391 0.445159 0.0381388 -0.00082692 -0.00324944
-0.306035 1.018 0.600393 0.0342476 0.0003695 -0.00373797
-0.288031 1.19504 0.46625 0.0385103 -0.00076895 -0.00366156
-0.296867 1.14689 0.49169 0.0385386 -0.00095874 -0.00355158
-0.298032 1.14102 0.474702 0.0381167 -0.00093627 -0.00368829
-0.29919 1.18333 0.484203 0.038809 -0.00087707 -0.00372457
-0.313605 1.09334 0.485269 0.0366331 -0.00050433 -0.00359957
-0.318934 1.19156 0.466969 0.0383195 -0.00103937 -0.00364675
-0.323391 1.10252 0.454734 0.0381479 -0.0012072 -0.00366168
-0.316529 1.21996 0.450945 0.0389688 -0.00109194 -0.00372417
-0.326811 1.06621 0.465644 0.0388509 -0.00084028 -0.00348511
-0.321861 1.21822 0.472821 0.0390453 -0.00115873 -0.00364679
-0.327357 1.08223 0.501798 0.0386075 -0.00080855 -0.00368401
-0.329985 1.19488 0.411919 0.0407264 -0.00041697 -0.00348511
-0.335324 1.17595 0.506049 0.0391464 -0.00135363 -0.00374384
-0.328403 1.16912 0.482384 0.0386728 -0.00155858 -0.00371139
-0.329359 1.23305 0.497789 0.0391028 -0.00198951 -0.00378988
-0.329836 1.09241 0.499967 0.0382031 -0.00173718 -0.00357751
-0.332562 1.20052 0.51959 0.0373107 -0.00213682 -0.00396018
-0.310782 1.21127 0.586626 0.0366562 -0.00320387 -0.00321212
-0.318002 1.12603 0.577246 0.0359279 -0.00252516 -0.00373089
-0.318903 1.23063 0.54533 0.0366845 -0.00271541 -0.00346842
-0.3255 1.31051 0.566788 0.0369471 -0.00303305 -0.00361206
-0.325009 1.1698 0.552319 0.0360987 -0.00282418 -0.00348376
-0.316501 1.38651 0.544829 0.0371174 -0.00317636 -0.00339114
-0.315876 1.28324 0.602736 0.0376064 -0.00305695 -0.00349511
-0.316067 1.20785 0.574232 0.0371236 -0.00281105 -0.00352476
-0.314708 1.37129 0.536635 0.0386553 -0.00250401 -0.00358677
-0.325166 1.26717 0.594588 0.0378486 -0.00267771 -0.00382857
-0.323397 1.19765 0.588645 0.0373701 -0.0024451 -0.00374763
-0.319405 1.30386 0.582514 0.0374913 -0.00243865 -0.00369417
-0.325412 1.28483 0.506291 0.0397672 -0.00162574 -0.0033085
-0.325921 1.15637 0.672272 0.0338727 -0.00118506 -0.00374707
-0.315824 1.32699 0.581169 0.0372195 -0.00259301 -0.0037149
-0.318915 1.27175 0.643047 0.0350089 -0.00129259 -0.00393533
-0.325629 1.20948 0.583991 0.0364496 -0.00218593 -0.00411311
-0.321539 1.36194 0.556972 0.0366147 -0.0022344 -0.00377438
-0.32173 1.20607 0.590635 0.0354389 -0.00230478 -0.00355461
-0.318384 1.26003 0.582671 0.0335245 -0.00191983 -0.00355461
-0.299277 1.33122 0.576874 0.0347136 -0.00280085 -0.00314778
-0.295364 1.09074 0.612022 0.0333551 -0.00278422 -0.00297049
-0.297288 1.23974 0.620268 0.0323964 -0.00218085 -0.00282359
-0.296871 1.31689 0.58922 0.0347366 -0.00311597 -0.00304854
-0.30229 1.14694 0.611502 0.033828 -0.00309871 -0.00294055
-0.293816 1.32768 0.573091 0.0346111 -0.00312597 -0.00306974
-0.303512 1.19817 0.60514 0.0342494 -0.00315705 -0.00321171
-0.294955 1.19501 0.606963 0.0335952 -0.00364627 -0.00277743
-0.300257 1.22978 0.620511 0.0344749 -0.00370834 -0.00296938
-0.308863 1.11373 0.602814 0.0344588 -0.00322063 -0.00312441
-0.305257 1.25923 0.590014 0.0351119 -0.00338091 -0.00296525
-0.32783 1.19168 0.652096 0.0347576 -0.0022333 -0.00335902
-0.326383 1.2708 0.587979 0.0362413 -0.00321333 -0.00327183
-0.319305 1.33317 0.607027 0.036349 -0.00322553 -0.00296525
-0.323497 1.212 0.59666 0.0364622 -0.00357252 -0.00296525
-0.325608 1.33115 0.56605 0.036388 -0.00331549 -0.00296525
-0.328284 1.23057 0.593236 0.0362623 -0.00297149 -0.00319427
-0.328292 1.28351 0.558118 0.0360661 -0.00337467 -0.00322079
-0.342166 1.24011 0.564538 0.0363175 -0.0028917 -0.00366684
-0.357923 1.12513 0.637916 0.0337197 -0.00134466 -0.00368389
-0.347373 1.29203 0.564578 0.0368219 -0.00258709 -0.00374708
-0.353247 1.14028 0.59414 0.0357143 -0.0023493 -0.00342793
-0.347372 1.2808 0.544951 0.037006 -0.00265518 -0.00365085
-0.340288 1.24765 0.565972 0.0369654 -0.00281329 -0.00389066
-0.342138 1.26122 0.5124 0.0372355 -0.00282157 -0.00359661
-0.349082 1.277 0.560326 0.0364865 -0.00259306 -0.00361087
-0.352076 1.1685 0.528681 0.036098 -0.00238056 -0.00346322
-0.329662 1.32012 0.578361 0.0352972 -0.00329914 -0.00296525
-0.32601 1.25909 0.618806 0.0341852 -0.00298472 -0.00296525
-0.328799 1.10508 0.64407 0.032514 -0.00290959 -0.00296525
-0.325047 1.27951 0.627174 0.0335142 -0.00271332 -0.00282219
-0.333675 1.18887 0.619291 0.034436 -0.00273333 -0.00288335
-0.327155 1.23793 0.621928 0.0336232 -0.003064 -0.00299311
-0.338008 1.23247 0.647059 0.0341469 -0.00298711 -0.00278662
-0.33226 1.27077 0.623231 0.0344359 -0.00307421 -0.00286585
-0.330179 1.36905 0.600817 0.0362899 -0.00272314 -0.00302562
-0.34414 1.23505 0.634327 0.0347157 -0.00231055 -0.00302562
-0.338191 1.35424 0.626777 0.035126 -0.00238224 -0.0031157
-0.365562 1.27299 0.689988 0.03337 -0.00100509 -0.00353216
-0.359255 1.22605 0.638473 0.0351056 -0.00246154 -0.00363289
-0.357871 1.35237 0.637767 0.0354035 -0.00244054 -0.00341782
-0.355279 1.20908 0.6661 0.0349387 -0.00270835 -0.0035605
-0.357087 1.28472 0.628776 0.0350256 -0.00239932 -0.00345785
-0.352886 1.27564 0.620289 0.0357732 -0.00288457 -0.00344511
-0.352599 1.24706 0.600617 0.0342929 -0.00249745 -0.00357814
-0.344285 1.25098 0.734883 0.0347108 -0.00248443 -0.0034512
-0.353181 1.30378 0.922238 0.0334339 0.00036753 -0.00398064
-0.378114 1.52329 0.835754 0.0340394 -0.00074954 -0.00431694
-0.365775 1.36396 0.848153 0.0316441 -0.0004497 -0.00389528
-0.344308 1.34487 0.81426 0.0287835 0.00014878 -0.00355547
-0.356071 1.23359 0.793587 0.0285992 -0.00011366 -0.00331437
-0.355371 1.18586 0.817184 0.0281895 -5.695e-05 -0.00320722
-0.34003 1.23903 0.796468 0.0291481 -1.63e-06 -0.00285045
-0.338778 1.2848 0.837171 0.0295311 6.116e-05 -0.00292803
-0.341632 1.27695 0.866236 0.029485 0.00040454 -0.0028931
-0.349499 1.24836 0.851227 0.030264 0.00036221 -0.0031395
-0.341343 1.40063 0.856844 0.0309519 0.00040095 -0.00297469
-0.352342 1.38985 0.865151 0.0314582 0.00041836 -0.00312467
-0.362229 1.30036 0.873811 0.0300178 0.00034628 -0.00325033
-0.352664 1.43578 0.831314 0.0313176 0.00052305 -0.0032904
-0.368407 1.31407 0.869577 0.0309275 0.00083267 -0.00376222
-0.368978 1.3533 0.767308 0.0327667 0.00086986 -0.00350454
-0.375272 1.35932 0.820899 0.0317863 0.00086515 -0.00375692
-0.379839 1.21354 0.833694 0.0312633 0.00105104 -0.00392239
-0.371106 1.33503 0.815768 0.0315433 0.00074216 -0.0037091
-0.38276 1.25381 0.880742 0.0304149 0.00155535 -0.00392239
-0.379669 1.25127 0.817414 0.0310659 0.00044947 -0.0035411
-0.390793 1.41551 0.703179 0.0345008 0.00061566 -0.00378951
-0.39101 1.24858 0.838097 0.0307037 0.00071612 -0.00376545
-0.381863 1.39658 0.764398 0.0324443 0.00021655 -0.00404077
-0.392766 1.36191 0.809618 0.0325912 1.566e-05 -0.00395311
-0.392681 1.3074 0.747344 0.0334308 0.00031233 -0.00378594
-0.396979 1.40537 0.769809 0.0324106 -2.867e-05 -0.00419805
-0.407094 1.22587 0.792991 0.0319181 -0.00029039 -0.00423686
-0.416413 1.40152 0.746187 0.0324733 -2.588e-05 -0.00509367
-0.422834 1.31402 0.758249 0.0322496 -0.00010795 -0.00503482
-0.414834 1.29053 0.745857 0.0324554 -0.00037588 -0.00431706
-0.427003 1.38368 0.744831 0.0330629 -0.00020198 -0.00520893
-0.435373 1.2163 0.795167 0.0312966 0.00238215 -0.00508574
-0.411225 1.3734 0.714424 0.032765 0.00154217 -0.00412848
-0.447335 1.25082 0.582069 0.0337444 0.00139962 -0.00554818
-0.438959 1.17479 0.5194 0.0342228 0.00116778 -0.00535443
-0.448018 1.29778 0.497219 0.035284 0.00148223 -0.00578394
-0.439128 1.17113 0.521281 0.0345326 0.00123994 -0.00505746
-0.435298 1.30397 0.482132 0.0344141 0.00056279 -0.00505805
-0.443115 1.22833 0.533308 0.0339915 0.00039075 -0.00545893
-0.438485 1.28074 0.524584 0.0341255 0.00039071 -0.00531506
-0.456662 1.29638 0.553701 0.0343606 0.00066495 -0.00598575
-0.447469 1.21021 0.539572 0.0339915 0.00056432 -0.00573873
-0.426467 1.30723 0.496471 0.0358395 0.00104633 -0.00407239
-0.450979 1.17811 0.529159 0.0347392 0.00041527 -0.0054554
-0.473843 1.29757 0.52645 0.0346228 0.0005681 -0.00644795
-0.465386 1.23013 0.555607 0.0349458 0.00093411 -0.00610689
-0.465275 1.23755 0.547881 0.0348874 0.00085347 -0.00615996
-0.47026 1.26171 0.549073 0.0349545 0.00085576 -0.00615665
-0.455779 1.24946 0.5052 0.0345368 0.0006449 -0.00621003
-0.470537 1.30082 0.515674 0.0345264 0.00079839 -0.00613769
-0.489799 1.19433 0.521495 0.03437 0.00026015 -0.0067636
-0.500047 1.31896 0.519326 0.0349408 0.00050148 -0.00744261
-0.489407 1.1799 0.558744 0.0347052 0.00076839 -0.00675911
-0.517944 1.30454 0.506856 0.0356816 0.0003469 -0.0076167
-0.5282 1.20888 0.523528 0.0353305 0.0004251 -0.00755317
-0.524701 1.2606 0.498 0.0359233 0.00045237 -0.0072866
-0.523368 1.30543 0.52168 0.0364928 1e-05 -0.00763816
-0.538744 1.21763 0.499744 0.0355621 0.00063358 -0.00777624
-0.53059 1.35606 0.505364 0.0361776 0.00076383 -0.00789582
-0.553564 1.20138 0.531396 0.0359216 0.00098561 -0.00805249
-0.543814 1.36699 0.45111 0.0376049 0.00024848 -0.00775294
-0.544956 1.26995 0.591128 0.0337113 0.00195782 -0.00826315
-0.55602 1.16081 0.516454 0.0351413 0.00048113 -0.00808999
-0.543893 1.32979 0.521808 0.0359713 0.0001472 -0.00829319
-0.539689 1.29136 0.54418 0.0362162 0.00039618 -0.00778894
-0.540409 1.23526 0.512058 0.0358905 0.0005406 -0.00783285
-0.526959 1.35797 0.530399 0.0365427 0.00044387 -0.00750992
-0.537834 1.24288 0.532387 0.0354311 0.00083722 -0.00770495
-0.519341 1.36715 0.537008 0.0361647 0.00046553 -0.00745084
-0.518847 1.23269 0.57233 0.0357773 0.00076747 -0.00726334
-0.516159 1.34621 0.556617 0.0353224 8.767e-05 -0.00753111
-0.525177 1.35871 0.517926 0.0382462 0.00130598 -0.00724897
-0.524285 1.26349 0.564608 0.0354105 0.00024193 -0.00744225
-0.527945 1.35712 0.578402 0.036041 0.00026026 -0.0074604
-0.540118 1.23171 0.615166 0.0357102 0.00084136 -0.00778462
-0.543574 1.33179 0.567492 0.0367663 0.00042824 -0.00787245
-0.542592 1.27507 0.582333 0.036254 0.00067452 -0.00794194
-0.544306 1.28938 0.54772 0.0373452 0.00034994 -0.00788075
-0.55284 1.40807 0.538419 0.0383511 0.00128311 -0.00831752
-0.551914 1.25468 0.565167 0.0365105 0.00117856 -0.00830905
-0.547056 1.4031 0.524746 0.0369086 0.00122102 -0.00868786
-0.560843 1.32968 0.544225 0.0376535 0.00087814 -0.00870559
-0.564529 1.3137 0.591613 0.035731 0.00095638 -0.00858632
-0.562847 1.3258 0.631056 0.0358776 0.00173114 -0.00853579
-0.554166 1.23868 0.554183 0.037598 0.00067489 -0.00836703
-0.552688 1.38088 0.549841 0.038336 0.00096742 -0.00837023
-0.556018 1.22808 0.571292 0.0375977 0.00122375 -0.00829802
-0.558181 1.39609 0.478963 0.0398992 0.0014734 -0.00843515
-0.52041 1.23048 0.531787 0.0352297 0.00131087 -0.00792312
-0.464075 1.19936 0.601098 0.030621 0.00113987 -0.00576697
-0.410224 1.21185 0.692265 0.0274705 0.00200457 -0.00431006
-0.419687 1.15437 0.724398 0.0277901 0.0022604 -0.00543784
-0.418799 1.21821 0.722558 0.027832 0.00175684 -0.00538698
-0.440216 1.33834 0.732961 0.0282677 0.00225465 -0.00575206
-0.462931 1.27557 0.681286 0.0306286 0.00248236 -0.00626734
-0.473144 1.42105 0.708165 0.0309879 0.00223669 -0.0069038
-0.521378 1.28992 0.720509 0.0313849 0.00249859 -0.00810285
-0.519456 1.4029 0.64168 0.0338303 0.00248666 -0.00781673
-0.535888 1.27238 0.712689 0.0317235 0.00257162 -0.0082591
-0.518608 1.35408 0.673131 0.0322901 0.00207749 -0.00812901
-0.528393 1.34731 0.691682 0.0325398 0.00235866 -0.00823003
-0.549599 1.31566 0.655544 0.0325893 0.00251428 -0.00854126
-0.554036 1.39778 0.653221 0.0333946 0.00164007 -0.0091868
-0.575122 1.29124 0.692587 0.0335557 0.00283773 -0.00973462
-0.579642 1.38844 0.6462 0.0340842 0.00178084 -0.00956183
-0.59617 1.31088 0.79009 0.0310794 0.00378084 -0.00962408
-0.598607 1.28485 0.645521 0.0348468 0.00351094 -0.0098229
-0.59703 1.45078 0.619788 0.0349184 0.00317292 -0.00977134
-0.596571 1.36548 0.630987 0.0346807 0.00324123 -0.00946464
-0.590166 1.32165 0.601252 0.0345571 0.00316598 -0.00955239
-0.584055 1.40143 0.627587 0.033596 0.00247791 -0.00933427
-0.571442 1.26711 0.598144 0.0337862 0.00258763 -0.00860405
-0.556027 1.40157 0.576672 0.0337718 0.00195836 -0.00857446
-0.555066 1.22323 0.615698 0.0321551 0.00190821 -0.00822642
-0.550436 1.34049 0.624713 0.032756 0.00156932 -0.00841786
-0.558411 1.32032 0.604711 0.0348617 0.00180469 -0.00872868
-0.567446 1.27149 0.590048 0.0345792 0.0022443 -0.00863158
-0.579854 1.3181 0.66637 0.0322422 0.00361627 -0.00873768
-0.578243 1.27311 0.593579 0.0354844 0.00297997 -0.00927701
-0.591101 1.37425 0.572306 0.0367332 0.00258948 -0.00917297
-0.592005 1.43393 0.527291 0.0388372 0.00281413 -0.00924979
-0.592023 1.30785 0.57755 0.0365367 0.00260578 -0.00908007
-0.585655 1.45607 0.540985 0.0371319 0.00278711 -0.00950214
-0.599518 1.36795 0.578416 0.0376127 0.00300121 -0.00966433
-0.610322 1.3907 0.575554 0.0375738 0.00330193 -0.00980456
-0.597314 1.41287 0.587076 0.0372762 0.00332801 -0.00986369
-0.606073 1.26208 0.618978 0.0363576 0.00297303 -0.00969485
-0.583501 1.3409 0.586139 0.0359745 0.00181169 -0.00951501
-0.585712 1.37762 0.612979 0.0363241 0.00202679 -0.0091981
-0.555024 1.24062 0.61241 0.034601 0.0015232 -0.00885304
-0.508133 1.43362 0.663332 0.0334574 0.00144528 -0.00801918
-0.505556 1.38004 0.65012 0.033844 0.00126933 -0.00822386
-0.523364 1.27522 0.701042 0.0314389 0.00179928 -0.00823868
-0.507242 1.45121 0.637534 0.0326778 0.00040709 -0.00776684
-0.502599 1.40697 0.663534 0.0337893 0.00087358 -0.00765624
-0.452864 1.23383 0.754007 0.0344944 0.00067234 -0.0060726
-0.431365 1.49005 0.690493 0.0371748 0.00083701 -0.0064904
-0.433307 1.62733 0.658666 0.0342139 0.00218722 -0.00589007
-0.418215 1.51696 0.727716 0.0335664 0.00134533 -0.00606412
-0.41251 1.44885 0.725952 0.0361798 0.00058531 -0.00600025
-0.431773 1.39558 0.726968 0.0365828 0.00062172 -0.00649887
-0.428593 1.32375 0.719522 0.0364775 0.00063981 -0.00669096
-0.42134 1.3244 0.713818 0.0368355 0.00099605 -0.00692848
-0.427655 1.36279 0.705594 0.0372616 0.0011369 -0.00703841
-0.422944 1.44113 0.716862 0.0372338 0.0007277 -0.0072497
-0.409096 1.45748 0.786145 0.0356837 0.00061298 -0.0065809
-0.419446 1.51015 0.76942 0.0364205 0.00114492 -0.00696962
-0.405109 1.52285 0.758649 0.0366452 0.00083475 -0.00645443
-0.41411 1.4758 0.818934 0.032397 0.00232453 -0.00646605
-0.400178 1.45629 0.776517 0.0345578 0.00056955 -0.00681532
-0.334582 1.4961 1.6372 0.0355235 -0.00358755 -0.00672275
-0.247563 1.50819 2.42552 0.0326697 -0.00562572 -0.00629684
-0.209632 1.76329 2.50313 0.0206849 -0.00102326 -0.00577095
