0.0365649 0.196962 0.105119 -0.0018205 0 0.00019749
0.0243059 0.196952 0.0831846 -0.00056194 1.191e-05 0
0.0182507 0.223878 0.106648 0.00017344 -7.42e-06 0
0.033063 0.289794 0.108119 -0.00018823 -4.473e-05 -0.00025
0.0543035 0.309149 0.104478 0 0.00020933 -0.00042866
0.0555904 0.238663 0.130104 0.00047132 0.0003148 -0.00034667
0.0576492 0.265265 0.161783 0.00048572 0.0003885 -0.00025
0.0683676 0.330781 0.162976 0.00062341 0.00060692 -0.00025
0.0637621 0.230075 0.166344 0.00077517 0.00101979 -0.0001813
0.0610646 0.223437 0.145356 0.00124715 0.00045758 -0.00012637
0.0660566 0.300992 0.174709 0.00055481 0.00022681 -0.00017338
0.0737425 0.248595 0.173293 0.00048303 0.00076913 -0.0004246
0.056387 0.227621 0.156039 0.00133912 0.00054322 -0.0004246
0.0611344 0.31349 0.160893 0.00061555 0.00054821 -0.0004246
0.0461421 0.249487 0.162513 0.00062708 0.00072325 -0.00059933
0.0413287 0.251114 0.14384 0.00157926 0.00067376 -0.00050984
0.0508844 0.306912 0.16394 0.00077377 0.00066865 -0.00053823
0.0460757 0.241916 0.156867 0.00134913 0.00091723 -0.00064796
0.0548499 0.274772 0.146193 0.00144946 0.00057673 -0.00084819
0.0586503 0.317578 0.18211 0.00042456 0.0013438 -0.00089906
0.0593808 0.226875 0.168056 0.00109655 0.00114591 -0.00099422
0.0475529 0.265556 0.144296 0.00120677 0.00081415 -0.00074891
0.0616835 0.3129 0.164449 0.0005915 0.00111407 -0.00097094
0.0537133 0.225427 0.149968 0.00121069 0.00069326 -0.00084819
0.0514813 0.270941 0.132015 0.00157764 0.00041236 -0.00084819
0.0376673 0.202036 0.162501 0.00177652 0.00111328 -0.00059402
0.0377586 0.296131 0.0837737 0.00516775 0.00229157 -0.00041325
0.0370587 0.261178 0.110246 0.00561679 0.0025218 -0.00065354
0.0223762 0.28078 0.142748 0.00590695 0.00287501 -0.00051073
-0.00701349 0.198902 -0.102774 0.0088808 0.00415388 -6.905e-05
-0.0118743 0.227067 0.0287259 0.00713635 0.00309415 -0.00037173
0.0117026 0.274255 0.0840021 0.00529046 0.00263252 -0.00060916
0.0126195 0.295649 0.116295 0.0051942 0.00377723 -0.0004061
0.0113804 0.300854 0.128224 0.00546078 0.00377647 -0.00034821
0.017139 0.336056 0.123385 0.005614 0.00390225 -0.00038684
0.0171427 0.267506 0.117583 0.0062226 0.00419611 -0.00042716
0.0210352 0.294994 0.170143 0.00604289 0.00362345 -0.00042968
0.0333439 0.337258 0.206831 0.005165 0.00434441 -0.00056309
0.0426356 0.321418 0.19784 0.00520372 0.00484536 -0.00037176
0.0285626 0.292832 0.16524 0.00602675 0.00461292 -0.00046915
0.0425695 0.334619 0.203946 0.00517811 0.00493721 -0.00044017
0.0428969 0.279218 0.168832 0.00591704 0.00594879 -0.00017233
0.0388141 0.283746 0.173009 0.00631167 0.00601455 -0.00017513
0.0462758 0.316392 0.230934 0.0060732 0.0058721 -0.00017406
0.0558038 0.292656 0.173699 0.00554629 0.00680149 -0.00014524
0.0263723 0.293683 0.197738 0.00665552 0.0071404 8.832e-05
0.0422167 0.349292 0.230424 0.00607729 0.00667811 -0.00016808
0.0423582 0.332998 0.228506 0.00592924 0.00723532 -0.00022901
0.0738044 0.334561 0.217873 0.00625059 0.00831155 0.00011496
0.0674904 0.342751 0.217481 0.00593548 0.00760164 -0.0001409
0.0846669 0.364291 0.208762 0.00545339 0.00769418 -0.00010982
0.081509 0.291593 0.214041 0.0052389 0.00723416 -0.00029227
0.0639673 0.27093 0.228758 0.00497946 0.00741537 6.77e-06
0.0640106 0.291569 0.239325 0.00490101 0.00822871 0.00052379
0.0324487 0.258012 0.203843 0.00479908 0.00717401 0.00039177
0.0351126 0.26969 0.230302 0.00440348 0.00646985 0.0002585
0.0478088 0.371847 0.25074 0.00407311 0.00679217 -0.00017944
0.0452138 0.281685 0.252076 0.00458153 0.00761969 -2.548e-05
0.0321331 0.285745 0.257033 0.00430895 0.00683689 0.00019573
0.0551051 0.356085 0.244682 0.00385445 0.00638487 -0.00037721
0.061836 0.315064 0.262631 0.00346982 0.00637723 -0.0004967
0.0530794 0.310569 0.190725 0.00417313 0.00669335 4.313e-05
0.0319564 0.3149 0.185042 0.00426925 0.00653 0.00011183
0.0510148 0.339613 0.238512 0.00385329 0.00655911 -0.00027463
0.0490001 0.307291 0.246375 0.00381727 0.00670153 -0.00029495
0.0319649 0.30281 0.26385 0.00388804 0.00688855 0.0001047
0.0253286 0.34179 0.208147 0.00382069 0.00620722 0.00010463
0.0170544 0.273986 0.227376 0.002614 0.00598707 -7.679e-05
0.0312774 0.334452 0.229317 0.00239729 0.0060834 -0.00030553
0.0314728 0.250711 0.19947 0.00293501 0.0062097 -0.00010456
0.0315602 0.297636 0.245526 0.00285142 0.0056455 -3.069e-05
0.0312422 0.337155 0.237602 0.00169601 0.00580097 -0.00029407
0.0435239 0.306467 0.244503 0.00200718 0.00570302 -0.00082727
0.0355381 0.300297 0.26017 0.00224335 0.00592245 -0.00043872
0.0308832 0.310419 0.164321 0.00392875 0.00604368 -0.00037615
0.0358462 0.281235 0.178092 0.00412475 0.00573024 -0.00058108
0.0447421 0.286228 0.212758 0.00403447 0.00634906 -0.00062073
0.0235174 0.235282 0.136739 0.00481517 0.00637651 -0.00030949
-0.00437427 0.217768 0.164963 0.00430218 0.00611253 -0.00018463
-0.0206889 0.21 0.143521 0.00387447 0.00690525 4.617e-05
0.0251564 0.307794 0.179966 0.00219117 0.00723481 -0.00067216
-0.015153 0.21439 -0.0188558 0.00484351 0.00726365 -0.00013017
-0.00262533 0.2378 0.0537638 0.00433003 0.00734478 -0.0005298
0.00856131 0.327519 0.111455 0.00382282 0.00684768 -0.00062928
0.0165787 0.299961 0.14128 0.00336094 0.00742215 -0.00083148
0.0161801 0.211029 0.041723 0.00411661 0.00801594 -0.00082755
-0.0135695 0.216276 0.0507804 0.00458775 0.00696789 -0.00032863
-0.0183631 0.282054 0.0879209 0.00329927 0.0067127 -0.00029576
-0.0164815 0.24081 0.109702 0.0032438 0.00690454 -0.00016188
-0.0217178 0.293922 0.142875 0.00291684 0.00697767 -3.275e-05
-0.0323978 0.267649 0.0441175 0.00453444 0.00704632 0.00011861
-0.039727 0.259573 0.0862513 0.00362968 0.00624991 0.0002381
-0.00302968 0.320158 0.141171 0.00294667 0.00629153 -0.0002674
-0.00961964 0.275038 0.113746 0.00321592 0.00685813 -0.00041105
-0.0337356 0.273907 0.136316 0.00302152 0.00662761 0.00027296
-0.0139628 0.282852 0.0669549 0.0029595 0.00701186 -0.00028782
-0.0336408 0.228696 0.0628973 0.00401601 0.00654457 0.00013541
-0.0306847 0.311004 0.104056 0.00315814 0.0065046 0.00016698
-0.037357 0.227434 0.0926413 0.00385031 0.00696648 6.451e-05
-0.0299226 0.279623 0.118592 0.00282112 0.00651495 0.00016213
-0.041135 0.250503 -0.0243791 0.00260838 0.00656084 0.00022971
-0.0549034 0.222186 0.0104186 0.00337416 0.00629304 0.00021217
-0.0277593 0.272858 0.0850742 0.00235935 0.00623286 -0.00015777
-0.0200544 0.273678 0.11324 0.00223282 0.00684184 -0.00034849
-0.0144408 0.241058 -0.0139217 0.00310059 0.0070336 -0.00031633
-0.0304301 0.247603 -0.0761091 0.0029651 0.00650716 -0.00037843
-0.0163593 0.28379 0.0275404 0.00191917 0.00655081 -0.00035582
-0.021033 0.222514 -0.046022 0.00218811 0.00702196 -0.00016719
-0.0360729 0.206297 -0.0164375 0.00311666 0.00716656 -0.00019355
-0.0281941 0.257366 0.0735295 0.00178451 0.00688809 -0.00016472
-0.0135801 0.228469 -0.0632522 0.00367313 0.00806689 -0.00052981
-0.0163428 0.233334 -0.062847 0.0034882 0.00809169 -0.00047357
-0.0336827 0.229691 0.0150589 0.00309648 0.00740042 -0.00027745
-0.0292169 0.310634 0.0849902 0.00213939 0.00808115 -0.00043871
-0.0259426 0.199717 -0.15776 0.00351237 0.00984409 -0.00065406
-0.0322582 0.244369 -0.045433 0.00255021 0.00937167 -0.00057186
-0.021557 0.29724 0.0293166 0.00185096 0.00945219 -0.00071886
-0.0467659 0.237346 0.0481601 0.00192329 0.0103058 -0.00037035
-0.0314155 0.258827 0.0774359 0.00230811 0.0100695 -0.00066043
-0.0222806 0.278741 -0.00759673 0.00337539 0.0101238 -0.00066847
-0.0325796 0.283057 0.0474553 0.00458246 0.0105323 -0.00081275
-0.0443087 0.325084 0.115926 0.00471189 0.0111568 -0.00056574
-0.0391491 0.275211 -0.027184 0.00453879 0.011496 -0.00068355
-0.0501769 0.281839 0.077056 0.004858 0.0114065 -0.00039277
-0.0368641 0.276428 0.127672 0.00355397 0.0108175 -0.00017292
-0.0256568 0.248531 0.135166 0.00321542 0.0118356 5.474e-05
-0.0223412 0.244957 0.177801 0.00383964 0.0115918 0.00014171
0.00939523 0.317595 0.191103 0.00298324 0.0110092 -0.00021458
0.01317 0.240344 0.204621 0.00317017 0.0121685 -1.08e-06
-0.012963 0.230855 0.240615 0.00365372 0.011387 -3.253e-05
-0.0322536 0.178861 0.254824 0.00255045 0.0119479 0.0001453
-0.0204216 0.30954 0.261474 0.00250541 0.0109192 -0.00022249
-0.00459599 0.301919 0.28211 0.00235082 0.0106335 -0.00062369
-0.0113368 0.260033 0.208555 0.00325391 0.0104186 -0.00044256
-0.025389 0.230058 0.205471 0.00316738 0.0093753 -0.00014595
-0.00517713 0.321795 0.196336 0.00229998 0.00875085 -0.00048342
0.00053083 0.279296 0.188433 0.00244976 0.00913357 -0.00046858
-0.00841501 0.251202 0.160753 0.00276064 0.00960636 -0.00039128
-0.0211506 0.266635 0.181252 0.00408691 0.00969526 -0.0001578
-0.0279775 0.310668 0.190686 0.00208717 0.00921066 -0.00023328
-0.0304989 0.27709 0.186596 0.00251012 0.00914541 -0.00028699
-0.027721 0.254037 0.193926 0.00210125 0.00909322 -0.00015156
-0.0116179 0.306541 0.224514 0.00217073 0.00967471 -0.000379
-0.0225128 0.24678 0.21392 0.00306303 0.00999534 -0.00013962
-0.00844325 0.240403 0.216684 0.00290138 0.00922405 -0.00049206
-0.00050495 0.260075 0.207848 0.00167889 0.00893914 -0.00061774
-0.0221762 0.224898 0.224041 0.00169865 0.00931313 -0.00013683
-0.00148746 0.266301 0.291755 0.00178577 0.00996262 -0.00056878
-0.0233362 0.234652 0.273603 0.00150201 0.00962844 -0.00016145
0.0326018 0.316825 0.290699 0.00209856 0.00978457 -0.00095795
0.0113526 0.262522 0.259714 0.00097473 0.00922509 -0.0007653
0.00638953 0.279098 0.355985 0.00105835 0.00992735 -0.00054523
-0.0210341 0.260536 0.373622 0.00088423 0.00920341 -0.00022646
-0.0174723 0.300126 0.284208 0.00021267 0.00833343 -0.00028677
-0.0218797 0.222075 0.245544 -0.00022737 0.00846675 -0.00020859
-0.0375758 0.258422 0.260087 0.00082471 0.0080626 7.985e-05
-0.0306933 0.313174 0.273183 0.00044516 0.00841107 -5.18e-06
-0.0462134 0.225397 0.276308 0.00054269 0.0091941 -9.094e-05
-0.0427558 0.21244 0.213971 0.00015874 0.00811581 2.22e-05
-0.0575656 0.300784 0.270623 0.00041069 0.00798797 -8.15e-06
-0.0435979 0.315652 0.27322 0.00074955 0.0084255 -0.000609
-0.0440367 0.247155 0.232208 0.00021896 0.00845667 -0.00030696
-0.05101 0.267225 0.186959 0.00071553 0.00820003 -0.00027528
-0.0314846 0.318516 0.246609 1.749e-05 0.00819682 -0.00090689
-0.0341188 0.243625 0.215801 -4.465e-05 0.00832375 -0.00101996
-0.0635879 0.270134 0.234917 0.0004865 0.00897795 -0.00054431
-0.0511482 0.221907 0.196833 0.00107265 0.00872931 -0.00079973
-0.0309207 0.300454 0.204589 0.00061457 0.00873595 -0.00122579
-0.0377651 0.278872 0.18255 -1.417e-05 0.00891424 -0.00150865
-0.0267244 0.293406 0.257337 0.00013687 0.00965807 -0.00137245
-0.0353694 0.317169 0.241541 0.00023541 0.00983419 -0.00160628
-0.0311686 0.281639 0.233235 0.00011161 0.00964651 -0.0014047
-0.020165 0.344929 0.26377 -0.00018892 0.00969464 -0.00121448
-0.0171834 0.291247 0.241564 1.265e-05 0.00971346 -0.00137304
-0.00895106 0.317073 0.249028 0.00024648 0.00937751 -0.00147795
0.00160807 0.33443 0.228247 0.00016567 0.00917295 -0.00147751
0.00313345 0.292819 0.220949 0.00090869 0.00926263 -0.00146783
0.00301857 0.336966 0.230005 0.00053126 0.009006 -0.00150718
0.00641532 0.29275 0.208621 0.00063974 0.00916866 -0.00151772
-0.00616086 0.282497 0.191364 0.00079128 0.00893265 -0.00139537
0.00358766 0.324391 0.21186 -1.481e-05 0.00919996 -0.00157379
-0.00584423 0.281132 0.238761 0.00065523 0.00938672 -0.00149779
0.00269469 0.340827 0.252891 0.00033527 0.00958152 -0.00148951
0.00296828 0.301063 0.249108 0.00072963 0.00998629 -0.00157724
0.00162998 0.307258 0.243762 0.00029767 0.00924292 -0.00140658
0.0107187 0.349073 0.244939 0.00017938 0.00958713 -0.00125963
0.00160086 0.251801 0.248794 0.00050924 0.0097729 -0.00125417
0.00714341 0.307246 0.23632 0.00049938 0.00955041 -0.00118986
0.00543166 0.290391 0.226276 0.0004492 0.00932245 -0.00126463
0.00019065 0.248572 0.183853 0.00136888 0.00950104 -0.00117051
0.0140786 0.311403 0.225696 0.00060331 0.00934512 -0.00156537
-0.00509647 0.259336 0.236694 0.00107694 0.0099071 -0.00109946
0.0040956 0.326011 0.242961 0.00087856 0.00937453 -0.00109822
0.00347633 0.297382 0.228274 0.00101471 0.00955149 -0.0012949
-0.00902048 0.292287 0.235105 0.00029646 0.009614 -0.00137006
-0.0143966 0.298154 0.133855 0.00060565 0.00898302 -0.00161185
-0.0316333 0.262564 0.163416 0.00074993 0.00855444 -0.00155909
-0.0122386 0.327557 0.214537 -5.461e-05 0.00915548 -0.00121453
-0.0103755 0.270467 0.222103 0.00048148 0.00939249 -0.00141249
-0.0182227 0.274035 0.210315 0.00042606 0.00956249 -0.0014033
-0.0390612 0.231826 0.164422 0.0012877 0.00945503 -0.00136388
-0.00440508 0.304808 0.203829 3.587e-05 0.00944242 -0.00182796
-9.044e-05 0.266723 0.162009 0.00062061 0.00973469 -0.00164431
-0.0254576 0.259054 0.156584 0.00124378 0.00919587 -0.00158479
-0.0231012 0.280801 0.217486 0.0005905 0.00888659 -0.00170677
0.0029766 0.374147 0.262747 -0.0001113 0.00923302 -0.0022157
0.00500311 0.278579 0.263486 0.00041634 0.00983743 -0.00175998
-0.0049355 0.297661 0.37106 0.00063818 0.0106565 -0.00179247
-0.00864896 0.317322 0.362991 7.796e-05 0.0104422 -0.00151875
0.0108998 0.385856 0.356861 -0.00031003 0.0100562 -0.00198853
-0.008875 0.344576 0.380037 -0.00014498 0.0104296 -0.0017894
-0.0256114 0.360129 0.33363 0.00040754 0.0111992 -0.00208739
-0.0793038 0.275812 0.404732 0.00096578 0.0121305 -0.00235472
-0.0824954 0.365087 0.412649 0.00168418 0.0123813 -0.0028365
-0.0825799 0.365218 0.324488 0.00162053 0.0121706 -0.00250481
-0.111717 0.3393 0.359356 0.00191778 0.0118732 -0.00246209
-0.0906721 0.38172 0.36669 0.0019746 0.0115604 -0.00279027
-0.0744062 0.419506 0.349464 0.0015693 0.0117739 -0.00333855
-0.0939406 0.326113 0.270435 0.00103048 0.0116561 -0.00306299
-0.109443 0.34356 0.321923 0.00148152 0.0112307 -0.00291008
-0.101602 0.393083 0.350666 0.00219996 0.012053 -0.00339491
-0.119803 0.339773 0.343608 0.00192328 0.0115369 -0.00346069
-0.0998217 0.351551 0.335216 0.00158768 0.0117084 -0.0033627
-0.103628 0.353215 0.2279 0.00211818 0.0117574 -0.00350177
-0.130344 0.363772 0.270098 0.0024037 0.0120429 -0.00368469
-0.117255 0.397891 0.288418 0.00170938 0.0119289 -0.00355187
-0.108437 0.429677 0.306813 0.00130563 0.0124271 -0.00406444
-0.141351 0.379433 0.328705 0.00142777 0.0126932 -0.00426347
-0.14098 0.399363 0.265668 0.0027364 0.0132235 -0.00445207
-0.123833 0.368079 0.271492 0.00294826 0.0129837 -0.00419148
-0.0960731 0.407027 0.330391 0.00217347 0.0133044 -0.00425191
-0.102166 0.331246 0.314355 0.00262622 0.0135411 -0.00427586
-0.102526 0.307172 0.170964 0.0032419 0.013309 -0.00405479
-0.0772898 0.335397 0.223446 0.00162935 0.0124031 -0.00399219
-0.100393 0.339421 0.242531 0.00182944 0.0133024 -0.00435215
-0.0576827 0.30273 0.204761 0.0030272 0.0140675 -0.00471493
-0.0625468 0.313746 0.218045 0.00345859 0.013957 -0.00413806
-0.0619646 0.380497 0.275045 0.00151314 0.0141221 -0.00444517
-0.0948681 0.334488 0.250644 0.00245384 0.0134973 -0.00457314
-0.102464 0.347197 0.234036 0.00261602 0.0132196 -0.0044907
-0.0876499 0.374962 0.138051 0.00182668 0.0126359 -0.00440782
-0.0982734 0.340569 0.171699 0.00223421 0.0132783 -0.00431637
-0.090972 0.366736 0.225863 0.00267461 0.013284 -0.00414656
-0.0964704 0.321029 0.189493 0.00219028 0.0136048 -0.00419085
-0.117747 0.304307 0.209133 0.00265955 0.0132289 -0.00417903
-0.0951337 0.348837 0.261444 0.00171292 0.0131868 -0.00428399
-0.0983673 0.318438 0.216268 0.00177026 0.0134628 -0.00435623
-0.103302 0.322551 0.181744 0.00224356 0.0131999 -0.00444169
-0.0946392 0.307511 -0.0423089 0.0020444 0.0112099 -0.0044636
-0.0909315 0.297708 0.0122231 0.0018565 0.0117362 -0.00437507
-0.075526 0.345139 0.101034 0.00118737 0.0131189 -0.00428618
-0.111738 0.293244 0.0721162 0.00207422 0.0134216 -0.00432412
-0.136282 0.255827 -0.261637 0.00043656 0.0141092 -0.00423369
-0.103081 0.276502 -0.29854 -0.00017446 0.0146002 -0.00398196
-0.0912204 0.296703 -0.190398 0.00010314 0.014098 -0.00434936
-0.0747472 0.242647 -0.229175 0.00050301 0.0144521 -0.00370617
-0.0714644 0.300232 -0.154743 0.00029875 0.0140245 -0.00383008
-0.0790117 0.285474 -0.187676 0.00117746 0.0146349 -0.004074
-0.106713 0.272702 -0.0810231 0.00062947 0.0138908 -0.00413153
-0.0945044 0.316652 -0.0292939 0.00057578 0.0139387 -0.00405492
-0.0873467 0.283366 -0.070888 0.00179063 0.0147889 -0.00424559
-0.111111 0.250644 -0.014216 0.00092673 0.0133703 -0.00375718
-0.0904629 0.260467 0.0458154 0.0008022 0.0137933 -0.00417343
-0.0856737 0.25268 0.0560879 0.00011451 0.0139071 -0.00436786
-0.0929929 0.223977 -0.0558283 0.00120308 0.0141432 -0.00437926
-0.1135 0.252467 -0.0433941 0.00086779 0.0132869 -0.00424575
-0.0745848 0.314236 0.0313287 0.00086268 0.0141501 -0.00424638
-0.0832643 0.279317 0.0730103 0.00072842 0.014223 -0.00419014
-0.067133 0.326597 0.0437969 0.00031753 0.0148457 -0.00394455
-0.104565 0.297551 -0.0103001 0.00121514 0.0140577 -0.00421089
-0.0656997 0.380498 0.0436666 -7.81e-05 0.0142184 -0.00421328
-0.0650001 0.301474 -0.0442514 0.00083238 0.014559 -0.00436105
-0.0952001 0.34045 0.0164242 0.00051912 0.0135298 -0.00436339
-0.0661323 0.361003 0.0853585 5.383e-05 0.013963 -0.00457327
-0.0911485 0.31961 0.0664152 0.00027649 0.0137947 -0.00469673
-0.0789535 0.305521 -0.0273057 0.00148999 0.0145969 -0.00467531
-0.0929198 0.276303 -0.00508765 0.00151896 0.0142039 -0.00488756
-0.0543428 0.35941 0.0839114 0.00020488 0.0141722 -0.00476379
-0.0607754 0.314832 0.0802388 0.00048816 0.0146686 -0.00496171
-0.06675 0.340931 0.0931565 0.00064554 0.0144851 -0.00509865
-0.0782349 0.368105 0.0192051 0.00096923 0.0145142 -0.00468867
-0.0950199 0.337426 0.0434773 0.00103289 0.0144167 -0.00471412
-0.0647908 0.396986 0.0936708 -8.625e-05 0.0148162 -0.00521348
-0.0808778 0.308828 -0.0618282 0.00124827 0.0145884 -0.00517617
-0.0830495 0.331591 0.0243046 0.00092331 0.0142088 -0.00513458
-0.0583977 0.371632 0.0725087 -5.499e-05 0.0147248 -0.00516442
-0.0505549 0.297732 0.0295669 6.433e-05 0.0147305 -0.00506222
-0.059082 0.324426 0.0707653 0.00065489 0.0149233 -0.00503043
-0.0483647 0.371866 0.0975875 2.39e-05 0.0148766 -0.0051948
-0.0607964 0.329222 0.0750898 0.00072155 0.0153198 -0.00555707
-0.068262 0.355487 0.0880339 0.00073537 0.0153426 -0.00538422
-0.0681053 0.355554 0.0244872 0.00119373 0.0157244 -0.00527679
-0.0746457 0.309221 0.0342808 0.00127001 0.0155942 -0.00521088
-0.0579483 0.374141 0.0713221 0.00050192 0.014758 -0.00520319
-0.0592089 0.340105 0.026393 0.00059559 0.0157606 -0.00518445
-0.0686463 0.334197 0.0758475 0.00040403 0.0152699 -0.00493301
-0.0445631 0.32919 0.126193 -0.00030553 0.0149875 -0.00511861
-0.0624605 0.339889 0.045736 0.00057248 0.0159021 -0.00508378
-0.0909826 0.311345 0.0838112 0.00027443 0.0147907 -0.00503569
-0.0670355 0.361322 0.114812 1.156e-05 0.0150621 -0.00553039
-0.0856845 0.340763 0.0939221 0.00038328 0.0154963 -0.0057108
-0.0974614 0.331512 0.0920104 0.00053546 0.0152711 -0.00546842
-0.0919215 0.341128 -0.0029526 0.00047537 0.0148234 -0.00550131
-0.12353 0.230845 -0.00227918 0.0004081 0.0147757 -0.00544334
-0.114916 0.320733 0.0164604 0.00045532 0.014358 -0.00546886
-0.0810326 0.321621 -0.0813685 0.00151656 0.0144794 -0.00557564
-0.120666 0.214917 -0.11804 0.00192117 0.0135906 -0.0056338
-0.114378 0.277951 -0.0697057 0.00054363 0.013463 -0.00547927
-0.115564 0.319466 0.0144205 -0.00036292 0.013657 -0.00558383
-0.155948 0.276512 0.00546871 0.00036284 0.0138328 -0.00554332
-0.170615 0.291285 -0.138108 0.00056745 0.0131551 -0.0060593
-0.19358 0.331136 -0.16038 0.00099153 0.0129888 -0.00591337
-0.176197 0.348866 -0.0705955 4.465e-05 0.0125176 -0.00574789
-0.162554 0.358354 -0.0638706 -7.594e-05 0.0134589 -0.00607555
-0.175963 0.318916 -0.0318963 0.00019176 0.0132804 -0.00589776
-0.175487 0.353217 -0.165315 8.592e-05 0.014374 -0.00610323
-0.204094 0.292864 -0.217727 0.00155663 0.014541 -0.00647428
-0.207702 0.260337 -0.144051 0.00072664 0.0140559 -0.00625831
-0.139254 0.345895 -0.0675135 -0.00066131 0.0146128 -0.00600934
-0.148118 0.255781 -0.222583 0.00057848 0.0151555 -0.00652182
-0.171294 0.301522 -0.254245 2.096e-05 0.0150001 -0.00705308
-0.160889 0.298178 -0.143295 1.3e-07 0.0154129 -0.00638633
-0.130952 0.380256 -0.0766232 -0.00092995 0.0157956 -0.00651374
-0.157652 0.267917 -0.355119 -0.00026037 0.0168213 -0.00706013
-0.170354 0.362698 -0.324832 0.00043464 0.0166121 -0.00739523
-0.156881 0.348167 -0.161388 -0.00029223 0.0157308 -0.00622964
-0.147291 0.359971 -0.0898315 -0.00026188 0.0159945 -0.00602728
-0.133686 0.313193 -0.041303 0.00098556 0.0170601 -0.00523301
-0.144549 0.287573 -0.0318549 0.00059232 0.0158004 -0.00483236
-0.106903 0.349031 0.0503043 -0.00089956 0.0167427 -0.0049438
-0.128993 0.312343 -0.00187598 -0.00045631 0.0170406 -0.00494924
-0.153622 0.294454 0.0205116 3.97e-06 0.0163757 -0.00455797
-0.115348 0.363134 0.0432978 -0.00103686 0.0164738 -0.00483958
-0.119322 0.336716 0.0096327 -0.00071074 0.016747 -0.00500346
-0.140396 0.291261 -0.254363 -0.00016394 0.0178932 -0.00542151
-0.150298 0.317555 -0.295505 0.00017625 0.0171861 -0.00567083
-0.120069 0.337398 -0.166346 -0.00133426 0.016893 -0.00547867
-0.122397 0.353802 -0.108901 -0.00061125 0.0168253 -0.00588028
-0.154138 0.330551 -0.0823585 -0.00039642 0.0170176 -0.0060664
-0.128309 0.343867 -0.0447333 -0.00090966 0.016817 -0.00594663
-0.114698 0.324033 -0.0613211 -0.00078062 0.0171358 -0.0058219
-0.142181 0.242295 -0.0720808 -0.0001415 0.0172481 -0.0061726
-0.118944 0.300389 -0.030798 -0.00137999 0.0168633 -0.00603027
-0.142504 0.248741 -0.0534152 -0.00040831 0.0168394 -0.00646804
-0.127048 0.283201 -0.0659714 -0.00046138 0.0165708 -0.00612431
-0.113747 0.314193 -0.0719654 -0.00069288 0.017105 -0.00636336
-0.153364 0.265316 -0.159015 0.00049656 0.0175776 -0.00707305
-0.134769 0.318599 -0.133428 -0.00059636 0.0172119 -0.0068977
-0.122968 0.317296 -0.106303 -0.00051336 0.0173729 -0.00676005
-0.149524 0.271409 -0.199251 0.0006207 0.0169859 -0.0071936
-0.116697 0.30002 -0.146563 -0.00082962 0.0171891 -0.00685043
-0.132388 0.251349 -0.221576 1.263e-05 0.0173505 -0.00700064
-0.139304 0.245138 -0.366732 7.418e-05 0.0172215 -0.00759735
-0.106904 0.319774 -0.203902 -0.00073027 0.0172934 -0.00709532
-0.126245 0.229028 -0.313494 0.0011459 0.017612 -0.00757062
-0.126806 0.239734 -0.512255 3.73e-06 0.0173985 -0.00825246
-0.105896 0.292204 -0.281286 -7.578e-05 0.0181575 -0.00779531
-0.1703 0.249557 -0.365073 0.00064581 0.0172578 -0.00911773
-0.15001 0.273829 -0.296291 -0.00017448 0.0173126 -0.00823423
-0.16216 0.286315 -0.1915 -4.516e-05 0.0182995 -0.00809793
-0.257556 0.258032 -0.459515 0.00052107 0.0187789 -0.00980773
-0.354232 0.283581 -0.555103 -0.00071021 0.0181762 -0.0117374
-0.34319 0.289724 -0.490886 -0.00073925 0.0179478 -0.011915
-0.466765 0.227563 -0.813204 -0.00026139 0.0165582 -0.0142729
-0.424585 0.262514 -0.624152 -0.00268349 0.0164016 -0.0133729
-0.362063 0.281156 -0.535632 -0.00081598 0.018155 -0.0115849
-0.278702 0.261365 -0.342108 0.00070871 0.0159503 -0.00730067
-0.240167 0.249245 -0.421074 0.00284586 0.0157592 -0.00680476
-0.255975 0.231343 -0.393117 0.00147809 0.0157948 -0.00666938
-0.236911 0.285986 -0.241399 0.00043591 0.0148787 -0.00625342
-0.263288 0.253273 -0.196593 0.00059571 0.0146858 -0.00646394
-0.284758 0.256339 -0.391121 0.00244343 0.0148836 -0.00735617
-0.297045 0.317559 -0.399661 0.00284721 0.0149872 -0.00744767
-0.260646 0.346834 -0.207448 0.00115423 0.0142938 -0.00667578
-0.270579 0.338968 -0.159216 0.00095974 0.0144172 -0.0067201
-0.287912 0.308196 -0.280363 0.00169962 0.014493 -0.00733479
-0.301475 0.308807 -0.330868 0.00172327 0.0142725 -0.00773083
-0.275868 0.318623 -0.207444 0.000641 0.013364 -0.00703945
-0.259222 0.335124 -0.147681 7.9e-07 0.0133169 -0.0067132
-0.309488 0.272805 -0.30867 0.00172652 0.0147256 -0.00752106
-0.359283 0.327805 -0.405183 0.00213249 0.0134447 -0.00917241
-0.311979 0.332779 -0.249224 6.279e-05 0.0135855 -0.00771065
-0.335328 0.286096 -0.314803 0.00047596 0.0141653 -0.00827299
-0.341768 0.299495 -0.296578 1.104e-05 0.0140115 -0.00803831
-0.318719 0.327017 -0.221335 -0.00039234 0.0136474 -0.00778275
-0.274542 0.356454 -0.153362 -0.00090161 0.014091 -0.00755068
-0.280496 0.292875 -0.230562 -0.00067559 0.0147707 -0.00738081
-0.305608 0.235633 -0.340475 0.00017129 0.0150483 -0.00769826
-0.304753 0.289779 -0.263815 0.00038851 0.0151789 -0.00747132
-0.258404 0.328766 -0.223837 0.00014811 0.0151992 -0.00721184
-0.278253 0.291035 -0.197352 0.00018439 0.0145917 -0.00731374
-0.271405 0.32355 -0.370929 0.00089934 0.0157693 -0.00755359
-0.279608 0.316403 -0.373747 0.00064868 0.0153247 -0.00771536
-0.248033 0.349527 -0.292313 -0.00031767 0.0145051 -0.00675553
-0.23662 0.296872 -0.417251 0.00045132 0.0158751 -0.00703658
-0.267948 0.260133 -0.318456 0.00019385 0.0146107 -0.00711472
-0.249197 0.310351 -0.267471 -0.00116727 0.0143746 -0.00683099
-0.241353 0.327062 -0.207714 -0.00106753 0.014584 -0.00680295
-0.270571 0.292001 -0.216569 -0.00072377 0.0148607 -0.00728777
-0.25781 0.353139 -0.333736 -0.00036885 0.0156289 -0.00719119
-0.287316 0.319913 -0.376391 0.00113527 0.0158661 -0.00742031
-0.230694 0.382598 -0.209953 -0.00095792 0.0146973 -0.00678101
-0.239987 0.355795 -0.198118 -0.00058037 0.0148373 -0.00699534
-0.263313 0.346355 -0.185935 -0.0005572 0.0145635 -0.0069291
-0.258646 0.380459 -0.254405 -0.00092435 0.0154651 -0.00693987
-0.270145 0.322682 -0.232756 -0.00089885 0.0153187 -0.00697722
-0.252028 0.333754 -0.172055 -0.00072718 0.0143519 -0.00656559
-0.23622 0.342474 -0.190983 -0.00099199 0.0151131 -0.00624309
-0.238914 0.33 -0.179028 -0.00101799 0.0153957 -0.00651905
-0.264048 0.318729 -0.168893 -0.00113466 0.0152086 -0.00643721
-0.239588 0.407932 -0.161995 -0.00180001 0.0147691 -0.0068362
-0.261052 0.359499 -0.154558 -0.00123956 0.0152855 -0.00690215
-0.259329 0.382196 -0.170445 -0.00110974 0.0157563 -0.00635722
-0.270847 0.363462 -0.138972 5.829e-05 0.0156637 -0.00621969
-0.224783 0.411352 -0.121889 -0.00050427 0.0146586 -0.00628479
-0.212711 0.35753 -0.129098 -0.00048572 0.0150936 -0.0060628
-0.209788 0.342542 -0.160079 0.0008578 0.0158242 -0.00614047
-0.209995 0.316702 -0.150621 -0.0001384 0.0151597 -0.00613384
-0.163675 0.389346 -0.125621 -0.00138509 0.0157222 -0.00616106
-0.177799 0.315181 -0.18214 -0.00095155 0.0160153 -0.0061369
-0.206257 0.339052 -0.142226 -0.00091446 0.0159834 -0.00636376
-0.188467 0.39049 -0.101647 -0.00230646 0.0157525 -0.00623487
-0.202932 0.375388 -0.120546 -0.00162077 0.015891 -0.00640317
-0.209397 0.39792 -0.177856 -0.00151175 0.0162246 -0.00647417
-0.222972 0.367113 -0.191864 -0.00115718 0.0159001 -0.00691642
-0.202595 0.437927 -0.153975 -0.00136605 0.015456 -0.00654472
-0.216277 0.359886 -0.186725 -0.00133509 0.0160427 -0.0064001
-0.229373 0.334949 -0.177636 -0.00150796 0.0155789 -0.0064282
-0.210369 0.360032 -0.247691 -0.00161882 0.0163598 -0.00646004
-0.247724 0.36191 -0.237198 -0.00121203 0.0161221 -0.00623924
-0.228135 0.381325 -0.170437 -0.00170057 0.0151496 -0.00606792
-0.23682 0.370787 -0.167372 -0.00123926 0.0158104 -0.00627271
-0.249608 0.350576 -0.148053 -0.00098136 0.015085 -0.0061523
-0.218301 0.370303 -0.256875 -0.00090094 0.0159789 -0.00652769
-0.241366 0.352821 -0.261549 -0.00106445 0.0156289 -0.0065635
-0.25605 0.323063 -0.196858 -0.00075817 0.0151444 -0.00655092
-0.233469 0.378015 -0.315535 -0.00066946 0.0158644 -0.00663238
-0.269809 0.300118 -0.388708 0.00091778 0.0159164 -0.00702699
-0.304696 0.341043 -0.354458 1.6e-06 0.0154341 -0.00776266
-0.255333 0.330948 -0.420691 0.00083277 0.0168137 -0.00715048
-0.302595 0.268933 -0.364452 0.00061452 0.015378 -0.00726999
-0.331468 0.225082 -0.366666 0.00116513 0.0156364 -0.00736527
-0.312949 0.334065 -0.277324 0.0002066 0.0157023 -0.00806086
-0.314803 0.327293 -0.220312 0.00015518 0.0157709 -0.00825569
-0.322652 0.282087 -0.675739 0.00375677 0.0183177 -0.00907924
-0.364951 0.32081 -0.516762 0.00303589 0.0159996 -0.00905361
-0.351572 0.380433 -0.395989 0.00356094 0.0153601 -0.00843822
-0.354086 0.336629 -0.363454 0.00351273 0.0162875 -0.00832322
-0.349455 0.314666 -0.539142 0.00600677 0.0170697 -0.00917181
-0.346813 0.324367 -0.494113 0.00672781 0.0167014 -0.00871416
-0.323397 0.336208 -0.385311 0.00563147 0.0159371 -0.00786066
-0.303421 0.346541 -0.30305 0.00550611 0.0172232 -0.00815787
-0.335735 0.267849 -0.617297 0.00745336 0.0186046 -0.00973161
-0.341015 0.328133 -0.6055 0.00797916 0.0173774 -0.00962701
-0.31072 0.365611 -0.455561 0.00777367 0.0175169 -0.0088994
-0.335333 0.319646 -0.466203 0.00862157 0.0177335 -0.00892657
-0.318169 0.377147 -0.374989 0.0062794 0.0169514 -0.00892692
-0.341611 0.321912 -0.483996 0.00685736 0.0178374 -0.00955524
-0.372135 0.310499 -0.514534 0.00776984 0.0171202 -0.0101209
-0.361961 0.372776 -0.340684 0.00618297 0.0167863 -0.00977405
-0.357324 0.27065 -0.601818 0.00751479 0.0177793 -0.00986697
-0.359797 0.327468 -0.601308 0.00735431 0.0168161 -0.00975212
-0.343694 0.359765 -0.400208 0.00581254 0.0167303 -0.00945438
-0.347018 0.329636 -0.384739 0.00636232 0.0165737 -0.00925741
-0.332128 0.33859 -0.339976 0.00620524 0.0162848 -0.00855867
-0.347351 0.342001 -0.433133 0.00735239 0.0171587 -0.0093203
-0.334873 0.339998 -0.357647 0.00532867 0.0164358 -0.00900558
-0.302734 0.371726 -0.293265 0.00546027 0.0152894 -0.00810441
-0.276658 0.396924 -0.284807 0.0053578 0.0158103 -0.0077653
-0.297838 0.323751 -0.490443 0.00644681 0.0172265 -0.00864293
-0.316351 0.351096 -0.500114 0.006844 0.0166376 -0.00886092
-0.294182 0.375785 -0.385706 0.00576643 0.0155686 -0.00804419
-0.248285 0.330286 -0.565249 0.00499902 0.017046 -0.00793793
-0.262544 0.313474 -0.65005 0.00623782 0.0166538 -0.00797374
-0.22619 0.352944 -0.491449 0.00503649 0.0159603 -0.00711349
-0.220044 0.333302 -0.446484 0.00485772 0.0165695 -0.00712216
-0.257883 0.283933 -0.506145 0.00542097 0.0169539 -0.00763513
-0.294754 0.300383 -0.482755 0.0056712 0.0156378 -0.00798754
-0.270789 0.361312 -0.407384 0.00485049 0.0165618 -0.00770461
-0.274632 0.296497 -0.387357 0.00497042 0.016094 -0.00753481
-0.281711 0.33216 -0.387012 0.00522525 0.0164494 -0.0076171
-0.259605 0.332014 -0.658267 0.00652491 0.0177718 -0.00780463
-0.263871 0.323414 -0.645748 0.00645146 0.017316 -0.00715064
-0.233479 0.346927 -0.489398 0.0053054 0.0165015 -0.00670717
-0.2142 0.267725 -0.696109 0.00527575 0.0181873 -0.0069212
-0.236092 0.256521 -0.602744 0.00653286 0.0170124 -0.00651313
-0.233548 0.268266 -0.539357 0.00618615 0.0174066 -0.00648467
-0.242047 0.244318 -0.475745 0.00756968 0.0182499 -0.00706561
-0.23086 0.312531 -0.391786 0.00729706 0.0176289 -0.00708397
-0.245248 0.253943 -0.56841 0.00846639 0.0182708 -0.0070038
-0.260354 0.295031 -0.5134 0.00793215 0.0172971 -0.00692981
-0.248512 0.339419 -0.380811 0.0060427 0.0168321 -0.0065821
-0.271543 0.319804 -0.348992 0.00647091 0.016596 -0.00702902
-0.282079 0.296326 -0.557246 0.00896788 0.0172834 -0.00746269
-0.317999 0.312255 -0.597055 0.00762334 0.0168417 -0.00841591
-0.315747 0.347898 -0.49815 0.00695603 0.0169747 -0.00811191
-0.323392 0.287731 -0.497065 0.00729085 0.0169743 -0.00776773
-0.298794 0.367125 -0.41815 0.00611209 0.0169932 -0.00759231
-0.249891 0.312986 -0.502551 0.0072023 0.0178704 -0.00776768
-0.256292 0.290871 -0.514859 0.00789836 0.0176339 -0.00778644
-0.251815 0.334789 -0.46164 0.00692079 0.0172486 -0.00733193
-0.228528 0.337796 -0.491513 0.00660784 0.0175828 -0.00688445
-0.244588 0.341887 -0.468265 0.00654308 0.0169312 -0.00707309
-0.235574 0.373936 -0.399735 0.00542803 0.0165912 -0.006895
-0.206745 0.370625 -0.389483 0.00519801 0.016815 -0.00693009
-0.239637 0.304042 -0.692265 0.00632692 0.0177382 -0.00774484
-0.255258 0.341622 -0.618492 0.00698269 0.0169682 -0.00817006
-0.222914 0.364124 -0.47509 0.00558899 0.0163737 -0.00727144
-0.235844 0.322087 -0.484284 0.00596326 0.0165111 -0.00754179
-0.246153 0.327913 -0.472397 0.0064023 0.0163636 -0.00764779
-0.218329 0.383724 -0.422597 0.00512406 0.0165591 -0.00730018
-0.244292 0.319958 -0.435767 0.00595101 0.0170251 -0.00740012
-0.225486 0.373909 -0.456407 0.00649969 0.0167979 -0.00760991
-0.196368 0.418174 -0.419228 0.00603509 0.0170061 -0.00772913
-0.23314 0.328153 -0.479001 0.00678908 0.016936 -0.00830284
-0.223555 0.382939 -0.468978 0.00668806 0.0167449 -0.00829668
-0.209091 0.390566 -0.451156 0.00640343 0.017057 -0.00795216
-0.234148 0.359695 -0.491466 0.0072586 0.0173085 -0.00842155
-0.219962 0.385657 -0.465776 0.00661504 0.0171083 -0.00818991
-0.219883 0.372118 -0.42668 0.00613976 0.017538 -0.00797827
-0.217413 0.318724 -0.497913 0.00667596 0.0174969 -0.00830021
-0.204021 0.39052 -0.463757 0.00487778 0.0176056 -0.00863418
-0.198875 0.406589 -0.435664 0.00479133 0.0178848 -0.00841782
-0.215217 0.374907 -0.528155 0.00589587 0.0181067 -0.00874883
-0.184225 0.411233 -0.47107 0.00541296 0.0178117 -0.00859044
-0.18061 0.374475 -0.56267 0.00621125 0.0185798 -0.0087704
-0.176916 0.374292 -0.582245 0.00665668 0.0182405 -0.00882162
-0.160356 0.404344 -0.482424 0.00580883 0.0182855 -0.0084038
-0.174858 0.335006 -0.537987 0.00700175 0.0185168 -0.00868827
-0.164846 0.376982 -0.5109 0.00579056 0.0183897 -0.00842356
-0.171569 0.355506 -0.500278 0.00624472 0.018574 -0.0087165
-0.1773 0.343909 -0.541408 0.00670437 0.0183989 -0.00882402
-0.164421 0.408059 -0.487326 0.00540904 0.0187331 -0.00872193
-0.177326 0.364951 -0.513321 0.00672466 0.0186488 -0.00867985
-0.183574 0.357018 -0.502432 0.00586623 0.0192004 -0.00863562
-0.18291 0.383836 -0.439912 0.00548784 0.0189761 -0.00872027
-0.209669 0.342326 -0.492295 0.0068393 0.0192697 -0.00875528
-0.182431 0.385828 -0.419178 0.00464787 0.0177234 -0.0087759
-0.182908 0.367856 -0.462297 0.00611738 0.018137 -0.00834815
-0.191959 0.353863 -0.454837 0.00583301 0.0185338 -0.00847579
