0.0102875 0.0546821 0.367838 -0.00118078 -0.00020519 0.00069178
0.0223468 0.0875262 0.304672 -0.00126045 8.517e-05 0.00042888
-0.00718171 -0.00866053 0.350583 0.00028671 -0.00051003 0.00069764
-0.00877571 0.0219334 0.381124 8.327e-05 -0.00042253 0.00067943
0.0215721 0.0558459 0.401179 -0.00052347 0.00065702 0
0.0248159 0.155185 0.373962 -0.00153915 0.000727 6.078e-05
0.0201022 0.115613 0.314592 -0.00125007 0.00039877 0
0.0036124 0.0106139 0.365658 -0.00023073 -0.00058101 0.0007548
0.0203793 -0.00219257 0.369619 0.00039974 0.00036698 0
0.013364 0.0362709 0.37601 -2.766e-05 6.234e-05 0.00040698
0.0432929 0.156988 0.323572 -0.00152869 0.00034995 -0.00025
0.0433151 0.0153098 0.289894 -0.00040488 0.00033109 -0.00025
0.038238 -0.0037973 0.352109 0.00012514 0.0002851 0
0.0341249 0.0272698 0.362427 0.00010575 0.00042872 0
0.0328246 0.0583529 0.362595 -0.00062527 0.00055173 -8.29e-05
0.0311869 0.10157 0.36331 -0.00076035 0.00046149 0
0.0292246 0.113866 0.363161 -0.00068693 0.00046334 -0.00020591
0.0275979 0.123147 0.362996 -0.00060028 0.00050344 -0.00032761
0.0280234 0.116776 0.368682 -0.00069521 0.00053969 -0.00027495
0.0519605 0.237651 0.364316 -0.00117426 0.00079244 -0.0003838
0.0941788 0.209403 0.285489 -0.00111083 0.00052337 -0.0006408
0.108046 -0.0955298 0.255277 0.00017703 0.00106488 -0.00071305
0.119044 -0.0771445 0.288932 0.00021729 0.00098612 -0.00071305
0.151249 0.128569 0.239996 -0.00166295 0.00092119 -0.00059287
0.159595 -0.0006043 0.21071 -0.0006381 0.0007255 -0.00056603
0.163873 -0.0836468 0.279447 -0.00020646 0.00086186 -0.00048378
0.164914 0.0225597 0.323588 -0.00070393 0.00075405 -0.00038414
0.154732 0.239442 0.375861 -0.00175853 0.00098329 -0.00071305
0.155471 0.153494 0.322343 -0.00091648 0.000835 -0.00071305
0.145303 0.189826 0.334773 -0.00071199 0.00097979 -0.00071305
0.15211 0.227578 0.338884 -0.00055579 0.00097408 -0.00071305
0.163814 0.274839 0.367363 -0.00118277 0.00118734 -0.00071305
0.151018 0.127157 0.343138 -0.00141066 0.00102119 -0.00071305
0.117872 0.0449392 0.354923 -0.00189235 0.0007491 -0.00107644
0.15065 -0.00156373 0.344135 -0.00200561 0.00036638 -0.00071305
0.145931 0.0206887 0.330417 -0.00109697 0.00069076 -0.00071305
0.148536 0.0432503 0.343387 -0.00154075 0.00071407 -0.00040227
0.159054 0.168055 0.375698 -0.0027601 0.00059878 -0.00038715
0.156193 0.0572669 0.315732 -0.00171855 0.00057647 -0.00054327
0.14697 0.0432779 0.348201 -0.00138987 0.00063799 -0.00054241
0.16257 0.229318 0.396865 -0.00253401 0.00076818 -0.00040743
0.162236 0.137294 0.330109 -0.00215246 0.00049643 -0.00049963
0.162539 0.0400365 0.350734 -0.00117033 0.00064639 -0.00037317
0.178246 0.176124 0.423698 -0.00253638 0.00072744 -0.00030034
0.167915 0.107004 0.32513 -0.00202193 0.00050853 -0.00030303
0.153837 0.0377938 0.35333 -0.0011724 0.00047104 -0.00029618
0.164408 0.190674 0.419854 -0.00266016 0.00061523 -0.0004881
0.165083 0.0466211 0.339887 -0.00145412 0.00044843 -0.000351
0.170142 0.0828346 0.385248 -0.00157497 0.00058779 -0.00046779
0.170019 0.169307 0.368744 -0.0022296 0.00052384 -0.00052491
0.172687 0.0419815 0.369395 -0.00102095 0.00059556 -0.00034147
0.170357 0.168671 0.461767 -0.00223228 0.00107324 -0.00051249
0.162964 0.119489 0.361958 -0.00191408 0.00060159 -0.00050323
0.14849 0.0708177 0.406575 -0.0014814 0.00089196 -0.00026073
0.166646 0.262385 0.48793 -0.00255214 0.00067761 -0.00023715
0.16124 0.0909772 0.386343 -0.00169005 0.00072675 -0.00034221
0.17264 0.0933621 0.466566 -0.00177129 0.00089728 -0.00034155
0.176852 0.226456 0.471796 -0.00248086 0.00072839 -0.00040748
0.174214 0.0376206 0.389917 -0.00110495 0.0006869 -0.00042462
0.164492 0.140262 0.429914 -0.00219346 0.00074072 -0.00036816
0.164226 0.131827 0.373336 -0.0019494 0.00063231 -0.00046753
0.170472 0.0445995 0.397828 -0.00102598 0.00062034 -0.00039986
0.180092 0.222696 0.495533 -0.00221332 0.00069399 -0.0004156
0.172034 0.107888 0.403315 -0.00133327 0.00044776 -0.00048082
0.172883 0.171417 0.520805 -0.00188809 0.00064925 -0.00039306
0.169828 0.293317 0.557575 -0.00296726 0.00071591 -0.0004204
0.171813 0.0679912 0.454075 -0.00142627 0.00072264 -0.0004849
0.188701 0.180835 0.513829 -0.0019641 0.00078425 -0.00043105
0.175866 0.174308 0.467648 -0.00189898 0.00080243 -0.00071305
0.182211 0.0533057 0.485659 -0.00118347 0.00086801 -0.00071305
0.184168 0.24579 0.577538 -0.00240474 0.00079414 -0.00071305
0.178387 0.135783 0.477093 -0.00131022 0.00063832 -0.00071305
0.187511 0.141446 0.558341 -0.00160803 0.00083882 -0.00054626
0.175656 0.33353 0.618047 -0.00281819 0.00079608 -0.00056085
0.179561 0.107005 0.508299 -0.00150353 0.00060066 -0.0005623
0.186472 0.166936 0.555415 -0.00161806 0.00062976 -0.00071305
0.166826 0.25678 0.513857 -0.00184507 0.0004653 -0.00071305
0.171351 0.0606679 0.48802 -0.0009595 0.00045505 -0.00071305
0.165495 0.243664 0.590988 -0.00201794 0.00060695 -0.00071305
0.169489 0.0834032 0.483752 -0.00088001 0.00054962 -0.00071305
0.173954 0.203678 0.573595 -0.00160389 0.00063551 -0.00071305
0.175828 0.219855 0.503811 -0.00143265 0.0006274 -0.0008097
0.188139 0.138825 0.511117 -0.0012552 0.00070552 -0.00071305
0.192558 0.302906 0.549131 -0.00157162 0.00052395 -0.00081874
0.188475 0.0807355 0.477732 -0.00092035 0.00070729 -0.00065779
0.195972 0.249287 0.585125 -0.00163148 0.00081691 -0.00071305
0.192835 0.175205 0.528744 -0.00096223 0.00094378 -0.00076746
0.202829 0.0931892 0.554658 -0.00082622 0.00091895 -0.00071304
0.209451 0.296218 0.601771 -0.00146864 0.00075186 -0.00075175
0.208896 0.148962 0.521557 -0.00130358 0.00064624 -0.000941
0.220383 0.14269 0.588851 -0.00136085 0.00077574 -0.0007627
0.220259 0.271285 0.549082 -0.00130652 0.00055802 -0.00088748
0.227014 0.0461657 0.506326 -0.00028574 0.00068716 -0.00092478
0.226914 0.247764 0.572472 -0.00102026 0.00060131 -0.00101488
0.231734 0.203134 0.484897 -0.00060511 0.0004534 -0.00091837
0.239008 0.0941017 0.515434 -0.0006614 0.00051546 -0.00084226
0.233252 0.305691 0.585226 -0.00108865 0.00057664 -0.00095039
0.224952 0.117982 0.506141 -0.00029198 0.0004518 -0.00085554
0.236528 0.221524 0.599626 -0.00063802 0.00081404 -0.00083284
0.231137 0.28966 0.576777 -0.00067453 0.00074606 -0.00101679
0.23034 0.0839772 0.505442 -5.054e-05 0.00048606 -0.00090009
0.244617 0.294413 0.585327 -0.00080233 0.00080872 -0.00100658
0.241668 0.165012 0.538426 -0.00036572 0.00065418 -0.00103117
0.24712 0.114385 0.577539 0.00011209 0.00083154 -0.00096515
0.244438 0.315146 0.63651 -0.00066962 0.00086664 -0.00109708
0.244424 0.124429 0.514586 -6.826e-05 0.00058316 -0.00102689
0.258964 0.234763 0.602441 -0.00034735 0.00088671 -0.00112008
0.246888 0.289905 0.566798 -0.00048857 0.0008745 -0.0012338
0.252609 0.116984 0.545381 -0.00062309 0.00088577 -0.00098544
0.242852 0.120968 0.544395 -0.00078127 0.00076411 -0.00094746
0.250201 0.259481 0.548293 -0.00016691 0.00078582 -0.00109342
0.250562 0.279061 0.498045 -0.00046647 0.00093611 -0.00112533
0.247636 0.0683555 0.504291 2.889e-05 0.00089912 -0.000884
0.262875 0.307833 0.545696 -0.00062124 0.00075266 -0.00111246
0.249972 0.125574 0.465894 -0.00042697 0.00076174 -0.0009666
0.251755 0.226896 0.521514 -0.00060965 0.00092027 -0.0010281
0.267683 0.187654 0.49271 -0.00045633 0.0010065 -0.00119255
0.282808 0.0867459 0.538674 -7.57e-06 0.00112976 -0.00105318
0.284423 0.322653 0.585719 -0.00087124 0.00113734 -0.00107632
0.273889 0.122569 0.496528 -7.711e-05 0.00114079 -0.00098246
0.301533 0.295638 0.599941 -0.00052522 0.00112498 -0.00107009
0.284905 0.286839 0.534519 -0.00010765 0.00142463 -0.00121307
0.283877 0.161972 0.516341 0.00010754 0.0010727 -0.0010922
0.277876 0.34882 0.562606 -0.00071474 0.00110209 -0.00111362
0.266795 0.134113 0.483823 1.377e-05 0.00128754 -0.00114301
0.264161 0.150997 0.5348 -0.00013344 0.00119925 -0.00088088
0.267021 0.33356 0.548838 -0.00064489 0.00139595 -0.00110401
0.274945 0.104115 0.482695 0.00014785 0.00093253 -0.00096262
0.289593 0.234112 0.582618 -0.00020635 0.00144127 -0.00095048
0.282407 0.332577 0.527623 -0.00034312 0.00129693 -0.00101958
0.275902 0.100153 0.506433 5.662e-05 0.00104607 -0.00071886
0.28506 0.287651 0.570745 -0.00054864 0.00129216 -0.00098285
0.285282 0.226811 0.502423 -0.0001817 0.00137212 -0.00088316
0.295451 0.121451 0.511197 4.81e-06 0.00112997 -0.00081033
0.302702 0.262069 0.583085 -0.0003467 0.00109412 -0.00099908
0.30623 0.287873 0.523446 -0.00014882 0.00104166 -0.00098251
0.302911 0.157301 0.510542 -6.799e-05 0.00109866 -0.00082728
0.302906 0.311126 0.598212 -0.00061252 0.00115748 -0.00091857
0.311915 0.210603 0.515217 -0.00026145 0.00102744 -0.00079959
0.317706 0.143215 0.556499 -0.00036994 0.00110159 -0.00071058
0.315919 0.333874 0.586921 -0.00055581 0.00123224 -0.00084977
0.318011 0.173931 0.525889 -0.0002523 0.00109661 -0.00076063
0.31981 0.248617 0.552735 9.211e-05 0.00107461 -0.00087217
0.321445 0.286712 0.515495 -0.00030054 0.00121715 -0.00082766
0.31816 0.112331 0.525298 2.489e-05 0.00124719 -0.00070752
0.335499 0.314289 0.596121 -7.334e-05 0.00134112 -0.00075906
0.323288 0.245933 0.499032 -0.00015583 0.00127177 -0.00081274
0.321805 0.143317 0.54127 0.00020394 0.00106664 -0.00062237
0.345138 0.357282 0.565827 0.00010032 0.00110263 -0.00067661
0.350273 0.171013 0.470643 0.00060208 0.00085567 -0.00039945
0.424665 0.193874 0.541276 0.00136699 0.00125703 -6.672e-05
0.437016 0.294357 0.56911 0.00187336 0.00184232 -0.00010057
0.422221 0.207582 0.669672 0.00410957 0.00151251 0.00050204
0.397894 0.201102 0.675431 0.00394783 0.00084735 0.00075733
0.392852 0.26696 0.596252 0.00374397 0.0010727 0.00065978
0.433948 0.286958 0.479672 0.00271651 0.00096247 0.00083957
0.430575 0.20429 0.556552 0.00379499 0.00055825 0.0012487
0.432427 0.424207 0.508563 0.00275381 0.00084227 0.00077565
0.412459 0.136221 0.458976 0.00324341 0.00076737 0.00070108
0.433998 0.238274 0.565608 0.0030486 0.00151538 0.000718
0.433612 0.324647 0.494351 0.00209097 0.00091624 0.00066829
0.410213 0.0779852 0.506659 0.00345773 0.000968 0.00086722
0.431037 0.37218 0.53343 0.00223169 0.0010266 0.00073666
0.425028 0.164204 0.469292 0.00296228 0.00066776 0.00088338
0.434859 0.244688 0.523655 0.00259028 0.00105223 0.00077191
0.447994 0.374551 0.518945 0.00254332 0.00073817 0.0007058
0.446902 0.208813 0.517546 0.00331637 0.00120637 0.00104979
0.447108 0.276908 0.589025 0.00379783 0.0013704 0.00104979
0.439384 0.421904 0.606125 0.00343382 0.00184163 0.00070541
0.438521 0.230198 0.566945 0.00416682 0.00113221 0.00104979
0.448304 0.212964 0.604132 0.00356715 0.00103936 0.00104979
0.449009 0.210513 0.606699 0.00311157 0.0019169 0.00104979
0.463878 0.216856 0.564788 0.00500442 0.00268643 0.00056036
0.469602 0.310856 0.509862 0.00426327 0.00353634 0.00034067
0.467727 0.12427 0.482356 0.00470205 0.00319105 0.00063487
0.464412 0.303284 0.598323 0.00369576 0.00318931 0.00063487
0.407647 0.291599 0.53882 0.00226166 0.0021586 0.00020629
0.37425 0.0565809 0.577925 0.0020516 0.00136536 0.00054065
0.410818 -0.0284702 0.475868 0.00263712 0.00119874 0.00090741
0.395164 0.357513 0.577314 0.00240861 0.00175165 0.00049869
0.380303 0.216781 0.517301 0.00333472 0.00174837 0.00081228
0.347198 0.26399 0.560593 0.00370594 0.00231148 0.00043172
0.351795 0.368377 0.514374 0.00325099 0.00163743 0.00032062
0.348205 0.113462 0.578353 0.00449919 0.00233972 0.00032528
0.365246 0.39155 0.668038 0.00442442 0.00232138 0.00043172
0.362704 0.276775 0.57901 0.00429357 0.00249589 0.00021079
0.361384 0.183454 0.644513 0.0055161 0.00216654 0.00043172
0.366378 0.440645 0.68071 0.00435699 0.00252006 8.755e-05
0.372247 0.201437 0.604929 0.00488649 0.00237737 0.00043172
0.365088 0.214198 0.666234 0.00535891 0.00231278 0.00037735
0.371924 0.41564 0.694899 0.00446101 0.00259072 0.00010736
0.365124 0.188767 0.612922 0.00534238 0.00205163 0.00043172
0.368635 0.311311 0.6986 0.00522264 0.00232733 0.00043172
0.384611 0.413712 0.709629 0.00443807 0.00223073 0.00017888
0.387027 0.234548 0.671525 0.00513845 0.00205867 0.00027689
0.402186 0.380594 0.791973 0.00467835 0.0028769 0.00017892
0.406395 0.304817 0.722578 0.00471883 0.002965 0.00028471
0.412505 0.286706 0.771642 0.00519774 0.00306144 0.00026548
0.413385 0.387408 0.78815 0.00468684 0.00356865 0.00013852
0.395513 0.177133 0.691609 0.00549444 0.00209155 0.00037096
0.380525 0.425077 0.818701 0.00408897 0.00268634 4.177e-05
0.365698 0.309688 0.669622 0.00460601 0.00252125 -7.173e-05
0.376104 0.165072 0.681717 0.00562344 0.00193628 0.00031528
0.387516 0.413103 0.707482 0.00416054 0.00264412 9.6e-07
0.382077 0.164909 0.639397 0.00539091 0.00205488 0.00023955
0.3949 0.303053 0.769659 0.00557344 0.00252832 0.00023955
0.393218 0.356128 0.697644 0.00515332 0.00248487 6.847e-05
0.395527 0.214558 0.748844 0.00604484 0.00231719 0.00034829
0.396179 0.436422 0.775524 0.00488871 0.00261253 -3.453e-05
0.396884 0.246382 0.693253 0.00575226 0.00263536 0.00034829
0.399977 0.391595 0.823336 0.00513563 0.00286398 0.00010818
0.399039 0.312868 0.751721 0.00599149 0.00251659 0.00034829
0.404347 0.311125 0.809714 0.0060776 0.00258796 0.00019438
0.415994 0.476389 0.857772 0.00522022 0.00279662 0.00021111
0.418447 0.266736 0.771919 0.00583944 0.00244402 0.00034829
0.4212 0.393011 0.882552 0.00517509 0.00274059 0.00014349
0.421246 0.353173 0.800409 0.00504479 0.00295544 0.00020234
0.426179 0.209456 0.79527 0.00616937 0.00246695 0.00045637
0.426282 0.415276 0.857445 0.00523539 0.00283152 8.004e-05
0.422603 0.267238 0.762296 0.00585286 0.00259627 0.00045637
0.423268 0.321541 0.824249 0.00597729 0.00260125 0.00045637
0.420956 0.438847 0.81678 0.00514003 0.00260253 0.00032889
0.402935 0.223109 0.751413 0.00626897 0.00262244 0.00025719
0.414768 0.43788 0.843465 0.00521 0.00276205 0.00021194
0.417647 0.345533 0.719625 0.00598768 0.00256591 0.00035662
0.405414 0.320605 0.770947 0.00549357 0.0032297 0.00022572
0.41586 0.438797 0.759921 0.00478989 0.00307624 0.00026732
0.410436 0.161098 0.685316 0.00579068 0.00236779 0.00045305
0.406965 0.392204 0.78158 0.00448995 0.00330797 0.00023648
0.403459 0.294656 0.730901 0.00398646 0.00288819 -9.89e-05
0.406656 0.237026 0.761688 0.00568938 0.00233394 0.00038033
0.410761 0.369089 0.80538 0.00522766 0.00272706 5.211e-05
0.413407 0.210753 0.766286 0.00594166 0.00262913 0.00021716
0.420887 0.484714 0.831015 0.00522689 0.00257473 0.00022893
0.400895 0.224909 0.681544 0.00609482 0.0022877 0.00032068
0.405221 0.359567 0.748704 0.0056501 0.00234607 0.00032068
0.402227 0.402851 0.690583 0.00546235 0.0024376 0.00012032
0.396319 0.260122 0.744675 0.00600656 0.00233681 0.000361
0.404499 0.46491 0.760782 0.00524608 0.00251654 0.00016918
0.399127 0.232366 0.713086 0.00584946 0.00248687 0.00028293
0.397433 0.403723 0.764546 0.00556346 0.00254033 0.00027571
0.391463 0.270797 0.705876 0.0060113 0.00246651 0.00019328
0.391599 0.275085 0.798618 0.00613479 0.00236804 0.00040006
0.403134 0.474546 0.796128 0.00532696 0.00301909 5.619e-05
0.395991 0.231549 0.682996 0.00664267 0.00266478 0.0001108
0.412126 0.41385 0.799137 0.00586259 0.00297206 0.00024
0.405032 0.350738 0.714481 0.00626434 0.00275497 0.00027165
0.422315 0.361694 0.783898 0.00618827 0.0026991 0.00045858
0.418605 0.408999 0.738483 0.00590354 0.00258562 0.00013883
0.414858 0.294904 0.767965 0.0067685 0.00234967 0.0002811
0.429249 0.46343 0.846063 0.00551845 0.00318469 0.00024597
0.405295 0.230201 0.723576 0.00672752 0.0026757 0.00015767
0.4118 0.422662 0.868085 0.00562466 0.0028479 0.00011412
0.417358 0.37938 0.768067 0.00572023 0.00302997 4.813e-05
0.411115 0.214142 0.760029 0.00691602 0.00252507 0.00041623
0.411556 0.492188 0.860643 0.00529145 0.00245082 0.00025766
0.414255 0.307539 0.742453 0.00609046 0.00252834 0.00040461
0.419223 0.293992 0.826209 0.00634393 0.0025373 0.00036846
0.411174 0.47593 0.863664 0.00543665 0.00279163 0.00029813
0.410138 0.233791 0.726115 0.0071843 0.00236004 0.00017144
0.410394 0.512635 0.848945 0.00577215 0.00244871 0.00022541
0.420713 0.286429 0.782742 0.00616122 0.00284327 0.00040576
0.418812 0.286065 0.884233 0.00618884 0.00292636 0.00045876
0.394583 0.462431 0.861142 0.00576502 0.00216653 0.00011531
0.395951 0.212747 0.812648 0.00695624 0.00227973 0.00040663
0.398931 0.469491 0.92575 0.00581485 0.00235917 0.00015568
0.383786 0.379912 0.816206 0.00673876 0.00244597 0.00039887
0.383627 0.380722 0.902154 0.00694433 0.00262772 0.00037445
0.393786 0.542238 0.973049 0.00627361 0.00253305 5.153e-05
0.405721 0.339234 0.855447 0.00699644 0.00239608 0.00036805
0.395278 0.538605 0.951631 0.00525927 0.00236172 0.00030627
0.385596 0.316416 0.909015 0.00593424 0.00237322 0.00018283
0.38946 0.231205 0.919904 0.00637704 0.00234673 0.00030861
0.389451 0.486533 0.943268 0.00653096 0.00215585 0.00021547
0.367903 0.291034 0.902673 0.00641689 0.00259264 0.00019908
0.363057 0.295673 0.929964 0.00676644 0.00239709 0.00031281
0.376263 0.520595 0.994734 0.005451 0.00241015 0.00022332
0.388935 0.303128 0.921256 0.00600342 0.00250272 0.00025776
0.389635 0.423532 1.03194 0.00569539 0.00227803 0.00023544
0.384488 0.458516 0.978622 0.00582414 0.00236955 0.00019989
0.388888 0.283129 0.937995 0.0061092 0.00256777 0.00019019
0.381253 0.42735 0.993822 0.00567481 0.00275352 6.55e-06
0.376586 0.338624 0.935483 0.00619998 0.00314246 -7.527e-05
0.369286 0.263888 0.933628 0.00741036 0.0027685 0.00010751
0.330236 0.487911 1.0931 0.00702854 0.00315395 -0.00018753
0.333763 0.367234 1.05148 0.00749474 0.00389591 -0.00016161
0.333488 0.471725 1.1202 0.00716571 0.00383553 -0.00023347
0.337395 0.369562 1.01031 0.00641783 0.00356891 -0.00024015
0.350468 0.298128 0.992166 0.00649527 0.00349818 -2.772e-05
0.354869 0.339052 1.0104 0.00594052 0.00348718 -7.109e-05
0.350278 0.501924 1.0571 0.00622357 0.00338869 -0.00018505
0.35211 0.251907 0.965212 0.00647906 0.00353059 -0.00018223
0.351538 0.332683 1.0244 0.0059579 0.00330895 -0.00016304
0.351758 0.44392 1.00967 0.00583417 0.0033999 -0.00025182
0.356681 0.201294 0.956711 0.00650924 0.00352279 -5.246e-05
0.338559 0.445682 1.06324 0.00644859 0.00371657 -0.00025226
0.349732 0.307457 0.977941 0.0066392 0.00322536 -9.168e-05
0.343347 0.30738 1.00951 0.00708962 0.00359978 -0.0001036
0.347271 0.463786 1.02786 0.00644602 0.00385024 -0.00030494
0.356729 0.304714 1.02146 0.0075186 0.0036963 -6.292e-05
0.350832 0.491877 1.10477 0.00710049 0.00414366 -0.00026597
0.350901 0.314136 0.999881 0.007217 0.00372239 -2.248e-05
0.349187 0.397317 1.07829 0.00710118 0.00361732 -0.00010617
0.354826 0.42365 1.0138 0.0063914 0.00333153 -0.000226
0.355304 0.367746 1.05234 0.00668601 0.00350485 -9.922e-05
0.349496 0.487124 1.07674 0.00657462 0.003154 -0.00020699
0.347356 0.249481 1.00955 0.00722102 0.0032266 -6.191e-05
0.352642 0.381415 1.07791 0.00704116 0.00361437 -8.359e-05
0.350937 0.474559 1.02357 0.00627489 0.00336437 -1.603e-05
0.346573 0.243205 0.978812 0.00709639 0.00327172 2.328e-05
0.350201 0.430078 1.03976 0.00647366 0.00323133 -0.00021209
0.342903 0.39087 0.970625 0.00606331 0.00333418 -0.00031516
0.347264 0.335575 1.01963 0.00684709 0.00337258 -7.244e-05
0.327921 0.473485 1.01648 0.00632277 0.0032 -0.00043298
0.318143 0.262903 0.955842 0.0070522 0.0033501 -4.594e-05
0.324414 0.4899 1.13847 0.00683878 0.00352063 -0.00013176
0.332741 0.318513 0.986752 0.00699797 0.0036179 -0.00016488
0.318359 0.459191 1.14357 0.00720131 0.0036181 -0.00043298
0.28612 0.360411 1.00744 0.00701968 0.00371481 -0.00043298
0.301496 0.322298 1.00273 0.00694837 0.0035846 -7.666e-05
0.315202 0.520645 1.07511 0.00683092 0.00342835 -0.00023701
0.322104 0.314178 0.997595 0.00680338 0.00328338 -5.862e-05
0.31965 0.321772 1.0313 0.00746722 0.00303063 5.709e-05
0.321383 0.433912 1.0304 0.00626475 0.00306644 -0.00028005
0.327085 0.24375 0.980282 0.00704121 0.00312756 0.00010757
0.319003 0.514876 1.03002 0.0062965 0.00345581 -7.273e-05
0.328036 0.295504 0.961313 0.00682897 0.0035046 -9.847e-05
0.338446 0.162457 0.94177 0.00639504 0.00324269 -0.00013207
0.339095 0.451166 1.00602 0.00757357 0.00334874 8.692e-05
0.333287 0.396843 0.965691 0.00709853 0.00322681 3.417e-05
0.339022 0.288568 1.01113 0.00774264 0.00317417 0.00029056
0.326804 0.548298 1.06406 0.00719176 0.00337967 -0.00020917
0.334242 0.312769 1.0302 0.00756895 0.00349697 9.511e-05
0.320311 0.257327 1.05972 0.00642034 0.00338114 0.00016115
0.331352 0.274586 1.05039 0.00550148 0.00317495 0.00016371
0.37498 0.255979 0.944385 0.00625022 0.00296218 0.00037818
0.366736 0.336187 0.975746 0.00605109 0.00292844 0.00031636
0.361312 0.307756 0.955241 0.00651019 0.00277417 0.00053655
0.354641 0.550775 0.973866 0.00642652 0.00267601 0.0001666
0.341026 0.310023 0.912164 0.00690686 0.00292472 9.488e-05
0.352294 0.188113 0.961899 0.00694949 0.00273542 0.00034087
0.341845 0.412111 0.98339 0.006042 0.00297823 2.212e-05
0.340802 0.0727221 0.965909 0.00713678 0.00300119 0.00014139
0.339243 0.333522 1.09275 0.00711637 0.00313973 -4.902e-05
0.338911 0.269165 0.961899 0.00704237 0.00315337 -0.00019132
0.337556 0.241394 1.0301 0.00743112 0.00326234 0.000134
0.338599 0.512981 0.994955 0.00620872 0.00305927 -6.106e-05
0.305955 0.230378 0.912302 0.00617072 0.00309605 -0.00010903
0.314796 0.229213 0.977462 0.00696842 0.00291414 0.00017103
0.319845 0.484873 0.95982 0.00628779 0.00262805 4.201e-05
0.31279 0.210382 0.916329 0.00672538 0.00248453 0.00025585
0.325099 0.358867 1.04343 0.00685952 0.0029259 0.00020676
0.316876 0.36597 1.00618 0.00702261 0.00244229 0.00021499
0.3091 0.17471 0.999376 0.00751767 0.00247331 0.00036286
0.316587 0.432549 1.09653 0.00668973 0.00285617 0.00018901
0.316596 0.27391 1.02988 0.00715473 0.00250463 0.00027057
0.319235 0.225027 1.04888 0.00773805 0.0025329 0.00033243
0.322025 0.495384 1.1149 0.00677514 0.00261552 0.00018643
0.318747 0.29256 0.965702 0.00688993 0.00283709 0.00027398
0.326599 0.304785 1.03204 0.00652133 0.00285162 0.00039563
0.329696 0.435657 1.01341 0.00607046 0.00284314 0.00015321
0.330786 0.204355 1.01241 0.00708443 0.00285779 0.00023508
0.339111 0.460795 1.0668 0.00614156 0.00265668 0.00027799
0.328387 0.280043 1.04885 0.00706268 0.00313183 0.00024015
0.324383 0.265272 1.14027 0.00790478 0.00321456 0.00020126
0.327868 0.424371 1.08102 0.00834175 0.00262014 0.00018489
0.327157 0.294587 1.11863 0.00827495 0.00267703 0.00016377
0.318381 0.515665 1.18497 0.00756428 0.00291065 5.081e-05
0.314401 0.263272 1.07565 0.00777803 0.00310262 0.00014731
0.306631 0.469852 1.22873 0.00808927 0.00293656 -4.2e-05
0.298188 0.332772 1.06547 0.00783234 0.00312151 0.00010574
0.321086 0.324092 1.14896 0.00837339 0.00241605 0.00024835
0.321614 0.52563 1.11921 0.00682955 0.00287916 0.00014273
0.322486 0.241548 0.993262 0.00605714 0.00293477 7.383e-05
0.340708 0.12692 0.931618 0.00677656 0.00268451 0.00020565
0.351733 0.124913 0.733379 0.00767597 0.00247191 0.00018276
0.333828 0.344246 0.832957 0.00669941 0.00244889 0.00018811
0.312799 0.55691 0.904378 0.00691541 0.00277876 -9.303e-05
0.306048 0.215608 0.922343 0.00794117 0.00275995 -7.845e-05
0.301488 0.354052 0.916915 0.00736823 0.00273192 -3.415e-05
0.291063 0.275694 0.865672 0.00738482 0.00238628 9.896e-05
0.28434 0.156059 0.90421 0.00802168 0.00262293 0.00018017
0.289037 0.383331 0.926766 0.00710366 0.00287425 -0.00014132
0.270822 0.132999 0.871814 0.00805518 0.00265921 -2.49e-06
0.274495 0.307739 0.967688 0.00803958 0.00276678 3.117e-05
0.277226 0.420225 0.910576 0.00770055 0.00273214 -0.00010884
0.277372 0.251144 0.942127 0.00835935 0.00285112 -3.048e-05
0.281948 0.505869 1.0495 0.00774549 0.00302578 -0.00021558
0.294642 0.330025 0.961219 0.00763114 0.00288118 -2.8e-05
0.302236 0.332612 1.0372 0.00841046 0.00294678 7.91e-05
0.306515 0.434191 1.00782 0.00785485 0.00324787 -6.337e-05
0.303938 0.239341 1.00167 0.00814348 0.00333898 -2.892e-05
0.310456 0.261949 1.0534 0.00785448 0.00348737 -5.28e-06
0.314073 0.395912 1.05248 0.00780726 0.00328823 2.355e-05
0.31425 0.202579 0.991656 0.00832445 0.00319662 0.00013511
0.314275 0.418396 1.10145 0.00810075 0.00346445 0.00013342
0.313932 0.334314 0.992957 0.00851901 0.00324387 -3.597e-05
0.313778 0.360643 1.08144 0.00847914 0.003243 -0.00014044
0.302042 0.449411 1.06624 0.00839764 0.003224 -0.00021558
0.318579 0.307945 1.00693 0.00818867 0.00323959 -4.911e-05
0.316406 0.428693 1.06406 0.00798489 0.00362823 -2.806e-05
0.31608 0.365907 0.997632 0.00834495 0.00345927 -0.00021558
0.318003 0.257951 1.01717 0.00896345 0.00341022 -2.576e-05
0.313842 0.454452 1.12586 0.00854819 0.00358928 -0.00013244
0.313818 0.244618 0.96578 0.00829448 0.00327474 -0.00014423
0.305808 0.35164 1.09202 0.00930133 0.00316398 -4.909e-05
0.291496 0.450537 1.09037 0.00903732 0.0033049 -0.00027665
0.280201 0.274094 0.994588 0.00889969 0.00318422 -9.039e-05
0.277223 0.492719 1.16639 0.00888902 0.00341478 -0.00021802
0.286813 0.396877 1.0435 0.00851387 0.00343466 -0.00021376
0.303289 0.265349 0.998394 0.00868547 0.00336713 -0.0002154
0.293443 0.49258 1.02411 0.00767031 0.00316591 -0.00030121
0.303342 0.273837 0.907993 0.0079561 0.00276858 -0.00024501
0.303675 0.26641 0.996155 0.00814921 0.00335926 -6.546e-05
0.294371 0.418288 0.994949 0.00808462 0.00284663 -0.00016407
0.303833 0.173249 0.958688 0.00836318 0.00297518 -3.159e-05
0.303756 0.350878 1.06117 0.00813562 0.0032119 -9.857e-05
0.303678 0.397934 1.0209 0.00833611 0.00308987 -0.00016407
0.303636 0.279666 1.00428 0.00871119 0.00307389 -0.00016407
0.3036 0.462756 1.10476 0.00877742 0.00335293 -0.00016407
0.287748 0.305259 0.987302 0.00906841 0.00299738 -9.161e-05
0.267727 0.37086 1.06037 0.0101097 0.0029955 -2.145e-05
0.272002 0.449479 1.05332 0.00934542 0.0035389 -0.00012836
0.285596 0.293603 1.00344 0.00873546 0.00321356 4.684e-05
0.29002 0.484854 1.06161 0.00857871 0.00382883 -0.0001793
0.305444 0.205923 0.980707 0.00860611 0.00340168 0.00013877
0.302217 0.317865 1.06276 0.0086182 0.0038037 -0.00014166
0.296981 0.311604 0.978941 0.0082667 0.00367969 -9.939e-05
0.298732 0.229107 1.02551 0.00896034 0.00373402 -1.937e-05
0.283453 0.426711 1.10374 0.00938249 0.0041154 -0.00021162
0.288195 0.26468 1.03687 0.00975023 0.00368221 -0.00014661
0.28967 0.483616 1.13071 0.00948032 0.00381829 -4.692e-05
0.302937 0.405131 1.0945 0.00968036 0.00259502 0.000359
0.319462 0.354686 1.15875 0.00996277 0.00257499 0.00017484
0.306154 0.462787 1.24593 0.00972268 0.00261948 0.00032129
0.302751 0.30322 1.13918 0.00994941 0.00225862 0.00020993
0.299684 0.200172 1.10337 0.00964263 0.00209426 8.526e-05
0.302464 0.398586 1.1466 0.00937031 0.00216022 8.644e-05
0.288925 0.259983 1.07387 0.00964241 0.00214019 -6.321e-05
0.285423 0.199517 1.08581 0.00810615 0.00235607 3.09e-06
0.314876 0.203451 0.89433 0.00919879 0.0025882 -0.00036016
0.305926 0.525399 0.939651 0.00791146 0.00266141 -0.00027239
0.304416 0.46351 0.888972 0.00825399 0.00230466 -0.00022071
0.30488 0.199163 0.868828 0.00811723 0.00210675 0.00011315
0.306355 0.459677 0.941267 0.00782976 0.00249752 -0.0001424
0.300726 0.259906 0.966851 0.0082074 0.00299919 -0.00034201
0.297721 0.159644 1.01607 0.00882785 0.00298515 -0.00016827
0.297483 0.370233 1.03993 0.00835207 0.00277876 -0.00021102
0.299104 0.172549 0.976222 0.00845023 0.00271828 9e-07
0.296298 0.232735 1.0933 0.00916287 0.00245659 0.00021614
0.29741 0.479472 1.25046 0.00914135 0.0022884 8.159e-05
0.288241 0.460418 1.18505 0.009084 0.00119157 0.00027169
0.265541 0.281463 1.18508 0.00864028 0.00139046 0.00016544
0.266196 0.492945 1.18006 0.0077681 0.00178142 0.00022504
0.261684 0.338547 1.14006 0.00876764 0.00185856 0.00022139
0.261785 0.20421 1.19918 0.00919975 0.00181007 0.00023878
0.316223 0.418334 1.35673 0.00857267 0.00251827 0.00010862
0.335604 0.286942 1.30751 0.00886608 0.00234989 0.00019653
0.342946 0.271305 1.33132 0.00902023 0.00317891 9.288e-05
0.33657 0.40019 1.35785 0.00833018 0.00428702 -0.00013064
0.316123 0.238584 1.28766 0.00802619 0.0037132 0.0003613
0.315741 0.298986 1.20793 0.00738667 0.00358807 0.00047369
0.268541 0.469501 1.10146 0.00689215 0.00360511 -5.22e-05
0.276457 0.126291 0.979296 0.0068615 0.00294818 7.591e-05
0.284029 0.207159 1.06043 0.00716155 0.00369145 0.00030434
0.287015 0.257142 1.11934 0.0072543 0.00388533 0.00040346
0.276259 0.297831 1.12872 0.00763809 0.00393604 0.00043494
0.276232 0.388057 1.14458 0.00770362 0.00379493 0.00059228
0.300315 0.531235 1.1037 0.00708379 0.00343282 0.00026582
0.299133 0.208984 1.0856 0.00717298 0.00370789 0.00055754
0.304753 0.303204 1.2035 0.00740419 0.00393678 0.00059181
0.306317 0.402161 1.13775 0.00739409 0.00391447 0.00026582
0.294933 0.128411 1.13012 0.0079169 0.00422095 0.00039739
0.292212 0.356948 1.25883 0.00762127 0.00401056 0.00036217
0.284769 0.34238 1.13715 0.00747871 0.00411571 0.00039509
0.284934 0.225251 1.16552 0.00818664 0.00384062 0.00047113
0.284837 0.515645 1.17899 0.00744307 0.00397535 0.0003836
0.272681 0.244478 1.10428 0.00802283 0.00424254 0.00049093
0.280519 0.436301 1.2454 0.00809962 0.00437511 0.0004485
0.284939 0.42242 1.14278 0.00713333 0.00388315 0.00035015
0.235089 0.223165 1.13051 0.00657271 0.00448004 0.00039407
0.235465 0.175974 1.14563 0.00708348 0.00430771 0.00054524
0.26748 0.144436 1.04124 0.0061778 0.00341707 0.00082758
0.293849 0.423659 1.10366 0.00698143 0.00340114 0.00091933
0.298733 0.371522 1.03456 0.00734906 0.00376659 0.00054524
0.283839 0.161961 1.06818 0.00785051 0.00406249 0.00075908
0.293094 0.446605 1.08178 0.0069536 0.00377998 0.00059718
0.293225 0.181337 1.05814 0.00760114 0.00442322 0.00054524
0.28481 0.21287 1.16988 0.00836591 0.00493953 0.00068567
0.288672 0.412098 1.14579 0.00763939 0.00433332 0.00054524
0.26985 0.185936 1.04417 0.00841104 0.00404457 0.00063702
0.284895 0.416556 1.19963 0.00837901 0.00379185 0.00054524
0.266539 0.344027 1.074 0.00810995 0.00428396 0.00054524
0.262522 0.2791 1.10274 0.00848373 0.00466415 0.00054524
0.266669 0.508518 1.17014 0.0076061 0.00394382 0.00054524
0.277183 0.242405 1.05986 0.00817347 0.00403229 0.00054524
0.267866 0.26556 1.1365 0.00862569 0.00403881 0.00064534
0.282714 0.47123 1.16129 0.00797727 0.00423221 0.00054524
0.285476 0.196044 1.0654 0.00819691 0.00424739 0.00054524
0.285946 0.322697 1.19254 0.00893369 0.00396734 0.00067684
0.285918 0.342322 1.13598 0.00852978 0.00398376 0.00067007
0.286191 0.239085 1.10556 0.00840289 0.00386431 0.00077978
0.285839 0.525611 1.14872 0.00789582 0.00349579 0.00054524
0.319266 0.704657 1.12408 0.00781965 0.00343638 0.00118581
0.30694 0.133524 1.16494 0.00709064 0.00310185 0.00112686
0.322217 -0.0291515 1.29788 0.00786272 0.00252884 0.00084679
0.318201 0.127063 1.37856 0.00713721 0.0029074 0.0006952
0.269391 0.310025 1.36064 0.00701928 0.00352656 0.00054524
0.279983 0.441696 1.36395 0.00783689 0.00307996 0.00076433
0.284643 0.688137 1.32177 0.00781528 0.00293904 0.00054524
0.283363 0.514624 1.26998 0.00776547 0.00266603 0.00090212
0.277725 0.513251 1.29031 0.00779802 0.00289904 0.00079107
0.277695 0.4831 1.3032 0.00766777 0.00334955 0.00085826
0.277517 0.472666 1.26772 0.00729387 0.00327509 0.00077992
0.279935 0.224667 1.28394 0.00752669 0.00335537 0.00085547
0.277303 0.190994 1.3084 0.00791942 0.00376943 0.00090329
0.290137 0.278488 1.32266 0.0073446 0.00396998 0.00095466
0.277486 0.207612 1.27024 0.00680396 0.00344302 0.00095951
0.264137 0.266578 1.30412 0.00600956 0.00432521 0.00094248
0.288891 0.489109 1.29324 0.00608826 0.00346996 0.00070552
0.297221 0.45454 1.17849 0.00613464 0.00306931 0.00070552
0.29439 0.306198 1.33352 0.00655642 0.00353425 0.00100822
0.293956 0.49087 1.04856 0.00629606 0.00283348 0.00075714
0.286877 0.200876 0.758768 0.00774803 0.00253105 0.00092812
0.293777 0.194219 0.860361 0.0070895 0.00279445 0.00087628
0.293898 0.297137 0.980935 0.00701941 0.00289461 0.00089432
0.296824 0.354993 1.10867 0.00736409 0.00316567 0.00089033
0.294051 0.339697 1.12055 0.00692176 0.00285719 0.00089635
0.300814 0.377751 1.16757 0.0072031 0.00291513 0.00093681
0.3048 0.449248 1.09707 0.00650295 0.00281599 0.00108647
0.305849 0.215057 1.21343 0.00717809 0.002237 0.00128361
0.300194 0.295709 1.21329 0.0069121 0.00220272 0.00119979
0.290296 0.445295 1.13066 0.00654473 0.00215285 0.00094912
0.298352 0.128609 1.12659 0.00701385 0.00214823 0.00147586
0.313409 0.324351 1.2239 0.00741562 0.00199397 0.00126656
0.312916 0.332432 1.13112 0.00729507 0.00212545 0.00106891
0.305442 0.247919 1.17473 0.00854897 0.00171775 0.00126656
0.302331 0.540825 1.18762 0.00761515 0.00196821 0.00086609
0.29619 0.295789 1.15717 0.00845234 0.00204304 0.00096657
0.293694 0.362769 1.28528 0.00877699 0.00214462 0.0011819
0.291335 0.527603 1.2815 0.00840544 0.00189874 0.00097515
0.285887 0.280722 1.27597 0.00927044 0.00216992 0.00113736
0.297777 0.435211 1.36417 0.00863431 0.00236016 0.00104591
0.297936 0.326699 1.30071 0.00888918 0.00226784 0.00106117
0.298354 0.380347 1.33486 0.00879028 0.00222133 0.00110801
0.291243 0.388666 1.25259 0.00856805 0.00180324 0.00096224
0.276348 0.253859 1.27902 0.00923847 0.00219073 0.00105309
0.293956 0.471452 1.31317 0.00853321 0.00209165 0.00103161
0.256818 0.276862 1.22035 0.00886245 0.00263705 0.00079904
0.258743 0.385378 1.30381 0.00892394 0.00250193 0.00079904
0.275885 0.535964 1.24967 0.00938958 0.00193935 0.00079904
0.252235 0.26983 1.26465 0.00946085 0.00239121 0.00071742
0.25086 0.482135 1.37624 0.00903536 0.00264292 0.00070846
0.236781 0.347074 1.2639 0.00935227 0.00276838 0.00055255
0.238373 0.394646 1.35588 0.00897968 0.00268809 0.00055661
0.252012 0.42618 1.30225 0.00910501 0.00209219 0.00057057
0.249479 0.328532 1.28763 0.00994355 0.00193129 0.00063709
0.214209 0.510845 1.35591 0.00955445 0.00176843 0.00045444
0.204024 0.229695 1.23098 0.00993909 0.00248845 0.00034169
0.182408 0.454947 1.38445 0.00972143 0.00212478 9.789e-05
0.18887 0.46166 1.36291 0.0100199 0.00183081 0.00010548
0.198907 0.31781 1.36165 0.0102662 0.00199905 0.00026424
0.192705 0.539936 1.43846 0.00970401 0.00181989 -1.203e-05
0.214704 0.337979 1.33898 0.0101811 0.00198597 0.00018938
0.21365 0.356379 1.40235 0.00980488 0.00188413 0.00018588
0.211213 0.454756 1.3429 0.00983553 0.00180144 3.245e-05
0.204522 0.259438 1.35535 0.0101117 0.00174561 0.00019345
0.200089 0.469544 1.38643 0.0102497 0.00167139 0.00020597
0.174387 0.281768 1.31228 0.0105885 0.00240921 0.00015253
0.193022 0.51033 1.438 0.0100324 0.00167859 0.0003179
0.205322 0.474427 1.35772 0.0103781 0.00167546 0.00037057
0.205274 0.334814 1.37826 0.0104026 0.00174777 0.00039929
0.198574 0.505064 1.37095 0.010278 0.00150009 0.00023503
0.205065 0.292311 1.35291 0.0105395 0.00175005 0.0003095
0.185579 0.475204 1.39634 0.0102301 0.00140591 0.00016087
0.161204 0.345691 1.3261 0.0104486 0.00217847 9.192e-05
0.0928075 0.328129 1.32288 0.0106772 0.00247597 -0.00021258
0.118221 0.524187 1.39234 0.0102871 0.00229079 -0.00033271
0.159263 0.33652 1.30804 0.0104362 0.00173048 5.84e-05
0.168662 0.613941 1.29431 0.00956384 0.00182567 -7.48e-05
0.183162 0.450058 1.17614 0.00989962 0.00140571 -2.382e-05
0.187639 0.118373 1.29289 0.00978223 0.00149815 0.00025374
0.183499 0.340402 1.3254 0.0102971 0.00136591 9.003e-05
0.183636 0.393639 1.28433 0.0106163 0.00163782 0.00018273
0.192312 0.283747 1.32874 0.0107828 0.00176815 0.00041037
0.200476 0.518881 1.35356 0.0107113 0.00156803 0.00023401
0.203172 0.408872 1.30777 0.0104706 0.00173847 0.00037406
0.18764 0.361894 1.32081 0.00938017 0.00191588 0.00050951
0.164303 0.321758 1.17808 0.00899854 0.00160369 0.00062661
0.182548 0.199875 0.917711 0.0091638 0.00102884 0.0006813
0.200227 0.435456 0.983933 0.00831579 0.00097477 0.00096718
0.195323 0.460086 1.04665 0.00923233 0.00108333 0.00059542
0.211526 0.168445 1.06978 0.00905009 0.00135242 0.00073098
0.228928 0.280681 1.14292 0.00936225 0.00135624 0.00063955
0.234799 0.368799 1.12757 0.00957341 0.00110382 0.00037768
0.226405 0.239105 1.16184 0.00951589 0.00137907 0.00044075
0.234411 0.40486 1.2505 0.00978762 0.00154902 0.00023401
0.234647 0.303246 1.17505 0.00982145 0.00129506 0.00032554
0.236923 0.435476 1.24187 0.00963079 0.00164798 0.00023401
0.234287 0.389394 1.13834 0.00961944 0.00168216 0.00023401
0.234559 0.285012 1.14994 0.00984906 0.00143906 0.00032981
0.238899 0.519281 1.14406 0.00931301 0.00141284 0.00023401
0.241124 0.231722 1.10003 0.00946276 0.00172289 0.00023401
0.237251 0.31317 1.18527 0.00975804 0.00138615 0.00038216
0.23655 0.418289 1.15793 0.00927187 0.00149408 0.00027237
0.242272 0.222121 1.16324 0.00939591 0.00134931 0.00046911
0.252005 0.468249 1.20779 0.00935609 0.00144993 0.00072545
0.2589 0.284812 1.12562 0.00963536 0.00115127 0.00063675
0.247444 0.291972 1.19068 0.00996187 0.00149772 0.00051937
0.248301 0.510425 1.19167 0.00971261 0.00158531 0.00039137
