0.0512943 0.141353 0.343843 -0.0010148 0.00109764 0.00037304
0.0463823 0.180071 0.303996 -0.00081323 0.00090372 0.00034534
0.0466918 0.223106 0.370918 -0.00095232 0.00083893 0.00047143
0.0518 0.0614348 0.381468 -0.00093814 0.00100623 0.00066905
0.0556873 0.211537 0.316708 -0.00074405 0.00104218 0.00040909
0.0536655 0.239091 0.357767 -0.00081473 0.00106744 0.00040876
0.0592839 0.140912 0.383496 -0.00165466 0.0009353 0.0005084
0.0613361 0.242088 0.369487 -0.00108026 0.00097442 0.00042745
0.0621681 0.084605 0.380436 -0.00150685 0.00120814 0.00065067
0.0622158 0.18539 0.301031 -0.00076166 0.00109346 0.0004014
0.0614083 0.247119 0.372662 -0.00120527 0.00105195 0.00059448
0.063448 0.0650393 0.379071 -0.00120144 0.00132451 0.00065102
0.0707232 0.283971 0.351431 -0.00113236 0.00132078 0.00061
0.0741273 0.271402 0.407348 -0.00121623 0.00142435 0.00061101
0.0738111 0.122044 0.387515 -0.0010257 0.00142052 0.00051369
0.0738317 0.33663 0.430034 -0.00152432 0.00137678 0.00049205
0.0743932 0.141432 0.419012 -0.00112576 0.00177003 0.00078022
0.0784693 0.169545 0.34206 -0.00082645 0.00153406 0.00057375
0.0743834 0.357456 0.375294 -0.00045796 0.00143639 0.00067915
0.0742178 0.159386 0.435683 -0.00113442 0.00148469 0.00067499
0.0813698 0.260015 0.344777 -0.00072879 0.00175012 0.00059566
0.0906565 0.234412 0.391386 -0.00081547 0.00178493 0.00065262
0.0903858 0.0915145 0.362895 -0.00012489 0.00192944 0.0006133
0.0752565 0.319841 0.351938 -0.0002848 0.00148783 0.00048444
0.0802984 0.173649 0.445167 -0.00126514 0.00151817 0.0006046
0.092364 0.102194 0.386863 -0.00094739 0.00175675 0.00069157
0.0881127 0.364356 0.374029 -0.00078574 0.00158017 0.00060847
0.0938081 0.24977 0.438086 -0.00119936 0.00180787 0.00081691
0.104805 0.201415 0.39103 -0.00109734 0.00191052 0.00072059
0.0995646 0.39009 0.406343 -0.00071484 0.00184937 0.00080092
0.0974983 0.193274 0.482322 -0.00123559 0.00191411 0.00093383
0.105993 0.225049 0.406625 -0.00057951 0.00196959 0.00074315
0.0996589 0.320666 0.457106 -0.00075975 0.00175772 0.00086661
0.100432 0.120198 0.495664 -0.00104658 0.00169063 0.00095352
0.0979586 0.344375 0.475204 -0.00133858 0.00169508 0.00071886
0.0915008 0.244008 0.567089 -0.00153418 0.00184022 0.00073837
0.0931692 0.210382 0.549665 -0.00120402 0.00202174 0.00061872
0.0854302 0.422377 0.543568 -0.00083789 0.00218345 0.00058905
0.0809704 0.199085 0.663178 -0.00158993 0.00264102 0.00074161
0.104018 0.348531 0.509503 -0.00048843 0.00233824 0.00057111
0.100448 0.327257 0.611162 -0.00116432 0.00250041 0.00071672
0.102171 0.226483 0.621313 -0.00136249 0.00261981 0.00058576
0.0911634 0.41821 0.626684 -0.00130127 0.00253676 0.00070942
0.0886122 0.174628 0.67068 -0.00162024 0.0031838 0.00078976
0.103056 0.388825 0.588853 -0.00065056 0.0024385 0.00055511
0.0882152 0.347932 0.697241 -0.0008104 0.00375061 0.00066346
0.0884286 0.168313 0.731265 -0.00143241 0.00364538 0.00066836
0.0959734 0.424852 0.589213 -0.00036845 0.00323559 0.00057296
0.0907831 0.24142 0.744969 -0.00107581 0.00398707 0.00073573
0.106794 0.312541 0.685683 -0.00154832 0.00322035 0.00080255
0.114611 0.411612 0.679529 -0.00149816 0.00327168 0.00096263
0.101899 0.227751 0.661579 -0.00093008 0.00377786 0.00074097
0.114199 0.448741 0.58126 -0.00045936 0.00289656 0.0007324
0.0958571 0.342299 0.695069 -0.00163367 0.00362458 0.00093135
0.0978033 0.198451 0.617082 -0.00135318 0.00228374 0.0008697
0.114976 0.434487 0.584375 -0.00095347 0.00253318 0.00097235
0.105899 0.18584 0.593254 -2.447e-05 0.00313329 0.00111445
0.114871 0.291705 0.579201 -0.00018119 0.00293918 0.0010048
0.103704 0.414903 0.632575 -0.00036849 0.00347206 0.00100537
0.109084 0.314616 0.686184 -0.00086739 0.0039698 0.00100733
0.10507 0.222313 0.668543 -0.00026975 0.0045007 0.0010916
0.1173 0.250387 0.65354 9.706e-05 0.00407267 0.00092031
0.119834 0.435981 0.685774 3.691e-05 0.00464513 0.00078325
0.117636 0.231892 0.742134 -0.00025172 0.00459345 0.00088378
0.116006 0.434944 0.661198 -0.00017855 0.0043878 0.00090078
0.113852 0.381503 0.765227 0.00019288 0.00492684 0.00095178
0.118767 0.288466 0.710145 -0.00011284 0.00484233 0.00068416
0.122025 0.47049 0.699894 -0.00010053 0.00463918 0.00089564
0.124617 0.241034 0.720277 -0.00079061 0.00462234 0.00084692
0.143038 0.328757 0.669244 0.00019115 0.00469115 0.00079677
0.13886 0.382634 0.776269 0.00038797 0.00493277 0.00096191
0.13627 0.225686 0.715443 0.00061948 0.00508775 0.00078295
0.138832 0.448282 0.751705 0.00043205 0.00508962 0.00085734
0.125588 0.265956 0.832356 0.00014196 0.00537453 0.00080012
0.126125 0.39299 0.769657 0.0003798 0.00510141 0.00094509
0.13075 0.419506 0.815588 0.00011678 0.00512163 0.00104886
0.142134 0.299469 0.776318 0.0005844 0.00517774 0.00114788
0.147441 0.479751 0.782779 0.00021825 0.00479476 0.00126454
0.139855 0.290838 0.826872 0.00010406 0.00527667 0.00132195
0.151349 0.349876 0.765114 0.00042063 0.00528441 0.00127518
0.147516 0.438192 0.815154 0.00090767 0.00553664 0.00128643
0.150544 0.281735 0.828388 0.00025394 0.00569191 0.00132676
0.147655 0.427228 0.753303 0.00103586 0.00565608 0.00135824
0.150745 0.263771 0.84957 0.00036642 0.00575551 0.00155452
0.161216 0.388181 0.734647 0.00075789 0.00520171 0.00133312
0.147035 0.377802 0.776547 0.00074172 0.00558571 0.00144258
0.153523 0.260212 0.776944 0.00062352 0.00562942 0.00136224
0.147009 0.489504 0.746968 0.00069187 0.00557985 0.00133622
0.142993 0.289632 0.799591 0.00073263 0.0055925 0.00137933
0.166329 0.345384 0.729107 0.00015835 0.00544854 0.0011712
0.15083 0.457169 0.794574 -0.00010848 0.00536649 0.00147829
0.150235 0.222312 0.788923 0.00048551 0.00590134 0.0015562
0.154671 0.4823 0.761383 0.00097192 0.00561909 0.00156898
0.146269 0.3618 0.850015 0.00106676 0.00568057 0.0016527
0.148313 0.357782 0.777118 0.00132307 0.00559955 0.00157475
0.146636 0.352167 0.816881 0.00127724 0.00606975 0.002
0.158572 0.257182 0.774876 0.00153126 0.00577147 0.00154859
0.153521 0.458295 0.785382 0.00158962 0.00610102 0.00159996
0.158393 0.270976 0.878239 0.00137983 0.00616954 0.0018645
0.1622 0.419714 0.809019 0.00182729 0.0063327 0.00192828
0.152504 0.433298 0.893978 0.00196864 0.00606886 0.00193273
0.133382 0.372128 0.906487 0.00241157 0.00620398 0.00159804
0.135744 0.526126 0.867592 0.0021466 0.00638817 0.00193305
0.127232 0.320203 0.922384 0.00201109 0.00606893 0.00173554
0.124426 0.467071 0.844747 0.00235856 0.00625015 0.00189498
0.11758 0.430981 0.920525 0.00259077 0.00625461 0.00189739
0.10507 0.371076 0.957401 0.00279495 0.0060328 0.0019193
0.0900309 0.511462 1.0233 0.0033656 0.00561958 0.002
0.0845682 0.31614 1.06305 0.00255257 0.00539408 0.002
0.0885324 0.474106 1.00238 0.00328657 0.00582569 0.00188938
0.0903025 0.314795 1.08523 0.00273315 0.00587914 0.00182106
0.0659146 0.562952 1.01108 0.00391325 0.00593296 0.00190627
0.0567372 0.45406 1.20319 0.00404496 0.00697541 0.00158122
0.0599171 0.566231 1.11854 0.00436751 0.00679126 0.00172244
0.0695441 0.557158 1.19072 0.004363 0.00721397 0.0019179
0.0703844 0.391997 1.15214 0.0035946 0.00656665 0.00157106
0.0603836 0.638612 1.18165 0.00550035 0.00760213 0.00157431
0.0586989 0.36866 1.31877 0.00357682 0.00722321 0.00149207
0.0609382 0.56305 1.19757 0.00478016 0.00732631 0.00153583
0.0478438 0.466197 1.35306 0.00412859 0.00705018 0.00132971
0.0409203 0.434196 1.3188 0.00478813 0.00694799 0.00123448
0.0404864 0.611802 1.30206 0.00433828 0.00691817 0.0014198
0.0405654 0.416071 1.30679 0.00393703 0.00658768 0.00126328
0.0508854 0.599536 1.23974 0.00486713 0.00681511 0.00113165
0.0374599 0.584906 1.40153 0.00422471 0.00683816 0.00133549
0.0477537 0.521189 1.30561 0.0045379 0.00690493 0.00128721
0.0387327 0.556897 1.32918 0.00442567 0.00681238 0.00127451
0.0311157 0.435442 1.24815 0.00462496 0.00621362 0.00114539
0.0041843 0.621789 1.20289 0.00581 0.00646606 0.0013914
0.0155986 0.492091 1.31664 0.00520231 0.00660625 0.00149001
0.0289353 0.236057 1.19277 0.0041268 0.0063321 0.00137368
0.0549763 0.533787 1.11612 0.00138115 0.00450832 0.00137733
0.0582929 0.66168 1.09287 0.00282902 0.00522854 0.00193325
0.0647605 0.449382 1.13624 0.0031648 0.00598618 0.00167277
0.0560643 0.395444 1.11198 0.00424652 0.00648646 0.00157412
0.048724 0.634126 1.19853 0.00479084 0.0070723 0.00156909
0.0413228 0.545356 1.24126 0.00451415 0.00704549 0.00142807
0.0402822 0.356797 1.21446 0.00381647 0.00635763 0.00136792
0.0435741 0.58067 1.18469 0.00437928 0.00691339 0.00129847
0.0404532 0.450171 1.24952 0.00384456 0.0067375 0.00136351
0.0397738 0.383314 1.21972 -0.00032674 0.00469765 0.00130006
0.0279666 0.517412 1.24235 -0.00147263 0.00510169 0.00151892
0.040966 0.452655 1.19621 -0.00072185 0.00460969 0.00159452
0.0382048 0.518853 1.20419 -0.00047998 0.00457836 0.0015523
0.035192 0.537414 1.19553 -0.00046881 0.00471599 0.0016444
0.0370896 0.514333 1.21711 -0.00054948 0.00491806 0.00164771
0.0500635 0.471977 1.18387 0.00064755 0.00479951 0.001762
0.0432835 0.277766 1.14783 0.00132635 0.0046341 0.00132182
0.0513495 0.558739 1.09205 0.00141265 0.00486348 0.00158484
0.0448701 0.41807 1.15581 0.00121335 0.00473972 0.00157913
0.0465481 0.409429 1.07115 0.00177539 0.00522513 0.00126093
0.053749 0.682592 1.13674 0.00138874 0.00503709 0.00174056
0.0333326 0.34343 1.2817 -0.0008118 0.00513535 0.0015094
0.0281598 0.5503 1.19965 -0.00139955 0.00479215 0.00145673
0.0442998 0.567526 1.12744 -0.0003119 0.00551486 0.00149261
0.0568646 0.467669 1.14991 -0.00014366 0.00498112 0.00175157
0.0564886 0.428828 1.17041 -0.00014636 0.00484801 0.00172518
0.0588049 0.31434 1.18169 0.00039757 0.00471065 0.00160663
0.0587882 0.432709 1.18802 0.00051006 0.00434841 0.00168114
0.0404444 0.22746 1.14138 0.00116388 0.00355341 0.00132516
0.0573138 0.566072 1.13568 0.0010875 0.00374374 0.00148755
0.0498698 0.586842 1.22683 0.00081434 0.00392936 0.00152808
0.0520588 0.437428 1.23112 0.0010471 0.0038681 0.00134474
0.0430571 0.703599 1.2357 0.00129849 0.0043992 0.00162051
0.0229768 0.465214 1.41505 0.00146301 0.005981 0.00125104
0.0367016 0.556464 1.27727 0.00142587 0.00514366 0.00149898
0.0257525 0.438396 1.42437 0.00166534 0.00622692 0.00130664
0.0334075 0.359604 1.38525 0.0013515 0.00609836 0.00132812
0.0388242 0.487772 1.40571 0.00187843 0.00652019 0.00141626
0.0384519 0.290338 1.45781 0.00163434 0.00638144 0.00135011
0.0350823 0.561991 1.40287 0.00228059 0.00640071 0.00139487
0.0263474 0.499487 1.49028 0.00173339 0.00654876 0.00117636
0.0147486 0.409546 1.43777 0.00184862 0.00614264 0.00109421
0.00637833 0.675645 1.4401 0.00236837 0.00645684 0.001342
0.00133748 0.454201 1.53249 0.00189003 0.00633309 0.00106997
0.00669571 0.582017 1.47562 0.00171856 0.00620024 0.00092589
0.00104075 0.449387 1.48373 0.00154035 0.00609489 0.00101561
0.0267762 0.426862 1.41753 0.00183885 0.00579101 0.00090791
0.0221519 0.532832 1.52249 0.00159569 0.00630978 0.00096973
0.0216921 0.454494 1.46702 0.00191488 0.00619167 0.00096723
0.0161974 0.368814 1.51945 0.00148221 0.00644794 0.00091957
0.0182458 0.422182 1.42515 0.00258848 0.00608383 0.00102559
0.00891252 0.505424 1.51845 0.00142289 0.0064047 0.00090829
0.00988569 0.364594 1.543 0.00132162 0.00595928 0.00088261
0.00686676 0.616385 1.52679 0.00206504 0.00652929 0.00093499
0.0129914 0.584156 1.53471 0.00165671 0.00650167 0.00092131
-0.00080505 0.391579 1.56388 0.00135655 0.00585999 0.00085235
0.00852574 0.540342 1.48784 0.00183411 0.00585999 0.00090249
-0.00605519 0.495674 1.60891 0.00151553 0.00597286 0.00063345
-0.0073247 0.355936 1.53168 0.00117472 0.00585999 0.00082701
0.00288887 0.571944 1.47038 0.00110589 0.00609768 0.00080095
0.00149452 0.352119 1.57021 0.00153127 0.00583665 0.00076833
0.0115161 0.575201 1.4738 0.00188912 0.00611297 0.00079839
0.0013051 0.378351 1.5448 0.0004357 0.00611284 0.00066583
0.00765268 0.49526 1.50754 0.00162526 0.00620743 0.00059279
0.00700889 0.542744 1.56131 0.00129752 0.00640025 0.00081666
0.0102503 0.386398 1.54779 0.00146123 0.00633525 0.00086447
0.00373787 0.625727 1.50452 0.00160851 0.00675658 0.00096792
0.00748717 0.415891 1.63766 0.00108038 0.00612783 0.00097822
0.0119895 0.516321 1.53858 0.00179215 0.00650215 0.00082847
0.0173177 0.556343 1.61083 0.00176161 0.00659016 0.00072917
0.0171556 0.367302 1.63844 0.00134363 0.00650558 0.00070913
0.0247696 0.587379 1.61788 0.00141122 0.00648831 0.00089741
0.0308815 0.417073 1.67222 0.00139623 0.00657173 0.00086581
0.0267459 0.483752 1.60618 0.00177596 0.00670011 0.00077865
0.0210548 0.603678 1.61472 0.00193421 0.00664727 0.00095224
0.0184219 0.403059 1.60853 0.00198465 0.00695012 0.00069401
0.0197034 0.639371 1.57149 0.00257032 0.00700626 0.00067366
0.0240774 0.416944 1.62625 0.00180174 0.00694156 0.00075542
0.0173507 0.53136 1.53926 0.00211831 0.00710809 0.00078738
0.0105925 0.52922 1.61253 0.00129271 0.00757965 0.00068552
0.0313117 0.385709 1.5582 0.00178971 0.00692703 0.00073246
0.0179809 0.612035 1.59112 0.00193434 0.00670012 0.00069342
0.0145402 0.394281 1.60528 0.00169857 0.00670011 0.00058232
0.00726182 0.610055 1.58836 0.0022292 0.00670012 0.00074339
-0.00203249 0.466005 1.68978 0.00161966 0.00647173 0.00063593
-0.0139703 0.551905 1.60219 0.001981 0.00652971 0.00065959
-0.0210741 0.529973 1.73813 0.00142283 0.0060634 0.00080681
-0.020443 0.415399 1.7315 0.00178495 0.00610904 0.00071339
-0.0130723 0.591182 1.69752 0.0022007 0.00610904 0.00072989
-0.0165892 0.433472 1.77563 0.00127503 0.00595594 0.00078767
-0.0378867 0.526138 1.67481 0.00177068 0.0059564 0.00078486
-0.050144 0.588478 1.72612 0.00194993 0.00595038 0.00084187
-0.0347907 0.398923 1.81153 0.00185438 0.00480884 0.00089951
-0.0242372 0.580604 1.66818 0.00213394 0.00609724 0.00075617
-0.0242818 0.494758 1.76156 0.00148125 0.00573581 0.0006512
-0.039728 0.437288 1.7017 0.00139027 0.00553288 0.00067913
-0.0395742 0.67781 1.68866 0.00205304 0.00542619 0.00071858
-0.0346843 0.428263 1.71085 0.00143003 0.00526419 0.0007295
-0.0130538 0.460551 1.61449 0.0019038 0.00547829 0.00065233
-0.0178892 0.607082 1.68431 0.00175459 0.00559842 0.00093924
-0.0115425 0.393427 1.73084 0.00214809 0.0054008 0.00067172
2.131e-05 0.506547 1.75886 0.00230637 0.00553543 0.0005517
0.00961082 0.520313 1.80699 0.00178383 0.00545641 0.00066016
0.00746225 0.474351 1.57396 0.00271089 0.00614064 0.00053588
0.0162341 0.509829 1.66473 0.0010727 0.00648162 0.00077492
0.0189472 0.359523 1.64888 0.00118757 0.00595559 0.00064157
0.0252294 0.554149 1.64352 -2.175e-05 0.00632436 0.00068701
0.0466758 0.552046 1.71086 -0.00408505 0.0064916 0.00092703
0.0617807 0.511165 1.50201 8.107e-05 0.00747052 0.00086701
0.0582046 0.479127 1.46429 0.00094142 0.00743692 0.00065665
0.0371465 0.275146 1.57433 0.00227766 0.00668033 0.0003315
0.0198643 0.519805 1.53281 0.00209611 0.00649571 0.0002577
0.0167502 0.608426 1.61143 0.0016705 0.00663651 0.00053722
0.00923024 0.34098 1.60938 0.0019287 0.00644422 0.00056065
0.0102552 0.691539 1.58245 0.00196152 0.00641797 0.00048888
0.00031212 0.549123 1.57806 0.00107927 0.00623851 0.00026234
-0.00079103 0.373772 1.58164 0.00031981 0.00665029 0.00028951
0.00781631 0.623238 1.62513 0.00051803 0.00638563 0.00032499
0.0129444 0.320307 1.60328 0.00030924 0.00629356 0.00013905
0.00780225 0.542734 1.61194 0.00038881 0.00651352 0.00039592
0.00907141 0.526324 1.71094 5.45e-05 0.00650583 0.00030956
0.0580457 0.333179 1.73979 0.00078173 0.00654468 0.00033547
0.187827 0.220195 1.69805 0.00057261 0.00841605 0.0008068
0.187386 0.303172 1.52009 -0.00070981 0.00760304 0.00026029
0.132411 0.355509 1.00973 0.00176347 0.00552818 -0.00014613
0.101293 0.608728 1.05499 0.00244056 0.00400056 -0.00033922
0.081333 0.338382 1.1948 0.00147745 0.00277822 -0.00066919
0.0876488 0.451581 1.15604 0.00074481 0.00272827 -0.0008956
0.108781 0.382159 1.1611 -0.00182231 0.0034766 -0.00056587
0.120841 0.284961 0.892892 -0.00319318 0.00473273 -0.00080874
0.112419 0.156684 0.871125 -0.00198783 0.00447803 -0.00097143
0.0947438 0.0885268 0.981292 -0.00167192 0.00368493 -0.00109267
0.108672 0.410183 1.045 -0.00174103 0.00370626 -0.00133241
0.090216 0.228328 1.22717 -0.00151868 0.00311477 -0.00116974
0.093492 0.539851 1.14593 -0.00141985 0.00300342 -0.00145892
0.105195 0.514384 1.2445 -0.00181962 0.00358114 -0.00180438
0.104979 0.403877 1.23963 -0.00207155 0.00343048 -0.00176636
0.103248 0.621966 1.21514 -0.00155245 0.00329034 -0.00184498
0.104881 0.29457 1.36855 -0.00269284 0.00371694 -0.00175266
0.0966379 0.414119 1.28936 -0.00194748 0.00422289 -0.00183516
0.0824691 0.412048 1.39514 -0.00215917 0.00519043 -0.00157269
0.0684073 0.223162 1.47355 -0.00201456 0.0053898 -0.00170214
0.0947825 0.378316 1.40236 -0.00304808 0.00403733 -0.00156169
0.105181 0.356499 1.44119 -0.00401561 0.00359876 -0.00155136
0.0904479 0.218881 1.48109 -0.0037481 0.00376434 -0.00154627
0.0929885 0.47927 1.31987 -0.00322077 0.00325695 -0.0017925
0.0993282 0.509709 1.34661 -0.00268465 0.00323147 -0.00180323
0.09915 0.384158 1.43035 -0.00339267 0.00350464 -0.00176389
0.0991544 0.459614 1.39414 -0.00310332 0.00411143 -0.00157746
0.103174 0.401976 1.40213 -0.00372404 0.00412657 -0.00148287
0.100277 0.15215 1.52742 -0.00399112 0.00376509 -0.00157015
0.105825 0.381983 1.40158 -0.00344341 0.00373137 -0.00177257
0.113316 0.435397 1.40387 -0.00318939 0.00401977 -0.00172794
0.108589 0.226563 1.53138 -0.00422073 0.00420238 -0.00183751
0.108198 0.526479 1.40237 -0.0036968 0.00353627 -0.00203781
0.0975444 0.330509 1.45351 -0.00419186 0.0035187 -0.00171594
0.0799523 0.379997 1.44497 -0.0036527 0.00315146 -0.00177208
0.079234 0.548107 1.38637 -0.00344354 0.00297908 -0.00193359
0.0593157 0.253914 1.53199 -0.00379896 0.00405955 -0.00163682
0.0804652 0.435151 1.45015 -0.00381339 0.0032087 -0.00180926
0.0748147 0.434758 1.5059 -0.00347407 0.00380348 -0.0018345
0.0798264 0.252215 1.54192 -0.00386623 0.00386462 -0.00178391
0.0796848 0.461339 1.4382 -0.00386385 0.00319645 -0.00209515
0.0895972 0.327981 1.52047 -0.00372762 0.0037947 -0.00189837
0.103864 0.315862 1.39118 -0.00387721 0.00259214 -0.00178809
0.0971944 0.438766 1.3404 -0.00343373 0.00302579 -0.00166284
0.0592099 0.250193 1.49509 -0.00439297 0.00363248 -0.00150291
0.0578436 0.522586 1.45647 -0.00410622 0.00322145 -0.00215835
0.0671181 0.502816 1.48743 -0.00400728 0.00384944 -0.00219582
0.0729242 0.282025 1.49263 -0.00453797 0.00394361 -0.00178149
0.0943244 0.483822 1.45031 -0.00447297 0.00380554 -0.00205036
0.10405 0.40115 1.47956 -0.00420535 0.00418503 -0.00183156
0.108475 0.257337 1.4653 -0.00429232 0.0040945 -0.00167905
0.11642 0.464497 1.38678 -0.00429583 0.00375352 -0.00168491
0.112482 0.30456 1.47729 -0.00445339 0.00403574 -0.00167337
0.108113 0.397487 1.45483 -0.00445135 0.00362527 -0.00174536
0.109688 0.426321 1.47643 -0.00411002 0.00389907 -0.00177541
0.113963 0.270854 1.54574 -0.00482799 0.00390326 -0.00157005
0.106156 0.494515 1.42327 -0.00461439 0.00343126 -0.00169364
0.108446 0.249406 1.52248 -0.00478876 0.00380757 -0.00172389
0.107775 0.518667 1.37244 -0.00427598 0.00324394 -0.00189776
0.106335 0.340303 1.50726 -0.00475593 0.00386183 -0.00170126
0.114596 0.378132 1.45058 -0.0047542 0.00365241 -0.00199935
0.112836 0.501985 1.46631 -0.00453048 0.00354725 -0.00184619
0.10716 0.293238 1.57816 -0.00450633 0.00456108 -0.00181801
0.11898 0.486037 1.44566 -0.00466144 0.00414195 -0.00191381
0.118886 0.264927 1.55542 -0.00466297 0.00430882 -0.00163365
0.112289 0.420207 1.44298 -0.00471969 0.0039538 -0.00176015
0.0952545 0.407616 1.55056 -0.00485762 0.00430486 -0.00170614
0.0983751 0.300978 1.59689 -0.00529666 0.00442283 -0.00175393
0.104045 0.535695 1.5313 -0.0046444 0.00446957 -0.0019045
0.0869225 0.345128 1.62385 -0.00499797 0.00450915 -0.00176021
0.104185 0.469385 1.53855 -0.00489388 0.00428389 -0.00190859
0.104107 0.420265 1.62548 -0.00454669 0.00478718 -0.00174254
0.11386 0.368385 1.52911 -0.00483721 0.00423074 -0.00180529
0.109566 0.434674 1.57404 -0.00516846 0.00435701 -0.00181984
0.116746 0.276759 1.59166 -0.00545267 0.00403841 -0.00182484
0.115223 0.489635 1.56352 -0.00518919 0.00418774 -0.00185039
0.106973 0.449471 1.60838 -0.00498216 0.00435701 -0.00175639
0.108646 0.278816 1.60201 -0.00548543 0.00393918 -0.00183416
0.108321 0.557242 1.46341 -0.00451274 0.00366801 -0.00202566
0.106435 0.318607 1.57123 -0.00526543 0.00386364 -0.00183164
0.101615 0.363256 1.51358 -0.00516264 0.00365755 -0.00189389
0.0888704 0.55349 1.52559 -0.0048486 0.00405259 -0.0018628
0.0835179 0.30513 1.66334 -0.00530247 0.00417372 -0.00161962
0.0938966 0.471556 1.58791 -0.00518826 0.00414348 -0.0017596
0.085788 0.4189 1.65114 -0.00426061 0.0046952 -0.00172614
0.0939467 0.313795 1.62004 -0.00498004 0.00419156 -0.00170004
0.0933157 0.521471 1.56979 -0.00464401 0.00447363 -0.00184765
0.0935466 0.328159 1.67069 -0.00482625 0.00435989 -0.00178039
0.0892635 0.470678 1.53295 -0.0041781 0.0046952 -0.0017988
0.0883428 0.287133 1.64082 -0.00439604 0.00419484 -0.00176145
0.0933339 0.463187 1.58992 -0.00464834 0.00420757 -0.00193458
0.0952617 0.453648 1.69435 -0.00485413 0.0045667 -0.00185208
0.103505 0.395911 1.61564 -0.00479945 0.00432291 -0.00184527
0.103264 0.492394 1.64528 -0.00472943 0.00455809 -0.00185723
0.093931 0.287088 1.67467 -0.00474615 0.00411884 -0.00175794
0.103847 0.496332 1.60955 -0.00481136 0.0040303 -0.00185408
0.0893531 0.429824 1.67494 -0.00432526 0.00472676 -0.00173879
0.0881377 0.286639 1.64744 -0.00512889 0.00397264 -0.0017732
0.0974232 0.524823 1.59049 -0.00478501 0.00423102 -0.0018574
0.093642 0.385459 1.68366 -0.00475429 0.00444726 -0.00174265
0.0904762 0.40561 1.62673 -0.00494537 0.00415769 -0.00182543
0.0929912 0.574632 1.6219 -0.00469022 0.00435375 -0.00203105
0.091223 0.335048 1.75116 -0.0049818 0.0043095 -0.00176323
0.0932422 0.442845 1.63026 -0.00584895 0.00418074 -0.00198565
0.0932603 0.35412 1.69137 -0.00482426 0.00462335 -0.00180354
0.0931439 0.313617 1.5803 -0.00424045 0.00462335 -0.00183523
0.108764 0.463647 1.58904 -0.00482578 0.00430933 -0.00180606
0.0996197 0.266688 1.59389 -0.0048266 0.00417208 -0.00176339
0.0891729 0.589813 1.52613 -0.0043876 0.00417208 -0.00212832
0.082623 0.39072 1.64145 -0.00410565 0.00457526 -0.00173888
0.0954806 0.419845 1.52617 -0.00440952 0.004069 -0.00169993
0.0995808 0.50738 1.57437 -0.00421266 0.00439409 -0.00186621
0.0951886 0.265037 1.61104 -0.00437641 0.00421084 -0.00171127
0.100888 0.510976 1.53284 -0.00403762 0.00420632 -0.00200443
0.09068 0.319564 1.62189 -0.00419717 0.00439409 -0.00185731
0.105181 0.427505 1.52826 -0.00443037 0.00421851 -0.001878
0.0976114 0.439513 1.67535 -0.00436529 0.00439409 -0.00190206
0.103042 0.402326 1.60427 -0.00412753 0.00442637 -0.0019076
0.102363 0.422608 1.67903 -0.00524702 0.00465612 -0.00185635
0.0953381 0.306384 1.63728 -0.00417669 0.004451 -0.00201637
0.100987 0.546975 1.58327 -0.00390729 0.0046371 -0.00202256
0.0973692 0.348571 1.64172 -0.00418982 0.00433546 -0.00174659
0.104396 0.45377 1.50442 -0.0038398 0.00415893 -0.00195119
0.102911 0.459447 1.5736 -0.0040347 0.0046371 -0.00203579
0.103515 0.325507 1.57179 -0.00399764 0.00431326 -0.00189709
0.111431 0.494673 1.53031 -0.00441767 0.00438173 -0.00203092
0.106778 0.258613 1.61275 -0.0045373 0.00422044 -0.00186922
0.107175 0.478045 1.52727 -0.0042461 0.00435013 -0.00194566
0.111067 0.45778 1.56839 -0.00387025 0.00477805 -0.00202944
0.111212 0.322522 1.55302 -0.00404438 0.00468899 -0.0019955
0.12577 0.54411 1.50856 -0.00557219 0.00420502 -0.00211351
0.111381 0.305622 1.54527 -0.00410245 0.00456822 -0.00196737
0.118923 0.460484 1.43006 -0.00667317 0.00412715 -0.00202602
0.140216 0.438203 1.39286 -0.00830297 0.00456822 -0.00204361
0.17463 0.4009 1.11576 -0.00547102 0.00568977 -0.00186398
0.16159 0.13458 1.21002 -0.00254266 0.00584901 -0.00163364
0.152429 0.430478 1.35057 -0.00364067 0.00521019 -0.00193888
0.157864 0.432494 1.45417 -0.00397204 0.00544919 -0.00189479
0.131897 0.384092 1.43029 -0.00339996 0.0054063 -0.001868
0.127619 0.641748 1.4922 -0.00370885 0.00566626 -0.00235919
0.119284 0.375743 1.58653 -0.00361611 0.00568945 -0.00197995
0.118463 0.530639 1.53161 -0.00341626 0.00595652 -0.00220891
0.11378 0.477969 1.55682 -0.00313973 0.00601589 -0.00192014
0.108028 0.314944 1.6001 -0.00342018 0.00614333 -0.00196479
0.12423 0.479751 1.53705 -0.00348217 0.00545377 -0.00210491
0.114265 0.398363 1.61464 -0.00360406 0.00583925 -0.00196339
0.107308 0.331094 1.59707 -0.0037854 0.00590201 -0.00193976
0.114191 0.529613 1.58561 -0.00399088 0.00567117 -0.00207816
0.114152 0.425496 1.69054 -0.0039985 0.00585851 -0.00201703
0.113817 0.512331 1.62613 -0.00384791 0.00583681 -0.00214461
0.11431 0.441044 1.63512 -0.00387407 0.00586657 -0.00194921
0.125981 0.425894 1.58792 -0.00392322 0.00550786 -0.00178126
0.125793 0.479575 1.57375 -0.00391947 0.00573708 -0.00186355
0.128136 0.337578 1.64499 -0.00388839 0.0054679 -0.00176226
0.133097 0.390125 1.54314 -0.00417083 0.00489045 -0.001672
0.13346 0.406895 1.65446 -0.00406617 0.00519454 -0.00144899
0.106038 0.295822 1.75216 -0.00353638 0.00530321 -0.00135085
0.102147 0.56796 1.70143 -0.00535514 0.0041837 -0.00189061
0.085588 0.314297 1.84161 -0.00510799 0.00410595 -0.00209178
0.0642969 0.569998 1.64129 -0.007173 0.00383726 -0.00272762
0.0895817 0.5303 1.59217 -0.00662593 0.00391506 -0.00272762
0.0906702 0.340147 1.55459 -0.00480538 0.00462956 -0.00211159
0.084888 0.639094 1.52225 -0.00539833 0.0042025 -0.00262576
0.086322 0.274516 1.66709 -0.00620881 0.00425303 -0.00237882
0.0922312 0.372764 1.61529 -0.00717988 0.00421279 -0.00177857
0.0796779 0.423739 1.63013 -0.006818 0.00439224 -0.00217354
0.08063 0.36098 1.60122 -0.00657626 0.0047735 -0.00209773
0.0722492 0.588803 1.59927 -0.00696235 0.00475369 -0.0019404
0.0962569 0.414497 1.7162 -0.00735183 0.00481713 -0.00180532
0.0802276 0.559307 1.66423 -0.00698176 0.00485828 -0.00204017
0.0643582 0.724476 1.64905 -0.0065479 0.00497982 -0.00224558
0.0819774 0.561866 1.66669 -0.00728388 0.00496536 -0.00192304
0.0726235 0.429666 1.55985 -0.00758761 0.00426319 -0.002032
0.0812504 0.56663 1.59263 -0.00771542 0.00441488 -0.00228206
0.0717655 0.329454 1.61007 -0.00710439 0.00508704 -0.00191585
0.0662643 0.472306 1.47758 -0.00764398 0.00466158 -0.00210992
0.0780198 0.506829 1.27432 -0.00507863 0.00634489 -0.00160429
0.0961895 0.177248 1.36354 -0.00412247 0.0062525 -0.00142894
0.10207 0.327179 1.3852 -0.00360043 0.00550618 -0.00175485
0.117376 0.410203 1.44446 -0.00400781 0.00580793 -0.00171367
0.115346 0.251914 1.46254 -0.00424649 0.00580793 -0.00168436
0.121453 0.604802 1.44076 -0.00518116 0.00466172 -0.0020778
0.116413 0.380953 1.50633 -0.0048525 0.00549986 -0.0017787
0.116706 0.567621 1.47233 -0.00475927 0.00532937 -0.00208399
0.090438 0.601182 1.49125 -0.00456396 0.00560775 -0.00210407
0.104701 0.272442 1.46442 -0.00464531 0.00568098 -0.00144381
0.103981 0.495702 1.42433 -0.00478574 0.0052475 -0.00187747
0.0954136 0.434905 1.51042 -0.00436962 0.0054098 -0.00190489
0.0873235 0.251215 1.51627 -0.00480791 0.00595119 -0.00177513
0.0903773 0.494581 1.46411 -0.00497473 0.00513587 -0.00199014
0.085306 0.380284 1.53934 -0.00481941 0.00575585 -0.00180507
0.0926019 0.367838 1.44253 -0.00449428 0.00489407 -0.00190883
0.0925382 0.468591 1.3947 -0.00520955 0.00513798 -0.00185495
0.0928341 0.281891 1.44223 -0.00517609 0.00513798 -0.00172514
0.0920632 0.53166 1.35728 -0.00519171 0.00476974 -0.00212961
0.10248 0.429319 1.46409 -0.00488951 0.00513798 -0.00186775
0.106787 0.338518 1.43786 -0.00497241 0.00472301 -0.00179523
0.096133 0.598122 1.41557 -0.00473487 0.00471314 -0.00238999
0.0993569 0.370065 1.48414 -0.0047959 0.00520811 -0.00170729
0.115051 0.394264 1.45639 -0.00431328 0.00522854 -0.00188089
0.0966047 0.50321 1.47795 -0.00438196 0.0050904 -0.00194328
0.109069 0.261096 1.48291 -0.0047545 0.00528926 -0.00171208
0.10781 0.531129 1.44296 -0.00440187 0.00495792 -0.00202885
0.0900394 0.460855 1.59759 -0.00425687 0.00600749 -0.00177861
0.0837912 0.48009 1.48387 -0.00429027 0.00538374 -0.00192986
0.0839819 0.400347 1.53898 -0.00429402 0.00607738 -0.00162689
0.0896343 0.358072 1.48565 -0.00386225 0.00586982 -0.00175635
0.093122 0.509626 1.47564 -0.00429335 0.00597844 -0.00196188
0.0960549 0.286061 1.47543 -0.00459084 0.00596445 -0.00172165
0.101173 0.553651 1.41103 -0.00403463 0.00569708 -0.002048
0.101325 0.456856 1.46816 -0.00391044 0.00590717 -0.00192359
0.0951712 0.280457 1.40321 -0.00377323 0.00607738 -0.00174501
0.115284 0.586761 1.37765 -0.00433658 0.00475309 -0.00242641
0.103325 0.42309 1.44111 -0.00359723 0.00595257 -0.00175994
0.110031 0.401145 1.37047 -0.00327788 0.00599237 -0.00183887
0.112317 0.523789 1.3972 -0.00290011 0.00607122 -0.00194189
0.112533 0.297957 1.42893 -0.00310714 0.00644421 -0.00169745
0.124018 0.505506 1.36023 -0.00286056 0.00594399 -0.00227487
0.121351 0.447415 1.39629 -0.00305915 0.0060236 -0.00199417
0.116006 0.26766 1.32744 -0.0031014 0.00628405 -0.00177053
0.120533 0.580884 1.3034 -0.00348357 0.00506345 -0.00220408
0.119292 0.42895 1.39907 -0.00277754 0.00644421 -0.00176044
0.12904 0.393653 1.33623 -0.00300457 0.00619421 -0.0018933
0.113202 0.55744 1.38199 -0.00256547 0.00644421 -0.00221825
0.111011 0.447196 1.36356 -0.00266574 0.00584967 -0.0019057
0.118117 0.370733 1.40248 -0.00257148 0.00644421 -0.0016872
0.119804 0.316597 1.35832 -0.00257148 0.00619421 -0.00166861
0.111 0.526847 1.38848 -0.00252837 0.00619273 -0.00202138
0.11195 0.352051 1.45896 -0.00297557 0.00661752 -0.00165489
0.123423 0.442917 1.3697 -0.00263941 0.00662363 -0.00189314
0.11367 0.577205 1.4185 -0.0024147 0.00684546 -0.00225152
0.124029 0.360791 1.46653 -0.00293123 0.0064442 -0.00171785
0.111137 0.545715 1.37112 -0.002205 0.0064442 -0.00205368
0.110759 0.408469 1.447 -0.00255203 0.00689274 -0.00189297
0.109246 0.45063 1.3617 -0.00244403 0.00668495 -0.00196576
0.0931899 0.558929 1.40212 -0.00208277 0.00680715 -0.00203608
0.0991614 0.347084 1.38955 -0.00269101 0.00770235 -0.00188189
0.077177 0.528676 1.28307 -0.00163936 0.00701742 -0.00196413
0.0736184 0.350539 1.3993 -0.00197332 0.00734856 -0.00192667
0.0786264 0.471821 1.28836 -0.00159168 0.00701805 -0.00205441
0.0919002 0.363796 1.3396 -0.00197031 0.00710789 -0.00192213
0.107673 0.253059 1.23423 -0.00401254 0.0065875 -0.00183462
0.102626 0.565259 1.219 -0.00464305 0.00666384 -0.00214018
0.0911657 0.474293 1.21599 -0.00504248 0.00662574 -0.00201225
0.0822277 0.508308 1.13057 -0.00695704 0.00615901 -0.00202695
0.0859567 0.427068 1.09875 -0.00448544 0.0062917 -0.00183995
0.0867082 0.131391 1.0513 -0.00300379 0.00692871 -0.0017889
0.0895319 0.462386 1.03228 -0.00292929 0.0060941 -0.00197734
0.102234 0.557933 1.1213 -0.00349663 0.00611058 -0.00204866
0.0944779 0.265535 1.11349 -0.00312196 0.00645893 -0.00178106
0.0904381 0.483295 1.09698 -0.00261775 0.00631625 -0.00211031
0.0921126 0.561935 1.1942 -0.00207107 0.00458107 -0.00262231
0.0765761 0.269585 1.17341 -0.00313625 0.00687906 -0.00207489
0.0972182 0.538299 1.16574 -0.00178991 0.00505191 -0.00234601
0.0882099 0.461911 1.2771 -0.00190966 0.00590475 -0.00226354
0.100235 0.376462 1.18299 -0.00167892 0.00495056 -0.00219412
0.100425 0.435071 1.17647 -0.00117752 0.00466137 -0.00209622
0.116361 0.25822 1.16695 -0.00163153 0.00463376 -0.00198056
0.110703 0.498087 1.12257 -0.00135034 0.00514802 -0.00225338
0.1063 0.497683 1.16985 -0.00189456 0.00548882 -0.00218378
0.0925056 0.279586 1.14759 -0.00282198 0.00699846 -0.00201253
0.102261 0.506051 1.07878 -0.0020873 0.00639022 -0.00225732
0.112505 0.531471 1.19638 -0.00152703 0.00473444 -0.00199172
0.111289 0.323263 1.26289 -0.00246491 0.0058224 -0.00202668
0.10034 0.533949 1.10313 -0.0009988 0.00513964 -0.00224206
0.104868 0.318082 1.23577 -0.0025427 0.00665487 -0.0019379
0.101031 0.376254 1.08487 -0.0019673 0.00643387 -0.00208257
0.109345 0.483775 1.16122 -0.00158364 0.00535711 -0.00201242
0.0962498 0.245562 1.18408 -0.00312469 0.00718633 -0.00193325
0.112523 0.529944 1.15236 -0.0039547 0.00698044 -0.00223699
0.109 0.558857 1.25165 -0.00431997 0.00597592 -0.00209649
0.112617 0.296689 1.20781 -0.00420773 0.00713582 -0.00183714
0.107459 0.510298 1.12216 -0.00266903 0.00682683 -0.00215496
0.103778 0.494668 1.2386 -0.00247242 0.00599344 -0.00195969
0.104262 0.290373 1.22531 -0.00318215 0.00669146 -0.00195435
0.11295 0.538257 1.16271 -0.00185896 0.00495678 -0.00221269
0.116478 0.369185 1.22511 -0.00235907 0.00547562 -0.00201163
0.112065 0.339042 1.13751 -0.00180048 0.00589193 -0.00210123
0.1106 0.536947 1.19399 -0.00205218 0.00521025 -0.00228884
0.0856522 0.32871 1.22349 -0.00408446 0.00687923 -0.00202309
0.101891 0.475155 1.07062 -0.00237292 0.00666139 -0.00223934
0.114794 0.448864 1.19406 -0.00121345 0.00597664 -0.00222006
0.108082 0.478574 1.10148 -0.00109718 0.00625051 -0.00213865
0.100916 0.537237 1.20425 -0.00154488 0.00692756 -0.00225205
0.107811 0.355056 1.18286 -0.00163929 0.00642164 -0.00207185
0.107726 0.529913 1.17249 -0.00174485 0.00673598 -0.00236806
0.104943 0.511128 1.19412 -0.00188726 0.00717433 -0.0023062
0.0970087 0.321293 1.14046 -0.00188848 0.00709997 -0.00204807
0.0943381 0.541122 1.06655 -0.00213183 0.00695265 -0.00229923
0.0976016 0.353044 1.17297 -0.00339218 0.00733594 -0.00201865
0.0974306 0.395328 1.06296 -0.00219078 0.00736456 -0.00210146
0.0876938 0.606572 1.10894 -0.00260611 0.00775769 -0.00247308
0.0927702 0.376223 1.16658 -0.00304175 0.00769223 -0.00203414
0.10954 0.571963 0.946333 -0.00076865 0.00683446 -0.00225954
0.119941 0.500435 0.876216 0.00101288 0.00670452 -0.00217465
0.11605 0.324405 1.02401 0.00040499 0.00665293 -0.00192403
0.103854 0.467017 0.993336 0.00079133 0.00694366 -0.00212836
0.107897 0.60253 1.0811 0.00064173 0.0065895 -0.0020726
0.104896 0.376759 1.11983 -6.967e-05 0.00622176 -0.0019305
0.0912277 0.633434 1.04698 3.646e-05 0.00612088 -0.00252082
0.100643 0.386161 1.17834 0.00013304 0.00628219 -0.00192428
0.104949 0.550857 1.04274 1.021e-05 0.00659611 -0.00224615
0.118834 0.512618 1.1362 -0.00030714 0.00683024 -0.00224618
0.121515 0.391471 1.06217 -0.00055068 0.007352 -0.00224564
0.120588 0.567933 1.08426 -0.00032641 0.00749793 -0.00240462
0.119144 0.550006 1.11398 -0.00060964 0.00694449 -0.00235568
0.117542 0.260589 1.05824 -0.00078467 0.00770558 -0.00213779
0.0998441 0.577513 1.04241 -0.00259057 0.00760824 -0.00275466
0.0945807 0.575006 1.17846 -0.00306002 0.00846781 -0.00257599
0.0998483 0.41247 1.15412 -0.00250066 0.00833593 -0.002292
0.0964803 0.73426 1.15198 -0.00170686 0.00870812 -0.00317125
0.107225 0.463191 1.2831 -0.00256831 0.0083534 -0.00233705
0.115873 0.572411 1.16463 -0.0025073 0.00844917 -0.00269661
0.106778 0.522163 1.27964 -0.00199728 0.00844917 -0.00236811
0.105643 0.437641 1.16723 -0.00234654 0.00905458 -0.00253741
0.1063 0.487147 1.20841 -0.00224913 0.00822395 -0.00220788
0.131526 0.360277 1.13617 -0.002942 0.00750246 -0.00217428
0.13284 0.593314 1.13221 -0.00260329 0.00783003 -0.00264966
0.116933 0.47776 1.30083 -0.00206892 0.00766677 -0.00228638
0.110636 0.568442 1.21693 -0.00204528 0.00843928 -0.00250727
0.104515 0.596322 1.25659 -0.00183724 0.00869661 -0.00272346
0.109456 0.404236 1.28044 -0.00239494 0.00862673 -0.00227234
0.109538 0.569589 1.23324 -0.00233094 0.00891393 -0.00249183
0.113885 0.623764 1.20777 -0.00229513 0.00889574 -0.00291066
0.124172 0.451983 1.34642 -0.00237043 0.00778316 -0.00225971
0.119694 0.430755 1.20357 -0.00218923 0.00905666 -0.00251333
0.12467 0.64556 1.19542 -0.0021899 0.00921536 -0.00292446
0.13177 0.448462 1.26896 -0.00248973 0.0090383 -0.00249376
0.122044 0.385182 1.18199 -0.00245062 0.00933062 -0.00234173
0.128092 0.594643 1.17856 -0.00254052 0.00925251 -0.00269305
0.125006 0.588558 1.19098 -0.0023341 0.00919082 -0.00270074
0.130863 0.392229 1.18308 -0.00266573 0.009327 -0.00244881
0.113373 0.722338 1.14988 -0.00189175 0.0091873 -0.00354202
0.130873 0.470338 1.24392 -0.00228564 0.00900206 -0.00215031
0.128697 0.432521 1.16311 -0.00209891 0.0095848 -0.00234747
0.119349 0.642931 1.15626 -0.00179163 0.00911688 -0.00299237
0.119289 0.383557 1.23497 -0.00200284 0.00965828 -0.00229133
0.118805 0.508145 1.13031 -0.0014358 0.00945997 -0.00255811
0.109994 0.617498 1.16876 -0.00131735 0.00957393 -0.00268976
0.120544 0.369483 1.20859 -0.00176672 0.01003 -0.00237581
0.103143 0.585064 1.13332 -0.00111852 0.0099031 -0.00245946
0.101712 0.584967 1.21522 -0.00132298 0.010194 -0.00245272
0.113308 0.412497 1.19428 -0.00178789 0.010355 -0.00236495
0.109861 0.704004 1.16941 -0.00073016 0.0103866 -0.00315931
0.110481 0.529709 1.24132 -0.00119727 0.0103158 -0.00239688
0.108997 0.407463 1.15625 -0.00176185 0.0099989 -0.0022867
0.107391 0.660511 1.07257 -0.00129015 0.00924718 -0.00286471
0.119082 0.402629 1.16413 -0.00220399 0.00936208 -0.00224799
0.114859 0.479599 1.05732 -0.0012251 0.0091826 -0.00233814
0.108698 0.656913 1.0894 -0.00117356 0.00960707 -0.00257311
0.109384 0.396235 1.12035 -0.00097421 0.00994164 -0.00220585
0.0951148 0.694869 1.08727 -0.00039227 0.00963567 -0.00292897
0.0967182 0.485082 1.19396 -0.00105738 0.0100434 -0.002334
0.0984159 0.444071 1.09458 -0.00049695 0.0094726 -0.00234977
0.088386 0.581579 1.07658 -0.00066766 0.00945865 -0.00225477
0.0812654 0.310572 1.09867 -0.00146364 0.0088067 -0.00237459
0.0637947 0.666079 1.02203 0.00026811 0.00844662 -0.00293585
