-0.0224327 0.0266065 -0.0158889 -0.00047876 -0.0006434 0.00025298
-0.0235732 0.0545518 0.052844 -0.00102261 -0.00035705 0.00028535
-0.0449328 0.0682882 0.11386 -0.00219404 -0.00024655 0.00057636
-0.0419943 0.0685349 0.153944 -0.0026522 8.312e-05 0.00105427
-0.0334172 0.092047 0.0879944 -0.00211802 0.00015009 0.00048855
-0.0330924 0.102795 0.101289 -0.00218392 0.00017661 0.00039315
-0.0422657 0.0986522 0.186627 -0.00347028 0 0.00041722
-0.059208 0.0890949 0.151584 -0.00296535 0.00014628 0.00022986
-0.0696051 0.0971179 0.186663 -0.00305993 0.00027067 -4.252e-05
-0.0602124 0.0903373 0.191223 -0.00294437 0.00022741 -7.909e-05
-0.058766 0.085768 0.189953 -0.00300438 0.0001188 -7.747e-05
-0.0633409 0.0957163 0.194683 -0.00315726 0.00011229 -5.231e-05
-0.0717338 0.084712 0.215804 -0.00380157 0.00011474 -3.908e-05
-0.0752469 0.0834281 0.182304 -0.00314168 1.369e-05 -5.438e-05
-0.07359 0.102057 0.197587 -0.00306877 6.563e-05 -0.00014853
-0.0766388 0.0933028 0.193902 -0.00326075 5.094e-05 -0.00034926
-0.0824859 0.0997865 0.190725 -0.00354968 -4.078e-05 -0.00029553
-0.0755224 0.13172 0.184677 -0.00314168 1.791e-05 -0.00035712
-0.0737434 0.119094 0.191437 -0.00314168 0.00013926 -0.00030255
-0.0830672 0.095123 0.183402 -0.00355525 -3.321e-05 -3.109e-05
-0.0764155 0.117371 0.17211 -0.00314168 -3.321e-05 -0.00025087
-0.0821001 0.0975034 0.196405 -0.00350104 -3.321e-05 -8.428e-05
-0.0458704 0.0676801 0.163433 -0.00272821 0.00065684 0.00048236
-0.0648221 0.109844 0.176162 -0.00298862 0.00034239 -0.0001825
-0.0782977 0.0954525 0.159361 -0.00247627 9.569e-05 -0.00015688
-0.0791105 0.0883567 0.1401 -0.00306634 0.00028628 -6.637e-05
-0.0641491 0.129912 0.164126 -0.00297807 0.0001796 -0.00014995
-0.0733465 0.0951379 0.151911 -0.00298706 0.00034941 -0.00011328
-0.0750375 0.112497 0.145483 -0.00288307 9.088e-05 -0.00027131
-0.0676008 0.124367 0.151039 -0.00290501 0.0001184 -0.00019737
-0.0860236 0.0824938 0.121592 -0.00210863 -8.948e-05 -5.732e-05
-0.0923445 0.0621986 0.0413429 -0.001491 -0.00019922 -0.00017995
-0.0897207 0.0807079 0.10459 -0.00233474 -7.849e-05 -0.00024064
-0.0672234 0.107433 0.1523 -0.00272706 -0.00013966 -0.00030387
-0.0926317 0.081219 0.151187 -0.00286923 -0.00011029 -0.0001111
-0.0770916 0.105289 0.162144 -0.00278461 -0.00020011 -0.00027915
-0.0710784 0.105277 0.189951 -0.00278461 -0.00017074 -0.00031085
-0.0858144 0.0865473 0.197739 -0.00332168 -3.191e-05 -4.565e-05
-0.0793142 0.117303 0.165859 -0.00293258 -0.0001781 -0.00010407
-0.0712294 0.0864217 0.184222 -0.00323316 -8.868e-05 -0.00025992
-0.0613917 0.00569856 0.144179 -0.00059971 -6.895e-05 -0.00035365
-0.060671 0.186641 -0.0180878 0.00246606 0.00034941 0.00067298
-0.0652488 0.304246 -0.0337786 0.00302718 0.00016635 0.00059388
-0.0657846 0.20448 -0.0921717 0.00318463 -0.00148527 0.00088769
-0.0466576 0.191031 -0.0661027 0.0018566 -0.00078318 0.0005528
-0.0348153 0.10068 0.0102707 0.00091927 -0.00052933 0.00025939
-0.0585515 0.0765248 0.0303938 0.00056637 -0.0002746 5.08e-06
-0.0606046 0.0534947 0.054818 0.00025865 -0.0002746 -0.00021158
-0.0636759 0.0537409 0.0804893 -0.00023041 -0.0002746 -0.00021222
-0.0630347 0.0432801 0.0859988 0.00029733 -0.00037365 -0.00034364
-0.0920241 0.0766559 0.0296959 0.00066676 -0.0002746 -0.00090893
-0.0747763 0.105599 0.111078 -0.00116505 -0.0002746 -0.00044538
-0.0770934 0.140086 0.162457 -0.00221017 -0.0002746 -0.00017502
-0.0883153 0.167258 0.13376 -0.00203616 -0.0002746 -8.44e-05
-0.0764395 0.180576 0.134785 -0.00203616 -0.00015129 -0.00053354
-0.0749091 0.138052 0.143566 -0.00203616 -0.0002746 -0.00054505
-0.0732197 0.118286 0.144368 -0.00197855 -0.0002746 -0.00060417
-0.0729707 0.0813619 0.166489 -0.00214205 0.00027981 -3.812e-05
-0.072498 0.0787224 0.153266 -0.00228288 0.00026979 -9.546e-05
-0.0723826 0.0788017 0.167043 -0.00264864 0.00022017 -0.00020886
-0.0740087 0.0815024 0.159624 -0.0025368 0.00022004 -0.00046311
-0.0736533 0.0979783 0.171126 -0.00297628 0.00037905 -0.00021468
-0.072673 0.129218 0.142457 -0.00267431 0.00018111 -0.00031041
-0.0747713 0.136927 0.156459 -0.00260165 0.00018111 -0.00049236
-0.0754926 0.146648 0.166611 -0.00288248 0.00018111 -0.00050585
-0.0900765 0.12028 0.142509 -0.00292017 0.00018111 -0.00030653
-0.0801114 0.142259 0.154649 -0.00292951 1.074e-05 -0.00039033
-0.0791294 0.112796 0.155657 -0.00281718 0.00018111 -0.00052189
-0.0984581 0.0921745 0.151769 -0.00295982 1.045e-05 -0.00010271
-0.0791486 0.118278 0.133598 -0.00278218 -2.335e-05 -0.0003716
-0.0899947 0.10092 0.160673 -0.00287796 8.259e-05 -0.00046111
-0.100995 0.0825651 0.14515 -0.00313736 1.863e-05 -0.00028178
-0.0884626 0.105084 0.164049 -0.00308724 1.819e-05 -0.00050849
-0.0964684 0.102474 0.155484 -0.00309558 1.082e-05 -0.00032448
-0.0948634 0.100985 0.115908 -0.00244589 -7.8e-05 -0.00060417
-0.0839387 0.0863176 0.100267 -0.0019798 -0.00016446 -0.00072697
-0.0946275 0.0838454 0.12232 -0.00283837 0.00013042 -0.00065091
-0.0913949 0.115487 0.153031 -0.00338457 -3.669e-05 -0.00037941
-0.104 0.106111 0.12131 -0.0031098 -0.00032349 -8.628e-05
-0.0909752 0.13558 0.142058 -0.00322807 -6.971e-05 -0.00035291
-0.0935442 0.110815 0.15946 -0.00341195 -8.438e-05 -0.00026559
-0.0946722 0.0941184 0.124665 -0.00303055 -0.00017837 -0.0002473
-0.0849527 0.116962 0.162401 -0.00329809 9.756e-05 -0.00039414
-0.0920958 0.096603 0.181355 -0.00353509 9.756e-05 -0.0001973
-0.0965216 0.121108 0.138084 -0.00334785 -3.92e-06 -0.00031088
-0.085112 0.113612 0.156011 -0.00300498 9.756e-05 -0.00039783
-0.0914023 0.0856188 0.160268 -0.0033927 9.756e-05 -0.00024655
-0.0874186 0.120546 0.14163 -0.00320826 -6.067e-05 -0.00039978
-0.085969 0.115283 0.160351 -0.00318044 9.756e-05 -0.00034567
-0.0921135 0.0949542 0.170416 -0.00358529 9.756e-05 -0.00027237
-0.0848317 0.119842 0.14233 -0.00258298 -1.166e-05 -0.00068554
-0.0874425 0.120841 0.184285 -0.00354419 9.756e-05 -0.00041679
-0.0919597 0.109418 0.129859 -0.00298089 9.756e-05 -0.00033324
-0.0791301 0.12452 0.175936 -0.00321982 9.756e-05 -0.00042214
-0.0982597 0.108605 0.16117 -0.00358556 9.756e-05 -0.00032586
-0.0840573 0.11688 0.151599 -0.00336044 9.756e-05 -0.00039055
-0.0903798 0.111155 0.182258 -0.00338866 0.00019566 -0.00038564
-0.0973181 0.0958857 0.16338 -0.00355494 9.756e-05 -0.00035361
-0.0856452 0.119837 0.169369 -0.00314619 9.756e-05 -0.00040959
-0.0973578 0.111291 0.180276 -0.00376054 9.756e-05 -0.00040847
-0.0984508 0.102963 0.14716 -0.00314619 9.756e-05 -0.00038009
-0.0936447 0.123138 0.181256 -0.0034155 -1.013e-05 -0.00062493
-0.104149 0.0907674 0.159128 -0.00362638 9.756e-05 -0.00048876
-0.0842202 0.115285 0.161909 -0.00314619 -8.511e-05 -0.00043302
-0.0934217 0.0962563 0.1442 -0.00314619 4.369e-05 -0.0003682
-0.0980901 0.0962978 0.153441 -0.00342358 9.756e-05 -0.00044218
-0.0825429 0.118131 0.174217 -0.00337573 9.756e-05 -0.00064567
-0.0996918 0.0974061 0.191442 -0.00410111 0.00022344 -0.00035691
-0.109689 0.144471 0.138035 -0.00314619 -0.00016001 -0.00075749
-0.0996317 0.0826668 0.156064 -0.00261245 1.036e-05 -0.0006348
-0.109163 0.0616273 0.147091 -0.00291895 0.00020454 -0.00045519
-0.0974036 0.0655843 0.12584 -0.00222042 9.756e-05 -0.00062786
-0.0995872 0.0629863 0.156534 -0.00257459 0.00014787 -0.00044186
-0.103253 0.0492756 0.122761 -0.0025399 -4.136e-05 -0.0004387
-0.0999105 0.0753352 0.129744 -0.00199223 9.756e-05 -0.00058905
-0.104954 0.066794 0.142183 -0.00286684 0.00017196 -0.00049757
-0.0970213 0.106711 0.132654 -0.0027128 9.756e-05 -0.00060055
-0.0916447 0.115462 0.147763 -0.00256535 9.756e-05 -0.00061867
-0.0932081 0.106736 0.12652 -0.0027128 9.756e-05 -0.0004902
-0.0907895 0.121849 0.129328 -0.00256935 9.756e-05 -0.0005995
-0.0930737 0.0824837 0.152947 -0.00313097 0.00021201 -0.00047657
-0.100398 0.091713 0.103714 -0.00242771 9.756e-05 -0.00050481
-0.096121 0.0931881 0.154059 -0.0027128 9.756e-05 -0.00054137
-0.106937 0.0544136 0.146659 -0.00307637 9.756e-05 -0.00043319
-0.100148 0.089326 0.139186 -0.0027128 4.219e-05 -0.00059726
-0.0951047 0.0806303 0.156965 -0.0027128 9.756e-05 -0.0006114
-0.104691 0.0762131 0.132372 -0.0027128 9.756e-05 -0.00047434
-0.0851403 0.0950376 0.148846 -0.00256452 9.756e-05 -0.00071629
-0.0997684 0.0927169 0.163186 -0.00312303 0.00031716 -0.00054604
-0.0972174 0.107775 0.134224 -0.00304513 9.756e-05 -0.00063136
-0.0915635 0.115768 0.141793 -0.00231358 9.756e-05 -0.00049588
-0.094642 0.089269 0.15373 -0.00318462 9.756e-05 -0.00071653
-0.0972646 0.111587 0.144099 -0.0026164 9.756e-05 -0.00067986
-0.0989818 0.0926177 0.171312 -0.00285354 9.756e-05 -0.00060525
-0.104244 0.076315 0.151825 -0.00288151 9.756e-05 -0.00052963
-0.0985754 0.0924478 0.169088 -0.00234646 9.756e-05 -0.00061769
-0.110127 0.0764518 0.170792 -0.00300467 9.756e-05 -0.00058134
-0.10112 0.0851994 0.148983 -0.00231459 -6.398e-05 -0.0006544
-0.0947451 0.0887834 0.173533 -0.00285953 9.756e-05 -0.00066092
-0.0986451 0.0737058 0.13101 -0.00251763 9.756e-05 -0.00059994
-0.0961719 0.105518 0.176346 -0.0029163 9.756e-05 -0.00068864
-0.103331 0.0878973 0.14451 -0.00283197 9.756e-05 -0.00048065
-0.101852 0.106516 0.117929 -0.00233698 -0.00025594 -0.00054764
-0.0993543 0.0872188 0.165398 -0.00286328 9.756e-05 -0.00058585
-0.104134 0.0718537 0.135531 -0.00281908 1.048e-05 -0.00051812
-0.0978471 0.0947523 0.162795 -0.00290314 9.756e-05 -0.00065786
-0.106726 0.0803278 0.167684 -0.00308625 9.756e-05 -0.00053284
-0.101285 0.0853987 0.12564 -0.00245943 -9.489e-05 -0.0006601
-0.0961613 0.0872723 0.169436 -0.0027128 9.756e-05 -0.00060852
-0.102753 0.080132 0.125007 -0.00256891 9.756e-05 -0.00057642
-0.100127 0.0832795 0.150915 -0.00236131 -8.992e-05 -0.00066999
-0.100006 0.0837844 0.128198 -0.00257291 0.0003111 -0.00055648
-0.0906297 0.0369092 0.0976771 -0.00258944 -3.531e-05 -0.0006364
-0.103851 0.0623471 0.0590634 -0.0027128 -0.0003429 -0.00071844
-0.0720055 0.107067 0.188323 -0.00403659 9.756e-05 -0.00048056
-0.0918002 0.101155 0.145586 -0.00381572 4.256e-05 -0.00039394
-0.0791641 0.129977 0.145774 -0.00321421 -0.00011907 -0.0005147
-0.0895382 0.0968166 0.180035 -0.00400541 0.00018764 -0.00034765
-0.0888969 0.105879 0.154339 -0.00355844 -8.9e-06 -0.00048134
-0.0880403 0.113005 0.194994 -0.00361884 9.756e-05 -0.00047421
-0.101283 0.0757594 0.15961 -0.00363184 0.00017984 -0.00039375
-0.0895493 0.10367 0.16723 -0.0032681 9.756e-05 -0.00051156
-0.0858652 0.0950844 0.15882 -0.00334081 9.756e-05 -0.00040614
-0.0881649 0.102885 0.137592 -0.00343033 9.756e-05 -0.00049818
-0.0813807 0.107132 0.180586 -0.00368069 9.756e-05 -0.00051242
-0.0978251 0.100676 0.150436 -0.00369666 9.756e-05 -0.00044177
-0.0916323 0.12 0.169253 -0.00342725 9.756e-05 -0.00057257
-0.0985108 0.100714 0.173629 -0.00390177 9.756e-05 -0.00043085
-0.0954505 0.11556 0.151249 -0.00346308 9.756e-05 -0.00054588
-0.0927339 0.117472 0.188098 -0.00376133 9.756e-05 -0.00055929
-0.0986878 0.0825378 0.161841 -0.00371601 -2.148e-05 -0.00048982
-0.0920792 0.115621 0.167525 -0.00321421 -5.134e-05 -0.00048796
-0.0966172 0.0900973 0.16248 -0.00364594 0.00024411 -0.0004117
-0.0852233 0.117014 0.161728 -0.00364241 9.756e-05 -0.00053404
-0.0846378 0.106757 0.118733 -0.00281411 9.756e-05 -0.00078517
-0.0924802 0.0767072 0.14766 -0.00297939 0.00033787 -0.0006327
-0.0979295 0.0930826 0.205334 -0.00436078 9.756e-05 -0.00025332
-0.112203 0.0929936 0.182986 -0.00389513 -0.00039072 -0.00013668
-0.096768 0.114555 0.158013 -0.00323648 9.756e-05 -0.00069964
-0.0984107 0.103261 0.19214 -0.00387817 9.756e-05 -0.00051277
-0.104711 0.103868 0.167421 -0.00349426 -0.00025877 -0.00037042
-0.0879309 0.130469 0.188215 -0.0033562 -4.412e-05 -0.00044857
-0.104436 0.0938226 0.189423 -0.00402218 0.00011344 -0.00053889
-0.100367 0.102608 0.168344 -0.00344598 -0.0002972 -0.00045667
-0.08174 0.106383 0.212078 -0.00373772 -2.91e-06 -0.00048299
-0.100206 0.102748 0.175094 -0.00381878 1.458e-05 -0.00031467
-0.093004 0.102652 0.188818 -0.00357688 -0.00020928 -0.00040642
-0.0997006 0.102809 0.208331 -0.00403905 2.712e-05 -0.00034664
-0.0992489 0.0946001 0.166397 -0.00382356 2.027e-05 -0.00040564
-0.0968654 0.119773 0.185722 -0.00364806 -0.00017545 -0.00042934
-0.102612 0.0879259 0.180536 -0.00368622 0.00011344 -0.00037281
-0.103339 0.104017 0.18554 -0.00424546 0.00011344 -0.00065167
-0.0970738 0.130225 0.193619 -0.00377943 -9.527e-05 -0.00035504
-0.0998501 0.120042 0.214655 -0.0045682 0.0002412 -4.195e-05
-0.107733 0.126718 0.162511 -0.00390866 -0.00031324 -3.683e-05
-0.0982121 0.123236 0.170744 -0.00359426 -4.861e-05 -0.0004697
-0.0886228 0.104581 0.165299 -0.00345966 -5.21e-05 -0.0005157
-0.106658 0.0920723 0.18565 -0.00401769 0.00011344 -0.00022389
-0.101007 0.108133 0.159115 -0.00359137 -0.00019024 -0.00051617
-0.0946459 0.107482 0.187497 -0.0036356 -0.0001119 -0.00030746
-0.100817 0.0874626 0.200863 -0.00410348 -9.84e-06 -0.00057079
-0.116613 0.085736 0.136734 -0.00346111 -0.0003024 -0.00037578
-0.128377 0.0929805 -0.0956664 0.00387533 -0.00060324 -0.0010281
-0.0316524 1.0198 -0.248277 0.0631283 -0.0049945 -0.00269708
-0.0697641 0.567906 -0.174237 0.0224237 -0.00281631 -0.00197567
-0.101176 0.240621 -0.126378 0.00999615 -0.00236403 -0.00126022
-0.0963299 0.262914 -0.117447 0.00886819 -0.00178348 -0.00138524
-0.0943789 0.248348 -0.145854 0.010847 -0.00203779 -0.00131579
-0.101978 0.178601 -0.107503 0.00802504 -0.00168575 -0.00120023
-0.102287 0.201024 -0.154942 0.00973437 -0.00179806 -0.00128494
-0.101864 0.179758 -0.0674073 0.00762017 -0.00135908 -0.001385
-0.110464 0.164227 -0.100221 0.00679671 -0.00164237 -0.00128433
-0.0972768 0.231878 -0.133488 0.00836078 -0.00207781 -0.00118166
-0.0979062 0.239009 -0.0916668 0.00768844 -0.00168758 -0.00125378
-0.102989 0.198704 -0.12169 0.00722367 -0.00168947 -0.00116907
-0.0962413 0.250347 -0.125215 0.00801913 -0.0017253 -0.00123039
-0.0989938 0.19933 -0.0836931 0.00675669 -0.00164219 -0.00124462
-0.107003 0.185107 -0.115403 0.00696757 -0.00166624 -0.00128118
-0.0991899 0.206491 -0.0991664 0.00743267 -0.00173645 -0.00129662
-0.109624 0.154827 -0.107886 0.00644249 -0.00140085 -0.0012302
-0.0989282 0.197944 -0.107821 0.00695175 -0.00161071 -0.00122614
-0.107191 0.185366 -0.100763 0.00689407 -0.00152796 -0.00117604
-0.110141 0.179875 -0.114643 0.00675669 -0.0016181 -0.00114706
-0.0993654 0.209252 -0.114625 0.00751131 -0.00190862 -0.00133548
-0.108627 0.187337 -0.0833735 0.00662259 -0.00173622 -0.00112411
-0.114819 0.19274 -0.109701 0.00650669 -0.00173622 -0.00117874
-0.0989728 0.211561 -0.110555 0.00746817 -0.00167893 -0.00122196
-0.109859 0.184842 -0.0960255 0.00683266 -0.00159539 -0.00112763
-0.121522 0.19044 -0.115204 0.00692547 -0.00190144 -0.00128409
-0.109287 0.196777 -0.0779568 0.00695735 -0.00180109 -0.00123973
-0.109651 0.178102 -0.0636163 0.0064701 -0.00149615 -0.00128602
-0.112676 0.171096 -0.0824378 0.00613623 -0.00127554 -0.00099095
-0.103364 0.206735 -0.0914175 0.006498 -0.00171833 -0.00121035
-0.111967 0.179304 -0.0593778 0.00591641 -0.00135387 -0.00111393
-0.112961 0.179665 -0.101582 0.006186 -0.00182471 -0.00124959
-0.105385 0.210161 -0.0791567 0.00641181 -0.00159948 -0.00120499
-0.112513 0.151779 -0.0616883 0.00552139 -0.00154161 -0.00112879
-0.112857 0.18858 -0.0783118 0.00604429 -0.00169623 -0.00124947
-0.108969 0.188789 -0.0565937 0.00603168 -0.00136373 -0.00119427
-0.119888 0.156999 -0.0806824 0.00559081 -0.00129521 -0.0011358
-0.110549 0.187997 -0.0745267 0.00615912 -0.00158419 -0.00131402
-0.11115 0.192214 -0.0625808 0.00600036 -0.00152737 -0.00123903
-0.119438 0.156861 -0.0843546 0.00574395 -0.00132697 -0.00111718
-0.108217 0.190639 -0.0827239 0.00622678 -0.00164377 -0.00125305
-0.111025 0.177224 -0.0539459 0.00567936 -0.00143002 -0.00115925
-0.118106 0.149582 -0.0826504 0.00527882 -0.00132587 -0.00116592
-0.108014 0.185332 -0.0789181 0.00596887 -0.00161693 -0.00118336
-0.110184 0.143432 -0.0703858 0.00547763 -0.00146095 -0.00119047
-0.110243 0.178315 -0.0909344 0.00554525 -0.00163364 -0.00118399
-0.104883 0.196333 -0.0561278 0.00552373 -0.00150712 -0.00124525
-0.124139 0.154059 -0.0784583 0.00520396 -0.00125103 -0.0009961
-0.10954 0.171984 -0.0840124 0.00599888 -0.00173329 -0.00121133
-0.1088 0.182489 -0.0512199 0.0058673 -0.00152054 -0.00131945
-0.123635 0.144733 -0.0865837 0.00524359 -0.00132679 -0.00107849
-0.106469 0.196611 -0.066244 0.00563251 -0.00156845 -0.00125737
-0.108283 0.165252 -0.068793 0.00551878 -0.00144649 -0.00106112
-0.10831 0.147487 -0.101314 0.00537818 -0.00144113 -0.00110851
-0.106421 0.18617 -0.0745668 0.00560622 -0.00151821 -0.00114691
-0.111234 0.142631 -0.0898392 0.00494835 -0.00132679 -0.00112249
-0.0996497 0.176686 -0.0988912 0.00548436 -0.00157679 -0.00101814
-0.0973159 0.170784 -0.067554 0.00546417 -0.00140464 -0.00113766
-0.114559 0.149519 -0.0813675 0.00479067 -0.00120713 -0.00092105
-0.1029 0.139661 -0.0994187 0.00531029 -0.00144502 -0.00116247
-0.116294 0.116828 -0.138507 0.00551762 -0.00192615 -0.00105267
-0.104019 0.128078 -0.0546713 0.00440882 -0.00125819 -0.00097444
-0.118574 0.120299 -0.0412332 0.00366926 -0.00106827 -0.00084178
-0.107517 0.14785 -0.0709504 0.00447318 -0.00143922 -0.00077491
-0.104859 0.168002 -0.015879 0.00412468 -0.00123018 -0.00096667
-0.116541 0.144626 -0.00558431 0.00307827 -0.000934 -0.00070636
-0.110918 0.171399 -0.0371523 0.00383222 -0.00141345 -0.00081829
-0.11056 0.188508 0.0228693 0.00397297 -0.00137798 -0.00077144
-0.117566 0.124252 -0.0777829 0.00399838 -0.00110608 -0.00098693
-0.107602 0.15001 -0.0780082 0.0040907 -0.00115238 -0.00088837
-0.107583 0.134086 0.00680023 0.00347799 -0.000934 -0.00094323
-0.11018 0.129905 -0.0127953 0.00287283 -0.000934 -0.00074737
-0.10753 0.168845 0.00548009 0.00293569 -0.00110559 -0.00089628
-0.107003 0.141778 0.0308304 0.0022129 -0.00065036 -0.00075454
-0.107205 0.171676 -0.0180579 0.00293735 -0.00091886 -0.00078139
-0.107239 0.17213 0.0355686 0.00200149 -0.00089682 -0.00081306
-0.123696 0.112967 -0.0196478 0.00151703 -0.00045286 -0.00084154
-0.125206 0.15928 -0.038104 0.00250132 -0.00118654 -0.00075769
-0.107286 0.169148 0.010559 0.00249923 -0.00093785 -0.00081403
-0.120416 0.128885 0.00936185 0.00195208 -0.00093785 -0.00066192
-0.109783 0.142764 0.0138111 0.00191489 -0.00087018 -0.00078591
-0.114538 0.146715 0.03736 0.00161995 -0.00093785 -0.00066428
-0.115996 0.125707 0.00633165 0.00156672 -0.00101534 -0.00063313
-0.106145 0.155744 0.0352607 0.00169944 -0.00093785 -0.00069808
-0.114087 0.133502 0.0271708 0.00123393 -0.00080902 -0.00056514
-0.111536 0.146635 0.0119649 0.0017047 -0.00114535 -0.00069754
-0.104206 0.158482 0.0353514 0.00156955 -0.00087674 -0.00070399
-0.113962 0.122139 0.0198277 0.00129231 -0.00093785 -0.00070763
-0.101839 0.157942 0.0297566 0.00173239 -0.00093785 -0.00078632
-0.116546 0.134881 0.0421119 0.00122512 -0.00064536 -0.00064143
-0.105512 0.162417 0.0171899 0.0016688 -0.00093785 -0.00072863
-0.109364 0.14473 0.0500339 0.00133908 -0.00072583 -0.00072185
-0.111402 0.125251 0.0235016 0.00108227 -0.00065163 -0.00069446
-0.102096 0.15819 0.0496213 0.00145027 -0.00080778 -0.00092123
-0.110391 0.131075 0.0282621 0.00111423 -0.00058127 -0.00057371
-0.101723 0.148847 0.043591 0.00121402 -0.0007846 -0.0007693
-0.111219 0.138398 0.0488052 0.00086075 -0.00049423 -0.00064999
-0.117083 0.139032 0.0220304 0.000939 -0.0005931 -0.00067428
-0.0987064 0.197527 0.0272505 0.00155496 -0.00081748 -0.00062916
-0.11194 0.169535 0.0331546 0.00065135 -0.00076419 -0.00071264
-0.11383 0.139949 0.0222009 0.0008096 -0.00093785 -0.00074693
-0.108485 0.132627 0.0592907 0.00091678 -0.00081418 -0.00059878
-0.116923 0.0827709 0.0238768 0.0004937 -0.00057793 -0.00064704
-0.111417 0.151489 0.0445788 0.00107539 -0.00081547 -0.00061855
-0.116568 0.110965 0.0351233 0.00020187 -0.00013404 -0.00053229
-0.112072 0.157137 0.0446775 0.00052465 -0.00065029 -0.00073207
-0.11509 0.151497 0.0547036 0.00026989 -0.00044374 -0.00068991
-0.117868 0.153357 0.0246586 0.00047398 -0.00044374 -0.0005684
-0.104647 0.167496 0.0677588 0.00045991 -0.00044374 -0.00067777
-0.120065 0.146603 0.0500787 -6.733e-05 -0.00053265 -0.00044875
-0.103493 0.169451 0.05221 0.0006464 -0.00074567 -0.00059725
-0.119926 0.141056 0.0670452 -4.16e-06 -0.00061526 -0.00065391
-0.112443 0.129017 0.0545921 0.00027548 -0.00060538 -0.00068006
-0.101095 0.152963 0.0699661 0.00061401 -0.00044374 -0.00071557
-0.11796 0.114337 0.0711466 -0.00020894 -0.00061353 -0.00064795
-0.105798 0.156793 0.0867417 0.00032556 -0.00071495 -0.00077076
-0.113152 0.127096 0.0816542 -0.00017387 -0.00044374 -0.00064489
-0.116351 0.158848 0.0514554 0.00016329 -0.00044374 -0.00069743
-0.109765 0.154886 0.0776268 0.00014364 -0.00068986 -0.00068681
-0.113304 0.128379 0.0470806 -4.067e-05 -0.00064103 -0.00060629
-0.109945 0.155327 0.0815778 0.00014364 -0.00069781 -0.00067292
-0.117876 0.114075 0.0640859 -0.00030387 -0.00044374 -0.000466
-0.112358 0.145362 0.0636424 8.56e-06 -0.00078165 -0.00068742
-0.116638 0.131917 0.0860264 -0.00034167 -0.00068582 -0.00064837
-0.120015 0.131343 0.0493523 6.988e-05 -0.00062539 -0.00064251
-0.105613 0.150195 0.0919615 -5.021e-05 -0.00069062 -0.00076232
-0.119944 0.121307 0.0866578 -0.00038232 -0.0005934 -0.00071081
-0.104335 0.156666 0.0831801 -0.00011796 -0.00068665 -0.00066318
-0.117797 0.133867 0.0928898 -0.00053167 -0.00044374 -0.00060964
-0.108252 0.146716 0.0615232 -9.351e-05 -0.00079418 -0.00085561
-0.114115 0.145216 0.0951765 -0.00043291 -0.00067388 -0.0007844
-0.119546 0.124577 0.059196 0.00013448 -0.00063652 -0.00071336
-0.110998 0.155583 0.0909012 -5.377e-05 -0.00072937 -0.00069102
-0.117765 0.12337 0.0954544 -0.00065516 -0.00053267 -0.00061266
-0.102411 0.157164 0.0904147 -0.00018229 -0.00077416 -0.00069463
-0.10625 0.137877 0.102199 -0.00042367 -0.0006372 -0.00063433
-0.115178 0.132653 0.079603 -0.00041677 -0.00075433 -0.00070018
-0.10281 0.153676 0.116589 -0.00059488 -0.00077136 -0.00066109
-0.119983 0.119774 0.0937081 -0.00060556 -0.00052239 -0.00058407
-0.110284 0.137683 0.0893355 -9.282e-05 -0.00085216 -0.0007184
-0.120801 0.121273 0.0945896 -0.00048651 -0.00063199 -0.00053721
-0.115205 0.150848 0.0831782 -0.00043629 -0.00095046 -0.00071786
-0.115158 0.13806 0.11239 -0.00078676 -0.00064654 -0.00061456
-0.117839 0.12579 0.0770846 -0.00078676 -0.00073939 -0.00056707
-0.110425 0.160897 0.0855174 -0.00019462 -0.00093181 -0.0005974
-0.12037 0.118424 0.0973847 -0.00084742 -0.00064148 -0.00062901
-0.141228 0.0838217 0.0167975 0.00010837 -0.00094403 -0.00094072
-0.130782 0.0903398 0.0126745 -0.00033093 -0.00043583 -0.00079623
-0.118284 0.104346 0.114759 -0.00162163 -0.00043022 -0.0006365
-0.11636 0.122417 0.0758639 -0.00136764 -0.00071606 -0.00054393
-0.109856 0.152227 0.103155 -0.00097479 -0.00061689 -0.00062989
-0.118751 0.108942 0.115766 -0.00157985 -0.00035763 -0.00042383
-0.113825 0.15279 0.078961 -0.00120211 -0.00065728 -0.00065975
-0.113063 0.138672 0.120836 -0.00128587 -0.00043786 -0.00060122
-0.131109 0.115083 0.0812413 -0.00132285 -0.0005849 -0.00065239
-0.116629 0.14553 0.113293 -0.00113264 -0.0006654 -0.00063947
-0.121043 0.125995 0.117058 -0.00148347 -0.00043786 -0.00053719
-0.123053 0.131482 0.0949818 -0.00127736 -0.00043786 -0.00054567
-0.106854 0.138883 0.113392 -0.00107655 -0.00081332 -0.00064181
-0.125807 0.109654 0.0963406 -0.001566 -0.00049009 -0.00047438
-0.111812 0.142122 0.0953025 -0.00113264 -0.00069141 -0.0005785
-0.120529 0.122008 0.109079 -0.00148157 -0.00049482 -0.00044251
-0.110079 0.141994 0.0690441 -0.00076579 -0.00057344 -0.00049842
-0.110709 0.142242 0.124221 -0.00141313 -0.00048991 -0.00052756
-0.113467 0.13751 0.107941 -0.00142654 -0.00050877 -0.00050046
-0.100774 0.15844 0.123123 -0.00113264 -0.00062325 -0.00055083
-0.113677 0.142401 0.129084 -0.00171964 -0.00036227 -0.0004402
-0.113559 0.142007 0.0878834 -0.00107771 -0.0007128 -0.00072236
-0.113241 0.142022 0.122231 -0.00114905 -0.00043786 -0.0007521
-0.121764 0.110691 0.109509 -0.00167716 -0.00043786 -0.00046962
-0.113698 0.142478 0.120844 -0.00113564 -0.00069237 -0.00075373
-0.118618 0.111357 0.125819 -0.0014528 -0.00043786 -0.00037402
-0.126204 0.135758 0.114301 -0.00187082 -0.00066891 -0.00057482
-0.110582 0.144229 0.133836 -0.0015171 -0.00043786 -0.0007668
-0.11984 0.112739 0.115473 -0.00198697 -0.00018978 -0.00055756
-0.109397 0.157249 0.104012 -0.00115737 -0.00049368 -0.00075106
-0.115953 0.135602 0.128624 -0.00150217 -0.00043787 -0.00058381
-0.119232 0.122206 0.106027 -0.00140479 -0.00043787 -0.00054517
-0.113191 0.141755 0.130731 -0.00123959 -0.00043787 -0.00055095
-0.125647 0.121627 0.186387 -0.00222608 -0.00043787 -0.00010478
-0.137377 0.14297 0.216146 -0.00241729 -0.00075958 1.731e-05
-0.122923 0.143363 0.158892 -0.00162567 -0.00151323 -0.00025201
-0.139295 0.11702 0.0320888 -0.00035367 -0.00094303 -0.00051121
-0.120261 0.066404 0.0548986 -0.00064006 -0.00054297 -0.00063516
-0.126535 0.0998948 0.129777 -0.0015942 -0.00043787 -0.0002818
-0.131441 0.123517 0.0978779 -0.00132347 -0.00085798 -0.00030072
-0.110842 0.129406 0.102359 -0.00066429 -0.00088393 -0.00077635
-0.133394 0.11903 0.150029 -0.00184905 -0.00077657 -0.00035691
-0.132101 0.127417 0.10952 -0.00125053 -0.00086996 -0.00068178
-0.123037 0.137821 0.138061 -0.00131836 -0.00085019 -0.00089209
-0.121442 0.136709 0.143806 -0.00158661 -0.00054499 -0.00025624
-0.121151 0.153683 0.129992 -0.00159168 -0.00085389 -0.00062922
-0.116858 0.153653 0.137872 -0.00147274 -0.00038155 -0.00059684
-0.133143 0.119541 0.1558 -0.00199861 -0.00053503 -0.0003325
-0.1261 0.145192 0.144879 -0.00159785 -0.00068859 -0.00080255
-0.122828 0.130637 0.137083 -0.00125053 -0.00061372 -0.00076586
-0.134481 0.103524 0.135532 -0.00161444 -0.0009233 -0.0002971
-0.124384 0.129132 0.125608 -0.00125053 -0.00087229 -0.00065716
-0.124232 0.125405 0.141252 -0.00177422 -0.00043787 -0.00051448
-0.122425 0.138152 0.13331 -0.00167522 -0.00061434 -0.00058042
-0.113131 0.150331 0.154119 -0.00171565 -0.00071923 -0.00067239
-0.117216 0.13245 0.137829 -0.00191203 -0.00043787 -0.00054269
-0.11821 0.142734 0.111176 -0.00136093 -0.00043787 -0.00044161
-0.111233 0.138329 0.128785 -0.00151878 -0.00043787 -0.00057149
-0.116167 0.105983 0.130885 -0.0019278 -0.00023907 -0.00031154
-0.105857 0.141275 0.122907 -0.00155764 -0.00043787 -0.00055559
-0.104997 0.11358 0.135224 -0.00164996 -0.00018223 -0.00034711
-0.106808 0.124417 0.101959 -0.0014545 -0.00043787 -0.00038922
-0.102391 0.124422 0.136053 -0.00160509 -0.00043787 -0.0005469
-0.108587 0.124516 0.116292 -0.00161675 -0.00043787 -0.00028214
-0.105363 0.147493 0.11213 -0.00114997 -0.00043787 -0.00055916
-0.104182 0.124528 0.133081 -0.00173575 1.79e-05 -0.00028373
-0.105995 0.135976 0.103865 -0.00142121 -0.00035108 -0.00044705
-0.104387 0.124494 0.155287 -0.00187125 -0.00016758 -0.00037219
-0.110116 0.114169 0.101689 -0.00120935 -0.00033862 -0.00031213
-0.105635 0.13556 0.138315 -0.00113549 -0.00041219 -0.00053988
-0.105793 0.111375 0.117463 -0.00138407 -0.0001903 -0.0002074
-0.107698 0.140855 0.1417 -0.00133989 -0.00042716 -0.00063555
-0.11929 0.108874 0.132153 -0.00166573 1.79e-05 -0.00033479
-0.112037 0.141481 0.120247 -0.00134454 -0.00053428 -0.0004563
-0.110162 0.124469 0.138027 -0.00173679 -0.00029177 -0.00037653
-0.103304 0.124342 0.107217 -0.00150716 -0.00047913 -0.00046317
-0.113798 0.124407 0.147259 -0.00168093 -0.00035385 -0.00049655
-0.113519 0.116484 0.105422 -0.00157744 -0.0003637 -0.00052039
-0.108242 0.141407 0.137851 -0.00144902 -0.00046474 -0.00068144
-0.115639 0.108044 0.123234 -0.00193554 -0.00025922 -0.00027475
-0.102691 0.139285 0.120619 -0.00142379 -0.00053023 -0.00061153
-0.117593 0.108834 0.101068 -0.00175592 -0.00034261 -0.00089209
-0.118708 0.0957232 0.139008 -0.00178379 -0.00024033 -0.00089209
-0.121281 0.12478 0.164272 -0.00279633 -0.00016541 -0.00037757
-0.111172 0.133484 0.114871 -0.0017997 -0.00043588 -0.00070069
-0.115608 0.124441 0.159611 -0.00197733 -0.00053023 -0.00045687
-0.126074 0.12447 0.128627 -0.00197733 -0.00043138 -0.00038133
-0.114682 0.144776 0.139096 -0.00154478 -0.00045133 -0.00060092
-0.121804 0.112644 0.157209 -0.00234077 -0.00035138 -0.00028037
-0.113145 0.13669 0.130025 -0.00168011 -0.00053023 -0.00051627
-0.112931 0.124473 0.175937 -0.0021261 -0.00053023 -0.00050875
-0.123438 0.111394 0.139369 -0.00190379 -0.00053023 -0.00045573
-0.119168 0.134202 0.165289 -0.00182446 -0.00059053 -0.00081736
-0.125078 0.105476 0.146109 -0.00183719 -0.00031873 -0.00028765
-0.112377 0.136758 0.130486 -0.0015392 -0.00068898 -0.00058577
-0.119446 0.128802 0.18093 -0.00242768 -0.00053023 -0.00055644
-0.12358 0.124444 0.119133 -0.00197733 -0.00045939 -0.00047188
-0.119444 0.148534 0.142777 -0.00164839 -0.00053023 -0.00068093
-0.118953 0.116563 0.143305 -0.0022637 -0.00033223 -0.00048366
-0.119913 0.136228 0.132817 -0.00176722 -0.00054878 -0.00077162
-0.117138 0.124293 0.144501 -0.00181167 -0.00048475 -0.00077313
-0.12594 0.103683 0.135639 -0.00197733 -0.00036673 -0.00067128
-0.119545 0.135941 0.147595 -0.00197733 -0.00064438 -0.00089209
-0.131549 0.101541 0.153133 -0.00191585 -0.00051395 -0.00052254
-0.120257 0.122945 0.132844 -0.0015966 -0.00098941 -0.00065023
-0.125736 0.115245 0.157891 -0.00183954 -0.00063909 -0.00049678
-0.131628 0.11599 0.140114 -0.00197733 -0.00048533 -0.00054265
-0.127507 0.137494 0.145867 -0.00133481 -0.00069127 -0.00089209
-0.133978 0.122635 0.165397 -0.00191688 -0.00039766 -0.000567
-0.121537 0.125127 0.146812 -0.00176051 -0.00058531 -0.00080613
-0.116322 0.137566 0.17191 -0.00163811 -0.00058531 -0.00079928
-0.127343 0.0977287 0.149021 -0.00187752 -0.0004443 -0.00049806
-0.117125 0.136483 0.146081 -0.00160469 -0.00058531 -0.00081795
-0.125817 0.112166 0.156209 -0.00149546 -0.00043709 -0.00080602
-0.127497 0.113333 0.137167 -0.00162628 -0.00058531 -0.00053757
-0.114101 0.130036 0.172827 -0.00177331 -0.00051475 -0.00073821
-0.133792 0.110219 0.150434 -0.00193743 -8.586e-05 -0.00054955
-0.142682 0.0948071 0.038348 -0.00041491 -0.00033043 -0.00072912
-0.115085 0.0843544 0.110819 -0.00139317 -0.00018274 -0.00064745
-0.113427 0.0844924 0.134415 -0.00162792 -0.00048378 -0.00048668
-0.132343 0.0909666 0.118998 -0.00211767 -0.00048663 -0.00067324
-0.12274 0.128633 0.130266 -0.0014976 -0.00061111 -0.00058496
-0.131361 0.108539 0.160324 -0.00220044 -0.00018274 -0.00034953
-0.132611 0.12978 0.120579 -0.00178803 -0.00059653 -0.00046049
-0.112885 0.138422 0.140592 -0.00170009 -0.00018274 -0.0005878
-0.122115 0.105624 0.141859 -0.00189725 -0.00023294 -0.00040002
-0.116272 0.129004 0.12166 -0.00143586 -0.00052701 -0.00052011
-0.11352 0.122716 0.155462 -0.00174082 -0.00031051 -0.00062121
-0.124612 0.105628 0.152586 -0.00189725 -0.00018274 -0.00044801
-0.112961 0.125416 0.145573 -0.00144759 -0.00059939 -0.0006513
-0.1212 0.113743 0.169176 -0.00189725 -0.00018274 -0.00058244
-0.117883 0.105483 0.142205 -0.00175712 -0.0003707 -0.00070385
-0.116741 0.130436 0.159298 -0.00168957 -0.00048966 -0.00064805
-0.121676 0.109042 0.15043 -0.00203177 2.666e-05 -0.0004877
-0.107517 0.151183 0.152133 -0.00178263 -0.0003763 -0.00067392
-0.107847 0.130307 0.168064 -0.00195399 -0.0001749 -0.00059633
-0.123205 0.114788 0.143573 -0.00200122 -0.00016287 -0.00052394
-0.113589 0.126915 0.158952 -0.00199874 -0.00019273 -0.00065155
-0.127843 0.114881 0.152585 -0.00220263 7.038e-05 -0.00045621
-0.113631 0.125602 0.129135 -0.0017924 -0.00023822 -0.00067741
-0.115296 0.120011 0.160722 -0.00195655 -0.00040851 -0.00060175
-0.122357 0.114857 0.134879 -0.00224892 -0.00023822 -0.00059653
-0.114914 0.13723 0.135251 -0.00156728 -0.00023822 -0.00062654
-0.119944 0.114869 0.139583 -0.00215644 4.1e-07 -0.00046539
-0.11652 0.1203 0.130095 -0.00189725 -0.00015992 -0.00047689
-0.113761 0.136464 0.143084 -0.00218187 -0.00023822 -0.00048828
-0.11851 0.114902 0.123821 -0.00217915 -5.893e-05 -0.00042582
-0.112676 0.151575 0.110911 -0.00124391 -0.00023822 -0.00058868
-0.125946 0.100587 0.139639 -0.00222974 -2.822e-05 -0.00045357
-0.111545 0.142199 0.130554 -0.00179052 -0.00023822 -0.00066658
-0.110756 0.125304 0.158877 -0.00217159 -2.958e-05 -0.00072583
-0.126526 0.122124 0.1411 -0.00225447 -0.00023822 -0.00051625
-0.118609 0.13085 0.158819 -0.00174471 -0.00030539 -0.00063465
-0.124112 0.118934 0.17453 -0.00236722 4.016e-05 -0.00064231
-0.120543 0.129842 0.144755 -0.00189725 -0.00023822 -0.00062318
-0.106889 0.13058 0.154706 -0.00189725 -0.00023822 -0.00071208
-0.10222 0.113127 0.163546 -0.00147753 0.00026477 -0.00101417
-0.101617 0.100287 0.166971 -0.00144262 -0.00012588 -0.00091771
-0.121859 0.104093 0.186612 -0.00269127 0.00016747 -0.00055935
-0.121863 0.127927 0.166643 -0.00280626 -0.00020865 -0.0005037
-0.115112 0.158033 0.14458 -0.0020009 -0.00024134 -0.00060047
-0.113039 0.123929 0.191746 -0.0027544 0.00016747 -0.00039844
-0.13425 0.145014 0.259902 -0.00288697 -7.434e-05 -8.473e-05
-0.126061 0.162492 0.183251 -0.00183251 -0.00030608 -0.00018174
-0.122406 0.134663 0.167238 -0.00205944 0.00016747 -0.00067475
-0.126741 0.111503 0.149489 -0.0022445 0.00016747 -0.00050325
-0.11398 0.126915 0.144985 -0.00203855 -0.00014131 -0.00049144
-0.109223 0.12022 0.155651 -0.0022445 0.00016747 -0.00056363
-0.120822 0.103432 0.14438 -0.0021447 0.00024063 -0.00046709
-0.111395 0.131944 0.139152 -0.00190338 1.71e-05 -0.00049263
-0.115734 0.127347 0.173298 -0.0022445 4.41e-05 -0.00044878
-0.119949 0.125328 0.160161 -0.00231609 3.114e-05 -0.00041212
-0.118254 0.150985 0.180279 -0.0022445 -0.00011645 -0.00077054
-0.120094 0.13136 0.189011 -0.00262491 0.00016747 -0.00069552
-0.122754 0.135732 0.170202 -0.00238204 -1.308e-05 -0.00082889
-0.112676 0.139543 0.174857 -0.00231118 -0.00011685 -0.0007384
-0.12312 0.114107 0.172841 -0.00265257 0.00028677 -0.00050296
-0.113689 0.134157 0.153572 -0.0022445 -6.79e-06 -0.00082889
-0.115568 0.120816 0.173383 -0.0022445 2.538e-05 -0.00050192
-0.11875 0.11402 0.154836 -0.00235176 0.00016747 -0.00046712
-0.107803 0.113826 0.151261 -0.0019671 -0.00028481 -0.00063475
-0.122101 0.111396 0.159843 -0.0022445 5.594e-05 -0.00045458
-0.125312 0.113866 0.146588 -0.00214072 -0.00043709 -0.00070869
-0.108932 0.14394 0.154607 -0.0022445 -0.00028578 -0.0004204
-0.117067 0.115899 0.144822 -0.00219067 0.00028555 -0.0004891
-0.108754 0.14387 0.147149 -0.00214831 -0.0002218 -0.00052619
-0.122629 0.121925 0.173821 -0.00284462 0.00017055 -0.00054301
-0.125062 0.112258 0.148048 -0.0022445 -0.00017721 -0.00054042
-0.122914 0.0958438 0.099068 -0.00111643 -0.00052976 -0.00069997
-0.132343 0.0889969 0.0661272 -0.0005241 -0.0003643 -0.00082889
-0.10828 0.0976861 0.101955 -0.00074373 -0.00069241 -0.00082889
-0.121717 0.109861 0.128755 -0.00105673 -0.00052676 -0.00069271
-0.129251 0.126667 0.0844196 -0.00032695 -0.00069241 -0.00082889
-0.106508 0.135212 0.109687 -0.00074373 -0.00049159 -0.0007769
-0.128646 0.110385 0.127424 -0.00130025 -0.00019967 -0.00069733
-0.112219 0.148586 0.0988366 -0.00099681 -0.00040459 -0.00082889
-0.109648 0.13536 0.123935 -0.00096054 -0.00033138 -0.00073682
-0.123706 0.122395 0.118805 -0.0011568 -0.00039341 -0.00063053
-0.119901 0.152374 0.12855 -0.00125491 -0.000499 -0.00076224
-0.118225 0.133227 0.130727 -0.00104666 -0.00035213 -0.00065529
-0.131413 0.103294 0.116481 -0.0013056 -0.00039771 -0.00051101
-0.122696 0.154008 0.13487 -0.00116482 -0.00054101 -0.00090276
-0.12871 0.0972998 0.141211 -0.00147756 -0.00019967 -0.00067102
-0.12361 0.124643 0.104575 -0.00083778 -0.00053239 -0.00076751
-0.116496 0.125117 0.153797 -0.00149958 -0.00035558 -0.00077387
-0.127678 0.104898 0.131641 -0.00148255 -0.00019967 -0.00053776
-0.117622 0.136712 0.11936 -0.00108481 -0.00047261 -0.00077815
-0.115271 0.139865 0.14658 -0.00161152 -0.00019967 -0.00047206
-0.126098 0.119602 0.0996566 -0.00118093 -0.00019967 -0.00067763
-0.118454 0.13673 0.148859 -0.00151118 -0.00019967 -0.00070843
-0.127438 0.118946 0.132247 -0.001664 -0.00019967 -0.0006447
-0.11887 0.136697 0.130455 -0.00145335 -0.00037764 -0.00074927
-0.121371 0.136674 0.145008 -0.00133673 -0.00019967 -0.00068514
-0.134375 0.0982738 0.13629 -0.00161152 -0.00019967 -0.00048793
-0.115074 0.146864 0.135993 -0.00136317 -0.00053269 -0.00074485
-0.119261 0.131875 0.145399 -0.00134893 -0.0003724 -0.00058808
-0.129572 0.121241 0.132317 -0.00161152 -0.0003828 -0.0006351
-0.115044 0.146863 0.132708 -0.0013324 -0.00019967 -0.00068555
-0.123982 0.108479 0.155415 -0.00193268 -0.00019967 -0.00054867
-0.124966 0.126305 0.111053 -0.00109319 -0.00019967 -0.00073191
-0.122412 0.122447 0.149592 -0.00138963 -0.00026807 -0.00086908
-0.13196 0.107573 0.148267 -0.00181501 -0.00019967 -0.00057779
-0.122244 0.1203 0.112417 -0.00100384 -0.00019967 -0.00053366
-0.135579 0.124645 0.134937 -0.00144646 -0.00019967 -0.00057811
-0.144143 0.132395 0.185339 -0.00196122 -5.671e-05 7.271e-05
-0.138848 0.17395 0.109077 -0.00105691 -0.00019967 -0.00050656
-0.120262 0.160534 0.140823 -0.00172365 5.674e-05 -0.00066073
-0.132778 0.138036 0.115311 -0.00136129 -0.00019036 -0.00036568
-0.1231 0.171456 0.0822488 -0.00100384 -0.00054954 -0.00056411
-0.106337 0.172822 0.101776 -0.00109788 -0.00028163 -0.00049415
-0.116784 0.118368 0.129108 -0.0017082 6.085e-05 -6.235e-05
-0.117958 0.135949 0.0966252 -0.00127421 -6.292e-05 -6.805e-05
-0.11133 0.131383 0.110015 -0.0011583 -6.292e-05 -0.00054339
-0.119103 0.113562 0.128772 -0.00143638 -6.292e-05 -0.00063126
-0.120552 0.0968325 0.123193 -0.00147225 -6.292e-05 -0.00050278
-0.108539 0.131375 0.117183 -0.00124583 -6.292e-05 -0.00064985
-0.112481 0.127707 0.156508 -0.00180364 0.00011261 -0.00049609
-0.123429 0.115382 0.148784 -0.0020254 -6.292e-05 -0.00053894
-0.116983 0.148424 0.128502 -0.00153798 -0.00019164 -0.00061126
-0.114591 0.133211 0.15638 -0.00177836 -6.292e-05 -0.00059378
-0.125806 0.112223 0.180419 -0.00219527 -6.292e-05 -0.0003239
-0.114918 0.129734 0.141105 -0.00137627 -0.00014753 -0.0005813
-0.101851 0.129785 0.148009 -0.00123139 -6.292e-05 -0.00054042
-0.122087 0.095116 0.168381 -0.00201029 -6.292e-05 -0.00036386
-0.111787 0.121801 0.118858 -0.00131614 -0.00024193 -0.00062553
-0.109809 0.121917 0.147669 -0.00169771 -6.292e-05 -0.0005314
-0.11189 0.117501 0.181109 -0.00227391 0.00020464 -0.00038516
-0.121432 0.0897488 0.278936 -0.00252976 0.00043734 -2.523e-05
-0.0988105 0.139754 0.281613 -0.00261047 0.00135869 0.00051981
-0.090577 0.184276 0.229073 -0.00214014 0.00135869 -1.438e-05
-0.106675 0.213741 0.0387389 0 0.00021136 -0.00035178
