-0.017049 0.00987045 0.111955 -0.00046403 -0.00021066 -0.00019323
-0.023845 0.0465398 0.144 -0.00111751 -0.00023418 -0.00025784
-0.0245594 0.00235949 0.142941 -0.00041933 -8.545e-05 -0.00052326
-0.0395008 -0.0283849 0.131846 0.00010316 -0.00025275 -0.00052699
-0.0369717 -0.0226589 0.0539012 0.00272634 -0.00061358 -0.0011695
-0.0146118 0.186302 -0.0088828 0.00630871 -0.00072872 0.00081937
-0.0130246 0.110805 0.0707612 0.00365883 -0.0005319 0.00056437
-0.00264508 -0.129574 0.0160061 0.00302056 -0.00043443 0.00044548
-0.0170234 -0.053748 0.0197918 0.00220738 -0.00034468 0.00058763
0.00317075 -0.115533 0.0137409 0.00227352 -0.00013984 0.0003265
-0.00301595 -0.157848 -0.0404668 0.00395497 1.255e-05 0.00035464
-0.00318088 -0.0816363 -0.0262125 0.00337144 -0.00017515 0.0003337
0.0180887 -0.0617172 0.00455113 0.00282879 0.00012342 0.00054286
-0.00491492 -0.0025759 0.0197403 0.00262948 2.708e-05 0.00057866
-0.0176913 0.0156105 0.0245108 0.00262948 -4.169e-05 0.00013538
-0.0203639 0.0838404 0.0209302 0.00218297 0.00015472 0.00049743
-0.0215677 -0.0972029 0.0395301 0.00267813 0.0007138 0.00010068
-0.0233356 -0.12992 0.0742129 0.00285981 0.0007138 0.00018984
-0.0233124 -0.0259855 0.0590584 0.00295984 0.00038596 0.00036304
-0.0238312 -0.107505 0.0615748 0.00312197 0.00061934 0.00031041
-0.0248275 -0.0553319 0.101052 0.00304401 0.00048459 0.00031041
-0.028286 0.0126092 0.0718397 0.00299552 0.00035806 5.038e-05
-0.024034 -0.0591165 0.0879639 0.00309846 0.00026465 4.017e-05
-0.0188917 0.0574034 0.0761314 0.00297582 0.00014812 0.00031041
-0.0228197 -0.0251115 0.074959 0.00332472 0.00020789 0.00016976
-0.0459419 0.0657098 0.121637 0.00335839 9.404e-05 -8.13e-06
-0.0461823 -0.0332907 0.0632631 0.00337956 8.268e-05 -2.464e-05
-0.0486567 -0.0833603 0.0719626 0.00328092 0.00012172 -7.038e-05
-0.0413495 -0.0048099 0.0602881 0.00340869 0.0001054 6.497e-05
-0.0326106 -0.0527087 0.0852851 0.00333448 0.00039444 0.00011811
-0.0313637 0.0621651 0.0612311 0.00352602 0.00026137 -1.862e-05
-0.0318415 -0.0369714 0.0751845 0.00367324 0.00035831 0.00013867
-0.035904 0.0336547 0.0688326 0.00380437 0.00039124 0.00014113
-0.0356426 0.0128616 0.0463278 0.00382728 0.00043056 -2.537e-05
-0.0421677 0.0580605 0.0662671 0.00410336 0.00022246 -0.00014742
-0.0462408 0.0279115 0.0605762 0.00367324 0.00017985 2.368e-05
-0.0344061 -0.0140832 0.0907565 0.00367324 8.166e-05 0.00031041
-0.0410022 0.0257833 0.0559575 0.00382576 3.063e-05 0.0001102
-0.0441364 -0.0368198 0.0646953 0.00387628 3.242e-05 -9.895e-05
-0.0458234 0.0331304 0.0608273 0.00342704 9.758e-05 -0.00022192
-0.0418012 -0.021765 0.0978883 0.00368016 4.716e-05 -3.363e-05
-0.0396191 0.0376153 0.0679352 0.00355571 8.577e-05 -1.71e-06
-0.0427871 -0.0139604 0.103442 0.003287 0.00020008 -5.399e-05
-0.0432463 0.0646031 0.106239 0.00306484 0.00031499 -0.0001486
-0.0422799 -0.00538848 0.0973609 0.00322126 0.00021512 -0.00013044
-0.0397383 0.0757352 0.0678692 0.00369631 -1.941e-05 -0.00016749
-0.0437602 -0.00711767 0.10532 0.00371829 1.676e-05 -0.00019553
-0.0511854 0.0689923 0.0983703 0.00354393 0.00011127 -0.000392
-0.0511861 -0.0192198 0.11379 0.00376603 0.00022367 -0.00030064
-0.0559305 0.033105 0.0808174 0.00336639 -0.00020458 -0.00041147
-0.0504665 -0.0106399 0.0626822 0.00360265 -1.957e-05 -0.0005391
-0.0531918 0.0534718 0.0863344 0.00352083 -0.00015991 -0.00043739
-0.0489193 -0.0111443 0.0952492 0.00336639 -0.00039674 -0.00037969
-0.0453588 0.0089323 0.104235 0.00336639 -0.00012484 -0.00026208
-0.0450105 0.0482259 0.0611108 0.00326063 -0.00015443 -0.00027863
-0.0476338 -0.0446395 0.0830734 0.00362645 -3.616e-05 -0.00032603
-0.0518486 0.0687978 0.0788993 0.00375032 -0.00011093 -0.00044233
-0.0535077 -0.0358045 0.0840085 0.0036149 -4.503e-05 -0.0004143
-0.0606758 0.0603158 0.0729003 0.00370134 -0.00027408 -0.00051849
-0.0514313 -0.0331983 0.0755542 0.00402487 -0.00022607 -0.00068489
-0.053645 0.0932037 0.0879349 0.00393439 -0.00026001 -0.00040491
-0.0503682 -0.00931086 0.0420145 0.00382418 -0.00014974 -0.00059863
-0.0454739 -0.0374338 0.0922409 0.00380554 -9.997e-05 -0.00041507
-0.0482915 0.0478961 0.059521 0.00366091 -0.00012909 -0.00031131
-0.0476323 -0.0347425 0.0611805 0.00374879 -7.123e-05 -0.00036243
-0.050274 0.0518471 0.0680142 0.00351468 -0.00017388 -0.00046756
-0.0489993 -0.032277 0.0729493 0.00367927 -8.32e-05 -0.00051607
-0.0446615 0.0334144 0.078331 0.00404007 4.599e-05 -0.00061584
-0.0494742 -0.00446192 0.0773152 0.00419469 -2.337e-05 -0.00071522
-0.0441181 0.0589634 0.0664613 0.00401233 3.925e-05 -0.00066157
-0.0530613 0.00866932 0.05879 0.00403298 -1.202e-05 -0.00087415
-0.0508636 0.0383937 0.0700021 0.00409315 5.096e-05 -0.00082894
-0.0526077 0.00044031 0.0663628 0.00401824 2.151e-05 -0.00085202
-0.0495777 0.0612041 0.0631369 0.0036621 3.637e-05 -0.00085332
-0.0412017 -0.0195582 0.0501622 0.00378698 -2.021e-05 -0.00101468
-0.0495885 0.0503556 0.0793481 0.00369006 -1.85e-05 -0.00086443
-0.0506143 -0.0166107 0.035526 0.00397643 -0.00017486 -0.00085703
-0.0503383 -0.0621621 0.043299 0.0042246 -0.00014176 -0.0007945
-0.0517406 0.0740757 0.0330929 0.00376205 -0.00027006 -0.00071939
-0.0634914 -0.090637 0.0327847 0.00392969 -0.00020012 -0.00105985
-0.0623163 0.00419121 0.061826 0.00370013 -2.392e-05 -0.0010707
-0.0551925 0.0112945 0.0463787 0.00362815 -0.00016357 -0.00109241
-0.0595482 -0.0137249 0.0743655 0.00363687 -0.00015009 -0.00109722
-0.0524658 -0.0494774 -0.0517943 0.00418639 -0.00014573 -0.00118167
-0.0470716 -0.106597 -0.172164 0.00553059 -0.00039425 -0.00085469
-0.055292 0.0374344 -0.0586711 0.00464806 -0.00059151 -0.00097404
-0.0761238 -0.0909804 -0.0652678 0.00439636 -0.00030364 -0.00164784
-0.0838623 -0.0256449 -0.0663517 0.00450801 -0.0005778 -0.00211445
-0.0710202 0.0830423 -0.0633096 0.00527065 -0.00104929 -0.00125582
-0.0825772 -0.11613 -0.075793 0.00526139 -0.00142122 -0.00117499
-0.0856221 -0.0778423 -0.0364078 0.00520122 -0.00140751 -0.00115699
-0.0796103 -0.0836909 -0.0640526 0.00526187 -0.00130379 -0.00119817
-0.0832578 -0.143226 -0.0543419 0.00534265 -0.00119963 -0.00135143
-0.0704055 -0.00178149 -0.0815541 0.00479594 -0.0013636 -0.00119693
-0.0610582 -0.138344 -0.0867879 0.00487907 -0.00115301 -0.00124644
-0.0644661 -8.065e-05 -0.043993 0.00469009 -0.00108495 -0.00129203
-0.0687124 -0.0513625 -0.0542705 0.00461806 -0.00088321 -0.00140907
-0.0671362 -0.0290649 -0.0386787 0.0044406 -0.00100716 -0.00157771
-0.0728967 -0.008714 -0.0934633 0.0053939 -0.00109243 -0.00155635
-0.0738161 -0.0572333 -0.0438484 0.0047891 -0.00106172 -0.00149613
-0.080647 -0.0102337 -0.048107 0.00447233 -0.00147405 -0.00154574
-0.080208 -0.0887213 -0.0243042 0.00435309 -0.00136679 -0.00151879
-0.0817374 -0.0241281 -0.0208909 0.00438522 -0.00146584 -0.0015637
-0.0800268 -0.0863536 -0.0676079 0.00429128 -0.0015626 -0.00159974
-0.0707269 -0.118703 -0.0449368 0.00519361 -0.00128184 -0.00125877
-0.0687719 -0.0245078 -0.0698582 0.00489399 -0.00142393 -0.00133502
-0.0776168 -0.0573491 -0.0561279 0.0053158 -0.0015629 -0.00118921
-0.0719541 -0.00039545 -0.0577927 0.00517684 -0.00150974 -0.00119632
-0.0901885 -0.0552139 -0.0783477 0.00526417 -0.00180568 -0.00137491
-0.0847386 0.0271869 -0.0447942 0.00520415 -0.00157777 -0.00119436
-0.079545 -0.0213947 -0.1095 0.00501899 -0.00163683 -0.00129129
-0.0701003 -0.133585 -0.0925224 0.00508966 -0.00164208 -0.00118031
-0.0699545 -0.0132799 -0.106231 0.00482373 -0.00186634 -0.00128472
-0.0708263 -0.144046 -0.123325 0.00506804 -0.00216034 -0.00131284
-0.0625645 -0.138812 -0.196359 0.00499569 -0.00192245 -0.00132749
-0.0945169 -0.211221 -0.533157 0.00928623 -0.00224606 -0.00287289
-0.0714567 -0.129436 -0.207115 0.00509744 -0.00259703 -0.00188051
-0.0584465 -0.0638312 -0.153319 0.00262454 -0.00200525 -0.00131549
-0.0621228 0.0707196 -0.0348912 0.00242486 -0.00169603 -0.00164677
-0.059726 -0.0886798 -0.0341362 0.0028296 -0.00198265 -0.00141148
-0.0496706 -0.0159691 -0.0190472 0.00302251 -0.00169957 -0.0014056
-0.0583122 -0.110662 -0.0456483 0.00370202 -0.00169376 -0.00113055
-0.0679336 -0.0422586 -0.0282022 0.00328703 -0.00156711 -0.00155998
-0.0716963 -0.13463 -0.0950571 0.00375691 -0.00168171 -0.00152639
-0.101852 -0.00911681 0.00303045 0.00273074 -0.00182143 -0.00228589
-0.0940794 0.0112699 0.0213004 0.0012548 -0.00165418 -0.00207304
-0.074898 -0.071391 0.0452698 0.00181059 -0.00146216 -0.00199393
-0.0799105 0.0240787 0.0448338 0.00198639 -0.00173472 -0.0020865
-0.0830045 -0.010798 0.00883346 0.00262081 -0.00162841 -0.00209699
-0.0849241 0.0230718 0.0665094 0.00210478 -0.00157112 -0.00216021
-0.0903098 0.0283641 0.0518885 0.00219871 -0.00176765 -0.00208405
-0.0926716 -0.0136268 0.0626241 0.00271089 -0.00180366 -0.00202613
-0.0984823 0.0429842 0.0458187 0.00232115 -0.00191643 -0.00216088
-0.0899464 -0.0288321 0.0496784 0.00247496 -0.0020427 -0.00208324
-0.0945334 0.0142057 0.0664342 0.00210478 -0.001575 -0.00230711
-0.0868988 -0.00595195 0.0404952 0.00180396 -0.0018077 -0.00217088
-0.080033 -0.0784025 0.0768211 0.00224918 -0.0016805 -0.00196126
-0.0806282 0.00531457 0.0685652 0.00210478 -0.00168798 -0.00199953
-0.0897553 -0.0467457 0.0454278 0.00255297 -0.00166489 -0.00207839
-0.092466 0.0551623 0.0755909 0.00210478 -0.00174209 -0.00198659
-0.0878988 -0.0122488 0.0646241 0.00210478 -0.00175047 -0.0019553
-0.0877195 0.0532765 0.0949941 0.00229392 -0.00175813 -0.00182127
-0.0840189 0.0236417 0.056359 0.00198159 -0.00187801 -0.00191658
-0.0812014 -0.0431674 0.0702695 0.00210478 -0.00167142 -0.0017886
-0.0798351 0.0369711 0.0610254 0.00192038 -0.00160888 -0.00197736
-0.0735614 -0.0669235 0.0823038 0.00220454 -0.00158575 -0.0018446
-0.0690117 0.0370386 0.0829129 0.00210478 -0.00162699 -0.00193998
-0.0656306 -0.0465726 0.0600008 0.00210478 -0.00163025 -0.00164135
-0.0692939 0.0251681 0.0918961 0.00256362 -0.00159767 -0.00170982
-0.0706254 0.00973395 0.0535955 0.00258794 -0.00155518 -0.00158922
-0.0707087 0.0469181 0.0893033 0.00270378 -0.0017051 -0.00165177
-0.06558 0.063601 0.0756985 0.00257631 -0.00184051 -0.00133245
-0.0650003 0.014904 0.0669175 0.00280615 -0.00201826 -0.00089775
-0.0709939 0.0469265 0.0604786 0.00228177 -0.00204283 -0.00115914
-0.0609163 -0.0364553 0.0719836 0.00216539 -0.00177476 -0.00128905
-0.0578805 0.0840741 0.0871866 0.00224976 -0.00165816 -0.00112001
-0.021 -0.0815522 0.0240853 0.00225475 -0.00148457 -0.00033427
-0.0406573 0.0122387 0.0637357 0.00210478 -0.00157313 -0.00076489
-0.0641862 -0.0215909 0.0128757 0.00228038 -0.00173532 -0.00108707
-0.0405167 -0.00869009 0.0438753 0.00279682 -0.0016869 -0.00063131
-0.0531831 0.074059 0.0427672 0.00210478 -0.00187545 -0.00069848
-0.0648961 -0.097808 0.0134611 0.00318618 -0.00210578 -0.00045899
-0.0812856 0.00648303 0.0227708 0.00282724 -0.00196699 -0.00103586
-0.0713565 -0.0350295 0.0396069 0.00243005 -0.00193224 -0.00095168
-0.0546141 0.0177067 0.0342939 0.00238535 -0.00193793 -0.0008107
-0.0370481 -0.0460434 0.0445119 0.00271118 -0.00157963 -0.00048922
-0.0472952 0.0509237 0.0548047 0.00210478 -0.00175444 -0.00063408
-0.0480152 -0.0226524 0.03753 0.00265789 -0.00161404 -0.00054196
-0.0535522 0.0263007 0.0480895 0.00235788 -0.0016977 -0.00067064
-0.0490397 -0.04375 0.0167635 0.00274997 -0.00188883 -0.00011378
-0.0633524 0.018852 0.0442601 0.00240153 -0.00196118 -0.00066807
-0.0514075 -0.0269643 0.0773301 0.0022896 -0.00177426 -0.00054137
-0.0468924 0.0680722 0.06086 0.00210478 -0.00158193 -0.000805
-0.0455455 -0.0498096 0.0568414 0.00231071 -0.00163534 -0.00040802
-0.0446628 0.0246794 0.0812009 0.00245077 -0.00190871 -0.00083778
-0.0442205 0.0328776 0.0397632 0.00194544 -0.00193674 -0.00089124
-0.048095 -0.0309531 0.0592932 0.0021974 -0.00200919 -0.00074083
-0.0441617 0.0656862 0.0583381 0.00210478 -0.00186487 -0.00086678
-0.0490655 -0.0424399 0.0585611 0.00231409 -0.00184036 -0.0006736
-0.0612603 0.0620922 0.0585721 0.00225053 -0.00219744 -0.00097358
-0.052362 -0.0376485 0.0528152 0.0019072 -0.00211932 -0.00104739
-0.0460737 0.0435606 0.0696323 0.00192421 -0.00206813 -0.00101473
-0.0392189 -0.0481987 0.048313 0.00215672 -0.00222296 -0.00090919
-0.0615373 0.0512566 0.0649119 0.00232046 -0.00221355 -0.00107073
-0.0620738 -0.00473851 0.0373753 0.00193228 -0.00220898 -0.00127528
-0.063217 -0.0440643 0.0695554 0.00218896 -0.00214748 -0.00109081
-0.0590927 0.070212 0.0695119 0.00210478 -0.00202725 -0.00129937
-0.0577938 -0.026954 0.0526742 0.00210478 -0.00200839 -0.00116278
-0.0631914 0.00477499 0.0786108 0.0024016 -0.00213412 -0.00124929
-0.0664622 0.0342422 0.0628218 0.00231663 -0.00212383 -0.00133077
-0.0664444 -0.0064681 0.0705847 0.002504 -0.00220827 -0.00127076
-0.0659648 0.0397317 0.0592505 0.0022862 -0.00234637 -0.00124055
-0.0633985 -0.0237439 0.0684161 0.00225389 -0.00233069 -0.0010337
-0.0638768 0.0496923 0.0636123 0.00210478 -0.00233998 -0.00113566
-0.0606031 -0.0466905 0.0351552 0.0024835 -0.00233836 -0.00092239
-0.0613065 0.0792873 0.0823787 0.00222972 -0.00220721 -0.00114251
-0.0596476 -0.0141767 0.0554719 0.00194582 -0.00223351 -0.00124418
-0.0620286 -0.0727523 0.0865906 0.00241305 -0.00213654 -0.00114789
-0.0707683 0.0521756 0.0594168 0.00229608 -0.00231176 -0.00157667
-0.0667925 -0.0426262 0.0302008 0.00210478 -0.00277197 -0.00109711
-0.0774708 0.0462293 0.0672079 0.00194709 -0.00252867 -0.00114321
-0.0698844 0.00406295 0.0438643 0.00201075 -0.00266632 -0.00090872
-0.0818486 0.0201709 0.0692826 0.00191331 -0.00241239 -0.00109817
-0.0668317 0.0694285 0.0435651 0.00230324 -0.00278871 -0.00093882
-0.0686558 -0.0459522 -0.0140551 0.00361886 -0.00333128 -0.00074578
-0.0780698 0.0392456 0.0141438 0.00359303 -0.0030304 -0.00107137
-0.0814695 0.0150798 -0.0378895 0.00330908 -0.0033131 -0.00108847
-0.0678704 -0.0266804 -0.0267232 0.00328933 -0.00347241 -0.00100607
-0.0663679 -0.00639084 0.0303417 0.00251769 -0.00334953 -0.00080886
-0.0735408 -0.0641769 0.0210026 0.00295384 -0.00283428 -0.00103467
-0.0739802 0.0640012 0.0295055 0.00272275 -0.00307769 -0.00119943
-0.0666156 -0.114557 -0.0472049 0.00381712 -0.00339563 -0.00082627
-0.0833812 -0.00540208 0.0270875 0.00274857 -0.00312842 -0.00112899
-0.0781492 0.00519262 -0.0447921 0.00392994 -0.00323518 -0.00112218
-0.0792203 -0.0130334 -0.00995666 0.00375341 -0.00337028 -0.00092744
-0.0808122 0.0654907 0.00715221 0.00317132 -0.00356634 -0.00097039
-0.086162 -0.030886 -0.0391783 0.00323882 -0.00388568 -0.00092338
-0.0853489 0.00502449 0.0398248 0.00230709 -0.00335427 -0.00077675
-0.0672125 0.096431 0.0232082 0.00265322 -0.00377902 -0.00047142
-0.0643452 -0.0246262 -0.0412011 0.00290524 -0.00394139 -0.00042341
-0.0703916 -0.169648 -0.0243866 0.00363813 -0.00380842 -0.00050829
-0.091759 -0.0362379 -0.0121476 0.00407328 -0.0037978 -0.00079345
-0.0985263 -0.0450543 -0.00640712 0.00306597 -0.00358961 -0.00075519
-0.0934023 -0.0459105 0.0082833 0.00314954 -0.0037087 -0.00044874
-0.0959323 0.0692652 0.0236069 0.003553 -0.00385021 -0.00045125
-0.0839826 0.0271983 0.00286758 0.00356772 -0.0039549 -0.00039186
-0.0850888 0.0399857 0.0260169 0.0031017 -0.00400336 -0.00018233
-0.0835085 0.0815414 0.0400955 0.00285713 -0.00386974 -0.00032279
-0.0748132 -0.037523 -0.00634555 0.00282007 -0.00386684 0.00013532
-0.0791991 0.0379605 0.0553815 0.00262113 -0.00371775 -1.022e-05
-0.102658 0.0451859 -0.0121579 0.0031544 -0.00450496 -2.614e-05
-0.0760841 -0.407086 -0.554886 0.0135406 -0.00569873 0.00056916
-0.00485673 -0.22077 -0.70882 0.020137 -0.00254229 0.00178018
-0.0402025 0.0112284 -0.521899 0.0182195 -0.00326114 0.00102009
-0.0445105 -0.0402537 -0.487125 0.0179992 -0.00328775 0.00037388
-0.0532736 -0.13679 -0.450033 0.016921 -0.00304298 -4.763e-05
-0.0414639 0.0270606 -0.467927 0.0164193 -0.00334077 4.85e-06
-0.024662 -0.130644 -0.453264 0.0170277 -0.00280172 0.00014592
-0.0392655 0.0239185 -0.394482 0.0164635 -0.00310534 -0.00018202
-0.029237 -0.0200376 -0.397955 0.0151056 -0.00268889 -0.00028608
-0.0191561 -0.058439 -0.377475 0.0149958 -0.00318454 -2.303e-05
-0.0174118 -0.0121946 -0.405177 0.0159586 -0.00313608 -1.187e-05
-0.0220451 -0.0486925 -0.378848 0.0155797 -0.00289145 -0.0002251
-0.0300365 0.0309836 -0.356775 0.0144293 -0.00254526 -0.00028651
-0.0261632 -0.0790665 -0.333784 0.014076 -0.00242413 -0.00037922
-0.0258327 0.0260301 -0.347701 0.0144343 -0.00257472 -0.0004099
-0.0256564 -0.0763667 -0.309488 0.0146155 -0.00253632 -0.00028651
-0.0232958 -0.00024116 -0.322563 0.0142321 -0.00252562 -0.00018548
-0.0343573 -0.0676022 -0.372907 0.0139144 -0.00212565 -0.00070072
-0.0417909 0.0117624 -0.315274 0.0126633 -0.00202879 -0.00095176
-0.0391741 -0.0745468 -0.316766 0.0113731 -0.00225891 -0.00077563
-0.058388 -0.0496906 -0.289618 0.0104275 -0.0027102 -0.00094416
-0.0539099 -0.0642517 -0.359896 0.0113772 -0.00268562 -0.00072706
-0.0396444 -0.0729129 -0.316065 0.0111591 -0.00285423 -7.126e-05
-0.0363882 -0.0394696 -0.331677 0.0106516 -0.00320327 0.00024184
-0.032345 -0.104709 -0.330032 0.0107926 -0.00344756 0.00030178
-0.0219563 -0.0360896 -0.303213 0.0105675 -0.00355944 0.00063459
-0.0218804 -0.130062 -0.304165 0.01057 -0.00379979 0.00050672
-0.030581 -0.0419141 -0.320789 0.0108491 -0.00319705 0.00040011
-0.0345931 -0.112299 -0.3667 0.0112656 -0.00277626 0.00025731
-0.0395036 -0.00033185 -0.286941 0.0101223 -0.00277626 0.00023374
-0.0322483 -0.0592995 -0.338394 0.0102903 -0.00294627 0.00040011
-0.0355363 -0.148716 -0.306908 0.00986515 -0.00284271 -0.0001986
-0.0427268 -0.0216668 -0.315486 0.00980202 -0.00277626 -0.00055813
-0.0527586 -0.122888 -0.319063 0.0094959 -0.00289174 -0.0008366
-0.0484359 0.00069021 -0.283718 0.0093732 -0.00277626 -0.00072273
-0.0415655 -0.0876031 -0.293807 0.00902409 -0.00299245 -0.00037218
-0.0522808 -0.0327185 -0.274781 0.00899527 -0.00282019 -0.00056521
-0.0533129 -0.0657819 -0.380738 0.0102461 -0.00313108 -0.00087909
-0.0579002 -0.112409 -0.307058 0.00938316 -0.00297337 -0.00055858
-0.0491327 -0.0245053 -0.381049 0.00987327 -0.00323905 -0.00045588
-0.0447148 -0.170309 -0.387273 0.0108046 -0.00327994 -0.00023283
-0.0411306 -0.0749447 -0.315775 0.009611 -0.00373469 4.99e-06
-0.0333967 -0.129836 -0.333429 0.00947439 -0.00387708 0.00065829
-0.0440874 -0.0794708 -0.272208 0.00851592 -0.00344822 0.00036819
-0.0441853 -0.0635956 -0.307833 0.00922879 -0.00327994 -2.253e-05
-0.0487296 -0.12607 -0.286562 0.00965835 -0.00327994 -9.398e-05
-0.0476524 -0.0518703 -0.325896 0.00933778 -0.00365016 -7.458e-05
-0.0536489 -0.0919133 -0.28503 0.00935814 -0.00302994 1.135e-05
-0.047867 0.0341098 -0.28544 0.00942191 -0.00295573 -0.00024599
-0.0527514 -0.126752 -0.293772 0.00915505 -0.00295472 -0.00024815
-0.0698732 -0.0299066 -0.258468 0.00855859 -0.00277964 -0.00057557
-0.0715265 -0.0754869 -0.354374 0.00923477 -0.00339684 -0.00044588
-0.0618443 -0.247004 -0.500601 0.012899 -0.00327579 -0.00016284
-0.0738665 -0.143277 -0.509494 0.0126721 -0.00281346 -6.69e-06
-0.0860904 0.0129426 -0.402781 0.0125802 -0.0024832 0.0001493
-0.0408525 -0.0752684 -0.520522 0.0168198 -0.00248131 0.00122382
-0.0341313 -0.0536303 -0.444456 0.0192596 -0.00116912 0.00166148
-0.0371124 -0.0618732 -0.471625 0.0180466 -0.00155117 0.0013038
-0.0291276 -0.195542 -0.427935 0.0180108 -0.00128556 0.00144084
-0.039628 -0.107506 -0.463479 0.0186285 -0.00138742 0.00124118
-0.0400589 0.0742286 -0.370166 0.0171434 -0.00037543 0.00113117
-0.0637179 0.0386635 -0.42418 0.0167441 -0.00086339 0.00037211
-0.0721475 -0.121157 -0.42588 0.0164848 -0.00104614 1.681e-05
-0.0797684 0.0471224 -0.431903 0.0159729 -0.00120576 -7.986e-05
-0.0593326 -0.109832 -0.435313 0.0163649 -0.00130102 0.00015629
-0.0612214 0.0292211 -0.406878 0.0166333 -0.00086339 -5.942e-05
-0.0711736 -0.099147 -0.444181 0.0161192 -0.00086339 0.00015629
-0.0720054 -0.0756354 -0.423337 0.0155763 -0.00077933 -0.00035515
-0.0635336 -0.0271158 -0.503873 0.0151994 -0.00088594 -0.00014699
-0.0449273 -0.165782 -0.582704 0.0160974 -0.00029831 -0.00011835
-0.0357299 -0.133015 -0.618661 0.0173519 -0.00058894 -0.00028518
-0.04763 -0.12564 -0.642498 0.017573 -0.00070441 -0.00042428
-0.0201065 -0.118782 -0.643009 0.0177119 -0.00025843 -0.00053391
-0.0542574 -0.0275703 -0.579342 0.0175169 -0.0005352 -0.00031738
-0.0704117 -0.0132614 -0.564328 0.0166665 -1.677e-05 -0.00064289
-0.0569766 -0.213784 -0.435684 0.0169923 -5.807e-05 -0.00113596
-0.0440277 -0.0628 -0.384537 0.0166971 0.00038455 -9.749e-05
-0.0420726 -0.076308 -0.432917 0.0163999 0.00047022 0.00015629
-0.052533 -0.115763 -0.37357 0.0160269 0.00047489 -0.00049009
-0.047552 0.0428361 -0.393687 0.0162983 0.00067872 -0.00029528
-0.0463657 -0.0851602 -0.398716 0.0162631 0.00091887 -0.00036619
-0.0650971 0.0621624 -0.298696 0.0168248 0.00139425 -0.00032209
-0.0617879 0.0700483 -0.322481 0.0171544 0.00145915 -0.00037357
-0.0765928 0.0474669 -0.292214 0.0171958 0.0012979 -0.00059648
-0.0796009 0.11302 -0.323327 0.0172583 0.00109204 -0.00071081
-0.0847066 -0.0164307 -0.291029 0.0172906 0.0011475 -0.00084396
-0.0809616 0.0722575 -0.30344 0.0170887 0.00143239 -0.00108776
-0.114924 -0.0582949 -0.324443 0.0196964 0.00178631 -0.00108919
-0.126946 0.0369726 -0.37254 0.0246143 0.00192477 -0.00076337
-0.0897632 0.440668 -0.311651 0.0246563 0.00234142 -0.00045947
-0.0555893 0.345199 -0.29649 0.025675 0.0022943 0.00020346
-0.0646371 0.00324758 -0.36715 0.0229786 0.00161747 -0.00134879
-0.0863478 -0.0746251 -0.489267 0.0226513 0.00188524 -0.0020609
-0.100219 -0.0722388 -0.368262 0.0203754 0.00229246 -0.00193528
-0.094318 0.0686365 -0.301733 0.0207302 0.00258073 -0.00143702
-0.0894581 -0.0629582 -0.304535 0.0213879 0.00268516 -0.0014759
-0.0996628 0.116324 -0.122588 0.0218178 0.00303256 -0.00295399
-0.137343 0.248132 -0.0573752 0.0194506 0.00411962 -0.00339791
-0.129602 -0.0500232 -0.226938 0.0190608 0.00298236 -0.0043435
-0.117862 0.165946 -0.178253 0.0190978 0.00324394 -0.00371376
-0.132645 0.0874835 -0.223313 0.0202183 0.00407416 -0.00412407
-0.142313 0.0499529 -0.223122 0.0191765 0.00412687 -0.00400067
-0.137461 0.162639 -0.230167 0.0189625 0.00443547 -0.00357261
-0.139546 0.163633 -0.211361 0.0195996 0.00449675 -0.00330903
-0.125206 0.153522 -0.237507 0.019188 0.00411435 -0.0032188
-0.127445 0.0713948 -0.231284 0.0187848 0.00406463 -0.00350377
-0.129514 0.0596373 -0.221951 0.01978 0.00416758 -0.00337586
-0.130399 0.112248 -0.23274 0.0189487 0.00397017 -0.00318555
-0.117892 0.0216347 -0.300166 0.0200157 0.00316794 -0.00277305
-0.112847 0.0240709 -0.303285 0.02063 0.00219208 -0.00236376
-0.114006 0.0563581 -0.269389 0.0190685 0.00193563 -0.0024581
-0.118047 0.0454947 -0.222941 0.0182772 0.00204082 -0.00262925
-0.128789 0.169522 -0.191989 0.0179528 0.00206422 -0.00264936
-0.119658 0.0746595 -0.234131 0.0168216 0.00174619 -0.00274423
-0.109526 0.0173566 -0.198309 0.017406 0.00196742 -0.00249693
-0.110728 0.155272 -0.214834 0.016969 0.00185021 -0.00231799
-0.113812 -0.00768213 -0.224165 0.0178232 0.00199898 -0.00249185
-0.122512 0.132497 -0.176344 0.0171307 0.00177499 -0.00270284
-0.115729 0.0451154 -0.233751 0.0164685 0.00196351 -0.0031186
-0.123547 0.0870404 -0.170491 0.0166535 0.00210844 -0.00302628
-0.127011 0.0794907 -0.221237 0.0165626 0.001808 -0.00291526
-0.130666 0.0563035 -0.190034 0.0167758 0.00186614 -0.00284127
-0.125425 0.121247 -0.208144 0.0161527 0.00158692 -0.00276699
-0.145265 0.0625955 -0.232787 0.0168415 0.00139284 -0.00310644
-0.145319 0.157733 -0.20307 0.0173142 0.00182463 -0.00280036
-0.124963 0.101459 -0.172945 0.0161607 0.00199991 -0.00242391
-0.128077 0.14821 -0.165686 0.0169608 0.00202936 -0.00250341
-0.114321 0.119749 -0.214196 0.0166552 0.00201179 -0.00241213
-0.115275 0.0420325 -0.177124 0.0166389 0.00215643 -0.00262115
-0.116475 0.149107 -0.174834 0.0159485 0.00217621 -0.00259704
-0.107782 0.0178353 -0.198654 0.0161553 0.0020992 -0.00226714
-0.114023 0.121192 -0.193137 0.017413 0.00191841 -0.00226442
-0.104584 0.0916378 -0.210926 0.0159604 0.00179691 -0.00230184
-0.123047 0.0569575 -0.162406 0.0167005 0.00194643 -0.0022981
-0.127972 0.120656 -0.220648 0.0164704 0.00178026 -0.00218566
-0.12734 0.0170218 -0.25465 0.0171568 0.00150091 -0.00242594
-0.129465 0.127349 -0.237229 0.017481 0.00171688 -0.00232753
-0.122849 0.0592677 -0.323869 0.0184196 0.0010715 -0.00154088
-0.115235 0.138289 -0.29358 0.0190118 0.00051665 -0.00096695
-0.121144 0.0743416 -0.29794 0.0178582 0.00092177 -0.00161485
-0.126437 0.101423 -0.199918 0.0162234 0.00113985 -0.00202441
-0.129219 0.170976 -0.172263 0.0157454 0.00121344 -0.00240215
-0.112494 -0.0486477 -0.225549 0.0153491 0.00119932 -0.00222095
-0.118397 0.0593104 -0.174065 0.0151787 0.00132015 -0.00234643
-0.118029 0.0500505 -0.253415 0.0156752 0.00087381 -0.00215688
-0.108948 0.0376052 -0.19699 0.0154432 0.0009181 -0.00218854
-0.117441 0.0977163 -0.221073 0.0159036 0.00122931 -0.00206572
-0.1198 0.0838468 -0.186681 0.0155809 0.00133127 -0.00226616
-0.11754 0.134036 -0.207854 0.0155237 0.00141375 -0.00202786
-0.112087 0.0904599 -0.152224 0.0152018 0.00160346 -0.00232705
-0.122268 0.182373 -0.183965 0.0153485 0.00141157 -0.00229078
-0.125744 0.0325324 -0.155601 0.0148076 0.00154233 -0.00223699
-0.121989 0.150078 -0.153417 0.0151187 0.0013587 -0.0021641
-0.118674 0.0233927 -0.212764 0.0152793 0.00118063 -0.00197638
-0.128544 0.0404198 -0.177288 0.0154841 0.00116441 -0.00217819
-0.131997 0.0170592 -0.208544 0.0155669 0.00116094 -0.00214477
-0.137285 0.0932324 -0.147252 0.0153327 0.00111605 -0.00231191
-0.126583 0.0760162 -0.215105 0.0159391 0.001162 -0.00212292
-0.131148 0.0892114 -0.158073 0.0157229 0.00124293 -0.00184665
-0.128851 0.124678 -0.213061 0.0159313 0.00101608 -0.00202202
-0.130602 0.0795638 -0.20192 0.0157951 0.00077591 -0.00179674
-0.122407 0.142075 -0.190771 0.0161525 0.00044843 -0.0015122
-0.098066 0.0513772 -0.256776 0.0167823 -0.00030312 1.5e-06
-0.100235 0.11745 -0.197138 0.016666 -0.00027817 -0.00018577
-0.106011 0.0693366 -0.234751 0.016055 1.02e-05 -0.00055126
-0.0988914 -0.0117154 -0.222876 0.0153623 0.00014867 -0.0009959
-0.098057 0.125728 -0.24056 0.0157315 5.877e-05 -0.00076408
-0.0952105 -0.0693305 -0.268945 0.0151021 0.00037339 -0.00107591
-0.100442 0.0810643 -0.179486 0.0155064 0.00067904 -0.00090345
-0.102731 0.0510413 -0.210194 0.0156219 0.00064049 -0.00106168
-0.104284 0.12286 -0.163227 0.0157598 0.00078526 -0.0010777
-0.103554 0.118895 -0.227592 0.0160178 0.00090862 -0.0010784
-0.107237 0.105984 -0.172702 0.0158257 0.00051463 -0.00109222
-0.105179 0.177985 -0.216668 0.0155469 0.00071207 -0.00108103
-0.0933342 -0.0331451 -0.209795 0.0154944 0.00075369 -0.00100926
-0.100196 0.0783845 -0.191838 0.0161691 0.00096039 -0.00107718
-0.110923 0.0103654 -0.218936 0.0156852 0.00038253 -0.00130382
-0.111782 0.137591 -0.189289 0.0160299 0.00046395 -0.00119837
-0.109242 0.0364003 -0.220282 0.0161279 0.00020823 -0.0009086
-0.106949 0.0978715 -0.167068 0.0159042 0.00023899 -0.0009086
-0.106863 0.0802217 -0.205737 0.0159103 1.618e-05 -0.0009086
-0.114006 0.0753074 -0.167333 0.0157403 -3.705e-05 -0.0009086
-0.112068 0.12728 -0.184511 0.015607 0.00015343 -0.0009086
-0.115246 0.0449912 -0.172494 0.0159969 8.563e-05 -0.00110746
-0.108843 0.137578 -0.15659 0.0161324 0.00021624 -0.0009086
-0.111222 0.0572621 -0.208639 0.0161466 -0.00021286 -0.0009086
-0.10652 0.109497 -0.170828 0.0159744 -0.00032346 -0.00081304
-0.102134 0.0536759 -0.211823 0.0159655 -0.00040205 -0.00060202
-0.106785 0.0948047 -0.187135 0.0165635 -0.00061194 -0.00048575
-0.10458 0.128322 -0.176415 0.0164372 0.00013627 -0.00054958
-0.099956 0.0520996 -0.203381 0.0157619 -0.00018403 -0.00038903
-0.10544 0.141704 -0.171019 0.0163609 -0.00021368 -0.00067475
-0.10668 0.0981021 -0.209964 0.0162375 -0.00016336 -0.00062546
-0.110826 0.0651107 -0.180791 0.0163108 -0.00013793 -0.00075189
-0.115849 0.221825 -0.0912911 0.0157208 0.00076563 -0.00096039
-0.0952583 0.0640982 -0.152037 0.0161372 0.00072898 -0.00083004
-0.0761172 -0.00524181 -0.150436 0.0162174 0.00070952 -0.00056662
-0.0579963 0.317681 -0.0692354 0.0176884 0.00173587 -0.00083209
-0.00092141 0.327977 -0.10753 0.0169185 0.00287137 0.00121178
0.0111031 0.401539 -0.0612061 0.0193385 0.00068974 0.00321178
0.0201566 -0.0826678 -0.0379626 0.0174632 0.00134746 0.00321178
0.0204788 -0.300693 -0.0696814 0.0220208 0.00279138 0.00030942
0.0200709 -0.0623681 -0.305908 0.0264774 0.00030812 0.00167059
0.0188764 -0.0231867 -0.370581 0.025876 0.00322089 0.00120666
0.0284153 0.0440895 -0.327938 0.0222219 0.00349908 0.00054585
0.00229625 0.442092 -0.191242 0.0241294 0.0031528 6.246e-05
0.0385362 0.196541 -0.349208 0.0213798 0.00296107 0.00066093
0.0152673 0.450822 -0.244549 0.0236524 0.00163264 0.00140339
0.0221737 0.228733 -0.307973 0.022901 0.00171329 0.00120848
0.0058193 0.113877 -0.340905 0.0232869 0.00163198 0.00125256
0.0166705 0.0846655 -0.335054 0.0232809 0.0019331 0.00116352
0.0202353 0.006136 -0.243339 0.0226905 0.00298115 0.00072233
0.0110584 0.034652 -0.251781 0.0223054 0.00292778 0.00091342
0.00946774 -0.0936268 -0.238139 0.0218189 0.00277563 0.0008462
0.00253527 0.0906355 -0.261511 0.0219171 0.00302316 0.0007431
-0.00299757 0.0270713 -0.255121 0.022344 0.00333179 0.00053739
0.00101525 0.204623 -0.248234 0.0216523 0.00292778 0.00090002
-0.0134745 0.160605 -0.271655 0.0218969 0.00286124 0.00064824
-0.0238357 0.176647 -0.258527 0.0222647 0.00273015 0.00037298
-0.00391361 0.251807 -0.289077 0.0220095 0.00292778 0.00076847
-0.0124081 0.096206 -0.236193 0.0215969 0.00298505 0.00061582
-0.0141383 0.16377 -0.230634 0.0214019 0.00322632 0.00056405
-0.0142032 0.0268333 -0.267433 0.0208587 0.00292778 0.00070385
-0.0079654 0.0628539 -0.21493 0.0208587 0.00314203 0.00114324
-0.0127623 0.0691089 -0.300281 0.0204499 0.00292778 0.00124967
-0.018997 -0.0323472 -0.284812 0.0204499 0.00254406 0.00159739
-0.0209038 0.0690315 -0.293925 0.0205582 0.00267134 0.00187844
-0.0183485 0.101067 -0.313399 0.019778 0.00228821 0.00204249
-0.0186013 0.0884424 -0.287699 0.0192899 0.0025202 0.0018572
-0.0210397 0.178766 -0.302892 0.018933 0.00249061 0.00132987
-0.0265918 0.0476231 -0.299151 0.0195606 0.00253278 0.00140004
-0.0284259 0.126466 -0.253923 0.0184951 0.00303447 0.00108576
-0.0142077 0.0275904 -0.29968 0.0186267 0.00280055 0.00146121
-0.0259113 -0.0105231 -0.336176 0.0200637 0.00262196 0.00149064
-0.0344172 0.0900343 -0.292645 0.0193403 0.00237943 0.00104952
-0.0377525 0.016455 -0.280489 0.0193403 0.00234887 0.0013167
-0.0528217 0.0510401 -0.282192 0.0202466 0.00297742 0.00065923
-0.0564059 0.0958444 -0.306311 0.0188975 0.00256244 0.00054867
-0.0508585 0.00264267 -0.313781 0.0192089 0.00203264 0.00103713
-0.0576685 0.100916 -0.321417 0.0195458 0.00222983 0.00123902
-0.0410776 0.0542969 -0.3214 0.0192958 0.00255118 0.00119151
-0.0412474 0.0705496 -0.189413 0.0186427 0.00330424 0.00097248
-0.0438149 0.184702 -0.182214 0.0185836 0.00315394 0.00080207
-0.0347721 -0.0428486 -0.26657 0.0173026 0.00309918 0.00085972
-0.0415364 0.148684 -0.170456 0.016984 0.00266335 0.00094464
-0.0350602 0.0142872 -0.18941 0.0176539 0.00308111 0.00123651
-0.0371537 0.091139 -0.202196 0.0182295 0.00294585 0.00126045
-0.0183444 0.0114405 -0.347134 0.0170591 0.00194114 0.00136982
-0.0348882 0.0184439 -0.29303 0.0159702 0.00096377 0.00136982
-0.0434028 0.140946 -0.264275 0.0158135 0.00126262 0.00130987
-0.0345619 0.00986345 -0.303829 0.0155966 0.00132573 0.00136982
-0.0320924 0.054443 -0.222185 0.0151083 0.00170022 0.00136982
-0.0291099 0.0415942 -0.292542 0.0168064 0.00178822 0.0016144
-0.0298567 -0.0144765 -0.264395 0.0166579 0.00177349 0.00191395
-0.0480896 0.110591 -0.270432 0.0163197 0.00169192 0.00133205
-0.0513094 -0.00101735 -0.314585 0.0156889 0.00118398 0.00128127
-0.0818759 0.0611776 -0.286586 0.0138566 0.00091525 -1.266e-05
-0.116937 0.0171383 -0.255476 0.0122546 0.00098357 -0.0006264
-0.102455 0.0134022 -0.217647 0.0128608 0.00118514 -0.00010001
-0.0908297 0.11931 -0.147059 0.0115815 0.0019663 -0.00023033
-0.0765065 -0.0131869 -0.161123 0.0122736 0.00195266 -0.00017686
-0.0830551 0.0771812 -0.156356 0.0130924 0.00177527 -0.00023033
-0.0790933 0.0302494 -0.163752 0.0115412 0.0016039 -0.00016595
-0.0839775 -0.00802988 -0.131772 0.0117844 0.00189554 -0.00034479
-0.0873455 0.128221 -0.138508 0.0120891 0.00168626 -0.0003532
-0.0838794 -0.0813939 -0.186643 0.0118977 0.00166035 -0.00023033
-0.0934052 0.116029 -0.0954845 0.0123909 0.00166643 -0.00023033
-0.0885218 -0.014791 -0.25868 0.0151976 0.00202439 0.00010826
-0.0826666 -0.0211322 -0.280075 0.0174126 0.0030114 2.24e-06
-0.112282 0.164288 -0.178666 0.0159153 0.00277356 -0.00066068
-0.094265 0.102364 -0.238631 0.0159323 0.00252471 -0.00031884
-0.108601 0.0750369 -0.184431 0.0154648 0.00270737 -0.0005843
-0.103208 0.143412 -0.15462 0.014665 0.0025557 -0.0006263
-0.101912 0.00385473 -0.129664 0.0144438 0.00253745 -0.00065143
-0.1082 0.152147 -0.123456 0.0144394 0.00334832 -0.00091846
-0.098716 -0.00966325 -0.162419 0.0145714 0.00282395 -0.00083748
-0.115852 0.0770362 -0.0984927 0.0142417 0.00239779 -0.00108619
-0.117767 0.0560928 -0.157801 0.0147315 0.0019148 -0.0009703
-0.117173 0.0196657 -0.137858 0.0145131 0.00187997 -0.00091566
-0.116343 0.0924825 -0.156879 0.0148497 0.00197661 -0.00091566
-0.117115 0.0692051 -0.152289 0.0151506 0.00142744 -0.00085243
-0.11725 0.0132543 -0.213137 0.0138999 0.00107601 -0.00101443
-0.128934 0.213177 -0.0341885 0.0109942 0.00118156 -0.00091566
-0.118819 0.0192578 -0.0663106 0.0103308 0.00133339 -0.00097162
-0.110865 0.03575 -0.0299685 0.0105645 0.00178544 -0.00091566
-0.114016 0.0877035 -0.0976704 0.0121532 0.00122848 -0.00098208
-0.112035 -0.0121945 -0.0459335 0.0117905 0.00163559 -0.00113351
-0.128583 0.0938222 -0.0619838 0.0112487 0.00110504 -0.00133941
-0.125221 -0.0167109 -0.0976801 0.0118773 0.0012321 -0.00113875
-0.122981 0.0784442 -0.0124674 0.0121222 0.0011385 -0.00108924
-0.124178 0.0677631 -0.0440365 0.0114231 0.0006575 -0.00091566
-0.131032 0.0399152 -0.0560763 0.0117169 0.00122872 -0.00103493
-0.129218 0.164294 -0.00437962 0.01022 0.00123883 -0.0011938
-0.114598 0.0516569 -0.0516939 0.00994281 0.00098766 -0.00102775
-0.124875 0.0149787 -0.0122382 0.0100369 0.00154439 -0.0014199
-0.129558 0.144472 -0.012931 0.0103315 0.00107674 -0.00140338
-0.135608 -0.0246315 -0.0426366 0.0116319 0.00123659 -0.00152863
-0.134568 0.139273 0.0301297 0.0109084 0.00125391 -0.00153296
-0.124596 0.0201933 -0.0125405 0.0103561 0.0012181 -0.00192976
-0.134205 0.0508506 0.0151262 0.0104373 0.00101926 -0.0019527
-0.142244 0.097229 -0.0354412 0.0114426 0.00066926 -0.00195918
-0.137721 0.0480601 -0.0208549 0.0107832 0.00087197 -0.00173714
-0.150214 0.189032 -0.0240642 0.0119838 0.00147297 -0.00195985
-0.142348 0.0848516 -0.0725056 0.0126015 0.00115118 -0.00185661
-0.14553 0.0905302 -0.0595776 0.0125728 0.00117407 -0.00174243
-0.139633 0.0944447 -0.0696848 0.0117694 0.00095814 -0.00154826
-0.140872 0.0536792 -0.0146209 0.0114016 0.00071677 -0.00144238
-0.153379 0.173625 -0.0692583 0.0127778 0.00055286 -0.00166255
-0.146464 0.0104181 -0.0682861 0.011733 0.00013694 -0.00158589
-0.143817 -0.00951675 -0.0414376 0.0126536 0.00027377 -0.00151929
-0.143929 0.083734 -0.0629624 0.012391 -0.00015284 -0.00137081
-0.141471 0.0230988 -0.123739 0.0139301 9.707e-05 -0.00138113
-0.142796 0.149006 -0.0759835 0.0143754 0.00050079 -0.00144238
-0.145585 0.107585 -0.157295 0.0144704 5.367e-05 -0.00114259
-0.120457 0.0678689 -0.131971 0.0118934 -0.00158909 -0.00021729
-0.126851 0.173531 -0.055556 0.0118283 -0.00099241 -0.00067486
-0.127469 0.0477546 -0.160574 0.0133499 -0.0010239 -0.00098919
-0.126736 0.126776 -0.05635 0.0131422 -0.00103325 -0.00102081
-0.121633 0.0764496 -0.135955 0.013394 -0.00176768 -0.00071802
-0.134498 -0.00862208 -0.0716677 0.0125564 -0.00156696 -0.00094926
-0.140735 0.106871 -0.0911907 0.0130804 -0.00178655 -0.00117788
-0.140209 -0.0258742 -0.0801479 0.0121214 -0.0014327 -0.00104498
-0.139386 0.0205082 -0.0527932 0.0126818 -0.00067018 -0.0010175
-0.127933 0.236601 -0.0286052 0.0130068 -0.00110789 -0.00051263
-0.0943304 -0.0211112 -0.278401 0.0198578 -0.00010997 -0.00041665
-0.0501782 0.115791 -0.357863 0.0367695 0.00360402 0.0011839
-0.060818 0.477284 -0.267516 0.0426101 0.0038352 0.00117611
-0.0603255 0.360435 -0.262717 0.0409211 0.00420033 0.00122002
-0.079021 0.269498 -0.20661 0.040437 0.00427375 0.00072601
-0.0913808 0.413409 -0.171286 0.0395726 0.00429194 0.00028308
-0.0848987 0.275003 -0.21549 0.0391237 0.00445288 8.973e-05
-0.102238 0.355974 -0.16876 0.0377639 0.00490644 -0.00058768
-0.104478 0.31414 -0.1922 0.037114 0.00452446 -0.00058768
-0.103449 0.298838 -0.175028 0.0367319 0.00376744 -0.00058768
-0.109077 0.333187 -0.142248 0.035637 0.00379604 -0.00038199
-0.106656 0.346546 -0.166915 0.0354369 0.00324598 -0.00031894
-0.0998416 0.315713 -0.181687 0.0359368 0.0030028 0.00054728
-0.0702659 0.387682 -0.148807 0.0359836 0.00238418 0.00142849
-0.0752288 0.27578 -0.147923 0.0350482 0.00273467 0.0016094
-0.0722762 0.336782 -0.095889 0.0344735 0.0023011 0.00142849
-0.0752429 0.260076 -0.108561 0.0330859 0.00252938 0.0014285
-0.085139 0.244066 -0.105271 0.0311229 0.00328058 0.00067283
-0.0780423 0.351782 -0.0904134 0.0275258 0.00371556 0.00024946
-0.0844495 0.0980555 -0.190599 0.025009 0.00243225 -0.00103793
-0.105915 0.3839 -0.0531842 0.0262039 0.00138009 -0.00130108
-0.0314814 0.083533 -0.23207 0.0246675 0.00202903 -0.0002084
-0.0369229 0.217271 -0.155169 0.0263965 0.0034638 -0.00026327
-0.0525261 0.239336 -0.202041 0.0267306 0.00325856 -0.00041755
-0.054475 0.187984 -0.1414 0.0275469 0.00364733 -0.00048276
-0.0560068 0.288485 -0.188141 0.0280626 0.00341065 -0.00046602
-0.0645051 0.205517 -0.150689 0.0279022 0.00361251 -0.00074236
-0.0761673 0.343635 -0.113533 0.0270381 0.00355246 -0.00083036
-0.0826365 0.19737 -0.232113 0.0286811 0.00413403 -0.00069589
-0.0686773 0.279556 -0.208821 0.0306184 0.00477286 0.00014672
-0.0676081 0.284407 -0.193062 0.0300955 0.00433987 -0.00014274
-0.0738458 0.135555 -0.18395 0.0294525 0.00539018 -0.00051418
-0.0684795 0.219062 -0.138117 0.0286528 0.00512663 -0.00020482
-0.0670837 0.235276 -0.160798 0.0284957 0.00494959 0.00010464
-0.0802614 0.126939 -0.157826 0.0257774 0.00383744 -0.00033932
-0.0629496 0.295025 -0.165745 0.0257855 0.00422295 -5.219e-05
-0.070618 0.223287 -0.110147 0.0278917 0.00505114 -0.00025402
-0.0688344 0.308237 -0.149064 0.0277398 0.00479949 -0.00032273
-0.0688773 0.139164 -0.102938 0.0270644 0.00478658 -0.00028634
-0.0731995 0.266101 -0.0702945 0.0273749 0.00525314 -0.00072004
-0.0717396 0.228984 -0.0771841 0.0273292 0.00513172 -0.00056702
-0.0816512 0.228246 -0.0573623 0.0278956 0.00517329 -0.00067938
-0.0693706 0.248593 -0.127919 0.0270648 0.00452446 -0.00044682
-0.0686424 0.214968 -0.108321 0.0275115 0.00418945 -1.6e-07
-0.049968 0.288877 -0.136489 0.0279911 0.00412572 0.00065857
-0.0509545 0.20475 -0.124623 0.0272937 0.0046471 0.00072259
-0.0622271 0.241051 -0.0844845 0.0267348 0.00509592 0.00023545
-0.0666671 0.332501 -0.0813154 0.0263125 0.00502102 -2.225e-05
-0.0540924 0.119516 -0.0906515 0.0258756 0.00502774 -0.00010708
-0.0640815 0.23725 -0.0344869 0.0265277 0.00515178 -0.0002445
-0.061186 0.29839 -0.098737 0.0269344 0.00495463 -0.00016609
-0.0611503 0.132244 -0.0656503 0.0264138 0.00500762 -0.00017563
-0.0587964 0.277954 -0.0623136 0.0268654 0.00488033 1.353e-05
-0.0499106 0.199591 -0.110844 0.026059 0.00470298 0.0002495
-0.0490926 0.265769 -0.0813698 0.0252678 0.00409577 0.00035226
-0.0553551 0.236183 -0.142643 0.0268373 0.0043699 0.00034031
-0.0573319 0.237971 -0.0860897 0.0266578 0.00457291 0.00029692
-0.0568595 0.269673 -0.162814 0.0280299 0.00446766 0.0005332
-0.0531652 0.188053 -0.219967 0.0281615 0.00316918 0.00117478
-0.0532119 0.276629 -0.16958 0.0280575 0.00328942 0.00112103
-0.0554572 0.154656 -0.177336 0.027298 0.00315975 0.0013889
-0.0652053 0.246756 -0.0968841 0.0273512 0.00363286 0.00071358
-0.0687802 0.204238 -0.119847 0.0267335 0.00406699 0.00039525
-0.0651534 0.218825 -0.0743005 0.0260796 0.0045348 -5.625e-05
-0.0618099 0.29186 -0.105342 0.0260109 0.00421916 0.00030626
-0.0510068 0.0625473 -0.137701 0.0239147 0.00336634 0.00012785
-0.0648294 0.306166 -0.101267 0.0254052 0.00355233 -0.00017779
-0.0583221 0.106626 -0.169064 0.0252256 0.00336288 6.752e-05
-0.0675416 0.295485 -0.0865627 0.0255742 0.00402893 -0.00043527
-0.0656588 0.209501 -0.132667 0.0244414 0.00368256 -0.00024113
-0.064522 0.231174 -0.0998218 0.0247438 0.00368753 -0.00022936
-0.0611343 0.236474 -0.156599 0.0250956 0.00343814 -6.482e-05
-0.0670675 0.222354 -0.132781 0.0255215 0.00351891 -0.00020709
-0.0715513 0.317536 -0.119618 0.025854 0.00402357 -0.00030187
-0.0679839 0.0793164 -0.182747 0.0245274 0.00364993 0.00020756
-0.0795416 0.231845 -0.125669 0.0256055 0.00380394 0.00020451
-0.0804731 0.132592 -0.168377 0.0247124 0.00380652 -3.677e-05
-0.0824185 0.223386 -0.102566 0.0249624 0.0038556 2.821e-05
-0.0749651 0.254033 -0.128032 0.0241452 0.00339633 6.605e-05
-0.0656173 0.0826772 -0.145565 0.0234769 0.00288196 0.00026736
-0.068374 0.286857 -0.0819658 0.0247266 0.00425875 -0.00017823
-0.053948 0.15101 -0.120473 0.0245707 0.00408828 0.00014201
-0.0429973 0.240411 -0.109015 0.0224348 0.00203032 0.00064981
-0.0481085 0.0834037 -0.184534 0.023256 0.00235117 0.00013073
-0.0680152 0.245663 -0.117864 0.0239686 0.00265406 -0.00043348
-0.0635785 0.143646 -0.138384 0.0233711 0.00273534 -0.00041206
-0.0795314 0.196807 -0.105301 0.0236132 0.00311823 -0.00047285
-0.0630022 0.184994 -0.126752 0.0234996 0.00312208 -6.892e-05
-0.0728158 0.144845 -0.158967 0.0249755 0.00393572 -0.00032418
-0.0866988 0.409889 -0.0410346 0.0257398 0.00382494 0.00014297
-0.0784276 0.422388 0.0632636 0.0264118 0.00352165 0.00066185
-0.053865 0.0878633 -0.0457685 0.0245002 0.00379871 0.00060733
-0.0630053 0.265797 -0.0122767 0.0249207 0.00363351 0.00062712
-0.0590131 0.174365 -0.0789734 0.0246037 0.00316494 0.00046596
-0.0546926 0.207012 -0.0716828 0.026146 0.0041067 0.0005691
