0 0.171426 0.208604 -0.00354139 0 0
0 0.25281 0.233277 -0.00493791 0 0
-5.457e-05 0.204339 0.195954 -0.00393793 -9.61e-05 0
1e-08 0.143242 0.244516 -0.003561 0 0
2e-08 0.19336 0.260122 -0.00418233 0 0
0 0.206466 0.23148 -0.00429067 0 0
-1e-08 0.146459 0.232822 -0.00348244 0 0
0 0.236843 0.265371 -0.00459778 0 0
-0.0081379 0.256619 0.236734 -0.00459778 -0.00021732 -0.00014784
-0.00404338 0.113935 0.211944 -0.00240026 -0.00019126 -6.368e-05
-0.00042225 0.141868 0.128441 -0.00078772 0.0001588 -0.00024143
-0.0115178 0.216587 0.191935 -0.00247861 -0.00020556 6.071e-05
-0.0243241 0.255363 0.216274 -0.00329551 -8.995e-05 0.00010174
-0.0110071 0.351053 0.242808 -0.00509145 -0.00060609 -0.00036392
-0.0211403 0.22509 0.246873 -0.00411495 -0.000479 2.682e-05
-0.0306166 0.235256 0.263199 -0.00460423 -0.00051053 3.9e-05
-0.0336876 0.265812 0.263374 -0.00527384 -0.00065134 -0.0001381
-0.0310569 0.180222 0.241888 -0.00385415 -0.0004737 9.605e-05
-0.0283488 0.172857 0.258925 -0.00384248 -0.00051203 0.00013925
-0.0264092 0.258131 0.275548 -0.00501911 -0.00053754 -2.153e-05
-0.0301802 0.259513 0.250541 -0.00481234 -0.0006547 -2.313e-05
-0.0233262 0.194195 0.257307 -0.00418479 -0.00049869 5.144e-05
-0.0260753 0.264794 0.255344 -0.00412294 -0.00052226 -5.72e-05
-0.0272422 0.277313 0.252604 -0.0048232 -0.00059589 -4.356e-05
-0.0318301 0.236238 0.274019 -0.00434082 -0.00061412 -0.00036392
-0.0386905 0.313998 0.288143 -0.0053016 -0.00093009 -0.00074992
-0.0373477 0.245757 0.252862 -0.00477099 -0.00073979 -0.00055712
-0.0517267 0.248183 0.318688 -0.00536155 -0.00090569 -0.00059546
-0.0761456 0.296979 0.304068 -0.00592636 -0.00111995 -0.00096642
-0.0672824 0.161548 0.26389 -0.0041794 -0.00112071 -0.00045385
-0.0644086 0.170163 0.278026 -0.00409583 -0.00089806 -0.00036468
-0.0649226 0.220997 0.285376 -0.00440469 -0.0012944 -0.00073841
-0.0702867 0.209816 0.304833 -0.00433379 -0.00113014 -0.00053474
-0.0818296 0.316582 0.347089 -0.00574889 -0.00138153 -0.00147644
-0.0832211 0.267975 0.319596 -0.00515195 -0.00139495 -0.00090589
-0.0856992 0.240615 0.337245 -0.00478141 -0.00145431 -0.0007802
-0.0808788 0.260381 0.334364 -0.00478141 -0.00133811 -0.00073104
-0.0863053 0.252198 0.351157 -0.00441368 -0.0013197 -0.00107007
-0.0914776 0.273245 0.347952 -0.00506304 -0.0013847 -0.00108764
-0.0844419 0.223756 0.363056 -0.004722 -0.00136299 -0.00075475
-0.0847879 0.239601 0.346795 -0.00487343 -0.0014157 -0.00072231
-0.088056 0.263808 0.365739 -0.00515683 -0.00137855 -0.00107477
-0.0901029 0.307163 0.35175 -0.00574344 -0.00150574 -0.00134374
-0.0867329 0.21201 0.344469 -0.00462206 -0.00138016 -0.00083334
-0.0921756 0.269696 0.370484 -0.00524521 -0.00131392 -0.00104321
-0.0726226 0.207008 0.297281 -0.0030256 -0.00139183 -0.00147644
-0.0818734 0.231178 0.23513 -0.00214925 -0.0008037 -0.00147644
-0.0877074 0.269068 0.303222 -0.00446042 -0.00112931 -0.00147644
-0.103559 0.347 0.336016 -0.00590076 -0.00158952 -0.00136467
-0.106493 0.246552 0.328603 -0.00483474 -0.00166351 -0.00105872
-0.105072 0.252127 0.356262 -0.00503521 -0.00172201 -0.00106553
-0.1064 0.252364 0.340959 -0.00510685 -0.0018938 -0.0010837
-0.105656 0.250464 0.355817 -0.00510685 -0.00159503 -0.00107423
-0.120368 0.344961 0.349096 -0.00594569 -0.00201414 -0.00167614
-0.113151 0.226916 0.336719 -0.00491154 -0.00206055 -0.00112747
-0.118858 0.233102 0.343873 -0.00502636 -0.00200572 -0.00121666
-0.126811 0.30834 0.328424 -0.00582484 -0.00201955 -0.00143216
-0.114925 0.211144 0.334591 -0.00470722 -0.00199936 -0.00107137
-0.115599 0.287611 0.35607 -0.00523516 -0.00200545 -0.00146809
-0.118308 0.310599 0.343254 -0.00571642 -0.00193707 -0.00143981
-0.1161 0.298319 0.347496 -0.00523516 -0.00191118 -0.00162104
-0.121573 0.350121 0.355226 -0.006219 -0.0020308 -0.00170429
-0.12224 0.231769 0.327606 -0.00484414 -0.00197228 -0.00128765
-0.127691 0.28427 0.377757 -0.00577275 -0.00198385 -0.00164672
-0.124719 0.305932 0.353731 -0.00596184 -0.00199318 -0.00158842
-0.125796 0.230136 0.367388 -0.00523803 -0.00212427 -0.00134527
-0.115122 0.253817 0.376002 -0.00553006 -0.00210373 -0.00125365
-0.116631 0.250934 0.367439 -0.00518747 -0.00196368 -0.00153139
-0.139832 0.296217 0.412244 -0.00627896 -0.00157041 -0.00182496
-0.150102 0.251482 0.374333 -0.00601774 -0.00191336 -0.00163837
-0.145974 0.326811 0.415341 -0.00685399 -0.00201342 -0.0018929
-0.133108 0.263244 0.391553 -0.00618938 -0.00195501 -0.00159703
-0.133983 0.269568 0.411794 -0.00626512 -0.00189652 -0.00181777
-0.130863 0.286189 0.39227 -0.00649006 -0.00196141 -0.00183708
-0.143352 0.21051 0.396848 -0.00598074 -0.00190783 -0.00170693
-0.146514 0.215149 0.40676 -0.0068585 -0.00164516 -0.00166132
-0.159028 0.233323 0.392274 -0.006536 -0.00165069 -0.00174784
-0.149851 0.244791 0.385612 -0.00649386 -0.00184124 -0.00197617
-0.140503 0.20237 0.374726 -0.00611398 -0.00166293 -0.0018241
-0.146288 0.273221 0.380454 -0.00651389 -0.00189216 -0.00207183
-0.151548 0.191314 0.348505 -0.00596404 -0.00182041 -0.00172128
-0.147237 0.253552 0.376983 -0.00645348 -0.00157041 -0.00203164
-0.145972 0.195912 0.375619 -0.0063741 -0.00157041 -0.00175532
-0.143734 0.283577 0.372395 -0.00685695 -0.00187054 -0.00164709
-0.128458 0.212284 0.371551 -0.00611447 -0.00189563 -0.00153623
-0.121243 0.24582 0.385246 -0.00650352 -0.00180542 -0.00160769
-0.132916 0.236959 0.376593 -0.00664374 -0.0018224 -0.0015509
-0.126956 0.266816 0.400535 -0.00702949 -0.00182041 -0.00152421
-0.120991 0.274269 0.396452 -0.00688637 -0.00169257 -0.00155157
-0.121017 0.30166 0.418896 -0.00746445 -0.00157041 -0.00168942
-0.124582 0.259095 0.376501 -0.00656175 -0.0018041 -0.00152799
-0.120615 0.302755 0.403251 -0.0071948 -0.00157041 -0.00157285
-0.125741 0.279617 0.383388 -0.00674453 -0.00182041 -0.00151395
-0.106977 0.228805 0.416872 -0.00679606 -0.00157041 -0.00134985
-0.102251 0.259738 0.352526 -0.00613154 -0.00168341 -0.00166917
-0.0792341 0.104271 0.195544 -0.00168338 -0.00085592 -0.00134156
-0.0850836 0.184455 0.251709 -0.00380399 -0.00119105 -0.0014592
-0.0882983 0.25748 0.294194 -0.00516323 -0.00136706 -0.00144112
-0.0843543 0.197396 0.294352 -0.00471324 -0.00133507 -0.00119313
-0.0792008 0.272621 0.324547 -0.0056214 -0.00137598 -0.00131653
-0.0909108 0.230775 0.302219 -0.0050572 -0.00146067 -0.00124849
-0.0935394 0.260975 0.323653 -0.00523471 -0.00155256 -0.00145943
-0.0950918 0.2337 0.323279 -0.00507423 -0.0015315 -0.00151313
-0.0944937 0.210591 0.350674 -0.00501187 -0.00135291 -0.00127089
-0.100576 0.263531 0.363243 -0.00570261 -0.00131688 -0.00173555
-0.0945876 0.154991 0.291033 -0.00409579 -0.00127276 -0.00128656
-0.091796 0.21874 0.312783 -0.00509886 -0.00130114 -0.00134456
-0.0946627 0.186023 0.28585 -0.00463873 -0.00152512 -0.00124313
-0.108679 0.271399 0.330191 -0.00582108 -0.00155689 -0.00148366
-0.103242 0.254169 0.311814 -0.00529609 -0.00128004 -0.00167432
-0.103701 0.216446 0.322279 -0.00476238 -0.00154479 -0.00140063
-0.100486 0.293824 0.333351 -0.00558829 -0.00153256 -0.00178978
-0.101154 0.216654 0.334814 -0.0051179 -0.00162588 -0.00150306
-0.111523 0.290922 0.361893 -0.00614815 -0.00162905 -0.0017744
-0.101702 0.203743 0.32094 -0.00516267 -0.00131714 -0.00179675
-0.0970762 0.226016 0.342007 -0.00548016 -0.00155684 -0.00164756
-0.0992 0.206295 0.319695 -0.00498238 -0.00176972 -0.00158001
-0.102744 0.232233 0.348915 -0.00552803 -0.00163531 -0.00160805
-0.0965918 0.160091 0.274053 -0.00325958 -0.00152533 -0.00183062
-0.0795839 0.122971 0.157793 -0.00086663 -0.00071439 -0.00201745
-0.0955745 0.256705 0.22432 -0.00418095 -0.00110178 -0.00191445
-0.106765 0.262826 0.228784 -0.00438339 -0.0014516 -0.00183012
-0.0987275 0.236606 0.26836 -0.00437908 -0.00137988 -0.00202264
-0.108568 0.281289 0.262338 -0.00529049 -0.0017889 -0.00167994
-0.100868 0.182754 0.263861 -0.00465894 -0.0014769 -0.00154887
-0.105336 0.25633 0.29548 -0.00569185 -0.00158271 -0.00172471
-0.0978597 0.162964 0.264319 -0.00481122 -0.00155288 -0.00168807
-0.0974755 0.142764 0.279302 -0.00451884 -0.00183297 -0.00144211
-0.102795 0.223945 0.313196 -0.00598429 -0.0018851 -0.00151228
-0.0975056 0.280407 0.339066 -0.00623679 -0.00174435 -0.00151472
-0.114636 0.261835 0.312052 -0.00595441 -0.00185938 -0.0016109
-0.0847643 0.29944 0.319622 -0.00626489 -0.00157258 -0.00159409
-0.0845478 0.292118 0.313036 -0.00607548 -0.00161022 -0.00152713
-0.0813942 0.264869 0.32927 -0.00598526 -0.00149435 -0.00135687
-0.0970707 0.264903 0.312715 -0.00594247 -0.0017682 -0.00147126
-0.0880121 0.222169 0.328753 -0.00587939 -0.00180272 -0.00142026
-0.093043 0.222148 0.312414 -0.00581292 -0.00181365 -0.0014274
-0.0914493 0.234407 0.329729 -0.00590309 -0.00156679 -0.00137068
-0.0967442 0.23703 0.318167 -0.00592377 -0.00178158 -0.0014555
-0.0983902 0.262612 0.350505 -0.00620093 -0.00154522 -0.00162513
-0.0932194 0.242906 0.322469 -0.00601085 -0.00149435 -0.00154624
-0.0906412 0.235577 0.337944 -0.00607548 -0.00149435 -0.00148116
-0.095004 0.292984 0.331434 -0.00652187 -0.00161796 -0.00173268
-0.0855809 0.205093 0.279829 -0.00484921 -0.00149435 -0.00134182
-0.092385 0.245765 0.324299 -0.00588842 -0.00150523 -0.00147961
-0.0908195 0.223142 0.312454 -0.00576995 -0.00155617 -0.00150499
-0.0903262 0.286218 0.330156 -0.00632562 -0.00176202 -0.00148415
-0.0952914 0.225277 0.312735 -0.00587741 -0.00169709 -0.0013825
-0.097534 0.277038 0.319698 -0.00625449 -0.00174556 -0.00149095
-0.0915195 0.240807 0.320335 -0.00576186 -0.00143084 -0.00157831
-0.0946478 0.262767 0.312975 -0.00598487 -0.00173043 -0.00145356
-0.0897436 0.240823 0.330497 -0.00586314 -0.00159165 -0.00147321
-0.09469 0.260254 0.315635 -0.00598057 -0.00175949 -0.00157054
-0.0926427 0.240812 0.332057 -0.00582971 -0.00142001 -0.00162338
-0.101166 0.26692 0.32572 -0.00602362 -0.00140618 -0.00186203
-0.0931418 0.21911 0.320548 -0.00585339 -0.00118845 -0.00187084
-0.089649 0.26479 0.322558 -0.00612334 -0.00139999 -0.00180933
-0.0930894 0.202101 0.313652 -0.00579575 -0.00136306 -0.00180979
-0.0930933 0.271063 0.317938 -0.00612334 -0.00133468 -0.00189487
-0.0624732 0.120885 0.247668 -0.00403272 -0.00085179 -0.00188122
-0.0883134 0.240564 0.238311 -0.00442559 -0.00098787 -0.00194014
-0.0797107 0.270842 0.289047 -0.00555051 -0.00111467 -0.00177683
-0.0933632 0.225042 0.295019 -0.00502731 -0.00117672 -0.00184379
-0.099084 0.279462 0.33086 -0.00569754 -0.00141146 -0.00186229
-0.0952002 0.172977 0.300897 -0.00515821 -0.00130867 -0.00203202
-0.0917758 0.225164 0.312887 -0.00568495 -0.00135721 -0.00183413
-0.0820544 0.155255 0.283035 -0.00505837 -0.00113784 -0.00161913
-0.0857206 0.238665 0.313067 -0.00576226 -0.00113147 -0.00169622
-0.0771864 0.185493 0.283801 -0.00510908 -0.00132024 -0.00162693
-0.0857652 0.230507 0.326581 -0.00557516 -0.00134017 -0.00166457
-0.0776558 0.218948 0.286017 -0.00522838 -0.0014454 -0.00144023
-0.0778659 0.240119 0.317286 -0.00557516 -0.00125633 -0.00160471
-0.0827588 0.261761 0.293807 -0.00557516 -0.00143456 -0.0018117
-0.0726063 0.239556 0.329317 -0.00557516 -0.00116806 -0.00176193
-0.0840586 0.245485 0.326798 -0.00557516 -0.001416 -0.00174394
-0.0806388 0.226507 0.30843 -0.00511835 -0.00139053 -0.00169876
-0.0773308 0.224388 0.299836 -0.00510066 -0.00135164 -0.001551
-0.0790671 0.198208 0.32473 -0.00507054 -0.00144689 -0.0017852
-0.0798743 0.193475 0.313432 -0.00489901 -0.00150838 -0.00182022
-0.0934205 0.253338 0.338315 -0.00575016 -0.00159562 -0.00174355
-0.0847731 0.218835 0.308838 -0.00475001 -0.00150841 -0.00172853
-0.0861317 0.246081 0.351816 -0.0055062 -0.00149199 -0.00168931
-0.0906949 0.23131 0.321493 -0.00529894 -0.00150424 -0.00176154
-0.0918417 0.246977 0.344616 -0.00581912 -0.00142878 -0.00173818
-0.0901118 0.232719 0.310206 -0.00542897 -0.00152618 -0.00179621
-0.0896638 0.237366 0.34686 -0.00549266 -0.00142754 -0.00184667
-0.0850465 0.207496 0.315171 -0.00510123 -0.00145718 -0.00182573
-0.087194 0.24402 0.335866 -0.00561728 -0.00148833 -0.00185441
-0.0789912 0.197941 0.316145 -0.00517892 -0.00141028 -0.00169266
-0.0787741 0.234836 0.338144 -0.00554429 -0.0014486 -0.00184995
-0.0825337 0.212744 0.315245 -0.00530615 -0.00139104 -0.00187243
-0.086815 0.23455 0.329206 -0.00561729 -0.00142215 -0.00185729
-0.0820505 0.266546 0.323047 -0.00578267 -0.0014193 -0.00191062
-0.0816121 0.181793 0.331969 -0.00511045 -0.00135696 -0.00183851
-0.0797039 0.264962 0.34871 -0.00586603 -0.00134275 -0.00197399
-0.0903586 0.193921 0.32194 -0.00518204 -0.00135126 -0.00205821
-0.0824046 0.252944 0.349271 -0.0055843 -0.00143454 -0.00202431
-0.0826191 0.255725 0.344202 -0.00574964 -0.00133299 -0.00214139
-0.0861208 0.210912 0.351446 -0.00530194 -0.00140637 -0.00203592
-0.0823259 0.272591 0.365765 -0.00600826 -0.00123465 -0.00216133
-0.0948619 0.228898 0.33724 -0.00517364 -0.00124467 -0.00213505
-0.113185 0.303497 0.35175 -0.00541369 -0.00135361 -0.00245968
-0.0932405 0.159366 0.288373 -0.00347681 -0.00132276 -0.00242019
-0.080028 0.196846 0.281777 -0.00271448 -0.00073159 -0.00280034
-0.0629591 0.269698 0.309134 -0.00453225 -0.00098788 -0.00243017
-0.0638456 0.230133 0.269534 -0.00430093 -0.00104251 -0.00231064
-0.0726469 0.179565 0.262536 -0.00383841 -0.00107401 -0.00234787
-0.0794662 0.260766 0.279874 -0.00473569 -0.00109683 -0.00258559
-0.0729288 0.158978 0.268354 -0.00374372 -0.00107851 -0.00246519
-0.0701876 0.22468 0.305303 -0.0045885 -0.00107318 -0.00256334
-0.0758085 0.181603 0.277113 -0.0043043 -0.00098788 -0.00255383
-0.0871772 0.205644 0.278813 -0.00444971 -0.00104413 -0.00263538
-0.0830046 0.208471 0.258 -0.00446907 -0.00110639 -0.00278276
-0.0884002 0.181768 0.285108 -0.00465074 -0.00104278 -0.00262966
-0.0784347 0.212124 0.279856 -0.00489322 -0.00086083 -0.0026402
-0.0828941 0.189098 0.290006 -0.00465074 -0.00104454 -0.00262406
-0.0802126 0.252213 0.302237 -0.00531021 -0.0010636 -0.00254981
-0.0874292 0.185635 0.278023 -0.00435951 -0.00103809 -0.00257435
-0.0844489 0.270841 0.317844 -0.00523304 -0.0010973 -0.00265751
-0.0886587 0.201895 0.279909 -0.00459054 -0.00098788 -0.00259515
-0.0876237 0.22694 0.324776 -0.00526005 -0.00105981 -0.002625
-0.0900914 0.218438 0.304718 -0.00493249 -0.001101 -0.00249877
-0.0903406 0.160638 0.30899 -0.00459919 -0.00109035 -0.00259937
-0.096741 0.222142 0.294043 -0.00495031 -0.00115801 -0.00263352
-0.0913093 0.171006 0.278044 -0.00372983 -0.00121272 -0.00244719
-0.098701 0.250736 0.304925 -0.00488256 -0.00139579 -0.00270824
-0.103277 0.18247 0.305179 -0.00425511 -0.00105436 -0.0027378
-0.104683 0.25159 0.329217 -0.00492876 -0.00107551 -0.00287614
-0.103411 0.1799 0.304163 -0.00417352 -0.00105516 -0.00280578
-0.109061 0.259149 0.338945 -0.0054299 -0.00117162 -0.00297584
-0.108836 0.187276 0.309553 -0.00469105 -0.00107619 -0.00276463
-0.108223 0.243351 0.330768 -0.00490141 -0.00104333 -0.00294795
-0.104421 0.202511 0.315774 -0.00467948 -0.00104057 -0.00283666
-0.113407 0.227402 0.349865 -0.00532261 -0.0010619 -0.00291494
-0.11125 0.211052 0.325433 -0.00497297 -0.00106474 -0.00273774
-0.104393 0.233233 0.362935 -0.00532261 -0.00110163 -0.00281305
-0.104355 0.216569 0.337877 -0.00507927 -0.00107409 -0.00280047
-0.0996414 0.262185 0.366931 -0.00570629 -0.0011146 -0.00260744
-0.104078 0.245471 0.330695 -0.00532261 -0.00107208 -0.00268483
-0.106952 0.242927 0.329335 -0.00472876 -0.00106353 -0.00296072
-0.107451 0.232028 0.330013 -0.00502403 -0.00106285 -0.00287035
-0.104592 0.23897 0.359046 -0.00531988 -0.0011102 -0.00290184
-0.107463 0.238077 0.330701 -0.00531676 -0.00108022 -0.00287387
-0.110964 0.233178 0.351629 -0.00544179 -0.00132133 -0.00289733
-0.121426 0.254659 0.327148 -0.00551828 -0.00115641 -0.00287834
-0.11052 0.221147 0.343329 -0.00519066 -0.00133662 -0.00283218
-0.123596 0.252046 0.331493 -0.00565341 -0.00098788 -0.00301293
-0.111894 0.213445 0.346869 -0.00531675 -0.00114931 -0.00288506
-0.123096 0.268323 0.331358 -0.00559359 -0.00115375 -0.00300995
-0.121033 0.239305 0.330644 -0.0052762 -0.00119582 -0.00289932
-0.121345 0.260265 0.343277 -0.00572976 -0.00124316 -0.00303505
-0.121042 0.194582 0.337382 -0.00499263 -0.00141838 -0.00283102
-0.12369 0.269143 0.337318 -0.0058698 -0.00138487 -0.0030079
-0.117719 0.200595 0.325979 -0.00516899 -0.00118279 -0.00288974
-0.124459 0.273395 0.332305 -0.00593773 -0.00130268 -0.00304913
-0.120619 0.186206 0.311517 -0.00488367 -0.00134117 -0.00294761
-0.129305 0.280326 0.339426 -0.00559184 -0.00144902 -0.00318066
-0.121389 0.209228 0.325157 -0.00499603 -0.00144902 -0.00287685
-0.134225 0.222025 0.330216 -0.00499528 -0.00133391 -0.00296443
-0.139527 0.288565 0.351959 -0.00591978 -0.00144902 -0.00309414
-0.139613 0.2291 0.354403 -0.00523981 -0.00144902 -0.003004
-0.124487 0.234976 0.31503 -0.00470116 -0.00123518 -0.002967
-0.121877 0.154203 0.205521 -0.00151559 -0.00051819 -0.00312033
-0.125844 0.23656 0.289043 -0.00409149 -0.00089023 -0.00317093
-0.130665 0.268058 0.277952 -0.00462974 -0.00129508 -0.00324344
-0.133709 0.191425 0.289615 -0.00430304 -0.00116284 -0.00306514
-0.145778 0.275289 0.326031 -0.00534389 -0.00136501 -0.00335955
-0.142635 0.182285 0.278149 -0.00378819 -0.00124879 -0.00322718
-0.140444 0.238011 0.330022 -0.00496656 -0.00136642 -0.00315192
-0.134051 0.229239 0.299538 -0.00495123 -0.00130846 -0.00321165
-0.136996 0.198278 0.322496 -0.00481017 -0.00130846 -0.00313375
-0.13893 0.257215 0.325463 -0.00537747 -0.00138368 -0.00320331
-0.136668 0.188549 0.310723 -0.00453962 -0.00136952 -0.00306655
-0.139376 0.270014 0.335971 -0.00525682 -0.00123649 -0.0033014
-0.143069 0.20902 0.317965 -0.00473135 -0.00147875 -0.00321183
-0.151773 0.299376 0.339825 -0.00550256 -0.00130846 -0.00335592
-0.142053 0.19732 0.30498 -0.00470366 -0.00130846 -0.00304313
-0.152396 0.268833 0.344034 -0.00530095 -0.00137288 -0.00327137
-0.14603 0.208541 0.30958 -0.00484777 -0.00130846 -0.00321944
-0.146301 0.245913 0.344026 -0.00529811 -0.00123467 -0.00324442
-0.151972 0.219323 0.325135 -0.00504764 -0.00130846 -0.00323045
-0.152298 0.222427 0.343687 -0.00515446 -0.00130846 -0.00324453
-0.152839 0.26286 0.332349 -0.00527713 -0.00139472 -0.00346358
-0.152695 0.243804 0.347446 -0.00525931 -0.00130846 -0.00341262
-0.15284 0.259563 0.330307 -0.00527844 -0.00125116 -0.00348235
-0.148267 0.230424 0.345843 -0.0052094 -0.00130846 -0.00320043
-0.152554 0.244921 0.323249 -0.00486139 -0.00125785 -0.00334935
-0.140131 0.24687 0.343879 -0.0052313 -0.00118866 -0.00326295
-0.141101 0.231793 0.327235 -0.00498432 -0.00116175 -0.00316135
-0.139515 0.230206 0.356876 -0.00513384 -0.00130846 -0.00314743
-0.146727 0.236952 0.345504 -0.00503499 -0.00130846 -0.00324911
-0.139536 0.231968 0.34364 -0.0051264 -0.00130846 -0.00315299
-0.14517 0.236963 0.325752 -0.00502682 -0.00136245 -0.00321195
-0.139687 0.251833 0.345796 -0.00455839 -0.00130846 -0.00321972
-0.13063 0.175728 0.299425 -0.00281059 -0.00149417 -0.00318528
-0.132837 0.174543 0.224013 -0.00166354 -0.00111086 -0.00310688
-0.127005 0.271648 0.29178 -0.00404307 -0.00130846 -0.00316142
-0.131109 0.252411 0.293129 -0.0042493 -0.00164552 -0.00297805
-0.126315 0.205236 0.302465 -0.0042493 -0.00136888 -0.00293473
-0.143955 0.273193 0.303385 -0.00464568 -0.00142864 -0.00311749
-0.126101 0.201948 0.31022 -0.00452953 -0.00130846 -0.00284623
-0.132327 0.275408 0.33104 -0.00506584 -0.00119511 -0.0029923
-0.147841 0.226084 0.320529 -0.00490301 -0.00130846 -0.00280915
-0.146697 0.299687 0.37454 -0.00578003 -0.00123198 -0.00313444
-0.139916 0.223064 0.318409 -0.00477153 -0.00130846 -0.00287359
-0.137492 0.287971 0.36128 -0.00584444 -0.00130846 -0.00300961
-0.14029 0.221879 0.335277 -0.0051647 -0.00130846 -0.00280051
-0.139773 0.245487 0.343818 -0.00535077 -0.00163043 -0.00283635
-0.141441 0.260832 0.31996 -0.00517081 -0.00150768 -0.00279504
-0.145241 0.237717 0.347557 -0.0051269 -0.00130846 -0.00286984
-0.147089 0.253961 0.348095 -0.00535077 -0.00137665 -0.00298992
-0.14162 0.237781 0.349018 -0.00535077 -0.00130846 -0.00289728
-0.14874 0.264831 0.349135 -0.00556085 -0.00140538 -0.00290625
-0.141697 0.227703 0.351082 -0.00518151 -0.00142972 -0.00291093
-0.159161 0.27569 0.343567 -0.00560267 -0.00142513 -0.00297475
-0.158242 0.230575 0.353983 -0.0051864 -0.00157408 -0.00292329
-0.161371 0.260374 0.360745 -0.00560973 -0.00139722 -0.00300135
-0.159802 0.216128 0.359849 -0.00521722 -0.00143852 -0.00284141
-0.164048 0.262919 0.36083 -0.00564814 -0.00136515 -0.0029781
-0.158887 0.21513 0.359497 -0.00507465 -0.00130846 -0.0028862
-0.167352 0.279502 0.36129 -0.00580952 -0.00153978 -0.00316902
-0.166401 0.210462 0.3359 -0.00498487 -0.00172458 -0.00296115
-0.177695 0.285466 0.361456 -0.00584416 -0.00175783 -0.00308848
-0.168771 0.217938 0.333052 -0.0051041 -0.00177222 -0.002984
-0.172466 0.278991 0.376584 -0.00586114 -0.00159573 -0.00304079
-0.165892 0.218399 0.33751 -0.00520587 -0.00180194 -0.00278715
-0.159443 0.257042 0.368294 -0.00581896 -0.00215433 -0.00277306
-0.180507 0.223009 0.341767 -0.00543078 -0.00206202 -0.00288343
-0.176646 0.245186 0.342419 -0.00508788 -0.00208393 -0.00262074
-0.175427 0.271436 0.342452 -0.00519833 -0.00184927 -0.00316658
-0.166002 0.218686 0.360159 -0.00524185 -0.00211824 -0.00294781
-0.176837 0.275837 0.347044 -0.0056042 -0.00193257 -0.00297658
-0.159414 0.202585 0.348835 -0.00518779 -0.00186221 -0.00279871
-0.1594 0.290853 0.354024 -0.00595687 -0.0021478 -0.00278472
-0.159588 0.23432 0.341904 -0.00525348 -0.00211989 -0.00282525
-0.151641 0.144556 0.291731 -0.00216192 -0.00173815 -0.00300819
-0.170906 0.196785 0.282605 -0.00367361 -0.00173815 -0.00331856
-0.1636 0.24145 0.348069 -0.00499816 -0.00187108 -0.00332375
-0.156996 0.19713 0.305099 -0.00442839 -0.00210708 -0.00300931
-0.157211 0.225539 0.345153 -0.00484395 -0.00240168 -0.00305691
-0.17685 0.227174 0.32657 -0.00497285 -0.00241083 -0.00306639
-0.175638 0.223326 0.361318 -0.00502131 -0.00192335 -0.00309337
-0.164594 0.204005 0.350232 -0.00472327 -0.00197765 -0.00312801
-0.161632 0.205624 0.349997 -0.00473062 -0.00208128 -0.00307111
-0.176587 0.245191 0.341305 -0.00512838 -0.00213341 -0.0031677
-0.164009 0.173475 0.328713 -0.00443651 -0.00210131 -0.003016
-0.166582 0.269933 0.346892 -0.00536008 -0.00221355 -0.00321567
-0.173156 0.185984 0.329173 -0.00461977 -0.00191794 -0.00305242
-0.175209 0.268092 0.353472 -0.00528364 -0.00203731 -0.00321537
-0.171935 0.196363 0.3121 -0.00449987 -0.00193285 -0.00291422
-0.176616 0.239137 0.363352 -0.00539455 -0.00209178 -0.00325103
-0.162512 0.238363 0.334164 -0.00517008 -0.0019963 -0.00313129
-0.157085 0.197316 0.338424 -0.00479827 -0.00211386 -0.0030375
-0.173811 0.284147 0.353202 -0.0056266 -0.00216161 -0.00314362
-0.175382 0.189998 0.345869 -0.00492437 -0.00213811 -0.00307169
-0.167961 0.273376 0.360248 -0.00552548 -0.00213372 -0.00329841
-0.157163 0.205312 0.343305 -0.00469501 -0.00231965 -0.00303771
-0.157189 0.24296 0.377478 -0.00531328 -0.00205047 -0.0031123
-0.164528 0.235141 0.353748 -0.00510809 -0.00192145 -0.00314121
-0.161537 0.228183 0.375197 -0.00531328 -0.00202742 -0.00306002
-0.165603 0.276179 0.375922 -0.0056106 -0.00219323 -0.00313898
-0.17411 0.223777 0.372268 -0.0051103 -0.00208566 -0.00312916
-0.176785 0.302723 0.375817 -0.0055601 -0.00222421 -0.00326713
-0.163308 0.215506 0.369027 -0.00484993 -0.00205751 -0.00318771
-0.161578 0.272481 0.397517 -0.00562752 -0.00209288 -0.0031725
-0.17062 0.232474 0.350442 -0.00518027 -0.00216345 -0.00316691
-0.163297 0.255548 0.380452 -0.00561369 -0.00219378 -0.00302481
-0.175567 0.245613 0.380464 -0.00562071 -0.00226487 -0.00313041
-0.177018 0.250118 0.380415 -0.00560946 -0.00216983 -0.00301206
-0.173892 0.271795 0.380535 -0.00566714 -0.00203834 -0.00328196
-0.162292 0.221477 0.377419 -0.00540403 -0.00202629 -0.00300825
-0.164875 0.261533 0.362115 -0.00546726 -0.00212188 -0.00310276
-0.15698 0.236071 0.363342 -0.00546726 -0.00240158 -0.00296305
-0.161513 0.256974 0.366782 -0.00558632 -0.00220479 -0.00313009
-0.161007 0.214343 0.368042 -0.00516715 -0.00217089 -0.00299194
-0.163381 0.271466 0.380065 -0.00546727 -0.00205804 -0.00313445
-0.157107 0.232765 0.368129 -0.00524656 -0.00192204 -0.00308305
-0.162585 0.275903 0.366771 -0.00565813 -0.00206471 -0.00312447
-0.157193 0.217147 0.366028 -0.00510909 -0.00210885 -0.00309287
-0.143701 0.245015 0.315873 -0.00453597 -0.00214836 -0.00301551
-0.124912 0.147289 0.236007 -0.00259419 -0.0015041 -0.00281921
-0.127393 0.282793 0.320773 -0.00503006 -0.00192802 -0.00294371
-0.138343 0.31883 0.34384 -0.00579805 -0.00193449 -0.00318047
-0.153074 0.195105 0.280067 -0.0036748 -0.00226099 -0.0033086
-0.150754 0.274732 0.325169 -0.00487331 -0.00213003 -0.00350703
-0.137038 0.303543 0.340001 -0.00594797 -0.00190446 -0.00321842
-0.139431 0.230131 0.348227 -0.00542721 -0.00191659 -0.00323367
-0.147926 0.237755 0.336271 -0.00554451 -0.00207179 -0.00334173
-0.127205 0.174996 0.34073 -0.00498863 -0.00183031 -0.00318507
-0.135735 0.251433 0.337926 -0.00509345 -0.00181085 -0.00321819
-0.128973 0.145253 0.317953 -0.00469738 -0.00173337 -0.00290747
-0.133489 0.239745 0.33886 -0.005451 -0.00171665 -0.00315818
-0.122296 0.184955 0.297385 -0.00483524 -0.00153882 -0.00324382
-0.107378 0.239696 0.308148 -0.00485162 -0.0015776 -0.00312529
-0.115291 0.287563 0.319622 -0.00552877 -0.00147441 -0.00332893
-0.1088 0.242181 0.338584 -0.00534274 -0.00129665 -0.00312257
-0.105174 0.279211 0.339169 -0.0055899 -0.00152473 -0.00314668
-0.110675 0.24786 0.338836 -0.005451 -0.00163503 -0.00298931
-0.116686 0.306539 0.369393 -0.00636441 -0.00145959 -0.00309998
-0.122079 0.232372 0.339832 -0.00586433 -0.00147129 -0.00307295
-0.125215 0.209778 0.36176 -0.0054776 -0.00145689 -0.00311324
-0.126651 0.260106 0.359439 -0.00586433 -0.00150624 -0.00318394
-0.125354 0.169946 0.334152 -0.00477492 -0.00152214 -0.00299679
-0.124622 0.259072 0.366167 -0.00569195 -0.00155585 -0.00306225
-0.129634 0.213097 0.334631 -0.00495452 -0.00155695 -0.00300549
-0.127087 0.241438 0.365944 -0.0047644 -0.00165372 -0.00294737
-0.142452 0.301591 0.368097 -0.00566626 -0.00178786 -0.00304203
-0.14124 0.231625 0.366606 -0.00503926 -0.00175617 -0.00311056
-0.141523 0.288278 0.391408 -0.00565322 -0.00169736 -0.00323753
-0.147127 0.219042 0.355195 -0.00478713 -0.00171317 -0.00315491
-0.146013 0.214727 0.387369 -0.0052385 -0.00159398 -0.00314396
-0.154486 0.28156 0.38404 -0.00542446 -0.00168838 -0.00334639
-0.144697 0.192017 0.366337 -0.00503102 -0.00134796 -0.00319172
-0.146616 0.233996 0.402272 -0.0057434 -0.00146972 -0.0031798
-0.138187 0.216591 0.34978 -0.00485568 -0.00147938 -0.00301027
-0.144108 0.228947 0.39107 -0.00549781 -0.00153907 -0.0030784
-0.144657 0.243161 0.374498 -0.00569474 -0.00149251 -0.00304295
-0.142972 0.247043 0.414426 -0.00562293 -0.00129665 -0.00316658
-0.152799 0.254658 0.391061 -0.00549781 -0.00134728 -0.00319511
-0.157415 0.231785 0.416277 -0.00556823 -0.00129665 -0.00317594
-0.153414 0.267152 0.39689 -0.00575725 -0.00140601 -0.00315897
-0.156248 0.235041 0.417158 -0.0054162 -0.00135354 -0.00303344
-0.156678 0.271369 0.406829 -0.00612615 -0.00129665 -0.00318829
-0.155235 0.183262 0.397834 -0.0051658 -0.00141542 -0.00294136
-0.157755 0.255277 0.415868 -0.00585621 -0.00129665 -0.00321328
-0.157638 0.217585 0.368362 -0.00498043 -0.00145671 -0.00303878
-0.156277 0.299001 0.432559 -0.00606751 -0.00134735 -0.00335867
-0.145436 0.187544 0.397953 -0.00519687 -0.00139649 -0.00300183
-0.147234 0.266418 0.421664 -0.00601329 -0.00149108 -0.0031337
-0.138289 0.191167 0.383555 -0.00520222 -0.00157099 -0.00304469
-0.144228 0.21953 0.407574 -0.00561176 -0.00157449 -0.00304171
-0.134746 0.303709 0.374659 -0.00538763 -0.00178093 -0.00318384
-0.136161 0.214639 0.39717 -0.00499 -0.00170419 -0.00290944
-0.12864 0.318759 0.485289 -0.00609751 -0.00193863 -0.00301533
-0.12327 0.234485 0.467723 -0.00529534 -0.00213062 -0.00285197
-0.127799 0.191157 0.462097 -0.00492019 -0.00199649 -0.00288225
-0.140624 0.265612 0.476136 -0.00570841 -0.00196947 -0.00308656
-0.11876 0.190606 0.445117 -0.0050672 -0.00164643 -0.00314401
-0.117656 0.214542 0.393655 -0.00470022 -0.00096478 -0.00297461
-0.123542 0.260636 0.406776 -0.00535708 -0.001308 -0.0031276
-0.124301 0.293593 0.426862 -0.00557943 -0.00149394 -0.0032026
-0.113543 0.214726 0.409223 -0.00499478 -0.0014052 -0.00300197
-0.124712 0.29582 0.449784 -0.00605157 -0.00137513 -0.00325358
-0.123076 0.222499 0.418578 -0.00510065 -0.00128068 -0.00311357
-0.123568 0.249325 0.45241 -0.00548861 -0.00133462 -0.00321586
-0.138991 0.220523 0.416958 -0.00491246 -0.00135011 -0.00335329
-0.138454 0.187332 0.429844 -0.00439203 -0.00134561 -0.00323453
-0.139898 0.256799 0.434565 -0.00522977 -0.00134825 -0.00341446
-0.146783 0.185531 0.40892 -0.00450612 -0.00122403 -0.00323733
-0.149125 0.275539 0.453976 -0.00538026 -0.00132532 -0.00345129
-0.149532 0.212565 0.418052 -0.00436995 -0.00124048 -0.00331001
-0.145676 0.234619 0.441659 -0.00498086 -0.0012087 -0.00336616
-0.147292 0.270584 0.416647 -0.00467942 -0.00149319 -0.003567
-0.141687 0.198751 0.4219 -0.00434713 -0.00124036 -0.00331396
-0.136905 0.267566 0.427007 -0.0052663 -0.00127232 -0.00327258
-0.129938 0.167203 0.408878 -0.00406052 -0.00131432 -0.00310263
-0.12104 0.232456 0.454447 -0.00486963 -0.00105973 -0.00309567
-0.120416 0.207499 0.428776 -0.00429666 -0.00109075 -0.00312291
-0.125695 0.221312 0.477932 -0.00494096 -0.00104868 -0.00332577
-0.146699 0.247828 0.457179 -0.00486963 -0.00120982 -0.00349611
-0.137319 0.233728 0.456714 -0.00467119 -0.00111457 -0.00340095
-0.131421 0.278562 0.464919 -0.00508277 -0.00095088 -0.00350449
-0.130847 0.198576 0.456225 -0.00445553 -0.00078288 -0.00325877
-0.133677 0.265941 0.474459 -0.00518338 -0.00092229 -0.00342639
-0.141387 0.183537 0.438582 -0.0040646 -0.00078288 -0.00335789
-0.140015 0.253639 0.462793 -0.00455813 -0.00092785 -0.00344109
-0.14314 0.239115 0.463914 -0.00464162 -0.00078288 -0.00341278
-0.137747 0.232489 0.499545 -0.00477661 -0.00068332 -0.00342303
-0.136502 0.213724 0.469974 -0.00434114 -0.00071106 -0.00340169
-0.128349 0.200857 0.482667 -0.00458175 -0.00065883 -0.00330778
-0.128519 0.231921 0.472781 -0.00473184 -0.00076968 -0.00335321
-0.125154 0.191389 0.465162 -0.00455382 -0.00085434 -0.00338086
-0.135545 0.256399 0.474636 -0.00497387 -0.00093946 -0.00346123
-0.133698 0.20954 0.465178 -0.00428043 -0.00072667 -0.00337807
-0.129756 0.264128 0.509816 -0.00517203 -0.00075422 -0.0033836
-0.131522 0.200711 0.482118 -0.00431938 -0.00072548 -0.00332755
-0.125903 0.283432 0.517865 -0.0054957 -0.0007198 -0.00343288
-0.138592 0.224183 0.485372 -0.00450172 -0.00057169 -0.00345942
-0.139693 0.21949 0.505164 -0.00406313 -0.00070788 -0.00345423
-0.137387 0.255322 0.505204 -0.00469313 -0.00072363 -0.00337624
-0.134664 0.20986 0.499377 -0.00469313 -0.00068987 -0.003405
-0.129196 0.247033 0.507874 -0.0049206 -0.00067707 -0.00339961
-0.119111 0.213749 0.484206 -0.00457248 -0.00071471 -0.0033076
-0.122065 0.292845 0.512199 -0.00543603 -0.00067666 -0.00363043
-0.114213 0.209 0.496406 -0.00439184 -0.00061588 -0.00344978
-0.122433 0.243075 0.520363 -0.00483531 -0.00066776 -0.00351075
-0.106842 0.243139 0.483874 -0.00446092 -0.0006325 -0.00341915
-0.108975 0.201365 0.502759 -0.00445806 -0.00054937 -0.00339209
-0.110077 0.261908 0.505712 -0.00484939 -0.0006204 -0.00346635
-0.11701 0.23661 0.512716 -0.00452018 -0.00051403 -0.00336025
-0.129402 0.295994 0.536069 -0.00511726 -0.00058241 -0.00360829
-0.125768 0.242458 0.532803 -0.00473595 -0.00029066 -0.00360214
-0.129233 0.299855 0.567998 -0.0053894 -0.00053896 -0.00356713
-0.128643 0.218325 0.503307 -0.00437874 -0.00050893 -0.00364393
-0.129765 0.239107 0.536256 -0.00489191 -0.00048773 -0.00341281
-0.128498 0.245821 0.514826 -0.00474396 -0.00061471 -0.00354171
-0.131137 0.199953 0.512354 -0.00446156 -0.00054535 -0.00348733
-0.130477 0.276046 0.536192 -0.00492558 -0.00056421 -0.00378286
-0.133975 0.201646 0.519442 -0.00405172 -0.00061571 -0.00344934
-0.125572 0.2516 0.545335 -0.00463416 -0.0005768 -0.0036256
-0.137129 0.290163 0.528533 -0.00503044 -0.00065989 -0.00378286
-0.135061 0.237628 0.532894 -0.00469481 -0.0003893 -0.0037066
-0.13867 0.292406 0.540392 -0.0052022 -0.00054084 -0.00386308
-0.12991 0.208686 0.508612 -0.00441075 -0.00059803 -0.00370761
-0.130224 0.275649 0.530664 -0.00534166 -0.00055988 -0.00378286
-0.133073 0.215377 0.509189 -0.00450205 -0.00056477 -0.00378286
-0.130702 0.262917 0.544087 -0.00494527 -0.00077651 -0.00378286
-0.136492 0.24114 0.514992 -0.00476373 -0.00070273 -0.00369293
-0.134437 0.235623 0.527834 -0.00451317 -0.00061019 -0.00371143
-0.135253 0.26282 0.513108 -0.00445911 -0.00070683 -0.00378286
-0.131354 0.20728 0.520073 -0.00424312 -0.00062699 -0.00369851
-0.131588 0.294432 0.521778 -0.00497753 -0.00073111 -0.00378286
-0.130118 0.225947 0.534381 -0.00445911 -0.00058082 -0.00373344
-0.118521 0.288793 0.560069 -0.00506111 -0.00065004 -0.00360743
-0.118444 0.239979 0.537319 -0.00464086 -0.00059839 -0.00356261
-0.132797 0.287393 0.578341 -0.00527146 -0.00062535 -0.00385476
-0.136797 0.223215 0.562084 -0.00477168 -0.00040451 -0.0038307
-0.136356 0.257875 0.570185 -0.00513922 -0.00058298 -0.00381607
-0.13515 0.227852 0.528535 -0.00467903 -0.00032691 -0.00381413
-0.133062 0.250588 0.546348 -0.00473583 -0.00042769 -0.00374714
-0.127056 0.259054 0.526241 -0.0045389 -0.0004744 -0.00372911
-0.136557 0.225995 0.540797 -0.0045389 -0.00035193 -0.00383613
-0.139704 0.275957 0.533747 -0.00491998 -0.00028347 -0.00395835
-0.137593 0.200044 0.523485 -0.00414177 -0.00027884 -0.00364524
-0.135346 0.275336 0.553802 -0.00469141 -0.00056013 -0.0036654
-0.134828 0.210299 0.511734 -0.00411429 -0.00041222 -0.00367347
-0.13913 0.283827 0.569015 -0.0048801 -0.0002798 -0.00394256
-0.137503 0.222313 0.520711 -0.00407821 -0.00047632 -0.00382185
-0.135323 0.256707 0.546582 -0.00473127 -0.00040802 -0.00379465
-0.130678 0.223096 0.519044 -0.00418779 -0.00053878 -0.00387279
-0.137656 0.216057 0.54586 -0.00440494 -0.00061871 -0.00383862
-0.12432 0.211024 0.488215 -0.00327408 -0.00072448 -0.00385558
-0.127556 0.145208 0.370193 -0.00162685 -0.00044501 -0.00382822
-0.119057 0.208356 0.425825 -0.00276956 -0.00081957 -0.00373608
-0.109295 0.245065 0.463835 -0.00376889 -0.00089731 -0.00368902
-0.110743 0.187972 0.470653 -0.00336217 -0.00059349 -0.00376442
-0.13788 0.277702 0.506685 -0.0045285 -0.000629 -0.00408744
-0.125753 0.175816 0.479627 -0.00353803 -0.00054517 -0.00390025
-0.117213 0.235376 0.524269 -0.00419237 -0.00029944 -0.0040237
-0.107657 0.19188 0.490208 -0.00366285 -0.00046567 -0.00384056
-0.114474 0.206852 0.512383 -0.00409777 -0.00029944 -0.00385368
-0.108703 0.248279 0.510096 -0.00416905 -0.00051793 -0.00395128
-0.108896 0.208884 0.509059 -0.00371646 -0.00042353 -0.00404104
-0.109169 0.281422 0.519081 -0.00433556 -0.00058203 -0.00415978
-0.109026 0.203289 0.497268 -0.00357486 -0.00055667 -0.0040875
-0.111475 0.282894 0.530926 -0.00405346 -0.0004673 -0.0040812
-0.108773 0.227517 0.521832 -0.0039376 -0.00023297 -0.0040062
-0.109139 0.249182 0.565939 -0.00429631 -0.00020056 -0.00417302
-0.103935 0.212892 0.52902 -0.0039376 -0.00032115 -0.0039614
-0.107868 0.224294 0.561533 -0.0039376 -0.0004059 -0.00402775
-0.110898 0.224242 0.542014 -0.00361897 -0.00057671 -0.00405627
-0.105186 0.218373 0.551883 -0.00361334 -0.00057883 -0.00397816
-0.119107 0.27745 0.573132 -0.004445 -0.00048097 -0.00439278
-0.120453 0.210713 0.554819 -0.00386116 -0.00015892 -0.00440733
-0.117491 0.268987 0.590964 -0.00439399 -0.00033844 -0.00434481
-0.117792 0.20501 0.54471 -0.0039376 -0.00037653 -0.00431911
-0.11723 0.254146 0.573256 -0.00439177 -0.00033766 -0.00434016
-0.108569 0.200164 0.53697 -0.00374788 -0.00037534 -0.00426267
-0.118104 0.24267 0.574247 -0.00425899 -0.00018348 -0.00449447
-0.11748 0.229915 0.552404 -0.0039995 -0.00017996 -0.00449447
-0.108909 0.216002 0.568248 -0.00385531 -0.00016348 -0.00443905
-0.105119 0.243124 0.547043 -0.00368498 -0.00021577 -0.00434705
-0.104267 0.208374 0.556357 -0.00360332 -0.00015767 -0.00413252
-0.0986447 0.241424 0.545778 -0.00383252 -0.00027552 -0.00414221
-0.0986301 0.193516 0.545852 -0.0034481 -0.00017542 -0.0041369
-0.0995946 0.273206 0.556755 -0.0039376 -0.00031679 -0.00455839
-0.108551 0.183779 0.517043 -0.00299295 -0.00010469 -0.00438807
-0.099417 0.256848 0.576005 -0.00392123 -0.00017148 -0.00449448
-0.0994417 0.178439 0.538456 -0.00325868 -0.00024093 -0.00449448
-0.091384 0.248587 0.579753 -0.0038016 -0.00023903 -0.00424591
-0.0855736 0.212212 0.54267 -0.0033182 -0.00029615 -0.00419162
-0.093519 0.242944 0.570647 -0.00385515 -0.00016168 -0.0043428
-0.0938662 0.243511 0.54338 -0.00362847 -0.00016942 -0.00449448
-0.0999872 0.204363 0.558931 -0.00337494 -0.00017948 -0.00442595
-0.0992158 0.264185 0.570659 -0.00367147 -0.00031337 -0.00449448
-0.100545 0.178109 0.541176 -0.00280847 -0.00021085 -0.00449448
-0.0938925 0.254318 0.570682 -0.00340793 -0.00020633 -0.00449448
-0.0938985 0.212349 0.527101 -0.00290875 -0.00016992 -0.00449448
-0.0939041 0.251339 0.570933 -0.0035185 -0.00024241 -0.00449448
-0.0936247 0.247302 0.55583 -0.00340793 -0.00021828 -0.00437552
-0.0906254 0.204619 0.577015 -0.00324701 -1.807e-05 -0.00449448
-0.0936127 0.247572 0.567109 -0.00340793 -0.00015665 -0.00437817
-0.0936523 0.168074 0.537292 -0.00219386 -0.00033683 -0.0043723
-0.0863419 0.236104 0.580025 -0.00285629 -0.00038462 -0.00433982
-0.0869739 0.212621 0.568734 -0.00252346 -0.00014943 -0.00438839
-0.0810676 0.232138 0.590136 -0.00271083 -0.0001786 -0.0043837
-0.0794702 0.249163 0.579849 -0.00302626 -7.76e-05 -0.00443816
-0.0719995 0.160319 0.561839 -0.0021726 -0.0001301 -0.00409119
-0.0749207 0.296482 0.603712 -0.00344339 -0.00031048 -0.00451911
-0.0251729 0.474019 0.646873 -0.00397203 -0.00084733 -0.0044482
-0.044845 0.201173 0.633948 -0.00250236 -0.00066562 -0.00394449
-0.0452538 0.157203 0.604024 -0.00148644 -0.0003201 -0.00380675
-0.0404438 0.219433 0.599043 -0.00174283 -0.00034384 -0.0039823
-0.0370677 0.23809 0.603163 -0.0024472 -0.00012919 -0.00401318
-0.040758 0.263204 0.624556 -0.00266265 -0.00019325 -0.00416254
-0.0487992 0.296394 0.616073 -0.00253719 -0.00031886 -0.00419644
-0.0407319 0.244885 0.594214 -0.00187401 -0.0003786 -0.00413644
-0.0427694 0.306188 0.633949 -0.0027994 -0.00019962 -0.00416694
-0.0409567 0.232817 0.561446 -0.00096117 -0.0003444 -0.00420772
-0.0314997 0.239238 0.612351 -0.00173444 -0.00033012 -0.00400339
-0.0405374 0.273248 0.616058 -0.00184801 -0.00047201 -0.00403341
-0.0405206 0.166347 0.575673 -0.00076502 -0.00040863 -0.00396707
-0.0363988 0.220482 0.605212 -0.00158737 -0.00026532 -0.00396306
-0.0269768 0.156527 0.570731 -0.00100023 -0.00028065 -0.00353644
-0.03171 0.213211 0.607479 -0.00151444 -0.00027979 -0.00395632
-0.0331866 0.215619 0.539881 -0.0005426 -0.00013838 -0.00408948
-0.0214844 0.254815 0.543562 -0.00142701 -2.504e-05 -0.0039167
-0.00585979 0.171042 0.532372 -0.00078134 0.00031878 -0.00354058
-0.00464009 0.0701844 0.496582 -0.00148245 0.00058465 -0.00327345
-0.00639493 0.0806978 0.393068 -0.00192468 0.00138351 -0.00330586
