0.00046924 0.11126 0.163131 8.181e-05 0 0.00025107
0.00021381 0.183615 0.171119 -0.00043666 0 0.00010724
0.00021793 0.118213 0.134347 -0.00043666 0 0.00011082
0.00060573 0.0687888 0.188787 0.00024021 0 0.00031009
0.00267054 0.161688 0.195104 -0.00027077 0 0.00022945
-0.0043368 0.137187 0.164155 -0.00040784 0 0.00020985
0.00078311 0.1098 0.210375 0.00016785 0 0.0003953
0.00050607 0.189804 0.227402 -0.00011347 0 0.00024707
0.00259777 0.206111 0.186434 -0.00067325 5.952e-05 0.00022557
0.00080988 0.128286 0.209931 0.00018584 0 0.00040345
0.00045874 0.201056 0.224485 -4.175e-05 0 0.00022406
-0.00307337 0.19858 0.192411 -0.00065659 0 0.00022419
0.00056821 0.0944365 0.204176 4.99e-05 0 0.00028947
0.00043172 0.153562 0.217219 0.00012742 0 0.0002176
0.00303846 0.200255 0.186709 -0.00048916 0 0.00022184
-0.0093315 0.080367 0.196646 0.00025487 0 0.0003446
-0.00523946 0.164187 0.217577 9.794e-05 0 0.00018571
-0.00962146 0.197521 0.185875 -0.00047805 -0.00012607 0.00017135
-0.0231379 0.0855956 0.194951 0.00036029 -0.00070756 0.00023091
-0.0212572 0.164963 0.220894 0.00033475 -0.00067396 0.0001699
-0.0148531 0.229476 0.204767 -0.00033796 -0.00030178 0
-0.0190515 0.120965 0.181789 7.356e-05 -0.00063775 0.00010717
-0.0230178 0.149764 0.221081 0.00026762 -0.00060977 0.000266
-0.0223596 0.222294 0.202106 -0.00049277 -0.00061242 0.00023247
-0.0233627 0.0771764 0.190002 0.00026158 -0.00069145 0.00026009
-0.024506 0.122485 0.218737 0.00027786 -0.00066541 0.00022204
-0.0061425 0.153471 0.132545 0.00034952 -0.00060609 0.00036373
-0.0216674 0.0597288 0.159328 0.00117643 -0.00083547 0.00026749
-0.015847 0.174347 0.154643 0.00073187 -0.00085659 0
-0.0181419 0.064574 0.124531 0.00121212 -0.00083547 0
-0.013059 0.167005 0.171569 0.00020177 -0.00057744 0.00013469
-0.0204776 0.117068 0.154924 0.00144204 -0.0006712 0.00025033
-0.0166839 0.19843 0.147994 0.00094737 -0.00049039 -0.00010221
-0.00697774 0.122624 0.126433 0.0009874 -0.00029897 -5.432e-05
-0.0176223 0.115465 0.158192 0.00125368 -0.00064078 0
-0.00953383 0.205486 0.15805 -0.00024811 -0.00027465 0.00015671
-0.0136512 0.0940576 0.120337 0.00140035 -0.00031422 0.00016107
0.00027187 0.142371 0.152435 0.00115528 -0.00010194 0.00011584
0.0378054 0.203672 0.159054 0.00050707 6.792e-05 0.00055858
-0.00143509 0.0616291 0.119665 0.00131006 -0.00023558 0.00041705
0.00053129 0.123094 0.152755 0.00143539 -1.852e-05 0.0002591
0.00775381 0.144766 0.123178 0.00117351 1.523e-05 0
0.00035883 0.0910293 0.137094 0.00182265 -1.905e-05 0.00016786
0.0145188 0.180725 0.162346 0.00045084 0.00018545 0.00024015
-0.00181244 0.12076 0.132183 0.00154733 2.552e-05 0.00029382
0.0032572 0.153891 0.134843 0.00151572 3.377e-05 0.0002029
0.0192038 0.143809 0.122126 0.00079763 0.00022125 0.00024106
0.00046939 0.0964283 0.126975 0.00179569 -7.3e-06 0.00023891
0.00261723 0.137011 0.139024 0.00179569 1.076e-05 0.00019946
0.0003606 0.14081 0.107131 0.00164306 -1.34e-05 0.0001681
0.0413775 0.136845 0.193126 0.00110458 0.00058471 0.00022595
0.0169159 0.0530139 0.150085 0.0022541 0.00026911 -7.288e-05
0.00804121 0.155736 0.125075 0.00175278 0.0001572 0.00015258
0.00045705 0.0705787 0.106692 0.00175278 -5.841e-05 0.00022067
0.00054194 0.0765021 0.131983 0.00209722 -2.011e-05 0.00027115
0.013388 0.156839 0.121537 0.00175278 0.00016847 0.00027621
0.00607532 0.0688488 0.124459 0.00203965 6.807e-05 0.00021523
0.00696305 0.10467 0.134443 0.00206849 0.0001276 0.00024857
0.00283552 0.138374 0.102216 0.00158405 4.154e-05 0.00010757
0.0166368 0.093008 0.14013 0.00144652 0.00017055 9.737e-05
0.00641855 0.110227 0.153692 0.00210402 0.00023814 0.00026588
-7.383e-05 0.187628 0.118469 0.00158112 2.271e-05 -5.733e-05
4.433e-05 0.0884021 0.109693 0.00178596 -4.8e-06 0
-0.00321504 0.0814394 0.130407 0.00219259 9.531e-05 8.312e-05
0.0179221 0.156292 0.12948 0.00146385 0.00033431 8.382e-05
0.00819514 0.142815 0.139677 0.00242083 0.00012775 0
0.00329097 0.17678 0.125259 0.00208707 6.839e-05 0
0.015662 0.1388 0.120868 0.00134161 0.00020268 5.194e-05
0.0136059 0.0969495 0.137445 0.00214184 0.00037214 -0.00019951
0.0033321 0.153391 0.125466 0.00200615 0.00015807 -9.432e-05
0.014566 0.119599 0.0989076 0.00134161 0.00016347 -0.00011816
0.00926767 0.0490028 0.109709 0.00187251 0.00012678 -8.6e-05
0.00318525 0.112775 0.128112 0.00217451 6.311e-05 -0.00010516
5.678e-05 0.0968297 0.0939807 0.00175607 -1.923e-05 0
0.00969598 0.0845202 0.100106 0.00164472 0.00012324 -0.00031591
0.00222962 0.100025 0.100096 0.00234242 5.239e-05 -0.00034414
0.00948626 0.131837 0.1145 0.00211994 3.76e-05 -0.00029968
-0.0005729 0.0891294 0.0870598 0.00187251 4.337e-05 -0.00034312
0.00983329 0.11606 0.11565 0.00166273 0.0002067 -0.00036964
-1.02e-06 0.0965632 0.10909 0.00234147 2.215e-05 -1.959e-05
-0.00011278 0.149477 0.10102 0.00187251 -9.953e-05 -0.00010772
-0.00024589 0.0664344 0.0847286 0.00221802 -3.008e-05 -0.00016382
-0.00016579 0.066468 0.117179 0.00242659 -0.00016966 -0.00013261
0.00310946 0.139277 0.100649 0.00138256 0.00010959 9.644e-05
-4.35e-05 0.0792842 0.131276 0.00245226 -2.335e-05 -4.071e-05
-0.00035383 0.138556 0.121953 0.00231011 6.892e-05 -0.0002106
-0.0002385 0.130028 0.121602 0.00158521 2.43e-06 -0.00016401
-0.0003498 0.0821178 0.129672 0.00271026 1.501e-05 -0.00019249
-0.00985653 0.163819 0.12504 0.00239885 -0.00021058 -0.00025883
-0.00068485 0.102943 0.0975183 0.00256665 -1.649e-05 -0.0003992
-0.00343842 0.0906826 0.124557 0.00286156 -5.827e-05 -0.0002228
0.00961811 0.171591 0.163874 0.00234052 0.00028871 -0.00039079
-0.00022618 0.131921 0.156117 0.00309841 7.235e-05 -0.00012381
-0.0185134 0.171509 0.108986 0.0022867 -0.00033811 -0.00025524
-0.00351232 0.0840955 0.111657 0.0022391 -3.37e-06 -0.00040414
-0.00042266 0.0842514 0.128111 0.00293731 -1.229e-05 -0.0002498
-0.0123828 0.146533 0.105827 0.00229109 -0.00016953 -0.00013998
0.00020253 0.0957446 0.123501 0.00197088 -0.00011181 4.476e-05
6.14e-05 0.0718995 0.11601 0.00293656 1.922e-05 3.83e-05
-0.00018798 0.146789 0.0998065 0.0024292 -9.872e-05 -0.00014757
-0.00022598 0.0672515 0.0734739 0.00264358 -2.629e-05 -0.00015056
-0.00017544 0.0853559 0.127846 0.00271869 4.193e-05 -0.00012937
5.406e-05 0.105184 0.117382 0.00377154 -1e-05 2.906e-05
-0.00270601 0.174024 0.0905708 0.00278471 -0.00011447 -0.00016203
-7.9e-05 0.0645402 0.0738171 0.00321833 -0.0001562 -7.277e-05
0.0122297 0.100385 0.097428 0.00253471 4.138e-05 0.00027893
0.0125346 0.0915987 0.101733 0.0042268 -5.634e-05 0.00034226
0.00041125 0.132061 0.0889319 0.00340099 -0.00011315 0.00018316
0.00040658 0.064952 0.0635166 0.00365099 -0.00020835 0.00020427
0.00058468 0.0540808 0.104734 0.00394833 -0.00016631 0.00031665
0.063877 0.126757 0.140432 0.00244444 0.00014749 0.00138341
0.057441 0.0823758 0.13248 0.00314024 0.00014773 0.00107183
0.0363821 0.0707986 0.14696 0.00331189 0.00026776 0.00088834
0.0363148 0.105189 0.134009 0.00233868 0.00041863 0.00085486
0.0163487 0.0564962 0.131204 0.00355116 0.00015132 0.00072382
0.00376007 0.146215 0.117521 0.003161 7.81e-06 0.00034956
0.00094249 0.0681782 0.0835843 0.003411 -7.879e-05 0.00025846
0.00567631 0.0555077 0.117332 0.00389098 -1.269e-05 0.00034813
0.022511 0.119192 0.10196 0.0026479 0.00024391 0.00026038
0.0240101 0.0730737 0.0776544 0.00372185 0.00015551 0.00045769
0.0118726 0.09386 0.103728 0.0037747 -9.7e-07 0.00037949
0.00947657 0.154901 0.0816027 0.00308294 5.68e-06 7.707e-05
0.0222739 0.0521186 0.099803 0.0026479 0.00013198 0.00015212
0.0135449 0.0519898 0.0963027 0.00255898 -0.00014962 0.00061771
0.00084561 0.0289327 0.118013 0.00331239 -8.811e-05 0.00018926
0.00879918 0.0914738 0.130808 0.00287685 -2.621e-05 -7.639e-05
0.00953885 0.0556326 0.106121 0.00281778 1.878e-05 -0.00017245
0.023975 0.0911955 0.141596 0.00217313 0.00033778 -1.234e-05
0.0126937 0.0657611 0.131892 0.00368727 -3.081e-05 -7.639e-05
0.0140704 0.104355 0.117161 0.00343727 -5.622e-05 -7.639e-05
0.00361486 0.117598 0.145247 0.00309583 -6.77e-06 0.00014778
0.0149059 0.0454871 0.120387 0.00369889 0.00013291 -7.639e-05
0.0184882 0.157645 0.107659 0.00337577 6.488e-05 -7.639e-05
0.0266745 0.0780669 0.093368 0.00366484 -4.65e-06 -7.639e-05
0.0284715 0.0843297 0.132931 0.00388638 -2.489e-05 3.869e-05
0.018792 0.165338 0.126099 0.00285616 0.00016681 -7.639e-05
0.0211709 0.0838024 0.117239 0.00374764 9.34e-05 -7.639e-05
0.00072192 0.118963 0.134422 0.00372496 2.06e-05 0.00014671
0.0071276 0.116791 0.103112 0.00322286 -1.527e-05 -7.639e-05
0.0008117 0.0459327 0.115618 0.00374189 -1.175e-05 0.00018863
0.0133389 0.140325 0.15819 0.00292844 3.113e-05 0.00013855
0.0122775 0.0806251 0.125457 0.00366306 -1.24e-06 0.0003635
0.0009368 0.124271 0.111498 0.00346649 -0.00016203 0.00023086
0.00077821 0.0650759 0.106069 0.00356025 -0.00014525 0.00015092
0.0189835 0.0846793 0.136357 0.0038917 3.61e-05 -7.639e-05
0.0147641 0.168881 0.143162 0.00283201 1.1e-07 0.00043017
0.0207404 0.0794413 0.124234 0.00362408 -0.00015297 0.00043611
0.0166873 0.124315 0.138891 0.00375059 -9.739e-05 0.00051432
0.0547264 0.171133 0.171559 0.00303883 0.00038176 0.00095329
0.0240309 0.103815 0.136833 0.00389817 0.00037746 0.00071569
0.0100983 0.158018 0.121049 0.00342601 -2.263e-05 0.00039548
0.0447967 0.0907063 0.113422 0.00328795 0.00046934 0.00099148
0.0136519 0.10575 0.118685 0.00421522 -8.699e-05 0.00064611
0.0088917 0.165573 0.115789 0.00375114 -6.19e-06 0.00039548
0.0318682 0.11888 0.111872 0.00318162 8.08e-06 0.00080322
0.0134662 0.0622181 0.114649 0.00418441 -0.00014544 0.00068293
0.0123109 0.133839 0.114418 0.00404789 -0.00014672 0.00050935
0.0137913 0.115615 0.0795723 0.00360092 -0.00016907 0.00039548
0.0295474 0.0592945 0.118537 0.00334514 8.59e-06 0.0005825
0.0167455 0.108275 0.115114 0.00404762 -0.00017028 0.00064421
0.00135809 0.141824 0.0868593 0.00328783 -8.811e-05 0.00039548
0.0144535 0.0507643 0.0797392 0.00388176 -8.811e-05 0.00039548
0.0223496 0.112461 0.0666312 0.00326532 -0.00013322 0.00063387
0.00199361 0.068552 0.0996743 0.00416765 -0.00033811 0.00073768
0.00084497 0.0821813 0.123384 0.0037873 2.65e-06 0.00011751
0.00527446 0.124125 0.0894528 0.00346723 -3.84e-05 -0.00019305
0.00566412 0.0566136 0.101188 0.00272246 0.00015914 0.00023985
-0.0104717 0.073646 0.133325 0.00403484 -8e-08 0.00017026
-0.00317936 0.13384 0.123337 0.00337112 -4.682e-05 -0.00019305
0.0003064 0.0834571 0.10096 0.00383627 4.229e-05 -0.00019305
0.00316862 0.0953441 0.126097 0.00429416 2.889e-05 -0.00019305
0.00074488 0.153799 0.123983 0.00399762 9.055e-05 5.594e-05
0.00321195 0.134085 0.104581 0.00385212 8.199e-05 -0.00019305
0.00564277 0.0971443 0.133559 0.00434461 0.00010512 -0.00019305
0.0133711 0.177068 0.126321 0.00366966 0.00042921 -0.00019305
0.0101524 0.0943971 0.0805028 0.00417048 0.00021062 -0.00019305
0.0102619 0.0672289 0.117216 0.00438632 0.00021429 -0.00019305
0.00016425 0.15041 0.117453 0.004206 0.00012355 -0.00025548
-0.00032258 0.0885317 0.102543 0.00401864 0.00024739 -0.00052247
-0.00050807 0.0795911 0.127399 0.00466976 0.00049926 -0.00060237
-0.00032542 0.147568 0.135009 0.0044254 0.00038758 -0.0005171
-0.00023314 0.175421 0.0956559 0.00423816 0.0003501 -0.00047387
-0.0137491 0.0812959 0.111152 0.00468543 -3.891e-05 -0.00054094
-0.0189781 0.12728 0.128698 0.00486102 -0.00011638 -0.00059398
-0.0192467 0.188406 0.108726 0.00432698 9.118e-05 -0.0007171
-0.0188479 0.0980159 0.094605 0.00458741 -0.00011516 -0.0005156
-0.0192005 0.0963837 0.128447 0.00489526 -0.00017945 -0.0007171
-0.0232577 0.158767 0.115666 0.0044627 -0.00011516 -0.00057794
-0.0189304 0.101843 0.084836 0.00459731 -0.00011516 -0.00055942
-0.0168699 0.0879635 0.123491 0.0049807 -0.00017733 -0.00053724
-0.0156601 0.161088 0.117869 0.00459482 -0.00011516 -0.00047953
-0.0120612 0.119498 0.0838018 0.00447826 -0.00011516 -0.00030079
-0.0123246 0.088498 0.112789 0.00489259 -0.00011516 -0.00025435
-0.00810526 0.135902 0.1124 0.00524212 -0.00011516 -0.00042948
-0.00292998 0.187108 0.0648991 0.00457347 3.634e-05 -0.00023771
0.00444589 0.0908153 0.0307546 0.00423816 5.232e-05 -9.472e-05
4.8e-07 0.0596408 0.0183188 0.00614596 -0.00011516 0.00048533
0.0103051 0.120383 0.0357526 0.00579648 0.00026402 -0.00019288
0.0230825 -0.00261535 -0.0752196 0.00754024 0.00048353 0.00060642
0.00980844 0.0102653 -0.0199473 0.00772405 0.00027436 0.00054661
0.012782 0.0944449 -0.0207116 0.00723013 0.00031266 0.00039235
0.014821 0.00546667 -0.0412533 0.00799693 0.00032212 0.00034517
-0.00037496 0.0471014 -0.00434725 0.00867209 -0.00011516 0.0003934
0.0216664 0.13969 0.0597524 0.00760836 0.0004618 -0.00020588
0.00616839 0.174094 0.0219235 0.00968184 -0.00011516 -5.644e-05
0.00984937 0.208998 0.0100567 0.00817981 0.0002654 -8.707e-05
0.00589054 0.10998 -0.0146221 0.00885321 0.00030068 0.00045114
-0.00210327 0.118811 0.0325317 0.00918386 -0.00013155 0.0004591
0.00968178 0.178459 0.100002 0.00625421 0.00037016 0.00036688
-0.00777673 0.0319312 0.057071 0.00787532 -0.00018466 0.0006473
-0.00292811 0.110017 0.0532044 0.0069975 -4.444e-05 0.00039611
0.00399318 0.0487646 0.0188314 0.00740344 4.879e-05 0.00046414
0.00695208 0.0962498 0.10243 0.00519676 0.00036214 0.00061954
0.00277491 0.0473818 0.0787676 0.0063312 5.177e-05 0.00092337
-0.00789791 0.12774 0.0588177 0.00605949 2.907e-05 0.00049153
-0.00151209 0.0639951 0.0475823 0.0065245 7.267e-05 0.00054801
0.0164479 0.103815 0.0990269 0.00552137 0.00043617 0.00076209
0.00747844 0.10026 0.0660813 0.0065525 -9.86e-05 0.00114991
0.0028393 0.143535 0.00406106 0.00675202 2.857e-05 0.00082054
-0.00544718 0.0498899 0.0152963 0.00706102 -1.026e-05 0.00082445
-0.00811188 0.0852813 0.0863528 0.00632417 -4.152e-05 0.00031862
-0.00832339 0.0757063 0.0676004 0.00744077 -4.761e-05 0.00065229
0.00345692 0.116335 0.0403076 0.00662406 0.00014679 0.00064173
0.00244862 0.026397 0.0187605 0.00744087 0.00010351 0.00077705
0.00137689 0.0541975 0.0462474 0.00777167 2.64e-05 0.0008202
0.0196748 0.138506 0.0461844 0.00634263 0.0003491 0.00084742
-0.00279957 0.0355089 0.0259298 0.0074194 -0.00018625 0.00104954
-0.0103231 0.116841 0.0269903 0.00684839 2.41e-05 0.00086588
0.0103999 0.0957431 0.0239295 0.00553294 0.00014938 0.00095438
0.00749792 0.0852824 0.0172652 0.00687508 1.364e-05 0.0012164
-0.00284317 0.110484 0.0287621 0.00674873 2.78e-06 0.0008738
0.00147666 0.0804338 -0.00420105 0.00684855 8.178e-05 0.00078111
0.0116238 0.102288 0.0465083 0.00545362 -0.00013047 0.00095075
-0.00275118 0.0312196 0.0214827 0.00690615 -0.00031757 0.00102957
0.00101374 0.0737943 0.0457169 0.00685085 -0.00027142 0.00092179
0.0342439 0.112508 0.0524171 0.00544629 -0.00013047 0.00116608
0.0175847 0.0899095 0.0272304 0.00677738 -0.00043266 0.00123091
0.0078647 0.0786126 0.0648669 0.00693461 -0.00040333 0.00135455
0.00760179 0.135238 0.039318 0.00624215 -0.00032043 0.00115891
0.0156248 0.0574922 0.0448901 0.00689004 -0.0003509 0.00129494
0.0453552 0.185931 0.13064 0.00497076 -0.00013047 0.00166488
0.0357069 0.0743603 0.069788 0.00643332 -0.00062899 0.00165099
0.026307 0.105186 0.086417 0.00659752 -0.00034479 0.0013515
0.0453101 0.149772 0.0910472 0.00451416 0.00011598 0.00158244
0.055601 0.083541 0.0305885 0.00545438 -0.0003184 0.00182402
0.0554588 0.0529304 0.0668856 0.00673806 -0.00028997 0.00174974
0.0459069 0.127173 0.0526406 0.00666776 -0.00023529 0.00153126
0.0379392 0.0923607 0.0390015 0.00701787 -0.00039942 0.00166185
0.0824629 0.167918 0.101412 0.00572884 0.00049256 0.00179148
0.0625645 0.125399 0.0461483 0.00637199 -0.00017188 0.00167545
0.0747951 0.0052543 -0.00573956 0.00773558 9.935e-05 0.0017183
0.0377609 0.0866822 0.0322314 0.0079791 -0.00039824 0.00144195
0.0654738 0.185597 0.106593 0.00661641 -3.91e-06 0.0016118
0.0451747 0.0886899 0.0160377 0.00768229 1.002e-05 0.00161331
0.0416743 0.0831052 0.0323046 0.00811604 -0.00029669 0.00158742
0.0305347 0.125396 -0.014537 0.0080595 -0.00031912 0.00139007
0.0210717 0.113474 0.0789375 0.00740668 0.00041703 0.0011692
0.0121466 0.108969 0.04966 0.00909878 0.00014221 0.00119135
0.0255915 0.1303 0.0318454 0.0077134 5.69e-05 0.00122271
0.0522523 0.121218 0.0709173 0.00660141 0.00083481 0.00142158
0.0404784 0.110795 0.0492875 0.00839841 0.0004433 0.00170569
0.0353094 0.145791 0.0162163 0.00727464 0.00055557 0.00127812
0.0279032 0.0735085 0.0163854 0.00650931 0.00051015 0.00114656
0.0326515 0.0541856 0.00586347 0.00828016 0.00061498 0.00140154
0.0325043 0.140293 0.0111886 0.00750655 0.00056822 0.00126715
0.03263 0.0633529 -0.0021975 0.00769433 0.00051748 0.00135023
0.028351 0.0691876 0.0424554 0.00804518 0.00048436 0.00141081
0.0146468 0.16444 0.0588071 0.00664983 0.00034028 0.0012218
0.017836 0.111264 0.0201166 0.00797097 0.00048185 0.00134319
0.0157361 0.110351 0.0346046 0.0079471 0.00023343 0.00133876
0.00465351 0.140871 0.0475408 0.00676292 -6.253e-05 0.00105972
0.0151095 0.0754146 0.0276648 0.00775284 6.808e-05 0.00130015
0.00850945 0.095302 0.0438055 0.00775343 -8.67e-06 0.00121295
-0.0042997 0.110754 0.0121899 0.00698089 -0.00025572 0.00089092
0.0217645 0.102339 0.0249312 0.00817457 9.823e-05 0.00128238
0.0153281 0.111987 0.0500449 0.00809921 2.342e-05 0.00119755
0.00476796 0.114379 0.0128013 0.0076087 -4.788e-05 0.00101804
0.0207359 0.077468 0.0758241 0.00652947 0.00050947 0.00114232
0.0173266 0.0445954 0.0589032 0.00782314 6.58e-05 0.00129243
0.0228259 0.0965906 0.0412688 0.007519 0.00012042 0.00126087
0.0180424 0.10571 -0.00662996 0.00746043 -8.8e-05 0.00119818
0.02008 0.0671383 0.0228034 0.00845766 -0.0001759 0.00127461
-0.00219388 0.18002 0.0640344 0.00789637 -0.00035421 0.00095309
0.00184019 0.0835986 0.0291821 0.00946286 -0.00058852 0.00120888
0.0257821 0.151782 0.0304069 0.00728078 -0.00025576 0.00121305
0.0220464 0.0631419 0.0159162 0.00836512 -0.00046748 0.00140684
0.0280538 0.0844826 0.0456532 0.00917659 -0.00065179 0.00159421
0.0213311 0.155103 0.0912281 0.00721818 -0.00019201 0.00131448
0.0211039 0.0968598 0.0577124 0.00917644 -0.00071998 0.00154188
0.0139908 0.158156 0.0393862 0.00788486 -0.00026816 0.00119231
0.0180213 0.102 0.0141531 0.00789783 -0.0004209 0.00127461
0.0226398 0.13802 0.0692758 0.00715215 -0.00021746 0.00115661
0.0211473 0.102361 0.0576743 0.00880342 -0.00047716 0.00148586
0.00629015 0.150274 0.0565656 0.00823278 -0.00037064 0.00121999
-0.00743838 0.140755 0.0235457 0.00804444 -0.00035654 0.00096916
-0.0151427 0.106535 0.0551253 0.00930667 -0.00069443 0.0008759
-0.01261 0.188431 0.107872 0.00853007 -0.00037855 0.00073763
0.0009782 0.124074 0.0829971 0.0101237 -0.00056352 0.00127281
-0.00377392 0.154528 0.0621263 0.00944948 -0.0005414 0.0012529
-0.0213682 0.154452 0.0310009 0.00822154 -0.00093012 0.00094242
-0.00727926 0.088205 0.0385658 0.00916533 -0.00064981 0.00106242
0.0354966 0.175685 0.173682 0.00888247 -0.00030708 0.00140735
0.0158133 0.146921 0.0855781 0.00985442 -0.00097949 0.00156364
-0.0023941 0.173027 0.0627437 0.00869691 -0.00080481 0.00122144
-0.00473381 0.122038 0.0201505 0.00869691 -0.00078307 0.00123939
-0.00129422 0.105558 0.0567434 0.00983163 -0.00080027 0.00136891
0.00797383 0.184806 0.0488789 0.00695515 -0.00054495 0.0014021
0.0150841 0.0666952 0.0358554 0.00887325 -0.00084947 0.0015253
0.010933 0.150097 0.0227162 0.00807834 -0.00074374 0.00126748
0.00612131 0.076103 -0.0155617 0.00882198 -0.00063196 0.00125422
0.00328521 0.0981827 0.0359793 0.00779002 -0.00043201 0.00110665
0.00951849 0.0824538 0.0089296 0.0102662 -0.00103651 0.00148444
0.00378925 0.160402 0.00390997 0.0087656 -0.00055483 0.00114478
0.00153857 0.0796131 -0.0323602 0.01032 -0.00060771 0.00125686
0.00790064 0.127593 0.0550483 0.00838607 -7.399e-05 0.00111344
0.00814355 0.153819 0.0174975 0.0108043 -0.00069585 0.00148989
0.00793302 0.163556 0.0203652 0.00965706 -0.00019338 0.00115403
0.0117072 0.0917043 -0.0119583 0.0105238 -0.00021229 0.00125722
0.0141653 0.109788 0.0233709 0.0112163 -0.0002076 0.00141738
0.0340911 0.163675 0.0160737 0.00798972 4.493e-05 0.00164251
0.0245369 0.0804867 0.0101507 0.0106986 -0.00057717 0.00165244
0.0177615 0.11901 0.0216655 0.00998587 -0.00020681 0.0013471
0.031945 0.127266 0.0463934 0.00884602 -0.00023144 0.00144238
0.0435139 0.0824926 0.038895 0.0107776 -0.00038732 0.0017225
0.0427534 0.134559 0.0502795 0.010359 -0.00025496 0.00148868
0.0471534 0.12796 0.0703385 0.00771324 0.0005199 0.00144756
0.0244653 0.0916542 0.0483497 0.0106794 -0.00034152 0.00160872
0.0185036 0.15525 0.0392856 0.00966056 -9.923e-05 0.00135243
0.0237411 0.106219 0.0406208 0.00821438 0.0003861 0.00113585
0.0242938 0.116388 0.0302242 0.0105314 -3.366e-05 0.00149319
0.0138533 0.151052 0.0172559 0.00982245 -9.193e-05 0.0011874
0.0103098 0.116331 -0.0199144 0.010261 -9.211e-05 0.00114808
0.0241057 0.101721 0.0752246 0.0102301 3.259e-05 0.00133391
0.0192248 0.140365 0.0363196 0.011452 -8.126e-05 0.00138728
0.0110626 0.167497 -0.0206829 0.0104993 -0.00024079 0.00115931
0.0138379 0.0988831 -0.0249047 0.0112991 -0.00012792 0.0011819
0.0261329 0.0986688 0.0981648 0.00971436 0.00039062 0.00123371
0.00942557 0.126282 0.020706 0.0111715 -0.00015801 0.00127373
0.00758982 0.181313 0.00563691 0.00966694 -2.505e-05 0.00104667
0.00675147 0.101092 -0.0324488 0.0104607 -7.312e-05 0.00114829
0.00516926 0.0772109 0.00689789 0.011243 -0.00024959 0.00129442
0.00321629 0.153635 0.0166943 0.0110872 -0.00012555 0.00102287
-0.00307265 0.137627 -0.0122524 0.0104582 -0.00027323 0.00083626
-0.00879584 0.0902773 0.0130503 0.0116912 -0.00046282 0.00091594
-0.0106232 0.156558 0.0210424 0.0117329 -0.00048153 0.00089377
0.00015358 0.215781 -0.0160177 0.00964698 -0.00029236 0.00082907
0.0111348 0.184912 -0.0779324 0.00795764 5.322e-05 0.00073763
0.00584695 0.0030494 -0.191196 0.00947573 7.675e-05 0.00024144
0.0181666 -0.115055 -0.127656 0.0105716 -6.98e-06 0.00096325
0.033279 -0.0418042 -0.00491437 0.0114447 -0.00034861 0.00127912
0.0149526 0.0880915 -9.31e-05 0.0122624 -0.00076312 0.00086027
0.00562742 0.204119 -0.00943593 0.0117186 -0.00043999 0.00074066
-0.00098213 0.224562 -0.0463982 0.012171 -0.00045746 0.00074066
-0.00939255 0.226191 -0.0259573 0.0126741 -0.00068238 0.00065736
-0.00684441 0.254807 -0.0235559 0.0129519 -0.00107808 0.00058263
-0.00420727 0.2567 -0.0168611 0.0130261 -0.0013599 0.00057448
-0.00620216 0.219351 -0.00612286 0.0126926 -0.00174442 0.00032713
-0.00358828 0.209525 -0.0128324 0.0130427 -0.00246252 0.00037566
-0.00113029 0.161897 0.00563476 0.0120263 -0.00342896 0.0002976
-0.0109604 0.161105 0.0265853 0.0115373 -0.00386896 0.00040869
-0.00547224 0.154476 0.0336918 0.0115325 -0.00383372 0.00035296
-0.00293409 0.163667 0.0343736 0.0118294 -0.00351154 0.00023425
-0.0074477 0.182208 0.0299191 0.0116599 -0.00336395 0.00019493
-0.0216112 0.187972 0.00146851 0.012164 -0.00270384 6.828e-05
-0.0281131 0.249612 -0.039862 0.0123481 -0.00197407 3.258e-05
-0.0373213 0.112858 -0.059846 0.0125444 -0.00216731 0.0003342
-0.0202607 0.209366 -0.0466039 0.0117778 -0.00161519 0.00019493
-0.0253212 0.112066 -0.113342 0.0117097 -0.00115555 -3.973e-05
-0.00443147 -0.0517825 -0.189608 0.0114597 -0.0010673 0.00080406
-0.0105941 -0.00877315 -0.096755 0.0131408 -0.00128436 0.00055529
-0.0201259 0.108024 -0.103257 0.0127551 -0.00085696 0.00010528
-0.0154446 0.00369619 -0.182079 0.014986 -0.00113914 0.00019493
-0.0020828 0.0978589 -0.117933 0.0150161 -0.00153992 0.00019493
-0.0115816 0.187642 -0.0895577 0.0133302 -0.00131714 0.00019493
0.00458109 0.208024 -0.114967 0.0150303 -0.00178905 -1.764e-05
-0.00454267 0.276132 -0.0994187 0.0136496 -0.00126756 3.526e-05
0.00437667 0.15406 -0.0632958 0.0117778 -0.00075701 0.00052675
0.00856819 0.107131 -0.0751435 0.0129395 -0.00100802 0.00099817
0.00452484 0.113271 -0.0550048 0.013012 -0.00123944 0.00061479
-0.00328077 0.111013 -0.0859757 0.0129702 -0.00067481 0.00051465
-0.00682761 0.0515053 -0.0591243 0.013539 -0.00084013 0.00053619
0.0147385 0.19015 -0.00497384 0.0123678 -0.00073877 0.00081821
0.0177264 0.127214 -0.0196922 0.0127991 -0.00116597 0.00090909
0.00768533 0.174564 -0.0204217 0.0130486 -0.00132799 0.00050761
0.00738319 0.215448 -0.0546458 0.0124432 -0.00136564 -0.00010603
-0.0148003 0.166975 0.0317648 0.011057 -0.00116735 0.00019493
0.0085995 0.128989 -0.0297319 0.0132812 -0.00125507 0.00075398
0.0126775 0.16846 -0.0508594 0.0121907 -0.00080026 0.00059053
-0.00025211 0.0942556 -0.0704664 0.0125422 -0.00110769 0.00019493
-0.00036279 0.098321 -0.0468443 0.013505 -0.0013286 0.00019493
0.0016396 0.1295 -0.0523751 0.0140413 -0.00120267 0.00026202
0.0147693 0.17773 -0.0350247 0.0137318 -0.00118395 -5.507e-05
0.00406949 0.228812 -0.0246337 0.0120506 -0.00072643 -0.00016861
-0.0167676 0.118988 -0.0524333 0.0136615 -0.00067731 0.00074739
0.0133061 0.194809 -0.0411927 0.0128133 -0.00090923 -9.209e-05
0.0122975 0.130418 -0.0856384 0.0129426 -0.00088379 -3.556e-05
-0.00030901 0.123694 -0.0700577 0.0121103 -0.00018786 0.00101858
0.00572854 0.13062 -0.0795147 0.0135712 -0.00057018 0.00103583
-0.00562415 0.184054 -0.0646685 0.0130857 -0.00051431 0.00054074
-0.0137168 0.136871 -0.0987128 0.0132763 -0.00077435 0.00033587
-0.0214266 0.105887 -0.0558299 0.013596 -0.00155608 0.00028046
0.00235797 0.231371 -0.0527753 0.0118855 -0.0014206 9.899e-05
0.00846246 0.133854 -0.0258275 0.0123404 -0.00117863 0.00060935
0.0110752 0.167365 -0.0245665 0.0122357 -0.00169697 0.00029739
0.0334787 0.143861 -0.0707401 0.00971817 -0.00141054 0.00089164
0.0391538 0.0989552 -0.0872109 0.0111356 -0.00151881 0.00101085
0.04242 0.0988034 -0.0222157 0.0118827 -0.0013734 0.00083484
0.0365118 0.0917036 -0.0605677 0.0105149 -0.0008775 0.00081677
0.0387336 0.0303662 -0.0452133 0.0122782 -0.00123544 0.00111889
0.0285829 0.127028 -0.0340527 0.0118792 -0.00105752 0.00074256
0.0328261 0.118208 -0.0631539 0.0122657 -0.00101806 0.00045719
0.0373457 0.113498 -0.0274 0.0129644 -0.00146237 0.00090518
0.0411561 0.198638 -0.0524344 0.0112299 -0.00101458 0.00045049
0.0483554 0.159411 -0.0505981 0.0127814 -0.00107473 0.00070048
0.0417458 0.165136 -0.0295853 0.0129067 -0.00073354 0.00038369
0.0391449 0.18116 -0.0584248 0.0127417 -0.00080528 0.00019493
0.0270523 0.112559 -0.032124 0.0133587 -0.00098224 0.00056969
0.0528828 0.201356 -0.0423052 0.0120201 -0.00062964 0.00060488
0.0290206 0.0922686 -0.0578671 0.0127441 -0.00085894 0.00092769
0.0241611 0.0702163 -0.0225475 0.0134551 -0.00087396 0.00091517
0.0350219 0.154108 -0.0342268 0.0126856 -0.00083571 0.00066449
0.0152814 0.144744 -0.0720443 0.0127806 -0.00089681 0.00054457
0.0326928 0.132606 -0.153591 0.0142011 -0.00103694 0.00186473
0.0235086 0.199433 -0.190331 0.0162851 -0.00143966 0.00152758
0.0233113 0.177423 -0.148697 0.017024 -0.00142807 0.00110781
0.024383 0.268554 -0.157624 0.0162197 -0.00129065 0.00087523
0.00858795 0.20457 -0.141839 0.0168946 -0.00132017 0.00087523
0.014701 0.267017 -0.0875912 0.015491 -0.00126117 0.0004912
0.0120196 0.190315 -0.105447 0.0160425 -0.00130833 0.00094012
0.014979 0.177546 -0.0880824 0.0160425 -0.00152494 0.00087523
0.0219925 0.191897 -0.0994961 0.0150184 -0.00161496 -3.141e-05
0.0440497 0.13322 -0.0902976 0.0163526 -0.00189611 0.00051855
0.0240173 0.204198 -0.0883201 0.0162014 -0.0017248 0.00019704
0.0221795 0.249004 -0.105628 0.0154858 -0.0012092 -0.00011256
0.00538248 0.174873 -0.0815363 0.0163081 -0.00159078 6.304e-05
0.0241098 0.279538 -0.0328328 0.0136662 -0.00120101 -0.00017592
0.0243958 0.205428 -0.0386475 0.0152195 -0.00163048 -1.642e-05
0.0242677 0.246402 -0.0199893 0.0144965 -0.00141469 -7.058e-05
0.0202036 0.23822 -0.0585556 0.0136267 -0.00135948 -0.00014413
0.00598979 0.228562 0.0545048 0.0142803 -0.00100374 -0.00030647
-0.0110669 0.201936 -0.0189634 0.0150811 -0.00097736 -4.512e-05
0.00084372 0.237465 -0.0663781 0.013931 -0.00132961 -7.17e-05
0.0047575 0.159254 -0.0806727 0.0140928 -0.00135142 5.908e-05
0.0188047 0.205542 -0.00647717 0.0127611 -0.00128477 3.731e-05
0.00486783 0.195881 -0.0788507 0.0148591 -0.00131006 0.00043321
0.00478983 0.225747 -0.100767 0.0145659 -0.00168794 2.439e-05
0.00740202 0.22473 -0.115568 0.014238 -0.00160162 4.312e-05
0.0174215 0.147242 -0.050494 0.0127383 -0.00120268 6.132e-05
0.00652467 0.213745 -0.0481976 0.0140805 -0.001692 4.175e-05
0.00841264 0.262884 -0.0593703 0.0129621 -0.0013791 0.00010038
0.00620136 0.128101 -0.0686532 0.0128028 -0.00132622 0.00028916
0.0105184 0.1218 -0.0381299 0.0137086 -0.00164781 0.00058619
0.0107777 0.211237 -0.0432906 0.0126956 -0.00138534 0.0002618
0.0207233 0.129363 -0.0546013 0.0108473 -0.00127251 0.00085929
0.0209563 0.0997159 -0.0263541 0.0129486 -0.00168504 0.00101796
0.0230245 0.196624 -0.0348684 0.0125021 -0.00162384 0.00043038
0.0181262 0.148246 -0.0673695 0.0125069 -0.00171518 0.00049605
0.0142634 0.116459 -0.0576835 0.0121801 -0.00129036 0.00089385
0.0194631 0.212005 -0.0194005 0.0133017 -0.00163823 0.0002618
0.0234432 0.271225 -0.0273436 0.012519 -0.00182826 0.0002618
0.0169585 0.151152 -0.0830945 0.0110981 -0.00190912 0.00059536
0.0207375 0.146694 -0.0378444 0.013 -0.00202602 0.0008397
0.0216532 0.192121 -0.00949467 0.0126288 -0.00207132 0.0005767
0.00393356 0.153222 -0.0626712 0.0123354 -0.002081 0.00042326
0.00196102 0.112233 -0.0369494 0.0131627 -0.00213436 0.00054067
0.021301 0.170608 -0.034 0.0116348 -0.00189395 0.00055231
0.0138333 0.150673 -0.00914797 0.012289 -0.00233486 0.00046441
0.01672 0.221222 -0.0232281 0.0119171 -0.00222499 0.0002618
0.0137069 0.157099 -0.0579694 0.0123802 -0.00244757 0.00047853
0.0114278 0.149518 -0.0171627 0.0118298 -0.00221275 0.00071923
0.0179292 0.194305 0.00796663 0.0128347 -0.00244506 0.00047377
0.0226158 0.246558 -0.0562322 0.0129597 -0.0028804 0.00049646
0.0155328 0.185687 -0.0286358 0.010947 -0.00265763 0.0002618
0.0309271 0.136321 -0.0184891 0.012211 -0.00249292 0.00080254
0.028566 0.185232 -0.0171225 0.0117689 -0.00235831 0.0004898
0.00995932 0.104711 -0.050005 0.0117763 -0.00258339 0.00051876
0.0161422 0.116689 -0.00792761 0.0127628 -0.00314717 0.00060473
0.0186551 0.17349 0.0444844 0.0098917 -0.00291918 0.00062824
0.0213714 0.213511 0.00391922 0.0119737 -0.00294838 0.00046701
0.0138148 0.213505 -0.0429257 0.0116991 -0.00283195 0.0002618
0.016036 0.151466 -0.0122606 0.0127596 -0.00332672 0.00026181
0.0121993 0.202879 0.0126274 0.0125974 -0.00389981 0.00041797
0.0204992 0.244076 0.0331201 0.0116732 -0.00339456 0.00041828
0.0310359 0.21607 0.0501647 0.0125764 -0.00297188 0.00026181
0.0173488 0.227535 0.00040517 0.0118255 -0.00317411 0.00026181
0.0146462 0.130739 -0.0131051 0.0102166 -0.00266963 0.00043101
0.0313264 0.111265 0.013075 0.0119558 -0.00282957 0.00080649
0.0209236 0.17777 0.00876216 0.0116802 -0.0029056 0.00044964
0.00748735 0.171731 -0.0378109 0.0113059 -0.00282538 0.00026181
0.0186173 0.0686481 -0.00897392 0.0109362 -0.00283602 0.00039121
0.0101149 0.161131 0.0132835 0.0124496 -0.00298455 0.00026181
0.00771376 0.246406 -0.0140474 0.0111981 -0.00309932 0.00017467
0.0111678 0.152839 -0.00672288 0.0105012 -0.00273114 0.00026181
0.00916351 0.132322 -0.00320616 0.0122202 -0.00314919 0.00026181
0.00703652 0.222333 -0.00351633 0.0116744 -0.00319625 0.00026181
0.00660399 0.15851 -0.0532007 0.0105674 -0.00284795 0.00026181
0.0119649 0.126631 -0.00654328 0.0117802 -0.00314231 0.00054039
0.00909383 0.170567 -0.00827458 0.0111798 -0.00328763 0.00026181
0.00959002 0.126983 -0.0463298 0.0111528 -0.00345358 0.00026181
-0.0161916 0.077455 -0.0156839 0.0109022 -0.0032196 0.00026181
-0.00243575 0.136134 -0.00756012 0.0123626 -0.00351038 0.00026181
-0.00239952 0.201899 -0.0295642 0.0113226 -0.00374418 0.00026181
-0.00090021 0.158961 -0.0483277 0.0115626 -0.00379519 0.00026181
-0.00589659 0.124454 -0.0266286 0.0124313 -0.00367425 0.00026181
0.0131514 0.187764 0.0446895 0.0114712 -0.00341279 0.00010867
0.012819 0.223748 0.0279825 0.0126313 -0.00361483 0.00026181
0.0133829 0.253832 -0.00606832 0.0117304 -0.00380034 0.00019455
0.00384907 0.162805 -0.0327603 0.0120713 -0.00401088 0.00026181
0.00179294 0.141269 -0.0170291 0.0127774 -0.00400662 0.00037717
0.00411067 0.18868 -0.0180042 0.0128323 -0.00404515 0.00026181
0.00389098 0.235299 -0.0464342 0.0116533 -0.00399891 0.00026181
-0.00768696 0.113956 -0.0711978 0.0127538 -0.0042739 0.00026181
-0.00588418 0.144135 -0.0292555 0.013303 -0.0043369 0.00026181
-0.0129155 0.215478 -0.012888 0.0128148 -0.00456814 0.00026181
-0.0109724 0.271954 -0.0126798 0.0117539 -0.00445131 0.00020319
-0.0113438 0.181295 -0.0312891 0.0124547 -0.00489358 0.00026181
-0.0125229 0.21641 -0.01883 0.012474 -0.0048801 0.00026181
-0.0173486 0.253609 0.0132578 0.0117543 -0.00508538 5.214e-05
-0.00928245 0.219148 -0.00721165 0.0112163 -0.00471155 0.00019056
-0.00846114 0.154664 0.00187659 0.0118632 -0.0046489 0.00026181
-0.00315166 0.217552 0.00662932 0.010929 -0.00441179 0.00017995
-0.00418426 0.145034 -0.058034 0.0104512 -0.00429685 0.00026181
0.00056759 0.0443514 -0.0198992 0.011525 -0.00435749 0.00026181
0.00386888 0.180751 -0.0160053 0.0103587 -0.00400248 0.00026181
-0.00299236 0.0930817 -0.0769444 0.0106089 -0.00400529 0.00026181
0.00762907 0.0664912 -0.0343557 0.0117779 -0.00401062 0.00026181
0.00746899 0.230743 -0.0215561 0.0106407 -0.00363171 0.00018996
0.00758782 0.114905 -0.0638377 0.011115 -0.00349929 0.00026181
0.0112682 0.117709 -0.0173029 0.0119288 -0.00351948 0.00026181
0.00800355 0.232316 -0.111162 0.01246 -0.00354086 -0.00021807
-0.00367275 0.119599 -0.0863638 0.0131013 -0.00359069 0.00026181
-0.00203233 0.184391 -0.0145078 0.0124324 -0.00321847 -0.00012821
-0.00590322 0.227076 -0.0372892 0.0115755 -0.0028804 -4.702e-05
0.00096907 0.146814 -0.141146 0.0142007 -0.00324168 0.00010039
0.0176163 0.163236 -0.0249686 0.0135655 -0.00326119 0.00018831
0.012576 0.231443 -0.0462387 0.0123562 -0.00285704 -0.00013522
0.0113799 0.120735 -0.0811782 0.0130167 -0.0031044 6.201e-05
0.022608 0.144561 -0.0361551 0.013454 -0.00351747 0.0001387
0.0400293 0.266491 -0.0761563 0.0129826 -0.00322804 0.00026181
0.0340516 0.272587 -0.0199003 0.00958259 -0.00159549 0.00026264
