0 0.17373 0.150534 0 0 0
-1.607e-05 0.252388 0.167238 0.00062849 -0.00017852 0
-0.00703022 0.249621 0.212824 0.00074561 -0.00019735 0
-0.00433158 0.23039 0.228646 0.00070017 -0.00050364 0
-0.00393499 0.20011 0.225068 0.00062012 -0.00044228 0
-1.316e-05 0.184372 0.200841 0.00020825 -0.00044397 0
-0.0110615 0.289308 0.23392 0.00068033 -0.00044023 0
-0.00676699 0.281566 0.2458 0.00072463 -0.00043364 -6.744e-05
-0.00987987 0.257537 0.23454 0.00063838 -0.00047938 0
0.00283546 0.242933 0.212481 0.00038871 -0.00050338 0
-0.0114101 0.320568 0.239563 0.00050588 -0.0006136 0
-0.0159179 0.288368 0.238624 0.000807 -0.00089119 0.00012094
-0.0218683 0.259343 0.242271 0.00066476 -0.00096104 5.257e-05
-0.0201346 0.213539 0.234942 0.00027129 -0.00152781 7.839e-05
8.01e-05 0.132009 0.175164 -0.00010669 -0.00096104 0
0.00741637 0.22764 0.13182 0.00015848 -0.00096104 0.00015328
0.00015908 0.360436 0.20804 0.00055475 -0.00121135 5.202e-05
-0.00492591 0.274374 0.224059 0.00043923 -0.00140615 0
-0.00459616 0.177645 0.188722 -0.00017419 -0.00144154 0.00014512
-0.00474385 0.287109 0.193297 0.00046276 -0.00148921 0.00017396
-0.0122384 0.25481 0.210934 0.00070577 -0.00178857 0
-0.00988718 0.183305 0.206344 0.00024746 -0.00196465 0
-0.0131985 0.21303 0.179471 0.00035296 -0.00246561 0.00014839
-0.0189741 0.248112 0.207168 0.00047548 -0.00332853 0.00015863
-0.02566 0.248752 0.208151 0.00038297 -0.00395158 0
-0.0242696 0.228228 0.188578 0.00047548 -0.00320225 0
0.0123293 0.0612918 0.0920037 0.0012368 -0.00172588 0
-0.00698025 0.261605 0.128019 0.00193393 -0.00165433 0
-0.00150102 0.276223 0.154449 0.00143236 -0.00163007 0.0001787
0.00986637 0.195288 0.115043 0.00148436 -0.00145207 0.00021283
0.00045965 0.302575 0.137883 0.00156743 -0.00141052 0
0.00068693 0.248539 0.162989 0.00153506 -0.00155965 0.00012305
0.0115496 0.123412 0.148845 0.00162444 -0.00110531 5.004e-05
-0.0033496 0.17071 0.165568 0.00201349 -0.00173103 -7.671e-05
0.00043046 0.113493 0.15557 0.00161942 -0.00176111 0
0.00042295 0.18095 0.124746 0.00148436 -0.00171928 0
0.0106343 0.210761 0.187832 0.00154268 -0.0013012 0.00018297
0.0005443 0.251517 0.181108 0.00185247 -0.00152676 0
0.00370281 0.207106 0.175582 0.00116017 -0.00145364 5.893e-05
0.00074305 0.281747 0.14757 0.00159079 -0.00146246 0.00011127
0.00071619 0.311656 0.182905 0.0017789 -0.00159023 9.725e-05
0.0177926 0.209154 0.222036 0.00136128 -0.00084364 0
0.00316192 0.226723 0.193418 0.0018716 -0.00120224 0
0.0132434 0.188135 0.179215 0.00128975 -0.00136739 6.859e-05
0.0212206 0.215974 0.139797 0.00124881 -0.00143058 0
0.002935 0.276161 0.178862 0.00171544 -0.00146368 0
0.00598766 0.190641 0.193887 0.00174591 -0.00055846 0
0.00565391 0.213169 0.198277 0.00214113 -0.00084779 -8.302e-05
0.00311814 0.172847 0.146929 0.00158166 -0.00075873 0
0.00572718 0.242999 0.140491 0.00214113 -0.00083907 -9.183e-05
0.00030755 0.290495 0.171486 0.00214113 -0.00108287 -0.00011765
0.0166773 0.171212 0.155678 0.00128318 -0.00015563 0.00026595
0.00648442 0.255988 0.170498 0.00207892 -0.00035728 0
0.00464294 0.181916 0.147736 0.00192287 -0.00092756 -0.00010883
0.00334582 0.189368 0.116462 0.00171478 -0.00084044 0
0.0146867 0.253113 0.155319 0.00175438 -0.00045215 0
0.00412592 0.201517 0.166041 0.00191903 -0.00076377 0
0.0179734 0.140997 0.141729 0.00108818 -0.00083979 0.00016807
0.0161487 0.193206 0.113223 0.00165031 -0.00057587 0
0.00639495 0.28019 0.138763 0.00167454 -0.0006667 0
0.00515669 0.235775 0.150487 0.00165389 -0.00081786 0
0.00303912 0.164795 0.113921 0.00150532 -0.00071605 0
0.00064573 0.267873 0.138975 0.00189155 -0.00076042 5.077e-05
0.00804943 0.133446 0.105905 0.00118364 -0.00061814 0
0.00053677 0.223129 0.129724 0.00158155 -0.00084565 0
0.00056041 0.22375 0.153325 0.00170723 -0.00081801 0
0.00301389 0.174822 0.122699 0.001331 -0.00084979 0
0.00575181 0.17087 0.124271 0.00119626 -0.00066316 0
0.00057036 0.257135 0.169841 0.00215714 -0.0008161 0
0.00437344 0.22061 0.153232 0.00158155 -0.00026614 0
0.00820222 0.193574 0.105788 0.00180564 -0.00026614 -0.00019148
0.00058629 0.238235 0.140205 0.00223821 -0.00052742 0
-0.00393698 0.279453 0.171899 0.00203508 -0.00026614 0.00040248
0.00122685 0.203752 0.142038 0.00143026 -0.00039694 0.00031971
0.0430075 0.255995 0.201164 0.00192003 -0.00061986 0.00085318
0.0306589 0.316519 0.18338 0.0021379 -0.00074456 0.00062354
0.0342519 0.278539 0.177678 0.0020859 -0.00057734 0.0002149
0.0329453 0.20338 0.14664 0.00170151 -0.00062296 0.00017188
0.0372141 0.265971 0.149567 0.00185103 -0.0006734 0.00014284
0.0411642 0.194673 0.166285 0.00149542 -0.00063194 -7.879e-05
0.00347963 0.214522 0.104136 0.00159168 -0.00092375 5.345e-05
0.0106367 0.211737 0.084105 0.0022351 -0.0007237 9.501e-05
0.0326307 0.159843 0.119764 0.00214651 0.0001833 -2.272e-05
0.00332439 0.232645 0.131631 0.00240502 -0.00054639 -8.665e-05
0.00410937 0.216106 0.120295 0.00187954 -0.00023771 0.00033064
0.0182229 0.263392 0.109875 0.00200975 -0.0002108 0.00039411
0.0201751 0.268811 0.126616 0.00236595 -0.00027185 -3.349e-05
0.0111953 0.32582 0.151372 0.00256919 -0.0001562 8.36e-06
0.00399322 0.231794 0.127699 0.00208563 -0.00018905 0.00025822
0.00386491 0.210698 0.0776752 0.00216925 -0.00027641 0.00022019
0.00331096 0.267391 0.118863 0.00295384 -0.00022682 -8.764e-05
0.00358658 0.194725 0.124106 0.00262924 -6.004e-05 2.866e-05
0.00392096 0.190741 0.0847181 0.00228199 -0.00020256 0.00023383
0.0203914 0.211081 0.0501385 0.00344823 -6.889e-05 -0.00013715
0.00705196 0.247198 0.0943507 0.00350827 -8.355e-05 -0.00013534
0.019483 0.189247 0.0928577 0.00285696 0.0001833 6.633e-05
0.0183095 0.168596 0.00947422 0.00365606 -0.0006939 -0.00026617
0.00318461 0.251293 0.058706 0.00364493 -0.00043021 -0.0001372
0.0059122 0.214427 0.0861587 0.00323084 -0.00019401 -8.985e-05
0.0152326 0.184468 0.0591642 0.00295866 -0.00014762 -8.4e-05
0.0124406 0.213088 0.0452224 0.00350485 -0.00031882 -0.0001259
0.00301167 0.240413 0.0914587 0.00363846 -0.00023703 -0.00026617
0.00345023 0.169814 0.0756904 0.00280065 -0.00019709 -2.772e-05
0.0134354 0.180814 0.0434671 0.00265892 -0.00054565 -0.00026617
0.00322702 0.269978 0.0711098 0.00368819 -0.000871 -6.338e-05
0.00318815 0.171462 0.0695925 0.00313683 -0.00059303 -0.00011842
0.00287152 0.212445 0.0790726 0.00374683 -0.00083857 -0.00026617
0.00325235 0.142854 0.0477551 0.0029701 -0.00063425 -5.953e-05
-0.0175628 0.231408 0.0445921 0.00341551 -0.00087234 0.00017582
-0.0135563 0.236508 0.0754458 0.00354315 -0.0006999 -0.0001731
-0.00414479 0.213141 0.108144 0.0037416 -0.00041899 -0.00056572
-0.00169015 0.207576 0.0920204 0.00394418 -0.00048535 -0.00055489
0.003097 0.131194 0.0404279 0.00317576 -0.00048535 -0.00017813
-0.00745887 0.251055 0.0324357 0.0036346 -0.00077888 -0.0001045
-0.0120057 0.262984 0.0649146 0.00430497 -0.00078403 -0.00017444
0.00261473 0.151573 0.0283237 0.00422464 -0.00048535 -0.00044187
-0.00220671 0.234697 0.0661904 0.0042255 -0.00089784 -0.00026617
-0.00097621 0.151889 0.0431661 0.00355173 -0.00062692 -0.00021294
0.00284355 0.154747 0.00336721 0.00361329 -0.00074542 -0.00026617
-0.00494927 0.220559 0.0540916 0.00368477 -0.00075228 -0.00017239
0.00293593 0.187208 0.0621926 0.00326907 -0.00048535 -0.00026617
0.00325972 0.213754 0.0308442 0.00331362 -0.0006757 -5.794e-05
0.00656988 0.220886 0.0665137 0.00358578 -0.0001314 -0.00015277
0.00785072 0.197246 0.0910998 0.0043415 -2.067e-05 -0.00026617
0.00286392 0.122219 0.0304947 0.00354844 -0.00054377 -0.00026617
-0.0143913 0.195545 0.0109904 0.00393247 -0.00071787 -0.00026617
-0.0136547 0.242821 0.0564571 0.00429132 -0.00105731 -9.788e-05
-0.0187923 0.129118 0.0724914 0.00343346 -0.0010754 -0.00051358
-0.00309506 0.213374 0.0777155 0.00413605 -0.00092094 -0.00032092
-0.0110053 0.185852 0.0444526 0.0039063 -0.00115009 -9.627e-05
-0.0197593 0.23671 0.0224612 0.00432066 -0.00105183 -0.00026617
-0.0137884 0.279548 0.0530941 0.0047408 -0.00107769 -0.00026617
-0.0147813 0.157113 0.0498426 0.00416391 -0.00102167 -0.00034772
-0.0141142 0.264645 0.081711 0.00461981 -0.00110407 -0.00026617
-0.0210665 0.187972 0.0549593 0.00418504 -0.00096339 -0.00026617
-0.0151373 0.172115 0.02008 0.00409525 -0.00096038 -0.00031944
-0.0170815 0.239123 0.0614874 0.00454448 -0.00107708 -0.00026617
-0.0254951 0.230422 0.0615357 0.00462366 -0.00126027 -0.00026617
-0.0325041 0.17058 0.0215356 0.00408062 -0.00148754 -0.00031748
-0.0270065 0.292825 0.0368945 0.0049395 -0.0017224 -0.00020106
0.00042787 0.174223 0.0410763 0.00366366 -0.00087278 0.00011372
-0.00489843 0.139095 0.0594097 0.00344749 -0.00230185 -6.97e-05
-0.00347396 0.224215 0.0173633 0.00411901 -0.00210913 -0.00017252
0.00607331 0.195472 -0.0197591 0.00430961 -0.00172486 -0.00026617
0.00011367 0.258654 0.0419678 0.00424725 -0.00179002 7.474e-05
0.00079508 0.222472 0.037867 0.00423496 -0.00180479 -2.073e-05
0.0180879 0.164385 -0.0368712 0.00409971 -0.00138846 3.304e-05
0.00994265 0.268477 0.0246986 0.00446925 -0.00189265 2.49e-06
0.00316895 0.186054 0.0298208 0.00405988 -0.00176427 3.329e-05
0.0111782 0.16718 -0.00589606 0.00389089 -0.00174025 -1.316e-05
0.0302234 0.136396 0.00854766 0.0033527 -0.0014287 0.00018193
0.00329583 0.220411 0.0485299 0.0034953 -0.00160697 7.773e-05
0.00038965 0.177475 0.0364984 0.0032659 -0.0017831 0.00012824
0.00277 0.161614 -0.0324423 0.00399137 -0.00205151 -6.834e-05
-0.00524252 0.214353 0.0174744 0.00411542 -0.00238914 5.008e-05
0.00311956 0.210966 0.032411 0.00409998 -0.00175761 1.532e-05
0.00322861 0.146675 -0.00732575 0.00370381 -0.00170788 8.533e-05
0.016627 0.118603 -0.0539203 0.00400172 -0.00154145 -5.233e-05
0.00263928 0.190833 -0.0138019 0.00476359 -0.00178547 -0.00021787
-0.00516485 0.166351 0.0111868 0.00430872 -0.00160299 -8.244e-05
0.00266142 0.160994 -0.0196325 0.00422414 -0.0015193 -0.00027008
-0.0159655 0.23219 0.0102387 0.00488674 -0.0013788 -0.00010108
-0.0121514 0.105811 0.0198884 0.0038647 -0.00115435 -0.00034001
-0.0169906 0.188912 0.038922 0.00473903 -0.00142705 -0.00032027
-0.024887 0.166894 0.0278089 0.00451098 -0.00133216 -0.00023638
-0.0255338 0.156707 0.00267555 0.00432398 -0.00134676 -0.00023366
-0.0145615 0.144592 -0.00069487 0.00430124 -0.00107248 -0.00044989
-0.0265633 0.221271 0.0160108 0.00451688 -0.00139689 -0.00022044
-0.0267769 0.2255 0.0363535 0.00437747 -0.00133838 -0.00029338
-0.0320463 0.135304 -0.00125449 0.00368565 -0.00135117 -0.00034802
-0.0320017 0.26743 -0.0126486 0.00446451 -0.00151205 -0.00026889
-0.0318312 0.282564 0.0384398 0.00475852 -0.00155979 -0.00017348
-0.0320068 0.184196 0.0347595 0.00448243 -0.00149899 -0.00033525
-0.0319513 0.16352 0.0184181 0.00443029 -0.00163699 -0.00031691
-0.0402692 0.238624 0.042901 0.00455988 -0.00161457 -0.00056167
-0.0424416 0.204345 0.0493188 0.00498244 -0.00170819 -0.00048882
-0.0402421 0.168658 0.0326182 0.00468675 -0.00167802 -0.00050174
-0.040525 0.230655 0.0334777 0.0046487 -0.00215367 -0.00047747
-0.0464501 0.240649 0.0478814 0.00479688 -0.00286542 -0.00042866
-0.0499433 0.245297 0.0632129 0.00423052 -0.00329277 -0.00056272
-0.0515147 0.248389 0.0763783 0.00348665 -0.00369829 -0.00050639
-0.0528068 0.224712 0.0545136 0.00418017 -0.00319483 -0.00058121
-0.044134 0.155958 -0.00109476 0.00349578 -0.00273931 -0.00050639
-0.0551043 0.280429 -0.00074127 0.00440969 -0.002929 -0.00057991
-0.0534538 0.290533 0.0410351 0.00488897 -0.00277213 -0.00050639
-0.0464702 0.143457 0.00283541 0.00385541 -0.00256655 -0.00050639
-0.0485882 0.234821 -0.030212 0.00445327 -0.00284962 -0.00074014
-0.0519679 0.253409 0.0187099 0.0046246 -0.00276042 -0.00060543
-0.0553835 0.125628 -0.00039331 0.00397934 -0.00272005 -0.00069356
-0.0562601 0.213224 -0.0187813 0.00435089 -0.00300628 -0.00095952
-0.0609387 0.272914 0.0418273 0.00501438 -0.00270847 -0.00091964
-0.0594 0.138248 0.036155 0.00396228 -0.00276269 -0.00077155
-0.0621881 0.222958 0.0144493 0.00424629 -0.00302058 -0.00081801
-0.0623626 0.275032 0.0498907 0.00465461 -0.00313008 -0.00088589
-0.0622789 0.225565 0.0587558 0.00447075 -0.003099 -0.00093412
-0.0582562 0.145022 0.0403683 0.00349781 -0.00276269 -0.00062171
-0.0525823 0.247665 0.0458177 0.00439048 -0.00276269 -0.00050639
-0.0605196 0.229834 0.0562812 0.00421507 -0.00276269 -0.00059405
-0.0536354 0.143796 0.00898874 0.00359821 -0.00259139 -0.0007562
-0.0721134 0.239392 0.020419 0.00382531 -0.00291528 -0.00015416
-0.0523963 0.298724 0.0334467 0.00441882 -0.00256528 -0.00017989
-0.0483439 0.273827 0.0487179 0.00441597 -0.00249054 -0.00016377
-0.0489416 0.196539 0.0125617 0.00393271 -0.00244739 -0.00031861
-0.0261867 0.226819 0.0245987 0.00419438 -0.00244739 -0.00050639
-0.0476495 0.246852 0.0503023 0.00484385 -0.00272577 -0.00050639
-0.0479329 0.203523 0.0573556 0.00459659 -0.00253468 -0.00050639
-0.0604429 0.201915 0.0121272 0.0047187 -0.00270464 -0.00050639
-0.0532166 0.286022 0.0471642 0.00493495 -0.00256656 -0.00050639
-0.0389939 0.129919 0.016107 0.00465347 -0.00244739 -0.00076843
-0.0487354 0.201991 0.0304469 0.00473671 -0.00260436 -0.00050639
-0.0491573 0.267359 0.053303 0.00530441 -0.00249981 -0.00050639
-0.0498187 0.178591 0.0227543 0.00440785 -0.00244739 -0.00050639
-0.0284097 0.223499 0.0508657 0.00425552 -0.00202744 5.822e-05
-0.0435712 0.300355 0.0721832 0.00511447 -0.00236995 -0.00035619
-0.0501251 0.211801 0.0539065 0.00454671 -0.00252146 -0.00050639
-0.0481288 0.241455 0.0229191 0.00477406 -0.00258879 -0.00050639
-0.023399 0.174503 0.0630848 0.00383134 -0.00187035 -0.00018664
-0.0319773 0.247914 0.0920734 0.0047673 -0.00238102 -0.00026799
-0.0484278 0.153389 0.0312856 0.00449279 -0.00248444 -0.00050639
-0.0414781 0.171432 0.0122117 0.0046545 -0.00227259 -0.00050639
-0.0448139 0.283686 0.0524631 0.00539777 -0.00260279 -0.00050639
-0.0477906 0.211048 0.0376475 0.00488009 -0.00236748 -0.00050639
-0.0455591 0.25334 0.00181497 0.00496563 -0.00244297 -0.00050639
-0.0494911 0.301933 0.041674 0.00531152 -0.00264418 -0.00050639
-0.0579416 0.20684 0.0307762 0.00510228 -0.00266509 -0.00070762
-0.0486813 0.264037 0.0945695 0.00528732 -0.0027749 -0.00056101
-0.059767 0.189215 0.0441447 0.00477057 -0.00282757 -0.00050639
-0.0584156 0.218205 0.0169135 0.00463656 -0.00304683 -0.000593
-0.0376337 0.198847 0.0504914 0.00455982 -0.00246721 -0.00060679
-0.0514456 0.242417 0.0692818 0.0051165 -0.002916 -0.00050639
-0.0555858 0.231321 0.060308 0.00461229 -0.00333801 -0.00050639
-0.0604734 0.205758 0.0281546 0.00420329 -0.00381947 -0.00050639
-0.0620492 0.28754 0.0403786 0.00486704 -0.00384848 -0.00050639
-0.0579421 0.180903 0.04948 0.00384237 -0.00318011 -0.00057922
-0.0600697 0.262459 0.0621253 0.00438179 -0.00327942 -0.00050639
-0.0628847 0.226528 0.0615137 0.00445457 -0.00334437 -0.00050639
-0.0668153 0.203962 0.029657 0.00399061 -0.00383422 -0.00063247
-0.0515029 0.225777 0.0662465 0.00381945 -0.00336959 -0.00058111
-0.0461266 0.221693 0.0847727 0.00435483 -0.00333921 -0.00050639
-0.049808 0.149068 0.043392 0.00366388 -0.00312379 -0.00050639
-0.0308153 0.136458 0.0169291 0.00370148 -0.00266474 -0.00036736
-0.0389435 0.202496 0.0250723 0.00435176 -0.00281152 -0.00050639
-0.0327345 0.200052 0.0428206 0.00396424 -0.00236117 -0.00032646
-0.0325896 0.160405 0.00429987 0.00357604 -0.00233513 -0.00036914
-0.0361287 0.263482 0.0339604 0.00479097 -0.00252543 -0.00023076
-0.0330982 0.196412 0.0360724 0.00418614 -0.00230785 -0.00022759
-0.0242913 0.211102 0.0140371 0.00420392 -0.00229756 -0.00050639
-0.00722401 0.21264 0.0417169 0.00426685 -0.0019545 -0.00020898
-0.0297786 0.221283 0.0709473 0.0050296 -0.00228673 -0.00040564
-0.0327805 0.155416 0.0529793 0.00426252 -0.0022748 -0.00050639
-0.0235693 0.218091 0.0359833 0.00423361 -0.0025185 -0.00050639
-0.0237235 0.266304 0.053379 0.00483377 -0.00260235 -0.00050639
-0.0233919 0.169322 0.0801777 0.00387985 -0.00209289 -0.00050639
-0.0372296 0.27271 0.0779351 0.00460217 -0.00234872 -0.00050639
-0.0481966 0.279235 0.0843603 0.00438071 -0.00310692 -0.00038335
-0.0569823 0.237071 0.0915296 0.00343382 -0.00353928 -0.00050639
-0.0447113 0.277874 0.0811223 0.00374361 -0.00380287 -0.00050639
-0.0281665 0.150041 0.0975531 0.00316775 -0.00247638 -0.00030917
-0.037303 0.241049 0.0927325 0.00397988 -0.00260769 -0.00050639
-0.0271518 0.16179 0.0756651 0.00356329 -0.00262729 -0.00050639
-0.0230866 0.201552 0.0428882 0.00376995 -0.00261689 -0.00028829
-0.0358704 0.26391 0.0603639 0.00446637 -0.00276433 -0.00043219
-0.033863 0.137383 0.0498867 0.00395876 -0.00256073 -0.00050639
-0.0409053 0.238842 0.0467566 0.0050307 -0.00303639 -0.00050639
-0.0376852 0.147845 0.00824792 0.0046304 -0.00294076 -0.00050639
-0.0312407 0.143321 -0.0268339 0.00463317 -0.00261672 -0.00050639
-0.0435179 0.252393 0.0311345 0.00512333 -0.00283779 -0.00050639
-0.0459552 0.193143 0.0354493 0.00476694 -0.00284594 -0.00050639
-0.0475461 0.186018 0.00244596 0.00467868 -0.0029247 -0.00050639
-0.0435737 0.191702 0.0683453 0.00406672 -0.00235093 -0.00057956
-0.0366989 0.212986 0.0456825 0.00504269 -0.00246192 -0.00050639
-0.0448789 0.178122 0.0460021 0.00454411 -0.00270615 -0.00050639
-0.0388199 0.235048 0.0448622 0.00459833 -0.00316979 -0.00050639
-0.0555101 0.247953 0.0707823 0.00459833 -0.00374751 -0.00050639
-0.0290849 0.203606 0.095024 0.00417613 -0.00322741 -0.00050639
-0.03703 0.200307 0.113388 0.00449615 -0.00281806 -0.00050639
-0.0417763 0.151981 0.0525822 0.00410073 -0.00281806 -0.00050639
-0.0162521 0.167306 -0.00415958 0.00447327 -0.00287189 -0.00029604
-0.0395126 0.263852 0.0356431 0.00493405 -0.0031776 -0.00050639
-0.0412723 0.22779 0.0498557 0.00425223 -0.00281806 -0.00050639
-0.0251002 0.215087 0.00186562 0.00441752 -0.00281806 -0.00021988
-0.0236632 0.247612 0.0353441 0.00453141 -0.00264377 -0.00050639
-0.0363094 0.229347 0.0554147 0.0052369 -0.00268195 -0.00050639
-0.0376037 0.13619 0.0349043 0.00448411 -0.00266338 -0.00050639
-0.00600347 0.102624 0.00350874 0.00394899 -0.00234022 -0.0003231
-0.0341413 0.242558 0.0319362 0.00516326 -0.0027196 -0.00050639
-0.0375906 0.227189 0.045864 0.00504088 -0.00265762 -0.0003874
-0.0282392 0.151077 0.032215 0.00443148 -0.00255816 -0.00050639
-0.0407701 0.239316 0.0439062 0.00495351 -0.00272146 -0.00034577
-0.0410567 0.225739 0.056784 0.00502385 -0.00313574 -0.00050639
-0.0391763 0.18972 0.0483256 0.00444951 -0.00327083 -0.00050639
-0.0222545 0.162688 0.0138245 0.00464104 -0.00255816 -0.00035513
-0.033834 0.189701 0.0297169 0.00505872 -0.00255816 -0.00026806
-0.0323422 0.211636 0.0426134 0.00540503 -0.00255816 -0.00022673
-0.0277892 0.166638 0.0402561 0.00480473 -0.00230816 -0.00037336
-0.029996 0.254012 0.0484002 0.00528277 -0.00264694 -0.00037111
-0.0200627 0.180576 0.0753917 0.0047295 -0.00235621 -0.00050639
-0.0280421 0.209686 0.0708446 0.00512055 -0.00261847 -0.00034427
-0.0447528 0.218413 0.0715958 0.00497299 -0.00290408 -0.00050639
-0.0484973 0.190468 0.0613145 0.00475887 -0.00331066 -0.00050639
-0.0317276 0.198178 0.0343289 0.00454769 -0.00329652 -0.00050639
-0.0111835 0.225436 0.0957059 0.00463075 -0.00290408 0.00012199
-0.0229205 0.191781 0.0715432 0.00430251 -0.00321132 -0.00010656
-0.00885149 0.18036 0.0268734 0.00394512 -0.00303378 -5.181e-05
-0.00390451 0.28464 0.0440078 0.00460671 -0.0029894 0.00022366
0.0057514 0.18402 0.0381268 0.00423982 -0.00297376 -5.181e-05
-0.0186476 0.243825 0.0565467 0.00478718 -0.00330076 -5.181e-05
-0.00547105 0.146668 0.0235084 0.00377991 -0.00285345 -0.00022705
-0.00560771 0.259365 -0.00727223 0.00457268 -0.003154 -0.00014696
0.00354827 0.179318 -0.00997603 0.00466255 -0.00290408 -0.00022686
-0.0301192 0.212571 0.0333388 0.00512196 -0.00290408 -0.00038163
-0.0117421 0.117812 0.0352071 0.00376207 -0.00260288 -0.00023551
-0.00810435 0.122691 -0.0244195 0.00415949 -0.00224973 -0.00024342
-0.0326326 0.195518 0.0406621 0.00411875 -0.00246114 -0.00014041
-0.0294029 0.163399 0.0492927 0.00406221 -0.00241862 -0.00015435
-0.012011 0.149028 -0.00864263 0.00422281 -0.00233265 -0.00041141
-0.0309259 0.272727 0.0372239 0.00464265 -0.00217934 -0.00038205
-0.0221454 0.213976 0.0491936 0.00438295 -0.00211517 -0.00043798
-0.0115819 0.175993 0.0137695 0.00409294 -0.00230612 -0.00017723
-0.0119763 0.212754 0.0481576 0.00384741 -0.00196039 -0.00044721
-0.0299084 0.232391 0.0597346 0.00433626 -0.00210206 -0.00011545
-0.0325545 0.170327 0.0333126 0.0040159 -0.00224571 -0.00025078
-0.0277496 0.210124 0.0208185 0.00463984 -0.00214643 -0.00019779
-0.0120642 0.120239 0.0155237 0.0037928 -0.00199139 -0.00050381
-0.0296141 0.225587 0.0374412 0.00449247 -0.00219638 -0.00039258
-0.032168 0.226703 0.0433301 0.00442598 -0.0022032 -0.00024895
-0.025033 0.124337 0.00218838 0.0042547 -0.00231119 -0.00035978
-0.0361993 0.207501 0.0270195 0.00455047 -0.00217304 -0.00033959
-0.0314595 0.23662 0.0561187 0.00461651 -0.00237395 -0.00024747
-0.0290208 0.135598 0.0256731 0.00425966 -0.00237395 -0.00044811
-0.0344926 0.181822 0.0372573 0.00453688 -0.0025113 -0.00034597
-0.0297246 0.17276 0.0438638 0.00420602 -0.00260785 -0.00024868
-0.0286348 0.224567 0.0215442 0.00420596 -0.00310543 -0.00013412
-0.0378662 0.265631 0.043417 0.00466208 -0.0037619 -0.00024412
-0.0483984 0.231032 0.0701791 0.00389368 -0.00414336 -0.00046208
-0.0103912 0.180476 0.031712 0.00321945 -0.00388804 -5.181e-05
-0.0249036 0.156712 0.069273 0.00453494 -0.00377302 -0.0002817
-0.042432 0.106544 0.0024551 0.00430247 -0.00373793 -0.0005483
-0.034836 0.168855 -0.00844233 0.00429307 -0.00340078 -0.00036456
-0.049232 0.189378 -0.00793964 0.004739 -0.00294653 -0.00069586
-0.048447 0.167906 0.0314176 0.00383581 -0.00253661 -0.00061108
-0.091605 0.101377 -0.0937621 0.00399708 -0.00281598 -0.00150858
-0.060243 0.267267 -0.06195 0.00428778 -0.00258127 -0.00151035
-0.0634229 0.27391 0.0258196 0.00352052 -0.00198007 -0.00138222
-0.0567484 0.178266 -0.0223846 0.00375744 -0.00215128 -0.00151869
-0.0693381 0.268297 -0.0368067 0.0046732 -0.00231242 -0.00148398
-0.068718 0.227693 0.00461342 0.00462827 -0.00212002 -0.00149028
-0.075641 0.137191 -0.025323 0.0043174 -0.00216833 -0.00145998
-0.0747955 0.236636 -0.0292269 0.0050416 -0.00204884 -0.00164742
-0.0785895 0.21352 -0.0108103 0.00516966 -0.00217866 -0.00151629
-0.0846626 0.162557 -0.0488521 0.00493556 -0.00181511 -0.00181601
-0.0754895 0.283582 -0.0240053 0.00516065 -0.00200355 -0.0014767
-0.0663011 0.25328 -0.00403663 0.00486142 -0.00215804 -0.00128627
-0.0670384 0.211271 -0.0383792 0.00466469 -0.00200847 -0.00140836
-0.0671195 0.316693 -0.0158473 0.00526065 -0.00199951 -0.00153225
-0.0715439 0.263576 -0.010784 0.00522102 -0.0020761 -0.00141444
-0.069158 0.195392 -0.0391448 0.00505128 -0.00200142 -0.00153225
-0.0724788 0.270998 -0.0184442 0.00526242 -0.00207785 -0.00141357
-0.069946 0.232405 0.00688147 0.00508828 -0.00208601 -0.00153225
-0.0793692 0.166417 -0.0200001 0.00458241 -0.0022719 -0.00153225
-0.0764727 0.257621 -0.0130738 0.00491674 -0.00239006 -0.00133262
-0.0766394 0.233297 0.00132494 0.00516725 -0.00251044 -0.00134326
-0.0743545 0.155254 -0.0131364 0.0044679 -0.00218193 -0.00153225
-0.0582664 0.152717 -0.0218 0.00351135 -0.00203271 -0.00127802
-0.0149394 0.171487 -0.0851338 0.00450445 -0.0017145 -0.00049943
-0.0481393 0.232304 -0.0284082 0.00455492 -0.00228507 -0.00055795
-0.0312572 0.198303 -0.0110074 0.00397147 -0.00168724 -0.000492
-0.0170135 0.287349 -0.049745 0.00502972 -0.00183468 -0.00053863
-0.0362768 0.260935 -0.0279106 0.0051015 -0.00176445 -0.00058867
-0.0132467 0.0902565 -0.0713186 0.00469995 -0.00161149 -0.00065785
-0.0393176 0.146782 -0.0821105 0.00551691 -0.00181784 -0.00067068
-0.0417996 0.166534 -0.0298459 0.00516315 -0.00161149 -0.00067943
-0.00600313 0.117681 -0.00250907 0.00453282 -0.00116722 -0.00088018
-0.0282872 0.160784 -0.0333187 0.00558568 -0.00121695 -0.00063381
-0.00782955 0.128076 -0.0335178 0.00491126 -0.00121638 -0.00066095
0.00132756 0.167481 -0.0564569 0.00510987 -0.001053 -0.00052796
-0.0298556 0.261235 -0.023046 0.00562049 -0.00152355 -0.00043682
-0.0338712 0.219641 -0.0239207 0.00519196 -0.00123758 -0.00060726
-0.0202565 0.226434 -0.0503903 0.0051784 -0.00158834 -0.00046513
-0.0138667 0.243885 -0.0451575 0.00592552 -0.00157054 -0.00050631
-0.0222178 0.205078 -0.0127267 0.00616841 -0.00136908 -0.00040312
-0.0280839 0.157576 -0.0402963 0.00600114 -0.00157046 -0.00055708
-0.0264463 0.172661 -0.0768133 0.00601019 -0.00170046 -0.00054346
-0.0185299 0.173625 -0.0984596 0.00666534 -0.00148795 -0.00054466
-0.0279172 0.184194 -0.0408229 0.00667984 -0.00155818 -0.00028753
-0.0321631 0.133783 -0.0509887 0.00548467 -0.00166856 -0.00028902
-0.0265639 0.13788 -0.119905 0.00566274 -0.00197329 -0.00055333
-0.0339003 0.263116 -0.0723306 0.00637227 -0.00215922 -0.0005495
-0.0416028 0.233995 -0.0482725 0.00603365 -0.00238245 -0.00043591
-0.0425592 0.208467 -0.0748591 0.00576646 -0.00231915 -0.0006167
-0.041997 0.252822 -0.0813501 0.00635278 -0.00202339 -0.00055906
-0.0284003 0.151016 -0.040001 0.00580618 -0.00145125 -0.00070598
-0.0332423 0.172911 -0.044696 0.00634552 -0.00161266 -0.00059441
-0.0315355 0.0998024 -0.0806222 0.00529129 -0.00197543 -0.00041206
-0.0316461 0.204575 -0.109026 0.00640416 -0.00195827 -0.00046274
-0.0365962 0.207996 -0.0770964 0.00654395 -0.00186314 -0.00046723
-0.0295378 0.158464 -0.0566489 0.00615218 -0.00138815 -0.00071281
-0.0326213 0.208227 -0.0478955 0.0065659 -0.00159477 -0.00057335
-0.0316934 0.153712 -0.0508664 0.00586457 -0.00163418 -0.00055901
-0.0324143 0.201012 -0.0869598 0.00606571 -0.00145125 -0.00045567
-0.0147656 0.205758 -0.0343005 0.00635093 -0.00116943 -0.00036164
-0.0343874 0.225258 -0.0271297 0.00657551 -0.00145125 -0.00045414
-0.0322781 0.145496 -0.0756744 0.00575933 -0.00145125 -0.00056565
-0.0318244 0.217021 -0.0905834 0.00641343 -0.00166306 -0.00044951
0.00022414 0.166285 -0.0186815 0.00599467 -0.00090467 -0.0004562
-0.0217384 0.200908 -0.0269685 0.00665311 -0.00099771 -0.00079654
-0.040566 0.146938 -0.0575652 0.00606243 -0.00160618 -0.00074097
-0.0473093 0.200508 -0.0854581 0.00672738 -0.0018229 -0.00084967
-0.0474729 0.232505 -0.0578759 0.00706737 -0.00186533 -0.00094076
-0.030662 0.150638 -0.0272342 0.00639006 -0.00120116 -0.00084967
-0.0321057 0.227023 -0.0199235 0.00694181 -0.0014156 -0.00084967
-0.0389975 0.16019 -0.0651237 0.00617843 -0.0019276 -0.00084967
-0.0399418 0.173906 -0.105825 0.00649077 -0.00219023 -0.00084967
-0.0380368 0.232649 -0.043494 0.00667782 -0.00210822 -0.00084967
-0.0568615 0.210503 -0.0335252 0.00620344 -0.00285602 -0.00090576
-0.0362804 0.150845 -0.0493469 0.00507535 -0.00231204 -0.00084967
-0.0330939 0.200207 -0.0125883 0.00612348 -0.0020446 -0.00084967
-0.0317417 0.159037 -0.0285464 0.00555167 -0.00214941 -0.00084967
-0.0197084 0.11394 -0.0848591 0.00518385 -0.00192718 -0.0005949
-0.0295711 0.217273 -0.0742027 0.00591782 -0.00192718 -0.0005863
-0.0109026 0.114326 -0.0781581 0.00527848 -0.00148103 -0.00068701
-0.0238978 0.19061 -0.0497417 0.00571578 -0.00165518 -0.00046026
-0.0060709 0.132195 -0.0759356 0.00511457 -0.00141092 -0.00054512
0.00916494 0.135561 -0.101917 0.00547338 -0.00131111 -0.0002412
-0.0250639 0.243802 -0.073834 0.00648167 -0.00167101 -0.00053369
-0.0202127 0.197352 -0.052967 0.00630064 -0.001481 -0.00057917
-0.0139648 0.165158 -0.0792234 0.00611281 -0.00137659 -0.00056634
-0.015337 0.144977 -0.0669829 0.00604223 -0.00131111 -0.00051478
-0.0286874 0.204017 -0.0372546 0.00667984 -0.00131111 -0.00068508
-0.0298174 0.145172 -0.0500614 0.00595127 -0.00148789 -0.00075687
-0.0320624 0.202385 -0.0606422 0.00645831 -0.00175522 -0.00079565
-0.0371344 0.220453 -0.0492329 0.00649092 -0.00192586 -0.00057224
-0.0118976 0.146706 0.0345841 0.00568075 -0.00105971 -0.00049936
-0.0219004 0.247136 -0.00160666 0.00638656 -0.00131111 -0.00054227
-0.0304537 0.174962 -0.0311642 0.00588066 -0.00161848 -0.00043508
-0.0225379 0.1943 -0.0839701 0.0060566 -0.00166864 -0.00043508
-0.0132893 0.175468 -0.0296434 0.00521678 -0.00090398 -0.00043508
-0.0243141 0.186636 -0.024547 0.0060242 -0.00154124 -0.0005119
-0.0188553 0.133289 -0.0408179 0.0053521 -0.00152051 -0.00030487
-0.0166412 0.155931 -0.0544097 0.00512521 -0.00147864 -0.00043508
-0.0264307 0.248388 -0.0350969 0.00597565 -0.00166463 -0.00043508
-0.0287606 0.178038 -0.0205729 0.00537869 -0.00172392 -0.00043508
-0.0288086 0.17605 -0.057128 0.00535169 -0.00213419 -0.00043508
-0.0262766 0.257368 -0.0246134 0.00581011 -0.0025805 -0.00043508
-0.0183737 0.211975 -0.0140181 0.00537892 -0.00320761 -0.00029786
-0.0217217 0.14816 0.0178307 0.00553775 -0.00207308 -0.00043508
-0.0221289 0.132033 -0.061845 0.0051069 -0.00262792 -0.00043508
-0.0309832 0.234111 -0.0475667 0.0056459 -0.00244279 -0.00024282
-0.0293141 0.198738 -0.0273881 0.00555502 -0.00219066 -0.00025969
-0.00275216 0.146397 -0.0624664 0.00508895 -0.00167133 -0.00025968
-0.0213676 0.188684 -0.0468377 0.00585921 -0.00214791 -0.00043508
-0.0281321 0.201907 -0.0245082 0.00555498 -0.00203747 -0.00043508
-0.0257321 0.173538 -0.0520967 0.00535123 -0.00255754 -0.00043508
0.00129051 0.183834 0.0163555 0.00558598 -0.00178899 -9.229e-05
-0.012719 0.215039 0.0116913 0.00619412 -0.00170382 -8.493e-05
-0.0260751 0.179606 -0.0151766 0.00595954 -0.00214703 -0.00043508
-0.0354979 0.15988 -0.0324357 0.00518707 -0.00281299 -0.00049376
-0.0206618 0.169829 -0.0516418 0.00530602 -0.00203341 -0.00028254
-0.0249684 0.258174 0.00287764 0.00582329 -0.00203341 -0.00030151
-0.0155537 0.155376 -0.0261601 0.00516828 -0.00203341 -0.00024531
-0.00370686 0.174597 -0.0282772 0.00520249 -0.00141069 -0.00032523
-0.014525 0.248592 -0.00230729 0.0058305 -0.00147787 -0.00043509
-0.0171968 0.226275 -0.00551541 0.00593274 -0.00199147 -0.00043509
-0.025074 0.151279 -0.016927 0.00481597 -0.00232367 -0.00043509
-0.0220397 0.224754 -0.0452121 0.00561443 -0.00199147 -0.00043509
0.0115808 0.154991 0.037639 0.00472011 -0.00101856 -0.00017193
-0.0135163 0.202922 0.0215965 0.00611022 -0.00155342 -0.00043509
-0.0197655 0.126535 -0.0394033 0.00526027 -0.00172639 -0.00048518
-0.0157305 0.243902 -0.0420125 0.00591711 -0.00237231 -0.00043509
-0.0374256 0.252133 0.0143132 0.00544224 -0.00307227 -0.00052517
-0.0132395 0.204244 0.0376776 0.00521477 -0.00191584 -0.00043509
-0.0147597 0.172969 0.0196302 0.00558624 -0.00191975 -0.00043509
-0.0115017 0.140706 -0.0454196 0.00509426 -0.00192721 -0.00043509
-0.00561695 0.23936 -0.037083 0.00551898 -0.00219059 -0.0002976
0.0105762 0.132233 -0.0791929 0.00531984 -0.00119665 -0.00020725
-0.0162125 0.175681 -0.0626209 0.00597522 -0.00192544 -0.00038234
-0.0137918 0.170323 -0.0401289 0.00535887 -0.0015732 -0.00043509
-0.0176199 0.146284 -0.105584 0.00595085 -0.00194594 -0.00043509
-0.019696 0.206132 -0.0591273 0.00607244 -0.00190254 -0.00043509
-0.0196798 0.185006 -0.0320706 0.00563457 -0.00209627 -0.00043509
-0.0205664 0.175804 -0.0587572 0.00554149 -0.00224167 -0.00043509
-0.0155787 0.180806 0.0324247 0.00470556 -0.00157125 -0.00043509
-0.0179723 0.208013 0.0231553 0.00566134 -0.00185432 -0.00043509
-0.0270245 0.147628 -6.777e-05 0.0051642 -0.00201706 -0.00061661
-0.0156193 0.124627 -0.0303814 0.00478178 -0.00169891 -0.00043509
-0.0153977 0.214883 -0.00226806 0.00572992 -0.00185249 -0.00043509
-0.0208872 0.224889 -0.00973391 0.00562173 -0.00203798 -0.00043509
-0.0315291 0.201588 -0.0406966 0.00558635 -0.00276593 -0.00043509
-0.0312956 0.268628 -0.0083779 0.00565246 -0.00316561 -0.00043509
-0.0360166 0.216751 0.00474541 0.00499014 -0.00338773 -0.00043509
0.00912072 0.185359 0.0165516 0.0045995 -0.00160182 -0.00017797
-6.106e-05 0.158173 0.0373295 0.00497062 -0.00187349 -0.00017898
0.0243845 0.125626 -0.0380866 0.00553567 -0.00108567 -0.00068509
0.0155939 0.190868 0.0162598 0.0049267 -0.00155252 -0.00019996
0.0273755 0.0992864 -0.0260448 0.00433322 -0.00149097 -0.00037568
0.032107 0.152995 -0.123728 0.00579646 -0.00177434 -0.00013067
0.0216454 0.225701 -0.046663 0.00546364 -0.00212697 -5.75e-05
0.0324111 0.187486 -0.0328786 0.00497207 -0.00200124 5.52e-05
0.0469817 0.198266 -0.0556156 0.00508329 -0.00193252 0.00019572
0.0613577 0.174136 -0.0504128 0.00504373 -0.00165653 0.00066752
0.0269521 0.150912 -0.0131116 0.00501777 -0.00163859 0.00048098
0.0398943 0.0999422 -0.0417321 0.00461989 -0.00178167 0.00048098
0.0537977 0.176824 -0.0572984 0.00528595 -0.00186083 0.00048098
0.0496305 0.149367 -0.0378049 0.00492064 -0.00208679 0.00089048
0.0224412 0.154258 -0.00463331 0.00504626 -0.00196487 0.00056025
0.0295691 0.112037 -0.0368465 0.00449529 -0.00211579 0.00048098
0.0398037 0.207481 -0.0584789 0.00503742 -0.00208127 0.00048098
0.0401601 0.207475 -0.0286754 0.00506507 -0.00185126 0.0006417
0.0395755 0.150525 -0.0435916 0.00458323 -0.001582 0.00023098
0.0398218 0.238773 -0.0464288 0.00540493 -0.00200227 0.00048098
0.0347413 0.199998 -0.0231461 0.00529537 -0.0019695 0.00048098
0.0345923 0.146703 -0.0558725 0.00473185 -0.00186631 0.00022206
0.0198544 0.243217 -0.0543807 0.00594541 -0.00183135 -2.99e-06
0.028546 0.16404 -0.0335398 0.00541459 -0.00160969 0.00023098
0.0201522 0.130135 -0.0760121 0.00528163 -0.00159342 0.00014889
0.0189673 0.204666 -0.0736018 0.00567144 -0.00173305 0.00043094
0.00857514 0.197964 -0.0594115 0.00570899 -0.00140128 9.499e-05
0.0129192 0.149658 -0.0652571 0.00529461 -0.0014127 0.00010781
0.00854225 0.225361 -0.0711009 0.00578587 -0.00161438 7.864e-05
0.0015228 0.249401 -0.0393009 0.00583527 -0.00170992 3.788e-05
0.00136922 0.205881 -0.0380216 0.00574192 -0.00169133 -7.19e-05
0.00162234 0.1328 -0.0647245 0.00508313 -0.00155543 5.055e-05
0.0048257 0.184522 -0.10248 0.00542514 -0.00197079 6.597e-05
0.00131221 0.2667 -0.0358837 0.0056984 -0.00187197 -4.646e-05
0.00150391 0.156976 -0.0391669 0.00519034 -0.00175606 -1.377e-05
0.00373192 0.196297 -0.0704383 0.005461 -0.00207982 4.9e-06
-0.00664695 0.249806 -0.0304361 0.00572383 -0.00209738 -8.764e-05
-0.014982 0.202886 -0.0156312 0.00567966 -0.00222698 -0.0001097
-0.00587996 0.137704 -0.0127468 0.00457397 -0.00252369 -1.534e-05
0.00139138 0.21875 -0.0258619 0.00498964 -0.00249621 4.681e-05
-0.0120379 0.218911 -0.00065297 0.00509711 -0.00269482 -8.342e-05
-0.0100557 0.172379 0.010326 0.00471492 -0.00291582 -9.917e-05
-0.00610579 0.212327 -0.0042579 0.00462087 -0.00329933 -5.302e-05
-0.00907131 0.252261 -0.00374774 0.00503157 -0.00324171 -0.00017673
-0.0169325 0.195729 0.00738808 0.00460927 -0.00359071 -6.35e-05
-0.00533393 0.196211 -0.00864419 0.00439918 -0.00361106 -5.534e-05
-0.00315883 0.241584 -0.0126293 0.00469633 -0.00352563 -9.912e-05
0.00088691 0.203056 -0.0047512 0.0047131 -0.00315545 -0.00017211
0.0204 0.109326 -0.0291911 0.00388047 -0.00254747 -0.00017211
0.00949301 0.212036 -0.060755 0.00446799 -0.00235384 0
