-0.00657646 0.0649447 0.220425 0.00012184 0 0
-0.0243778 0.103959 0.126139 -9.487e-05 -0.00038644 0.00033222
-0.00653069 0.0064486 0.207728 0.000131 0 0.00018704
-0.027673 0.0942861 0.21215 -0.00043298 -0.00040884 0.00043441
-0.0136533 0.033086 0.14894 0 -0.00021646 8.418e-05
-0.0076135 0.00823378 0.207163 0.00031609 0 0.00015444
-0.0313961 0.203658 0.194823 -0.00053163 -0.00042259 0.0004223
-0.0161437 0.00896186 0.109823 8.6e-05 -0.00021029 0.00013094
-0.0237223 0.0303466 0.209081 -9.465e-05 -0.00025 0.0003641
-0.0432329 0.137055 0.144878 -0.00032109 -0.00047282 0.00063964
-0.010697 0.00096537 0.172142 0.00039059 -0.00025 0
-0.0427741 0.150272 0.156693 -0.00060657 -0.00035484 0.00055586
-0.0357775 0.0335992 0.100605 -0.0002002 -0.00042628 0.00041555
-0.0226807 0.0104001 0.179905 0.000191 0 0.00039962
-0.0388874 0.161713 0.141074 -0.00055082 -0.00024535 0.00056818
-0.0226696 0.00230782 0.149002 0.00013205 0 0.00032481
-0.02238 0.0925441 0.19464 -0.00026917 0 0.00040574
-0.0302246 0.127922 0.132308 -0.00052175 0 0.00044106
-0.016182 0.00876385 0.177019 0.00019571 6.169e-05 0.00018122
-0.0433872 0.178407 0.185776 -0.00067352 -0.00017162 0.00060017
-0.0258864 0.00472136 0.142177 6.866e-05 0 0.0001874
-0.0346873 0.0939854 0.194656 -0.00025229 0 0.00056413
-0.0340623 0.0870781 0.131111 0.0001098 0 0.00044921
-0.0313163 0.0138604 0.189153 0.00036138 0 0.00057198
-0.0532432 0.15736 0.168275 -0.00025229 -0.00015846 0.00087619
-0.0299861 0.00671584 0.123984 0.00034023 0 0.00038746
-0.0389508 0.117098 0.184356 -0.00031154 0 0.00058844
-0.0393351 0.0618871 0.0958425 -9.08e-05 -0.00025 0.00053438
-0.0342561 0.0203976 0.144684 6.755e-05 8.823e-05 0.00050519
-0.0548739 0.13667 0.100735 -0.00025229 -0.00030091 0.00075845
-0.0441029 0.00762999 0.0608121 0.00011925 -0.0003644 0.00058916
-0.0336931 0.032836 0.113166 -6.328e-05 -0.00025 0.00045382
-0.0454226 0.0915327 0.0504153 -0.00031544 -0.0003981 0.00057016
-0.0317972 0.00374482 0.0896393 0.00018636 0 0.0005238
-0.0489629 0.141838 0.0571519 -0.00040112 -0.0001705 0.00070834
-0.027879 0.00276059 0.0523575 0.00037732 0 0.00048936
-0.0452063 0.10528 0.0918406 -0.00012094 -0.00020937 0.00082156
-0.0416005 0.0283762 0.0289546 -8.006e-05 -0.00044947 0.00054662
-0.0440147 0.0168155 0.0876049 0.00010087 -0.00012075 0.00068429
-0.049145 0.112182 0.0335048 -0.00032363 -0.00043368 0.00067037
-0.0335289 0.00925104 0.0201945 4.331e-05 -0.0002452 0.00043831
-0.0412529 0.122978 0.0414284 -0.00025229 -9.496e-05 0.00058241
-0.0365822 0.0291866 -0.00063538 -0.00025229 -0.00021665 0.00042722
-0.0275234 -0.0007576 0.0492138 0.00016715 1.803e-05 0.00032412
-0.02652 0.023563 0.0449484 0.00036066 0.00061861 0.00074174
-0.0229929 0.165632 0.0655032 0.00018489 0.00080242 0.0011487
-0.0312971 0.157935 0.0083452 -0.00025229 0.00055047 0.00103796
-0.0272954 0.0048587 0.0626379 0.00062214 0.0004182 0.00080461
-0.0434987 0.165335 0.0669035 0.0001474 0.00056274 0.0011208
-0.0407516 -0.00201755 0.00333927 0.00012315 9.907e-05 0.00071094
-0.032217 0.00474677 0.042847 0.00032376 0.0001682 0.00084716
-0.0402405 0.110649 0.0303025 -0.00025229 0.00051911 0.00115675
-0.0299978 0.0002694 0.024006 0.00021077 0.0004182 0.00098048
-0.032774 0.150951 0.0255989 -0.00025229 0.0006154 0.00101214
-0.0240059 0.0121217 0.0129365 0.00011225 0.0001682 0.00079312
-0.0314152 0.16193 0.0540478 -0.00031797 0.0004182 0.00098286
-0.0335387 0.0381959 0.0042994 -0.00019619 0.00025054 0.00080518
-0.0356742 0.0365274 0.0536868 0.00036572 0.0004182 0.00108496
-0.0378221 0.115029 0.0173141 -0.00025229 0.00034725 0.00114157
-0.0235077 0.00692655 0.0497216 0.00038069 0.0004182 0.00088719
-0.0381892 0.14874 0.0771578 -2.29e-06 0.00036796 0.00103488
-0.0361318 0.0188651 0.0228778 0.00024579 0.00032347 0.00107199
-0.0272827 0.0625777 0.0532082 4.466e-05 0.00050678 0.0009929
-0.0315627 0.0379048 0.00561578 -6.652e-05 0.00023022 0.00097254
-0.0305135 0.0217154 0.0332375 0.00032334 0.0004182 0.00099968
-0.0385399 0.0940487 0.00822577 -0.0001629 0.0004182 0.00091639
-0.0281481 0.00880597 0.0463089 0.00056016 0.00027583 0.00085381
-0.0369478 0.176611 0.0616703 0.00011234 0.0004182 0.00100725
-0.0342674 0.0187932 0.0252206 0.00030322 0.00028191 0.00085613
-0.0306287 0.0625959 0.0817931 0.00056068 0.0004182 0.00109037
-0.0378401 0.143843 0.0437179 9.451e-05 0.0004182 0.00108344
-0.0336894 0.0155418 0.0318301 0.00020648 0.0004182 0.00093461
-0.0357574 0.0858468 0.0597314 0.00025258 0.0004182 0.00095436
-0.0245184 0.022338 0.0420091 0.0005259 0.0004182 0.00100145
-0.0379406 0.122071 0.0252484 0.00011352 0.0004182 0.00102669
-0.0260768 0.00542488 0.0365548 0.00052114 0.0004182 0.00095193
-0.0355991 0.152598 0.0442805 -4.635e-05 0.00058441 0.00106992
-0.0273575 0.00471369 0.0125305 0.00015574 0.00023076 0.00082687
-0.0332498 0.0480274 0.0602468 0.00049346 0.0004182 0.00100886
-0.04128 0.0816287 0.0068393 -0.00016096 0.0004182 0.00101369
-0.027106 0.0148877 0.0476265 0.00020148 0.0004182 0.00086
-0.0500076 0.140518 0.0392706 -2.29e-06 0.0004182 0.00116422
-0.0329434 0.0158542 0.0308132 0.00040691 0.0004182 0.00092168
-0.0398583 0.0915184 -0.0141097 -0.00052545 0.0005743 0.0011043
-0.0311497 -0.00169126 0.00731154 2.274e-05 0.0004182 0.00084963
-0.0433508 0.144671 0.012518 -0.00034437 0.0004182 0.00117297
-0.0341787 0.00200399 0.0113616 0.00023089 0.00030118 0.00075657
-0.0448403 0.0827039 0.0385929 -0.00025229 0.00053297 0.00119632
-0.0514367 0.0427206 0.00179267 -0.00025229 0.0004182 0.00111513
-0.0373398 0.0216556 0.0452165 0.00039591 0.00061792 0.00109095
-0.042571 0.102166 0.0125105 -8.105e-05 0.0004182 0.00121808
-0.037433 0.0214562 0.0190842 -0.0001177 0.00057687 0.00087036
-0.0550753 0.00216133 0.00528876 -0.00025229 0.00057781 0.00071566
-0.0339863 0.0786262 0.0231687 -0.00014812 0.00069957 0.00088222
-0.0387582 0.045073 -0.00465642 -0.00025229 0.0004182 0.00076629
-0.0322078 0.0012616 0.0163384 0.00013364 0.00048452 0.00069598
-0.0393903 0.055063 0.00664573 -0.00025229 0.00053138 0.00080234
-0.0315459 -0.00993568 0.0211408 0.00012886 0.00067765 0.000917
-0.0413084 0.0773511 0.0381503 -0.00034097 0.00089337 0.00086158
-0.0357132 0.00385992 0.00932974 -8.032e-05 0.00066539 0.00069717
-0.0306819 0.0146426 0.0420694 0.00010491 0.00101765 0.00080722
-0.0299925 0.0828669 0.0115498 -0.00049612 0.00085791 0.00087321
-0.0208444 0.00674949 0.0217801 -0.00011504 0.00100518 0.00071007
-0.0352379 0.131216 0.0327657 -0.00062918 0.00092362 0.00081435
-0.0251493 0.00111068 0.0048919 -9.515e-05 0.00069383 0.00057032
-0.0351771 0.0633274 0.042679 -0.00025229 0.00099958 0.00089231
-0.0297051 0.0764924 0.0125847 -0.0004141 0.00065877 0.000696
-0.0154044 0.00213106 0.0349852 -0.00015762 0.00111452 0.00054352
-0.030541 0.0896824 0.0413608 -0.00041585 0.00122697 0.00081602
-0.0155165 0.00175147 0.0142588 -0.00014839 0.00083602 0.00052722
-0.017805 0.0378049 0.0510925 -3.571e-05 0.00122427 0.00087176
-0.0232918 0.0891103 0.0382579 -0.00037268 0.00108602 0.00075611
-0.0188043 0.00569121 0.0667783 0.00024515 0.00116838 0.00059649
-0.0249775 0.151512 0.0631405 -0.00047896 0.00132822 0.00082135
-0.0133707 0.00486563 0.0592515 0.00017299 0.00108602 0.00049665
-0.0195552 0.11674 0.144306 -0.00034282 0.00127513 0.00088065
-0.0241103 0.0627733 0.0585598 -0.00025229 0.00126953 0.0008058
-0.0170582 0.0109908 0.0838191 0.00036227 0.00143715 0.00061797
-0.022148 0.116885 0.0770703 -9.023e-05 0.00130319 0.00087571
-0.00719861 0.0195984 0.0582809 0.00018509 0.00122811 0.00074363
-0.0214215 0.13467 0.0810109 -0.00046632 0.00139565 0.00087188
-0.00908705 0.0227016 0.0616285 0.00014319 0.00138909 0.00083391
-0.0258346 0.135472 0.0805099 -0.00034197 0.00164809 0.00091887
-0.011334 0.0133595 0.0208448 -6.398e-05 0.00091573 0.00056313
-0.0237624 0.0608059 0.0531021 -0.00055241 0.00147609 0.00081523
-0.0235511 0.0198107 0.0107123 -0.00025229 0.00108602 0.00045834
-0.0128558 0.00852543 0.0578859 -0.00025229 0.00153734 0.00066014
-0.0258501 0.128263 0.0300285 -0.00091093 0.00156728 0.00098166
-0.0124998 -0.00064112 0.0486401 -0.00018729 0.00156911 0.0006337
-0.028594 0.127195 0.0629946 -0.00078546 0.00148219 0.00088647
-0.0109587 0.0183788 0.0243756 -0.00035899 0.0012933 0.00056425
-0.0151682 0.111757 0.053342 -0.00059948 0.00155074 0.00090383
-0.0157518 0.0646742 0.0234358 -0.00052801 0.00127962 0.00087493
-0.0231152 0.0385659 0.0394495 -0.00025229 0.00163366 0.00078939
-0.0246728 0.089646 0.0140194 -0.00061567 0.00132867 0.00092879
-0.0196784 0.0220758 0.0468054 -9.717e-05 0.00152394 0.00085405
-0.0396079 0.127526 0.0346717 -0.00052583 0.00132294 0.00100746
-0.0185426 0.0213203 0.0215124 -0.00025229 0.00138366 0.00092382
-0.0286574 0.1159 0.0658263 -0.00051812 0.00158545 0.00101951
-0.0208716 0.0384221 0.0214643 -0.00045489 0.00126719 0.00099102
-0.0229394 0.0449947 0.0582248 -0.00046603 0.0015606 0.00105954
-0.0302499 0.129065 0.0374914 -0.0010496 0.0015606 0.00090258
-0.0589803 -0.0378449 -0.0133484 -0.00056525 0.0015606 0.00024616
-0.0509832 0.00978846 0.0850157 -0.00025229 0.00242709 0.00053302
-0.0565061 0.0663995 0.0611679 -0.00097626 0.00231677 0.00064364
-0.0393144 -0.00190599 0.0302613 -0.00044412 0.00196607 0.00033018
-0.03651 0.0133599 0.0581239 -0.00046203 0.00213234 0.00048609
-0.0261169 0.0198623 0.0418881 -0.0003663 0.00194133 0.00052395
-0.0305819 0.0751842 0.114088 -0.00069418 0.00235421 0.00096245
-0.0393804 0.0972677 0.0902542 -0.00096019 0.00214425 0.00094943
-0.0342089 0.0279145 0.0846514 -0.00025063 0.00232879 0.00086782
-0.057026 0.201803 0.068347 -0.00125952 0.00198779 0.00114875
-0.0410104 -0.00186159 0.0738596 -7.652e-05 0.00199285 0.00069677
-0.0462431 0.0846192 0.108486 -0.00086678 0.00214314 0.00102127
-0.0543703 0.0452514 0.0587357 -0.00055803 0.00198867 0.00079373
-0.0350651 0.00856678 0.132011 -4.617e-05 0.00181265 0.0006305
-0.0513554 0.16615 0.145411 -0.00115332 0.00212538 0.00094045
-0.0394313 0.027149 0.107378 -0.00042843 0.00224632 0.00063811
-0.033689 0.0889097 0.190094 -0.00075099 0.00212091 0.00098721
-0.0396095 0.148389 0.153434 -0.00116406 0.00207957 0.00089848
-0.0326028 0.0364502 0.135569 -0.00051931 0.00199366 0.00081988
-0.0490466 0.189227 0.137613 -0.00094057 0.00189931 0.00087065
-0.0380792 0.028531 0.141635 -0.00028224 0.00180626 0.00092311
-0.0557288 0.143638 0.186106 -0.00097294 0.00186554 0.00101792
-0.0526106 0.030154 0.0875784 -0.00049392 0.00222918 0.00080123
-0.0401821 0.0304427 0.15732 -0.00028587 0.00235853 0.00093461
-0.0547473 0.127888 0.124008 -0.00118525 0.00215721 0.00096324
-0.0346642 0.0205827 0.156446 -0.00012976 0.00207085 0.0007226
-0.0514649 0.144706 0.167682 -0.00115119 0.00214449 0.00095377
-0.054852 0.0503725 0.146457 -0.00132186 0.00189499 0.00049696
-0.0633047 -0.00399812 0.115109 -0.00041254 0.00254892 0.00041727
-0.0369952 0.0489097 0.154837 -0.00022117 0.00275304 0.00090011
-0.0661274 0.234377 0.133532 -0.00093514 0.00241777 0.00087641
-0.0421696 0.0106977 0.118986 6.24e-05 0.00246444 0.00064751
-0.0644249 0.127451 0.209631 -0.00092555 0.00234088 0.00084858
-0.069741 0.0290181 0.166039 -3.881e-05 0.00208415 0.00076299
-0.0532232 0.0192654 0.219075 -0.00020624 0.00254863 0.00065572
-0.0836603 0.103434 0.182305 -0.00079616 0.00244309 0.00084046
-0.0573217 0.00901425 0.202067 0.00018288 0.00246423 0.00060771
-0.0693113 0.154829 0.204916 -0.00069133 0.00256065 0.00093546
-0.0551498 0.0362509 0.20278 -0.00018681 0.00263747 0.00087051
-0.0930796 0.218068 0.233506 -0.00039701 0.00236531 0.00092104
-0.0683334 0.0473713 0.216302 9.598e-05 0.00247299 0.00075497
-0.0767202 0.229029 0.2554 -0.00045791 0.00214129 0.00081979
-0.0700537 0.0775146 0.196634 -0.0002781 0.00233458 0.00079235
-0.0683781 0.0864788 0.247771 -0.0002183 0.00257808 0.00089639
-0.0799784 0.15246 0.226521 -0.00052315 0.00231864 0.00084492
-0.0621502 0.0284185 0.215904 -7.11e-05 0.00249142 0.00087473
-0.0811295 0.129402 0.271361 -0.00027353 0.00255568 0.00091974
-0.081689 0.0903497 0.213936 -0.00025064 0.00234961 0.00086358
-0.0565714 0.0259636 0.220112 0.00014355 0.00258705 0.00068617
-0.0774776 0.187024 0.231982 -0.00058235 0.002615 0.0009794
-0.0683907 0.0879242 0.170269 2.199e-05 0.0024782 0.0008533
-0.0633901 0.0650909 0.225617 -9.823e-05 0.00257352 0.0010774
-0.0840122 0.212034 0.212797 -0.00070535 0.0022339 0.00083317
-0.0593967 0.0221218 0.20081 -9.758e-05 0.00258836 0.00071917
-0.0566352 0.154081 0.225499 -0.00064024 0.00274607 0.00096308
-0.0760508 0.128836 0.19926 -0.00051336 0.00251995 0.00082162
-0.0532922 0.020128 0.23868 0.00024695 0.00286749 0.00066211
-0.0814043 0.246046 0.292933 -0.00059816 0.00283611 0.00088986
-0.081871 0.0588352 0.230344 -0.00021419 0.00265857 0.00068291
-0.0867785 0.119361 0.284206 -0.00020064 0.00287918 0.00079832
-0.0762284 0.147737 0.234236 -0.00048149 0.0025202 0.00081823
-0.0562358 0.0437682 0.244705 4.771e-05 0.00278277 0.00083462
-0.0744185 0.219632 0.235663 -0.00052656 0.00276685 0.00094192
-0.0614163 0.0499243 0.235413 0.00015075 0.00263112 0.00064086
-0.0741013 0.204456 0.244202 -0.0002763 0.00269801 0.00080828
-0.0492308 0.0940029 0.214231 -0.00013042 0.00313342 0.00069143
-0.0599491 0.164361 0.25847 -0.00020462 0.00279336 0.00087723
-0.0596184 0.163586 0.247159 -0.00020567 0.00275709 0.00080263
-0.0316971 0.0501852 0.271104 0.00021947 0.00317791 0.00094954
-0.0533302 0.256931 0.27936 -0.00050047 0.00322056 0.00081076
-0.0344544 0.0536519 0.278552 0.00023796 0.00323965 0.00090748
-0.0535902 0.176046 0.295586 -0.00014737 0.00321507 0.00090361
-0.0556941 0.159822 0.266094 -0.00014471 0.0029601 0.00085053
-0.0427803 0.0618888 0.300336 8.964e-05 0.00314514 0.00090708
-0.0547649 0.231741 0.277042 -8.564e-05 0.00300909 0.00094063
-0.0312016 0.0514681 0.249722 0.00025013 0.00305271 0.00098972
-0.0606279 0.18343 0.251201 -0.00094419 0.0030253 0.0010361
-0.0555056 0.0722947 0.238801 -0.00042948 0.00271413 0.00085444
-0.0501841 0.0218189 0.246814 -9.994e-05 0.00325094 0.00049071
-0.0682296 0.391328 0.581141 0.00230693 0.00588467 0.00177202
-0.169362 0.295611 0.365497 0.00071808 0.00068716 0.00025794
-0.114949 0.227189 0.197271 0.00151496 0.00150828 0.0005408
-0.0965918 0.0968743 0.285 0.00124408 0.00212574 0.00061276
-0.100194 0.227689 0.264404 0.00098194 0.00198262 0.00073603
-0.0993934 0.158155 0.177934 0.00097676 0.00193982 0.00072352
-0.0879846 0.0572998 0.197163 0.00121211 0.00212948 0.00058741
-0.104225 0.213362 0.208293 0.00074805 0.00190897 0.00081901
-0.10201 0.186901 0.181584 0.00042603 0.00180863 0.00075097
-0.0940872 0.0452817 0.210457 0.00072468 0.00199791 0.00057418
-0.120462 0.240506 0.212328 -0.00019655 0.00153589 0.0003873
-0.130408 0.0729905 0.156049 0.00061693 0.00180242 0.00029818
-0.128884 0.0189501 0.191776 -0.0003396 0.00240167 0.00010011
-0.120629 0.0876462 0.23441 0.00045487 0.00283514 0.00034514
-0.10989 0.167679 0.242465 0.00104473 0.00263143 0.00050717
-0.143912 0.326937 0.252646 0.00064112 0.00239539 0.00044327
-0.109101 0.084334 0.198924 0.00117747 0.00267093 0.00043048
-0.139292 0.301343 0.259512 0.00043697 0.00283474 0.00067752
-0.14056 0.0901799 0.201581 0.00072314 0.00293109 0.0005443
-0.128447 0.0228548 0.263537 0.00049434 0.00307299 0.00031269
-0.121873 0.0490114 0.28608 -0.00021306 0.00345301 0.00034006
-0.117588 0.242574 0.269175 0.00127963 0.00364727 0.00053022
-0.11869 0.360275 0.206246 0.0007664 0.00319408 0.00049319
-0.105714 0.109683 0.275187 0.00082104 0.00324149 0.00048601
-0.121065 0.344075 0.289787 0.00081191 0.00332744 0.00059432
-0.126274 0.244189 0.25613 0.00062766 0.00304329 0.00061529
-0.124051 0.125977 0.302792 0.00035822 0.00317033 0.00059902
-0.146489 0.288648 0.310014 -0.00029603 0.00314994 0.0004139
-0.123305 0.0362241 0.319919 0.00031704 0.00313995 0.00028988
-0.138646 0.151431 0.382244 0.00040894 0.00343268 0.00027906
-0.144634 0.170871 0.342245 0.00043178 0.00337957 0.00034665
-0.127859 0.168746 0.391105 0.00038543 0.0034869 0.00028486
-0.146026 0.281738 0.383731 0.00018441 0.00336419 8.274e-05
-0.121808 0.213501 0.411872 0.00035851 0.00357201 0.00022277
-0.132774 0.285615 0.408907 0.00034305 0.00360636 0.00028558
-0.132473 0.296766 0.432425 0.00021213 0.00357192 0.00029499
-0.143193 0.321562 0.400278 -0.00014632 0.003337 0.00038613
-0.124056 0.146489 0.39319 0.00050752 0.00345596 0.00039486
-0.133705 0.285118 0.423543 7.882e-05 0.00346746 0.00030183
-0.129951 0.164973 0.362394 8.462e-05 0.00333997 0.00034895
-0.11903 0.129893 0.409655 0.00034581 0.00354475 0.00040547
-0.139737 0.29473 0.417648 -0.00019568 0.00354741 0.00036827
-0.12517 0.129309 0.382081 0.00017396 0.00328629 0.00034018
-0.127221 0.260918 0.442042 -3.667e-05 0.00343365 0.00039391
-0.1323 0.235251 0.375151 -0.00022229 0.00326811 0.00026056
-0.145721 0.210243 0.387791 -0.00010815 0.00357163 0.00020892
-0.148203 0.297256 0.351218 -0.00045264 0.00313281 0.00011528
-0.150652 0.0401985 0.340391 -0.00061283 0.00320687 -0.00010864
-0.12472 0.199566 0.388524 -0.00012425 0.00409622 5.661e-05
-0.147466 0.382731 0.389802 -0.00026627 0.00383289 0.00014155
-0.126565 0.11996 0.360348 0.00060805 0.00359313 0.00010517
-0.147507 0.281195 0.414498 2.74e-05 0.00378613 0.00022578
-0.143842 0.15919 0.35935 0.00040696 0.00379683 8.66e-05
-0.138077 0.164929 0.415517 0.00063794 0.00393234 0.00031299
-0.167028 0.396485 0.449092 -1.393e-05 0.00439355 0.00028149
-0.151733 0.156507 0.402949 0.00070958 0.00387921 0.00020213
-0.151667 0.281874 0.43599 0.00066887 0.00418916 0.00028445
-0.149391 0.327947 0.388913 0.00019058 0.00382568 0.00020632
-0.139593 0.14944 0.390722 0.0007936 0.00396424 0.0001426
-0.163679 0.366406 0.42963 0.00021851 0.00388789 0.00021417
-0.146449 0.169286 0.374805 0.00064247 0.00388744 0.00017168
-0.14819 0.257361 0.454592 0.00056597 0.00404237 0.0002093
-0.143582 0.281721 0.397015 0.00027524 0.00366372 0.00012878
-0.141482 0.197156 0.417811 0.00044384 0.00398717 0.00016984
-0.134931 0.262031 0.426241 0.00047891 0.00395544 0.00030244
-0.147432 0.288984 0.451778 0.00045503 0.00412404 0.00019252
-0.141854 0.332981 0.382276 0.00021895 0.00404091 0.00014815
-0.123228 0.16272 0.407142 0.00073367 0.00401366 0.00023873
-0.135197 0.451633 0.428783 0.00069212 0.00487643 0.00022188
-0.127112 0.172172 0.368174 0.00074843 0.00388619 0.00034546
-0.132469 0.268393 0.456571 0.00066949 0.00414415 0.00030752
-0.142385 0.274812 0.410239 0.00034314 0.00406846 0.00022568
-0.123842 0.13902 0.404278 0.00078776 0.00398384 0.00026668
-0.137566 0.387853 0.481789 0.00022878 0.00421448 0.00025669
-0.138207 0.245835 0.403881 0.00044579 0.00391074 0.00020812
-0.139632 0.32025 0.431248 0.00089906 0.00403696 0.00016381
-0.15189 0.376755 0.425429 0.00060469 0.00413045 0.00013044
-0.14489 0.208903 0.421945 0.00096289 0.00412601 0.000166
-0.159534 0.433249 0.432378 0.00044976 0.00418875 0.0001944
-0.147729 0.149662 0.38056 0.00099771 0.00439532 0.00022922
-0.149993 0.258753 0.465161 0.00097232 0.00462643 0.00030753
-0.156491 0.33034 0.420117 0.00062792 0.00408721 0.00019863
-0.138551 0.181975 0.438372 0.00097551 0.00410309 0.00012909
-0.170732 0.402385 0.495875 0.00097198 0.0051519 0.00013453
-0.160311 0.274818 0.413966 0.00068739 0.00409119 0.00026411
-0.165879 0.313891 0.468168 0.000916 0.00464102 6.548e-05
-0.173708 0.390282 0.43161 0.00077326 0.00450546 8.76e-05
-0.162299 0.152953 0.454354 0.00092793 0.00444242 0.00023525
-0.191532 0.358009 0.506448 0.0010054 0.00537003 0.000165
-0.157507 0.159678 0.425507 0.00079899 0.00437252 3.59e-05
-0.182016 0.285281 0.502635 0.00138533 0.00576525 -9.07e-06
-0.190423 0.375651 0.506191 0.00084697 0.00536509 0.0001604
-0.18973 0.23702 0.520599 0.00138492 0.00582886 3.424e-05
-0.206359 0.41594 0.577666 0.00104264 0.00592845 2.811e-05
-0.183382 0.256378 0.48197 0.00091857 0.00499158 0.00010921
-0.195729 0.347499 0.561835 0.00135913 0.00583262 6.887e-05
-0.181463 0.328873 0.45178 0.0007241 0.00456801 0.00012017
-0.171475 0.183873 0.470962 0.00096352 0.00501834 6.562e-05
-0.174489 0.341084 0.448876 0.00058463 0.00488629 0.00010776
-0.140588 0.158552 0.413235 0.00090123 0.00463445 1.942e-05
-0.174988 0.336911 0.439869 0.00100951 0.00492979 -3.127e-05
-0.180725 0.301368 0.379856 0.00068332 0.00441413 -3.147e-05
-0.160707 0.204091 0.388878 0.0013064 0.00458203 3.848e-05
-0.193175 0.367663 0.487138 0.00146925 0.00544847 -5.244e-05
-0.172297 0.250463 0.411268 0.00137729 0.00446802 -9.588e-05
-0.167054 0.242699 0.456358 0.00045753 0.00487512 -0.00020322
-0.192456 0.218172 0.485447 0.00106607 0.00591736 -0.00051606
-0.163029 0.294206 0.490503 0.00341416 0.00703831 4.797e-05
-0.198898 0.600038 0.502648 0.00204673 0.00696168 -5.112e-05
-0.176918 0.15224 0.394123 0.00218915 0.00629609 3.57e-06
-0.18728 0.254608 0.468305 0.00275482 0.00682502 9.092e-05
-0.192571 0.305049 0.408917 0.00155624 0.00569361 -8.098e-05
-0.17366 0.0857832 0.457048 0.00254893 0.00671677 -0.00022855
-0.209683 0.351234 0.515102 0.00236692 0.00710579 -0.00034282
-0.212373 0.233957 0.452445 0.00215592 0.0067893 -0.0004798
-0.202076 0.284405 0.489086 0.00240592 0.00697649 -0.00032051
-0.199019 0.387367 0.490816 0.00239089 0.0068085 -0.00038788
-0.184015 0.347697 0.483019 0.00266015 0.00696898 -0.00024271
-0.198245 0.522013 0.571914 0.00198365 0.00693871 -0.00033845
-0.174912 0.301099 0.671657 0.00139222 0.00746565 -9.549e-05
-0.181808 0.361759 0.744448 0.00208667 0.00808355 -0.00015
-0.194592 0.48429 0.66262 0.00129655 0.00716827 9.383e-05
-0.175923 0.206189 0.629457 0.00135694 0.00700843 0.00016704
-0.186497 0.265999 0.70025 0.0014493 0.00748638 6.544e-05
-0.184914 0.276285 0.652524 0.0014493 0.00698455 4.56e-05
-0.188024 0.287177 0.684189 0.00164292 0.00720336 -3.804e-05
-0.192559 0.423064 0.65151 0.00119417 0.00689069 6.448e-05
-0.169845 0.27371 0.684478 0.00161016 0.00721304 -0.0001254
-0.19832 0.514273 0.689246 0.00138744 0.00742464 -0.00010891
-0.182834 0.319308 0.644887 0.00144772 0.00701204 -0.00019171
-0.176022 0.338576 0.702195 0.00149221 0.00740923 -0.00020944
-0.189873 0.47628 0.671046 0.00099873 0.00718774 -8.621e-05
-0.165608 0.264006 0.638283 0.00154354 0.00707635 -0.00011872
-0.180313 0.362611 0.713414 0.00157058 0.00745408 -0.00012063
-0.17261 0.306889 0.660332 0.00141049 0.00713133 -7.931e-05
-0.185587 0.382857 0.730519 0.00160746 0.00746993 -9.137e-05
-0.183571 0.36682 0.653887 0.00115603 0.00722409 -6.435e-05
-0.173537 0.252374 0.674792 0.00152002 0.00742275 -0.00016436
-0.179254 0.472242 0.692439 0.00115466 0.0076467 -0.00015497
-0.183331 0.317092 0.65093 0.00101595 0.00726387 -0.00017531
-0.181914 0.262159 0.694392 0.00136216 0.00760483 -0.00027806
-0.194182 0.427214 0.702073 0.00099037 0.00739292 -0.00028037
-0.18592 0.264309 0.660955 0.00124995 0.00741341 -0.00025166
-0.19573 0.386011 0.703338 0.00118352 0.00756722 -9.519e-05
-0.194875 0.389613 0.642908 0.00108526 0.00707768 -0.000136
-0.188481 0.274553 0.682289 0.00163258 0.00751587 -0.00012977
-0.205744 0.458679 0.680416 0.00092825 0.00745433 -0.00020996
-0.18863 0.238941 0.655894 0.00144341 0.00721474 -0.00030621
-0.216846 0.426915 0.710883 0.00105747 0.00740211 -0.00030775
-0.189907 0.254575 0.64941 0.00134526 0.00730481 -0.00015449
-0.211868 0.417773 0.717483 0.00120803 0.00751918 -0.00019767
-0.212658 0.329984 0.63792 0.00102463 0.00712903 -0.00018144
-0.186882 0.295701 0.661408 0.00125343 0.0073672 -0.00011439
-0.203851 0.496817 0.686784 0.00094591 0.00743142 -0.00021957
-0.190417 0.305229 0.635641 0.00139499 0.00728273 -0.00024715
-0.185711 0.345161 0.72002 0.00196193 0.0083221 0.00010124
-0.160326 0.383216 0.723013 0.00107843 0.00779067 -2.892e-05
-0.164701 0.292115 0.737749 0.00140741 0.00765373 -0.00013976
-0.191992 0.453694 0.727647 0.0009039 0.00761884 -0.00016859
-0.17633 0.250766 0.704004 0.00142765 0.00755489 -0.00016983
-0.189297 0.383547 0.759862 0.00136743 0.00778895 -0.00011336
-0.202036 0.384477 0.705952 0.00125139 0.00755927 -6.317e-05
-0.195274 0.308224 0.74326 0.00152582 0.00783819 -0.00025541
-0.209523 0.466043 0.740654 0.00114255 0.00777655 -0.0002115
-0.183824 0.298773 0.688933 0.00116552 0.00756741 -5.691e-05
-0.20463 0.4705 0.731363 0.00069762 0.0076121 -1.321e-05
-0.186179 0.260619 0.659016 0.00124358 0.00743417 -0.00020839
-0.202231 0.358814 0.731 0.00145504 0.00765891 -8.558e-05
-0.206152 0.352184 0.679914 0.00124778 0.00746706 -0.00024491
-0.192079 0.268364 0.697475 0.00173292 0.00751314 -0.0002406
-0.200932 0.426894 0.706908 0.00104697 0.00744977 -0.0001191
-0.169975 0.261126 0.667173 0.00146777 0.00731048 -0.00022005
-0.19549 0.449289 0.755882 0.00107303 0.00776937 -0.00021953
-0.182306 0.350771 0.683637 0.0013443 0.00731393 -0.00035792
-0.185972 0.356968 0.74838 0.00133917 0.00760705 -0.00014241
-0.182097 0.392597 0.693053 0.00090849 0.00724652 -0.00032279
-0.176356 0.320031 0.718385 0.00114629 0.00755739 -0.00017189
-0.192967 0.440666 0.725606 0.00090918 0.00749548 -0.00012382
-0.176117 0.239227 0.690817 0.00159036 0.00753989 -0.00020843
-0.19314 0.434183 0.748259 0.00101133 0.00777606 -0.00012629
-0.17794 0.296198 0.662519 0.00100721 0.00728438 -0.00019996
-0.189469 0.388375 0.726598 0.00081302 0.00762213 -0.00019111
-0.189512 0.366383 0.663697 0.00082433 0.00727247 -0.00013893
-0.173408 0.275139 0.684681 0.00124545 0.00743502 -0.00014866
-0.195595 0.453916 0.691374 0.00075155 0.00739942 -0.00012801
-0.177299 0.258364 0.648222 0.00145876 0.00723239 -0.0001209
-0.200495 0.436294 0.734932 0.00124468 0.00775471 -0.00020994
-0.191351 0.315834 0.669282 0.00128907 0.00725754 -0.00017214
-0.196165 0.359534 0.705534 0.00144511 0.00769031 2.041e-05
-0.187711 0.419593 0.643971 0.00116951 0.00728351 -8.428e-05
-0.170004 0.260384 0.65112 0.00147282 0.00723293 0.00011598
-0.180537 0.457134 0.68507 0.00082697 0.00750362 3.367e-05
-0.171556 0.276654 0.612935 0.00115592 0.00711488 -5e-06
-0.172453 0.300953 0.669246 0.00122382 0.00744593 1.16e-06
-0.190109 0.435259 0.651159 0.00087949 0.0072389 -7.238e-05
-0.178615 0.220893 0.616151 0.00139433 0.00725047 -0.00014641
-0.188762 0.378285 0.69333 0.00126161 0.0075514 -8.223e-05
-0.187244 0.356396 0.638794 0.00126524 0.00705774 3.27e-06
-0.192142 0.295674 0.677536 0.00178275 0.00757027 4.414e-05
-0.195508 0.42441 0.668245 0.00104571 0.00732887 2.296e-05
-0.185641 0.251802 0.628639 0.00149788 0.00717042 -4.414e-05
-0.195597 0.415224 0.693258 0.00120462 0.00752077 -9.553e-05
-0.190696 0.311424 0.610406 0.00111681 0.007113 -3.518e-05
-0.180327 0.27922 0.645108 0.00138599 0.00728437 -0.00017316
-0.196382 0.436076 0.662774 0.00088633 0.00739801 -5.895e-05
-0.181413 0.240881 0.597538 0.00137793 0.00702339 -7.293e-05
-0.195565 0.390722 0.678834 0.0007755 0.0072539 6.089e-05
-0.191975 0.31031 0.606974 0.00066992 0.00697068 -6.795e-05
-0.180826 0.272983 0.639147 0.00110344 0.00717001 -0.00012077
-0.196276 0.416425 0.643116 0.00057667 0.00729525 4.049e-05
-0.184488 0.218576 0.621256 0.00117607 0.00714443 -3.078e-05
-0.200136 0.419941 0.669576 0.00075044 0.00757647 -5.736e-05
-0.17442 0.236228 0.600845 0.00086934 0.00713395 4.493e-05
-0.193396 0.432341 0.663924 0.00070931 0.00741229 3.276e-05
-0.179366 0.326321 0.598875 0.00081719 0.00700328 2.598e-05
-0.167865 0.24816 0.630434 0.00077493 0.00703723 -4.643e-05
-0.171018 0.304984 0.574857 0.00044659 0.00684601 -0.00021505
-0.162031 0.287148 0.65444 0.0022946 0.00825735 -8.069e-05
-0.180999 0.520776 0.729027 0.00171025 0.00835439 0.0001114
-0.184253 0.373348 0.654382 0.00194828 0.0078367 9.288e-05
-0.180098 0.294344 0.675964 0.00228461 0.00778112 0.00018937
-0.195663 0.732702 0.750888 0.00209609 0.00851193 0.00048212
-0.16748 0.431773 0.805064 0.00164494 0.0082975 0.00069754
-0.149013 0.0497826 0.804171 0.00178722 0.00850659 0.00035336
-0.172097 0.260314 0.899937 0.00228329 0.00950843 8.37e-06
-0.191771 0.502341 0.868387 0.00228367 0.00861269 -4.095e-05
-0.180845 0.488176 0.875986 0.00250745 0.00938296 -8.382e-05
-0.180723 0.576715 0.923119 0.00268616 0.0095211 1.591e-05
-0.190323 0.647077 0.920328 0.00303114 0.00963617 9.93e-06
-0.189289 0.648902 0.914606 0.00294001 0.00927687 4.658e-05
-0.180871 0.507191 0.895947 0.00243584 0.00932426 5.831e-05
-0.189696 0.505176 0.883233 0.00170606 0.00925261 0.00012927
-0.204408 0.330148 0.828038 0.00102244 0.00854816 -0.00013292
-0.207928 0.229271 0.865559 0.00170606 0.00997169 -0.00034738
-0.215556 0.358596 0.883769 0.00292246 0.0100435 -9.83e-05
-0.213393 0.425226 0.829366 0.00226093 0.00874153 -0.00020542
-0.198089 0.215308 0.859059 0.00251785 0.00978023 -0.0003622
-0.233033 0.560451 0.956046 0.00246944 0.0107848 -0.00029021
-0.214481 0.445874 0.898489 0.00235508 0.00984885 -0.00033554
-0.207339 0.400328 0.94079 0.00266875 0.0108154 -0.00037356
-0.229908 0.673073 0.924779 0.00239373 0.0105802 -0.00038629
-0.207961 0.409223 0.873941 0.00251006 0.010141 -0.00049689
-0.231296 0.556568 0.929584 0.00258324 0.0110387 -0.00049029
-0.227033 0.550254 0.86317 0.00194531 0.00972065 -0.00042222
-0.218506 0.373986 0.895148 0.0026716 0.0105625 -0.00054181
-0.218898 0.414249 0.917118 0.00274779 0.0104661 -0.00043917
-0.241573 0.56659 0.975631 0.00234552 0.011074 -0.0003745
-0.225823 0.390208 0.878711 0.00196301 0.00992419 -0.00050051
-0.221376 0.348181 0.892883 0.00210018 0.010538 -0.00044272
-0.245736 0.555801 0.959901 0.00214497 0.0110324 -0.00029537
-0.224655 0.383039 0.941316 0.00208712 0.0109582 -0.00040452
-0.241294 0.566257 1.05421 0.0016852 0.0119614 -0.00046877
-0.226145 0.455514 0.964411 0.0016421 0.0109944 -0.0005508
-0.225715 0.39587 1.00179 0.0022532 0.0115938 -0.00042541
-0.238691 0.570448 1.03731 0.00153835 0.0119318 -0.00061489
-0.222019 0.365094 1.00402 0.00212298 0.0118026 -0.00071648
-0.234161 0.546459 1.06999 0.00204868 0.0121325 -0.00066693
-0.213376 0.433135 0.997493 0.00189251 0.0119477 -0.00080223
-0.211626 0.428476 1.10089 0.00160511 0.0127621 -0.00070328
-0.227101 0.599417 1.07486 0.00084572 0.0124287 -0.00083827
-0.211978 0.387284 1.03166 0.00168965 0.0124122 -0.00092876
-0.215412 0.517061 1.09726 0.00165353 0.0124659 -0.0008322
-0.207432 0.474417 1.00326 0.0018034 0.0121722 -0.00082715
-0.214465 0.427299 1.05302 0.00215396 0.0125624 -0.00087643
-0.218067 0.572286 1.04728 0.00126045 0.0123042 -0.00080051
-0.196006 0.363496 1.02951 0.00180774 0.0121602 -0.00082438
-0.209225 0.510844 1.08406 0.00105353 0.0125797 -0.00088175
-0.201034 0.479295 0.99679 0.00072076 0.0123405 -0.00093778
-0.197394 0.372404 1.05021 0.00114187 0.012427 -0.00076692
-0.211087 0.548797 1.09576 0.00100817 0.0126633 -0.00077004
-0.203054 0.424774 1.05119 0.00145226 0.0125479 -0.00095228
-0.222294 0.572143 1.11421 0.00097651 0.0130297 -0.0006948
-0.20245 0.428134 0.976163 0.00119876 0.0122685 -0.0008417
-0.207672 0.43046 1.01103 0.0016065 0.0126748 -0.00090038
-0.223941 0.62915 1.13551 0.0003616 0.0128129 -0.00069387
-0.215216 0.41298 1.18124 0.00075991 0.0128899 -0.00050763
-0.233069 0.526118 1.24603 0.00022545 0.0128981 -0.00059878
-0.210254 0.415815 1.18072 0.00075087 0.0129424 -0.00074074
-0.215316 0.496464 1.27761 0.00041378 0.0129938 -0.00061274
-0.215733 0.500618 1.20253 0.00063338 0.0129741 -0.00070276
-0.215645 0.493465 1.2581 0.00057708 0.0130728 -0.00064992
-0.215881 0.519921 1.2304 0.0003226 0.0129508 -0.00075449
-0.215546 0.523202 1.24647 0.00062039 0.0130892 -0.00060158
-0.235919 0.689317 1.29036 -0.00050243 0.0129095 -0.00065305
-0.209405 0.38064 1.15496 0.00043879 0.0126647 -0.0007597
-0.221943 0.509451 1.23975 -0.00073063 0.0129209 -0.00043411
-0.231086 0.527783 1.16039 -0.00090965 0.0127004 -0.00061052
-0.207902 0.290547 1.21783 -0.00016228 0.0126914 -0.00056702
-0.230483 0.579846 1.2828 -0.00088689 0.0127518 -0.00050256
-0.211639 0.382581 1.21197 -6.8e-07 0.0126788 -0.00070538
-0.231113 0.526844 1.30514 -0.00019069 0.0130686 -0.00052224
-0.223334 0.535495 1.23293 -8.97e-06 0.0128841 -0.00044664
-0.228173 0.569993 1.2957 -0.00019554 0.0128374 -0.00049347
-0.236547 0.611018 1.24922 -0.00028218 0.0129269 -0.00059865
-0.230654 0.497154 1.26381 0.00028386 0.012813 -0.00048363
-0.23853 0.615981 1.2376 2.845e-05 0.0127498 -0.0006026
-0.232181 0.405194 1.20001 0.00045339 0.0130731 -0.00075313
-0.229929 0.545332 1.2579 -0.00015238 0.0129242 -0.00026834
-0.224348 0.433944 1.19666 0.000168 0.0128945 -0.00040117
-0.221182 0.467821 1.25373 0.00025817 0.0131535 -0.00056806
-0.230113 0.623845 1.27896 -0.00065339 0.012691 -0.00043468
-0.217716 0.422046 1.182 0.00031349 0.0130568 -0.00072598
-0.22147 0.611314 1.25424 -0.00037166 0.0131211 -0.00047017
-0.211542 0.477807 1.14094 0.00035893 0.0126172 -0.00070049
-0.223604 0.512184 1.22314 0.00057901 0.0131632 -0.00064347
-0.220002 0.558158 1.16563 0.00010997 0.0129889 -0.00076965
-0.202019 0.393893 1.22203 0.00056796 0.0130497 -0.00063961
-0.218284 0.631921 1.29168 -0.00078618 0.0132498 -0.00061468
-0.205255 0.434114 1.17797 0.00026096 0.0128692 -0.0005551
-0.210316 0.496135 1.26891 -0.00015172 0.0130947 -0.00052554
-0.207802 0.466892 1.1702 0.00038165 0.0127257 -0.00066483
-0.211321 0.581127 1.23707 6.04e-06 0.01319 -0.00062566
-0.21321 0.543845 1.15133 0.00044365 0.012803 -0.00064337
-0.209214 0.456684 1.21407 0.00068333 0.0131614 -0.00054852
-0.22371 0.608252 1.22961 0.00011487 0.0133065 -0.00069503
-0.214786 0.412326 1.17393 0.00073647 0.0131987 -0.00069471
-0.226637 0.602085 1.25488 -4.579e-05 0.0130969 -0.00068867
-0.214022 0.432433 1.20348 0.00040307 0.013052 -0.00064608
-0.230758 0.596844 1.32026 -0.00046049 0.0128575 -0.00054286
-0.231489 0.48217 1.22772 -0.00021426 0.0129698 -0.00058501
-0.221647 0.412739 1.23848 -8.44e-05 0.0132576 -0.00073593
-0.223682 0.615243 1.23649 -0.0004392 0.013145 -0.00061505
-0.209414 0.406129 1.20071 0.00041348 0.01288 -0.00054287
-0.21939 0.603741 1.25874 -0.00011048 0.0130638 -0.00054332
-0.219691 0.498875 1.19188 0.00055704 0.0132225 -0.00064908
-0.22074 0.470185 1.25116 0.00079187 0.0133177 -0.00061122
-0.230441 0.622089 1.25303 9.37e-05 0.0128456 -0.00047601
-0.221735 0.421714 1.17052 0.00088322 0.0129047 -0.00064431
-0.223785 0.532019 1.24115 0.00015783 0.0130501 -0.00058582
-0.230927 0.506026 1.22819 -0.00059452 0.0129417 -0.00050583
-0.24311 0.388227 1.157 -0.00025928 0.0132431 -0.00095677
-0.233889 0.43382 1.1266 0.00159297 0.0134686 -0.00094127
-0.237889 0.666984 1.2373 0.00040815 0.0139824 -0.00055123
-0.234641 0.440682 1.13761 0.00106559 0.0138853 -0.00098937
-0.239328 0.402036 1.2613 0.00012356 0.0141147 -0.00088767
-0.264527 0.591345 1.31955 -0.00134854 0.0140535 -0.00102923
-0.250809 0.319009 1.28638 -0.00078672 0.0140576 -0.00106205
-0.253419 0.497563 1.31586 2.051e-05 0.0146805 -0.00078323
-0.255848 0.510644 1.25978 9.895e-05 0.0142239 -0.00083308
-0.238315 0.359942 1.25655 0.00061151 0.0141989 -0.00094347
-0.250166 0.60863 1.38269 -0.00044722 0.0143358 -0.00080771
-0.252543 0.556336 1.25725 -0.00020115 0.0140302 -0.0008552
-0.25131 0.463373 1.27367 0.00038661 0.014507 -0.00098416
-0.260335 0.654344 1.31776 9.878e-05 0.0141702 -0.00079892
-0.250777 0.444701 1.24205 0.00088314 0.0143868 -0.00089955
-0.263634 0.616453 1.35917 -0.00030482 0.0145974 -0.00075324
-0.253568 0.46388 1.27857 0.00031479 0.0142756 -0.00074896
-0.256571 0.465933 1.32696 0.00045257 0.0148015 -0.00072143
-0.264172 0.517554 1.28908 -0.00020051 0.0142817 -0.00073875
-0.267272 0.372328 1.27749 0.00068615 0.0143287 -0.00094549
-0.27111 0.554935 1.31807 3.395e-05 0.0140071 -0.00069956
-0.254675 0.451372 1.2733 0.00027101 0.0142057 -0.00090965
-0.273464 0.627594 1.34509 6.244e-05 0.0145353 -0.00081593
-0.256102 0.539428 1.24753 0.000389 0.0136747 -0.00091385
-0.250489 0.46743 1.2978 0.00067829 0.0145261 -0.00076326
-0.278691 0.644473 1.31759 -0.0001317 0.0140893 -0.00069292
-0.250061 0.37117 1.2337 0.00089742 0.0140767 -0.0007961
-0.259289 0.541285 1.35489 1.982e-05 0.0146081 -0.00086101
-0.255634 0.506047 1.29366 -0.00023606 0.0142854 -0.00096979
-0.248678 0.415744 1.34006 0.00016555 0.0146697 -0.0008542
-0.270256 0.618299 1.39468 -0.0004962 0.0144274 -0.00083025
-0.249749 0.42498 1.30218 1.684e-05 0.0141956 -0.00071732
-0.263845 0.549623 1.40191 -0.00023634 0.0144032 -0.00092469
-0.256028 0.61355 1.34008 -0.00057534 0.014362 -0.00081187
-0.238435 0.378942 1.20855 -9.972e-05 0.0142541 -0.00088324
-0.246546 0.421961 1.28884 -0.00033872 0.0144402 -0.0011128
-0.240383 0.666954 1.28194 -0.00040926 0.014147 -0.00070677
-0.225897 0.46652 1.20455 0.00025922 0.0140759 -0.00076928
-0.2425 0.551959 1.32812 9.666e-05 0.0147975 -0.0008507
-0.23592 0.588011 1.28281 -0.00013633 0.0142028 -0.00090566
-0.226105 0.431263 1.29072 0.00039622 0.0143592 -0.00075469
-0.245525 0.650335 1.37038 -0.00042966 0.0145578 -0.00073976
-0.213315 0.436723 1.26217 0.00050583 0.014246 -0.00064039
-0.219484 0.606893 1.36701 -0.00078025 0.014569 -0.00073501
-0.22668 0.687486 1.32378 -0.00259965 0.0145097 -0.00072982
-0.2706 0.292615 1.26067 -0.00201303 0.0143193 -0.00110571
-0.281562 0.206693 1.24343 -0.00083207 0.0148532 -0.00127568
-0.2644 0.34677 1.20517 0.00097685 0.0153305 -0.00115613
-0.257444 0.537418 1.19602 0.00062524 0.0148605 -0.00128809
-0.260633 0.421735 1.15228 0.00118206 0.0152321 -0.00148217
-0.259123 0.475668 1.17713 0.00145264 0.0153044 -0.00141964
-0.270905 0.52991 1.19621 0.001058 0.015541 -0.00125253
-0.270656 0.554184 1.20273 0.0011463 0.0152625 -0.0013167
-0.265292 0.651969 1.24805 0.00022098 0.0152084 -0.00103789
-0.247267 0.419945 1.17728 0.00057308 0.014939 -0.00114807
-0.251848 0.385668 1.20052 0.00093326 0.0146737 -0.00119472
-0.253095 0.562245 1.20605 0.00040752 0.0145771 -0.00106605
-0.231901 0.289207 1.16811 0.00107294 0.0146659 -0.00124495
-0.244858 0.402635 1.19692 0.0003516 0.0148301 -0.00133169
-0.252474 0.508523 1.18748 -0.00016685 0.0143285 -0.00113455
-0.229718 0.347786 1.22989 -6.063e-05 0.0145663 -0.00130904
-0.245564 0.614839 1.25407 -0.00014816 0.0148834 -0.0010336
-0.235999 0.535038 1.17533 -0.00021874 0.0140023 -0.00130725
-0.231429 0.375722 1.23978 -3.604e-05 0.0144175 -0.00153253
-0.243628 0.518584 1.2342 -0.00012499 0.014767 -0.0015275
-0.240758 0.586554 1.23128 -4.58e-05 0.014864 -0.00134087
-0.238724 0.529994 1.21618 0.00044211 0.0147527 -0.0011656
-0.240913 0.553997 1.25973 0.00054916 0.0152654 -0.00115708
-0.226337 0.619832 1.21669 -0.00011357 0.0150301 -0.00108398
-0.223311 0.32223 1.21426 0.00012222 0.0147256 -0.00121288
-0.225654 0.542881 1.28039 -0.00083201 0.0150264 -0.00089552
-0.215382 0.407588 1.19838 -0.0006108 0.0145821 -0.00102937
-0.2265 0.278666 1.25686 -0.00018823 0.0149753 -0.00110403
-0.237791 0.592933 1.26676 -0.00085484 0.0149919 -0.00094568
-0.225849 0.420664 1.18502 -8.504e-05 0.0147161 -0.00100506
-0.228724 0.489311 1.26006 0.00014464 0.014899 -0.00113801
-0.225234 0.647113 1.2459 -0.00040552 0.014714 -0.00097175
-0.202832 0.473625 1.21206 -2.568e-05 0.0144148 -0.0009824
-0.226281 0.61674 1.2792 -0.0005505 0.0151175 -0.00109173
-0.225649 0.548532 1.20728 -0.00034799 0.0146443 -0.00109886
-0.22517 0.392602 1.2185 -0.00016078 0.0147306 -0.00087798
-0.225756 0.567092 1.23815 -0.0009041 0.0148935 -0.00100878
-0.226362 0.352365 1.19211 -0.00016073 0.0147156 -0.0011576
-0.228695 0.492094 1.25275 -0.00099314 0.0145765 -0.00100993
-0.225828 0.454664 1.14351 -0.00056645 0.014533 -0.00106823
-0.222869 0.417599 1.21551 -0.00020689 0.0146675 -0.00115269
-0.224867 0.641396 1.22296 -0.0012608 0.0145663 -0.00091416
-0.213632 0.402268 1.12641 -0.00015248 0.014344 -0.00112349
-0.218534 0.480204 1.19314 -0.00015729 0.0147016 -0.00108784
-0.224823 0.582952 1.15544 -0.00075397 0.0144243 -0.00091873
-0.193593 0.399459 1.15197 0.00023043 0.0143282 -0.00107906
-0.225796 0.63193 1.19705 -0.00070983 0.0145576 -0.00113395
-0.200536 0.447166 1.08606 -0.0002582 0.0140536 -0.00114033
-0.207226 0.420351 1.13827 -0.00030942 0.0141122 -0.00106532
-0.214478 0.575865 1.1006 -0.00103894 0.0141513 -0.00091199
-0.196567 0.352063 1.09256 -0.00027653 0.0141476 -0.0011525
-0.216034 0.510728 1.15427 -0.00070016 0.0142738 -0.00081386
-0.200567 0.458091 1.07196 1.47e-06 0.0137762 -0.00103961
-0.201377 0.437444 1.12884 0.00030046 0.0141817 -0.00102932
