0.0288237 0.0671826 0.198139 -0.00077895 0.00057193 0.00029807
0.00677304 0.00872439 0.177993 -0.00022451 5.45e-05 8.741e-05
0.0085499 0.201204 0.0603716 0.00039386 0 9.839e-05
0.0228544 0.143366 0.109144 0.00091875 0.00018285 0.00031309
0.0245399 0.212144 0.114617 0.00063497 0.00030658 0.00050881
0.0293394 0.0721569 0.114517 0.00065677 0.00058538 0.00059142
0.0311741 0.00469639 0.172033 0.0001624 0.00061953 0.00025475
0.0326871 0.104668 0.137004 0.00050234 0.00061727 0.00043001
0.0377544 0.0906038 0.157331 0.00038297 0.000535 0.00082053
0.0338772 0.0278274 0.159775 -9.503e-05 0.00060586 0.00063767
0.022686 0.0122586 0.228112 -0.0003186 0.00035259 0.00024263
0.0276395 0.138425 0.201385 -0.00045732 0.00051712 0.00011942
0.0395617 0.18817 0.183699 -0.00045673 0.00061978 0.00052796
0.0432496 0.109902 0.189206 -0.00067082 0.00088518 0.00060937
0.0284632 0.0319386 0.151452 0.00019335 0.00064317 0.00015067
0.0328225 0.170984 0.131672 0.00010891 0.00061641 0.00034476
0.0394877 0.178293 0.111545 0.0001903 0.00076404 0.00047687
0.0350696 0.0543918 0.112076 0.00015978 0.00069807 0.00041032
0.0316737 0.00610972 0.140817 8.397e-05 0.0006916 0.00015778
0.0296518 0.132452 0.0940031 0.00018769 0.00057864 0.00035017
0.0328563 0.0914819 0.0579995 0.00035439 0.00046808 0.00060138
0.037954 0.0200816 0.0935048 -0.00015358 0.00057576 0.00048718
0.0403271 0.026455 0.125929 -0.00032854 0.00076404 0.00032955
0.0373317 0.217511 0.0742126 0.00037556 0.00065601 0.00052777
0.031132 0.178873 0.0404958 0.00049189 0.00048966 0.00045316
0.0331629 0.0295444 0.0965953 6.2e-07 0.0005434 0.00031259
0.0305665 0.214723 0.0168963 0.00012573 0.00039228 0.00046745
0.0333592 0.123326 0.0421936 -0.00026959 0.00056878 0.00044592
0.0332032 0.0221849 0.0682558 3.793e-05 0.00053982 0.00045031
0.0250136 0.10879 0.0128461 0.0001793 0.00044335 0.00043167
0.0293244 0.014551 0.078098 8.225e-05 0.00049282 0.00047641
0.0211265 0.090951 0.033917 0.00033111 0.00034871 0.00029399
0.0315171 0.158507 0.0204416 7.703e-05 0.00044999 0.0005592
0.0308664 0.0376353 0.130127 -0.00040392 0.0005728 0.00039077
0.022353 0.163055 0.0539494 0.00027923 0.00042024 0.00029346
0.0281843 0.146769 0.0371476 0.00022562 0.0005119 0.00057346
0.0271253 0.0306119 0.127373 -7.526e-05 0.00064896 0.00041224
0.0171515 0.233641 0.0468069 0.00018465 0.00033783 0.00039961
0.0161977 0.0986362 0.0181531 0.0001546 0.00013638 0.00032163
0.0263578 0.0614684 0.0534702 1.404e-05 0.00047336 0.00034169
0.0272465 0.116531 0.0134528 5.05e-05 0.00031735 0.00053391
0.0339275 0.0105165 0.092899 -7.37e-06 0.00076404 0.00045038
0.0296652 0.100309 0.0438597 9.483e-05 0.00045832 0.00037339
0.022084 0.113039 0.0184868 0.00017081 0.00031446 0.00044821
0.0269159 0.0217148 0.115341 -8.523e-05 0.00050752 0.00041814
0.0295711 0.16455 0.026324 0.0001331 0.00045292 0.00043706
0.0213788 0.123996 0.0246903 9.36e-05 0.00030412 0.00044711
0.0181156 0.0566809 0.0983055 -0.00045664 0.00034834 0.00024497
0.0106706 0.193636 0.035479 -0.00029566 0.00033922 0.00028422
0.0105647 0.0786412 0.0402543 -0.00025747 0.00033922 0.00025396
0.00817575 0.105433 0.0126495 6.738e-05 0.00022179 0.00016701
0.0228385 0.217891 0.0377409 -0.00117017 0.00033922 0.00076572
0.0262795 0.0980411 0.127267 -0.00280275 0.00050082 0.00072126
0.0254387 0.0486008 0.317196 -0.00216662 0.00059641 0.00024827
0.0288095 0.199576 0.256358 -0.00221223 0.0007115 0.00046912
0.0360868 0.150304 0.267894 -0.00261457 0.00059939 0.00066522
0.0257862 0.0830235 0.308475 -0.00213266 0.00055979 0.00045752
0.027835 0.197458 0.228005 -0.00188278 0.00062714 0.00043035
0.0256823 0.1064 0.245491 -0.00181907 0.00068872 0.00034185
0.014641 0.0903963 0.267953 -0.00195747 0.00033922 0.00052894
0.018402 0.171879 0.177167 -0.00152619 0.00047917 0.00066928
0.0182664 0.0724733 0.191984 -0.00122745 0.00052646 0.00050883
0.0246478 0.19189 0.143666 -0.00128056 0.00065922 0.00073582
0.0182321 0.0872742 0.209161 -0.00176125 0.00047045 0.00050871
0.0229761 0.132871 0.196338 -0.00151001 0.00054467 0.0006466
0.0323221 0.152033 0.15701 -0.00133373 0.00061998 0.00056511
0.0266576 0.0565382 0.307292 -0.00175597 0.00060101 0.0002027
0.0417811 0.180656 0.222673 -0.00152373 0.00096194 0.00037276
0.0307731 0.180639 0.182515 -0.00145612 0.00070208 0.00050336
0.0381887 0.0725035 0.272056 -0.0023051 0.00090539 0.00032483
0.0369026 0.185821 0.179894 -0.00163428 0.00085102 0.00053545
0.0334512 0.145425 0.165615 -0.0014503 0.00086588 0.00061485
0.029933 0.0631223 0.173594 -0.0013277 0.00070386 0.00037142
0.0314346 0.181839 0.1034 -0.00170849 0.00080954 0.00044133
0.0285695 0.0869035 0.124444 -0.00177256 0.00074157 0.00051476
0.0304456 0.0865357 0.13083 -0.00164432 0.00065322 0.00033494
0.0337757 0.17337 0.0817642 -0.00140237 0.00070075 0.00067782
0.0386096 0.0574246 0.148274 -0.00129578 0.00077681 0.00039059
0.0386238 0.188659 0.108216 -0.00164604 0.00081641 0.00039346
0.0401338 0.171585 0.0850034 -0.00129791 0.00086798 0.00065998
0.0297235 0.0911978 0.0894534 -0.00159535 0.00066465 0.00036297
0.0245755 0.20315 0.0404692 -0.00071747 0.00072468 0.00077958
0.0233102 0.0562193 0.131248 -0.00126053 0.00054129 0.00022121
0.0268677 0.190316 0.0588657 -0.00073199 0.00069381 0.00043934
0.0306792 0.165206 0.0789875 -0.00119521 0.00084112 0.00043844
0.0292316 0.0652194 0.146398 -0.00203504 0.00079811 0.0003354
0.0280322 0.187872 0.0710987 -0.00158285 0.0007291 0.00044582
0.030002 0.0647814 0.126616 -0.00145689 0.00078692 0.00036525
0.0326798 0.0839596 0.0966386 -0.00146151 0.00085921 0.00018047
0.0179676 0.202374 0.0405167 -0.00094784 0.00054129 0.00042152
0.0236982 0.0744455 0.120742 -0.00177853 0.00076918 8.837e-05
0.00250823 0.154964 0.0293575 -0.00054904 0.00015005 0.00024061
0.00211648 0.102677 0.0480648 -0.00102878 0.00048477 0.00024783
-0.00827134 0.0647858 0.043167 -0.00094745 0.0003544 0.00043472
-0.00241957 0.19582 0.00914126 -0.00084063 0.00040446 0.00031144
-0.00436668 0.0565273 0.0334068 -0.00117688 0.00037047 0.00043006
-0.00154298 0.144469 -0.00941437 -0.00061066 0.00031989 0.00022366
0.0013043 0.117713 0.0152723 -0.00140149 0.00042974 0.00025577
-0.000325 0.0786906 0.00582376 -0.00054506 0.00029732 0.00021246
0.00267702 0.178416 -0.030758 -0.00054431 0.00042772 0.00036314
0.00165717 0.0364342 -0.00152615 -0.0007989 0.00054129 0.00039751
0.00462471 0.157706 -0.0381773 -0.00086639 0.00019346 4.862e-05
0.00518437 0.0926993 -0.0251871 -0.00083988 0.00054129 0.00058998
0.00709525 0.0697163 -0.0133887 -0.00091186 0.00054129 0.00038096
0.0126522 0.203445 -0.0531565 -0.00080465 0.00054129 0.00035195
0.0139169 0.0458614 0.00249018 -0.00107125 0.00054129 0.000348
0.0192459 0.167352 -0.068719 -0.00114788 0.00074804 0.00047797
0.0315746 0.0793812 -0.0284112 -0.00209695 0.00117797 0.00047325
0.0225548 0.0864204 -0.0647093 -0.00116735 0.00070241 0.00040723
0.0242646 0.103513 -0.0870813 -0.00128961 0.000929 0.00044091
0.0196113 0.0347302 -0.0527126 -0.00098772 0.00069797 0.00036282
0.0226411 0.167313 -0.0886827 -0.00133052 0.00094805 0.00047479
0.021292 0.0663419 -0.057604 -0.00132307 0.00063879 0.00019408
0.0211125 0.0529323 -0.0658771 -0.0008561 0.00099325 0.00029687
0.0164368 0.174752 -0.066874 -0.00111053 0.00081218 0.00040176
0.0163685 0.054089 -0.0347486 -0.0009194 0.00079135 0.00044394
0.021513 0.162249 -0.074762 -0.00132832 0.000862 0.00040403
0.0265862 0.0518635 -0.0286967 -0.00111964 0.0007862 0.00044558
0.0241259 0.081815 -0.0326223 -0.00136104 0.0007862 0.00025386
0.0271728 0.205222 -0.0674798 -0.00143616 0.0007862 0.00046566
0.0275813 0.0738529 -0.0282743 -0.00132364 0.0007862 0.0003807
0.0231453 0.110116 -0.0632647 -0.00146351 0.00090329 0.00041801
0.0246075 0.0909623 -0.0836123 -0.0015488 0.00117699 0.00066811
0.0258006 0.0307118 -0.0494193 -0.00101458 0.00087716 0.00039366
0.0345976 0.154575 -0.109688 -0.00146701 0.00118401 0.00065912
0.0315286 0.0610244 -0.0438695 -0.00145352 0.00093916 0.00050271
0.0421609 0.107604 -0.00483761 -0.00290127 0.0024129 0.00067214
0.031839 0.18809 -0.0525762 -0.00150303 0.00095085 0.00064607
0.0363399 0.0693054 -0.0195963 -0.00149281 0.00085931 0.00026338
0.0419942 0.171794 -0.105584 -0.00159779 0.00113555 0.00036988
0.0473698 0.0836376 -0.0441867 -0.00157766 0.00124731 0.00010461
0.0325763 0.0934895 -0.0722528 -0.00146526 0.0009707 0.00045562
0.0373628 0.106591 -0.0865182 -0.00154729 0.00109355 0.00052772
0.053166 0.0418253 -0.0243759 -0.00111741 0.001327 0.00011123
0.0411417 0.1174 -0.093739 -0.00215305 0.00157317 0.00029017
0.0418475 0.0569223 0.00072456 -0.00176174 0.00131634 0.00020275
0.0483948 0.153985 -0.0940598 -0.00145767 0.0013506 6.602e-05
0.0378497 0.083163 -0.0606629 -0.00162702 0.00118604 0.00044901
0.0344688 0.0951067 -0.0715258 -0.00130668 0.00114051 0.00049251
0.0410695 0.186147 -0.124012 -0.00166146 0.00115592 0.00043095
0.0435263 0.0490437 -0.0573275 -0.00138356 0.00101277 0.00029915
0.0370788 0.126518 -0.0831465 -0.00160716 0.00099213 0.00023065
0.0458559 0.117162 -0.11589 -0.0015506 0.00118271 0.00038432
0.0414875 0.0472212 -0.0904874 -0.00139355 0.00097853 0.00027916
0.0434926 0.145141 -0.136358 -0.00171075 0.00124375 0.00025066
0.0424114 0.0516701 -0.0760177 -0.00127622 0.00113516 0.00046319
0.0417105 0.0921345 -0.119273 -0.00164061 0.00118085 0.00042096
0.0463326 0.0857946 -0.0613996 -0.001396 0.00131577 0.00020768
0.0217004 0.0613523 0.0909289 -0.00153474 0.00078621 0.00030128
0.0421783 0.234207 0.0652148 -0.00144044 0.00113454 0.00024185
0.042692 0.164904 0.0113792 -0.00107057 0.00106424 0.0004338
0.0422737 0.083151 0.0253293 -0.00171481 0.0010663 0.00030743
0.0370533 0.150393 -0.0216225 -0.00117809 0.00103451 0.00052646
0.0338547 0.0447726 0.0215362 -0.00095125 0.00091559 0.00040352
0.0442988 0.12405 -0.0111137 -0.0019993 0.00153044 0.00016129
0.0342696 0.093989 -0.0441516 -0.00138653 0.00125439 0.00060578
0.0260981 0.0546795 -0.0343753 -0.00120255 0.00092829 0.00039462
0.0395625 0.0993153 -0.0511433 -0.0015883 0.00126617 0.00039114
0.0331213 0.0525534 -0.0063494 -0.00132714 0.00095495 0.00034016
0.033037 0.184623 -0.0396659 -0.00157443 0.00078621 0.00046959
0.0357661 0.0769139 -0.0232661 -0.00145097 0.00098093 0.00040871
0.0295054 0.135123 -0.0621868 -0.00147239 0.00100245 0.0004574
0.0414491 0.132467 -0.0789446 -0.00156408 0.0010922 0.00056194
0.0354961 0.0505135 -0.0280977 -0.0012063 0.00078621 0.00024581
0.0332076 0.171533 -0.0579006 -0.00133953 0.00099781 0.00022297
0.038521 0.0578007 0.0166367 -0.0012116 0.00095754 7.785e-05
0.0401692 0.0885791 -0.0118975 -0.00101057 0.00110274 -9.036e-05
0.0367848 0.12348 -0.00490169 -0.00200467 0.00112683 9.694e-05
0.0283085 0.0459183 0.0179267 -0.00115159 0.00095974 -0.0001121
0.0306066 0.192018 -0.0389894 -0.00086084 0.00090542 0.00013499
0.0322887 0.0794926 -0.0224404 -0.00124978 0.0010026 0.000211
0.0312409 0.0761736 -0.0313353 -0.00141169 0.00097386 7.204e-05
0.0393625 0.12382 -0.0299513 -0.00163458 0.00114364 0.00022133
0.0305035 0.0641429 -0.0142836 -0.0011711 0.00086996 0.00011391
0.0327172 0.192905 -0.065241 -0.00122206 0.00091512 0.0001428
0.0391068 0.0519366 -0.00555078 -0.00104804 0.00086301 -8.98e-06
0.0376313 0.1025 -0.0395806 -0.00091352 0.00084805 0.00035332
0.0345349 0.102215 -0.0322277 -0.00173882 0.00073416 0.0001759
0.0320191 0.0543552 0.0164899 -0.00142823 0.00085337 0.00021597
0.0371454 0.20202 -0.0547296 -0.00117621 0.00109049 0.00024922
0.0368786 0.0723278 0.00632816 -0.00149158 0.00105046 0.00022361
0.0373477 0.113092 -0.0559799 -0.00125009 0.00092548 0.00021719
0.0448943 0.0787667 -0.0361131 -0.00136645 0.00125554 0.00044863
0.0397979 0.0643599 -0.0399372 -0.00131405 0.00112061 0.00028541
0.0410066 0.138823 -0.0737448 -0.00134176 0.00123362 0.00045926
0.0357127 0.0428903 -0.0179009 -0.00110057 0.00099877 0.00015637
0.0390231 0.176172 -0.0857581 -0.0014273 0.00129695 0.00055557
0.0403184 0.0725357 -0.0498838 -0.00137836 0.00085209 0.00038241
0.037174 0.062407 -0.020337 -0.00174581 0.00130246 0.00034854
0.038021 0.178526 -0.0757726 -0.00118795 0.00097301 0.00049424
0.0405587 0.0380887 -0.0228233 -0.00078238 0.00112179 0.00028965
0.0315486 0.126908 -0.0548953 -0.00092721 0.00108774 0.00025723
0.0348268 0.15855 -0.0532242 -0.00121336 0.00106204 0.00032272
0.0330664 0.0314993 0.0242678 -0.00109206 0.00084862 0.00013787
0.029824 0.08779 0.00054572 -0.00155169 0.00086604 -5.26e-05
0.0408223 0.215658 -0.0200267 -0.0016079 0.00108748 0.00030488
0.04028 0.0946159 -0.00877442 -0.00172535 0.00119638 0.00038889
0.034541 0.0394859 -0.00421219 -0.00085331 0.00095165 0.00036177
0.0422168 0.139231 -0.0425832 -0.00109191 0.00123121 0.00052574
0.0367562 0.0620548 -0.0018676 -0.00130623 0.00116618 0.00040751
0.0406393 0.0407819 0.022765 -0.0011647 0.00116241 0.00038562
0.045122 0.0972018 -0.0106085 -0.00160571 0.0012461 0.00067049
0.0363538 0.0629414 0.0247037 -0.00132839 0.00110969 0.00050991
0.0301882 0.116627 -0.0166478 -0.00112867 0.00079544 0.00053525
0.021875 0.120522 -0.0630984 -0.00062021 0.00085969 0.00049691
0.0275532 0.0458852 -0.121814 -9.13e-05 0.00110969 0.0006244
0.0313897 0.0727402 -0.0396805 -0.00072311 0.00085969 0.00041791
0.0325857 0.0857374 -0.0219247 -0.00077258 0.00065403 0.0004493
0.0437785 0.165308 -0.0414991 -0.00065312 0.00135541 0.00077758
0.0384316 0.0306361 -0.00109049 -0.00039036 0.00074398 0.00045191
0.0400994 0.119013 -0.00595319 -0.00095991 0.00092241 0.00026134
0.0411346 0.129144 -0.028354 -0.00032375 0.00083322 0.00054128
0.0467609 0.0339467 0.0695909 -0.00096238 0.00135982 0.00034387
0.0235584 0.0993138 0.109899 -0.00170734 0.00065403 7.905e-05
0.00743984 0.219193 -0.029837 -0.00022948 0.00065403 0.00033391
0.014871 0.0483948 0.0142141 -0.00064165 0.00040403 0.00022298
0.02865 0.208878 -0.0465183 -0.00035253 0.00083545 0.00035236
0.0327498 0.153041 -0.0543545 -0.00048619 0.00112491 0.00050934
0.0260003 0.0279136 -0.0165345 -0.00057293 0.00065403 0.00045448
0.0286761 0.118782 -0.131627 -8.759e-05 0.00125249 0.00036696
0.025939 0.0288523 -0.0851894 -0.00068566 0.00094171 0.0004356
0.0250869 0.0168321 -0.0550628 -0.00036552 0.00089733 0.00042139
0.0273914 0.0881206 -0.103635 -0.00063885 0.00100249 0.00044318
0.0260568 0.0231969 -0.0544449 -0.00038831 0.00100249 0.00042903
0.0260082 0.12356 -0.095448 -0.00050217 0.00111463 0.00047298
0.0234203 0.041817 -0.0313614 -0.00064814 0.00089954 0.00041845
0.0236648 0.117854 -0.0450624 -0.00037213 0.00086196 0.00038401
0.0326518 0.196667 -0.0706066 -0.00057972 0.00125249 0.00040956
0.0274313 0.0399711 -0.0304228 -0.00071452 0.00082184 0.00028688
0.0242851 0.118866 -0.0878471 -0.00080017 0.00090024 0.00038745
0.0231011 0.0815986 -0.0777064 -0.00072932 0.0010754 0.00037476
0.0249605 0.0191374 -0.0341212 -0.00060384 0.00087126 0.00023893
0.0274895 0.125657 -0.0678312 -0.0005211 0.00112642 0.00036038
0.0302774 0.0329152 -0.0353719 -0.00052787 0.00092941 0.00035378
0.0267559 0.0803018 -0.0754045 -0.000672 0.00100638 0.00037576
0.0324258 0.0489312 -0.0309354 -0.00077715 0.00098599 0.00041168
0.0387082 0.0336854 0.0169447 -0.00068011 0.00088336 0.00030979
0.0550804 0.253905 0.0253182 -0.00148559 0.0012482 0.00051546
0.0571708 0.163011 0.0601119 -0.00189317 0.00143926 0.00035311
0.0415739 0.0952892 0.0109729 -0.00097747 0.00089565 0.0004226
0.0466833 0.186559 -0.0228323 -0.00069207 0.00102743 0.00057754
0.0457722 0.0548518 0.0606232 -0.00125086 0.00111941 0.00038891
0.0525924 0.10036 0.0202302 -0.00112239 0.0013735 0.00039391
0.0551768 0.122212 0.0148388 -0.00111246 0.00140689 0.0006152
0.0486479 0.0503468 0.0357125 -0.00111231 0.00110385 0.00022935
0.0503529 0.141725 -0.0127268 -0.00071435 0.00121011 0.00069658
0.0456286 0.0491633 0.0400865 -0.00102593 0.00112085 0.00034455
0.0517614 0.10954 0.0368078 -0.00112159 0.00119418 0.0001565
0.0602497 0.213647 -0.0030246 -0.00066192 0.00158518 0.00047793
0.0597501 0.0844364 0.0684305 -0.00157567 0.00163202 9.379e-05
0.0682175 0.172754 0.0366529 -0.00188682 0.0017339 0.0003177
0.0924446 0.135851 0.0498163 -0.00116267 0.00194131 0.0006663
0.0372327 0.0402241 0.034787 -0.00062262 0.00087873 0.00029336
0.0334446 0.0932063 0.0286183 -0.00046923 0.00082322 0.00029404
0.0224117 0.0365733 0.0835735 -0.00131071 0.00085977 0.00014254
0.0189648 0.146139 0.00639154 -0.00040562 0.00062899 0.00016982
0.0320534 0.0921023 0.00965847 -0.00063061 0.00076529 0.0003947
0.0277453 0.0538904 0.00205058 -0.00050675 0.00067072 0.00023458
0.0264061 0.136126 0.0154652 -0.00095867 0.00076529 0.00029379
0.0195932 0.0231365 0.0209249 -0.00059688 0.00070197 0.00018433
0.021444 0.217164 -0.00239028 -0.0003698 0.00062077 0.0001659
0.0271549 0.19786 0.003338 -0.00082288 0.00086643 0.00028038
0.0237492 0.0464377 0.00950139 -0.00065307 0.00060032 0.00018223
0.0306004 0.15616 -0.015838 -0.00048094 0.00079308 0.00032322
0.0295288 0.0402619 0.0142688 -0.00049817 0.00065326 0.00020745
0.0315821 0.0800271 -0.00769966 -0.00046414 0.00080735 0.00044173
0.0347049 0.064977 0.00484872 -0.00077732 0.00082622 0.00046114
0.0324982 0.0333656 0.0103303 -0.00056111 0.00083919 0.00029203
0.033046 0.129912 -0.0202421 -0.0005193 0.00101529 0.00040019
0.0310808 0.0411596 0.0247796 -0.00086934 0.00089487 0.00020226
0.0249532 0.174505 -0.0166681 -0.00050834 0.00082562 0.00030871
0.0320191 0.105924 0.0935095 -0.0014899 0.00109203 0.00038103
0.0191675 0.0709166 0.284033 -0.0014686 0.00093086 4.179e-05
0.0356085 0.249536 0.208925 -0.00102659 0.00135827 0.00029485
0.0362884 0.149749 0.164264 -0.00099306 0.00129881 0.00055248
0.0310818 0.051669 0.169853 -0.00088125 0.00122599 0.00040446
0.034538 0.164334 0.101953 -0.00067885 0.0010783 0.00045028
0.0368879 0.0600625 0.170097 -0.00095519 0.00138594 0.00055546
0.0355411 0.0976242 0.135566 -0.00089026 0.0015488 0.00041494
0.0336554 0.141969 0.0932936 -0.0006383 0.0014542 0.00023916
0.0250392 0.038017 0.168675 -0.00096178 0.00094829 0.00024694
0.0237357 0.194205 0.0833892 -0.00041347 0.00094829 0.00034018
0.0176373 0.112842 0.10972 -0.00074383 0.0009483 0.00028949
0.0179871 0.0930911 0.112776 -0.00047848 0.0009483 0.00026138
0.0251722 0.214775 0.063205 -0.00051394 0.00116082 0.00042779
0.0248338 0.0624605 0.15598 -0.00124821 0.00102248 0.0001304
0.0181154 0.160975 0.0672162 -0.00050219 0.0009483 0.00019142
0.0211438 0.0817871 0.100677 -0.00108605 0.00101575 0.00015381
0.0232679 0.0527678 0.111543 -0.00081659 0.0009483 5.604e-05
0.0275042 0.166145 0.0583202 -0.00091618 0.0009483 0.0002711
0.0387652 0.0381535 0.124925 -0.00080207 0.00114187 8.925e-05
0.0285744 0.158471 0.0400737 -0.00050141 0.0009483 0.00030365
0.0288872 0.0707218 0.109124 -0.00129675 0.00120218 0.00038795
0.03051 0.143783 0.0823915 -0.00094157 0.00116281 6.755e-05
0.0337706 0.221355 0.0618107 -0.00086843 0.00112588 0.00024845
0.0338012 0.0563049 0.11189 -0.0011214 0.00112024 0.00010379
0.027374 0.165252 0.0707931 -0.00115702 0.0009483 0.00018338
0.0315372 0.0915173 0.0906565 -0.00117852 0.00145182 0.00058216
0.0308239 0.0529423 0.160192 -0.00131971 0.00125325 -2.1e-05
0.0299738 0.199114 0.07399 -0.00086717 0.00132463 0.00023818
0.0267379 0.0728646 0.122794 -0.00134228 0.0011892 6.866e-05
0.0177217 0.111773 0.0825371 -0.00090897 0.0012671 0.00023561
0.0315055 0.0911342 0.148137 -0.00169796 0.00163338 2.594e-05
0.0279588 0.0731105 0.448171 -0.00199023 0.00123494 -8.129e-05
0.0347571 0.272044 0.326645 -0.00089716 0.00156074 -0.0002187
0.032468 0.187795 0.283808 -0.0010839 0.00197907 1.323e-05
0.0305773 0.132575 0.279147 -0.00125724 0.00142166 0.00028394
0.0314864 0.193639 0.23287 -0.00145425 0.00158512 0.00022394
0.0249393 0.070898 0.27428 -0.00125289 0.00129559 0.00020696
0.0291192 0.155496 0.218175 -0.00132022 0.00110742 8.23e-05
0.0199213 0.0825212 0.237395 -0.0010638 0.00150912 0.00016086
0.0206116 0.0949403 0.206398 -0.0008258 0.00125912 9.491e-05
0.0268029 0.119788 0.227159 -0.00195942 0.00150912 0.00023602
0.0260496 0.0561337 0.265585 -0.00114262 0.00141222 5.354e-05
0.0194067 0.218851 0.154164 -0.0009262 0.00120352 0.00013819
0.0177132 0.101392 0.215505 -0.00139708 0.00125912 0.00010441
0.0237657 0.168829 0.168337 -0.0006897 0.00114383 -4.403e-05
0.0245591 0.230129 0.184724 -0.00099824 0.00125912 -4.376e-05
0.0266905 0.0870732 0.233635 -0.0012615 0.00134951 -8.389e-05
0.024332 0.201168 0.10212 -0.00082917 0.00125912 -5.759e-05
0.0266886 0.0566861 0.155348 -0.00102118 0.00137893 -3.644e-05
0.0251186 0.148857 0.0811161 -0.00039532 0.00133275 -1.885e-05
0.0309777 0.0984471 0.143903 -0.00100662 0.00150425 -6.669e-05
0.0310527 0.0631157 0.139936 -0.00056191 0.00158282 -0.00018121
0.0291824 0.142381 0.0943052 -0.0005798 0.00185815 -4.203e-05
0.0262733 0.0426606 0.172771 -0.00085244 0.0016098 -6.274e-05
0.0268229 0.239486 0.0719799 -0.00045302 0.00141132 0.00015625
0.0275909 0.072044 0.176324 -0.00105491 0.00131065 -3.153e-05
0.0313272 0.165257 0.125209 -0.00073553 0.00140491 -9.626e-05
0.0294767 0.147611 0.123157 -0.00091796 0.00153333 0.00016111
0.0317927 0.0520497 0.175477 -0.00083642 0.00160582 -4.714e-05
0.0332272 0.212294 0.0882783 -0.00042211 0.00162226 2.718e-05
0.0360845 0.0487039 0.176779 -0.00082119 0.00167204 -4.435e-05
0.0382912 0.13851 0.115963 -0.00036335 0.00192509 -1.239e-05
0.0385312 0.109912 0.134301 -0.00092456 0.00181241 1.123e-05
0.0334559 0.0289985 0.209821 -0.00060016 0.00165907 -0.00022777
0.0350848 0.202719 0.166085 -0.00059855 0.00143364 -0.00035568
0.0318505 0.249058 0.181919 -0.00162681 0.00155365 -4.278e-05
0.0317893 0.0975558 0.21094 -0.00117757 0.00195428 -0.00016313
0.0328217 0.146401 0.179482 -0.00070646 0.0018393 -0.00017123
0.0287263 0.111307 0.174405 -0.00153239 0.00164979 1.047e-05
0.0261007 0.0502499 0.19184 -0.00089751 0.00169055 -0.00018101
0.0247039 0.117256 0.139803 -0.00089476 0.00145156 2.582e-05
0.03117 0.0439498 0.228837 -0.00095357 0.00180974 -0.00017866
0.0323359 0.135552 0.178612 -0.00080205 0.00174596 -0.00019961
0.0288007 0.176769 0.132279 -0.0004889 0.00198807 2.03e-05
0.030893 0.0655713 0.207453 -0.00113284 0.0016339 -0.00013282
0.0296256 0.205593 0.142409 -0.00069567 0.00164586 6.494e-05
0.0319764 0.142112 0.200072 -0.00097281 0.00176893 0.00015297
0.0320142 0.13353 0.21745 -0.00056802 0.00165008 -3.53e-05
0.0321373 0.168365 0.173035 -0.00094542 0.00163264 0.00012451
0.0306629 0.0521014 0.235929 -0.00084923 0.00169391 -7.175e-05
0.0240787 0.170292 0.162985 -0.00068893 0.00147166 -7.636e-05
0.0272431 0.0919456 0.196014 -0.00091155 0.00184637 -2.786e-05
0.0234459 0.0694176 0.263368 -0.00145505 0.0017271 -0.00014627
0.0237927 0.202309 0.130051 -0.0007175 0.00179604 0.00010595
0.0269918 0.101794 0.202268 -0.00134568 0.00177938 -5.417e-05
0.0230977 0.096945 0.248227 -0.00193098 0.00161249 -0.00025703
0.0252735 0.227779 0.131212 -0.00069688 0.00161249 7.381e-05
0.0282747 0.078147 0.214535 -0.00135666 0.0017094 -0.00033755
0.0214682 0.192415 0.127505 -0.00058312 0.00133144 -0.00022088
0.0203416 0.148602 0.112794 -0.00057032 0.00144372 -8.193e-05
0.0205539 0.0495757 0.164065 -0.00080164 0.00115138 -0.00027875
0.0164421 0.181319 0.0657394 -0.00052576 0.00153547 -7.317e-05
0.0133241 0.0473242 0.169804 -0.00085739 0.00115333 -0.00025338
0.011316 0.16781 0.0698007 -0.00031314 0.00104258 -0.0002734
0.0187186 0.152628 0.0888807 -0.00073892 0.00120066 -9.906e-05
0.0198623 0.0996147 0.121453 -0.0007681 0.0015511 -0.00026954
0.0168705 0.204602 0.0651217 -0.00048292 0.00138075 -0.00016999
0.00680096 0.0578634 0.136723 -0.0009211 0.00110303 -6.541e-05
0.00688799 0.19162 0.0498216 -0.00033572 0.00117747 -8.772e-05
0.00667226 0.100101 0.0838983 -0.00068093 0.00136807 -1.663e-05
0.00524313 0.0998011 0.0390564 4.652e-05 0.0010543 -5.503e-05
-0.0116886 0.127341 -0.065859 0.00061246 0.00129485 -0.00010393
0.00148342 0.0194171 -0.0107782 0.00037198 0.00026514 -0.00024209
-0.00708055 0.180916 -0.0108091 0.00039707 0.00072648 -0.00019967
-0.0034133 0.152941 0.0003556 0.00014025 0.00081729 -1.527e-05
-0.00993054 0.0806381 0.0550225 0.00042382 0.00092208 -0.00015238
-0.00350751 0.231638 0.0168916 0.00016231 0.00078657 4.179e-05
-0.00663089 0.069767 0.0358717 0.00017631 0.00092208 1.222e-05
-0.00354478 0.119529 0.0135113 -0.00011078 0.00031313 -0.00035975
-0.0063597 0.18763 0.00536321 -8.526e-05 0.00092208 7.824e-05
0.00190234 0.0315633 0.0328912 -4.354e-05 0.00044832 -0.0002936
-0.00772989 0.18971 0.00028489 0.00024502 0.00044306 -0.00027099
-0.00977071 0.0825047 0.0237876 -0.00040374 0.00036232 -0.0002324
-0.00695445 0.0731004 0.0167686 -9.95e-05 0.00029751 -0.00032058
-0.0080456 0.184446 0.0016059 -2.678e-05 0.00077994 1.136e-05
-0.00692039 0.0465188 0.0186178 -0.00018974 0.00067208 2.51e-06
-0.00228383 0.214793 0.0062065 -0.00027623 0.00092208 1.126e-05
-0.00215571 0.178718 0.00923505 5.368e-05 0.00092208 2.723e-05
0.0178546 0.0276273 0.0958249 -0.00048615 0.0010959 -0.00027832
0.00894479 0.202485 0.0190494 -0.0005471 0.00067208 8.58e-06
0.00103524 0.171385 -0.0280326 -0.00062594 0.00059866 0.00016976
0.00547473 0.0372074 0.0605849 -0.00076973 0.00075326 7.904e-05
0.00265984 0.15337 0.0520405 -0.00084769 0.00076444 1.553e-05
0.002731 0.197882 0.033374 -0.00077579 0.00056251 0.00028346
0.0101643 0.0531243 0.0792618 -0.00099612 0.00092208 0.00016359
0.00590892 0.150898 0.0337545 -0.00052496 0.00069779 0.00010277
0.00180199 0.124847 0.0215009 -0.00059002 0.00052522 0.0002195
-0.00237003 0.0589213 0.0817428 -0.00129786 0.00056936 0.00019413
0.00142142 0.127401 0.0336104 -0.00117701 0.00052152 0.00015625
0.00180825 0.0521677 0.145286 -0.00178013 0.00084824 0.00014852
0.00311816 0.105882 0.0793677 -0.00155271 0.00081622 0.00015176
0.00463974 0.205906 0.00798968 -0.00031923 0.00085082 0.0003485
0.00536291 0.0567331 0.0983439 -0.00098106 0.00086804 0.00018546
-0.00234111 0.178752 0.239434 -0.00274938 0.00065206 4.922e-05
-0.00715177 0.211064 0.014423 -9.3e-05 0.0002103 0.00022546
0.00035522 0.184331 0.0149334 -9.939e-05 0.00080454 0.00030504
-0.00025778 0.177198 0.0070893 -9.418e-05 0.00078959 0.00026268
0.00080876 0.0486008 0.0217354 -0.00058382 0.0005506 0.00028976
0.00193722 0.166015 0.0142723 -0.00074748 0.00075905 0.00027312
-0.00227441 0.0356076 0.0198439 -0.00044831 0.00050905 0.00049179
-0.00166597 0.104305 0.00253033 2.864e-05 0.00070691 0.00038402
0.00083601 0.159316 -0.00668762 -0.00013402 0.00075905 0.00039099
-0.00037226 0.0160639 0.0195203 -0.00025626 0.00056336 0.00020451
-0.0192042 0.183073 -0.021105 -0.00037966 0.00075905 0.00028117
-0.0189956 0.0968229 0.0958582 -0.00097602 0.00075905 0.00035817
-0.0145236 0.127432 0.117962 -0.00090118 0.00075905 0.00018012
0.00425878 0.275179 0.0495199 -0.00075637 0.00075905 0.00017868
-0.00202832 0.0800067 0.184951 -0.00193426 0.00035152 0.00012047
-0.0131362 0.242505 0.0248778 -0.00052954 0.00025393 0.00042839
-0.00811415 0.164328 0.0163007 -0.0003531 0.00021441 0.00042875
-0.00404637 0.0356058 0.0733852 -0.00069954 0.00059405 0.00016089
-0.00216932 0.220565 0.024207 -0.00053394 0.00070453 0.00029847
0.00765561 0.0848437 0.0813826 -0.00149153 0.00075905 0.00027948
0.00900401 0.0345447 0.124655 -0.00078072 0.00075905 0.00016182
0.00173925 0.199779 0.0371146 -0.00038347 0.00075905 0.00035082
0.009941 0.0520346 0.122143 -0.000937 0.00075905 0.00027309
0.0101441 0.14307 0.135308 -0.00152386 0.00091699 0.00022201
0.0088008 0.253086 0.0685909 -0.00099201 0.00089829 0.00047735
0.00530282 0.0912037 0.152675 -0.00178355 0.00094146 0.00035275
0.004707 0.236269 0.0551642 -0.00098445 0.00069146 0.00021682
0.0081234 0.140561 0.125663 -0.00164111 0.00094146 0.00038041
0.00833473 0.0734076 0.224785 -0.00150803 0.00074694 0.00017398
0.0079438 0.209084 0.109334 -0.00111451 0.00094146 0.00040324
0.00554165 0.0720328 0.172338 -0.00141581 0.00094146 0.0003576
0.00054036 0.0996727 0.169402 -0.00133576 0.00069146 0.00027783
0.00344543 0.182279 0.106176 -0.00104565 0.00077117 0.00032705
0.00751374 0.0670038 0.201123 -0.00161499 0.00094146 0.00031674
0.00548138 0.203888 0.0906018 -0.00121444 0.00101924 0.00046567
0.00250412 0.087197 0.154233 -0.00143037 0.00080392 0.00033835
0.0012933 0.168618 0.107992 -0.00129521 0.00080199 0.00033577
0.00357364 0.147164 0.134517 -0.00161529 0.00088465 0.0003785
0.000832 0.111267 0.135105 -0.00155961 0.00060547 0.00026181
0.00688212 0.203796 0.10793 -0.00117756 0.00069146 0.00014651
0.00424118 0.0645737 0.253096 -0.00158311 0.00094146 0.00012523
0.017979 0.101883 0.34345 -0.00228908 0.00094146 -1.033e-05
0.0309029 0.304449 0.229513 -0.00112887 0.00139894 0.00018349
0.0194856 0.202451 0.202511 -0.00112887 0.00140893 0.00031184
0.016905 0.095011 0.226172 -0.00164748 0.00141758 0.00037963
0.0200863 0.079111 0.227208 -0.00141462 0.00146148 0.00023437
0.0190425 0.170243 0.163185 -0.00100432 0.00160803 0.00046163
0.020511 0.0660418 0.247215 -0.00144191 0.0015336 0.00022015
0.0190989 0.150125 0.161536 -0.00088011 0.0012376 0.00035012
0.0293195 0.112963 0.208495 -0.00153815 0.00137329 0.00027671
0.021288 0.099611 0.20799 -0.00124731 0.00131017 0.00031787
0.0122193 0.151954 0.158179 -0.00125978 0.00116548 0.00029012
0.00936049 0.0898841 0.233115 -0.00180494 0.00125423 0.00031749
0.019042 0.120473 0.252649 -0.00218268 0.00135529 0.00013557
0.0106744 0.18816 0.1864 -0.00156814 0.00108385 0.00030717
0.0151372 0.0998787 0.2506 -0.00232426 0.00127836 0.00022514
0.00442824 0.198924 0.14966 -0.0011702 0.0009964 0.0003939
0.0144268 0.109302 0.205782 -0.00147305 0.00111038 0.00032159
0.0173071 0.112032 0.266318 -0.0018734 0.00129278 0.00022526
0.00699505 0.223303 0.143295 -0.00140856 0.00075755 0.00022453
0.00660553 0.0700238 0.162755 -0.00131608 0.00087336 0.00014315
0.00644199 0.204182 0.0717588 -0.00082577 0.00099763 0.00029248
0.00972634 0.0640959 0.178364 -0.00141752 0.00099325 0.00010968
0.00578684 0.18334 0.0949449 -0.00119685 0.00066398 0.00021817
0.00467408 0.0768512 0.165213 -0.00136658 0.00072408 1.093e-05
0.00074591 0.173164 0.123059 -0.00088621 0.00079785 7.745e-05
0.00709752 0.177297 0.115919 -0.00095701 0.00074924 8.685e-05
-0.00044877 0.075883 0.153466 -0.00125702 0.00064491 8.048e-05
0.00640752 0.193876 0.0973506 -0.00103398 0.00095816 0.00028553
0.00243318 0.0801119 0.153197 -0.001791 0.0007575 0.00012912
0.00131072 0.215314 0.050988 -0.00060396 0.00069685 0.00020358
0.00579318 0.0618767 0.169743 -0.00125727 0.0007575 3.057e-05
0.00575459 0.221162 0.107278 -0.00084702 0.0007575 0.00018157
0.00660595 0.171353 0.127052 -0.00085061 0.0007575 0.00019878
0.0039995 0.100123 0.152504 -0.00103619 0.0008216 5.575e-05
0.00033509 0.203854 0.0810349 -0.00086989 0.00084311 0.00024538
0.00865551 0.0703704 0.165381 -0.00146966 0.0007575 4.754e-05
0.00956883 0.183391 0.0803393 -0.00081476 0.0007575 -8.51e-06
0.00899492 0.0829274 0.171385 -0.00148274 0.00093241 0.00014063
0.007414 0.140619 0.137437 -0.00118429 0.0007575 0.00011885
0.00895725 0.173724 0.116992 -0.00113922 0.00093124 0.00027562
0.00513057 0.106217 0.137419 -0.00113165 0.0007575 0.00013277
0.00265184 0.20697 0.0894093 -0.00106527 0.0007575 0.00018055
0.0103814 0.0702481 0.20112 -0.00145201 0.00083229 1.518e-05
0.01198 0.188662 0.162801 -0.00205281 0.0007575 4.112e-05
0.00905413 0.109793 0.197506 -0.00217362 0.00067722 -1.64e-05
0.0114704 0.104401 0.161728 -0.00108751 0.0007575 3.66e-06
0.00502278 0.189682 0.0830512 -0.00090572 0.0007575 0.00020526
0.00806936 0.0579399 0.163489 -0.00131352 0.0007575 0.00010177
0.00376507 0.157828 0.104512 -0.00111549 0.000657 9.759e-05
0.00586713 0.172522 0.100237 -0.00128255 0.00071845 0.00018249
0.00555978 0.0896793 0.14199 -0.00129778 0.00072431 0.00017257
0.01141 0.225916 0.0860548 -0.00141424 0.00095955 0.00022662
0.0112413 0.091043 0.143499 -0.00161308 0.00095008 0.00020222
0.00571015 0.163468 0.0797207 -0.00098186 0.0007841 0.0001554
0.00584358 0.156031 0.0764551 -0.00109356 0.00062285 0.0001807
0.00992494 0.0602147 0.156847 -0.00123302 0.00065214 2.696e-05
0.00788668 0.207884 0.0579235 -0.00112397 0.00065139 0.00014297
0.00981176 0.0868343 0.181447 -0.00175619 0.00086599 0.00020506
0.00135729 0.163447 0.0537832 -0.00102332 0.00064166 0.0003166
-0.00737186 0.0759761 -0.21658 0.00350206 -0.00022338 0.00010292
-0.0102945 0.0297673 -0.226579 0.00301597 5.41e-05 -0.00019953
-0.00872683 0.0916068 -0.0967863 0.00196172 5.41e-05 -6.389e-05
-0.00095886 0.188367 -0.122826 0.00207531 5.41e-05 1.43e-05
-0.00546622 0.0220955 -0.0183773 0.00070869 5.41e-05 5.993e-05
-0.00557211 0.179676 -0.0317796 0.00110641 0.0001671 0.00012788
-0.0064662 0.12948 -0.00518148 0.00060954 0.0002298 0.00019331
-0.00639284 0.0459089 0.0245532 0.00049909 0.0001703 6.131e-05
-0.00298582 0.190792 -0.0124466 0.00056342 0.00058435 5.362e-05
0.00193349 0.0350981 0.0141993 0.00035169 0.00058435 -0.00028104
-0.00314477 0.0679254 0.00183912 7.773e-05 0.00020948 -1.45e-06
-0.00210922 0.182173 -0.0108895 0.0004113 0.00034995 0.00013914
-0.00188419 0.0136714 0.0281166 1.101e-05 0.00033435 -1.168e-05
-0.00217893 0.189382 0.00120637 0.00022138 0.00033435 0.00011008
-0.00431027 0.150161 -0.00457715 0.00017245 0.00020723 0.00018436
-0.00759511 0.0231591 0.0155723 0.00018438 0.00016588 0.00023452
-0.00447157 0.197639 -0.0152516 0.00029565 0.00033435 0.00010175
-0.00741191 0.048985 0.00895355 0.00020298 0.00038503 9.798e-05
-0.00242744 0.12102 -0.00261166 0.0002568 0.00028285 3.149e-05
-0.0064494 0.118216 0.0024545 -0.00026758 0.00023368 -3.16e-06
-0.00622312 0.049336 0.0169698 0.00024058 0.00033435 6.798e-05
-0.00219501 0.173673 -0.00461847 0.00018471 0.00019789 -0.00012081
-0.00693122 0.0580594 0.0121766 -2.897e-05 0.00023108 3.6e-05
-0.00861403 0.167344 -0.00781669 0.00036448 0.00042186 7.901e-05
-0.00811142 0.0979249 0.00429679 8.704e-05 0.00016641 0.00033608
-0.00376444 0.0912477 0.0225084 -0.00014972 0.00065896 0.00014631
-0.00189336 0.180265 -0.0154265 0.00016198 0.00058435 0.00024411
-0.00409542 0.0381681 0.0145025 -0.00011037 0.00058435 8.943e-05
-0.00346347 0.175955 -0.017297 0.00012406 0.00058435 0.00013289
-0.00092797 0.095821 0.00370527 -4.437e-05 0.00017067 0.00019556
-0.00109988 0.0841945 0.00346998 8.71e-05 0.00020241 0.00012941
-0.0033968 0.172821 -0.0134174 0.00015878 0.00035366 9.921e-05
-0.00454934 0.0354932 0.00352619 1.958e-05 0.00015219 6.171e-05
-0.0091972 0.201489 -0.0135574 0.00031629 0.00058435 9.213e-05
-0.00502488 0.105978 0.00337354 0.00010907 0.00033435 0.00029317
-0.00439236 0.120591 0.00336382 0.0001333 0.00020513 -6.325e-05
-0.00456718 0.151914 -0.00033145 6.584e-05 0.00016199 0.00011647
-0.00271947 0.0338429 0.0191645 -0.00032701 0.00032329 -0.00026685
0.00024637 0.194014 -0.0246905 -0.00013442 0.0004583 0.00021764
-0.00563982 0.0816275 0.0144184 -0.00035236 0.00033435 0.00028795
-0.00315763 0.0938437 0.00526687 0.00016011 0.00020387 -0.0001015
-0.0104826 0.185931 -0.0373043 -0.00032302 0.00049141 0.00012368
-0.00708844 0.0620373 -0.00482502 -0.0005288 -7.409e-05 0.00011015
-0.0115588 0.105127 -0.00568124 -3.248e-05 0.00022672 9.652e-05
-0.00617433 0.218898 -0.0580394 -0.0001834 0.00030964 -7.222e-05
-0.00722305 0.0561278 -0.0232329 -0.00036212 7.538e-05 1.593e-05
-0.0221212 0.0553436 -0.0702125 -0.00097813 -0.00011965 -0.00014162
-0.0196473 0.221906 -0.0939953 -5.27e-05 0.00012743 -0.00014247
-0.00996924 0.205517 -0.0489083 0.00016011 0.00058435 0.00020768
0.00110489 0.0722949 -0.00515849 -0.00024674 0.00026357 -1.72e-06
-0.00226376 0.0453333 -0.00763762 -0.00041314 0.00020344 -0.00022795
0.00364493 0.182844 -0.0355598 -4.9e-05 0.00033435 -3.518e-05
-0.00077564 0.102226 -0.0659199 0.00023513 0.0001484 -7.177e-05
-0.0109658 0.0168821 -0.00543428 -0.00010143 0.00033435 7.982e-05
-0.0110339 0.152397 -0.0112579 -0.00026193 0.0001628 5.744e-05
-0.011057 0.0976545 -0.00869365 -0.00016662 0.00026981 9.567e-05
-0.00826541 0.136074 -0.0193236 -0.00015354 0.00058435 6.631e-05
-0.00949548 0.209361 -0.0318676 -4e-08 0.00064017 -4.938e-05
-0.00556984 0.108578 0.00970419 -0.00076687 9.777e-05 -0.00013249
-0.00907692 0.165231 -0.0365711 -0.00052254 0.00023975 -0.00029183
-0.00556857 0.0965579 -0.0117917 -0.00045391 0.0002219 0.00014489
0.00066419 0.0421383 -0.00504075 -0.00013773 0.00014469 -0.00024121
-0.00583581 0.169986 -0.0252601 -0.00015559 0.00042625 8.583e-05
-0.0045407 0.057891 -0.00637698 -0.00045323 0.00023749 9.13e-05
0.00133345 0.118517 -0.0158122 -0.00081849 0.0002774 -0.00011895
0.0055581 0.149483 -0.0138343 -0.00040156 0.00042397 -6.096e-05
0.00347516 0.0589766 0.00060607 -0.00036087 0.00027166 -4.257e-05
0.00376213 0.235968 -0.0279515 -6.733e-05 0.00058435 2.725e-05
0.00164838 0.120373 0.0147689 -0.0004552 0.0003249 0.00016515
0.00637699 0.120221 0.00861146 -0.00026959 0.00031931 -7.004e-05
0.00161541 0.224759 -0.00680083 -6.923e-05 0.00020592 8.493e-05
0.00943513 0.0585648 0.0145461 -0.00051644 0.00039951 1.187e-05
0.00424362 0.129599 -0.00648412 -0.0002065 0.00039818 0.00012423
0.00320528 0.174236 -0.0202544 -0.00030397 0.00033435 0.00013501
0.00529338 0.0356696 0.0186184 -0.00058477 0.00049318 0.00017152
0.00200134 0.109813 -9.031e-05 -0.00015054 0.00025527 0.00011881
-0.0008406 0.198252 -0.0344377 -0.00024704 0.00045883 0.00023318
0.00469951 0.0626916 0.00150569 -0.0004445 0.00038798 0.00010526
0.00701159 0.0777211 0.0137733 -0.00040939 0.00038529 -7.2e-06
0.00256205 0.243226 -0.00493218 2.96e-06 0.0001362 -6.18e-06
0.00043705 0.165519 -0.00972479 -0.0001882 0.00036679 0.00011959
0.00021728 0.0612532 -0.00909454 -0.00041051 0.00032384 0.00018529
0.00184037 0.180668 -0.0310457 -0.00024728 0.00058435 3.866e-05
-0.00189322 0.0604212 -0.00183415 -0.00044559 0.00035573 0.00015102
0.00134818 0.0830874 -0.00780006 -0.00017662 0.00033435 5.2e-06
0.00321492 0.146909 -0.0350378 -0.00035162 0.00058435 6.541e-05
-0.0009156 0.0479183 0.00522954 -0.0002214 0.00033435 0.00011768
0.00538458 0.0977325 0.0112129 -0.00060807 0.00033435 -0.00012373
-0.00499396 0.201333 -0.0055115 -0.00020015 0.00021694 0.00016981
0.00835757 0.0861965 0.035241 -0.00078486 0.00039573 -2.9e-06
0.00793325 0.0977238 0.0668895 -0.00111462 0.00052504 -0.0001407
0.00240536 0.267781 -0.0151766 -0.0001355 0.00070712 -5.279e-05
0.00269013 0.0924103 0.024484 -0.00136212 0.00036862 -5.452e-05
0.00430484 0.0547489 0.0191598 -0.00070126 0.00035194 -2.457e-05
0 0.195422 0.00171935 -0.0008751 0 0
