0.0266857 0.0868025 0.0296859 0.00036693 0 0.00065864
0.0128525 0.15729 0 0 0 0.0004396
0.0118789 0.00782811 0.084882 0.00108538 0 0.00054606
0.0120576 0.144434 0.106793 0.00088008 0.00013501 0.00020803
0.00942021 0.228074 0.0781194 0.00094978 9.504e-05 0.00018569
0.0126306 0.0449938 0.092158 0.00119284 0 0.00054606
0.0105927 0.0778621 0.10543 0.00138704 0 0.00060297
0.0125778 0.262517 0.105559 0.00132734 0 0.00054606
0.00381312 0.175017 0.105553 0.00133107 0 0.00020237
8.44e-05 0.0548217 0.12275 0.00129805 -8.17e-05 0.00049519
0.00707012 0.212212 0.129706 0.00163451 -7.655e-05 0.00049082
0.00864282 0.234714 0.0924883 0.00119284 -5.114e-05 0.00024197
0.0063342 0.0829604 0.118257 0.00127877 -5.341e-05 0.00054606
0.0113404 0.209525 0.169115 0.00135316 7.975e-05 0.00054606
0.0139949 0.246797 0.14069 0.00119284 5.019e-05 -8.49e-05
-0.0002834 0.0998269 0.148563 0.00107801 -0.00012904 0.00036579
-0.00242599 0.235472 0.233991 0.00030426 -0.0001004 0.00031292
0.0168593 0.261199 0.240139 -7.764e-05 0.00041547 -0.00031019
0.0178692 0.124624 0.19864 0.00035371 0.00025 -9.227e-05
-0.00225334 0.262737 0.211409 0.0005529 -0.00016947 0.00028424
0.0155095 0.334445 0.247209 0.00017112 6.387e-05 -0.00038062
0.00816791 0.169284 0.190496 0.00087922 -0.00010102 -8.225e-05
-0.00182071 0.114829 0.166099 0.00162227 -9.054e-05 0.00035311
0.00609524 0.29034 0.207739 0.00116023 -0.00013869 -0.000132
-0.00088206 0.173369 0.151949 0.00192567 -9.306e-05 0.00046546
0.00087905 0.152119 0.171168 0.00205192 -6.241e-05 0.00019079
0.0125872 0.284362 0.185333 0.00230147 -0.0003611 -2.068e-05
0.0250552 0.102373 0.113195 0.00380233 -0.00069891 0.00045922
0.0270316 0.223383 0.155279 0.00289143 -0.00077881 0.0004358
-0.00416787 0.170486 0.131746 0.002189 -0.0007516 0.00054606
0.0229186 0.0599538 0.111696 0.0027721 -0.00084243 8.43e-05
0.0303347 0.217645 0.170353 0.00274686 -0.00087377 0.00041369
0.0375736 0.0825502 0.124955 0.00251126 -0.00071889 0.00054606
0.0415573 0.171602 0.167203 0.00263532 -0.00051019 0.00023532
0.0379046 0.128631 0.124562 0.00285952 -0.0007565 0.00029606
0.0238948 0.135183 0.0942408 0.00382062 -0.00121184 0.00015908
0.0172073 0.0481595 0.0497686 0.00367513 -0.00151064 0.0001945
0.0213682 0.088376 0.0936502 0.0037652 -0.00096184 0.00054606
0.0159666 0.161147 0.105185 0.0031675 -0.0008051 0.00054606
0.0210159 0.139612 0.0542632 0.00362119 -0.00121184 0.00054606
0.0496843 0.121516 0.133944 0.0022544 -0.00075637 0.00054606
0.0381009 0.248979 0.129673 0.00191377 -0.00058353 0.00012325
0.0487905 0.0819439 0.116785 0.00225637 -0.00060111 0.00036105
0.0471457 0.240287 0.154326 0.00253792 -0.00057428 0.00010672
0.0581953 0.0967026 0.0979913 0.00278218 -0.00075637 0.00040813
0.0481691 0.16673 0.164 0.00233264 -0.00061892 0.00023361
0.0354874 0.205111 0.126453 0.00232743 -0.00084624 0.00020497
0.0301912 0.00022843 0.0986003 0.00218532 -0.00075637 -0.00011439
0.011395 0.0906529 0.108396 0.00218532 -0.00060078 2.948e-05
0.0189709 0.0794397 0.0981079 0.00218532 -0.00050637 1.663e-05
0.0254504 0.180951 0.117631 0.00179231 -0.00020382 -4.773e-05
0.0168376 0.249935 0.0884315 0.00209849 -0.00037022 -0.00018012
0.0409861 0.131877 0.124264 0.0016544 -7.619e-05 4.171e-05
0.0430289 0.292683 0.144909 0.00195097 -0.00025325 -3.065e-05
0.0498892 0.15154 0.105742 0.00144112 -0.00022508 -0.00011473
0.0602151 0.148521 0.121636 0.00154297 -2.624e-05 7.108e-05
0.05063 0.173825 0.107723 0.00140017 -5.601e-05 -0.00016631
0.0428646 0.227508 0.197215 0.0026334 -0.00022508 -5.349e-05
0.0336883 0.18963 0.181456 0.00242202 -9.609e-05 -0.00030717
0.0245015 0.00923129 0.137462 0.00225982 -0.00022508 -0.00029364
0.0226651 0.170592 0.149415 0.00212233 -0.00022508 -0.00020444
0.0248779 0.12627 0.0843091 0.00166346 -9.461e-05 -0.00013358
0.0239828 0.146867 0.135895 0.00188461 2.492e-05 -8.071e-05
0.0219003 0.250954 0.114661 0.00153185 2.492e-05 -0.00010438
0.0240393 0.2732 0.114717 0.00150933 5.034e-05 -0.00020645
0.0254497 0.324162 0.124227 0.00168693 -8.677e-05 -0.00016836
0.0234476 0.214524 0.119991 0.00168147 -4.179e-05 -0.00015509
0.0233916 0.260877 0.123223 0.00180007 3.35e-05 -0.00023192
0.0289072 0.179211 0.114364 0.00166388 2.492e-05 -0.00018761
0.04321 0.274043 0.165047 0.00193575 8.013e-05 -0.00030027
0.0445453 0.0947893 0.104286 0.00138077 7.86e-05 -0.00031188
0.0278127 -0.0113122 0.105382 0.00143236 4.989e-05 -0.00021602
0.0300231 0.146952 0.106673 0.00143236 0.00018433 -0.00046627
0.0291002 0.184876 0.0540488 0.00177484 0.00020745 -0.00032962
0.0287924 0.112897 0.0867198 0.00127474 7.79e-05 -0.00019106
0.0324261 0.328743 0.0781324 0.00110495 0.00013891 -0.00043614
0.0321794 0.224071 0.0704548 0.0010858 0.00016449 -0.00038842
0.0332212 0.329219 0.0736811 0.00094771 0.00026982 -0.00018315
0.0385553 0.231145 0.0680845 0.00209091 2.492e-05 -0.00024077
0.0358898 0.313399 0.0882409 0.00119771 0.00022332 -0.0003175
0.0181316 0.0358552 0.0478817 0.00088509 -4.043e-05 -0.00050007
0.0332045 0.020165 0.0534619 0.00155911 -6.863e-05 -3.936e-05
0.0384157 0.114573 0.104721 0.00134836 0.00010529 -5.969e-05
0.0351963 0.184612 0.0709552 0.00094771 2.926e-05 -0.00031085
0.0441885 0.104604 0.0878359 0.00110344 0.00012243 -0.0002705
0.0308667 0.319197 0.131139 0.00050279 0.00031741 -0.00035598
0.0374646 0.216004 0.0882229 0.00094771 0.00027178 -0.00036492
0.0505225 0.255957 0.0882448 0.00094771 0.00031742 -0.00030708
0.060697 0.319475 0.091629 0.00094771 0.00027589 -0.00024171
0.0446197 0.406821 0.148048 0.00084118 0.00027433 -0.00054266
0.0447243 0.146517 0.104127 0.00145156 0.00012858 -0.00030551
0.0358814 0.145365 0.100031 0.00086268 0.00033533 -0.00052217
0.0366699 0.11361 0.077107 0.00116812 0.00014601 -0.00050295
0.0346979 0.20876 0.0919181 0.00133568 0.00032641 -0.00052325
0.0346736 0.236801 0.0809809 0.00110802 0.00014768 -0.00059434
0.0310195 0.193661 0.0925489 0.00106896 0.00027123 -0.0005261
0.029592 0.308181 0.0845498 0.00109893 0.00025461 -0.00060259
0.0361274 0.254942 0.07431 0.00090714 0.00013233 -0.00066909
0.036983 0.339514 0.0825892 0.00107814 0.00012291 -0.00071762
0.0355093 0.274523 0.068633 0.00108663 0.00022727 -0.00063805
0.0425397 0.379415 0.0611406 0.00106963 0.00012507 -0.00079581
0.0419141 0.219224 0.0405488 0.00063986 9.622e-05 -0.00073523
0.0443611 0.0790935 0.0603923 0.00076144 0.00042466 -0.00063059
0.0380386 0.269626 0.0533827 0.00097397 0.00027147 -0.000745
0.0420635 0.11332 0.0525476 0.00085243 0.00043702 -0.00033239
0.0457568 0.29226 0.064173 0.00088006 0.00017677 -0.00067709
0.0440706 0.240348 0.0576047 0.00080854 0.00030656 -0.00073634
0.0449198 0.331772 0.0641989 0.00087925 0.00017301 -0.00072934
0.0423931 0.354274 0.0569071 0.00091368 0.0001941 -0.00091801
0.0391228 0.284838 0.0590313 0.00092611 9.108e-05 -0.00082814
0.0588181 0.167666 0.0338349 0.00099781 -0.00022508 -0.00079025
0.0511347 0.24385 0.0664361 0.00095701 2.492e-05 -0.00079918
0.0605935 0.276451 0.0473986 0.00052647 2.492e-05 -0.00079542
0.0562257 0.018595 0.0413879 0.00047748 8.911e-05 -0.00055744
0.0625854 0.0933616 0.0461586 0.00052647 7.023e-05 -0.00064369
0.0601747 0.239054 0.0322344 0.00027646 7.979e-05 -0.00095558
0.0541351 0.17804 0.0476209 0.00045394 0.00031709 -0.00075762
0.060424 0.37344 0.0628055 0.00071743 0.00017245 -0.00084517
0.0599886 0.324431 0.0341086 0.00019342 0.00038811 -0.00095456
0.0596081 0.397651 0.0640012 0.00027647 0.00054368 -0.00089702
0.0587995 0.335773 0.0362359 0.00027647 0.00038923 -0.00084475
0.060639 0.294643 0.063974 0.00027647 0.00039265 -0.00082769
0.0610983 0.361421 0.0219005 0.00027647 0.00026456 -0.00088482
0.0650579 0.105654 0.0312622 0.00018475 7.912e-05 -0.00057511
0.0586789 0.243176 0.0415397 0.0004172 0.00018779 -0.00087349
0.0596305 0.162786 0.0240373 0.00027647 0.00019775 -0.00089919
0.0664771 0.0348097 0.0636069 0.00042456 0.00028456 -0.00072677
0.0664955 0.296111 0.0696336 0.00027647 0.0004818 -0.00061503
0.0664384 0.279893 0.0372109 6.901e-05 0.00018929 -0.00086593
0.0687606 0.300856 0.0639827 0.00027647 0.00045738 -0.00085052
0.0661521 0.426224 0.0438392 5.854e-05 0.00065567 -0.00085452
0.0714212 0.328125 0.0641538 0.00021246 0.00048466 -0.00095504
0.0801665 0.389613 0.0590615 0.00015149 0.00065567 -0.00085859
0.0892259 0.432685 0.0355881 -0.00070806 0.00048569 -0.0009641
0.0848532 0.163197 0.0552565 2.164e-05 0.0004567 -0.0008636
0.0811974 0.27986 0.0580552 0.00032086 0.00029428 -0.00082948
0.0795848 0.192488 0.0391796 0.00032086 0.00026293 -0.00074061
0.080704 0.261862 0.0673635 0.00032086 0.00036234 -0.00075336
0.085716 0.283396 0.0465235 0.00032086 0.00027319 -0.00052444
0.0787611 0.311575 0.100354 -0.0002542 0.00043654 -0.00071257
0.0853795 0.432723 0.055542 -0.00011602 0.00020086 -0.00076029
0.0774673 0.341929 0.0981848 -0.0007812 0.00018704 -0.00080922
0.0869269 0.433709 0.0603826 -0.0001418 0.00036444 -0.00074516
0.0908625 0.380888 0.0737195 -0.0001625 0.00020675 -0.00057019
0.0933373 0.425124 0.0937192 -0.0007812 0.00054131 -0.000923
0.0940498 0.243981 0.0520229 -0.0003552 3.644e-05 -0.0008377
0.0921286 0.0882957 0.0854916 9.105e-05 -4.478e-05 -0.00064465
0.0916124 0.322719 0.0764334 -0.00021087 0.00027253 -0.00080244
0.091801 0.151364 0.0336299 -7.134e-05 -7.246e-05 -0.00058039
0.0983069 0.294297 0.0878659 -0.00037644 0.00014615 -0.00065373
0.104148 0.381725 0.0562802 -0.00060555 6.579e-05 -0.00061592
0.106406 0.358115 0.0841327 -0.00064432 0.00014615 -0.00047886
0.10199 0.484431 0.0573552 -0.00098004 0.00014615 -0.0005656
0.10344 0.364997 0.0617714 -0.00091784 0.00014615 -0.00046061
0.0989157 0.458441 0.0530653 -0.00103472 0.00014615 -0.00084158
0.0998502 0.312361 0.0573689 -0.00094466 0.00014615 -0.00046556
0.0998841 0.418556 0.0827195 -0.00078589 0.00014615 -0.00072948
0.0995331 0.185889 0.0571986 -0.00049259 0.00022039 -0.00070786
0.101625 0.221689 0.0638509 -0.0003224 0.00014615 -0.00045567
0.107859 0.198717 0.0622886 -0.00083089 0.00014615 -0.00048013
0.109003 0.377018 0.0901843 -0.00080587 0.00014615 -0.0008371
0.110135 0.335493 0.048251 -0.00080407 0.00014615 -0.00046586
0.109411 0.395821 0.0754155 -0.0008587 0.00014615 -0.0005888
0.0998246 0.401612 0.0284209 -0.00052302 8.258e-05 -0.00082679
0.100652 0.377373 0.0594532 -0.00068623 0.00014615 -0.00077162
0.0975973 0.428178 0.0384613 -0.00072496 0.00014615 -0.0008159
0.0994854 0.322728 0.0739446 -0.00119583 0.00021262 -0.00075767
0.109844 0.407156 0.0619888 -0.00136294 0.00014615 -0.00073306
0.0965531 0.169002 0.0623305 -0.00035748 -3.305e-05 -0.00061567
0.0974699 0.14656 0.0384976 0.00038612 -0.00013523 -0.00070056
0.113281 0.302723 0.049584 -7.547e-05 9.476e-05 -0.00055332
0.115869 0.357441 0.0732479 -0.00078288 0.00062893 -0.00053799
0.115649 0.270998 0.0648433 -0.00064218 0.00043642 -0.00072246
0.112498 0.464949 0.11267 -0.00183663 0.00062857 -0.00082426
0.113367 0.315029 0.0782418 -0.0013721 0.00051665 -0.00052436
0.119399 0.396085 0.103406 -0.00172335 0.00058385 -0.00064976
0.113264 0.43364 0.0893017 -0.00211647 0.00064471 -0.00053844
0.127812 0.27565 0.0886031 -0.00183952 0.00045509 -0.00069851
0.112582 0.402104 0.101504 -0.00231032 0.00058183 -0.00080055
0.11301 0.243603 0.0550807 -0.00181316 0.00032184 -0.00066871
0.112691 0.225193 0.0903251 -0.00153442 0.00045573 -0.00081128
0.122735 0.354441 0.0682214 -0.00163481 0.00028131 -0.00086749
0.115593 0.292622 0.112754 -0.00235067 0.00045131 -0.0007733
0.124666 0.43122 0.114875 -0.00250671 0.00014615 -0.00076112
0.128172 0.375347 0.113641 -0.00235067 0.00029991 -0.00076718
0.126896 0.478666 0.127641 -0.00305365 0.00051795 -0.00084486
0.12758 0.358255 0.0975465 -0.00224047 0.00041934 -0.00082509
0.130953 0.460886 0.0840735 -0.00194755 0.00014615 -0.00077397
0.129185 0.293291 0.039034 -0.00126484 0.00014615 -0.0005839
0.112817 0.332416 0.0763941 -0.00158813 0.00014615 -0.00072304
0.120254 0.368541 0.0473782 -0.00140851 9.522e-05 -0.0007913
0.129752 0.174012 0.00996891 -0.00034751 -2.255e-05 -0.00065396
0.139511 0.290881 0.0133653 -0.00040719 2.385e-05 -0.00050772
0.143783 0.318021 0.0120662 -0.00038094 -8.027e-05 -0.00015396
0.148614 0.31673 0.0407734 -0.00087266 -2.68e-06 -0.00032739
0.154651 0.437478 0.0496373 -0.0014651 0.00014615 -0.00038161
0.149555 0.269289 0.0523771 -0.00127209 9.59e-06 -0.0003548
0.143375 0.438788 0.0518542 -0.00113138 -7.29e-06 -0.00052565
0.14182 0.305785 0.0374816 -0.00126761 -3.276e-05 -0.00050672
0.153883 0.290105 0.0717515 -0.00117245 -0.00030474 -0.00040658
0.152107 0.417376 0.0605483 -0.00150841 -0.00018026 -0.00043449
0.151254 0.214848 0.0381367 -0.00089346 -0.00023739 -0.0003098
0.15425 0.314924 0.0767937 -0.00096959 -0.00034837 -0.00038435
0.154854 0.323121 0.0463552 -0.00110613 -0.00014767 -0.00017676
0.154068 0.300413 0.0563758 -0.00072395 -0.0001984 -0.00020992
0.154293 0.400864 0.0539463 -0.00155954 -0.00033179 -0.00050143
0.159103 0.289897 0.0625379 -0.00108332 -0.0003948 -2.78e-06
0.163545 0.444913 0.0528457 -0.00113145 -0.00044694 -0.0001638
0.15866 0.260966 0.0396228 -0.00079247 -0.00064651 -0.00015822
0.15877 0.329667 0.0503339 -0.00016118 -0.00058029 -0.00013568
0.154264 0.357469 0.0315941 -0.00065341 -0.00046642 -0.00040613
0.158694 0.25122 0.0613541 -0.00041118 -0.00066551 -0.00015818
0.162394 0.427844 0.0787488 -0.00060943 -0.00056997 -0.00036645
0.158676 0.334971 0.0350791 -0.00073857 -0.00052283 -0.00015899
0.158759 0.252649 0.0587273 -0.00012432 -0.00056714 -0.00013535
0.15824 0.451941 0.0902144 -0.00088625 -0.00052756 -0.00032293
0.164768 0.311515 0.0502871 -0.00029535 -0.00077015 -2.78e-06
0.170196 0.368564 0.0633532 -0.00059315 -0.00049953 -2.78e-06
0.165753 0.343018 0.0529058 -0.000903 -0.00068298 -2.78e-06
0.158656 0.399019 0.0690323 -0.0011299 -0.00058986 -0.0001597
0.15909 0.370823 0.0407303 -0.00078773 -0.00036597 -2.78e-06
0.156657 0.403986 0.0710999 -0.00078773 -0.00058698 -2.78e-06
0.153482 0.367475 0.0454317 -0.00098139 -0.00045399 -0.00014927
0.155852 0.331506 0.0490501 -0.00078773 -0.00059783 -2.78e-06
0.151129 0.387982 0.0397898 -0.00099671 -0.00058518 -0.00029266
0.13733 0.22648 0.028929 0.00014159 -0.00059321 -3.481e-05
0.141292 0.40506 0.0351108 2.568e-05 -0.0010059 -4.11e-05
0.13679 0.285415 0.0120709 -0.00049357 -0.00068228 -0.0003074
0.133062 0.277208 0.0234328 -0.00013613 -0.00071798 -0.00028639
0.140741 0.445533 0.0160365 -0.00024357 -0.00079585 -0.00029546
0.136911 0.316845 0.0097955 1.488e-05 -0.00060923 -2.796e-05
0.14119 0.480029 0.0243321 -0.00049357 -0.00078564 -0.00022809
0.138921 0.377739 0.00239967 -0.00049357 -0.00089649 -0.00029403
0.146916 0.437576 0.0155701 -0.00049357 -0.00059845 -5.27e-05
0.149108 0.376398 -0.00097437 -0.00024357 -0.00055019 -0.0002736
0.139078 0.333121 0.0155297 -0.00049357 -0.00087386 1.8e-06
0.118278 0.304165 0.022969 2.426e-05 -0.00078752 -0.00017998
0.12837 0.184666 0.00988613 0.00040808 -0.00105021 -4.215e-05
0.14103 0.273736 0.0399064 0.00040808 -0.00068879 -3.422e-05
0.13369 0.238277 0.0116086 -0.00010337 -0.00093915 -1.753e-05
0.139749 0.311436 0.0226905 0.00012733 -0.00065824 -0.00023621
0.147456 0.321425 0.00945068 0.00031413 -0.00068936 -1.456e-05
0.14928 0.401266 0.0287978 -0.00010424 -0.00071159 -0.00024218
0.142552 0.444297 0.023487 -0.00017076 -0.00080109 -0.00023144
0.149937 0.356131 0.0128437 0.00018562 -0.00077241 3.65e-06
0.164771 0.455559 0.0342585 0.00013936 -0.00115392 3.711e-05
0.169377 0.291372 0.016346 0.00011412 -0.00069612 6.997e-05
0.15837 0.400353 0.0230848 -2.732e-05 -0.00076406 2.813e-05
0.159893 0.22309 0.0228429 8.168e-05 -0.00074951 0.00011444
0.152304 0.250114 0.0182937 0.0001224 -0.00069521 -0.00011815
0.153788 0.337938 0.0194068 -1.862e-05 -0.00067724 -6.764e-05
0.160406 0.230265 0.0186469 3.576e-05 -0.00074643 0.00021718
0.161878 0.474687 0.0277047 -0.00026862 -0.00104478 6.433e-05
0.169913 0.373432 0.0136838 -0.00026862 -0.00089193 0.00023183
0.169296 0.46662 0.053561 -0.00095052 -0.00117708 2.381e-05
0.174803 0.401296 0.0197195 -0.00040266 -0.0008009 0.00025944
0.169629 0.462662 0.0560471 -0.00099366 -0.00100908 0.00014151
0.189938 0.386607 0.0267075 -0.00077949 -0.00111344 0.00014794
0.190089 0.330935 0.0397904 -0.00070482 -0.00110195 0.00024306
0.180285 0.344544 0.00605074 -0.00021488 -0.00045399 0.0002574
0.174857 0.248713 0.0272828 -1.863e-05 -0.00097338 -3.167e-05
0.172335 0.319783 0.00860275 -0.00042817 -0.00093712 0.00011063
0.170013 0.309968 0.0217463 -0.00049349 -0.00095857 0.00025725
0.170037 0.485377 0.0207692 -0.00032077 -0.0009996 0.00025937
0.188124 0.330329 0.0603656 -0.00206107 -0.00093156 0.00016083
0.18864 0.483181 0.0784212 -0.00175474 -0.00090964 0.00015739
0.195109 0.432536 0.0574705 -0.00149922 -0.00076209 0.00030288
0.200566 0.405734 0.0804632 -0.00160109 -0.00102546 0.00035357
0.206911 0.474768 0.110595 -0.00232493 -0.00087295 0.00041712
0.187372 0.304368 0.0578527 -0.00125637 -0.00091564 0.00024483
0.173948 0.434576 0.0811002 -0.00147878 -0.0010236 0.00013358
0.180916 0.267756 0.0430367 -0.0011358 -0.00108909 0.00017024
0.183582 0.321258 0.088713 -0.00150638 -0.00091714 0.00013861
0.1913 0.368999 0.071256 -0.00183793 -0.00085778 0.0004129
0.199418 0.349273 0.0967517 -0.00164233 -0.00097164 0.0004226
0.199615 0.431169 0.0977597 -0.00198044 -0.00077048 0.00050009
0.209292 0.404497 0.111984 -0.00215283 -0.00071057 0.00037951
0.215674 0.495928 0.132207 -0.00251817 -0.00074473 0.00037769
0.220052 0.387716 0.0738445 -0.00135896 -0.00086382 0.0003768
0.216052 0.517146 0.0856125 -0.00173505 -0.00075835 0.00041104
0.193432 0.319762 0.0453581 -0.00132854 -0.00064528 0.0003555
0.183231 0.267223 0.0879627 -0.00204326 -0.00063926 0.00022022
0.190249 0.46443 0.121389 -0.00272138 -0.00068408 3.918e-05
0.187097 0.307674 0.0726022 -0.00254549 -0.00069664 -0.00028707
0.170729 0.354917 0.125214 -0.00329378 -0.00038983 -0.00069832
0.154954 0.393623 0.128091 -0.00383732 -0.00053632 -0.0010149
0.154408 0.266831 0.148122 -0.00419603 -0.00070069 -0.00093393
0.165744 0.468262 0.169719 -0.00428575 -0.00037989 -0.00094647
0.172851 0.331797 0.103821 -0.00328245 -0.00087046 -0.00046853
0.157736 0.514899 0.148698 -0.00357365 -0.00090438 -0.00032444
0.153591 0.449262 0.104211 -0.00338446 -0.00094711 -0.00036563
0.171539 0.209456 0.126798 -0.0030107 -0.00111437 -0.00028206
0.173247 0.399292 0.143156 -0.00372589 -0.00088063 -0.0003526
0.169422 0.268452 0.088962 -0.0030032 -0.00080137 -0.00015816
0.171931 0.312606 0.161832 -0.00432521 -0.00092043 -0.00027393
0.173679 0.398326 0.120976 -0.00404162 -0.00081434 -0.00026494
0.162352 0.324054 0.137474 -0.00389267 -0.00080278 -0.00030038
0.159015 0.478028 0.144356 -0.00449832 -0.00077974 -0.0002824
0.153249 0.352689 0.122151 -0.00442907 -0.00081078 -0.0004028
0.159029 0.469358 0.150392 -0.00412085 -0.00091533 -0.00028023
0.176581 0.370532 0.137561 -0.00423679 -0.00093971 0.00012659
0.174849 0.439985 0.149426 -0.00354958 -0.00089653 0.00011558
0.169379 0.365612 0.120523 -0.00323265 -0.00116105 7.598e-05
0.170862 0.313334 0.129066 -0.00329246 -0.00104416 -2.287e-05
0.178103 0.32333 0.0895111 -0.00353351 -0.00118672 0.00012512
0.187208 0.220337 0.0576156 -0.00290719 -0.00114301 0.00010331
0.188235 0.39449 0.030491 -0.00249079 -0.00125289 0.00012491
0.193242 0.321304 0.02999 -0.00274721 -0.00138291 -0.00010938
0.20132 0.45715 0.0664767 -0.003516 -0.0010638 0.00014359
0.201496 0.431773 0.0634129 -0.00362213 -0.00132611 0.00022321
0.215835 0.424436 0.0786528 -0.00347178 -0.0010638 0.0001921
0.221652 0.450709 0.0721624 -0.00419311 -0.00125579 0.0004105
0.220427 0.375646 0.0601983 -0.00353788 -0.00162588 0.00050903
0.220411 0.450948 0.085073 -0.00374383 -0.00167149 0.00051034
0.210296 0.344542 0.103078 -0.00386886 -0.00159584 0.00052274
0.219411 0.360028 0.0371849 -0.00261052 -0.00155651 0.00060921
0.220902 0.389193 0.0900349 -0.00295127 -0.00150463 0.00080875
0.221081 0.44584 0.0913544 -0.00342258 -0.00150463 0.00104109
0.221314 0.350703 0.114901 -0.00398594 -0.00150463 0.00067188
0.215442 0.532463 0.0848159 -0.00247044 -0.00150463 0.0007894
0.221525 0.414205 0.0728908 -0.00302483 -0.00150463 0.00072514
0.222499 0.477133 0.0970732 -0.00294444 -0.00150463 0.00087667
0.21201 0.542861 0.114921 -0.00400993 -0.00166199 0.00079772
0.222969 0.329991 0.0650106 -0.00315759 -0.00196908 0.00077133
0.231396 0.333556 0.10126 -0.00327022 -0.00183735 0.00088405
0.228427 0.429647 0.0714681 -0.00292811 -0.00188462 0.00092538
0.232298 0.270338 0.0555091 -0.0026622 -0.00196907 0.00105394
0.239345 0.391801 0.101357 -0.00326626 -0.00196908 0.00105089
0.239451 0.46028 0.063641 -0.00304567 -0.00196908 0.00110004
0.242058 0.410482 0.0592697 -0.00201176 -0.00191062 0.00115985
0.246956 0.540094 0.0816117 -0.00272 -0.00153283 0.00098171
0.250281 0.445926 0.0853308 -0.00268838 -0.00202116 0.00118974
0.252905 0.534464 0.0922394 -0.00254073 -0.00191228 0.00124237
0.257312 0.439027 0.0741289 -0.00240608 -0.00181569 0.00141531
0.23988 0.472029 0.085733 -0.00240608 -0.00153283 0.00123305
0.243633 0.350417 0.0761143 -0.00279821 -0.00182028 0.00133743
0.257128 0.338215 0.0983132 -0.00277849 -0.00203406 0.0015039
0.265566 0.40508 0.0589524 -0.00265608 -0.00196828 0.00154686
0.263784 0.168106 0.0551609 -0.00184192 -0.00197893 0.00159379
0.275274 0.340616 0.0286186 -0.00104756 -0.00144 0.00191111
0.273475 0.420539 0.0419903 -0.00185985 -0.00144 0.00191111
0.255763 0.296795 0.0886432 -0.00258265 -0.00144 0.00128152
0.2655 0.482044 0.116152 -0.00362703 -0.0017606 0.00133326
0.265546 0.314036 0.0799471 -0.00316362 -0.00177651 0.00148008
0.256653 0.43065 0.140066 -0.0038396 -0.0018701 0.00103661
0.257148 0.358893 0.0771649 -0.00301061 -0.00143562 0.00105845
0.266104 0.324 0.0913434 -0.00301061 -0.00165687 0.00120341
0.264842 0.422847 0.0813628 -0.00312309 -0.00165687 0.00137509
0.268377 0.232244 0.0856031 -0.00262829 -0.00192856 0.00129733
0.250175 0.411457 0.134569 -0.00371251 -0.00165687 0.0008831
0.262831 0.273034 0.087507 -0.00350334 -0.00156628 0.00081457
0.257762 0.304686 0.108785 -0.00362223 -0.00205841 0.00093279
0.262438 0.422916 0.081541 -0.00289017 -0.00176551 0.00096397
0.267375 0.305661 0.100129 -0.0035238 -0.00205841 0.00109236
0.270299 0.471749 0.147147 -0.00406603 -0.00154909 0.00105748
0.2625 0.355447 0.0817282 -0.00374456 -0.00148838 0.00069283
0.262064 0.425083 0.13938 -0.00436351 -0.00167389 0.00087497
0.270399 0.349404 0.0769809 -0.00363165 -0.00175164 0.00109628
0.278099 0.422503 0.0893762 -0.0034194 -0.00119825 0.00110438
0.292864 0.313242 0.0486142 -0.00376008 -0.00183734 0.00135188
0.296484 0.289417 0.0764686 -0.00376008 -0.00160834 0.0013779
0.288986 0.387645 0.0604344 -0.00396629 -0.00167721 0.00118424
0.287909 0.25722 0.0254444 -0.00370715 -0.00172761 0.000806
0.280536 0.319898 0.0399393 -0.0043952 -0.00176294 0.00079353
0.289777 0.224923 0.0276769 -0.00378946 -0.00171955 0.00085149
0.290312 0.416136 0.0654079 -0.00393364 -0.00160834 0.00080373
0.301743 0.322479 0.0342101 -0.0044957 -0.00160834 0.00080569
0.304895 0.344878 0.0712912 -0.00477252 -0.00141542 0.00083877
0.305287 0.433083 0.105774 -0.00480003 -0.0013367 0.00092045
0.307487 0.266904 0.0653043 -0.00418331 -0.00140019 0.0010513
0.286898 0.419784 0.124299 -0.0033774 -0.00103428 0.0007352
0.282316 0.283517 0.0985773 -0.00330468 -0.00105144 0.0006388
0.282785 0.244741 0.126581 -0.00347127 -0.00105144 0.00066818
0.28426 0.418722 0.151083 -0.0039219 -0.00105144 0.00057756
0.283451 0.280953 0.151299 -0.00461473 -0.00105144 0.00080789
0.289753 0.447531 0.10976 -0.00288866 -0.00105144 0.00083538
0.301759 0.37469 0.0901819 -0.00256749 -0.00105144 0.00096506
0.293808 0.501181 0.157172 -0.00349021 -0.00105144 0.00090239
0.291016 0.395422 0.128177 -0.00353568 -0.00102701 0.00081653
0.293296 0.414997 0.153946 -0.00393488 -0.00102743 0.00089399
0.297254 0.426528 0.17649 -0.00393488 -0.00074334 0.00087158
0.297243 0.34187 0.189377 -0.00433503 -0.00107025 0.00097424
0.301583 0.456753 0.157626 -0.00356898 -0.00115844 0.00089421
0.28696 0.30246 0.168332 -0.00302104 -0.00127401 0.00097131
0.275104 0.444885 0.196551 -0.00294083 -0.00101255 0.00066835
0.282792 0.566033 0.288572 -0.00337275 -0.00070002 0.00067303
0.321857 0.3834 0.289547 -0.00305026 0.00055975 0.00111425
0.325941 0.231492 0.220623 -0.00356967 0.00065191 0.00135833
0.329259 0.15282 0.229024 -0.00300495 0.0005142 0.00151702
0.32516 0.151647 0.213667 -0.00245222 0.00037066 0.00194264
0.319098 0.198563 0.193258 -0.00112346 -4.773e-05 0.00194264
0.339973 0.440983 0.187328 -0.00296263 -7.169e-05 0.00209705
0.323089 0.57084 0.180674 -0.00314997 -7.093e-05 0.00214319
0.317343 0.466577 0.13147 -0.00265538 -7.093e-05 0.00181472
0.313533 0.519202 0.165464 -0.00364386 0.00028968 0.00173564
0.310482 0.552803 0.174298 -0.00374313 0.00060354 0.00167161
0.313389 0.301936 0.122404 -0.00309503 0.0004489 0.00174503
0.322844 0.262375 0.148022 -0.00304639 0.00052082 0.00198427
0.318643 0.330891 0.155418 -0.00350965 0.00043662 0.00173206
0.318571 0.194989 0.107095 -0.00301842 0.00036544 0.00208387
0.32777 0.31233 0.13989 -0.00317934 0.00020267 0.0022864
0.323618 0.348401 0.161953 -0.00374333 0.00043662 0.00206903
0.326533 0.37832 0.135054 -0.00268425 -5.941e-05 0.00242296
0.326936 0.516508 0.156467 -0.00340256 0.00010739 0.00237704
0.330283 0.416369 0.143093 -0.0035578 0.00026927 0.00237051
0.324737 0.538636 0.157014 -0.00343861 0.00018499 0.00233682
0.319815 0.432724 0.158303 -0.00369903 0.00039279 0.00212889
0.319891 0.382464 0.194834 -0.00391474 0.00039279 0.00238329
0.319983 0.411665 0.184837 -0.00415785 0.00039279 0.00218524
0.312113 0.333101 0.212004 -0.00468145 0.00058444 0.00201661
0.312449 0.432751 0.224303 -0.00536077 0.00094572 0.00213901
0.305873 0.343425 0.228006 -0.00494541 0.000706 0.00202475
0.310821 0.483154 0.274186 -0.00591427 0.00111566 0.00202447
0.305868 0.443599 0.210943 -0.00522666 0.00096986 0.00208439
0.294479 0.477702 0.269533 -0.00597905 0.00125497 0.00153426
0.322841 0.551271 0.252774 -0.006527 0.00124868 0.00217152
0.307007 0.297987 0.205883 -0.00508483 0.00068578 0.00205796
0.310785 0.522954 0.347964 -0.00718945 0.0011783 0.00202766
0.319364 0.349781 0.266532 -0.00635944 0.00118065 0.00227659
0.323383 0.325892 0.306779 -0.00605319 0.00099287 0.00216223
0.309665 0.451271 0.308629 -0.00713006 0.00120555 0.00194988
0.301719 0.312394 0.27554 -0.00605085 0.00111565 0.00181841
0.303686 0.504395 0.391081 -0.0086928 0.00160139 0.0017621
0.306703 0.410777 0.316725 -0.00782326 0.0016895 0.00181732
0.319294 0.458906 0.404706 -0.00916975 0.00167666 0.00181891
0.305856 0.552722 0.344756 -0.00864661 0.00141756 0.00197974
0.308091 0.394791 0.280915 -0.00703239 0.00069471 0.00221462
0.313991 0.536439 0.387867 -0.00914003 0.00112743 0.00222589
0.31482 0.38563 0.312108 -0.00816442 0.00104579 0.0020188
0.312744 0.452955 0.361305 -0.00852314 0.00095871 0.00229301
0.315654 0.472139 0.331798 -0.00855357 0.00137064 0.00236142
0.314445 0.382205 0.281998 -0.0067347 0.0010117 0.00231701
0.321643 0.540465 0.340358 -0.00851598 0.00148012 0.00237153
0.3119 0.388487 0.304657 -0.00803574 0.00122909 0.00214617
0.306984 0.545117 0.375243 -0.00924723 0.00137064 0.0022539
0.304003 0.421946 0.283201 -0.00737315 0.00106939 0.00217929
0.298763 0.532523 0.345346 -0.0085041 0.00105079 0.00223577
0.298576 0.470865 0.283857 -0.00809181 0.00118727 0.00237786
0.301038 0.480337 0.359306 -0.00918233 0.00137064 0.00242382
0.306939 0.420043 0.304538 -0.00847636 0.00137064 0.00242344
0.309863 0.450832 0.3239 -0.00854992 0.00137064 0.00247371
0.308094 0.460628 0.313003 -0.00875903 0.00127862 0.00251758
0.309375 0.455504 0.352198 -0.0092894 0.00143033 0.0022989
0.307464 0.50161 0.31443 -0.00876586 0.00145553 0.00239495
0.293605 0.419807 0.32659 -0.00930774 0.00141145 0.00215097
0.298385 0.544261 0.355397 -0.0104018 0.00162203 0.00230413
0.29895 0.436545 0.278702 -0.00868135 0.00149863 0.00228082
0.296473 0.593907 0.369826 -0.00996629 0.00161056 0.00224112
0.306794 0.448566 0.280627 -0.00871449 0.00149863 0.00240738
0.307019 0.409364 0.300809 -0.00889932 0.00161357 0.0023959
0.305132 0.533412 0.317258 -0.00987937 0.00185637 0.0022589
0.31093 0.385548 0.261272 -0.00864124 0.00149863 0.00214386
0.307043 0.543484 0.319854 -0.00982074 0.00167536 0.00215302
0.302054 0.449281 0.280163 -0.00937904 0.00153088 0.00239593
0.290545 0.518775 0.356722 -0.0105801 0.00178683 0.00228377
0.29017 0.514525 0.330256 -0.0105082 0.00168196 0.00213262
0.290392 0.466121 0.30666 -0.00953936 0.00168044 0.0021273
0.286192 0.527232 0.265572 -0.00936282 0.00172484 0.00209714
0.280376 0.407256 0.259689 -0.00866404 0.00151853 0.00193626
0.274381 0.5649 0.340331 -0.0108052 0.00205037 0.00214708
0.284342 0.394978 0.231293 -0.00873098 0.00183026 0.00206159
0.274363 0.500494 0.304237 -0.0105037 0.00204198 0.00200255
0.280004 0.47901 0.243364 -0.00999314 0.00201043 0.0021301
0.283109 0.465407 0.296391 -0.0106123 0.00214244 0.00207769
0.277323 0.521002 0.212289 -0.00949334 0.00200266 0.00209118
0.27948 0.438773 0.26808 -0.0102071 0.00208484 0.00199145
0.277709 0.60807 0.322128 -0.0112968 0.00213581 0.00207472
0.277467 0.45585 0.27973 -0.0105978 0.00207159 0.00187603
0.272523 0.524387 0.310908 -0.0109338 0.0023594 0.00172747
0.273232 0.554149 0.291665 -0.0112521 0.00226975 0.00192192
0.273994 0.460726 0.298047 -0.0108103 0.00248564 0.00166943
0.269541 0.627542 0.34767 -0.0122017 0.00263258 0.00168437
0.275157 0.421115 0.29153 -0.0109502 0.0024076 0.00181
0.278514 0.5629 0.37631 -0.0126394 0.00284872 0.00161352
0.281792 0.527784 0.294641 -0.0119659 0.00260647 0.00165929
0.28179 0.495617 0.318658 -0.011889 0.00272173 0.00164942
0.271694 0.64646 0.339879 -0.0126051 0.00261395 0.0017865
0.270809 0.469274 0.281565 -0.0108585 0.00255254 0.00185019
0.266405 0.620995 0.370696 -0.0131762 0.00269116 0.00152683
0.266449 0.508351 0.300701 -0.0120605 0.00304355 0.00171393
0.254763 0.555461 0.323721 -0.011851 0.00301789 0.00147907
0.237094 0.486401 0.264062 -0.00967787 0.0030325 0.00132925
0.253446 0.46245 0.258135 -0.0100648 0.00264082 0.00137424
0.260611 0.459987 0.335654 -0.0114726 0.00285766 0.00153043
0.264855 0.595738 0.377374 -0.0131968 0.00309959 0.00115052
0.262841 0.381924 0.320979 -0.0118097 0.00309959 0.0015883
0.266329 0.591235 0.376135 -0.0135997 0.00309959 0.00142578
0.265757 0.428483 0.3136 -0.0126094 0.00309959 0.0012733
0.252511 0.622164 0.423373 -0.0140193 0.00358939 0.00111355
0.255992 0.610859 0.370303 -0.0137155 0.00385107 0.0011084
0.249619 0.526152 0.35582 -0.0133857 0.00353971 0.00097136
0.248711 0.657861 0.409058 -0.0143692 0.00384038 0.00100417
0.249024 0.524232 0.380249 -0.0131739 0.00335129 0.00088985
0.24436 0.669178 0.45341 -0.0143212 0.00368853 0.00099045
0.251964 0.492212 0.365862 -0.0130618 0.00371397 0.00088955
0.243893 0.571741 0.47804 -0.0152738 0.0038509 0.00054541
0.242446 0.552225 0.382895 -0.014274 0.0034095 0.00088565
0.215553 0.499246 0.368735 -0.0132745 0.00319972 0.00090792
0.200792 0.589602 0.331492 -0.0140932 0.0033111 0.00063492
0.200252 0.551693 0.35349 -0.0144024 0.00359336 0.00056042
0.191037 0.645611 0.344124 -0.0154392 0.00383303 0.00072538
0.179007 0.541834 0.357743 -0.0151623 0.00352255 0.00038776
0.169902 0.695312 0.447719 -0.016832 0.00369409 0.00038175
0.175973 0.485773 0.344143 -0.0155809 0.00344535 0.00042323
0.16506 0.541711 0.376518 -0.0153764 0.00336186 0.00021216
0.156589 0.616008 0.359043 -0.0156863 0.00344535 0.00017604
0.157721 0.432104 0.35412 -0.0151344 0.00299231 0.00042581
0.160475 0.633745 0.419441 -0.0163003 0.00344535 0.00030437
0.173202 0.488048 0.326748 -0.0151546 0.00302377 0.00065187
0.16799 0.615851 0.412784 -0.0172696 0.00344535 0.00035466
0.172139 0.643342 0.354599 -0.0164518 0.00313889 0.00033642
0.16513 0.483741 0.364958 -0.0161735 0.00327358 0.00035413
0.160844 0.656094 0.351197 -0.0166243 0.00309807 0.00042083
0.160034 0.485685 0.29022 -0.0145254 0.00290373 0.00032635
0.14004 0.650254 0.422861 -0.0173391 0.00310982 2.848e-05
0.142858 0.505518 0.344166 -0.0164967 0.00266389 -6.191e-05
0.131133 0.653647 0.465391 -0.0174135 0.00330308 4.73e-05
0.141013 0.478092 0.332234 -0.0156095 0.0029707 4.9e-05
0.131869 0.602569 0.450356 -0.017012 0.0029707 1.91e-05
0.150598 0.573186 0.329593 -0.0158576 0.00285869 0.00042303
0.147689 0.54508 0.394888 -0.0166746 0.0029707 9.615e-05
0.137401 0.642117 0.38612 -0.0167801 0.0029707 -7.04e-06
0.133067 0.507614 0.366684 -0.0160004 0.00278027 -0.00019694
0.120979 0.672115 0.498206 -0.0177216 0.0029707 -0.00021386
0.121431 0.526312 0.346551 -0.015891 0.00282006 -0.00020956
0.120539 0.577402 0.428284 -0.0177139 0.00291164 -0.00024125
0.113988 0.632113 0.427019 -0.0172523 0.0028374 -0.00048621
0.109522 0.525432 0.375509 -0.0162308 0.00249299 -0.0004718
0.105462 0.664415 0.489879 -0.0172812 0.00268542 -0.00044252
0.104775 0.588944 0.373868 -0.016258 0.00264509 -0.00057097
0.107592 0.381049 0.340909 -0.0154244 0.00257046 -0.00039972
0.111054 0.595226 0.429841 -0.0169504 0.00288842 -0.00038248
0.113997 0.511565 0.30144 -0.0148807 0.0024411 -0.00035265
0.110255 0.531834 0.386151 -0.016329 0.00254708 -0.00028304
0.0963995 0.605038 0.357161 -0.0159347 0.00244737 -0.00043691
0.102041 0.501763 0.334764 -0.0153833 0.002455 -0.00040107
0.0952421 0.622333 0.352488 -0.0157131 0.00245823 -0.00049483
0.0811951 0.535244 0.250815 -0.0130991 0.00208708 -0.00061709
0.0673871 0.436986 0.309092 -0.0125192 0.00198838 -0.0008398
0.063358 0.551186 0.314748 -0.0135154 0.0022893 -0.00082169
0.0724 0.315343 0.273897 -0.0124161 0.00232369 -0.0009511
0.0602202 0.494673 0.32997 -0.0124378 0.00250775 -0.00095941
0.0603836 0.439482 0.26256 -0.0122078 0.00239784 -0.00090418
0.0638052 0.423089 0.29191 -0.0120498 0.00250775 -0.00118797
0.0513687 0.585656 0.294807 -0.0130296 0.00237173 -0.00120303
0.0677922 0.447364 0.277176 -0.0127798 0.00250775 -0.00100524
0.063827 0.605037 0.394806 -0.0144304 0.0029681 -0.00101197
0.0636083 0.489285 0.28165 -0.0129293 0.00250775 -0.00111051
0.045581 0.625975 0.374788 -0.0142069 0.00250775 -0.00138018
0.0523456 0.43363 0.260524 -0.0130071 0.00250775 -0.0014544
0.0566194 0.431886 0.327329 -0.0137126 0.0024985 -0.00118439
0.0427141 0.57955 0.343537 -0.0148778 0.00230118 -0.00153842
0.0535842 0.386556 0.279392 -0.0137353 0.00238525 -0.00153139
0.0435855 0.573466 0.344648 -0.0143313 0.00229903 -0.00167661
0.0531925 0.438852 0.279148 -0.0138935 0.00241015 -0.00155932
0.0445234 0.578162 0.371169 -0.0152794 0.00257333 -0.00169452
0.0375258 0.545865 0.303504 -0.0152664 0.00237482 -0.0017081
0.0294325 0.507373 0.315259 -0.0138043 0.00264016 -0.00189419
0.0249551 0.605505 0.275471 -0.0142696 0.00273775 -0.00208737
0.0256195 0.407156 0.279534 -0.0126912 0.00237131 -0.00174804
0.0294602 0.568458 0.293236 -0.0127597 0.00261981 -0.0018216
0.0323983 0.560428 0.183116 -0.0119554 0.00234765 -0.00201228
0.0251801 0.279668 0.248181 -0.010122 0.00238989 -0.00162319
0.010964 0.251721 0.41555 -0.0101372 0.0023832 -0.00154121
0.00673547 0.421263 0.401905 -0.0111726 0.00290387 -0.00185695
0.00123838 0.29525 0.362778 -0.0104534 0.0028029 -0.00204719
-0.00743678 0.532722 0.432532 -0.012038 0.00289711 -0.00217817
-0.00254229 0.512995 0.33633 -0.0109656 0.0027418 -0.00203658
0.00637594 0.496558 0.365918 -0.011375 0.0031128 -0.00227382
-0.0123779 0.647839 0.388244 -0.0125689 0.0030146 -0.00245189
-0.0147056 0.52569 0.342945 -0.0113261 0.00279021 -0.00236529
-0.0128218 0.43761 0.383955 -0.0112457 0.00286016 -0.00232323
-0.0218441 0.5287 0.389647 -0.0112812 0.00280801 -0.00261693
-0.0189068 0.330022 0.330134 -0.0100385 0.00258577 -0.00227418
-0.0316253 0.401879 0.422478 -0.0112494 0.00281376 -0.00243073
-0.037355 0.465666 0.415863 -0.0115426 0.00271904 -0.0024948
-0.029539 0.312304 0.412353 -0.0101581 0.00283494 -0.00247541
-0.0528801 0.512584 0.49991 -0.012055 0.00299557 -0.00270566
-0.0513615 0.42182 0.396539 -0.0107789 0.00291784 -0.00270901
-0.0474591 0.455103 0.40955 -0.0104489 0.00278705 -0.0025439
-0.054252 0.620299 0.462731 -0.0119687 0.00293894 -0.00292446
-0.049443 0.410025 0.394957 -0.0103461 0.00280172 -0.00238891
-0.0540261 0.463139 0.469932 -0.0112769 0.00269656 -0.00242993
-0.0511504 0.520876 0.462444 -0.0116221 0.00287427 -0.00277691
-0.0508061 0.377896 0.411703 -0.0104686 0.00300048 -0.00267111
-0.0627731 0.445229 0.447566 -0.0110811 0.00282442 -0.00271583
-0.0719044 0.539639 0.507941 -0.0118067 0.00289268 -0.00275102
-0.0684436 0.422263 0.429832 -0.0108881 0.00291217 -0.00290548
-0.0797527 0.486289 0.486014 -0.0115536 0.00297423 -0.00304275
-0.0794756 0.546688 0.4778 -0.0116337 0.00302072 -0.00305233
-0.0693797 0.419883 0.442563 -0.0100622 0.00277593 -0.00269365
-0.0706564 0.563844 0.52864 -0.0117469 0.00287225 -0.00309469
-0.0704185 0.477084 0.434864 -0.0103771 0.002665 -0.00303874
-0.0786191 0.378052 0.499673 -0.0106783 0.0027536 -0.0030419
-0.0939793 0.536699 0.473391 -0.0108385 0.00282423 -0.00331751
-0.0912803 0.369933 0.42698 -0.0105274 0.00306022 -0.00322802
-0.0944189 0.454026 0.452789 -0.0104723 0.00301747 -0.00331812
-0.0980872 0.537503 0.480163 -0.011894 0.00324066 -0.00378027
-0.0985331 0.401044 0.454572 -0.0103483 0.00309963 -0.00369455
-0.108084 0.553424 0.517921 -0.011704 0.00321062 -0.00395511
