0.0425163 0.0180837 0.137221 -0.00052427 0.00096257 0.00013397
0.0423845 0.0483613 0.158359 -0.00140583 0.0008984 0.00024252
0.0499722 0.00351868 0.159225 -0.00014151 0.00105303 0.00022499
0.0488614 0.00351825 0.158037 -3.415e-05 0.00109556 0.00016338
0.0500217 0.0369285 0.152669 -0.00020555 0.00110924 0.00032078
0.053076 0.0123913 0.193551 -0.00032188 0.00107652 0.00022429
0.0559483 0.0212332 0.207991 -0.00071621 0.00122621 0.00013548
0.0424255 0.0288378 0.164945 -0.00018574 0.00101421 0.00021379
0.0592673 0.0150211 0.204025 -0.00060026 0.00131431 0.00011307
0.0625034 0.0288839 0.16505 -0.00035015 0.00123144 0.00018277
0.0573038 0.0521362 0.150952 7.985e-05 0.00110957 0.00027472
0.0617183 0.00853981 0.191397 -0.0002396 0.00122001 0.00012535
0.0579708 0.0500115 0.17352 -0.00067978 0.00123749 0.00012919
0.0424207 0.0387013 0.140377 -0.00055936 0.00092172 0.00015563
0.0193649 -0.00098465 0.110897 7.447e-05 0.00080951 0
0.0281158 -0.00094569 0.148046 -2.845e-05 0.00087579 0
0.0446201 0.0105905 0.168229 -0.00036869 0.00104538 0
0.0235751 0.0481288 0.167945 -0.00092095 0.00056095 0.00024725
0.0446756 0.0105491 0.134197 -0.00027249 0.00102783 0
0.0566032 0.0220887 0.152355 -0.00081824 0.00077083 0.00024341
0.0236027 0.0497611 0.194389 -0.00100977 0.0005879 0.00017939
0.0307106 0.0244035 0.202647 -0.00078976 0.00071388 0.00015652
0.0437629 0.0385356 0.208232 -0.00132239 0.0008675 0.00019837
0.035514 0.0561785 0.168673 -0.00092095 0.00071325 0.0002389
0.0405552 0.0219778 0.208308 -0.00082399 0.0009606 0.00018065
0.0456365 0.0310544 0.175905 -0.00073806 0.00070227 0.0001564
0.0539636 0.0372784 0.160301 -0.00068627 0.00096313 0.00036734
0.0510977 0.010341 0.203579 -0.00042084 0.00099165 0.00016611
0.0698027 0.0372677 0.155927 -0.00073806 0.00156281 0.00044098
0.0545181 0.0372731 0.150223 -0.00068437 0.00087105 0.00040111
0.0733245 0.0161118 0.160296 -0.00060375 0.00154566 0.0004608
0.0295021 0.0374575 0.1511 -0.00095503 0.00108538 0
0.0112405 0.015035 0.170842 -0.00073806 0.00072566 -7.183e-05
0.0221044 0.0171118 0.165229 -0.00073806 0.00064485 0
0.0221388 0.0603336 0.154734 -0.00147375 0.00068067 0
0.0266435 0.0238247 0.155345 -0.00064382 0.00079149 0
0.0361953 0.0238247 0.16042 -0.00064382 0.00084067 0
0.0332611 0.0431641 0.165757 -0.00074968 0.00082153 0
0.0343191 0.0145108 0.182856 -0.00064382 0.00086403 0
0.0267993 0.0321641 0.137478 -0.00073599 0.00071761 0
0.0348567 0.0168597 0.179677 -0.00089382 0.00088061 5.619e-05
0.0389742 0.023671 0.163031 -0.00078847 0.0007689 0.00012777
0.0354939 0.0430108 0.155257 -0.00064382 0.00079239 0.00014052
0.0416225 0.0253566 0.194682 -0.00069769 0.0007273 0.00016437
0.0460674 0.0551769 0.173325 -0.00104315 0.00078028 0.00023084
0.0425264 0.0467967 0.21228 -0.00132757 0.00085958 0.00022601
0.041227 0.0233331 0.19201 -0.00067827 0.00078743 0.00017912
0.0380187 0.0486656 0.159865 -0.00099452 0.00075502 0.00017845
0.0476219 0.0252532 0.201313 -0.00099452 0.00084308 0.00025734
0.0474836 0.0444309 0.161482 -0.00099452 0.000601 0.00043563
0.0638579 0.053993 0.220921 -0.00152796 0.0013067 0.00039792
0.0636742 0.0256518 0.224056 -0.00096509 0.00093133 0.00053376
0.0660951 0.0776628 0.17714 -0.00104529 0.00092677 0.00070912
0.0628725 0.0391191 0.210345 -0.00096241 0.00083536 0.00070255
0.0854514 0.0303892 0.224177 -0.00104529 0.00120252 0.00073284
0.0755478 0.0662395 0.204723 -0.00143667 0.00122084 0.00060187
0.0854798 0.0299371 0.222244 -0.00104529 0.00127791 0.0006123
0.0909121 0.0353215 0.219227 -0.00104529 0.00121666 0.00075269
0.101506 0.0566304 0.21434 -0.00104529 0.00118522 0.00071159
0.0904713 0.0325993 0.244241 -0.00104529 0.00117819 0.00077146
0.0914921 0.0681437 0.249085 -0.00203501 0.00139814 0.00066741
0.0915909 0.0452827 0.236702 -0.00116754 0.00131049 0.00070102
0.0874795 0.0246219 0.261063 -0.00103862 0.00124589 0.00075274
0.0877779 0.0655847 0.255125 -0.00186991 0.00128976 0.00067376
0.0889564 0.0502282 0.233028 -0.00136844 0.00115566 0.00093111
0.0957903 0.0438079 0.215963 -0.00116037 0.00094677 0.00094486
0.0913104 0.0643626 0.204543 -0.00136844 0.00117924 0.00091178
0.09283 0.0300886 0.246874 -0.00111844 0.00117458 0.00080851
0.0987765 0.0718637 0.220674 -0.00182628 0.00117694 0.00088285
0.0853256 0.051989 0.215743 -0.00117982 0.00102039 0.00086493
0.0793099 0.0351548 0.252353 -0.00117982 0.00096245 0.00073086
0.0955534 0.0843374 0.213515 -0.00152544 0.00101801 0.00095734
0.0974393 0.0501333 0.205788 -0.00117982 0.00133625 0.00076094
0.0978956 0.0236065 0.280002 -0.00132786 0.00129124 0.00082122
0.101529 0.0826127 0.250462 -0.00196414 0.0012606 0.00089556
0.0903971 0.0586569 0.221782 -0.00119018 0.00102439 0.00085164
0.0880895 0.032159 0.252251 -0.00122109 0.00104864 0.00075378
0.104066 0.0707268 0.220092 -0.00150968 0.0012368 0.00074272
0.0970836 0.0537931 0.270844 -0.00167623 0.00133708 0.00071926
0.0877609 0.0551348 0.227708 -0.00114261 0.0008918 0.00068667
0.0852849 0.0688843 0.211743 -0.001258 0.00110482 0.0008805
0.0897646 0.0345864 0.267265 -0.00129654 0.00120619 0.00087267
0.0951077 0.0592637 0.215985 -0.00122188 0.00093895 0.00087654
0.0958404 0.0611311 0.20303 -0.00112779 0.001053 0.00092958
0.092445 0.0355561 0.245115 -0.00133548 0.00132808 0.00073338
0.113354 0.0803249 0.215499 -0.00178206 0.00132189 0.0009457
0.117235 0.0543853 0.221544 -0.00109793 0.00106852 0.00091119
0.11309 0.0326082 0.249783 -0.00128371 0.00114386 0.00088483
0.129351 0.07578 0.215787 -0.00120789 0.00105019 0.00122374
0.129303 0.0598268 0.260559 -0.00161894 0.0013927 0.0011917
0.123687 0.0357874 0.219897 -0.00095006 0.00065949 0.00090487
0.0532067 0.0471605 0.234051 -0.00114586 0.00041673 0.00062314
0.0982905 -0.00044249 0.151757 -0.00038283 0.00069511 0.00090487
0.0862423 0.0356577 0.137254 -0.00102238 0.00075297 0.00077629
0.0762699 0.032543 0.167161 -0.00120638 0.00067553 0.00076027
0.0883083 0.0300008 0.228089 -0.00146864 0.00086661 0.00083974
0.0892644 0.0888112 0.195569 -0.00221881 0.00081245 0.00080856
0.0878557 0.0681465 0.181007 -0.0018991 0.00065279 0.00090487
0.103617 0.0400099 0.22381 -0.00157502 0.00113665 0.00090487
0.101317 0.052937 0.211083 -0.00174756 0.00102662 0.00099302
0.0808598 0.073036 0.180798 -0.00193303 0.00089133 0.00090487
0.0863705 0.0315546 0.210379 -0.00141418 0.00064892 0.00084302
0.0976676 0.0402186 0.237473 -0.0015739 0.00066046 0.00122855
0.114019 0.0587707 0.184684 -0.00160577 0.00082279 0.00124209
0.118437 0.0438188 0.226389 -0.00160577 0.00069398 0.00123548
0.123375 0.0737335 0.169094 -0.00160577 0.00044131 0.00136226
0.143312 0.0104704 0.203755 -0.0004717 0.00078185 0.00163252
0.158268 0.0703833 0.17939 -0.00116992 0.00086428 0.00153608
0.161447 0.061407 0.191155 -0.00151455 0.00105504 0.00151344
0.155936 0.0274777 0.211859 -0.00123744 0.00073444 0.00144668
0.169054 0.0697268 0.193914 -0.00137869 0.00069936 0.00148223
0.162185 0.0611295 0.200952 -0.00119429 0.00065922 0.00152864
0.178987 0.0415915 0.235482 -0.00128522 0.00054789 0.00152023
0.187982 0.0794761 0.19345 -0.00135712 0.00061763 0.00175429
0.185283 0.0469405 0.23619 -0.00135038 0.00057691 0.00177664
0.185349 0.0526339 0.185632 -0.00105192 0.00046184 0.00186248
0.185222 0.028689 0.225729 -0.00050068 0.00057495 0.00193648
0.172313 0.0736773 0.183359 -0.00091783 0.00067515 0.00193648
0.155765 0.0583469 0.213905 -0.00128981 0.00060502 0.00175433
0.164059 0.0333009 0.2262 -0.00104726 0.00045237 0.00193648
0.165319 0.0811676 0.196807 -0.00167075 0.00059626 0.00193648
0.163347 0.0567666 0.192452 -0.0013674 0.00023298 0.00193648
0.181506 0.0539894 0.190677 -0.00116812 0.00049604 0.00193648
0.170326 0.0628985 0.164469 -0.0010592 0.00053398 0.00213493
0.175784 0.0388109 0.216494 -0.00116812 0.00050143 0.00193648
0.163044 0.0632639 0.15466 -0.00095904 0.00016415 0.00206033
0.176274 0.0502174 0.161651 -0.00065286 0.00035465 0.00207553
0.219207 0.0339352 0.237537 -0.00113717 0.0004071 0.00236191
0.216782 0.10239 0.201861 -0.00144168 0.00051554 0.0027433
0.198732 0.0715438 0.182842 -0.00065286 0.00048562 0.00249893
0.220685 0.0578318 0.214413 -0.00082807 0.00052506 0.00275514
0.215923 0.0785893 0.175449 -0.00023191 0.00024924 0.00273073
0.211159 0.038108 0.241481 -0.00065286 0.00076699 0.00242376
0.215843 0.102988 0.202504 -0.00105003 0.00076226 0.00275417
0.234757 0.0697003 0.248842 -0.00100153 0.00053754 0.00269835
0.232342 0.0973022 0.28403 -0.00268033 0.00096791 0.0026295
0.205597 0.0630587 0.207682 -0.00119688 0.00065321 0.00236191
0.202874 0.0496942 0.247036 -0.00112263 0.0007326 0.00218446
0.220248 0.0980712 0.219052 -0.00145201 0.00084534 0.00236191
0.199432 0.0548896 0.230313 -0.00127441 0.00079332 0.00198755
0.18782 0.0402879 0.227728 -0.00113257 0.00089609 0.00204375
0.199355 0.0934613 0.206687 -0.00145201 0.00090624 0.00213705
0.199166 0.0641295 0.259179 -0.00173392 0.00126782 0.00222228
0.199143 0.0779801 0.191247 -0.00068797 0.00071227 0.00224289
0.224733 0.0361089 0.230242 -0.00028566 0.00085798 0.00242137
0.21654 0.101186 0.201017 -0.00130046 0.00098113 0.00247503
0.189761 0.0605792 0.241209 -0.00102888 0.00095321 0.00233074
0.0709722 0.104626 0.5397 -0.00534055 0.00043935 0.00090172
0.0387389 0.120802 0.597097 -0.005857 0.00037326 0.00053231
0.0753841 0.113724 0.468477 -0.00313326 0.00051766 0.00096688
0.0820731 0.129339 0.43308 -0.0033703 0.0008805 0.00096983
0.101052 0.0909648 0.448641 -0.00253679 0.00077285 0.0010592
0.100836 0.118466 0.388717 -0.0023556 0.00062875 0.00121654
0.106766 0.0912011 0.449757 -0.00228679 0.00074959 0.00114357
0.11649 0.100856 0.438499 -0.00234854 0.00056989 0.00116245
0.126696 0.161883 0.395327 -0.00162135 0.00015176 0.00155698
0.135698 0.0962972 0.428782 -0.00181989 0.00033406 0.0015472
0.149513 0.162537 0.408587 -0.00145858 0.00021892 0.00179266
0.177544 0.104154 0.423312 -0.00157594 0.00027579 0.00196797
0.158079 0.162148 0.368847 -0.00121735 2.635e-05 0.00206575
0.149341 0.0883996 0.340682 -0.00077693 -6.456e-05 0.00210414
0.174945 0.0689753 0.396543 -0.0010795 -0.00032015 0.00223581
0.186639 0.116578 0.345662 -0.00090923 -0.00031662 0.0024901
0.210046 0.115644 0.355883 -0.00056011 -0.00032459 0.0028766
0.218327 0.151397 0.345675 6.711e-05 -0.00033817 0.00321389
0.255074 0.132728 0.392206 -0.0001198 0.00022696 0.003521
0.25028 0.200382 0.360816 -0.00021154 4.577e-05 0.00321389
0.236308 0.0844608 0.23343 -0.00070553 0.00059491 0.00293543
0.231344 0.0577858 0.297696 -0.00090923 0.00048879 0.0027838
0.229083 0.0759495 0.384 -0.00113467 0.00018177 0.00268638
0.243827 0.178573 0.343383 -0.00109215 0.00026465 0.00313525
0.243802 0.151326 0.342809 -0.00090923 0.00026225 0.00320714
0.243734 0.102539 0.390087 -0.00105993 -3.688e-05 0.00310362
0.25617 0.171442 0.344846 -0.00096073 0.00026406 0.0031944
0.257612 0.110138 0.351114 -0.00090923 0.00037217 0.00324873
0.253214 0.0852828 0.38473 -0.00084475 9.998e-05 0.00316395
0.259538 0.172008 0.365982 -0.00117503 0.00012853 0.00326632
0.263973 0.106167 0.373323 -0.00072415 -0.00025548 0.00309216
0.254289 0.134285 0.318077 -0.00074943 -0.00014976 0.00322727
0.264933 0.105516 0.32752 0.00076001 0.000219 0.00330855
0.268167 0.102661 0.329657 0.00098832 8.179e-05 0.00336133
0.276504 0.173412 0.356456 -1.445e-05 0.00014783 0.00356715
0.269242 0.124178 0.342739 0.00087546 -0.00035794 0.00369586
0.287808 0.170794 0.345173 0.00119343 -0.00027533 0.00401895
0.284556 0.134514 0.36524 0.00030368 -0.0002761 0.00388423
0.245795 0.19966 0.3464 -0.00028396 -0.00027242 0.00345379
0.250713 0.128907 0.37439 -0.00039309 -0.00022235 0.00345379
0.275869 0.121132 0.368977 -8.284e-05 -0.00039678 0.00366367
0.276645 0.15535 0.357233 -0.00038591 3.098e-05 0.00370997
0.261403 0.111542 0.338515 0.00075569 -0.00084879 0.00345379
0.253081 0.159082 0.303851 0.00076929 -0.00046102 0.00345379
0.263924 0.129358 0.363458 0.00044177 -0.00041505 0.00359092
0.261455 0.162994 0.339471 0.00050766 -0.00046472 0.00356717
0.255075 0.149542 0.324772 0.00054803 -0.00065891 0.00354193
0.265145 0.154751 0.367706 0.00057427 -0.0007469 0.00358737
0.099257 0.196554 0.588093 -0.00672141 -0.00111068 0.00058264
0.0642182 0.0347911 0.277881 -0.001705 -0.00063436 0.00076902
0.0504538 -0.0110766 0.340065 -0.00326616 -0.00013082 0.00064119
0.0685304 0.00360797 0.563085 -0.00646839 -0.00011282 0.00088142
0.0722913 0.0517302 0.595526 -0.00595754 -0.00079743 0.0013021
0.0893529 0.159484 0.511737 -0.00576711 -0.00065202 0.00147849
0.0904227 0.127848 0.530951 -0.00611988 -0.00064359 0.00145335
0.106958 0.0960777 0.596683 -0.00548887 -0.00107501 0.00148795
0.104409 0.184866 0.554672 -0.00556049 -0.00096079 0.00167998
0.100562 0.148395 0.537379 -0.0053078 -0.00075491 0.00149174
0.120236 0.0643356 0.590952 -0.00484118 -0.00057956 0.00166161
0.12996 0.146121 0.432241 -0.00290526 -0.0002688 0.00166161
0.129852 0.124089 0.396289 -0.00218391 -0.00037299 0.00184588
0.13549 0.0760851 0.466342 -0.00179478 -0.00023726 0.00207302
0.141526 0.134589 0.420189 -0.00213245 6.606e-05 0.00207302
0.146549 0.0948219 0.452694 -0.00202393 -0.00034056 0.00207302
0.147838 0.149343 0.379882 -0.00212982 -0.00024789 0.00232302
0.167421 0.127552 0.379555 -0.00184372 -9.601e-05 0.00239717
0.187944 0.10089 0.417483 -0.00153517 -0.00018634 0.00259099
0.199258 0.166627 0.391273 -0.00125967 -0.00059853 0.00291058
0.217985 0.124388 0.445063 -0.00176226 -0.00054017 0.00289731
0.213523 0.184869 0.383597 -0.00143668 -0.00039842 0.00301141
0.198855 0.123417 0.410181 -0.00191665 -4.871e-05 0.00270558
0.192688 0.0887026 0.451419 -0.00181972 -0.00059333 0.00259099
0.204424 0.171055 0.394978 -0.00176226 -0.00051997 0.00266974
0.207785 0.146493 0.368178 -0.00140013 -0.00040723 0.00272902
0.217985 0.10831 0.397505 -0.00134379 -0.00068859 0.00302872
0.229182 0.18395 0.35693 -0.00133664 -0.00065023 0.00322124
0.217995 0.120656 0.434011 -0.00177391 -0.00051145 0.00284266
0.217782 0.14378 0.358759 -0.00060723 -0.00098854 0.00327707
0.226293 0.10438 0.422787 -0.00101882 -0.0007657 0.00322769
0.228211 0.180927 0.372804 -0.0007218 -0.00069528 0.003468
0.227043 0.13085 0.377359 -0.00051987 -0.00085348 0.00336182
0.237177 0.143611 0.405939 0.00010698 -0.00124268 0.00368592
0.26323 0.168244 0.397551 0.00077462 -0.0013343 0.00408214
0.249255 0.213726 0.378778 0.000658 -0.00124999 0.00408921
0.259895 0.207638 0.344762 0.00054108 -0.00142891 0.00418722
0.25033 0.134918 0.415537 -0.00036013 -0.001488 0.00389161
0.258836 0.160114 0.352216 4.315e-05 -0.00157795 0.00410164
0.261087 0.13157 0.366902 -8.756e-05 -0.00175269 0.00417017
0.249904 0.100591 0.404845 -0.00024667 -0.00208732 0.00412978
0.27039 0.214856 0.340725 0.00017545 -0.00198198 0.00448273
0.279005 0.141837 0.364204 0.00052967 -0.00194146 0.00430933
0.277073 0.152436 0.375379 0.0013342 -0.00200836 0.00448487
0.278648 0.207528 0.388228 0.00045698 -0.00176731 0.00446725
0.235642 0.107442 0.35111 -0.0002876 -0.00145658 0.00347835
0.251397 0.0906018 0.323524 -0.00010426 -0.00135573 0.00356451
0.260964 0.101325 0.345644 0.00016824 -0.00114942 0.00356451
0.267864 0.0908453 0.369693 0.00023102 -0.00158472 0.00394587
0.251035 0.156008 0.308076 0.0003711 -0.00151442 0.00386996
0.247782 0.112656 0.361421 0.00061348 -0.00173637 0.00389035
0.254639 0.196602 0.328663 0.00048161 -0.00151802 0.00402168
0.264538 0.157884 0.370256 0.00083822 -0.00165372 0.00417395
0.25902 0.183902 0.382941 0.00104272 -0.00191861 0.00420325
0.262956 0.213115 0.386704 0.000879 -0.00174664 0.00438223
0.26932 0.168273 0.414095 0.00044817 -0.0020313 0.00429035
0.27308 0.189258 0.323826 -0.00047887 -0.0018009 0.00389803
0.250992 0.106318 0.377415 -0.00065761 -0.00175783 0.00348036
0.258362 0.101184 0.38951 -0.00024672 -0.00196929 0.00366612
0.274961 0.125741 0.40043 -0.00010267 -0.00190011 0.00382337
0.267546 0.133966 0.376553 8.81e-06 -0.00203866 0.00392772
0.257963 0.185162 0.364957 7.823e-05 -0.00193689 0.0040432
0.274942 0.138561 0.41051 -0.00011766 -0.0020181 0.00405425
0.311518 0.22577 0.384277 0.00011823 -0.00179945 0.00434667
0.302928 0.147306 0.422311 8.236e-05 -0.00179792 0.00424573
0.307332 0.168853 0.411027 0.00031564 -0.00205868 0.0044198
0.29169 0.144299 0.408094 -1.61e-05 -0.00233816 0.00452955
0.287315 0.181662 0.39028 5.855e-05 -0.00199207 0.0043538
0.28733 0.113903 0.418049 -8.892e-05 -0.00203285 0.00423165
0.300541 0.205028 0.37377 0.00028229 -0.00213843 0.00439186
0.291744 0.127295 0.432085 -0.00091014 -0.00157295 0.00425959
0.266324 0.188441 0.403862 0.00022246 -0.00217094 0.00382836
0.292577 0.185751 0.426827 -4.212e-05 -0.00175497 0.00427771
0.29474 0.147836 0.421503 0.00024988 -0.00186052 0.00426758
0.30043 0.205918 0.390598 0.00143957 -0.00244072 0.00458161
0.342893 0.172661 0.430643 0.00137398 -0.00271317 0.00538309
0.33293 0.208048 0.422819 0.00131773 -0.00235432 0.00536927
0.323303 0.191814 0.43684 0.00111285 -0.00236451 0.00499075
0.279378 0.208701 0.368164 0.0008856 -0.00213395 0.00430797
0.270983 0.106315 0.44373 0.00019016 -0.00167412 0.00423447
0.292259 0.199155 0.375536 0.00072807 -0.0021528 0.00451429
0.294717 0.151986 0.387663 0.00128189 -0.00259106 0.00466553
0.306152 0.178522 0.372749 0.00123606 -0.00250713 0.00471933
0.327642 0.197271 0.408821 0.00116727 -0.00224997 0.00506798
0.3115 0.265548 0.39237 0.00107672 -0.00241157 0.00479941
0.311977 0.1738 0.415682 0.00111982 -0.00254198 0.00470174
0.308702 0.232596 0.402628 0.00180332 -0.00246843 0.00469781
0.29343 0.2031 0.401145 0.00284158 -0.00212844 0.00467323
0.283017 0.196564 0.413899 0.0029375 -0.00191743 0.00456883
0.26703 0.163409 0.409289 0.00207847 -0.00184758 0.00456294
0.250265 0.227436 0.373775 0.00141316 -0.00213039 0.00433028
0.231209 0.155901 0.395053 0.00130079 -0.00203479 0.00355294
0.220499 0.140705 0.408488 0.00096936 -0.00198945 0.00375931
0.213438 0.241988 0.345135 0.00121537 -0.00214965 0.00381873
0.23338 0.18054 0.440135 -0.0007444 -0.00192219 0.00351602
0.207159 0.174755 0.431695 -0.00013648 -0.00245711 0.00332911
0.209652 0.185506 0.412588 -0.00024413 -0.00205166 0.00336552
0.22575 0.115016 0.453211 -0.00030037 -0.00210921 0.00340441
0.229947 0.169221 0.451155 -0.00057622 -0.00172968 0.00351602
0.227986 0.148532 0.397139 6.81e-06 -0.0016809 0.00351602
0.245704 0.111943 0.45195 0.00013844 -0.00213185 0.00351602
0.237934 0.180126 0.395301 -1.15e-06 -0.00217121 0.00351602
0.201622 0.145577 0.432898 -0.00053149 -0.00188087 0.00310563
0.191481 0.149172 0.433451 -0.00073192 -0.00188904 0.00302774
0.223441 0.180198 0.420797 -7.5e-06 -0.00218781 0.00334851
0.234503 0.138274 0.474003 -0.00069995 -0.00206428 0.00349856
0.231385 0.208651 0.423019 9.199e-05 -0.0021546 0.00359121
0.247252 0.142152 0.433002 -0.00018027 -0.00221569 0.00354486
0.241261 0.141162 0.449685 -0.00054835 -0.00213477 0.00357933
0.237807 0.160887 0.441906 -0.00057719 -0.00218297 0.00356222
0.223212 0.112146 0.491967 -0.00074799 -0.00228318 0.00334851
0.235495 0.184883 0.443549 -0.00044226 -0.00226194 0.00370115
0.230364 0.1409 0.468444 -0.00026638 -0.00214416 0.00362365
0.231984 0.201664 0.419631 0.00065287 -0.00236458 0.00365377
0.266531 0.16099 0.467767 0.00090011 -0.00225726 0.00406068
0.230121 0.252747 0.452685 0.00041223 -0.00217291 0.00376482
0.227426 0.173808 0.452686 0.00033123 -0.00214344 0.00363778
0.230978 0.139093 0.464087 0.00032115 -0.00199672 0.0036491
0.252657 0.189142 0.442549 0.00095216 -0.00234187 0.00404993
0.233525 0.191925 0.414397 0.00100586 -0.00248206 0.00400881
0.231773 0.205329 0.414773 0.00178811 -0.00233044 0.0039191
0.237873 0.205314 0.417596 0.00118909 -0.00271438 0.00402537
0.242152 0.208565 0.426611 0.00085043 -0.00221659 0.00405345
0.231055 0.145163 0.438277 0.00121119 -0.00235966 0.00389055
0.238928 0.202578 0.409399 0.00155168 -0.00256733 0.00400031
0.243604 0.207358 0.392388 0.00134223 -0.00276349 0.00417438
0.249929 0.167304 0.412085 0.0013305 -0.00248279 0.00422547
0.252514 0.239774 0.395997 0.00157354 -0.00230094 0.00418708
0.232633 0.176763 0.397025 0.00152715 -0.00253378 0.00404167
0.23731 0.131418 0.416213 0.0014898 -0.00253615 0.00417185
0.247305 0.209207 0.39349 0.00165187 -0.00262799 0.00417296
0.226836 0.161537 0.414481 0.00091227 -0.00229824 0.0040438
0.190985 0.213166 0.359975 0.0012416 -0.00246978 0.00385252
0.220972 0.131805 0.411598 0.00119736 -0.00272985 0.00406497
0.212531 0.216377 0.396088 0.00157014 -0.00284513 0.00413954
0.231221 0.162789 0.443398 0.00117766 -0.0026901 0.00409702
0.246724 0.185659 0.410879 0.00173107 -0.00285429 0.00427208
0.25534 0.191161 0.42561 0.00211246 -0.00304328 0.00455496
0.261421 0.254328 0.409186 0.00286473 -0.00314559 0.00495019
0.257753 0.196868 0.431206 0.00198163 -0.00276923 0.00463467
0.229953 0.232825 0.398854 0.00230295 -0.00347519 0.0046039
0.240457 0.203521 0.382132 0.00255044 -0.00281261 0.00439821
0.251118 0.139194 0.417308 0.00197974 -0.00299198 0.00461945
0.25474 0.221194 0.374553 0.00206824 -0.00303581 0.00478636
0.259175 0.203115 0.369737 0.00223814 -0.00311547 0.00487411
0.2763 0.172791 0.411673 0.00266825 -0.00336049 0.00484437
0.276222 0.259963 0.391555 0.00238835 -0.00296642 0.0048932
0.276274 0.229262 0.396879 0.00312759 -0.00335157 0.00487156
0.284084 0.206838 0.452164 0.00433063 -0.00407922 0.00550799
0.272232 0.226432 0.455667 0.00277152 -0.003544 0.00518629
0.250645 0.273365 0.45458 0.00197629 -0.00333834 0.00460092
0.238987 0.277741 0.438804 0.00242455 -0.00319961 0.00439821
0.245446 0.214951 0.454385 0.00254166 -0.0034137 0.00445613
0.255426 0.202696 0.457738 0.00240876 -0.00341768 0.00459341
0.264247 0.26509 0.437486 0.00271057 -0.00313968 0.00453629
0.262329 0.22832 0.454573 0.00288555 -0.00301091 0.00453487
0.264118 0.214677 0.471011 0.00267791 -0.00340532 0.00454197
0.270223 0.285835 0.449418 0.00288046 -0.00336095 0.00463818
0.264899 0.204537 0.48021 0.00307462 -0.00394821 0.00485008
0.255287 0.319072 0.507112 0.00407694 -0.00390607 0.00470119
0.251156 0.265376 0.489661 0.00323396 -0.00337901 0.00462538
0.232955 0.285105 0.456943 0.00292842 -0.00349154 0.00461885
0.237203 0.244244 0.424964 0.00300385 -0.00314739 0.0046129
0.255441 0.161713 0.512337 0.00247376 -0.00307926 0.00452424
0.264189 0.251251 0.422417 0.00348948 -0.0038232 0.00482854
0.301616 0.201873 0.480833 0.00350551 -0.00398744 0.00531527
0.257533 0.266918 0.446586 0.00308664 -0.00370193 0.0048342
0.252551 0.272881 0.444671 0.00303275 -0.00365828 0.00471806
0.256941 0.225641 0.469306 0.00293766 -0.00372563 0.00459842
0.258113 0.287274 0.451476 0.00276811 -0.00375979 0.00489331
0.274779 0.225282 0.482138 0.00267491 -0.00369727 0.00503657
0.286916 0.301819 0.477069 0.00442012 -0.00493768 0.00521107
0.252593 0.252542 0.537374 0.0043043 -0.00443992 0.00510362
0.232328 0.282124 0.518925 0.00279784 -0.00370297 0.00494852
0.243275 0.210916 0.533002 0.00242455 -0.0037457 0.0048672
0.202414 0.274195 0.463265 0.00260034 -0.00285677 0.00434482
0.198081 0.222526 0.44597 0.00260034 -0.0026895 0.00434482
0.201159 0.177385 0.46745 0.00221151 -0.00276174 0.00434482
0.185039 0.247348 0.402615 0.00263685 -0.00271934 0.00416438
0.204889 0.22171 0.450698 0.00223394 -0.00275501 0.00414821
0.180325 0.2616 0.444797 0.00256935 -0.00300648 0.00393532
0.172022 0.268325 0.430552 0.00266809 -0.00276492 0.00378198
0.183554 0.215535 0.493633 0.00250413 -0.00310001 0.00384149
0.156573 0.279808 0.444523 0.00235642 -0.0028183 0.00374807
0.142416 0.198483 0.444569 0.00257265 -0.00263495 0.00353416
0.172987 0.177784 0.496235 0.00244866 -0.00289299 0.00382395
0.168752 0.250149 0.428698 0.00263252 -0.00271947 0.003743
0.177898 0.210052 0.450084 0.00293239 -0.00335567 0.00379724
0.181664 0.201341 0.481682 0.0025219 -0.00337621 0.00389318
0.173706 0.257785 0.432656 0.00272553 -0.00293139 0.00393731
0.175636 0.194849 0.503053 0.00204385 -0.00323506 0.00382751
0.175216 0.271783 0.450133 0.00273347 -0.00333994 0.00393951
0.121332 0.233876 0.4467 0.00232634 -0.0033824 0.00353416
0.12128 0.167012 0.450793 0.00200343 -0.00293153 0.00328994
0.12586 0.227614 0.376333 0.00153902 -0.00241507 0.00313786
0.122453 0.155087 0.418325 0.00176092 -0.00269916 0.0033699
0.133728 0.155351 0.389397 0.00118891 -0.00262791 0.00346157
0.118771 0.18599 0.297947 0.00178997 -0.00266917 0.0032067
0.136466 0.146147 0.400681 0.00216737 -0.00291521 0.00346713
0.1515 0.199835 0.361003 0.00229954 -0.00278197 0.00369895
0.174029 0.164559 0.457027 0.00258743 -0.003322 0.00384722
0.185148 0.220676 0.392216 0.00289227 -0.00334712 0.00403761
0.207268 0.189338 0.249182 0.00282894 -0.00236172 0.00384268
0.225067 0.0918444 0.331776 0.00036147 -0.00143589 0.00374839
0.22874 0.117449 0.383161 0.00024476 -0.00153116 0.00374839
0.212405 0.141878 0.424225 0.00035763 -0.0016261 0.00358912
0.219655 0.235356 0.351755 0.000407 -0.00156335 0.00374839
0.2189 0.204853 0.374049 0.00033736 -0.00164898 0.00361595
0.203069 0.148371 0.404496 0.00047274 -0.00153156 0.00341439
0.201572 0.212986 0.338908 0.00072838 -0.00158637 0.0033946
0.20788 0.163941 0.373529 0.00069723 -0.00129618 0.00340224
0.201899 0.141396 0.413799 0.00056897 -0.00145484 0.00334377
0.205435 0.21068 0.317754 0.00068527 -0.0012899 0.00345443
0.223125 0.154558 0.333319 0.00070085 -0.00144087 0.00345922
0.215939 0.162506 0.3468 0.00041701 -0.00151144 0.00326177
0.229746 0.215304 0.311474 0.00017148 -0.00101281 0.00340799
0.210063 0.147684 0.361771 0.00023659 -0.00122209 0.0033727
0.215506 0.165588 0.343981 0.00036104 -0.00122186 0.00337415
0.223252 0.17287 0.300982 0.00043792 -0.00125294 0.00347678
0.219759 0.135157 0.366696 0.0008953 -0.00146878 0.00341525
0.222461 0.188702 0.36586 0.00100296 -0.00175993 0.00353403
0.218018 0.172381 0.355977 0.00069476 -0.00182873 0.00354762
0.205342 0.188661 0.363212 0.00102361 -0.00193975 0.00360391
0.189523 0.172709 0.420149 0.00101299 -0.00174651 0.00326177
0.178645 0.198586 0.419382 0.00110685 -0.00196254 0.0033935
0.142518 0.209663 0.427411 0.00065615 -0.0019637 0.00309548
0.15256 0.243709 0.362521 0.00084918 -0.00202939 0.00326177
0.146083 0.158606 0.414426 0.00094282 -0.00210022 0.00298893
0.150529 0.189568 0.397458 0.00127342 -0.00213166 0.00291174
0.143151 0.172587 0.410074 0.00194394 -0.00225892 0.00312863
0.16299 0.211741 0.405642 0.00162594 -0.00164837 0.00304823
0.168292 0.166984 0.437465 0.00202597 -0.00220875 0.00338719
0.171667 0.26507 0.398852 0.00302915 -0.00254312 0.00338719
0.175565 0.227628 0.404194 0.00291323 -0.00230642 0.0035088
0.169659 0.188131 0.415147 0.00257376 -0.00217937 0.00345481
0.170094 0.265349 0.366157 0.00347 -0.00255217 0.00338719
0.175739 0.200557 0.402874 0.00364486 -0.00232156 0.00352142
0.179389 0.270582 0.388007 0.00385298 -0.00204443 0.00352737
0.180391 0.272513 0.34945 0.0064849 -0.00281634 0.00374
0.177852 0.214615 0.406441 0.00510081 -0.00237107 0.00371704
0.162834 0.314647 0.39112 0.00347979 -0.0019252 0.00338719
0.162802 0.278811 0.394961 0.0039583 -0.00246865 0.00338719
0.169653 0.228986 0.416158 0.00452292 -0.00270302 0.00355814
0.177709 0.306592 0.37193 0.00547088 -0.0028289 0.00382663
0.178658 0.252871 0.387491 0.00462634 -0.00310375 0.00375289
0.177065 0.292698 0.367113 0.00294073 -0.00245226 0.00320852
0.147034 0.237826 0.419096 0.00228245 -0.0021595 0.00303709
0.146299 0.17325 0.455942 0.00204444 -0.00226138 0.00304536
0.152621 0.241348 0.400279 0.00203618 -0.00184368 0.00312163
0.137433 0.203599 0.393061 0.00194653 -0.0020678 0.0031556
0.144997 0.198826 0.445246 0.00201263 -0.00200478 0.0032789
0.161561 0.27238 0.409705 0.00232382 -0.00199591 0.00329336
0.161657 0.232565 0.439691 0.00224061 -0.00209675 0.00332931
0.168573 0.223194 0.440425 0.00251402 -0.00211176 0.00339312
0.172209 0.286665 0.406978 0.00283674 -0.00196827 0.00356555
0.179534 0.202147 0.453979 0.00265954 -0.00245641 0.00354026
0.205734 0.258169 0.449695 0.00311686 -0.0025544 0.00371359
0.20141 0.251769 0.466786 0.00367367 -0.00286194 0.00411132
0.20564 0.29749 0.428854 0.00343822 -0.00254585 0.00404334
0.200424 0.253563 0.438467 0.00362178 -0.0029845 0.00412389
0.217482 0.224014 0.452016 0.0037953 -0.0032449 0.00412389
0.227446 0.291856 0.427397 0.00415666 -0.00341949 0.00442292
0.212891 0.258008 0.429462 0.00355747 -0.00327182 0.00439582
0.206931 0.250484 0.435983 0.00328578 -0.00302806 0.0042778
0.212915 0.306201 0.423636 0.00393148 -0.00325728 0.00436305
0.214349 0.2365 0.455718 0.00334085 -0.00296961 0.00435554
0.217333 0.316618 0.40671 0.00515642 -0.0037854 0.0044044
0.223516 0.279114 0.444798 0.00498223 -0.00361704 0.00455664
0.224939 0.271557 0.42848 0.0046404 -0.00337316 0.00455959
0.208084 0.25707 0.469658 0.00342844 -0.00329661 0.00449376
0.199773 0.288131 0.443183 0.00389697 -0.00373825 0.00455476
0.199284 0.279858 0.424402 0.00362078 -0.00347243 0.00457061
0.19374 0.212703 0.445402 0.00337338 -0.00354792 0.00452286
0.187567 0.283716 0.415562 0.00303761 -0.00314524 0.00435361
0.187783 0.300228 0.394218 0.00313714 -0.00340455 0.00446045
0.187617 0.227658 0.437489 0.00315985 -0.00354398 0.00431748
0.181612 0.312349 0.402333 0.00355077 -0.00367233 0.00445791
0.198702 0.255969 0.456665 0.00345148 -0.0038611 0.00448998
0.190987 0.256013 0.416014 0.00297582 -0.0035387 0.00445597
0.185107 0.291495 0.393005 0.00346626 -0.00349912 0.00443178
0.181736 0.216056 0.476124 0.00242529 -0.00332174 0.00419914
0.175219 0.293428 0.419452 0.00309804 -0.00337462 0.00412389
0.181648 0.25138 0.438714 0.00286643 -0.00346091 0.00412389
0.189428 0.24733 0.455965 0.00293045 -0.00347228 0.00434534
0.189419 0.309754 0.417454 0.00321259 -0.00351731 0.0044139
0.199382 0.221901 0.476028 0.00432011 -0.00426899 0.00445753
0.211262 0.293394 0.426091 0.00530858 -0.00428536 0.00463222
0.219774 0.278709 0.475609 0.00487303 -0.00436543 0.00486348
0.211696 0.312749 0.447829 0.00375114 -0.00398326 0.00481212
0.216907 0.328031 0.436966 0.00455267 -0.00456474 0.00489548
0.228594 0.231417 0.492595 0.00392701 -0.0044223 0.00476467
0.232481 0.305391 0.453472 0.00504262 -0.00498146 0.00496327
0.232457 0.267146 0.461863 0.00457118 -0.00461813 0.00511752
0.205947 0.345289 0.39873 0.00447319 -0.00452309 0.00489926
0.207119 0.293981 0.422179 0.00449129 -0.00446153 0.00494414
0.196756 0.238869 0.454952 0.00358657 -0.00378739 0.0046114
0.190609 0.308471 0.436824 0.00372944 -0.0037865 0.00465639
0.202468 0.242041 0.466403 0.00373148 -0.0040105 0.00478939
0.212022 0.289561 0.441627 0.00413702 -0.00440513 0.00489904
0.226135 0.320858 0.441833 0.00517245 -0.00466535 0.00513534
0.228596 0.283548 0.458315 0.00466812 -0.00461725 0.00499478
0.228066 0.371678 0.439415 0.00602998 -0.00478812 0.00526413
0.215144 0.288278 0.491344 0.00506637 -0.00469262 0.00501252
0.176384 0.280553 0.535895 0.00298496 -0.0044683 0.00422745
0.169031 0.277082 0.463947 0.00251969 -0.00346143 0.00422745
0.190806 0.210265 0.505783 0.00233467 -0.00392579 0.00422745
0.135997 0.271837 0.413104 0.00240246 -0.00366195 0.00370316
0.124323 0.277006 0.398458 0.00175295 -0.00275287 0.00359608
0.141496 0.227337 0.454643 0.00163276 -0.00307245 0.00368068
0.122395 0.280822 0.376771 0.00274431 -0.00338183 0.00365984
0.10844 0.251491 0.402356 0.00280033 -0.00338959 0.00343011
0.129187 0.212001 0.441317 0.00260326 -0.00332391 0.00359608
0.117793 0.264298 0.424038 0.00158931 -0.00263517 0.0035031
0.0990904 0.217781 0.412054 0.0021091 -0.00310231 0.00320563
0.114072 0.217783 0.431681 0.00253971 -0.00305166 0.00335668
0.113813 0.273211 0.390726 0.00219701 -0.00284296 0.00337806
0.11228 0.228893 0.403322 0.00246258 -0.00324612 0.00343056
0.106558 0.232811 0.434448 0.00239613 -0.003193 0.00331683
0.0894724 0.276067 0.420214 0.00222293 -0.003308 0.00321107
0.127271 0.227982 0.45316 0.00246994 -0.00324056 0.00343156
0.13378 0.253812 0.445788 0.0019462 -0.00328376 0.00368287
0.143018 0.253827 0.462193 0.0019462 -0.00286588 0.00362517
0.142905 0.220599 0.489267 0.0019462 -0.00317793 0.00377566
0.151412 0.297588 0.446782 0.0018303 -0.00287591 0.00383209
0.152993 0.23671 0.478123 0.00206574 -0.0032143 0.00371446
0.169017 0.25208 0.484075 0.00257734 -0.00345753 0.00392352
0.183195 0.290191 0.493424 0.00278571 -0.00349922 0.00423531
0.189855 0.257659 0.503523 0.00218498 -0.0034018 0.00423123
0.181065 0.279378 0.537862 0.00183149 -0.00321564 0.00389638
0.189936 0.221175 0.533367 0.00246984 -0.00369097 0.00432604
0.19314 0.290411 0.48892 0.00291246 -0.00386013 0.00439
0.201377 0.225457 0.540643 0.00279457 -0.00408373 0.00439565
0.206717 0.301012 0.475914 0.00290095 -0.00375172 0.00456042
0.207748 0.274064 0.497911 0.00299844 -0.00381935 0.00460926
0.210692 0.286016 0.488742 0.00294203 -0.00362728 0.00453218
0.210252 0.298465 0.521899 0.00301273 -0.00400047 0.00458709
0.21525 0.300977 0.516844 0.00315381 -0.00424179 0.0046485
0.219277 0.285458 0.523373 0.0035559 -0.00411324 0.00477453
0.220421 0.317172 0.475793 0.00392199 -0.00430242 0.00473198
0.273113 0.304675 0.403403 0.00553166 -0.00491215 0.00552283
0.226666 0.236149 0.485097 0.00325589 -0.00368979 0.0049581
0.191968 0.282708 0.497514 0.00250818 -0.0035178 0.00454128
0.190309 0.270353 0.431184 0.00321527 -0.00307623 0.00454644
0.178178 0.203667 0.485553 0.0023085 -0.00303533 0.00436915
0.148998 0.276612 0.394628 0.00320641 -0.00334475 0.00414314
0.124457 0.298984 0.330062 0.00328234 -0.00280641 0.003705
0.145336 0.244557 0.414667 0.00292002 -0.00283988 0.00371706
0.157353 0.320988 0.393419 0.00296985 -0.00256316 0.00388644
0.155347 0.29595 0.394553 0.00334867 -0.00272911 0.00391786
0.15944 0.247471 0.441661 0.00287882 -0.00268705 0.00381103
0.154566 0.287422 0.391242 0.00334867 -0.00280146 0.00390779
0.161334 0.224627 0.467623 0.00318678 -0.00295644 0.00391989
0.171394 0.28318 0.452693 0.00316868 -0.00310506 0.00409566
0.191151 0.29339 0.436735 0.00305198 -0.00281389 0.0042888
0.194518 0.236049 0.482259 0.00322571 -0.00339512 0.00433682
0.196657 0.305775 0.451628 0.0036392 -0.00346227 0.00439135
0.196545 0.278131 0.48908 0.00365438 -0.00337899 0.00448196
0.194865 0.345298 0.448323 0.00377519 -0.00362406 0.00451737
0.19821 0.282996 0.494629 0.00355183 -0.00394753 0.00449794
0.193755 0.298305 0.466456 0.0035044 -0.0037572 0.00454436
0.198361 0.282383 0.470424 0.00319873 -0.00348951 0.00445822
0.192839 0.242751 0.469107 0.00294134 -0.00356788 0.00445822
0.193535 0.318134 0.465967 0.00363244 -0.00387841 0.00454534
0.19457 0.23496 0.494199 0.00325546 -0.00388902 0.00445822
0.208957 0.292651 0.468746 0.00308829 -0.00346358 0.00455652
0.174018 0.291474 0.521137 0.00181299 -0.00308764 0.00426834
0.148323 0.274839 0.544841 0.00185735 -0.00450159 0.00394112
0.143278 0.337046 0.526988 0.00131418 -0.00402126 0.00371235
0.160484 0.250627 0.553026 0.00131418 -0.00412518 0.00397404
0.155639 0.243437 0.502775 0.00177859 -0.00412201 0.00384371
0.169874 0.296936 0.514598 0.00145812 -0.00347266 0.00412048
0.169514 0.217044 0.528641 0.00263368 -0.00437891 0.00415758
0.193667 0.271069 0.502514 0.00409818 -0.00450518 0.00458725
0.210379 0.21561 0.534708 0.00379404 -0.00454875 0.00488275
0.204767 0.364655 0.487749 0.0037599 -0.00451899 0.00480761
0.212804 0.305116 0.515917 0.00385174 -0.00467545 0.00465485
0.212714 0.2743 0.51954 0.00422824 -0.00481647 0.00478841
0.212759 0.323749 0.474409 0.00447056 -0.00447471 0.00496853
0.226253 0.274317 0.514812 0.00365846 -0.00418419 0.00508597
0.200685 0.247374 0.506807 0.00369384 -0.00510344 0.00509979
0.196542 0.299384 0.498556 0.00431086 -0.0050155 0.00502504
0.207384 0.226328 0.530286 0.00393824 -0.00496097 0.0050469
0.212626 0.281495 0.474432 0.00418494 -0.00486323 0.00524149
0.210421 0.29968 0.452083 0.00510296 -0.00529261 0.00535227
0.226649 0.267953 0.436692 0.00556907 -0.00545702 0.00515564
0.233193 0.344187 0.458457 0.00501012 -0.00487986 0.00521003
0.19782 0.277702 0.492755 0.00345519 -0.00440636 0.00465485
0.131212 0.250051 0.299922 0.00239253 -0.0028115 0.00363172
0.11106 0.180972 0.262487 0.00229248 -0.00256489 0.00352095
0.111387 0.137143 0.355742 0.00179447 -0.00266463 0.00321364
0.0899646 0.226881 0.221466 0.00226431 -0.00272925 0.00321364
0.0985917 0.202404 0.211814 0.00286248 -0.00239403 0.00321364
0.0962646 0.158614 0.335905 0.00118041 -0.00197254 0.00289071
0.0818078 0.252093 0.217062 0.00193822 -0.00224856 0.00299126
0.0802258 0.202386 0.202317 0.00203709 -0.00223955 0.00299008
0.0895284 0.169256 0.304949 0.00213328 -0.00231696 0.00280669
0.0966043 0.256164 0.245569 0.00196962 -0.00228563 0.00282499
0.0965294 0.215065 0.250039 0.00202527 -0.00202425 0.00299122
0.0924026 0.175454 0.318501 0.00190277 -0.0021623 0.00275452
0.0774905 0.250377 0.26659 0.00218201 -0.00238027 0.00279075
0.0839063 0.192271 0.262531 0.00241534 -0.00226284 0.00271296
0.0843394 0.159698 0.329478 0.00190433 -0.002413 0.00264856
0.0966004 0.235455 0.289256 0.00225317 -0.00222719 0.00278809
0.0920369 0.20012 0.307172 0.00180386 -0.00195511 0.00285446
0.0908082 0.153306 0.38097 0.00061633 -0.00178774 0.0027747
0.0758916 0.258204 0.287422 0.00225179 -0.00214864 0.00277082
0.0693565 0.231865 0.283562 0.00236269 -0.00207519 0.002731
0.0758899 0.170676 0.326036 0.00245932 -0.0022575 0.00269952
0.0822264 0.274041 0.280602 0.00330116 -0.00241331 0.00277741
0.086938 0.227439 0.288554 0.00377674 -0.00260898 0.00289421
0.0832013 0.22607 0.31522 0.00195169 -0.00212273 0.00264856
0.0822219 0.2372 0.242017 0.00200855 -0.00202498 0.00275302
0.0760962 0.153697 0.316093 0.00177356 -0.00220998 0.00264856
0.0938219 0.195925 0.293363 0.00181603 -0.00223251 0.00271761
0.125056 0.206126 0.207422 0.00157601 -0.00144044 0.00290521
