-0.0409514 0.355592 0.129428 0.00039999 -0.00122774 0.00040572
-0.0502396 0.376859 0.134775 0.00037347 -0.00136006 0.00040572
-0.0557607 0.402163 0.170705 0.00043374 -0.00133689 0.00027087
-0.0598368 0.412968 0.183174 0.00033319 -0.00144505 0.00035401
-0.0574007 0.415962 0.186183 0.00032358 -0.00146929 0.00028593
-0.0501108 0.405556 0.187717 0.00033702 -0.00136468 0.00040572
-0.055868 0.416783 0.178273 0.00056952 -0.00160932 0.00040572
-0.0657293 0.409857 0.189558 0.00053707 -0.00146 0.00030999
-0.0538644 0.395543 0.182614 0.00040104 -0.00142491 0.00070458
-0.0510342 0.313235 0.153088 5.39e-05 -0.00122926 0.00063246
-0.0655838 0.400556 0.115371 0.00037363 -0.00161373 0.00040572
-0.0760266 0.463162 0.15575 0.00070669 -0.00174522 0.00033111
-0.0623681 0.32138 0.147531 0.00017089 -0.00157351 0.00040572
-0.0716505 0.389679 0.0955494 0.00050813 -0.00175262 0.00040572
-0.0863595 0.460893 0.134822 0.00105127 -0.00193846 0.00023728
-0.0775813 0.300895 0.132601 2.831e-05 -0.00188894 0.00040572
-0.0827244 0.379651 0.102623 0.0005852 -0.00207498 0.00040572
-0.0873662 0.406557 0.121675 0.00127521 -0.00215427 0.00029408
-0.0579499 0.263401 0.111916 0.00032966 -0.00190156 0.00061984
-0.0603148 0.352258 0.0750014 0.00054088 -0.00154462 0.00041684
-0.0709572 0.404771 0.104231 0.0012748 -0.00177008 0.00028978
-0.0600569 0.293387 0.101026 0.00077773 -0.00168567 0.00055162
-0.0650722 0.366126 0.070798 0.00089354 -0.00168567 0.00054047
-0.0794296 0.42651 0.109683 0.00136141 -0.00208046 0.00016571
-0.0757902 0.333973 0.0996829 0.00081531 -0.00205243 0.00035931
-0.0867683 0.371598 0.0826421 0.00111365 -0.00195862 0.00034385
-0.0984864 0.413216 0.110834 0.00143286 -0.00230942 -2.252e-05
-0.0860466 0.32328 0.108979 0.00088933 -0.0022275 0.00019694
-0.0863977 0.361963 0.0802171 0.00088006 -0.00195528 0.00024867
-0.0963153 0.408519 0.105207 0.00132717 -0.00212441 3.268e-05
-0.0776451 0.313514 0.0954101 0.00095142 -0.00177759 0.00026414
-0.0859058 0.330849 0.0687737 0.00088006 -0.0018057 0.00018178
-0.0965956 0.400093 0.0879803 0.00130631 -0.00193472 5.826e-05
-0.0916177 0.34303 0.0871828 0.00123123 -0.00180372 9.411e-05
-0.0871076 0.314902 0.0699128 0.00095666 -0.00178766 0.00012588
-0.0952222 0.406036 0.0916483 0.00136199 -0.00189355 1.91e-05
-0.0916069 0.337432 0.086962 0.00109303 -0.00184517 4.901e-05
-0.0960836 0.324362 0.0792818 0.00081487 -0.0018799 7.2e-05
-0.106505 0.397553 0.104533 0.00140909 -0.00203295 -5.27e-05
-0.102476 0.297691 0.0861347 0.00094528 -0.00191039 2.767e-05
-0.0983096 0.325378 0.066901 0.00082843 -0.00183709 6.842e-05
-0.107756 0.396713 0.096283 0.00134231 -0.0020712 -9.704e-05
-0.101027 0.309983 0.0864524 0.00104489 -0.00203874 -5.12e-05
-0.102974 0.32769 0.0600917 0.00098633 -0.00187888 -7.63e-05
-0.108238 0.387198 0.0893427 0.00142027 -0.00216469 -0.0001056
-0.100578 0.286504 0.0665272 0.00079538 -0.00183419 -3.861e-05
-0.104357 0.372884 0.0729738 0.00114271 -0.00198038 -5.015e-05
-0.113488 0.366185 0.0874333 0.00147688 -0.00218453 -0.00011746
-0.110843 0.288891 0.075464 0.00088005 -0.00228382 -2.62e-05
-0.113888 0.375293 0.0667323 0.00121176 -0.00243181 -6.885e-05
-0.105356 0.370109 0.0842154 0.00162405 -0.00243557 -0.00010857
-0.0974664 0.276318 0.059196 0.00088005 -0.00181218 -0.00012917
-0.11534 0.384548 0.0717845 0.00146049 -0.00229943 -0.00018811
-0.114978 0.335532 0.0865651 0.00152211 -0.00225233 -0.00016727
-0.112315 0.294818 0.0641551 0.00093392 -0.00205402 -0.00013729
-0.116038 0.399852 0.075679 0.00151489 -0.00232598 -0.00013618
-0.116986 0.34927 0.0811549 0.00137161 -0.00232191 -0.00012953
-0.114484 0.311673 0.0638994 0.00096798 -0.00222398 -0.00010004
-0.115274 0.402093 0.0789355 0.0015878 -0.00233687 -3.306e-05
-0.11404 0.356136 0.0857889 0.00168314 -0.00225469 -0.00010713
-0.115393 0.280965 0.0643391 0.00100804 -0.00219333 -9.038e-05
-0.115469 0.376397 0.0588083 0.00141197 -0.00239014 -8.31e-05
-0.115222 0.368969 0.0775741 0.00159724 -0.00244298 -8.244e-05
-0.111181 0.284742 0.0599942 0.00083995 -0.00224698 -5.152e-05
-0.113861 0.388569 0.0591048 0.00124246 -0.00225533 -1.921e-05
-0.115647 0.365116 0.0734733 0.001292 -0.00246309 -7.636e-05
-0.112068 0.285611 0.0636923 0.00080618 -0.00207753 -0.00010735
-0.116856 0.395684 0.0678491 0.00138452 -0.00241804 -6.162e-05
-0.123141 0.378024 0.100372 0.00167595 -0.00251789 -0.0001669
-0.115987 0.289317 0.080267 0.00107235 -0.00241804 -3.936e-05
-0.115064 0.355521 0.0665769 0.00138452 -0.00231687 0.0001291
-0.121349 0.389835 0.0910493 0.00181199 -0.00256377 -0.00013753
-0.118409 0.30695 0.0890985 0.00127452 -0.00257731 -0.00026371
-0.116684 0.344987 0.0605863 0.00138452 -0.00241804 -5.116e-05
-0.114889 0.37775 0.0785114 0.00164991 -0.00241804 -5.603e-05
-0.106838 0.283888 0.0792026 0.00094851 -0.00210623 -4.328e-05
-0.105756 0.34193 0.0528788 0.00102572 -0.00208564 4.235e-05
-0.116983 0.369719 0.0747105 0.00148382 -0.0024088 -0.00013307
-0.111266 0.271484 0.0546991 0.00080797 -0.00215189 -9.74e-05
-0.106411 0.355739 0.0371115 0.00153245 -0.00223971 7.34e-06
-0.112526 0.357805 0.0656435 0.00169032 -0.00228282 -0.00011414
-0.111356 0.257875 0.0506296 0.00090163 -0.00217914 0.00012066
-0.114744 0.367985 0.0499512 0.00168785 -0.00228965 -6.686e-05
-0.109407 0.329344 0.0730212 0.00150062 -0.002081 -9.177e-05
-0.110305 0.272387 0.0553116 0.00106024 -0.00227966 -8.183e-05
-0.115027 0.373521 0.0575977 0.00166295 -0.00242719 -8.62e-05
-0.119185 0.337949 0.0742912 0.00166195 -0.00245991 -7.346e-05
-0.11473 0.285965 0.0491865 0.00116973 -0.00213889 -0.00012618
-0.122357 0.385103 0.0527616 0.00189818 -0.00250097 -0.00012235
-0.120828 0.349491 0.0724181 0.00184039 -0.00256115 -0.00014315
-0.115367 0.295409 0.0603138 0.00128068 -0.00237273 -7.356e-05
-0.120059 0.385321 0.0648848 0.00179466 -0.00248039 -0.00014887
-0.118043 0.362181 0.0791874 0.0019381 -0.00253659 -0.00031929
-0.119538 0.296457 0.0672322 0.00143142 -0.00245533 -0.00013437
-0.118254 0.378823 0.0717396 0.00167075 -0.00268283 -5.675e-05
-0.126208 0.365133 0.0804101 0.00195654 -0.00253902 -0.00020847
-0.114775 0.296954 0.0736926 0.00145066 -0.00247928 -0.00019994
-0.114061 0.345857 0.0537154 0.00150828 -0.00219206 -5.756e-05
-0.119921 0.374544 0.0777423 0.00201347 -0.00248137 -0.0001692
-0.118698 0.298419 0.0727914 0.00144362 -0.0024375 -0.00012598
-0.12448 0.375813 0.05993 0.00171694 -0.00269687 -0.00016047
-0.137393 0.383188 0.0856577 0.00219725 -0.00273769 -0.00026619
-0.137811 0.320144 0.0879559 0.0017037 -0.00285471 -0.00021885
-0.12583 0.293901 0.0551496 0.00145478 -0.00253626 -0.00012989
-0.128508 0.382446 0.0541183 0.00193336 -0.00266248 -0.00012265
-0.111247 0.315568 0.0720665 0.00150828 -0.0022116 -4.909e-05
-0.107014 0.314649 0.0495218 0.00136098 -0.002283 3.744e-05
-0.11044 0.413114 0.0628444 0.00215544 -0.00242252 5.45e-06
-0.107288 0.295941 0.068248 0.00137769 -0.00199185 -4.719e-05
-0.10268 0.326933 0.0396708 0.00150828 -0.00220141 7.932e-05
-0.116601 0.395563 0.0573024 0.0021588 -0.00236972 -5.794e-05
-0.110009 0.292146 0.0696224 0.00150828 -0.00220904 -9.062e-05
-0.10365 0.348934 0.0484122 0.00167104 -0.00216093 7.556e-05
-0.105382 0.381923 0.0584018 0.00228611 -0.00238653 8.18e-05
-0.105363 0.283571 0.0646272 0.00150828 -0.002079 -2.41e-05
-0.112221 0.329294 0.0432777 0.00178479 -0.0024056 9.84e-06
-0.120179 0.392071 0.0642514 0.00238758 -0.00261182 -0.00012945
-0.108378 0.286645 0.0700736 0.00150828 -0.00213819 -1.886e-05
-0.114026 0.357007 0.0416416 0.0018306 -0.00233598 3.794e-05
-0.117726 0.400166 0.0597757 0.00248891 -0.00248246 1.736e-05
-0.11053 0.297336 0.066281 0.00171012 -0.00239354 -3.641e-05
-0.104516 0.317054 0.0486304 0.00167746 -0.00223531 4.356e-05
-0.116171 0.408254 0.0668952 0.00251499 -0.00253164 3.641e-05
-0.113207 0.291492 0.0673988 0.00182689 -0.00238757 4.523e-05
-0.112149 0.325905 0.0388336 0.0020827 -0.00245738 1.957e-05
-0.117244 0.378973 0.0558971 0.00243015 -0.00251752 -1.2e-06
-0.114523 0.319914 0.0654899 0.00202831 -0.0024407 1.535e-05
-0.110928 0.315943 0.0436801 0.00176915 -0.0023006 -0.00018085
-0.127963 0.391728 0.0553929 0.00242377 -0.0027338 -0.00021372
-0.121198 0.313769 0.060402 0.0020827 -0.00256407 -0.00010428
-0.123183 0.300507 0.0263801 0.00200439 -0.00253715 -0.00011901
-0.140308 0.384797 0.0357868 0.00242239 -0.00282287 -0.00027516
-0.133315 0.316919 0.0410556 0.0020827 -0.00268247 -0.0002296
-0.124967 0.306611 0.0273756 0.00192374 -0.00254375 -0.00016127
-0.135408 0.374029 0.0279053 0.00241812 -0.00271955 -0.00029552
-0.139786 0.335138 0.047761 0.00225014 -0.00278976 -0.00029892
-0.141233 0.282521 0.0135075 0.00194996 -0.00277409 -0.00031175
-0.148057 0.381243 0.0282648 0.00254922 -0.00278685 -0.00046398
-0.151512 0.333691 0.0412069 0.00241245 -0.00285571 -0.00040361
-0.146968 0.261487 0.0263901 0.00176537 -0.00272549 -0.00031056
-0.144731 0.361322 0.0197736 0.0024055 -0.00256824 -0.00038543
-0.145256 0.333712 0.0460209 0.00230074 -0.00272549 -0.00038709
-0.142962 0.251807 0.0278826 0.00163689 -0.00253806 -0.00031679
-0.147728 0.373156 0.0123329 0.00246711 -0.00272549 -0.00042848
-0.156554 0.352812 0.0430244 0.0025412 -0.00278776 -0.00041364
-0.149893 0.276883 0.0312352 0.00172393 -0.00272549 -0.00034956
-0.160838 0.374668 0.0261511 0.00235836 -0.00272549 -0.00051305
-0.169513 0.345534 0.055495 0.00266931 -0.0028293 -0.00068099
-0.165458 0.274677 0.0533906 0.00196926 -0.00272549 -0.0006493
-0.16614 0.3741 0.0412248 0.00255171 -0.00281591 -0.00056366
-0.172233 0.363156 0.0522524 0.00281798 -0.00276957 -0.00067062
-0.155815 0.278868 0.0450141 0.00209082 -0.00256553 -0.00051121
-0.162274 0.356234 0.0332394 0.00242729 -0.00299666 -0.00053606
-0.168664 0.386496 0.0613816 0.00291221 -0.00319733 -0.00053227
-0.162638 0.296075 0.0568473 0.00220476 -0.00267437 -0.00056514
-0.159902 0.340484 0.0346063 0.00223138 -0.00287818 -0.0004529
-0.167114 0.396278 0.054378 0.00279474 -0.0031898 -0.00052558
-0.158475 0.327385 0.0713393 0.00226737 -0.00307627 -0.00053254
-0.159054 0.291707 0.0378396 0.00196559 -0.00272549 -0.0004823
-0.169137 0.381599 0.0342447 0.00275987 -0.00309081 -0.00071186
-0.166051 0.335111 0.0575556 0.00260109 -0.00297786 -0.00063983
-0.159317 0.31158 0.039323 0.0022183 -0.00312184 -0.00067521
-0.170592 0.400812 0.0473118 0.00280263 -0.00318968 -0.00069373
-0.174561 0.340044 0.0696399 0.00251818 -0.00318701 -0.00072686
-0.164611 0.325691 0.0569902 0.00220269 -0.00333354 -0.00061739
-0.167427 0.409563 0.0557696 0.00276749 -0.00318246 -0.00056377
-0.163061 0.353739 0.0605517 0.00269053 -0.00300776 -0.00056476
-0.156779 0.29098 0.0399365 0.00198657 -0.00290366 -0.00051854
-0.157185 0.394174 0.0329239 0.00257803 -0.00291595 -0.00054064
-0.160643 0.36057 0.0501162 0.0027 -0.00302852 -0.00059486
-0.149873 0.272554 0.0403401 0.00189469 -0.00272549 -0.00047499
-0.160558 0.379239 0.0127672 0.00291154 -0.00309528 -0.000563
-0.160684 0.364988 0.0304192 0.00302683 -0.00309781 -0.00072709
-0.146119 0.292373 0.0331847 0.00223936 -0.00272549 -0.0005129
-0.138461 0.35655 0.0115466 0.0026082 -0.00277852 -0.00045579
-0.154175 0.419711 0.0372903 0.00301276 -0.00283644 -0.00052992
-0.145005 0.271727 0.0411483 0.00203325 -0.00259144 -0.0005485
-0.154975 0.338612 0.00899103 0.00269703 -0.00277694 -0.00055628
-0.166359 0.342599 0.040737 0.00312547 -0.00288911 -0.0006933
-0.1547 0.250704 0.041012 0.00232347 -0.00256546 -0.00058709
-0.169687 0.350843 0.0205317 0.00260353 -0.00272549 -0.00065542
-0.176531 0.35049 0.0408857 0.00311845 -0.00300458 -0.00098012
-0.166574 0.27533 0.040199 0.00236961 -0.00297517 -0.00071148
-0.170164 0.371635 0.0125911 0.00307142 -0.00301996 -0.00084479
-0.176883 0.379666 0.0247177 0.00316175 -0.00299903 -0.00087103
-0.174505 0.301119 0.0313803 0.00252022 -0.00272549 -0.00077549
-0.173532 0.364354 0.0113224 0.0028333 -0.00312816 -0.00071297
-0.181649 0.390859 0.0296498 0.00335117 -0.00315112 -0.00084315
-0.173614 0.267127 0.0420312 0.00236961 -0.00293694 -0.00076293
-0.181776 0.348121 0.0213994 0.00286231 -0.00327183 -0.0008014
-0.187997 0.365801 0.046998 0.00327332 -0.00331337 -0.00107479
-0.182016 0.281649 0.0363677 0.0026487 -0.00307284 -0.00087623
-0.178255 0.316787 0.00170348 0.0029731 -0.00316375 -0.00092738
-0.184471 0.390754 0.0228916 0.00341552 -0.00321156 -0.00092844
-0.172677 0.342897 0.0379351 0.0030167 -0.00306446 -0.0009295
-0.164982 0.31321 0.0204311 0.0025303 -0.00289529 -0.00085546
-0.169671 0.422665 0.0192396 0.00340122 -0.00319074 -0.00080532
-0.164987 0.336606 0.0492916 0.00292815 -0.00299427 -0.00072105
-0.156222 0.316224 0.0312046 0.0026514 -0.00281932 -0.00068154
-0.167699 0.402595 0.0297388 0.00341918 -0.00326293 -0.00070086
-0.159531 0.301276 0.0417152 0.00282296 -0.00280907 -0.00071842
-0.155145 0.301276 0.0082021 0.00282297 -0.00300172 -0.00072859
-0.170845 0.399873 0.0299024 0.00374127 -0.00333286 -0.00081889
-0.169878 0.326343 0.0680526 0.00331068 -0.00311331 -0.00075938
-0.15467 0.329932 0.0464449 0.00298065 -0.00316544 -0.00065754
-0.159359 0.423992 0.0606183 0.00372686 -0.00327212 -0.00063309
-0.156995 0.387832 0.0807221 0.00371775 -0.00325765 -0.00062832
-0.154078 0.331289 0.0614874 0.00307209 -0.0030314 -0.00082198
-0.153913 0.441137 0.0550942 0.00395793 -0.00329242 -0.00067849
-0.169011 0.446039 0.0726297 0.00404261 -0.00329777 -0.00069623
-0.163672 0.36122 0.0848982 0.00364808 -0.00321268 -0.00070299
-0.158655 0.327891 0.0568625 0.00320684 -0.0031204 -0.00070019
-0.182818 0.439106 0.0595938 0.00411452 -0.00342276 -0.00083918
-0.179455 0.414243 0.0934963 0.00409782 -0.00336449 -0.000815
-0.169158 0.323726 0.0902364 0.00310834 -0.00327938 -0.00067932
-0.161959 0.418934 0.0547351 0.00368576 -0.00326518 -0.00068643
-0.16869 0.439459 0.0807212 0.00413016 -0.00326879 -0.00068836
-0.168475 0.337703 0.0774291 0.00319708 -0.00314244 -0.00075306
-0.171365 0.407143 0.0469003 0.00372967 -0.0031833 -0.00070957
-0.182715 0.423595 0.0675834 0.00412139 -0.00342296 -0.00078078
-0.17093 0.323655 0.0652483 0.00325132 -0.0031833 -0.00071371
-0.172443 0.404441 0.0413321 0.00396559 -0.0034333 -0.00069333
-0.18315 0.397477 0.0683244 0.00420542 -0.00340849 -0.00080974
-0.171518 0.311755 0.0613821 0.00328034 -0.00326232 -0.00074654
-0.173834 0.404108 0.0438485 0.00392447 -0.00332517 -0.00074195
-0.184531 0.408157 0.0592477 0.00423235 -0.00333903 -0.0008199
-0.173152 0.307592 0.0622809 0.00319208 -0.0031833 -0.00070323
-0.159802 0.411073 0.039987 0.00385828 -0.00325804 -0.00064522
-0.179726 0.430625 0.0641943 0.00433094 -0.00347036 -0.00082029
-0.17671 0.328269 0.0742844 0.00355718 -0.00325327 -0.00077639
-0.17426 0.378439 0.0418091 0.00360674 -0.00343331 -0.00075222
-0.186754 0.435231 0.0741748 0.00430135 -0.00364014 -0.00081872
-0.178709 0.344915 0.0893898 0.00350697 -0.00343331 -0.00074547
-0.176801 0.3844 0.0567461 0.00375075 -0.00324061 -0.00081296
-0.179786 0.422965 0.0845416 0.00425001 -0.00336673 -0.00082886
-0.180532 0.336871 0.0926436 0.00342108 -0.00335829 -0.00087696
-0.184816 0.412515 0.0745516 0.00389872 -0.00332806 -0.00082065
-0.198995 0.423047 0.0824694 0.00439916 -0.00328953 -0.00093953
-0.191204 0.329645 0.0968982 0.0034754 -0.00296175 -0.00095518
-0.181858 0.409661 0.068687 0.00379396 -0.00301998 -0.00099123
-0.189644 0.455439 0.0916953 0.00460507 -0.00326817 -0.00085553
-0.194128 0.345824 0.0931644 0.00377705 -0.00318331 -0.00090828
-0.197469 0.417148 0.0753413 0.00401313 -0.00348898 -0.00090447
-0.206049 0.452831 0.0955067 0.00465169 -0.0039078 -0.00090766
-0.199656 0.383126 0.111907 0.00398246 -0.00435065 -0.00100291
-0.19812 0.335035 0.0791522 0.00366789 -0.00374329 -0.00101876
-0.192342 0.431013 0.0718693 0.00432842 -0.00368781 -0.00078114
-0.193975 0.426421 0.10017 0.0044169 -0.00360838 -0.00076662
-0.187847 0.324215 0.0787929 0.00330355 -0.00333373 -0.00063447
-0.189402 0.438375 0.0520913 0.00419525 -0.00356707 -0.00056884
-0.194149 0.426099 0.0848599 0.00429165 -0.00358178 -0.0006976
-0.180888 0.346705 0.072005 0.00350599 -0.00327099 -0.00066059
-0.189971 0.452318 0.0558042 0.00416275 -0.0035344 -0.00065881
-0.189518 0.392074 0.0899806 0.00404174 -0.0034333 -0.00066347
-0.155694 0.364262 0.0870453 0.00358408 -0.00306302 -0.00039911
-0.178105 0.455548 0.0842763 0.00431499 -0.0031833 -0.0004933
-0.175886 0.387956 0.104951 0.00419335 -0.00324259 -0.00056893
-0.175027 0.339133 0.0820899 0.00358408 -0.00298251 -0.00063273
-0.176096 0.452094 0.0783528 0.00450342 -0.00318331 -0.00051519
-0.18723 0.418276 0.0941449 0.00451963 -0.0033057 -0.00061622
-0.183084 0.355287 0.0863621 0.00384751 -0.00315047 -0.0006362
-0.180991 0.457308 0.0722764 0.00447211 -0.00318331 -0.0004425
-0.180757 0.442303 0.0965483 0.00457325 -0.00318331 -0.00062288
-0.176805 0.35603 0.102884 0.00372699 -0.0029085 -0.00060226
-0.176567 0.439283 0.0797494 0.00441499 -0.00298714 -0.00058953
-0.178145 0.433413 0.0990082 0.00470026 -0.0031915 -0.00049441
-0.170884 0.364092 0.0948739 0.003838 -0.00310466 -0.00050792
-0.168255 0.446603 0.0733314 0.00443633 -0.00287783 -0.00051171
-0.173675 0.449406 0.0988803 0.00478572 -0.00304443 -0.00057015
-0.170748 0.35119 0.096144 0.00394 -0.00284214 -0.00062616
-0.162811 0.438315 0.0712189 0.0043681 -0.00287125 -0.00045917
-0.17102 0.438216 0.101621 0.00476029 -0.00291689 -0.00051205
-0.169895 0.351949 0.0919255 0.00399224 -0.00269629 -0.00062061
-0.168218 0.449022 0.0771902 0.00470917 -0.00289409 -0.00053572
-0.184641 0.418285 0.0942633 0.00484351 -0.00292064 -0.00058046
-0.182486 0.33855 0.0758757 0.00401265 -0.00269629 -0.00063448
-0.204181 0.463862 0.0635267 0.00503423 -0.00328541 -0.00074238
-0.192543 0.409196 0.0954554 0.00476881 -0.00314116 -0.000708
-0.181493 0.359745 0.0788072 0.00406611 -0.00291174 -0.00065305
-0.201858 0.463278 0.0717647 0.00493192 -0.00307948 -0.00075935
-0.203195 0.403006 0.104971 0.00478666 -0.00306358 -0.00081927
-0.197156 0.36549 0.0915985 0.00420454 -0.00283531 -0.00082895
-0.20362 0.458732 0.104799 0.0048235 -0.00311048 -0.00079497
-0.204299 0.419197 0.104504 0.00520483 -0.00282191 -0.00088602
-0.196906 0.358675 0.106529 0.00421979 -0.00297926 -0.00088386
-0.224737 0.473188 0.0994857 0.00510308 -0.00347967 -0.00108745
-0.233812 0.425197 0.111432 0.00510396 -0.0037197 -0.00110579
-0.207687 0.344916 0.119597 0.00420939 -0.00331514 -0.00084802
-0.209961 0.427218 0.087648 0.00462454 -0.00320994 -0.00086874
-0.218109 0.471346 0.108447 0.00522697 -0.00340199 -0.00098712
-0.198649 0.375026 0.122079 0.00421137 -0.00327919 -0.00081586
-0.20954 0.464163 0.10348 0.00465569 -0.00336794 -0.000829
-0.21533 0.449292 0.118686 0.00499766 -0.00339307 -0.00084726
-0.197991 0.348185 0.108541 0.00419654 -0.00302952 -0.00077456
-0.196563 0.436175 0.0765498 0.00460097 -0.00305346 -0.00073828
-0.20776 0.470661 0.100105 0.00507258 -0.00307596 -0.00077681
-0.196957 0.362455 0.114846 0.00419654 -0.00300599 -0.00076494
-0.195352 0.42573 0.0765012 0.00441681 -0.00298898 -0.00081731
-0.209442 0.489335 0.101584 0.00533267 -0.00315497 -0.00080829
-0.197007 0.372678 0.114759 0.0042523 -0.00321895 -0.00062592
-0.191955 0.431694 0.0866196 0.00453539 -0.00294341 -0.00070597
-0.202214 0.47847 0.103513 0.00525865 -0.00300617 -0.00086344
-0.195599 0.37462 0.110616 0.00435325 -0.00283015 -0.00073062
-0.192267 0.420736 0.0716943 0.00466032 -0.00281532 -0.00082764
-0.204652 0.481573 0.094622 0.00537935 -0.00306516 -0.00083268
-0.191576 0.372035 0.118865 0.00437389 -0.00291925 -0.00077216
-0.189603 0.437351 0.0891174 0.00459047 -0.00299473 -0.00070365
-0.196652 0.473265 0.0994769 0.00531163 -0.00299933 -0.00079643
-0.191903 0.381758 0.121182 0.0045498 -0.00288634 -0.00075579
-0.196288 0.4248 0.0958666 0.00470399 -0.00328732 -0.00072858
-0.213037 0.488189 0.112639 0.00561986 -0.00368946 -0.00084671
-0.208423 0.424983 0.129698 0.00507446 -0.00358789 -0.0007869
-0.206878 0.427469 0.103404 0.00473199 -0.00369178 -0.00079562
-0.218349 0.502074 0.123619 0.00503234 -0.00417318 -0.00096443
-0.217613 0.462086 0.122373 0.00548587 -0.003873 -0.00095165
-0.203313 0.378413 0.110471 0.00457597 -0.00340752 -0.00081714
-0.205156 0.433854 0.0682745 0.00483914 -0.00335164 -0.00085383
-0.222782 0.481943 0.0830058 0.00546456 -0.00343208 -0.00097837
-0.203896 0.378466 0.090226 0.00457903 -0.00323883 -0.00082174
-0.206674 0.434295 0.0531813 0.00474222 -0.00324887 -0.00084813
-0.226693 0.499682 0.0723894 0.00555207 -0.00337374 -0.00106523
-0.216695 0.376982 0.0887544 0.00469294 -0.00309605 -0.00100563
-0.215851 0.400441 0.0546631 0.00474593 -0.0031197 -0.00094581
-0.232634 0.478337 0.0753589 0.00568444 -0.00342063 -0.00097484
-0.227716 0.406646 0.101002 0.00520436 -0.00329405 -0.00101096
-0.215069 0.358781 0.0734288 0.00457903 -0.00311048 -0.00093478
-0.220691 0.481051 0.0703338 0.00553867 -0.00328671 -0.00092927
-0.234144 0.46588 0.101241 0.00569251 -0.00329236 -0.00124056
-0.218419 0.388649 0.112201 0.00451597 -0.00354266 -0.00084227
-0.233924 0.482821 0.0906525 0.00541664 -0.00328671 -0.00117491
-0.244096 0.472181 0.110865 0.00574713 -0.00359883 -0.00105231
-0.221287 0.379758 0.107472 0.00470888 -0.00328671 -0.00087369
-0.228242 0.455872 0.0722043 0.00504167 -0.00328671 -0.00109411
-0.245271 0.474855 0.0941731 0.00576353 -0.00352796 -0.00108098
-0.2296 0.376177 0.111088 0.00482495 -0.0031856 -0.00114004
-0.235922 0.43133 0.0725485 0.00521196 -0.00313328 -0.00117434
-0.25613 0.473942 0.104885 0.00577785 -0.00364663 -0.0013685
-0.237502 0.37187 0.112681 0.00492905 -0.00353671 -0.00110454
-0.238587 0.417674 0.0757704 0.00500768 -0.00362408 -0.00112994
-0.243244 0.484766 0.0918961 0.00583266 -0.00378902 -0.00121613
-0.236004 0.427276 0.117305 0.00575256 -0.00379242 -0.00108786
-0.236001 0.395388 0.0896769 0.00488392 -0.00341038 -0.00092749
-0.242844 0.493277 0.0958653 0.00553958 -0.00398627 -0.00129099
-0.249906 0.471037 0.128934 0.00565844 -0.00423181 -0.00128043
-0.242625 0.399062 0.124284 0.00450907 -0.00426016 -0.00139412
-0.25305 0.469915 0.0936615 0.00529594 -0.0041708 -0.00136731
-0.261368 0.451053 0.115729 0.0055091 -0.00411839 -0.00146097
-0.244103 0.370006 0.111828 0.00440891 -0.00395704 -0.00130835
-0.238108 0.491884 0.113623 0.00519365 -0.00426004 -0.00129536
-0.247963 0.473166 0.11883 0.00589203 -0.00389482 -0.00147646
-0.244903 0.37205 0.120021 0.00452958 -0.00377165 -0.0012279
-0.23992 0.475209 0.100699 0.00518235 -0.00381353 -0.00139523
-0.24859 0.485448 0.109824 0.00598417 -0.00442653 -0.00160117
-0.252143 0.419446 0.133963 0.00486538 -0.00438351 -0.00148192
-0.244938 0.409007 0.0950791 0.00485817 -0.00408128 -0.00142155
-0.24663 0.487393 0.0914339 0.00563379 -0.00387604 -0.00137806
-0.237337 0.415444 0.122388 0.00525536 -0.00368175 -0.00122125
-0.225578 0.376038 0.0931878 0.00461224 -0.00342748 -0.00105577
-0.234172 0.489786 0.0785291 0.00569747 -0.00363703 -0.00114356
-0.224098 0.411279 0.106393 0.00505059 -0.00319026 -0.00110961
-0.212803 0.427229 0.070151 0.0050506 -0.00307959 -0.00109248
-0.22741 0.520486 0.0790619 0.00606219 -0.00355641 -0.00094096
-0.216886 0.376274 0.105824 0.00505059 -0.00293184 -0.00100762
-0.222243 0.442333 0.0830313 0.00527113 -0.0028779 -0.00109766
-0.237004 0.472095 0.094314 0.00590802 -0.0028779 -0.00111357
-0.221895 0.358688 0.0934067 0.00505059 -0.00273295 -0.00108455
-0.241933 0.464069 0.0651899 0.00594739 -0.0031279 -0.00109993
-0.243385 0.453781 0.090568 0.00632277 -0.00307009 -0.00125679
-0.234195 0.365899 0.0842334 0.0052731 -0.00281158 -0.00105919
-0.259784 0.478249 0.0495281 0.00615104 -0.00320313 -0.00128637
-0.25604 0.459849 0.0856276 0.00635734 -0.00293673 -0.00135274
-0.22474 0.389436 0.0954597 0.00530461 -0.00264673 -0.00114263
-0.236762 0.495682 0.0727708 0.00615731 -0.00310785 -0.00110894
-0.249682 0.452963 0.0969733 0.00621472 -0.00294423 -0.00128168
-0.230434 0.390584 0.0819354 0.00537312 -0.00287064 -0.00107482
-0.24907 0.475717 0.0669738 0.00621117 -0.00299582 -0.0012467
-0.261228 0.420918 0.0855457 0.00616833 -0.00283563 -0.001363
-0.233772 0.375266 0.102144 0.00520458 -0.00272285 -0.00132369
-0.243233 0.471835 0.079706 0.00583374 -0.0028779 -0.00129428
-0.246087 0.474288 0.107434 0.00637166 -0.00321419 -0.00146722
-0.233243 0.387566 0.0946869 0.0054662 -0.00290766 -0.00140826
-0.245806 0.489057 0.0868134 0.00608059 -0.00317555 -0.00132722
-0.248042 0.467485 0.116003 0.00658337 -0.00351724 -0.00125304
-0.245676 0.393612 0.124806 0.00548993 -0.00327884 -0.0014265
-0.248319 0.48208 0.0981715 0.00632169 -0.00297894 -0.00136736
-0.24335 0.474591 0.140785 0.00634829 -0.00316632 -0.00140323
-0.231703 0.381463 0.111116 0.00536813 -0.00283458 -0.00110727
-0.228745 0.476664 0.0818562 0.0060539 -0.00279942 -0.00114107
-0.23935 0.494303 0.104205 0.00679799 -0.00291562 -0.00117137
-0.233418 0.380355 0.105972 0.00534059 -0.00229447 -0.00130557
-0.227848 0.371455 0.160667 0.00390473 -0.00231609 -0.00145951
-0.236514 0.53561 0.15918 0.00476708 -0.00271298 -0.00183241
-0.247955 0.54414 0.132421 0.00519936 -0.00262461 -0.00183877
-0.233576 0.538091 0.118066 0.0057323 -0.00259598 -0.0015177
-0.210208 0.52503 0.112035 0.00651838 -0.00312692 -0.00084541
-0.231579 0.51121 0.135259 0.00724671 -0.00349978 -0.00177854
-0.243686 0.452862 0.135422 0.00755642 -0.00332051 -0.00179335
-0.250958 0.414041 0.118556 0.00793777 -0.00335969 -0.00165749
-0.227554 0.3545 0.0992234 0.00681251 -0.00272242 -0.0014573
-0.226881 0.409088 0.0765081 0.00662428 -0.00256633 -0.00165039
-0.236201 0.51574 0.113057 0.00733151 -0.00337861 -0.00152223
-0.248606 0.545211 0.134127 0.00777713 -0.0033387 -0.00163322
-0.241495 0.485963 0.119939 0.00673565 -0.00274461 -0.00169634
-0.236372 0.538395 0.0973827 0.00642421 -0.00275822 -0.00171094
-0.258791 0.591931 0.126988 0.0071142 -0.00318128 -0.00226109
-0.248464 0.493582 0.139575 0.00698696 -0.00331939 -0.00214964
-0.2363 0.431207 0.105347 0.00595877 -0.0028966 -0.00186488
-0.245517 0.516758 0.10639 0.00686699 -0.00356478 -0.00203776
-0.259675 0.498602 0.138943 0.00729214 -0.00402441 -0.00226953
-0.24177 0.3755 0.114415 0.00622099 -0.00336376 -0.00218374
-0.239 0.43195 0.0750775 0.00606357 -0.00318382 -0.00213761
-0.255381 0.51663 0.0919099 0.00686057 -0.00324795 -0.00211939
-0.22282 0.357312 0.0971099 0.00587872 -0.00247471 -0.00173043
-0.252741 0.378002 0.074078 0.0045157 -0.00298342 -0.00211104
-0.242964 0.51335 0.0669332 0.00548622 -0.00290837 -0.00231683
-0.212104 0.624596 0.0755586 0.00640508 -0.00302237 -0.00211718
-0.204493 0.507667 0.0908451 0.00617185 -0.00246703 -0.00238
-0.209227 0.516341 0.0565965 0.00624205 -0.00239194 -0.00249929
-0.215513 0.585982 0.0968815 0.00761506 -0.00238289 -0.0024094
-0.216614 0.453439 0.126118 0.00703979 -0.00208461 -0.00237505
-0.212659 0.389729 0.105591 0.0063649 -0.0018573 -0.00241007
-0.215962 0.499515 0.115695 0.00727849 -0.00196399 -0.00248223
-0.218812 0.505514 0.152275 0.00795223 -0.00221423 -0.0027124
-0.20736 0.422148 0.138184 0.00624901 -0.00168301 -0.00269143
-0.215064 0.549672 0.105319 0.0068201 -0.00179256 -0.00281277
-0.220769 0.627804 0.158491 0.00749068 -0.00203018 -0.00282115
-0.217908 0.532476 0.157614 0.0064239 -0.0018 -0.0023032
-0.226307 0.549158 0.120349 0.00630483 -0.00154001 -0.00286332
-0.247063 0.623513 0.151494 0.0076702 -0.0019366 -0.00307287
-0.234757 0.508195 0.167356 0.00663236 -0.00178362 -0.00285914
-0.221517 0.485104 0.129367 0.00627787 -0.00170445 -0.00267702
-0.238118 0.547974 0.149523 0.00712254 -0.00188248 -0.00262553
-0.236905 0.480403 0.15841 0.00667177 -0.00175207 -0.00286655
-0.230696 0.454783 0.120824 0.0061028 -0.00163122 -0.00302037
-0.239482 0.563127 0.142527 0.00695937 -0.001834 -0.00297014
-0.231822 0.527071 0.153737 0.00667073 -0.00185935 -0.00289164
-0.234332 0.475279 0.13749 0.00596842 -0.00155695 -0.0029242
-0.238271 0.606574 0.139425 0.00688243 -0.00198594 -0.0033351
-0.244586 0.550034 0.164824 0.00684589 -0.00212683 -0.00285902
-0.239636 0.486395 0.144072 0.00591142 -0.00179526 -0.00309938
-0.246091 0.598436 0.148787 0.00698531 -0.00218595 -0.00305559
-0.259342 0.523877 0.162905 0.00664703 -0.00222214 -0.00310702
-0.255222 0.429693 0.149696 0.00570071 -0.00201184 -0.0028362
-0.259302 0.542613 0.143302 0.00631953 -0.002294 -0.00301113
-0.270294 0.525728 0.171255 0.00684263 -0.00266139 -0.00309336
-0.264405 0.442676 0.160189 0.0061028 -0.00203862 -0.0028819
-0.269466 0.509217 0.119392 0.00618739 -0.00171561 -0.00330869
-0.275866 0.553392 0.156645 0.00686635 -0.00221603 -0.00345869
-0.262925 0.455484 0.155477 0.0058528 -0.00180142 -0.00318438
-0.276994 0.544965 0.125727 0.00625366 -0.00224075 -0.00324537
-0.300312 0.565092 0.15561 0.00685964 -0.00268485 -0.00344955
-0.283035 0.484531 0.1647 0.00604801 -0.00286406 -0.00318365
-0.27932 0.477123 0.136158 0.00576678 -0.00235497 -0.0030869
-0.287247 0.567702 0.149162 0.00664622 -0.00304713 -0.00335964
-0.281106 0.514303 0.174557 0.00631891 -0.00321276 -0.00321825
-0.260805 0.454323 0.163159 0.00536738 -0.00326002 -0.00284581
-0.252151 0.578577 0.184133 0.00618393 -0.00399366 -0.00288395
-0.266572 0.551761 0.193968 0.00669716 -0.00347549 -0.00309817
-0.264579 0.445377 0.169629 0.00542521 -0.00272681 -0.00300917
-0.248198 0.527175 0.135353 0.00568528 -0.00264376 -0.00308686
-0.26107 0.579749 0.152702 0.00643305 -0.00319606 -0.00311423
-0.259107 0.50304 0.167027 0.00584593 -0.00251792 -0.0032088
-0.246854 0.505678 0.135213 0.00551018 -0.00232019 -0.00323951
-0.265026 0.596265 0.165644 0.00668741 -0.00309184 -0.00329647
-0.260317 0.512934 0.168214 0.00578722 -0.00237217 -0.00308076
-0.25006 0.489284 0.136975 0.00555792 -0.00241488 -0.00311575
-0.260224 0.587122 0.151445 0.00646611 -0.00303858 -0.00314774
-0.251046 0.513042 0.170994 0.00597497 -0.0025776 -0.00316989
-0.247028 0.487974 0.138516 0.00540899 -0.00217778 -0.00296192
-0.271315 0.578749 0.163247 0.0063811 -0.00300361 -0.00322631
-0.265825 0.50459 0.175776 0.00615111 -0.00266216 -0.0031211
-0.264109 0.496518 0.144895 0.00587803 -0.00239594 -0.0031656
-0.270256 0.582322 0.159952 0.00659862 -0.00288213 -0.00340842
-0.276559 0.514147 0.168689 0.00602461 -0.00219328 -0.00334985
-0.267614 0.480622 0.144393 0.00567353 -0.00236261 -0.00320668
-0.275211 0.577328 0.165385 0.00672867 -0.00307471 -0.0033606
-0.276381 0.514609 0.173978 0.00657899 -0.00288234 -0.00345916
-0.26822 0.469502 0.152022 0.00560311 -0.00252538 -0.0030337
-0.285253 0.578427 0.152816 0.00652476 -0.00284523 -0.00333505
-0.288223 0.534989 0.168742 0.00635241 -0.00255754 -0.00333073
-0.280373 0.450281 0.146358 0.00554043 -0.0021794 -0.00339137
-0.298109 0.558671 0.146209 0.00647086 -0.00305693 -0.00368289
-0.314047 0.510553 0.160361 0.006241 -0.00252988 -0.00375972
-0.285653 0.446307 0.150781 0.00537507 -0.00246219 -0.00333372
-0.299698 0.567795 0.147859 0.00655567 -0.00293825 -0.00360326
-0.297116 0.536724 0.161911 0.00663603 -0.00292153 -0.00357463
-0.285976 0.437812 0.150067 0.00548499 -0.00228328 -0.00329686
-0.301321 0.568955 0.131593 0.0063737 -0.00314777 -0.00386321
-0.314518 0.548158 0.172759 0.00704255 -0.00306908 -0.00404494
-0.287017 0.452329 0.158531 0.00573806 -0.00266321 -0.00345251
-0.300097 0.535099 0.135274 0.00604411 -0.0026146 -0.00353716
-0.320021 0.551181 0.179096 0.00688522 -0.00329084 -0.00430122
-0.297583 0.445196 0.156829 0.00573806 -0.00244612 -0.0035018
-0.289383 0.499972 0.129324 0.00585176 -0.00255631 -0.00353343
-0.312643 0.547281 0.154514 0.00652364 -0.00254998 -0.00386224
-0.291246 0.478424 0.17303 0.00589146 -0.00262463 -0.0036068
-0.302501 0.534954 0.133217 0.00588619 -0.0026168 -0.00351483
-0.330353 0.618154 0.174704 0.00696972 -0.00332212 -0.00436694
-0.315662 0.481802 0.173054 0.00589585 -0.00320845 -0.00368853
-0.290143 0.46564 0.136377 0.00575406 -0.00261796 -0.00344599
-0.305946 0.567927 0.157588 0.0068053 -0.00319698 -0.00393048
-0.301826 0.482167 0.169294 0.00635183 -0.00315187 -0.00379773
-0.311039 0.461383 0.133834 0.00555693 -0.0024703 -0.003525
-0.327984 0.596539 0.138749 0.00678722 -0.00304843 -0.00433033
-0.316827 0.516629 0.151374 0.00625928 -0.00295936 -0.00386362
-0.293033 0.497692 0.131633 0.00563339 -0.00263503 -0.00354028
-0.319376 0.602893 0.13633 0.00680932 -0.00319702 -0.00427771
-0.311796 0.511212 0.163707 0.00610399 -0.00258676 -0.00394083
-0.29022 0.491243 0.134502 0.00560812 -0.00256827 -0.00342335
-0.303637 0.58405 0.147466 0.00659786 -0.00266 -0.0038021
-0.28885 0.471645 0.170567 0.00590263 -0.00249186 -0.00349663
-0.284478 0.520688 0.141378 0.00585 -0.00261189 -0.00341089
-0.298592 0.569282 0.169086 0.00703585 -0.00307885 -0.00397199
-0.290624 0.467934 0.160042 0.00574924 -0.00258412 -0.00360517
-0.282421 0.531783 0.148051 0.00590263 -0.00302824 -0.00344715
-0.299294 0.574151 0.182465 0.00642626 -0.00389966 -0.00371554
-0.29732 0.520503 0.196572 0.00590263 -0.00479104 -0.00358595
-0.283063 0.499352 0.187881 0.00507306 -0.0045669 -0.00353982
-0.292643 0.5822 0.198477 0.00595529 -0.00480235 -0.00377232
-0.286511 0.554718 0.200218 0.00612514 -0.00427079 -0.00385003
-0.279664 0.477446 0.171713 0.00507306 -0.00326119 -0.00334075
-0.280426 0.546053 0.162908 0.00553376 -0.00293956 -0.00358344
-0.2796 0.535154 0.193236 0.00613059 -0.00360633 -0.00356283
-0.263212 0.421586 0.156577 0.00482306 -0.00278168 -0.00340122
-0.288023 0.557091 0.140556 0.00562509 -0.00305637 -0.00343281
-0.28606 0.525987 0.172977 0.00576098 -0.00297033 -0.00372216
-0.271672 0.43263 0.150239 0.00507306 -0.00270179 -0.00333739
-0.280953 0.542744 0.144616 0.00591234 -0.0028695 -0.0034539
-0.284624 0.512786 0.183609 0.00600902 -0.00303826 -0.00367748
-0.276969 0.421059 0.157564 0.0049472 -0.00258407 -0.00345039
-0.289139 0.566409 0.143571 0.00605943 -0.00294031 -0.00389494
-0.292192 0.557067 0.192112 0.00643448 -0.00361886 -0.00397619
-0.28332 0.448022 0.145827 0.00543926 -0.00280194 -0.00352416
-0.300529 0.560984 0.148724 0.00603722 -0.0030673 -0.00398302
-0.292439 0.523571 0.192628 0.00600353 -0.00295394 -0.00370417
-0.281144 0.483376 0.159526 0.00535394 -0.00299153 -0.00357443
-0.301399 0.574681 0.162818 0.00630577 -0.00320843 -0.0041006
-0.298209 0.537482 0.188111 0.00650005 -0.00331702 -0.00405537
-0.288929 0.490797 0.160461 0.00579325 -0.00288756 -0.00366964
-0.299223 0.588327 0.17153 0.00665875 -0.00353833 -0.00411217
-0.306266 0.54875 0.18284 0.00645021 -0.00324932 -0.00402741
-0.286172 0.481649 0.181536 0.00553701 -0.00314976 -0.00371069
-0.291242 0.58921 0.182786 0.00627444 -0.00430544 -0.00377161
-0.306368 0.555135 0.211916 0.00655083 -0.00449125 -0.0039544
-0.302691 0.481743 0.187054 0.00567093 -0.00315243 -0.00377889
-0.29524 0.526725 0.158863 0.00556023 -0.00300635 -0.00336534
-0.299402 0.586473 0.189237 0.00645816 -0.00352821 -0.00396207
-0.283484 0.519818 0.193404 0.00592936 -0.00320248 -0.0036596
-0.276086 0.517742 0.174949 0.00544364 -0.00310211 -0.00335099
-0.285392 0.602699 0.199706 0.00616302 -0.00401974 -0.00369658
-0.274749 0.535838 0.206277 0.00601384 -0.00344156 -0.00347241
-0.273099 0.491377 0.17462 0.00525412 -0.00327594 -0.00347427
-0.269154 0.58801 0.187446 0.00651727 -0.00422725 -0.00372429
-0.281176 0.556073 0.195064 0.0063428 -0.00482562 -0.00360231
-0.271859 0.476715 0.188977 0.00500445 -0.00430777 -0.0033419
-0.271901 0.53346 0.171243 0.00560192 -0.00426624 -0.00329425
-0.274462 0.553232 0.195363 0.0061501 -0.00425117 -0.0035256
-0.258668 0.463324 0.181917 0.00524365 -0.00368455 -0.00324462
-0.261017 0.542764 0.147432 0.0053709 -0.00352495 -0.00338995
-0.264801 0.592199 0.185334 0.00600793 -0.00404305 -0.00358334
-0.257073 0.464258 0.188445 0.00475845 -0.00328312 -0.00298363
-0.262566 0.539466 0.150736 0.00507384 -0.00345112 -0.0031542
-0.264611 0.586977 0.180506 0.00579248 -0.0036539 -0.00337421
-0.253204 0.461767 0.179963 0.00515541 -0.00328918 -0.00324213
-0.264281 0.533652 0.131897 0.00546024 -0.00338638 -0.00328363
-0.274442 0.557547 0.181714 0.0064126 -0.00399959 -0.00356383
-0.267776 0.418384 0.163633 0.00489726 -0.00300793 -0.00317506
-0.278946 0.527914 0.142555 0.00590994 -0.00338088 -0.00324364
-0.278486 0.538855 0.182085 0.00599353 -0.003608 -0.00340388
-0.271726 0.454196 0.158217 0.00512207 -0.00309577 -0.003253
-0.281324 0.5757 0.154374 0.00623839 -0.00364092 -0.00379865
-0.281795 0.558111 0.19045 0.00627257 -0.00350477 -0.00374213
-0.268718 0.482422 0.161412 0.00537207 -0.00292559 -0.00327221
-0.287936 0.601932 0.175862 0.00623649 -0.00344701 -0.00365542
-0.28792 0.542218 0.211062 0.00644335 -0.00393076 -0.00378067
-0.275394 0.478019 0.173559 0.00522617 -0.00295439 -0.0033153
-0.279913 0.596587 0.190453 0.00640886 -0.00378401 -0.00357787
-0.289156 0.551615 0.214418 0.00680635 -0.00372143 -0.00353813
-0.28361 0.465 0.198304 0.00547685 -0.00306559 -0.00334964
-0.273101 0.579786 0.201946 0.00627676 -0.00386213 -0.00372874
-0.283757 0.563274 0.221349 0.00660264 -0.00427355 -0.0036176
-0.279635 0.495307 0.20327 0.00567993 -0.00440621 -0.00338768
-0.276961 0.532193 0.188041 0.00577221 -0.00475582 -0.0033956
-0.278985 0.580319 0.207071 0.00635717 -0.00457921 -0.00356241
-0.270521 0.516072 0.210441 0.00589157 -0.00397975 -0.00335815
-0.279117 0.498045 0.166562 0.00540598 -0.00363764 -0.00335424
-0.27694 0.594381 0.176568 0.00618474 -0.00397784 -0.00376264
-0.268624 0.533704 0.182607 0.0057379 -0.00374746 -0.00343711
-0.262807 0.479252 0.152769 0.00495667 -0.00301793 -0.00331663
-0.268871 0.606184 0.158965 0.00604569 -0.00369904 -0.00365295
-0.266543 0.522177 0.184885 0.00556931 -0.00356617 -0.00349707
-0.256015 0.46199 0.143296 0.00474336 -0.00299917 -0.0033703
-0.254415 0.586492 0.14291 0.00564471 -0.00328914 -0.00349667
-0.254001 0.499804 0.174859 0.00550439 -0.00349097 -0.00334112
-0.26885 0.453495 0.146406 0.00481909 -0.00336119 -0.00330616
-0.2639 0.590479 0.159729 0.00592613 -0.00372489 -0.00346455
-0.264915 0.517846 0.178768 0.00568711 -0.00347017 -0.00343548
-0.263706 0.459527 0.144812 0.00501589 -0.00323576 -0.0032945
-0.268351 0.573769 0.147786 0.00600962 -0.00395978 -0.00343574
-0.277117 0.53623 0.173017 0.00570732 -0.00395624 -0.00322178
-0.259485 0.490305 0.160836 0.00510345 -0.00443994 -0.0030914
-0.253787 0.566066 0.172233 0.00570741 -0.0056667 -0.00292266
-0.25378 0.530175 0.186213 0.00562468 -0.00592584 -0.00276267
-0.249026 0.485261 0.195812 0.00495091 -0.00567391 -0.00276858
-0.250136 0.488168 0.150168 0.00495091 -0.00537537 -0.00317236
-0.253738 0.550455 0.149661 0.00554162 -0.00499145 -0.00315809
-0.24995 0.465492 0.170524 0.00454171 -0.00430075 -0.00293217
-0.251056 0.511983 0.116148 0.00495091 -0.0041383 -0.00308826
-0.262465 0.573906 0.141564 0.00550107 -0.00444779 -0.00312479
-0.253831 0.462774 0.167908 0.00452741 -0.0039813 -0.00305194
