0.0542047 0.182562 0.0871853 0.00111425 0 0.00017568
0.0437397 0.241161 0.0991271 0.00108507 -0.00025 -6.277e-05
0.0491648 0.327306 0.102157 0.00103249 -0.00038933 -4.01e-05
0.0393487 0.16741 0.103858 0.00143183 0 3.69e-06
0.0322517 0.320438 0.103768 0.00150151 0 -8.203e-05
0.0351705 0.286406 0.106345 0.00139279 0 -1.631e-05
0.0392526 0.223563 0.124523 0.00161937 0 -5.039e-05
0.0326287 0.278247 0.121133 0.00157354 -0.00012863 -8.185e-05
0.0331866 0.362084 0.146173 0.00100958 -0.00017805 -0.00028212
0.0417707 0.233647 0.120821 0.00181343 -0.00010374 -0.00019088
0.0449389 0.268905 0.132697 0.00268744 -0.00032273 -5.73e-05
0.0503881 0.308892 0.118946 0.0030191 -0.00036452 0.00023668
0.0545839 0.181313 0.0992774 0.00332111 1.471e-05 0.00020332
0.0376966 0.295206 0.11415 0.00312217 -6.548e-05 0.00083885
0.0584272 0.126988 0.0158064 0.0055583 0.0001955 0.00063613
0.0578767 0.0855415 -0.072842 0.00743609 0.00037823 0.00015711
0.0612926 0.117811 -0.0581861 0.0080771 0.00056959 0.00023411
0.0708338 0.234721 -0.0162306 0.00680198 0.00096571 0.00058341
0.0613518 0.130915 -0.0234041 0.0076292 0.00117544 0.00030762
0.0487545 0.202692 -0.0249718 0.00783257 0.00094 7.012e-05
0.0488019 0.228685 -0.0298402 0.00722586 0.00086501 0.00017806
0.0671369 0.133989 -0.0358893 0.0083485 0.00112522 0.0004768
0.0503619 0.234663 0.00240723 0.0068604 0.00115868 0.00066492
0.0584936 0.13076 -0.0152482 0.00698942 0.00092294 0.00039416
0.0482319 0.110831 -0.022689 0.00753311 0.00098321 0.00011788
0.048162 0.209689 0.0185706 0.00606058 0.00088191 0.00026249
0.0483207 0.122539 -0.0198986 0.00713033 0.00110636 0.00018335
0.0478911 0.153984 -0.0332121 0.00784172 0.00084733 -7.3e-07
0.0460721 0.252633 0.0182504 0.00613278 0.00090995 0.00032878
0.0545611 0.122316 0.0182537 0.00736362 0.00090995 0.0001437
0.0501377 0.258105 0.0447738 0.00629264 0.00090995 4.317e-05
0.0556481 0.19682 0.0313343 0.00614583 0.00081033 0.00025188
0.0537554 0.18025 0.0416216 0.0061388 0.00041122 0.00129583
0.0640012 0.258916 0.0805686 0.00445622 0.0004086 0.00101753
0.0554764 0.137171 0.0449705 0.00614848 0.00033611 0.00087916
0.0484087 0.203353 0.0655286 0.00582536 0.00029978 0.00088501
0.0356402 0.202699 0.0603712 0.00532284 0.00039998 0.00082141
0.0271966 0.162967 0.0313753 0.00624202 0.00039998 0.00097534
0.0259889 0.246031 0.0639913 0.00520521 0.00039998 0.00082063
0.0413046 0.12147 0.0421151 0.00606042 0.00039998 0.00060836
0.0225823 0.2461 0.07352 0.00526357 0.00039998 0.0007665
0.0279819 0.199127 0.0311412 0.00607175 0.00039998 0.00090693
0.0381638 0.18242 0.0525548 0.00597835 0.00051847 0.00032888
0.0145704 0.296541 0.0554495 0.0057446 0.0003246 0.0006751
0.0382185 0.159804 0.0326947 0.00629813 0.00039998 0.00033148
0.00699126 0.226459 0.0652675 0.00547512 0.00045249 0.00056489
0.0351156 0.246616 0.0549471 0.0055437 0.00028519 0.00026679
0.0145105 0.153336 0.0339517 0.00626714 0.00033843 0.00075892
0.0159131 0.200034 0.0512483 0.00514615 0.00039998 0.00062763
0.0148473 0.15051 0.0284675 0.00614755 0.00039998 0.00044335
0.0139691 0.230199 0.0664853 0.00491894 0.00011151 0.00065588
0.0175117 0.110898 0.0642963 0.00549709 0.00025358 0.00067139
0.00918486 0.21613 0.0734734 0.00540176 0.00039998 0.00069046
0.0104774 0.1785 0.0380339 0.00587121 0.00039998 0.00062363
0.0137683 0.182785 0.0424746 0.00639955 0.0002008 6.514e-05
0.00440292 0.290879 0.0478744 0.00561896 0.00022313 0.00071069
0.0160198 0.12364 0.0439293 0.00596528 0.00022058 0.00068576
0.00447944 0.239489 0.0629457 0.00545084 0.00039998 0.00072054
0.0145952 0.15568 0.0320024 0.00550855 0.00039998 0.00042632
0.00735837 0.180418 0.0485546 0.00590221 9.706e-05 0.00050634
0.0108729 0.204396 0.0380908 0.00568665 0.00020571 0.00071077
0.0166549 0.117181 0.0340183 0.00649319 0.00039998 0.00038046
0.0094132 0.238281 0.059125 0.0052139 0.00039998 0.00072979
0.0119063 0.155836 0.039557 0.00677486 0.00020854 0.00066435
0.00483877 0.214641 0.0370651 0.00663694 0.00027689 0.00051193
0.0095206 0.242774 0.0668344 0.00562318 9.392e-05 0.00070683
0.00655632 0.174344 0.0174907 0.00718487 0.00039998 0.00062698
0.00472716 0.244209 0.0694468 0.00586369 0.00017419 0.0006614
0.00891951 0.206306 0.016022 0.00651559 0.00018444 0.00054304
0.00775848 0.161905 0.060115 0.005616 0.00029542 0.0006944
0.00553137 0.172563 0.0337791 0.00572187 -7.83e-06 0.00056882
0.0223817 0.0944087 0.0114494 0.00680611 -4.89e-05 -0.00013184
0.00281724 0.234936 0.0444626 0.00563132 0.00024011 0.00063724
0.0212623 0.154497 0.0258859 0.00605366 0.00016011 7.257e-05
0.0130982 0.179863 0.0253448 0.00654502 -2.756e-05 -0.00015742
0.0170092 0.267577 0.0264657 0.00636445 -9.158e-05 -8.703e-05
0.00037427 0.158257 0.00410312 0.0071837 4.733e-05 0.00039099
-0.00116459 0.252282 0.0571141 0.00552468 -2.498e-05 0.00040821
0.0111653 0.162501 0.0122767 0.00656677 -2.498e-05 9.5e-07
0.0110967 0.163808 0.0198423 0.00692809 -0.00011292 -8.874e-05
-0.00011195 0.255687 0.0380169 0.00585771 -0.00019992 0.00039829
0.018374 0.135039 0.0242219 0.00659242 -2.498e-05 -0.00019444
-0.00629629 0.224478 0.0573048 0.00605684 -0.00017628 0.00036998
0.00481319 0.13375 0.0150397 0.00652676 -2.498e-05 0.00032929
0.0181352 0.162847 0.012561 0.00652676 6.071e-05 -0.00027903
-0.00045925 0.268381 -0.00646542 0.00679978 -0.00020405 0.00034571
0.0182477 0.155112 -0.00697359 0.00746413 -2.498e-05 -0.00022643
0.00816147 0.239605 0.0344256 0.00613592 -0.00019527 -0.00011949
0.0113382 0.188137 0.0286373 0.00568949 -2.498e-05 -0.00011069
0.0182982 0.175927 0.027071 0.00690648 -0.0001695 -0.00014471
0.0123713 0.227487 0.0247699 0.0057038 -0.00019792 -0.00010687
0.00845275 0.132833 0.0102691 0.00719311 -2.498e-05 -0.00010893
-0.0057927 0.213789 0.0142658 0.00630555 -2.498e-05 0.00026062
-2.08e-05 0.123567 -0.0176155 0.00777555 -0.00010861 0.00034513
0.0104006 0.197741 0.0147393 0.00695532 -0.00022213 -5.704e-05
0.0182158 0.114753 0.00129089 0.00747762 -2.498e-05 -0.0002605
-0.004963 0.24774 0.0317392 0.00668151 -2.498e-05 0.00040494
0.00300862 0.153078 -0.0403502 0.00778933 -0.00017949 0.0005131
-0.0049455 0.171905 -0.00117688 0.00766102 -2.498e-05 0.00044435
-0.00713182 0.237951 0.0226863 0.00679932 -2.498e-05 0.00055466
-0.00078966 0.127083 -0.0201193 0.00823433 -0.00032676 0.00047533
-0.00460678 0.223319 0.0248556 0.00700179 -0.00038053 0.0004813
-0.00856109 0.134264 0.00303616 0.00742341 -2.498e-05 0.00044231
-0.0115772 0.175378 0.0396338 0.0068122 -0.00018263 0.00048818
-0.00862097 0.213762 0.00170034 0.0065594 -0.00045943 0.00052541
-0.00725449 0.122135 0.00015183 0.00723606 -0.00031773 0.00026988
-0.00760798 0.233029 0.0230119 0.00619216 -0.00044444 0.00035739
-0.00745938 0.12596 -0.00736545 0.007257 -0.00021135 0.00022822
-0.0109807 0.204533 0.0294262 0.00656819 -0.00031118 0.00032343
-0.00768202 0.212148 0.00096074 0.00690551 -0.00025495 0.00020323
-0.00765916 0.123515 -0.0115789 0.0079076 -0.00036036 0.00016908
-0.0107233 0.240588 0.0220005 0.00664789 -0.00045589 0.00038957
-0.0104505 0.167827 -0.0294567 0.0081141 -0.00051089 0.00035472
-0.00998422 0.203958 0.00190454 0.00738353 -0.00051089 0.00020333
-0.00767946 0.212409 -0.00237342 0.0064848 -0.00040722 0.00032977
-0.00897637 0.109592 -0.00834744 0.00685369 -0.0003683 0.00022535
-0.00920333 0.194745 -0.0187504 0.0061941 -0.00051089 0.00027332
-0.00566135 0.102365 -0.021922 0.00751883 -0.00018418 0.00019627
-0.00888208 0.181089 0.0170886 0.00651468 -0.0003918 0.00025608
-0.0121701 0.169521 -0.0115289 0.00707759 -0.00051089 0.00037654
0.00127661 0.189449 -0.0114902 0.00748368 -0.00024439 3.251e-05
-0.00965578 0.257071 -0.00543479 0.00667486 -0.00045834 0.00026689
-0.0106008 0.127307 -0.00220843 0.00747318 -0.00043268 0.00043519
-0.00909382 0.207903 0.0221275 0.00691811 -0.00045273 0.00019824
-0.0104073 0.208198 0.0156374 0.00641243 -0.00047135 0.00038806
-0.00839894 0.0808189 0.00754014 0.0071896 -0.00051682 0.00012345
-0.0101234 0.216951 0.00887703 0.0068799 -0.0006242 0.00018169
-0.0149505 0.10975 0.00435208 0.007037 -0.00058775 0.00035308
-0.0170892 0.156059 0.0093524 0.00725577 -0.00064814 0.00043694
-0.0111949 0.203191 0.0262956 0.00623882 -0.00057192 0.00048383
-0.0184474 0.146773 0.0242931 0.00698012 -0.00053989 0.00063525
-0.016802 0.222409 0.0187782 0.0065737 -0.00053147 0.0005437
-0.0137435 0.135913 0.00829978 0.00727548 -0.00039563 0.00065332
-0.0144864 0.237578 0.0288482 0.00618405 -0.00063616 0.00043796
-0.0142822 0.187885 0.0195713 0.00610666 -0.00058356 0.00053904
-0.00871205 0.133504 0.00206939 0.00734767 -0.00058356 0.0001359
-0.0158777 0.254163 0.0293661 0.00643168 -0.00058356 0.00048714
-0.0125045 0.130205 -0.00358954 0.00683655 -0.00058356 0.0004987
-0.00589606 0.189876 0.0276966 0.00630828 -0.00058356 0.0001428
-0.00878361 0.146608 0.00603629 0.00663422 -0.00058356 9.605e-05
-0.00636487 0.141308 0.0253206 0.00688104 -0.00058356 9.257e-05
-0.0170465 0.254793 0.0440798 0.00532428 -0.00058356 0.00049005
-0.0163198 0.14364 -1.136e-05 0.00694868 -0.00046571 0.00057271
-0.0172546 0.225269 0.0418056 0.0061009 -0.00058356 0.00049556
-0.0181205 0.162204 0.0146611 0.00691053 -0.00058356 0.00055949
-0.0166469 0.148782 -0.00687889 0.00743867 -0.00042851 0.00059759
-0.0153356 0.258446 0.0180939 0.00622626 -0.00058356 0.00053994
-0.0166458 0.121277 -0.00023678 0.00654582 -0.00076039 0.00055144
-0.0134183 0.141727 0.0154702 0.00677944 -0.00071182 0.00051765
-0.0160598 0.282635 0.0146958 0.0062377 -0.00058356 0.00037147
-0.0140786 0.138231 0.017195 0.00681289 -0.00071448 0.00049063
-0.0147086 0.196429 0.030869 0.00686042 -0.00064182 0.00046098
-0.00854119 0.199613 0.00974938 0.00666372 -0.00058356 0.00032918
-0.0126058 0.180444 0.0342007 0.00674671 -0.00058356 0.00032915
-0.00839726 0.239207 0.021783 0.00589645 -0.00058356 0.00046179
-0.00845619 0.138867 0.00998286 0.00667443 -0.00058356 0.00035102
-0.0188749 0.224241 0.0311437 0.00651813 -0.00058356 0.00046119
-0.0104624 0.195853 0.00249679 0.00664107 -0.00058356 0.00048332
-0.0107277 0.125057 0.0455397 0.00628512 -0.00058356 0.00057977
-0.0118338 0.240406 0.0515146 0.00569093 -0.00074933 0.00045844
-0.0105478 0.118379 0.0137673 0.0066692 -0.00048257 0.00037766
-0.0132337 0.229124 0.0379888 0.00564204 -0.00058356 0.00050761
-0.00848176 0.108633 0.00276705 0.00699809 -0.00058356 0.00030695
-0.0146205 0.178377 0.0108346 0.00692813 -0.00058356 0.00046038
-0.0158589 0.209427 0.00156449 0.00730424 -0.00058356 0.00052055
-0.0146243 0.178843 0.0152135 0.00697509 -0.00058356 0.00046418
-0.0143163 0.200582 0.0120384 0.00659337 -0.00058356 0.00050551
-0.0169219 0.146511 0.0106593 0.00758912 -0.00058356 0.0005365
-0.0164558 0.267054 0.035464 0.00587246 -0.00070641 0.00041562
-0.01692 0.132647 0.0122809 0.00684827 -0.00058356 0.00043485
-0.0254967 0.177488 0.0209837 0.0073199 -0.00058356 0.00057571
-0.0148996 0.21833 0.00999215 0.00686621 -0.00058356 0.00046209
-0.0211037 0.123999 0.00079975 0.00745072 -0.00058356 0.0006009
-0.0160535 0.235247 0.0275006 0.00650462 -0.00068893 0.00044244
-0.016011 0.110195 0.0163333 0.0071154 -0.00039768 0.00028679
-0.0174706 0.205376 0.0498203 0.0058608 -0.00058356 0.00032662
-0.0214378 0.174309 0.00862272 0.00739574 -0.00058356 0.00059872
-0.0174117 0.22548 0.0352354 0.00709978 -0.00058356 0.00036609
-0.0251064 0.203335 0.0224537 0.00707346 -0.00058356 0.00058301
-0.0194138 0.17613 0.0211285 0.00718701 -0.00058356 0.00056043
-0.0230102 0.24271 0.0306442 0.00643439 -0.00069337 0.00055057
-0.021098 0.139567 0.0127411 0.00724507 -0.00058356 0.00062533
-0.0192822 0.215754 0.0376914 0.00548398 -0.00058356 0.00054488
-0.024179 0.0882676 0.00238882 0.00718647 -0.00058356 0.00066137
-0.0224279 0.191962 0.0417279 0.00633299 -0.00064194 0.00060861
-0.0147696 0.115647 0.0499977 0.00676359 -0.00070822 0.00040952
-0.0254366 0.244312 0.0663029 0.00638365 -0.00065001 0.00058751
-0.0163449 0.173166 0.0356373 0.00679755 -0.00058356 0.00042066
-0.0233145 0.177773 0.0269149 0.00608989 -0.00064218 0.00029409
-0.026909 0.286788 0.055049 0.00506056 -0.0008873 0.00058886
-0.0273117 0.142852 0.0298871 0.00597028 -0.00084492 0.00055571
-0.025321 0.141014 0.039231 0.00627834 -0.00079028 0.0004828
-0.0231709 0.287025 0.057522 0.00569649 -0.00077332 0.00046755
-0.0170045 0.210034 -0.0122873 0.0060674 -0.0009871 0.00078834
0.00218387 -0.00891653 0.0528932 0.00587792 -0.00039972 0.00070167
0.0157199 0.0660424 0.0753977 0.005528 -0.00058356 0.00069029
0.00671843 0.241935 0.0893828 0.00461189 0.0001632 0.00071737
0.00203246 0.139494 0.0792662 0.00499788 -0.00028695 0.00073997
-0.00114649 0.172302 0.10316 0.00547845 -0.00111102 0.00112696
0.00920774 0.265993 0.13065 0.00557528 -0.00109607 0.00134949
0.00902147 0.236467 0.109851 0.00584264 -0.00116819 0.0012971
0.0131813 0.186505 0.120022 0.00636356 -0.00152011 0.00112696
-5.372e-05 0.247589 0.156769 0.00430939 -0.0011495 0.00141736
-0.00481954 0.221226 0.13979 0.00474657 -0.0011495 0.00131437
-0.00582773 0.142254 0.143748 0.00599224 -0.0011495 0.00131105
-0.0174976 0.23214 0.177765 0.00413812 -0.00098904 0.00129625
-0.0150533 0.142579 0.141246 0.00492066 -0.0008995 0.00122091
-0.00805207 0.138493 0.155878 0.00523503 -0.0011495 0.00129139
-0.008237 0.187406 0.165331 0.00534866 -0.00101655 0.00112696
-0.0129359 0.266665 0.160335 0.00514491 -0.0008995 0.00118164
-0.01491 0.279054 0.156356 0.00478046 -0.0008995 0.00117751
-0.00722545 0.174598 0.155226 0.00569291 -0.00102086 0.00119952
-0.0173833 0.35082 0.171744 0.00441385 -0.00085102 0.0013289
-0.0145744 0.280947 0.143845 0.00469992 -0.00109382 0.00145539
-0.0180398 0.109508 0.169941 0.00497652 -0.0008958 0.00168019
-0.0133952 0.1876 0.144703 0.00546931 -0.00117794 0.00126115
-0.0224758 0.251856 0.156249 0.00449688 -0.00110109 0.00134491
-0.0206871 0.117359 0.148931 0.00443827 -0.00105903 0.00121907
-0.0290287 0.292867 0.163742 0.00464954 -0.00137881 0.00131209
-0.0307579 0.220436 0.133863 0.00516959 -0.00136378 0.00127904
-0.034939 0.284563 0.170767 0.00465599 -0.00133163 0.00111719
-0.0354527 0.253081 0.171472 0.00449688 -0.00119572 0.00110966
-0.0319379 0.208752 0.173596 0.00526805 -0.0013278 0.00120679
-0.0382902 0.325291 0.18622 0.00449688 -0.00141141 0.00122585
-0.031719 0.208447 0.169173 0.00471751 -0.00131491 0.00115116
-0.0345565 0.259063 0.171319 0.00499527 -0.00113277 0.00110975
-0.0359963 0.319457 0.185802 0.00419102 -0.00152245 0.00124968
-0.0357661 0.193197 0.169792 0.0047684 -0.00127527 0.00114276
-0.046259 0.296034 0.182898 0.00437117 -0.00156847 0.0012961
-0.0398016 0.189881 0.184125 0.00432338 -0.0015877 0.0012961
-0.0461134 0.261198 0.19171 0.0044439 -0.00154059 0.00119722
-0.0416392 0.25477 0.1516 0.00500217 -0.00141141 0.0012961
-0.0450781 0.171576 0.172768 0.00524379 -0.00161931 0.00089846
-0.0473886 0.308402 0.172382 0.00544481 -0.00159993 0.00108749
-0.0474598 0.21825 0.157991 0.00517844 -0.00141141 0.00090945
-0.0508657 0.330626 0.189668 0.00473868 -0.00170309 0.00114459
-0.0440838 0.199697 0.151569 0.00506791 -0.00153781 0.00091629
-0.0473948 0.245562 0.183061 0.00503863 -0.00163562 0.00100492
-0.0472448 0.270639 0.152596 0.00482304 -0.0015398 0.0011017
-0.0474591 0.157598 0.150867 0.00527323 -0.00166244 0.00091688
-0.0472535 0.290173 0.173217 0.0049273 -0.00141141 0.00107739
-0.0474951 0.159218 0.163107 0.0052412 -0.00167017 0.00094191
-0.052345 0.275645 0.162037 0.00547035 -0.00189279 0.00117811
-0.0473491 0.265411 0.156314 0.00500146 -0.00161219 0.00110065
-0.0475727 0.247946 0.155483 0.00555682 -0.00178318 0.00097518
-0.0539425 0.311164 0.166689 0.0047449 -0.00165884 0.00115092
-0.0551194 0.20935 0.155753 0.00542667 -0.00174595 0.00114869
-0.0538196 0.312732 0.195662 0.00457609 -0.00160756 0.00106982
-0.0550384 0.220756 0.162344 0.00496654 -0.00177025 0.00101344
-0.0506822 0.220782 0.178542 0.00491987 -0.00186506 0.00099698
-0.0546972 0.272401 0.160903 0.00479216 -0.00200146 0.00117065
-0.0509724 0.238685 0.178447 0.00500996 -0.00176446 0.00105268
-0.0542674 0.338187 0.173655 0.00397018 -0.0015626 0.00110909
-0.0543056 0.176579 0.161867 0.00507331 -0.00185879 0.00090405
-0.0551447 0.302096 0.188929 0.00463148 -0.00210879 0.00110179
-0.0563603 0.229084 0.164342 0.00520772 -0.00210879 0.00119882
-0.0557904 0.242659 0.160356 0.00532166 -0.00210879 0.00109667
-0.0541983 0.315146 0.179776 0.00408687 -0.0018814 0.00118519
-0.0542903 0.20405 0.143888 0.00577449 -0.00210879 0.00118444
-0.0530774 0.298384 0.163382 0.00506713 -0.00210879 0.00104757
-0.0483766 0.238488 0.175963 0.00444119 -0.00196936 0.00078405
-0.054249 0.270988 0.145971 0.00526279 -0.00210879 0.00119315
-0.0515327 0.223748 0.157594 0.00568175 -0.00210879 0.00095696
-0.0552064 0.341384 0.155147 0.00475394 -0.00210879 0.00118661
-0.0538793 0.199224 0.14675 0.00527225 -0.00210879 0.00111932
-0.0542318 0.24531 0.16148 0.00527374 -0.00210879 0.00101214
-0.0562699 0.334345 0.167865 0.00439544 -0.00210879 0.00116401
-0.0589107 0.168921 0.151379 0.00512733 -0.00210879 0.0013428
-0.0474481 0.24404 0.171647 0.00475394 -0.00176081 0.00104184
-0.0475606 0.292666 0.152502 0.00498166 -0.00210879 0.00109121
-0.0377337 0.207568 0.156674 0.0049412 -0.00210879 0.00091171
-0.0483978 0.328823 0.168635 0.00458697 -0.00210879 0.00121418
-0.0477922 0.191203 0.170529 0.00490465 -0.00210879 0.00119408
-0.0520047 0.305238 0.186325 0.00425609 -0.00185879 0.0011263
-0.0480086 0.229378 0.163261 0.00434475 -0.00210879 0.0013057
-0.04737 0.22157 0.161601 0.0047114 -0.00185879 0.00112333
-0.0540266 0.333505 0.179382 0.00458295 -0.00210879 0.00117162
-0.0517995 0.226521 0.159493 0.00494685 -0.00210879 0.00106007
-0.050889 0.265818 0.179313 0.00466035 -0.00185879 0.00137326
-0.0527368 0.316673 0.18039 0.00389917 -0.00210879 0.00111619
-0.0474567 0.19112 0.172208 0.00448701 -0.00185879 0.00105062
-0.054155 0.317771 0.19027 0.004019 -0.00175146 0.00111274
-0.0543643 0.207509 0.162804 0.00436865 -0.00210879 0.0009096
-0.0557247 0.307196 0.173765 0.00395857 -0.00210879 0.00103548
-0.0555696 0.186408 0.153004 0.0046024 -0.00217265 0.00094458
-0.0592933 0.30845 0.161263 0.00454952 -0.00210879 0.00100205
-0.0620255 0.258545 0.158484 0.00401583 -0.00210879 0.00124924
-0.0562677 0.22338 0.153346 0.00527165 -0.00210879 0.00118925
-0.0596159 0.327826 0.167564 0.00420986 -0.00210879 0.00100017
-0.0550526 0.211564 0.154863 0.00495691 -0.00210879 0.00113608
-0.0539214 0.34154 0.186384 0.00394589 -0.00210879 0.00117056
-0.0474279 0.212106 0.164978 0.00408049 -0.00202983 0.00112345
-0.0520536 0.274891 0.178558 0.00426455 -0.00210879 0.00107328
-0.0508372 0.247965 0.16408 0.00421707 -0.00210879 0.00134281
-0.05199 0.321046 0.186367 0.00399608 -0.00210879 0.00115628
-0.0549771 0.238306 0.169908 0.0041047 -0.00210879 0.00106639
-0.0539515 0.240199 0.185883 0.00432417 -0.00210879 0.00111614
-0.0547713 0.31671 0.175206 0.00388601 -0.00210879 0.00117761
-0.052198 0.198508 0.160845 0.00469464 -0.00210879 0.0010403
-0.0566959 0.329823 0.186255 0.00407417 -0.00210879 0.00118735
-0.0549298 0.237556 0.164128 0.00456914 -0.00232508 0.00100221
-0.0543491 0.242829 0.185883 0.00432417 -0.00210879 0.00111156
-0.0560101 0.34665 0.168806 0.00432417 -0.00210879 0.00121453
-0.0538326 0.189048 0.169131 0.00446023 -0.00210879 0.00146899
-0.0553747 0.30675 0.186072 0.00419828 -0.00210879 0.00115578
-0.0473909 0.258753 0.160692 0.00449262 -0.00210879 0.0012005
-0.0503421 0.25973 0.185652 0.00449262 -0.00210879 0.00113611
-0.0540657 0.27196 0.161062 0.00459082 -0.00210879 0.00106898
-0.0539076 0.245961 0.162183 0.00496759 -0.00199313 0.0012198
-0.0549836 0.341969 0.157853 0.00434771 -0.00210879 0.00119306
-0.0522795 0.21671 0.180898 0.0048133 -0.00210879 0.0010551
-0.0540765 0.327264 0.19601 0.00427263 -0.00210879 0.00115584
-0.0495788 0.224852 0.169239 0.00451024 -0.00210879 0.00126395
-0.0551033 0.319934 0.18601 0.00426024 -0.00210879 0.00118209
-0.0521408 0.25205 0.154282 0.00458687 -0.00210879 0.00106038
-0.052101 0.293868 0.186312 0.00404218 -0.00210879 0.0010654
-0.0550465 0.233976 0.172055 0.00451024 -0.00232825 0.00102033
-0.0537449 0.233544 0.180952 0.00431489 -0.00210879 0.00100837
-0.057018 0.306904 0.165818 0.0045477 -0.00226542 0.00104611
-0.0550473 0.207396 0.185189 0.00479916 -0.00235737 0.00101466
-0.0535772 0.337704 0.202411 0.00435556 -0.00210879 0.00114111
-0.055753 0.263291 0.166787 0.00481695 -0.00226346 0.00111667
-0.0561101 0.274826 0.172022 0.00496782 -0.00210879 0.0010787
-0.0566107 0.338561 0.196433 0.00339276 -0.0022592 0.00119805
-0.0537681 0.18548 0.189371 0.00449873 -0.00210879 0.00115507
-0.0537845 0.283689 0.199391 0.0044696 -0.00210879 0.00117637
-0.0502812 0.288416 0.170651 0.00416441 -0.00210879 0.00135285
-0.0454779 0.217339 0.171155 0.00470794 -0.00210879 0.00100898
-0.0540526 0.320326 0.17952 0.0043542 -0.00210879 0.0012594
-0.0523602 0.234959 0.188069 0.00446645 -0.00210879 0.0011656
-0.0535167 0.34279 0.176342 0.00431634 -0.00210879 0.0014483
-0.0568275 0.205453 0.182217 0.00471645 -0.00235171 0.00160267
-0.0578281 0.341747 0.196062 0.00412507 -0.00237445 0.00143905
-0.0590594 0.242175 0.162724 0.00478794 -0.00226324 0.00121183
-0.0551903 0.299339 0.197907 0.00399838 -0.00210879 0.00120405
-0.0546621 0.298162 0.160098 0.00454139 -0.00233694 0.0012875
-0.0561336 0.259496 0.204961 0.00397837 -0.00210879 0.00113907
-0.0539806 0.321698 0.186862 0.00367107 -0.00210879 0.00130049
-0.0552402 0.214626 0.188964 0.0040079 -0.00210879 0.00109243
-0.0546452 0.323975 0.172447 0.00407992 -0.00234473 0.00120316
-0.0546466 0.201481 0.17863 0.00446715 -0.00210879 0.00110636
-0.0558887 0.336862 0.188216 0.0044221 -0.00210879 0.00123744
-0.0549701 0.261649 0.186426 0.00416896 -0.00210879 0.00112158
-0.0564691 0.28283 0.18392 0.00453117 -0.00210879 0.00108571
-0.0548953 0.354278 0.191714 0.00379079 -0.00210879 0.00122547
-0.0538374 0.222587 0.18625 0.00455432 -0.00210879 0.00116459
-0.0536262 0.31606 0.199996 0.00397006 -0.00224592 0.00125949
-0.0539043 0.273153 0.174309 0.00420009 -0.00210879 0.00115221
-0.0555227 0.270911 0.192431 0.00372951 -0.00210879 0.00118745
-0.0537574 0.281094 0.170342 0.00400386 -0.00210879 0.00110701
-0.0557587 0.24197 0.190253 0.00442782 -0.0022595 0.00103816
-0.055621 0.317136 0.195454 0.00342358 -0.00210879 0.00113789
-0.0558183 0.214474 0.190174 0.0041061 -0.00210879 0.00097402
-0.0537248 0.347909 0.196119 0.00398413 -0.0022647 0.00118101
-0.0528906 0.250581 0.180624 0.00355384 -0.00210879 0.00106645
-0.0543668 0.275559 0.167645 0.00398413 -0.00238566 0.00117991
-0.0600931 0.36288 0.172139 0.00356846 -0.00242655 0.00123811
-0.0563815 0.217659 0.185995 0.00447593 -0.00210879 0.00124649
-0.0544889 0.32685 0.205778 0.00368887 -0.00210879 0.0012831
-0.0551825 0.254084 0.165935 0.00411469 -0.00210879 0.00116754
-0.0508893 0.231727 0.197679 0.00388406 -0.00210879 0.00132738
-0.0540782 0.302902 0.192192 0.00370603 -0.00210879 0.00124286
-0.0564711 0.204305 0.190115 0.00380112 -0.00210879 0.0012383
-0.0577871 0.337 0.197451 0.00365233 -0.00234405 0.001158
-0.0559097 0.21162 0.17427 0.00398829 -0.00225171 0.0011075
-0.0537484 0.321989 0.192261 0.00396188 -0.00210879 0.00120451
-0.0525124 0.28011 0.183482 0.00403864 -0.00210879 0.00113627
-0.0537732 0.231127 0.186345 0.00403864 -0.00210879 0.00110201
-0.0567532 0.349035 0.198302 0.00360033 -0.00210879 0.00121561
-0.0540768 0.23448 0.174199 0.00428864 -0.00233314 0.00119207
-0.0604596 0.296688 0.182687 0.00450213 -0.00248895 0.00119088
-0.0540693 0.224451 0.169148 0.0043478 -0.0023286 0.00114194
-0.0604733 0.317048 0.203702 0.00398311 -0.00210879 0.00130662
-0.0559272 0.253321 0.182316 0.00413136 -0.00210879 0.0013266
-0.0585411 0.24053 0.165869 0.00512065 -0.00210879 0.00124553
-0.0610719 0.329682 0.211199 0.00391227 -0.00222726 0.00121294
-0.0557505 0.23501 0.192413 0.00449028 -0.00219362 0.0011304
-0.0620375 0.300441 0.199134 0.00457646 -0.0024059 0.00111609
-0.0597214 0.338574 0.186756 0.00393882 -0.00224828 0.00126462
-0.0560994 0.207223 0.198891 0.00428678 -0.00210879 0.00124567
-0.0667933 0.317292 0.208941 0.00412427 -0.00258648 0.00133111
-0.0535326 0.214393 0.175151 0.00452413 -0.00210879 0.00117963
-0.0563241 0.279622 0.203484 0.00414224 -0.002171 0.0012097
-0.0560064 0.287874 0.180031 0.00380633 -0.00210879 0.00120573
-0.0539277 0.183024 0.193616 0.00413991 -0.00210879 0.00114341
-0.0551784 0.35812 0.183448 0.00398131 -0.00241267 0.00119497
-0.0542032 0.263834 0.17987 0.00352887 -0.00210879 0.0013057
-0.0536045 0.212873 0.183116 0.0041783 -0.00235283 0.00116887
-0.0561132 0.368587 0.195122 0.00384146 -0.00210879 0.00129207
-0.0602355 0.243649 0.174173 0.0042886 -0.00210879 0.00120426
-0.056897 0.256771 0.199759 0.00395257 -0.00210879 0.00117438
-0.05712 0.351503 0.200348 0.00360957 -0.0022272 0.00119366
-0.0556096 0.199426 0.183601 0.00378919 -0.00226935 0.00119198
-0.055963 0.347042 0.198712 0.00421788 -0.00236814 0.00107372
-0.0536701 0.245921 0.16947 0.00402395 -0.00227703 0.00104961
-0.0558281 0.249373 0.201319 0.00421788 -0.00222414 0.00103384
-0.0658032 0.304975 0.196965 0.00379324 -0.00227717 0.00109237
-0.0614623 0.198072 0.190376 0.00453742 -0.00232746 0.00119454
-0.06107 0.319303 0.197563 0.00412424 -0.00218631 0.00102879
-0.0560443 0.210588 0.149901 0.00452664 -0.00264308 0.00105048
-0.0560272 0.268072 0.188412 0.00405094 -0.00247979 0.00105117
-0.0557511 0.308436 0.174061 0.00431082 -0.0024736 0.001202
-0.0529955 0.217175 0.199872 0.00460052 -0.00218436 0.00119797
-0.0555288 0.314281 0.193865 0.00395461 -0.00210879 0.0012579
-0.0506387 0.268425 0.161654 0.00401612 -0.00210879 0.00109354
-0.0557051 0.220765 0.182023 0.00373999 -0.0019355 0.00104045
-0.0556866 0.3503 0.181838 0.00384663 -0.00226942 0.00120255
-0.055728 0.18721 0.163387 0.00427689 -0.00216451 0.00108496
-0.0556907 0.292186 0.190999 0.00417876 -0.00210879 0.00114509
-0.055879 0.279543 0.16486 0.00429874 -0.00226524 0.00106702
-0.0557692 0.258798 0.204203 0.00447167 -0.00210879 0.00110637
-0.0557367 0.342377 0.168403 0.00418313 -0.00210879 0.00116351
-0.0558153 0.214193 0.195353 0.00442904 -0.00210879 0.001038
-0.0679938 0.362581 0.1933 0.00433696 -0.00213415 0.00141343
-0.0556831 0.230929 0.191308 0.00403018 -0.00210879 0.0011274
-0.055747 0.294688 0.209619 0.0040909 -0.00210879 0.00111415
-0.0557271 0.327349 0.19245 0.0042073 -0.00225492 0.00118019
-0.0555896 0.238664 0.193056 0.00455814 -0.00210879 0.00119569
-0.0616024 0.355227 0.191004 0.00437245 -0.00244931 0.00120006
-0.0558326 0.198899 0.173381 0.00430814 -0.00233467 0.00106066
-0.065514 0.345604 0.185646 0.00446381 -0.00210879 0.00147984
-0.0557042 0.236627 0.186358 0.00395587 -0.00210879 0.00111218
-0.055706 0.249746 0.209608 0.00419026 -0.00216403 0.00113272
-0.0556066 0.334835 0.191012 0.00428513 -0.00224427 0.00125875
-0.0557256 0.258051 0.186266 0.00473678 -0.00210879 0.00110043
-0.0557665 0.362821 0.212942 0.00413207 -0.00210879 0.00110142
-0.0557426 0.410524 0.165053 0.00387777 -0.00210879 0.00115789
-0.0555953 0.130011 0.161517 0.00441485 -0.00210879 0.00115384
-0.0513908 0.206729 0.176088 0.00438594 -0.00210879 0.00111503
-0.0556973 0.31277 0.195986 0.00395701 -0.00210879 0.00115451
-0.0559658 0.220275 0.166426 0.00462694 -0.00210879 0.00093897
-0.0557598 0.30698 0.198428 0.00404213 -0.00195419 0.00107509
-0.0559139 0.309016 0.174533 0.00413971 -0.00210879 0.00101108
-0.0560283 0.278414 0.189787 0.00454781 -0.00210879 0.00091113
-0.0556283 0.40966 0.209426 0.00419496 -0.00210879 0.00121924
-0.0530886 0.289763 0.171792 0.00440782 -0.00210879 0.0011388
-0.0522644 0.277712 0.202145 0.00438237 -0.00196668 0.00120668
-0.055536 0.313719 0.200238 0.00394105 -0.00210879 0.00123251
-0.0525927 0.20425 0.194172 0.00449726 -0.00210879 0.00106929
-0.0556954 0.309817 0.201204 0.00376934 -0.00210879 0.00114124
-0.049613 0.241299 0.169345 0.00380547 -0.00210879 0.0010538
-0.045556 0.243807 0.140121 0.00421693 -0.00185879 0.00113677
-0.0458501 0.290269 0.146593 0.00350052 -0.0016543 0.00108156
-0.0497353 0.357213 0.146872 0.00301415 -0.00178674 0.00108938
-0.0471021 0.190025 0.120177 0.00343353 -0.00210879 0.00112463
-0.0410653 0.24849 0.114614 0.00335233 -0.00191756 0.00134166
-0.0525238 0.394533 0.175455 0.00294018 -0.00161013 0.00136589
-0.0506331 0.222364 0.17983 0.00371327 -0.00168028 0.00108326
-0.0554402 0.340547 0.205329 0.00366798 -0.00185879 0.00125094
-0.0554727 0.230117 0.183988 0.00391798 -0.00210879 0.0012794
-0.055528 0.220338 0.195101 0.00404899 -0.00180253 0.00114944
-0.0584428 0.230438 0.189414 0.00391798 -0.00210879 0.00121747
-0.0521218 0.251129 0.204829 0.00400625 -0.00189388 0.00106877
-0.0535056 0.328804 0.18988 0.00359684 -0.00172644 0.00117505
-0.0516285 0.248568 0.204161 0.00444763 -0.00210879 0.0011448
-0.0522567 0.365308 0.224771 0.00349567 -0.00185956 0.00118306
-0.0556117 0.280435 0.197705 0.00375059 -0.00210879 0.0012062
-0.0554838 0.309314 0.192482 0.00379661 -0.00210879 0.00126483
-0.0553712 0.342979 0.210112 0.00334143 -0.00204565 0.00134606
-0.0436116 0.198388 0.200651 0.00422901 -0.0021088 0.00151692
-0.0483603 0.31478 0.226626 0.00370143 -0.0021088 0.00147036
-0.0367282 0.252723 0.190374 0.00352942 -0.0018588 0.00151692
-0.0401059 0.315518 0.196806 0.00328522 -0.00170877 0.00161682
-0.0380792 0.220379 0.191007 0.00329209 -0.00184067 0.00151692
-0.0359052 0.264366 0.188075 0.00360967 -0.00188116 0.00151692
-0.0443381 0.349038 0.196932 0.00298408 -0.00213562 0.00163345
-0.0436163 0.262913 0.212937 0.0038062 -0.00213562 0.00159982
-0.0444806 0.380988 0.237417 0.0031908 -0.00213562 0.00176692
-0.0466198 0.258666 0.213227 0.00407141 -0.00205639 0.00161186
-0.0450114 0.302356 0.211914 0.00355486 -0.00196432 0.00138371
-0.0475645 0.337158 0.199872 0.00374307 -0.00238562 0.00151692
-0.041815 0.233334 0.20979 0.00378378 -0.00208558 0.00151692
-0.0460341 0.342368 0.225766 0.00266284 -0.00213562 0.00161073
-0.0451052 0.233652 0.197026 0.00344464 -0.00213562 0.00151692
-0.0450122 0.290104 0.211279 0.00314641 -0.00195323 0.00151692
-0.0383534 0.225198 0.208046 0.00329342 -0.00165894 0.00157497
-0.0459772 0.326385 0.204905 0.00349353 -0.00208307 0.00162524
-0.0403408 0.273046 0.185511 0.00364579 -0.00202775 0.00146447
-0.0451867 0.389934 0.206997 0.00298729 -0.00216512 0.00161618
-0.0462364 0.2761 0.191323 0.00361803 -0.00198221 0.00165228
-0.0494718 0.349211 0.225191 0.00313175 -0.00208043 0.00151692
-0.0488535 0.283158 0.212535 0.00307643 -0.00197127 0.00165006
-0.0497416 0.327035 0.211857 0.00351819 -0.0020923 0.00151692
-0.0551777 0.322549 0.205695 0.00306986 -0.00227891 0.00151692
-0.0505179 0.237887 0.208279 0.00339082 -0.00224429 0.00151692
-0.0551515 0.349563 0.225245 0.00306738 -0.0021451 0.00151692
-0.0471216 0.248795 0.198921 0.00349157 -0.00218593 0.00151692
-0.0486206 0.335609 0.225735 0.00283483 -0.00210896 0.00169991
-0.0436382 0.248763 0.202451 0.00333025 -0.00196258 0.00151692
-0.0493641 0.329451 0.206205 0.00312937 -0.0022056 0.00162501
-0.0388805 0.310998 0.199538 0.00258204 -0.00210897 0.00186104
-0.0329253 0.238615 0.20502 0.00341241 -0.00201057 0.00176692
-0.0476736 0.380346 0.208725 0.00300775 -0.00210897 0.00176692
-0.0431774 0.268544 0.187904 0.00329663 -0.00195038 0.00151693
-0.038199 0.324835 0.213564 0.00288807 -0.00210897 0.00190038
-0.0412448 0.32951 0.203533 0.00285546 -0.00210897 0.00178637
-0.043128 0.298687 0.220532 0.00302479 -0.00214652 0.00184644
-0.0415469 0.307748 0.183297 0.0028509 -0.00179196 0.00176412
-0.0429725 0.280311 0.222856 0.00290421 -0.00210897 0.00182793
-0.0431078 0.313435 0.203022 0.00319986 -0.0021622 0.00161579
-0.0456391 0.281301 0.189417 0.00343985 -0.00210897 0.00148457
-0.046007 0.380702 0.221116 0.00269691 -0.00216231 0.00188825
-0.0461549 0.257134 0.217814 0.00331547 -0.00226268 0.00186942
-0.0548935 0.374717 0.20954 0.00351846 -0.00230772 0.00176964
-0.0546921 0.340277 0.199838 0.00278716 -0.00220661 0.00185383
-0.0447598 0.256087 0.204139 0.00331132 -0.00217187 0.00157635
-0.0547954 0.378698 0.237392 0.00262629 -0.0025544 0.00188806
-0.0444428 0.266164 0.193069 0.00273987 -0.00229413 0.00163035
-0.0472303 0.365047 0.21021 0.0024491 -0.00230664 0.00185072
-0.0430904 0.273368 0.17581 0.00286042 -0.00210897 0.00166842
-0.0484441 0.341592 0.216252 0.00227975 -0.0023073 0.00189264
-0.045717 0.268505 0.190057 0.00248159 -0.0019252 0.00159751
-0.0388305 0.296454 0.211051 0.00292987 -0.00197865 0.00172233
-0.0494071 0.441014 0.196707 0.00268228 -0.00217144 0.0018271
-0.0463097 0.277179 0.207642 0.00270316 -0.00214202 0.00170042
-0.0548016 0.385278 0.230374 0.00248375 -0.00251773 0.00187155
-0.0471803 0.283771 0.211178 0.00285639 -0.00225306 0.00161106
-0.0468768 0.360152 0.211679 0.00250949 -0.00235897 0.00178707
-0.0421295 0.262684 0.196742 0.00276529 -0.00215016 0.00167049
-0.046839 0.329098 0.229787 0.00235101 -0.00247698 0.00181878
-0.0416583 0.278265 0.188192 0.00275771 -0.00210897 0.00188442
-0.0391692 0.286749 0.216234 0.00290904 -0.00235897 0.00161192
-0.0474722 0.382355 0.21407 0.00220655 -0.00235897 0.00184114
-0.0462891 0.257675 0.204904 0.00294147 -0.0022948 0.00182851
-0.0514368 0.379435 0.226351 0.00246614 -0.00242453 0.00192798
-0.0454466 0.325573 0.201638 0.00262358 -0.0021964 0.00185896
-0.0380683 0.28695 0.217839 0.00235677 -0.00216141 0.00171103
-0.0426371 0.384932 0.212488 0.00224836 -0.00241543 0.00195358
-0.0305957 0.244975 0.187961 0.00256901 -0.00195894 0.00161737
-0.038543 0.35402 0.210941 0.00251833 -0.00215587 0.00193198
-0.0368471 0.243476 0.200459 0.00275857 -0.00195894 0.00176187
-0.0450758 0.387579 0.212624 0.00202027 -0.0024191 0.00194954
-0.0424669 0.291897 0.201673 0.00245476 -0.00216312 0.0018599
-0.0418175 0.285814 0.207536 0.0027548 -0.00195894 0.00186258
-0.0507015 0.412287 0.204291 0.00214933 -0.00219984 0.00179629
-0.0301905 0.27491 0.199296 0.00235086 -0.00195894 0.00190422
-0.0209628 0.311473 0.198668 0.00283722 -0.00178995 0.00189901
0.00377447 0.321325 0.198346 0.00302462 -0.00195894 0.00212941
-0.00906513 0.433782 0.225201 0.00287195 -0.00195894 0.00194161
-0.0204 0.294268 0.203417 0.00301658 -0.00187057 0.00193889
-0.0287545 0.280155 0.223075 0.00301658 -0.00195894 0.00167731
-0.0290799 0.372538 0.22757 0.0022908 -0.00226978 0.00192731
-0.0263403 0.277674 0.216524 0.00237847 -0.00195894 0.00192731
-0.0329735 0.415197 0.246438 0.00197125 -0.00254839 0.00203811
-0.022377 0.280245 0.217069 0.00199425 -0.00228582 0.00167731
-0.0311777 0.392506 0.229529 0.00242965 -0.00195894 0.00192731
-0.0268852 0.365875 0.217012 0.00203477 -0.00239445 0.00167731
-0.0267104 0.344607 0.21641 0.00249073 -0.00195894 0.00167731
-0.0329094 0.404895 0.216957 0.00211937 -0.00228852 0.00198392
-0.0304759 0.277815 0.197868 0.00233891 -0.00195894 0.00154844
-0.028966 0.377065 0.22026 0.00187082 -0.00249626 0.00167731
-0.0170364 0.303489 0.210265 0.00191664 -0.00250684 0.00162321
-0.0210101 0.416236 0.211394 0.00123586 -0.00248366 0.00192731
-0.0193215 0.269195 0.217365 0.00190994 -0.00243635 0.00157652
-0.0269438 0.411778 0.217338 0.00200557 -0.00253596 0.00167731
-0.0302258 0.364089 0.233477 0.00168117 -0.00265984 0.00167731
-0.0228749 0.321183 0.22861 0.00186021 -0.00251542 0.00174985
-0.0266121 0.431668 0.262426 0.00128737 -0.00269883 0.00192731
-0.0257752 0.317278 0.219095 0.00219121 -0.00246465 0.00167731
-0.0291519 0.380485 0.238897 0.00203581 -0.00271287 0.00167731
-0.0221198 0.331791 0.206254 0.00165011 -0.00243395 0.00161273
-0.0290306 0.384643 0.223972 0.00158572 -0.00260791 0.00175043
-0.0269886 0.408774 0.230392 0.00110758 -0.00285348 0.00174157
-0.0242541 0.297886 0.211981 0.00153493 -0.00272158 0.0015965
-0.0334999 0.415403 0.230865 0.00124266 -0.00283412 0.00177622
-0.0322934 0.285051 0.211581 0.00190315 -0.00258448 0.00161712
-0.0333549 0.345752 0.239052 0.00202307 -0.00269684 0.00167732
-0.0365249 0.388162 0.229819 0.00148609 -0.00286478 0.00167732
-0.0334476 0.288217 0.226472 0.00191907 -0.00258448 0.00158113
-0.0389078 0.428144 0.254551 0.00069701 -0.00291153 0.00167732
-0.0360291 0.325948 0.212558 0.00131982 -0.00297905 0.00151443
-0.0388233 0.342342 0.236702 0.00144676 -0.00295324 0.00150619
-0.0333155 0.45155 0.238535 0.00096742 -0.00298805 0.00167732
-0.0317465 0.275395 0.205966 0.00190365 -0.00258448 0.00142894
-0.0311444 0.321174 0.211806 0.00201315 -0.00233448 0.00142894
-0.0322114 0.402254 0.241563 0.00098444 -0.00284487 0.00142894
-0.0293482 0.296138 0.221437 0.00194432 -0.00258448 0.00142894
-0.030876 0.360977 0.24081 0.00154996 -0.00258448 0.00149799
-0.029897 0.409589 0.222956 0.00098372 -0.00286439 0.00142894
-0.0273244 0.322128 0.20415 0.00222499 -0.00266677 0.00142894
-0.0416953 0.420752 0.257126 0.00068463 -0.00305497 0.00160745
-0.0346879 0.350167 0.211219 0.0016511 -0.00283514 0.00154774
-0.0331572 0.334273 0.2278 0.00186386 -0.00297565 0.00142894
-0.0411555 0.431553 0.246404 0.00130712 -0.00286379 0.00159222
-0.0271608 0.335056 0.2182 0.00189377 -0.00266806 0.00154012
-0.0285502 0.306631 0.226878 0.00204295 -0.00253654 0.00142894
-0.0319752 0.436572 0.244853 0.00116203 -0.00282319 0.00164024
-0.0273237 0.295962 0.210136 0.00174404 -0.00283112 0.00148786
-0.0330158 0.327081 0.213391 0.00219847 -0.00234427 0.00142894
-0.0324842 0.417422 0.205176 0.00135228 -0.00260792 0.00142894
-0.0253611 0.268261 0.214005 0.00174527 -0.00276426 0.00142894
-0.0336278 0.40347 0.243405 0.0011921 -0.00291343 0.00142894
-0.0301176 0.345077 0.217643 0.00189953 -0.00265863 0.00142894
-0.0302663 0.346087 0.228714 0.00201604 -0.00265321 0.00142894
-0.0341318 0.441263 0.221244 0.00165955 -0.00300831 0.00142894
-0.0331363 0.285009 0.21829 0.00204199 -0.00262069 0.00142894
-0.0408393 0.325382 0.200999 0.00177511 -0.00238307 0.00142894
-0.0331056 0.265209 0.193498 0.00177755 -0.00249579 0.00142894
-0.0405446 0.226986 0.223529 0.00209459 -0.00255467 0.00142894
-0.0379378 0.316622 0.212556 0.00182639 -0.00253228 0.00135957
