-0.00034763 0.193808 0.173845 -0.0028912 0 -0.00048875
-0.00022205 0.159777 0.241113 -0.00375438 0.00014739 -0.00055267
-0.00028024 0.199587 0.180004 -0.00343344 0.00011837 -0.00061791
0.00524631 0.289137 0.19445 -0.00379249 0.00042772 -0.00092438
-6.713e-05 0.223936 0.193124 -0.00392486 0.00062304 -0.00097068
-0.00013251 0.160396 0.210435 -0.0033457 0.000367 -0.00070642
0.00524715 0.259192 0.187615 -0.00364928 0.00037304 -0.00102549
0.00733332 0.220314 0.195039 -0.00346653 0.00091952 -0.00102071
-0.00020438 0.134609 0.224793 -0.00304789 0.00037304 -0.00079968
0.0143429 0.231249 0.19381 -0.00388546 0.000933 -0.00093387
0.0233825 0.234172 0.155304 -0.00334523 0.00121097 -0.00122188
0.0100029 0.155036 0.182226 -0.00318606 0.00107026 -0.00092325
0.0181335 0.22618 0.141961 -0.00377657 0.00086998 -0.00122188
0.00522286 0.271939 0.155504 -0.00418752 0.00102015 -0.00130973
0.00349101 0.262935 0.183468 -0.00426478 0.00121097 -0.00122188
0.0252678 0.211007 0.191281 -0.00405858 0.00129934 -0.00096195
0.0292709 0.124727 0.238713 -0.00400446 0.00134591 -0.0006711
0.0361099 0.203331 0.181382 -0.0039966 0.00110038 -0.00087499
0.0388061 0.331096 0.166557 -0.00465721 0.00131325 -0.00108385
0.0290219 0.275684 0.118327 -0.00390494 0.00121097 -0.00122188
0.0390582 0.166524 0.207108 -0.00365065 0.00160324 -0.00095302
0.0225868 0.237893 0.2054 -0.00372301 0.00095233 -0.00122188
0.0240126 0.263957 0.204548 -0.00343325 0.0007294 -0.001282
0.0119562 0.163896 0.256926 -0.00306814 0.00061622 -0.00122188
0.0245886 0.228959 0.200793 -0.00393556 0.0005157 -0.0013555
0.0126333 0.213541 0.111553 -0.00289082 0.00028717 -0.001301
0.0170476 0.149066 -0.0443617 -0.00262736 -0.00036865 -0.00122188
0.00583947 0.196811 0.016526 -0.00253431 -0.00036865 -0.00122188
0.00591425 0.13299 0.0940296 -0.00241249 -0.00023374 -0.00122188
0.00566132 0.200755 0.0478743 -0.00276034 -0.00036865 -0.00116667
0.00565408 0.196586 0.0514369 -0.00263023 0.00027325 -0.00122188
0.0309135 0.127526 0.0162241 -0.00226736 0.00073677 -0.00111098
0.034119 0.170904 0.143432 -0.00335428 0.00037441 -0.00104278
0.0270543 0.145107 0.201442 -0.00320383 0.00030196 -0.00082115
0.0258429 0.222843 0.183927 -0.00371339 0.00041743 -0.00096889
0.0409491 0.21324 0.139521 -0.0033717 0.00073677 -0.00107678
0.0345163 0.228361 0.168168 -0.00352575 0.00052262 -0.00096692
0.0329936 0.180074 0.209356 -0.00346952 0.00052143 -0.00077592
0.0310005 0.202201 0.179758 -0.00352165 0.00051989 -0.0007344
0.0461427 0.216321 0.192034 -0.00406836 0.00060105 -0.00059271
0.0413193 0.242149 0.274662 -0.00450198 0.00073677 -0.00061837
0.018629 0.216538 0.306791 -0.0043227 0.00073677 -0.00074745
0.0414944 0.106361 0.205514 -0.00259854 0.00078783 -0.00043007
0.037957 0.124305 0.19084 -0.00237764 0.00018814 -0.0004279
0.0460026 0.201553 0.254399 -0.00388577 0.00014535 -0.00035535
0.0412721 0.145913 0.284047 -0.00281745 0.00046065 -0.00022252
0.0498377 0.220453 0.200063 -0.00317335 0.00040302 -0.00040781
0.0783194 0.247581 0.0681105 -0.00217178 0.00061972 -0.00047996
0.0820455 0.225285 0.121899 -0.00258274 0.00058255 -0.00062062
0.0791394 0.225655 0.158025 -0.00315704 0.00084815 -0.00059308
0.0693513 0.164369 0.271345 -0.00335835 0.00073677 -0.00033213
0.0684135 0.247793 0.210117 -0.00354877 0.00073677 -0.00036699
0.0732726 0.182954 0.164172 -0.00336712 0.00073677 -0.00040175
0.0790382 0.229946 0.16801 -0.00377742 0.00063572 -0.0003614
0.0640464 0.169901 0.208317 -0.00329877 0.00051339 -0.00024663
0.0955695 0.129766 0.126167 -0.0027411 0.00060769 -6.558e-05
0.0818714 0.207036 0.123291 -0.0034954 0.00073677 -0.0001992
0.0389768 0.203574 0.126304 -0.00290492 0.0005755 -0.00056695
0.0693223 0.103588 0.151116 -0.00249599 0.00098677 -1.457e-05
0.0730437 0.213193 0.161931 -0.00363626 0.00033252 -0.00013811
0.0690297 0.205308 0.178614 -0.00318121 0.00073677 -8.914e-05
0.0690245 0.19935 0.171022 -0.00298782 0.00073677 -9.898e-05
0.0695673 0.265281 0.135363 -0.00274341 0.00120723 -7.686e-05
0.0790286 0.205366 0.0669038 -0.00181612 0.00054602 4.547e-05
0.0690542 0.233418 0.09146 -0.00199089 0.00073677 -6.34e-05
0.0603562 0.172732 0.214607 -0.00261967 0.00032268 -0.00020568
0.0547647 0.107044 0.273369 -0.00228147 -0.0005168 7.437e-05
0.0671965 0.271645 0.141347 -0.00264137 -0.00109942 -0.00015841
0.0672766 0.257245 0.205857 -0.00311156 -0.00106446 -0.00012164
0.0673125 0.209765 0.204482 -0.00301069 -0.00102748 -0.00011039
0.0856566 0.169642 0.1042 -0.001949 -0.00072661 -0.00010487
0.0783835 0.192367 0.102341 -0.00190245 -0.00063179 -0.00016268
0.0761725 0.184855 0.13951 -0.0022158 -0.00076684 5.432e-05
0.0676517 0.117377 0.284623 -0.00259185 -0.00086133 0.00015184
0.0629936 0.255054 0.304056 -0.00305823 -0.00126639 -0.00021301
0.0705103 0.232984 0.323687 -0.00395903 -0.00094361 -0.00017244
0.0846369 0.160036 0.506041 -0.00713411 -0.0003024 0.00017177
0.0916916 0.310079 0.305556 -0.00547799 -0.00063179 2.726e-05
0.0958579 0.272035 0.199376 -0.00362919 -0.00076733 -0.0001371
0.0981396 0.228078 0.138133 -0.00333168 -0.00102165 -8.461e-05
0.0317435 0.214333 0.136252 -0.00298302 -0.00109084 -0.00084968
0.0622807 0.229907 0.12188 -0.00241583 -0.00063179 -7.342e-05
0.0778247 0.136334 0.225695 -0.0025902 -0.00063179 3.192e-05
0.102277 0.188073 0.0427602 -0.00176718 -0.00072129 -5.837e-05
0.0928417 0.164832 0.101101 -0.00287408 -0.00063179 -3.711e-05
0.0924522 0.213915 0.0973421 -0.00295138 -0.0009448 -0.00013088
0.0871141 0.194522 0.179834 -0.00372026 -0.00097379 -8.321e-05
0.0926411 0.202893 0.170721 -0.0039285 -0.00097207 6.983e-05
0.106956 0.280026 0.137889 -0.00411297 -0.00095847 -0.00014955
0.101 0.28847 0.219395 -0.00498838 -0.00078846 1.37e-06
0.0893212 0.179953 0.474596 -0.00862381 -0.00010364 7.869e-05
0.093195 0.239861 0.243935 -0.00486379 -0.00063179 0.00022317
0.0654668 0.332191 0.209591 -0.00450458 -0.00103512 0.00010492
0.0526657 0.195075 0.254414 -0.00379873 -0.00056465 0.0003544
0.0552452 0.247296 0.26237 -0.00423461 -0.00036308 0.00047995
0.0624881 0.188635 0.214715 -0.00368435 -0.00036308 0.00046315
0.0725403 0.171045 0.172918 -0.00338962 -0.00036308 0.00043024
0.0988208 0.182086 0.14365 -0.00338962 -2.304e-05 0.0002789
0.0842666 0.206255 0.133153 -0.00326119 -0.00028121 3.876e-05
0.0838414 0.14027 0.14463 -0.00293454 -0.00045748 0.00020762
0.0943389 0.163455 0.15915 -0.00334509 -0.00074726 0.00030764
0.0808769 0.260139 0.110901 -0.00331581 -0.00057044 0.00039002
0.0719298 0.230771 0.0796412 -0.00318298 -0.00079276 0.00025669
0.0720876 0.242151 0.133358 -0.00331397 -0.00056408 0.00011699
0.0805906 0.158939 0.174967 -0.0033749 -0.00027074 0.00028959
0.101079 0.220128 0.0996071 -0.00309693 -0.00028239 -8.99e-06
0.0950931 0.177913 0.147569 -0.00320255 -9.834e-05 7.879e-05
0.101325 0.145142 0.292595 -0.00347842 -0.00018544 0.00038862
0.103197 0.205953 0.214637 -0.00410628 -0.00065665 0.00047043
0.0775661 0.26212 0.218481 -0.00334374 -0.00036308 0.00019724
0.0417163 0.252605 0.257872 -0.00381759 -0.00055496 0.00016036
0.0608901 0.210328 0.284563 -0.00393686 -0.00044376 0.00019523
0.0703666 0.147817 0.247582 -0.00306132 -0.00084688 0.00034405
0.0794232 0.28044 0.274373 -0.0046116 -0.00107007 0.00018605
0.0788582 0.279235 0.187179 -0.00332968 -0.00091515 0.00010591
0.0792586 0.254832 0.167307 -0.00336777 -0.00084629 0.00017119
0.0789586 0.124632 0.1366 -0.00262353 -0.00084629 8.33e-06
0.0751648 0.273795 0.216016 -0.00404769 -0.00120245 -9.01e-06
0.0631864 0.206385 0.264845 -0.00386145 -0.00084629 -3.059e-05
0.0860351 0.178569 0.205903 -0.00355026 -0.00104583 0.00027174
0.0899594 0.207026 0.158422 -0.00361812 -0.00084629 9.812e-05
0.0799011 0.24507 0.168671 -0.00332598 -0.00084629 0.00024513
0.113361 0.162618 0.199529 -0.00342604 -0.00101474 0.00046905
0.107118 0.259778 0.156575 -0.00380026 -0.00077864 0.00034526
0.098812 0.265247 0.130145 -0.00286379 -0.00084629 0.00036755
0.104755 0.267065 0.131058 -0.002975 -0.00091572 0.00029983
0.0988684 0.268301 0.14426 -0.0030264 -0.00072418 0.00021554
0.113701 0.153737 0.249887 -0.00286379 -0.00078289 0.00055376
0.111676 0.250928 0.177978 -0.0034266 -0.00084629 0.00051279
0.106448 0.252984 0.200223 -0.0032398 -0.00061593 0.00035539
0.0448733 0.218289 0.210539 -0.00366455 -0.00041484 -7.575e-05
0.0656214 0.173742 0.150361 -0.00286379 -0.00040936 0.00027651
0.106033 0.0813102 0.107262 -0.00153451 -0.00126462 0.00031963
0.101537 0.233676 0.154286 -0.00260193 -0.00041404 0.00035131
0.0946766 0.274218 0.144033 -0.00209966 -0.00062683 0.00037935
0.101993 0.243522 0.131653 -0.00228628 -0.00048878 0.00040784
0.103846 0.229943 0.13756 -0.0024529 -0.00043045 0.00029272
0.119279 0.119704 0.0862492 -0.00208803 -6.602e-05 0.00031666
0.118858 0.219946 0.101673 -0.00276834 -0.00051328 0.00033997
0.115105 0.219851 0.0905098 -0.00195984 -0.00059787 0.00038086
0.125439 0.134795 0.099031 -0.00171753 -0.00055046 0.00043759
0.11282 0.28849 0.114894 -0.00196878 -0.00084629 0.00043617
0.105106 0.280868 0.12657 -0.0018791 -0.00077598 0.00042276
0.131121 0.177007 0.1616 -0.00340419 -0.00021681 0.00035469
0.125048 0.274015 0.205272 -0.00354222 -0.00031658 0.0004679
0.135981 0.148799 0.149176 -0.00257242 -0.00032415 0.00056225
0.138984 0.137092 0.1301 -0.00273518 -0.00050489 0.00054237
0.135168 0.233186 0.166091 -0.00376493 -0.00076466 0.00047449
0.140827 0.336111 0.17787 -0.00346638 -0.00050489 0.00046576
0.142487 0.338841 0.144182 -0.00312308 -0.00060483 0.00036144
0.151619 0.239074 0.0707008 -0.00325144 -0.00050489 0.00019557
0.143653 0.210211 0.0933936 -0.00278338 -0.00013588 0.00017898
0.135216 0.107687 0.0885082 -0.00201769 -0.00032007 0.00015249
0.140961 0.140328 0.0781852 -0.00225915 -0.00044702 0.00010545
0.135468 0.185072 0.0288834 -0.00152993 -0.00027229 2.426e-05
0.125655 0.176352 0.0168728 -0.0011139 -0.00030305 -6.08e-06
0.125372 0.212506 -0.00232126 -0.00171185 -0.0003795 -0.00012005
0.127288 0.193217 0.00605299 -0.00139894 -0.00039087 -0.00017106
0.150026 0.106535 -0.0542812 -0.00215304 -4.652e-05 1.67e-05
0.144526 0.191699 -0.023598 -0.00106164 0.00024165 -8.826e-05
0.143405 0.220766 -0.00283322 -0.00047096 0.00035691 -7.568e-05
0.150549 0.227374 -0.00843467 -0.00060443 0.00030406 0.0001097
0.150541 0.210219 -0.00807344 -0.00109612 0.00029523 0.00015209
0.144757 0.219263 0.00740594 -0.00022096 -0.00014551 5.678e-05
0.133587 0.106206 0.0202971 -0.00032771 -0.00049542 5.17e-05
0.130941 0.132916 0.0265316 -0.00053642 -0.00066507 0.00023868
0.134541 0.25124 -0.111458 -0.00026311 -0.00081714 0.00021132
0.117458 0.137418 -0.111083 0.0003643 -0.00085707 0.00013565
0.105675 0.147555 -0.0516843 0.00013866 -0.00081821 0.00021137
0.109705 0.0904969 -0.00413876 0.00015584 -0.0007456 0.00037788
0.122733 0.204512 -0.0310151 -0.00056966 -0.00099437 0.00040712
0.1234 0.143388 -0.0238048 0.00032639 -0.00050486 0.00046824
0.104706 0.00997714 0.436822 -7.037e-05 -0.00085662 0.00139519
0.0432513 0.167709 0.330427 -0.00103363 -0.00100482 0.00084815
0.0443616 0.356933 0.300565 -0.00259012 -0.00058992 0.00070117
0.0183363 0.391368 0.307866 -0.00306131 -0.00033855 0.00083066
0.0304634 0.210516 0.41845 -0.0019245 -0.00016424 0.00117404
0.0485456 0.153385 0.404603 -0.00169632 -0.00099242 0.00121333
0.0563764 0.322689 0.262066 -0.00297017 -0.00165597 0.0010082
0.0644728 0.273118 0.224926 -0.0024593 -0.0014439 0.00094247
0.0568092 0.167582 0.260004 -0.0019743 -0.00112947 0.00088016
0.0648366 0.166244 0.220179 -0.00223817 -0.00146064 0.00069809
0.0854487 0.265406 0.147965 -0.00250443 -0.00138331 0.00039075
0.0814878 0.165331 0.314315 -0.00320719 -0.00117364 0.00063016
0.0794192 0.250477 0.241488 -0.00350296 -0.00110219 0.00063016
0.0768662 0.334861 0.14639 -0.00248734 -0.00109337 0.000572
0.0871393 0.309167 0.120793 -0.00252564 -0.00096599 0.00031904
0.0925911 0.2671 0.106683 -0.00253645 -0.00109842 0.00031538
0.0906638 0.235345 0.117711 -0.00234787 -0.00103879 0.00036229
0.0931413 0.206952 0.113765 -0.00247676 -0.00103853 0.00045809
0.090444 0.201585 0.117665 -0.00246291 -0.0008907 0.00026525
0.0898111 0.183548 0.141053 -0.00295336 -0.00081179 0.00019106
0.0899011 0.157849 0.205836 -0.00320266 -0.00051784 0.00029875
0.0837661 0.275588 0.229121 -0.00375701 -0.00089866 0.00038969
0.0455706 0.35224 0.0735487 -0.00203088 -0.00092994 -6.4e-07
0.0813847 0.18205 0.0100648 0.00406545 -0.00062888 0.00031886
0.0615577 0.230609 0.0995941 -0.0017465 -0.0009539 0.00013022
0.0587516 0.259126 0.0434802 -0.00114383 -0.00085052 0.00032527
0.0667647 0.157853 0.0273821 0.00026297 -0.00090535 0.00034448
0.0491031 0.194101 0.0303676 -0.00063747 -0.00085052 8.463e-05
0.0592415 0.14615 0.0684936 -0.00128843 -0.00101794 0.00039006
0.0690085 0.130485 -0.0774126 0.00056694 -0.00157806 0.00037466
0.0741761 0.0929627 -0.100649 0.00019168 -0.00124338 0.0001543
0.0624179 0.119427 -0.0634924 -0.00051303 -0.00110615 0.0002395
0.051641 0.205903 -0.0325141 -0.00063022 -0.00107366 0.00026246
0.0497021 0.152792 0.055507 -0.00098054 -0.00132806 0.00029302
0.0421566 0.253085 0.0256068 -0.00126212 -0.00215033 4.653e-05
0.0464772 0.252603 -0.0291387 -0.00085659 -0.00185702 0.00018903
0.0338092 0.236469 -0.0166519 -0.00102762 -0.00126427 0.00035114
0.0569619 0.194703 -0.0152302 -0.00075493 -0.0010136 0.0003276
0.0620702 0.230719 -0.0526195 -0.00083279 -0.00101962 0.00038606
0.0566208 0.10827 -0.0600843 -2.792e-05 -0.00127593 0.00027566
0.0453989 0.0105493 0.164055 -0.00027431 -0.00069619 0.00024119
0.0647151 0.198069 0.24388 -0.00224633 -0.00069619 0.00035616
0.0856547 0.376289 0.137496 -0.00183561 -0.00052398 0.00017043
0.0943285 0.432918 0.0753752 -0.00167425 -0.00023838 0.0001357
0.106312 0.319494 -0.0238552 -0.0008331 -0.0004302 5.29e-05
0.111382 0.185364 -0.00449092 -0.00062541 -0.00048768 7.205e-05
0.111731 0.118932 -0.0106648 -0.00038331 -0.00033163 0.00028258
0.108038 0.130717 -0.00983306 -0.0006552 -0.00035208 0.00033385
0.13452 0.127732 -0.0405649 -0.00069972 -0.00048768 7.506e-05
0.155587 0.0893215 -0.0984136 -3.58e-05 -0.00012652 0.00013398
0.158416 0.151129 -0.0788636 0.00028526 -6.231e-05 -1.096e-05
0.147592 0.197254 -0.0642857 0.00019398 -7.956e-05 -0.00014828
0.12351 0.0842373 -0.0631505 0.00071425 -0.00110889 6.723e-05
0.150155 0.289003 -0.139863 0.00030023 0.00016546 1.109e-05
0.147614 0.26847 -0.121881 0.00089337 -0.00023868 -3.773e-05
0.157784 0.27493 -0.121179 0.00044602 -0.00047491 -2.812e-05
0.160696 0.202111 -0.134901 -6.17e-05 -0.00035754 -0.0001757
0.152394 0.217468 -0.157418 -0.00020831 -0.00052243 -0.00020949
0.152419 0.174541 -0.114071 5.736e-05 2.315e-05 -0.00040188
0.163053 0.0722265 -0.0884567 -0.00040234 0.00011942 -0.00027947
0.165975 0.135734 -0.113063 -0.00096842 0.00034089 -0.0003825
0.147891 0.0368146 -0.0937 -0.00059778 -0.00022724 -0.00026804
0.150693 0.163812 -0.103947 -0.00267962 -0.00014861 -0.00039701
0.13245 0.223645 -0.094312 -0.00219278 -0.00016708 -0.00059125
0.144463 0.274649 -0.106257 -0.00104409 -0.00011026 -0.00060051
0.145337 0.222445 -0.0959987 -0.00118159 -0.00011621 -0.00060755
0.137357 0.111328 -0.0498836 -0.00075955 -0.00048859 -0.00021906
0.154518 0.205665 -0.168121 -0.00060907 -0.00054206 -0.00029862
0.168497 0.17171 -0.134889 -0.00088182 -0.00029473 -0.00013895
0.174895 0.171054 -0.178869 0.00026531 -0.00024846 -0.0001941
0.177957 0.182455 -0.163942 -0.00010216 3.212e-05 -0.00023546
0.16353 0.0351495 -0.056431 -0.00034237 -0.00045168 8.863e-05
0.179979 0.193179 -0.137679 -0.00021426 2.348e-05 0.00011066
0.216526 0.20417 -0.0927056 -0.00100211 0.00043396 0.00026315
0.19943 0.214344 -0.160937 0.00045275 -0.00017292 0.00031849
0.186867 0.191782 -0.150518 -0.00021975 -6.235e-05 2.891e-05
0.19114 0.252727 -0.198121 0.00029402 -0.00066694 1.057e-05
0.180395 0.22008 -0.308286 0.00126317 -0.0007966 -0.0001102
0.158601 0.13781 -0.40509 0.00269689 -0.00145784 -2.79e-06
0.151456 0.0292342 -0.291953 0.00307937 -0.0015798 0.00024882
0.152012 0.0532136 -0.198001 0.00126108 -0.00077439 0.00010912
0.178496 0.214671 -0.194908 0.00106143 -0.00131124 8.339e-05
0.188149 0.184233 -0.225415 0.00142896 -0.00148403 0.00012928
0.17927 0.199153 -0.258014 0.00178313 -0.00192146 0.0002476
0.170909 0.189089 -0.189841 0.00157426 -0.00156291 0.00020669
0.154853 0.123419 -0.0949353 0.0012296 -0.00147023 2.351e-05
0.162951 0.232106 -0.130714 0.00122227 -0.00114852 8.03e-05
0.167065 0.202647 -0.0981111 0.00097437 -0.00090618 0.00016815
0.170207 0.151587 -0.0487804 0.00026323 -0.00100936 0.00051852
0.176362 0.287772 -0.155383 0.0005103 -0.00114852 0.00031011
0.183264 0.309296 -0.0891873 -7.82e-05 -0.00114852 0.00046257
0.201016 0.326902 -0.0287133 -0.00038873 -0.00081409 0.00084735
0.185721 0.106666 -0.0891088 0.00080276 -0.00139881 0.0010737
0.177921 0.170529 -0.228178 0.00155439 -0.00184279 0.00072773
0.193349 0.117107 -0.289589 0.00220578 -0.00156983 0.00065519
0.192627 0.10236 -0.280267 0.00185281 -0.00086674 0.00061451
0.20433 0.173565 -0.317089 0.00226598 -0.00096286 0.00049088
0.222006 0.114934 -0.387312 0.00190273 -0.00054307 0.00033236
0.20263 0.118964 -0.274198 0.00158138 -0.00040946 0.00045009
0.203189 0.227272 -0.284049 0.00092133 -0.00048255 0.00038249
0.205042 0.303869 -0.351446 0.00094726 -0.00019954 0.0001647
0.202142 0.301432 -0.385535 0.0014456 -0.00023614 0.00031659
0.200085 0.242115 -0.365196 0.00155126 -0.00062325 0.0002664
0.198303 0.0659 -0.314261 0.00162618 -0.0006795 0.00028599
0.175304 0.171045 -0.12142 0.00189161 -0.00014877 0.00033082
0.139182 0.0817391 -0.18474 0.00269694 -0.00060009 0.00046917
0.148007 0.0691023 -0.153174 0.00243657 -0.00094034 0.00035387
0.165014 0.0202099 -0.068333 0.00030157 -0.00091882 0.00033448
0.199403 0.262702 0.0372808 -0.00141996 -0.00051029 0.00075587
0.168354 0.275957 -0.0373155 0.00032698 -0.0011918 0.00064016
0.169856 0.269558 -0.11544 0.00030468 -0.00135084 0.00057843
0.177622 0.273149 -0.174531 0.00039534 -0.00110089 0.00028599
0.15702 0.227564 -0.180661 0.00024064 -0.00152995 0.0001384
0.149406 0.191441 -0.0808756 0.00023127 -0.00121943 0.0003115
0.157148 0.115739 -0.0234005 -0.000696 -0.00090036 0.00022012
0.165916 0.265622 -0.0429385 -0.00041308 -0.001314 0.00015713
0.171349 0.210159 -0.0371387 -0.00105262 -0.00131942 0.00022364
0.173518 0.101871 -0.0542954 -0.00101544 -0.00156733 0.00021067
0.167111 0.0458569 -0.0614359 -0.00086352 -0.00202763 0.00016844
0.162677 0.204545 -0.0349385 -0.00167939 -0.00214804 0.00027757
0.176653 0.286626 -0.0654147 -0.00060689 -0.00152185 0.00026668
0.184614 0.316303 -0.0666816 -0.00083051 -0.00110131 0.00026099
0.185242 0.218137 -0.0474671 -0.00043242 -0.00105329 0.00043321
0.171555 0.142445 -0.0903174 -0.00133141 -0.0016113 0.00050605
0.189482 0.199396 -0.070834 -0.0005584 -0.00132158 0.00029286
0.193103 0.120021 -0.0886392 0.00021742 -0.00121168 0.00038456
0.197772 0.0724878 -0.0686531 -0.00101297 -0.00086047 0.0004206
0.189175 0.212685 -0.0168269 -0.00181994 -0.00067387 0.00028667
0.181044 0.226517 -0.0254507 -0.00075773 -0.00106043 0.00052226
0.221028 0.13124 -0.0550094 -0.00049902 -0.00116269 0.00104707
0.231478 0.244007 -0.0719801 -0.00010419 -0.00114871 0.00099036
0.244234 0.235315 -0.0930306 0.00013183 -0.00123486 0.00103724
0.234532 0.235573 -0.126272 0.00048697 -0.00105565 0.00096798
0.226991 0.212221 -0.112543 0.00052982 -0.00124302 0.00094824
0.232529 0.191154 -0.126811 8.978e-05 -0.00110043 0.00091971
0.2531 0.231981 -0.121908 -0.0001225 -0.0007668 0.00102685
0.268746 0.142488 -0.0937333 -0.0002009 -0.00071762 0.00090549
0.268698 0.148746 -0.105348 -0.00053414 -0.00074543 0.00091277
0.272512 0.236921 -0.0836067 -0.00129082 -0.00063004 0.00092653
0.25562 0.163883 -0.053058 -0.00096556 -0.00101919 0.00119931
0.272803 0.296985 -0.0987233 -0.00056909 -0.0007023 0.00126376
0.289482 0.238831 -0.0883925 -0.00146017 -0.0003214 0.00133613
0.28691 0.195011 -0.119433 -0.00050464 -0.00028321 0.0013589
0.297763 0.135049 -0.0862351 -0.00187971 -8.834e-05 0.00129155
0.279612 0.217195 -0.13974 -0.00243452 -0.00013277 0.00109006
0.275357 0.28177 -0.159311 -0.0013328 0.00014114 0.00126133
0.288124 0.236479 -0.137023 -0.00174492 0.00023519 0.0013621
0.29752 0.156131 -0.0770577 -0.00283093 2.449e-05 0.00142994
0.283051 0.123472 -0.0249808 -0.00119396 0.00023086 0.00171634
0.269878 0.313925 -0.117711 -0.00149065 -0.00027541 0.00168743
0.284927 0.293637 -0.221026 6.121e-05 -0.00070583 0.00173592
0.294099 0.264279 -0.204777 -0.00050957 -0.00044819 0.00184609
0.298385 0.307201 -0.158953 -0.00055662 -0.00041828 0.00174738
0.27794 0.162008 -0.182669 -0.00066909 -0.00026689 0.00168331
0.295125 0.228194 -0.18925 -0.00063009 -0.00052098 0.00175171
0.303391 0.162519 -0.138745 -0.00200479 -0.00070583 0.00170607
0.299362 0.148503 -0.106776 -0.00176036 -0.00045952 0.00163731
0.273333 0.105854 -0.0533529 -0.00193696 -0.00035244 0.00162225
0.343332 0.315146 -0.012757 -0.00326061 2.785e-05 0.00198981
0.277028 0.301685 -0.0436434 -0.00172607 -0.00070583 0.00184744
0.266916 0.308184 -0.0743583 -0.00172736 -0.0005126 0.00180073
0.265299 0.196469 -0.0639772 -0.00163466 -0.00051727 0.00175799
0.283295 0.308306 -0.0591517 -0.00244808 -0.0001684 0.0017403
0.283796 0.262809 -0.0857209 -0.00190427 1.332e-05 0.00174398
0.270903 0.157372 -0.0115945 -0.00257264 0.00019039 0.00179687
0.28606 0.344351 0.00163119 -0.00206321 1.994e-05 0.00191705
0.282298 0.258663 -0.0408918 -0.0016054 -6.422e-05 0.00204498
0.280551 0.206076 -0.0452679 -0.0021182 -0.00013462 0.00208572
0.293918 0.297488 -0.0149711 -0.00355158 0.00034026 0.00212066
0.304291 0.2786 -0.00827068 -0.00326302 0.00058049 0.00222325
0.307504 0.238205 -0.0316616 -0.00328225 0.000531 0.00207524
0.309613 0.215304 -0.032237 -0.0030826 0.00063402 0.00217666
0.316093 0.228623 -0.0343141 -0.00364971 0.00052739 0.00202527
0.320365 0.282641 -0.0465703 -0.00356667 0.00080611 0.00202527
0.311938 0.233289 -0.0571619 -0.00294382 0.00052417 0.00202527
0.302866 0.204544 -0.0488887 -0.00219816 0.00012729 0.00212066
0.296539 0.342324 -0.0647853 -0.00193911 -2.899e-05 0.00202527
0.298354 0.417852 -0.093792 -0.00197549 -4.551e-05 0.00198507
0.287755 0.34509 -0.0729694 -0.00151133 -0.00016401 0.00187405
0.290825 0.175664 -0.0692753 -0.00138828 -9.306e-05 0.00196672
0.294653 0.195106 -0.120606 -0.00161647 -0.00015569 0.00206166
0.299808 0.252898 -0.170181 -0.00137888 0.00026517 0.00206155
0.296755 0.176338 -0.129034 -0.00239981 -2e-08 0.0019624
0.309201 0.130786 -0.181719 -0.00201377 0.00011614 0.00198928
0.325815 0.245814 -0.235584 -0.00193905 0.0002239 0.00208767
0.326996 0.230782 -0.242573 -0.00179613 0.00057122 0.00199172
0.319027 0.172764 -0.164831 -0.00231223 -3.34e-06 0.00211326
0.308873 0.279679 -0.170395 -0.00253186 -0.00031379 0.00211326
0.309589 0.334186 -0.182339 -0.00260094 0.00033777 0.0018668
0.324997 0.310717 -0.168523 -0.00309531 0.00011791 0.00175334
0.317966 0.189933 -0.145819 -0.0026682 0.00010601 0.00180559
0.302458 0.245158 -0.14334 -0.0043019 -0.00013769 0.00166588
0.254244 0.284862 -0.564835 0.00355497 -0.00110302 0.00157881
0.260343 0.128951 -0.302827 -7.637e-05 -0.00105093 0.00113364
0.262634 0.200032 -0.331713 0.00019838 -0.00064962 0.00118981
0.272062 0.144261 -0.246983 -0.00059113 -0.00088008 0.0014927
0.265519 0.164224 -0.241846 -0.00039264 -0.00088185 0.00180761
0.258723 0.288303 -0.234793 -0.00026916 -0.00031661 0.00147883
0.264371 0.277107 -0.229226 -0.00035852 -0.00064962 0.00164651
0.25758 0.187034 -0.228219 -4.877e-05 -0.00064962 0.00165688
0.251009 0.280343 -0.251106 -3.466e-05 -0.00074616 0.00150535
0.241356 0.24438 -0.221807 0.00015587 -0.00082789 0.00115047
0.25322 0.219485 -0.265279 -0.00020164 -0.00088005 0.00112453
0.253689 0.245139 -0.288814 0.00051284 -0.00072137 0.00130076
0.251912 0.142429 -0.146778 -0.00091072 -0.00072396 0.00145236
0.255796 0.276147 -0.211152 -0.00067889 -0.0004965 0.00129842
0.258002 0.127234 -0.245656 -0.00016184 -0.000581 0.00149002
0.250376 0.246357 -0.331223 -0.00019942 -0.00097774 0.00146613
0.263498 0.322035 -0.285839 -0.00059829 -0.00065737 0.00147692
0.264075 0.301953 -0.319144 -4.755e-05 -0.00065732 0.0015209
0.260452 0.234014 -0.33114 0.0001883 -0.00070886 0.00162107
0.229705 0.0915466 -0.309043 -3.286e-05 -0.00101853 0.00161657
0.24303 0.177706 -0.296038 -0.00030919 -0.00090539 0.00132589
0.243307 0.176206 -0.310902 0.0007634 -0.00086825 0.00121449
0.253034 0.218272 -0.225921 9.21e-05 -0.0008922 0.00136766
0.252891 0.239115 -0.393171 0.00133844 -0.00093643 0.001237
0.229038 0.112089 -0.363228 0.00088295 -0.00037407 0.00100571
0.229628 0.283412 -0.100492 -0.00034408 -0.00020446 0.00089443
0.227916 0.222971 -0.0247868 -0.00051879 -0.0001542 0.00104915
0.191455 0.205432 0.0374462 -0.0023623 -0.00048408 0.00072735
0.187015 0.137869 0.0296932 -0.00196481 -0.00058736 0.00050131
0.203647 0.290934 0.053474 -0.00327958 -0.00058736 0.00058454
0.218413 0.289505 0.0244621 -0.00212488 -0.00018238 0.00079844
0.211288 0.268038 -0.00367608 -0.00243466 -0.00016618 0.00074782
0.188136 0.163206 -0.0129299 -0.00196261 -0.00097211 0.00077988
0.197428 0.285523 -0.0548472 -0.00134834 -0.00058736 0.00056193
0.193272 0.264778 -0.061674 -0.00205372 -0.0007484 0.00060351
0.185982 0.296424 -0.0395172 -0.00250359 -0.0008717 0.0003687
0.182844 0.211362 -0.00767817 -0.00278331 -0.00048077 0.00050393
0.190472 0.201808 0.0006508 -0.00251194 -0.00019996 0.00055475
0.201261 0.287059 -0.00622298 -0.00264891 -0.00022692 0.00047733
0.204004 0.270693 -0.0332929 -0.00263617 -0.00031821 0.00062414
0.201335 0.132736 -0.00668912 -0.00191057 0.00016311 0.00098577
0.246893 0.301022 0.00858693 -0.00261921 0.00059879 0.00135295
0.256509 0.341704 -0.0234205 -0.00233405 0.00092459 0.00143752
0.249904 0.258746 -0.111282 -0.00331295 0.00111712 0.00097116
0.238239 0.269737 -0.0992667 -0.00244581 0.00054444 0.00080568
0.253141 0.272162 -0.0729963 -0.00305893 0.00063974 0.0008164
0.237078 0.192861 -0.0833932 -0.00285184 0.00075988 0.00060237
0.238337 0.294526 -0.0972818 -0.00313559 0.00063974 0.00060237
0.207762 0.179542 -0.0399987 -0.00358916 0.00045703 0.00060237
0.215587 0.335058 0.0332569 -0.00312328 0.0001884 0.00074345
0.23117 0.338757 0.0355675 -0.00357057 0.00049061 0.00078264
0.213806 0.227847 0.0130331 -0.00250658 0.00047079 0.00083374
0.208192 0.326654 0.00415777 -0.00369714 0.00033874 0.00081311
0.189491 0.306983 0.0127223 -0.00332496 0.00010675 0.0006643
0.18754 0.209679 -0.0543855 -0.00321732 0.00022763 0.00052085
0.188527 0.122926 -0.144798 -0.00244458 0.00037619 0.00047272
0.213695 0.141934 -0.129334 -0.00188599 0.00076356 0.00068611
0.204762 0.174794 -0.0596115 -0.0029492 0.0004773 0.00058806
0.196597 0.186258 -0.0484679 -0.00304974 -3.814e-05 0.00065728
0.198215 0.271923 -0.0631368 -0.00312891 0.00042989 0.00068024
0.183198 0.336026 -0.0176703 -0.00342887 0.00020954 0.00059017
0.183976 0.364306 -0.0522529 -0.00253223 0.00029286 0.00050984
0.197302 0.252848 0.0121195 -0.00322797 0.00042989 0.000755
0.209754 0.269471 -0.0128412 -0.00289332 0.00049614 0.00102359
0.230733 0.314246 -0.063295 -0.00356219 0.00158635 0.00088057
0.222135 0.279375 -0.237704 -0.00122466 0.00052885 0.0006052
0.214724 0.172422 -0.175704 -0.00139795 0.00024822 0.00064939
0.201864 0.0896597 -0.108262 -0.00164466 7.296e-05 0.00063176
0.209808 0.201255 -0.181937 -0.00159395 6.641e-05 0.00079658
0.211412 0.219154 -0.151935 -0.00127251 0.00040353 0.00066544
0.199103 0.271924 -0.193478 -0.00145856 0.00032511 0.00037918
0.208776 0.279295 -0.213551 -0.00129209 0.00040438 0.00048637
0.204246 0.304137 -0.245222 -0.00162952 0.00044752 0.0001401
0.184239 0.186266 -0.0731587 -0.00127305 0.00020517 0.00028921
0.191779 0.321187 -0.110228 -0.00144705 9.605e-05 0.00050009
0.181033 0.271616 -0.13113 -0.00116599 -1.564e-05 0.00039264
0.185177 0.15921 -0.0850643 -0.00137189 0.00011252 0.00056373
0.188449 0.21512 -0.120446 -0.0014356 5.003e-05 0.0005991
0.203635 0.267058 -0.178929 -0.00093548 0.0003055 0.00050148
0.210075 0.242287 -0.209206 -0.00103536 0.00036215 0.00052398
0.200095 0.181629 -0.208512 -0.00160334 0.00049809 0.00039
0.182708 0.106234 -0.0987942 -0.00174951 0.00018308 0.00038615
0.194318 0.248726 -0.2379 -0.00115806 0.00013647 0.00035235
0.18946 0.294306 -0.256735 -0.00029108 0.00023175 0.00036437
0.197339 0.186821 -0.223115 -0.00075113 4.25e-05 0.00046015
0.183712 0.144342 -0.155845 -0.00143169 0.00041411 0.00032211
0.18288 0.254918 -0.183744 -0.00210901 0.00024775 0.00015139
0.203594 0.317721 -0.153486 -0.00188622 0.00036303 0.00019888
0.20718 0.294534 -0.206453 -0.00179332 0.00062733 0.00010254
0.209534 0.234544 -0.229785 -0.00186863 0.00072463 0.00013077
0.210514 0.209126 -0.224711 -0.00256029 0.00121595 -0.00027445
0.18493 0.104007 -0.195937 -0.0022046 0.00100599 -0.00011179
0.205238 0.29158 -0.223208 -0.00248536 0.0010316 -9.201e-05
0.212873 0.239324 -0.250077 -0.00176221 0.00082405 0.00013382
0.205998 0.204311 -0.284024 -0.00103958 0.0008056 0.00026469
0.198471 0.149876 -0.23308 -0.00110309 0.0007702 0.00017675
0.188557 0.27101 -0.251637 -0.00110734 0.00091169 8.284e-05
0.19486 0.280635 -0.304444 -0.00042238 0.00069709 8.253e-05
0.197347 0.247389 -0.374142 1.463e-05 0.00016464 0.00026318
0.176641 0.157122 -0.346117 0.00026509 -0.00029856 0.00017354
0.14563 0.10314 -0.465336 0.00166632 -0.00029856 -0.00022095
0.140447 0.0774013 -0.363668 0.00119334 -0.00031924 -0.00039349
0.135417 0.100195 -0.308249 0.00129029 -0.00036616 -0.00038911
0.136795 0.119948 -0.406058 0.00183561 -0.0006159 -0.00036742
0.128759 0.0176817 -0.310841 0.00127618 -0.00098846 -0.00023193
0.125639 0.214654 -0.281123 0.00060471 -0.00129077 -0.00031897
0.142555 0.31524 -0.0490622 -0.00071906 -0.0006409 -0.00019576
0.156424 0.368129 -0.115343 -0.00054532 -0.00064883 -0.00042607
0.148504 0.328833 -0.136477 -0.00182322 -0.00036763 -0.00069702
0.125887 0.253528 -0.179047 -0.00099794 -0.0004621 -0.00090993
0.144224 0.0182656 -0.25305 0.00013285 -0.00051755 -0.00033108
0.160597 0.189104 -0.226695 -0.00087879 0.00035493 -0.00037818
0.167422 0.201942 -0.256647 -0.00187815 0.00031869 -0.00036992
0.166373 0.163429 -0.325265 -0.00081419 6.961e-05 -0.00020283
0.159067 0.167474 -0.323931 -0.00098943 0.00036655 -0.00041908
0.15774 0.228635 -0.257703 -0.00125717 0.00059412 -0.00067918
0.175954 0.158666 -0.186666 -0.0020294 0.00096613 -0.00046906
0.178587 0.213798 -0.229614 -0.00174972 0.00073367 -0.00034426
0.184969 0.272015 -0.292415 -0.00195726 0.00093105 -0.00031792
0.173226 0.233754 -0.269652 -0.00145795 0.00136669 -0.0006076
0.165425 0.289113 -0.298207 -0.00139252 0.00083041 -0.000681
0.177266 0.176562 -0.256095 -0.00207961 0.00100067 -0.00038288
0.188395 0.151133 -0.254492 -0.00168 0.00090611 -0.00021453
0.167292 0.202568 -0.363926 -0.00069047 0.00119433 -0.00023048
0.177039 0.287255 -0.321633 -0.00056671 0.00139388 -0.00040163
0.177507 0.2244 -0.289924 -0.00068802 0.00102818 -0.00018346
0.166883 0.0993415 -0.293855 -0.0008789 0.00073367 -0.00039821
0.170036 0.184856 -0.35313 -0.00079556 0.000814 -0.00055447
0.170114 0.176774 -0.296429 -0.0007155 0.00080236 -0.00040151
0.164094 0.169514 -0.268546 -0.00152963 0.00087282 -0.00054995
0.182477 0.291502 -0.346174 -0.0009719 0.00127683 -0.00055712
0.180602 0.300327 -0.430611 -0.00044451 0.00091645 -0.00055609
0.17478 0.136167 -0.47328 -0.00020253 0.00073368 -0.00052964
0.17026 0.134739 -0.369156 -0.00033079 0.00073368 -0.00035937
0.160268 0.144597 -0.282673 0.00010341 0.00043208 -0.00038711
0.162496 0.278371 -0.330832 -0.00049016 0.00107546 -0.00067207
0.169178 0.2968 -0.239485 -0.00142614 0.00082527 -0.00061747
0.149801 0.142102 -0.270044 -0.00067514 0.00039735 -0.00038733
0.175033 0.253446 -0.288689 -0.00224726 0.00080722 -0.00063908
0.184375 0.286568 -0.297368 -0.00182405 0.00097968 -0.00080442
0.180977 0.261836 -0.312767 -0.00126371 0.00107468 -0.00076882
0.17374 0.216042 -0.311807 -0.00151392 0.00108999 -0.00080784
0.182204 0.225361 -0.287819 -0.00204143 0.00082558 -0.00065695
0.173064 0.159183 -0.271775 -0.00159477 0.00062948 -0.00050953
0.163806 0.206713 -0.191775 -0.00171307 0.00036301 -0.00055427
0.174833 0.34627 -0.2551 -0.00147298 0.00056963 -0.00063218
0.174197 0.367646 -0.262927 -0.0008957 0.00076457 -0.00064798
0.171657 0.307767 -0.281856 -0.00069806 0.00049509 -0.00067248
0.172199 0.25215 -0.305689 -0.00051822 0.00046557 -0.00061651
0.170371 0.212732 -0.30707 -0.0007786 0.00079624 -0.00049362
0.183789 0.147443 -0.230155 -0.00114568 0.00120497 -0.0002753
0.162255 0.127348 -0.253172 -0.00089429 0.00115993 -0.00040797
0.154994 0.276637 -0.280879 -9.237e-05 0.00097498 -0.00054471
0.16451 0.276873 -0.312183 -0.00022486 0.00108504 -0.00056857
0.167294 0.237069 -0.352483 -0.00077098 0.00157019 -0.00040509
0.159665 0.140248 -0.280951 -0.00229356 0.00098516 -0.00028415
0.163275 0.239132 -0.313874 -0.00106439 0.00097274 -0.0001778
0.163041 0.372176 -0.320013 -0.00053303 0.00097274 -0.00027031
0.153431 0.31411 -0.326602 -0.00028939 0.00107148 -0.00033659
0.147329 0.191014 -0.3421 3.784e-05 0.0010265 -0.00019896
0.147773 0.190276 -0.364293 0.00046701 0.00062848 -0.00013081
0.158778 0.259292 -0.358665 0.00095981 0.00148428 -0.0003875
0.167518 0.190054 -0.358532 0.00095823 0.00147159 -0.00038708
0.164795 0.14831 -0.340334 0.00061535 0.00156936 -0.00039978
0.151615 0.144607 -0.33299 0.00024316 0.00062522 -0.00042489
0.152163 0.288618 -0.352908 0.00042261 0.00096404 -0.00052109
0.157247 0.267687 -0.296707 6.26e-06 0.00062522 -0.00062947
0.146379 0.168817 -0.318105 8.964e-05 0.00030561 -0.00063854
0.154567 0.266667 -0.399346 0.0006129 0.00023254 -0.00061193
0.163174 0.321709 -0.395623 0.00103201 0.00095356 -0.0005709
0.152277 0.158407 -0.329918 0.00069567 0.00031915 -0.00056956
0.151143 0.239956 -0.353385 0.00076888 0.00010709 -0.00058908
0.14415 0.229064 -0.288563 0.00045212 -8.73e-05 -0.00058502
0.135121 0.0869273 -0.407037 0.00200834 -0.00100153 -0.00020581
0.0792154 0.176805 -0.419887 0.00170943 -0.00090257 -0.00139663
0.0846446 0.239317 -0.437991 0.00159798 -0.00166482 -0.00135804
