0.0003429 0.0254122 0.165998 -0.0003093 0 0.0001648
0.00084697 0.0149577 0.188467 -0.00017807 -0.00025512 0.00037826
-0.00618032 0.053532 0.202102 -0.00058206 -0.00042175 0.00045525
-0.00547269 0.0367489 0.271324 -0.00047435 -0.0003961 0.00050529
-0.00892362 0.0631877 0.196899 -0.00055469 -0.00059044 0.00050781
-0.0088383 0.045288 0.266971 -0.00063332 -0.00068179 0.00055948
-0.00834196 0.0650893 0.20562 -0.00053681 -0.00072519 0.00075566
-0.00864333 0.0517793 0.2969 -0.0007549 -0.00096656 0.00063727
-0.0182368 0.0462149 0.212827 -0.00064393 -0.00123557 0.00084295
-0.00852544 0.0474453 0.212217 -0.0007549 -0.0009643 0.00064701
0.00180259 0.0394037 0.249935 -0.00090977 -0.00109781 0.00077029
-0.00815365 0.0599216 0.226413 -0.00122512 -0.00107638 0.00079156
-0.00248241 0.0394087 0.273939 -0.00107912 -0.00162147 0.00093701
-0.00427583 0.0616621 0.187441 -0.00088015 -0.00145068 0.00087492
-0.00295156 0.0403083 0.240317 -0.00090405 -0.00179904 0.00097252
3.45e-06 0.0520184 0.18979 -0.00083002 -0.0018645 0.0009528
-0.00123949 0.0458521 0.233935 -0.00098626 -0.0016969 0.00100035
0.00888281 0.0517891 0.183859 -0.00075159 -0.00149175 0.00099106
0.00429537 0.0534202 0.216013 -0.00098626 -0.00159998 0.00086465
0.0105186 0.0441391 0.195061 -0.00080563 -0.00148164 0.00099875
0.00887954 0.0404594 0.156657 -0.00065182 -0.00179677 0.00101709
0.00994881 0.0291502 0.215909 -0.00056687 -0.00177092 0.00103883
-0.00165946 0.0335059 0.139125 -0.00025999 -0.00147122 0.0010453
-0.00176916 0.0255317 0.168325 -0.00047758 -0.00135274 0.00100917
-0.00168208 0.0213737 0.140621 -4.56e-05 -0.00151581 0.00101557
-0.00144768 0.0231399 0.129451 -0.00039024 -0.00136246 0.00113941
2.018e-05 0.0220421 0.162728 -0.00040888 -0.00139072 0.00112411
-0.00161939 0.0350918 0.126503 -0.00029202 -0.00130664 0.00107745
0.0056404 0.0236244 0.136214 -0.00029202 -0.00161425 0.00105377
0.00858205 0.031917 0.112962 -0.00020977 -0.00127924 0.00117044
0.00860491 0.0225875 0.150548 -0.0004812 -0.00141061 0.00117126
0.00993867 0.0409374 0.177437 -0.00038469 -0.00156486 0.00132424
0.0131257 0.0358709 0.225808 -0.00055457 -0.00143346 0.00123517
0.0166409 0.0621091 0.195735 -0.00045633 -0.00141959 0.00136
0.0149514 0.0411625 0.246805 -0.00086721 -0.00156058 0.00134144
0.0124685 0.0624448 0.187368 -0.00109507 -0.00168879 0.00120392
0.0106631 0.0384048 0.23128 -0.00097147 -0.00155442 0.00118903
0.00949797 0.0510602 0.196708 -0.00079841 -0.00164127 0.001165
0.0163682 0.0393901 0.230459 -0.00079967 -0.00166614 0.00118505
0.0076306 0.0450843 0.177243 -0.00068598 -0.00151127 0.00128813
0.00880529 0.0416445 0.22771 -0.00062579 -0.00192409 0.00091848
-0.00273139 0.0517936 0.135946 0.00138905 -0.00174609 0.00083528
-0.00465982 0.0373059 0.188148 0.00066152 -0.00162567 0.00056096
-0.00429273 0.0328751 0.200833 0.00069262 -0.00127942 0.00064094
0.00191818 0.0597851 0.139694 0.00067517 -0.00110892 0.00091287
0.00098315 0.0454065 0.169684 0.00087032 -0.00109815 0.00084793
-0.00312435 0.0461027 0.139511 0.00087032 -0.00124343 0.00076117
0.00431646 0.0412857 0.15952 0.00077322 -0.00135674 0.00091857
0.00704424 0.0438457 0.133826 0.00087032 -0.00148781 0.00109038
0.0161408 0.0482285 0.160972 0.00053488 -0.00153736 0.00120952
0.0151047 0.0335367 0.192527 0.00072446 -0.00179036 0.00118329
0.00890173 0.0492951 0.156344 0.000451 -0.00167383 0.00098945
0.0114573 0.0348776 0.219226 0.00034341 -0.00163517 0.00076106
0.0154097 0.0661722 0.15542 0.00088025 -0.00169234 0.0012785
0.0123679 0.0405258 0.192248 0.00029537 -0.00148875 0.0010752
0.0167445 0.043626 0.189376 0.00058146 -0.00204043 0.00111116
0.0203371 0.0506437 0.151713 0.00054657 -0.00161343 0.00110757
0.02206 0.035178 0.176824 0.0005848 -0.00194433 0.0011589
0.0228447 0.0471116 0.159003 0.000451 -0.00193153 0.00116364
0.0281117 0.0386432 0.202551 0.0008671 -0.00199752 0.00128894
0.0230203 0.0486505 0.164522 0.000451 -0.00195645 0.00128831
0.0218814 0.0454176 0.225899 0.0002594 -0.00212555 0.00141619
0.0272302 0.049734 0.19692 0.00011812 -0.00229757 0.00122799
0.0325722 0.050576 0.201369 -3.883e-05 -0.00201427 0.00121336
0.0363036 0.0442989 0.192385 0.00033177 -0.00236061 0.00143909
0.0396082 0.0535933 0.168972 0.00013775 -0.00211788 0.00129842
0.0396175 0.0342036 0.192017 0.00032254 -0.00218654 0.00130586
0.0376445 0.0431594 0.168459 0.0003667 -0.00206782 0.00114136
0.0406347 0.0381908 0.229255 0.00022116 -0.00217663 0.00143817
0.0412064 0.0524941 0.180858 0.00036272 -0.00257084 0.00144785
0.041757 0.0375987 0.217042 0.00011563 -0.00235257 0.00143069
0.0325407 0.0516398 0.162 6.76e-05 -0.00265187 0.00125652
0.03487 0.0425791 0.223042 -0.00013958 -0.00268111 0.00143951
0.0370155 0.044667 0.174036 -0.00011315 -0.00230928 0.00114665
0.0345591 0.0459179 0.198863 -0.00012814 -0.00246844 0.00140479
0.0379914 0.0356798 0.218256 -4.866e-05 -0.00254118 0.00146336
0.0371278 0.05238 0.185641 -3.324e-05 -0.00266103 0.00166357
0.0336421 0.0319142 0.203802 -0.00019784 -0.00294092 0.00138887
0.0332975 0.0489772 0.19287 -0.0002249 -0.00291676 0.0012446
0.0398051 0.0345748 0.253251 -6.774e-05 -0.00283884 0.00141486
0.0239182 0.0454456 0.187353 -0.00010135 -0.00278587 0.00096293
0.0380024 0.0414636 0.261773 -0.00026806 -0.00254301 0.0014446
0.0421537 0.0580669 0.213249 7.12e-06 -0.00269669 0.00174523
0.0338052 0.0601892 0.206786 -0.00032886 -0.0028706 0.0013781
0.0341579 0.0413457 0.206106 -1.431e-05 -0.00279931 0.00136754
0.0308498 0.0413053 0.185644 7.545e-05 -0.00292928 0.00140884
0.0391392 0.0321243 0.220577 -8.315e-05 -0.00289412 0.00116372
0.0369583 0.041637 0.186031 -9.666e-05 -0.00293928 0.001455
0.039432 0.0279027 0.213651 -7.014e-05 -0.00281288 0.0013389
0.0379768 0.042367 0.188583 -7.07e-05 -0.00295132 0.00150098
0.03308 0.0337722 0.223162 -0.00051055 -0.00290647 0.00130097
0.0266375 0.0358126 0.174466 -6.549e-05 -0.00293065 0.00124392
0.0249311 0.0456473 0.209042 -0.00040412 -0.00249161 0.00111405
0.0311883 0.0333396 0.222518 -0.00026055 -0.00291894 0.00130802
0.0131599 0.0574118 0.176458 -0.00059152 -0.00297379 0.00101288
0.0116853 0.0302361 0.230532 -0.00062811 -0.00297506 0.00107288
0.0131635 0.046859 0.206228 -0.0007893 -0.00349926 0.0010629
0.00487042 0.0317243 0.226636 -0.00056294 -0.00344755 0.00122146
0.00503338 0.0338026 0.189937 -0.0003566 -0.00332195 0.00134285
0.00505825 0.0345945 0.214367 -0.0005806 -0.00347722 0.00124282
0.00986883 0.0234574 0.229154 -0.00055434 -0.00341826 0.00118993
-0.0008848 0.0409004 0.199232 -0.00069848 -0.0033698 0.00117307
0.00221326 0.041312 0.290402 -0.00056139 -0.00386461 0.00127755
-0.00257558 0.0583651 0.20465 -0.00050569 -0.00374903 0.00116885
-0.00064947 0.042898 0.276174 -0.00086497 -0.00407741 0.00123699
-0.00137278 0.0427208 0.231169 -0.00053917 -0.00381393 0.00123209
-0.0006286 0.0504751 0.244338 -0.00077006 -0.00389007 0.00117952
0.00378538 0.0341744 0.292474 -0.00090705 -0.00383839 0.00123359
0.00301635 0.0447527 0.229855 -0.00060743 -0.00412085 0.00118267
0.00691297 0.0294007 0.246708 -0.00057351 -0.00407229 0.00122218
0.00586426 0.0352187 0.221803 -0.00058877 -0.0040284 0.00120038
0.00384711 0.0264413 0.237995 -0.00064202 -0.00377659 0.00109573
0.00576496 0.035918 0.235586 -0.00076181 -0.00450972 0.00113644
0.0106096 0.0430523 0.26474 -0.00087678 -0.00544095 0.00132938
0.0176131 0.0462559 0.262466 -0.00103469 -0.00555126 0.0014703
0.0239237 0.0549674 0.266198 -0.00151914 -0.00516079 0.00135618
0.0282226 0.0317836 0.265294 -0.001095 -0.0051039 0.00150078
0.0226573 0.0520638 0.228405 -0.00119533 -0.00524428 0.00136588
0.0318822 0.0281969 0.273856 -0.00128546 -0.00522142 0.00145753
0.0364611 0.0503615 0.241037 -0.00105131 -0.00512888 0.00143059
0.0344147 0.0272352 0.269876 -0.00097091 -0.00507451 0.00139766
0.0275679 0.0364452 0.220309 -0.00069331 -0.00495641 0.0011578
0.0328086 0.0254036 0.309025 -0.00137824 -0.005139 0.00141595
0.0264616 0.0371095 0.240544 -0.00114665 -0.00511566 0.0014078
0.0302557 0.0405917 0.281208 -0.00127272 -0.00513604 0.00138614
0.0357763 0.0407774 0.258929 -0.00084212 -0.00518798 0.00133272
0.0352281 0.0507626 0.241525 -0.00113312 -0.00501907 0.00142802
0.0380659 0.0304971 0.250537 -0.00099299 -0.00527683 0.00140607
0.0339456 0.047487 0.237092 -0.00095386 -0.00527661 0.00141207
0.0396133 0.0243905 0.275204 -0.00105984 -0.00535203 0.00148503
0.0341732 0.0416955 0.250997 -0.00129554 -0.00531002 0.00142579
0.0453559 0.0370776 0.316572 -0.00097907 -0.00555448 0.00144038
0.0430993 0.0525628 0.273626 -0.00127431 -0.00531943 0.00142214
0.0424266 0.0516989 0.360866 -0.00115502 -0.00555106 0.00141606
0.0500432 0.0614315 0.315764 -0.0004948 -0.00584675 0.00141192
0.045836 0.0587151 0.285879 -0.00050645 -0.00563366 0.00149427
0.0580297 0.0520039 0.368805 -0.00112611 -0.0062559 0.00143852
0.0502129 0.0580914 0.308886 -0.000804 -0.00586365 0.0012517
0.0591705 0.04445 0.320039 -0.000775 -0.00602475 0.00137513
0.0424866 0.0568677 0.285971 -0.00096477 -0.00578912 0.00125508
0.0606542 0.0388074 0.32927 -0.0008228 -0.0060732 0.00148634
0.0566284 0.0531364 0.293178 -0.00126439 -0.00637274 0.00143542
0.0627208 0.0339711 0.316655 -0.00134298 -0.00634252 0.0015458
0.0654204 0.0626325 0.309174 -0.00162891 -0.00652601 0.00148701
0.0743575 0.0367345 0.330212 -0.00148763 -0.00732177 0.00142294
0.0644098 0.04496 0.273677 -0.00135244 -0.00650646 0.00147148
0.0713417 0.0410754 0.329837 -0.00162891 -0.00655168 0.00160782
0.0748828 0.036342 0.263613 -0.0013095 -0.00633954 0.00139444
0.0719948 0.0474797 0.295459 -0.00141552 -0.0066345 0.00142192
0.0684839 0.0576014 0.291377 -0.00086643 -0.00614128 0.00147197
0.0707489 0.0633739 0.269675 -0.00125283 -0.00637074 0.00126919
0.0801454 0.0591606 0.410072 -0.00125283 -0.00633772 0.00159296
0.162751 0.241919 0.891568 0.00244854 -0.00811867 0.00256321
0.0952165 0.326314 0.46684 0.00734282 -0.00553782 0.00227181
0.073672 0.255548 0.295235 0.00578881 -0.00422585 0.00214686
0.0529005 0.258527 0.284242 0.0035402 -0.00329035 0.00184639
0.0437721 0.16481 0.314653 0.0033886 -0.00333997 0.00191949
0.0481671 0.14311 0.320837 0.00264006 -0.00396974 0.0020514
0.0499242 0.0989255 0.296587 0.00250577 -0.00426038 0.00202458
0.0487421 0.104435 0.292929 0.0030278 -0.00421041 0.00222663
0.0528056 0.151092 0.299575 0.00125396 -0.00420469 0.00275618
0.0568257 0.131613 0.309459 0.00182515 -0.00470631 0.00255696
0.0609661 0.174713 0.311024 0.00228098 -0.00464693 0.00262851
0.0692341 0.136295 0.325096 0.00212963 -0.00468892 0.00260586
0.0677289 0.131988 0.302153 0.00202301 -0.00458819 0.00258661
0.0768327 0.132494 0.306064 0.00210517 -0.00472223 0.00248219
0.0805985 0.122259 0.323124 0.00189227 -0.00508172 0.00262821
0.0755157 0.128795 0.304686 0.00210437 -0.00517264 0.00248268
0.0707939 0.104766 0.318104 0.00173645 -0.00498836 0.00238653
0.0610237 0.098695 0.326412 0.00183931 -0.00537773 0.00226628
0.0536484 0.122241 0.29401 0.00208575 -0.00536341 0.00215141
0.0848066 0.111965 0.397231 0.00193006 -0.00561451 0.00227121
0.0791244 0.148205 0.350975 0.0023011 -0.00532419 0.00274433
0.0859153 0.113933 0.313313 0.00194818 -0.00529302 0.00264315
0.0731617 0.114554 0.315623 0.00186534 -0.00531106 0.00263781
0.0900829 0.114422 0.343484 0.00188756 -0.00551257 0.00292274
0.0863305 0.14672 0.292603 0.0022313 -0.00519089 0.00289415
0.0920173 0.126574 0.323342 0.00223043 -0.00535855 0.00270115
0.0920549 0.137063 0.299268 0.00199014 -0.00535704 0.00271591
0.0828195 0.121562 0.342873 0.00169975 -0.00520111 0.00257848
0.0923792 0.132464 0.314791 0.00183197 -0.00563886 0.00286999
0.0872432 0.129401 0.341496 0.00161808 -0.00556661 0.00291164
0.0941061 0.125583 0.322699 0.0016881 -0.00581216 0.00288542
0.0810394 0.128982 0.323145 0.0014668 -0.00601107 0.00297871
0.09194 0.115188 0.34639 0.00144019 -0.00646425 0.00295482
0.075617 0.150062 0.306248 0.00156943 -0.00614208 0.00312477
0.0816974 0.100855 0.375788 0.00091774 -0.00637965 0.00281018
0.0883052 0.132446 0.32913 0.00107173 -0.00644383 0.00319025
0.0948512 0.0982711 0.383596 0.00073821 -0.00677943 0.00289754
0.0910658 0.118097 0.367004 0.0007497 -0.00694341 0.00318486
0.0863774 0.102186 0.377888 0.0008952 -0.00671854 0.00309063
0.0844866 0.115685 0.330926 0.000927 -0.00671533 0.00313332
0.0793344 0.110982 0.379006 0.00038401 -0.00708647 0.00289795
0.0980223 0.0942126 0.4126 0.00051659 -0.00864794 0.00299927
0.0716784 0.103475 0.336666 0.00047563 -0.00741362 0.00279492
0.0865251 0.0894139 0.352575 0.00067462 -0.00740067 0.00277077
0.0877353 0.112685 0.314535 0.00108334 -0.00708583 0.00309151
0.0975538 0.0873118 0.36933 0.00125362 -0.00848898 0.0032287
0.0937161 0.122196 0.309607 0.00117552 -0.00776862 0.0032056
0.102205 0.0896475 0.348463 0.001145 -0.00786262 0.00339113
0.0910211 0.112234 0.314234 0.00074692 -0.00704383 0.00312704
0.141462 0.126526 0.53825 0.00085146 -0.00942649 0.00370093
0.141824 0.161983 0.426836 0.00155262 -0.00892976 0.00371779
0.132745 0.151597 0.410791 0.00130061 -0.00838021 0.0036402
0.14583 0.136044 0.433404 0.00146888 -0.00938151 0.0037959
0.144346 0.152291 0.365502 0.00144536 -0.00858199 0.00376112
0.136415 0.13253 0.436991 0.00166442 -0.00844846 0.00362898
0.150918 0.208342 0.684537 0.00221258 -0.00893131 0.00428613
0.110697 0.162476 0.211075 0.00510463 -0.00590844 0.00340709
0.0742903 0.17368 0.282727 0.00465631 -0.00598968 0.00356289
0.089312 0.147025 0.311096 0.0044472 -0.00677936 0.00357239
0.0950306 0.173879 0.271886 0.00442202 -0.00636129 0.00360071
0.0950525 0.156804 0.31016 0.00405506 -0.00690188 0.00358664
0.0971981 0.151749 0.283536 0.00369011 -0.00660798 0.00364574
0.108406 0.152701 0.313084 0.00341939 -0.00751542 0.00364544
0.121408 0.142922 0.333705 0.00353253 -0.00776167 0.00394485
0.112501 0.158595 0.319726 0.00343366 -0.00802316 0.00387619
0.122336 0.138622 0.381458 0.0028814 -0.00792789 0.00407693
0.109745 0.157681 0.298502 0.00242332 -0.00674527 0.00373209
0.123618 0.133868 0.339586 0.00244273 -0.00678626 0.00398439
0.10671 0.13198 0.28092 0.00219742 -0.00651634 0.00369084
0.106158 0.130478 0.319351 0.00217298 -0.00682989 0.00372602
0.100397 0.127792 0.27302 0.00253274 -0.00688825 0.00380939
0.0906723 0.138851 0.337438 0.00226313 -0.00681606 0.00372865
0.106512 0.132766 0.396372 0.0024533 -0.00732764 0.00374215
0.0646874 0.141112 0.300168 0.00211318 -0.00588535 0.00339403
0.0714304 0.11639 0.354252 0.00195236 -0.00650453 0.00334882
0.0672808 0.124893 0.278928 0.00211785 -0.00704113 0.00341311
0.0676663 0.124305 0.31682 0.00239275 -0.00700946 0.00348774
0.0433246 0.118951 0.244212 0.00418026 -0.00683083 0.00320312
0.0100316 0.169276 0.205457 0.00743484 -0.00558902 0.00289472
0.027636 0.126163 0.209693 0.00649221 -0.00681947 0.00339708
0.0231488 0.171056 0.158742 0.00639781 -0.00631011 0.00335676
0.020263 0.13289 0.202198 0.00624015 -0.00702468 0.00339326
0.0299945 0.167337 0.167692 0.00615829 -0.00642721 0.00338167
0.0323137 0.151348 0.247237 0.00611603 -0.00709578 0.00352218
0.0395326 0.147633 0.191807 0.00614649 -0.00709386 0.00355834
0.0346821 0.131233 0.200615 0.00531592 -0.00635893 0.00360887
0.0388252 0.115944 0.182335 0.00530453 -0.00646685 0.00354016
0.0281559 0.12859 0.182591 0.00519014 -0.00632757 0.00334471
0.0401736 0.110294 0.209309 0.00504067 -0.00744642 0.00346058
0.0380441 0.131473 0.16497 0.00497187 -0.00680311 0.0034536
0.0436964 0.0992864 0.241412 0.00462429 -0.00752859 0.00348974
0.0400621 0.142265 0.157273 0.00498822 -0.00694932 0.00357602
0.0426121 0.115405 0.216342 0.00480304 -0.00743983 0.00367551
0.0354638 0.134901 0.161899 0.00487781 -0.00703779 0.0035179
0.0296171 0.110355 0.184824 0.00473776 -0.00694659 0.0034664
0.0310549 0.107227 0.165753 0.00477519 -0.00767547 0.00332923
0.0318589 0.0904106 0.228789 0.00422507 -0.0077268 0.00348045
0.0355058 0.0794241 0.198409 0.00375148 -0.00800298 0.00317871
0.0365516 0.0804959 0.233915 0.00218598 -0.00713644 0.0029589
0.041442 0.0752781 0.226002 0.0027257 -0.0080888 0.00319678
0.0405755 0.0846234 0.209197 0.00262008 -0.00776419 0.00334781
0.0532187 0.0783144 0.222448 0.0028724 -0.00846015 0.00342278
0.0499819 0.0987664 0.203007 0.00277607 -0.00763201 0.00343651
0.0526903 0.0834305 0.310373 0.00184358 -0.00843689 0.00326334
0.0400226 0.106318 0.226842 0.00227307 -0.00795667 0.00323676
0.0448509 0.0797857 0.322029 0.00217922 -0.00861397 0.00325692
0.0442971 0.107071 0.219298 0.00232579 -0.00787344 0.00323804
0.0538756 0.107958 0.334276 0.00227307 -0.00859926 0.00333998
0.0688265 0.106988 0.302712 0.00299766 -0.00903095 0.00336158
0.0504771 0.135875 0.357262 0.0032988 -0.00923851 0.00323917
0.0632483 0.115032 0.396669 0.00320899 -0.00989034 0.00341498
0.0539554 0.137383 0.278526 0.0032988 -0.00874259 0.0031867
0.0552019 0.136327 0.320856 0.0032988 -0.0087467 0.00322012
0.0512213 0.154792 0.276923 0.00360673 -0.00889316 0.00306145
0.0631777 0.117623 0.413679 0.00279057 -0.00957537 0.00324204
0.0521259 0.144913 0.314827 0.00313546 -0.00894033 0.00309794
0.0651812 0.124231 0.446916 0.00293031 -0.0099601 0.00319712
0.0583159 0.136993 0.358098 0.00327296 -0.00961161 0.00309683
0.063508 0.127842 0.372488 0.00265525 -0.00944642 0.00306755
0.0686575 0.0923142 0.395688 0.00256548 -0.00994802 0.0032097
0.0592629 0.131464 0.285238 0.00282984 -0.00854179 0.00323719
0.0639308 0.0921649 0.384408 0.00227102 -0.0090702 0.00317581
0.0683618 0.12552 0.301984 0.00262525 -0.00871853 0.00322212
0.0661883 0.13178 0.356364 0.00363086 -0.010195 0.00325004
0.0384401 0.116119 0.247479 0.0030472 -0.00832461 0.00229828
0.0439216 0.118793 0.316138 0.0030472 -0.00862297 0.00242898
0.0387642 0.118609 0.29143 0.0030472 -0.00852951 0.00250139
0.036927 0.141737 0.37569 0.00265436 -0.00860904 0.00255974
0.047398 0.137653 0.418909 0.00283934 -0.00922077 0.00254967
0.0406996 0.160606 0.314406 0.00297438 -0.00829799 0.0025511
0.0483072 0.129681 0.405151 0.00275936 -0.00903181 0.00276107
0.0551 0.150575 0.320975 0.00317527 -0.00872554 0.00269445
0.05763 0.139207 0.349112 0.00307513 -0.00884876 0.00261377
0.0549833 0.0945408 0.318589 0.00235966 -0.00827416 0.00259889
0.0512507 0.111498 0.313316 0.00295792 -0.00834933 0.00259673
0.0499074 0.111444 0.403972 0.00278451 -0.00909825 0.00277447
0.0479476 0.151194 0.318204 0.00303294 -0.0087173 0.00269702
0.0543761 0.15354 0.383383 0.00301404 -0.00947733 0.00279786
0.0578613 0.164735 0.435561 0.00320097 -0.0100983 0.00299496
0.0508551 0.17804 0.335999 0.0034982 -0.00912106 0.00288572
0.0556004 0.128049 0.394662 0.00268171 -0.00952144 0.00286658
0.0557281 0.122466 0.339638 0.00258914 -0.00933925 0.00271091
0.0566929 0.0993045 0.379013 0.00229232 -0.00937205 0.00261958
0.0536891 0.151606 0.344361 0.00436382 -0.0102868 0.00238576
0.0469501 0.115389 0.273582 0.00326301 -0.00773567 0.00200637
0.0548756 0.0603466 0.339826 0.00161368 -0.00749457 0.00243742
0.044887 0.0992698 0.291414 0.00161368 -0.00668796 0.00197349
0.0335512 0.0810542 0.317519 0.0017023 -0.00666497 0.00171294
0.0295311 0.0992542 0.279706 0.00194031 -0.00675545 0.00180657
0.0292608 0.0989163 0.29034 0.00189875 -0.00670267 0.00181438
0.0334556 0.0897807 0.300434 0.00184833 -0.00716943 0.00181622
0.030472 0.117851 0.283059 0.0021999 -0.00714687 0.00180684
0.0351069 0.0906365 0.324114 0.00199679 -0.00782486 0.00181663
0.0303099 0.111894 0.280076 0.0020253 -0.00718632 0.00161739
0.0323481 0.0859029 0.351679 0.0019196 -0.00801755 0.00171386
0.027007 0.126183 0.283918 0.0020405 -0.00720071 0.00168751
0.0327193 0.0750848 0.288949 0.00136596 -0.00669805 0.00149861
0.00872182 0.0938467 0.284086 0.00141689 -0.00600173 0.00131926
0.0245602 0.0970179 0.319578 0.00148899 -0.00650871 0.00144471
0.0257336 0.0742938 0.31863 0.00136764 -0.00672504 0.00148046
0.0212456 0.0986182 0.277688 0.00157068 -0.00624888 0.00137328
0.0254729 0.0679871 0.32842 0.00114173 -0.00727629 0.00118736
0.0245624 0.0964248 0.290659 0.00139833 -0.00696457 0.00136553
0.0274134 0.0723193 0.330057 0.00121016 -0.00701547 0.00134902
0.00920007 0.0731263 -0.00160636 0.00354876 -0.00380626 0.00046292
-0.00101787 0.0466968 0.135899 0.00218496 -0.0045064 0.0005051
0.0143697 0.0318072 0.305028 0.00170631 -0.00552186 0.0007783
0.00674203 0.0871082 0.318353 0.00127873 -0.0059482 0.00074197
0.0042787 0.109069 0.368928 0.00047771 -0.0056355 0.00054518
0.00065871 0.0975764 0.454806 7.46e-05 -0.00692678 0.00054924
0.00170607 0.164094 0.455634 -0.00040671 -0.00677471 0.00056394
0.00600999 0.135443 0.570213 -0.00120211 -0.00787879 0.00073301
0.00593765 0.167548 0.474002 -0.00035882 -0.00715923 0.00075641
0.012937 0.149286 0.491514 -0.00051901 -0.0075217 0.00077826
0.0169728 0.112927 0.560231 -0.00077678 -0.00815377 0.00073852
0.00475578 0.137233 0.499526 -0.00092237 -0.0079963 0.00069779
0.00665651 0.122002 0.625874 -0.00191229 -0.00878625 0.00072062
0.00803475 0.119557 0.569475 -0.0013493 -0.009143 0.00058346
0.0103002 0.124292 0.583271 -0.00163863 -0.00881979 0.00092583
0.0116179 0.111155 0.597135 -0.00146907 -0.00982173 0.00085781
0.0102536 0.136843 0.53715 -0.00107608 -0.00967217 0.00093459
0.0171931 0.106449 0.59771 -0.00150703 -0.00991645 0.00079399
0.0149673 0.13579 0.547718 -0.00158053 -0.00977436 0.00081477
0.0239528 0.118997 0.618133 -0.00158053 -0.0104577 0.00084339
0.0205114 0.139069 0.574931 -0.00152938 -0.0100311 0.00083973
0.0383868 0.122965 0.727777 -0.00208601 -0.0116921 0.00083049
0.0425985 0.170855 0.685757 -0.00212685 -0.0117094 0.00094443
0.0478494 0.133584 0.730963 -0.00231802 -0.0125503 0.00091614
0.050645 0.155163 0.676315 -0.00215791 -0.0122892 0.00095342
0.0449939 0.136942 0.715267 -0.00231009 -0.0121948 0.00064758
0.0458109 0.147256 0.657006 -0.00187587 -0.0125965 0.00075983
0.045047 0.151928 0.690894 -0.00187587 -0.012555 0.00056597
0.0436877 0.149601 0.669648 -0.00173587 -0.0124945 0.00074155
0.040901 0.152539 0.700477 -0.0024653 -0.0125162 0.00057897
0.0459036 0.139573 0.724067 -0.0024653 -0.0128599 0.00074908
0.048561 0.159745 0.747662 -0.00311667 -0.0125129 0.00057309
0.0517053 0.135018 0.807193 -0.00317296 -0.0138202 0.00049261
0.0573946 0.154318 0.763305 -0.00331122 -0.0132552 0.00061464
0.0472166 0.142511 0.808674 -0.00354139 -0.013589 0.00033828
0.0518 0.15585 0.775597 -0.00302258 -0.0143536 0.00010697
0.0570875 0.154273 0.845581 -0.00340762 -0.0148499 -2.134e-05
0.0604281 0.17811 0.809439 -0.00302258 -0.0137595 -4.01e-05
0.0572974 0.198934 0.796164 -0.00286146 -0.0132964 -0.00015827
0.0549979 0.153963 0.819919 -0.00312753 -0.0133737 -5.973e-05
0.0460952 0.186149 0.777592 -0.00288929 -0.0130095 -0.00027718
0.0559052 0.161982 0.906783 -0.00372062 -0.014352 -0.00017663
0.0397369 0.19286 0.772209 -0.00258569 -0.0132353 -0.00037809
0.0549233 0.164859 0.910232 -0.00376701 -0.014352 -0.00014038
0.0613832 0.176118 0.861639 -0.00342514 -0.0144564 1.138e-05
0.0611995 0.178663 0.852118 -0.00367514 -0.0139621 -0.00019043
0.0639939 0.175923 0.903932 -0.00364524 -0.0141989 -0.00011217
0.0601803 0.192397 0.81471 -0.00324286 -0.0135882 -0.0002144
0.0628139 0.169913 0.905578 -0.00363477 -0.0146933 -0.0001088
0.0522464 0.197322 0.793636 -0.00277275 -0.0140953 -0.00030342
0.0553048 0.167301 0.860951 -0.00349855 -0.0143807 -0.00014805
0.0327506 0.194341 0.80179 -0.00269181 -0.0136078 -0.00045778
0.0403328 0.171632 0.955979 -0.00408098 -0.0147166 -0.00023148
0.0314996 0.255131 0.773754 -0.00193923 -0.0134588 -0.00080399
0.0329386 0.243259 0.740848 -0.00023395 -0.0129437 -0.00058387
0.0672837 0.218942 0.867096 -0.00012197 -0.0149186 -4.248e-05
0.0668236 0.246856 0.731484 0.00032461 -0.0137283 -0.00022342
0.0576375 0.218199 0.776849 -0.00042432 -0.0143017 -7.69e-06
0.06196 0.205749 0.76939 -0.00125893 -0.0146197 -0.00019626
0.0630646 0.231483 0.72566 -0.0005109 -0.0148704 -0.00035059
0.0700892 0.19876 0.766005 -0.00094162 -0.0148575 -0.00026497
0.0575735 0.220457 0.735583 -0.00047747 -0.014808 -0.00024317
0.0573239 0.184179 0.734883 -0.00017537 -0.0149952 -0.0004253
0.0573572 0.226728 0.714246 0.00020446 -0.0152782 -0.0004572
0.0577266 0.174659 0.752611 -0.00079352 -0.015951 -0.0005517
0.0572315 0.220445 0.734745 0.0003875 -0.0162557 -0.00077404
0.0738561 0.190733 0.814524 -0.00058514 -0.0168595 -0.00051082
0.0720813 0.213681 0.789622 -0.00059582 -0.0169381 -0.0005565
0.0679358 0.232293 0.798316 -0.00212798 -0.0169677 -0.00083128
0.0665251 0.19731 0.806521 -0.00193949 -0.0172728 -0.00045555
0.0650987 0.22229 0.758023 -0.00141538 -0.0172616 -0.00068262
0.0630713 0.189932 0.771582 -0.00076925 -0.0170283 -0.00058884
0.0660674 0.198148 0.756166 -0.00061767 -0.0168664 -0.00064568
0.0836989 0.181853 0.933115 -0.00074529 -0.018332 -0.00059371
0.0766534 0.229111 0.819994 0.00031121 -0.017641 -0.00064781
0.0755589 0.223447 0.845259 -0.00064208 -0.017085 -0.0006436
0.0793687 0.197309 0.818854 -0.00125474 -0.0173393 -0.00040066
0.0737828 0.2017 0.845549 -0.00107519 -0.0172663 -0.00040289
0.0824189 0.205246 0.886854 -0.00157309 -0.018144 -0.00051274
0.0812892 0.248872 0.811382 -0.00068161 -0.0179303 -0.00060032
0.0840824 0.201618 0.949302 -0.00158018 -0.0187258 -0.00054867
0.0849183 0.258919 0.843221 -0.00053449 -0.0183792 -0.0007214
0.0848432 0.218046 0.933767 -0.00115743 -0.0190084 -0.00062501
0.0934759 0.23158 0.891575 -0.00115743 -0.0185683 -0.00056196
0.0943916 0.24716 0.89222 -0.00115743 -0.0190153 -0.00046597
0.0995808 0.225503 1.05247 -0.00197989 -0.0189388 -0.00050632
0.0988687 0.280761 0.893243 -0.00042244 -0.0182051 -0.00062803
0.10199 0.252406 0.925633 -0.00085838 -0.0185117 -0.00051668
0.0997675 0.222628 0.930241 -0.00062208 -0.0190084 -0.00053097
0.0997082 0.248251 0.900624 -0.00058122 -0.0193583 -0.00061374
0.106062 0.222344 0.934082 -0.00082628 -0.0186846 -0.0004764
0.0994783 0.259498 0.89901 7.776e-05 -0.0190329 -0.00062206
0.133779 0.256409 1.25293 -0.00146742 -0.0194595 -0.00059203
0.141473 0.372082 1.53313 0.00028258 -0.0180219 -0.00061723
0.0915652 0.448426 1.23763 0.00159633 -0.0181808 -0.00083353
0.102952 0.439128 1.11911 0.0010841 -0.0176424 -0.00099833
0.0985094 0.420411 1.12495 0.00105421 -0.0163274 -0.0010373
0.106438 0.302541 1.15241 -0.00045792 -0.0180632 -0.00059875
0.130845 0.261527 1.05225 -0.00279867 -0.0175455 -0.00048453
0.133652 0.231732 1.05141 -0.00263982 -0.0175409 -0.00043367
0.140379 0.19623 1.09493 -0.00254168 -0.0176649 -0.00047739
0.129234 0.21978 1.00664 -0.0022797 -0.0178471 -0.00063409
0.13426 0.232834 1.05002 -0.0018314 -0.0186234 -0.00069821
0.140528 0.256952 0.990973 -0.00148476 -0.0191864 -0.00064085
0.138217 0.276053 1.01663 -0.00210086 -0.0192449 -0.000757
0.131054 0.27887 1.02141 -0.00215828 -0.0193825 -0.00068689
0.139744 0.28093 1.02742 -0.00217082 -0.0192636 -0.00092273
0.134517 0.275908 1.02761 -0.00224457 -0.0191957 -0.0009959
0.140775 0.268253 1.02597 -0.00161614 -0.0196613 -0.00069195
0.146926 0.24633 1.00351 -0.00161512 -0.0192817 -0.00048363
0.138999 0.259274 0.954606 -0.00116158 -0.0187952 -0.00053031
0.109707 0.22814 1.05798 -0.00242884 -0.019258 -0.0009333
0.120308 0.268725 0.94709 -0.00161512 -0.0191605 -0.00050891
0.128176 0.245782 0.979908 -0.00190199 -0.019535 -0.00052793
0.130786 0.23487 0.942963 -0.00120351 -0.0198265 -0.00029999
0.127612 0.262173 0.923095 -0.00139367 -0.0194995 -0.00053885
0.128942 0.203494 0.983095 -0.00279752 -0.0191761 -0.00045431
0.128198 0.247104 1.00144 -0.00327656 -0.0193885 -0.00059126
0.134045 0.217192 1.01923 -0.00269056 -0.019839 -0.00041596
0.127448 0.233828 0.95963 -0.00223199 -0.0195768 -0.00049932
0.134779 0.213902 1.08731 -0.00265265 -0.0200759 -0.00032984
0.134486 0.230286 0.972849 -0.00217479 -0.0203125 -0.00036614
0.136756 0.242307 0.997131 -0.00186246 -0.020398 -0.00041943
0.146853 0.243908 0.967701 -0.00195061 -0.0199104 -0.00038974
0.150278 0.265273 0.947932 -0.00182709 -0.0200742 -0.0005609
0.151004 0.233761 1.07437 -0.00120558 -0.0208073 -0.00050524
0.143605 0.265157 0.965578 -0.00219558 -0.0196867 -0.00049626
0.147951 0.241909 1.14259 -0.00255212 -0.0199951 -0.00047174
0.149156 0.262693 0.988869 -0.00205362 -0.0191878 -0.00065483
0.150375 0.248332 1.01724 -0.00230405 -0.0201055 -0.00050346
0.143447 0.219429 0.929245 -0.00075865 -0.0205681 -0.00043985
0.13331 0.219366 0.92742 -0.00167691 -0.0209264 -0.00054225
0.148665 0.192289 0.970249 -0.00178692 -0.0212608 -0.00046062
0.150195 0.245014 0.9731 -0.00157301 -0.0203776 -0.00075836
0.148086 0.226645 1.17182 -0.00256566 -0.0213102 -0.00082765
0.13963 0.280937 1.08235 -0.0012708 -0.0209348 -0.00080746
0.134234 0.258053 1.01892 -0.00238639 -0.0203313 -0.00069375
0.144631 0.241252 1.11788 -0.00313796 -0.0205185 -0.0004575
0.137635 0.251628 1.07695 -0.0043059 -0.0205247 -0.00054806
0.151211 0.237667 1.04341 -0.00206723 -0.0205744 -0.00047141
0.151685 0.235107 0.995384 -0.00197032 -0.0210367 -0.00047931
0.151685 0.211629 1.0395 -0.00231166 -0.0211004 -0.00049716
0.152663 0.219512 0.989556 -0.00181311 -0.0215833 -0.0002977
0.152432 0.230912 1.00692 -0.00163985 -0.0216204 -0.00038891
0.174677 0.236713 1.12988 -0.00073623 -0.0228077 -0.00061148
0.152802 0.255557 1.05865 -0.00180506 -0.0220593 -0.00073067
0.159543 0.235015 1.12726 -0.0029902 -0.0220441 -0.00069629
0.162889 0.256051 1.08126 -0.00119863 -0.0218212 -0.00106006
0.171529 0.32247 1.18195 -0.00056684 -0.0220244 -0.00089189
0.16851 0.317394 1.23452 -0.00158004 -0.0230217 -0.0007112
0.169122 0.298934 1.14762 -0.00155351 -0.0225774 -0.00071681
0.173198 0.246652 1.26505 -0.00179768 -0.0232615 -0.00062789
0.159759 0.28802 1.16268 -0.00166975 -0.0225934 -0.00095134
0.165191 0.29111 1.17054 -0.00175853 -0.0227953 -0.00083801
0.159954 0.285909 1.21407 -0.00178792 -0.0216305 -0.00067741
0.133553 0.292489 1.14933 -0.00200944 -0.0218501 -0.000789
0.155581 0.261909 1.2675 -0.00305327 -0.0216687 -0.00038988
0.147815 0.275264 1.17975 -0.00283727 -0.0223404 -0.00066825
0.148888 0.259631 1.17785 -0.00350161 -0.0223769 -0.0006316
0.140037 0.22284 1.23227 -0.00466387 -0.0217438 -0.00091426
0.141812 0.273401 1.20161 -0.00355444 -0.0220714 -0.00089553
0.152032 0.238243 1.20858 -0.00280548 -0.0224092 -0.00071241
0.161264 0.256373 1.14076 -0.00266339 -0.0227416 -0.00074416
0.162849 0.256108 1.24452 -0.00310411 -0.0223938 -0.00073536
0.176518 0.27725 1.18953 -0.00232822 -0.022654 -0.00077761
0.17241 0.289812 1.20196 -0.00252893 -0.0226524 -0.00067237
0.181844 0.283619 1.20601 -0.00217664 -0.0229941 -0.00066681
0.169461 0.312896 1.15983 -0.00182037 -0.0230431 -0.00090018
0.174998 0.256299 1.26157 -0.00351276 -0.0223179 -0.000874
0.169469 0.289882 1.18884 -0.0032652 -0.0227737 -0.00089116
0.203695 0.256682 1.25412 -0.00339024 -0.0225407 -0.00092399
0.181675 0.289618 1.2968 -0.00373629 -0.0226211 -0.00147868
0.168375 0.269976 1.31033 -0.00308229 -0.0227932 -0.00104336
0.180122 0.299796 1.23697 -0.0023678 -0.022733 -0.00096853
0.193034 0.287074 1.30197 -0.00266824 -0.0225491 -0.00092165
0.199785 0.347437 1.42869 -0.00082439 -0.0229481 -0.00098741
0.1992 0.372045 1.24031 -9.442e-05 -0.0237496 -0.00106867
0.185481 0.336249 1.3254 -0.00211118 -0.0231889 -0.00111736
0.193628 0.326613 1.27739 -0.00195887 -0.0232471 -0.00112619
0.181145 0.319957 1.24734 -0.00300667 -0.0226436 -0.00121596
0.194348 0.265755 1.26524 -0.00245218 -0.0227448 -0.00091565
0.191028 0.260158 0.987281 -0.00124783 -0.0222604 -0.00081284
0.180168 0.182028 1.03275 -0.00146146 -0.022139 -0.00083564
0.177944 0.214976 1.01922 -0.00139907 -0.022199 -0.00091052
0.180785 0.214736 1.09711 -0.00152948 -0.0224915 -0.00123455
0.180474 0.201752 1.1169 -0.00313082 -0.0228671 -0.00090002
0.182309 0.263782 1.10011 -0.00108888 -0.0228738 -0.0012574
0.193765 0.24043 1.3222 -0.00415861 -0.0219919 -0.00117803
0.198795 0.294974 1.30635 -0.00393918 -0.0226001 -0.00088847
0.195337 0.278884 1.32505 -0.00362072 -0.0228094 -0.00114244
0.19386 0.344933 1.22595 -0.00279239 -0.0227567 -0.00109089
0.189728 0.304798 1.29131 -0.00323461 -0.0226114 -0.00109221
0.193907 0.30654 1.20838 -0.00249608 -0.023159 -0.00114802
0.19067 0.270032 1.27075 -0.00355371 -0.0227542 -0.00105635
0.196204 0.278485 1.18809 -0.00114313 -0.0226883 -0.00101152
0.211289 0.317315 1.20725 1.959e-05 -0.0239185 -0.00103211
0.182965 0.31918 1.30029 0.00104361 -0.0231702 -0.00108004
0.16395 0.331483 1.23424 0.0008327 -0.0230274 -0.00111639
0.164955 0.316284 1.13824 -5.28e-05 -0.0236387 -0.00114852
0.168842 0.290397 1.15237 -0.00101283 -0.0240173 -0.00130353
0.175335 0.303149 1.13969 -0.00073518 -0.0248621 -0.0013325
0.178532 0.307073 1.15356 -0.00073223 -0.0246779 -0.00106967
0.190387 0.307212 1.32097 -0.00147209 -0.0242124 -0.0011291
0.191997 0.333834 1.24192 -0.00118781 -0.0249825 -0.00136124
0.196152 0.310631 1.19747 -0.00136888 -0.0250015 -0.00111117
0.204708 0.308201 1.22324 -0.00126477 -0.0252208 -0.00129612
0.195316 0.285847 1.19891 -0.00227464 -0.0253093 -0.00106862
0.188603 0.260441 1.20561 -0.00180477 -0.0248556 -0.0011071
0.191146 0.314421 1.20455 -0.00132619 -0.0250447 -0.00118499
0.18791 0.279149 1.19405 -0.00056373 -0.0248868 -0.00127546
0.189474 0.311142 1.12933 -6.574e-05 -0.0247985 -0.00128908
0.19465 0.290372 1.12554 -0.0002585 -0.024207 -0.00114798
0.190155 0.306221 1.14883 6.891e-05 -0.0240152 -0.0013379
0.188498 0.315331 1.13708 0.00019788 -0.024338 -0.00132282
0.184933 0.307402 1.1631 2.63e-05 -0.0240141 -0.00133412
0.188078 0.320904 1.12382 0.0001992 -0.0247727 -0.00139292
0.184919 0.300649 1.1717 0.00019132 -0.0243966 -0.00133829
0.174658 0.312453 1.04798 0.0002571 -0.0242229 -0.00138178
0.170992 0.303843 1.2099 1.749e-05 -0.0244959 -0.00120288
0.175609 0.325599 1.08389 0.00025152 -0.0242081 -0.00115187
0.174373 0.296607 1.09098 0.00019981 -0.0241688 -0.00118414
0.175359 0.304522 1.07663 0.00020855 -0.0242497 -0.00127665
0.171646 0.300344 1.12996 0.00015698 -0.0251848 -0.0013046
0.177661 0.301885 1.11936 0.00045999 -0.0253543 -0.00155456
0.175504 0.308803 1.1037 0.00025655 -0.0247298 -0.00132026
0.18583 0.298708 1.17546 9.984e-05 -0.0252174 -0.00130828
0.201629 0.326061 1.12848 2.492e-05 -0.0252515 -0.00140933
0.192848 0.290824 1.16426 -0.00014542 -0.0249458 -0.00133069
0.189628 0.332173 1.14783 0.00047547 -0.0250549 -0.00139208
0.198363 0.28634 1.19943 -0.00015521 -0.0253433 -0.00160245
0.206694 0.365589 1.2089 0.00065946 -0.025951 -0.00161171
0.2153 0.318925 1.20651 0.00066526 -0.0254988 -0.00169099
0.211941 0.33173 1.17871 0.00040164 -0.0254836 -0.00173042
0.210737 0.325834 1.15989 0.00044799 -0.0256657 -0.00157186
0.213492 0.320081 1.17323 0.00065303 -0.025506 -0.00162119
0.219362 0.328734 1.1477 0.00036607 -0.0260016 -0.00150538
0.218692 0.307237 1.178 0.00025781 -0.0260016 -0.00182496
0.219138 0.34407 1.16491 0.00053459 -0.0258968 -0.00176656
0.238856 0.27592 1.18906 -0.00023327 -0.0244996 -0.00160026
0.23794 0.322995 1.0684 0.00032128 -0.0237712 -0.00149738
0.228278 0.299998 1.19766 0.00016736 -0.0243221 -0.00148757
0.239919 0.331447 1.12931 0.00030659 -0.0251646 -0.00154947
0.24213 0.318062 1.16662 0.00016736 -0.0250868 -0.00151227
0.242112 0.326088 1.11822 0.00016736 -0.0252269 -0.00130173
0.22989 0.319712 1.19112 2.826e-05 -0.0253015 -0.00166134
0.231402 0.32633 1.14539 0.00023344 -0.0253183 -0.00130902
0.222455 0.332692 1.16924 7.92e-05 -0.0257526 -0.0016349
0.233975 0.325509 1.13761 0.00025655 -0.0258488 -0.00123805
0.227177 0.330337 1.11864 0.00021946 -0.0259748 -0.0014141
0.22202 0.31192 1.21952 -0.00016857 -0.0256456 -0.00127688
0.228921 0.327553 1.11943 0.00024113 -0.0259578 -0.00141525
0.217831 0.295848 1.18383 -0.00074181 -0.0261094 -0.00135455
0.221182 0.290812 1.15881 -0.00069728 -0.0269657 -0.00138547
0.221592 0.327891 1.14086 -0.00021035 -0.0270319 -0.00161992
0.219591 0.294941 1.22707 -0.00041435 -0.0267536 -0.00146817
0.21228 0.32127 1.11859 -0.000349 -0.0275805 -0.00156511
0.214933 0.277368 1.18408 -0.00162214 -0.0277191 -0.00144992
0.217326 0.318775 1.14455 -0.00104766 -0.0280348 -0.00156094
0.211623 0.295038 1.19793 -0.00152818 -0.0272768 -0.00172995
0.219064 0.307337 1.14313 -0.00090631 -0.0275711 -0.00166522
0.209924 0.324388 1.23487 -0.00127772 -0.027626 -0.00178615
0.225467 0.301255 1.24776 -0.00089149 -0.0276501 -0.00159651
0.211224 0.33043 1.15879 -0.00066113 -0.0276054 -0.00181297
0.202842 0.291019 1.34883 -0.00134727 -0.0275404 -0.00185391
0.202623 0.32032 1.22086 -0.0012856 -0.0274674 -0.00193423
0.203551 0.328845 1.26559 -0.00139303 -0.0275601 -0.00190956
0.209535 0.317503 1.26778 -0.00152999 -0.0274627 -0.00172645
0.207071 0.357841 1.26867 -0.00098921 -0.0278871 -0.00173389
0.209862 0.303759 1.30184 -0.00131395 -0.0279798 -0.00190967
0.223245 0.367856 1.29796 -8.358e-05 -0.0280375 -0.00235538
0.217398 0.300384 1.08315 0.00102973 -0.0276215 -0.00182594
0.207881 0.290385 1.00692 0.00094367 -0.0272262 -0.00200124
0.204471 0.277305 1.14546 9.923e-05 -0.027293 -0.00222094
0.205953 0.302553 1.21127 -0.00082801 -0.027074 -0.00227966
0.208771 0.333043 1.21496 -0.00066394 -0.0270779 -0.00206345
0.198666 0.330971 1.27053 -0.00110162 -0.0261589 -0.00225325
0.194756 0.391948 1.1821 0.00018243 -0.0265572 -0.00264259
0.190245 0.364819 1.24815 -0.00062499 -0.026423 -0.0025147
0.18584 0.385741 1.18792 0.0002064 -0.0268347 -0.00244782
0.188554 0.367921 1.1983 2.81e-05 -0.0264904 -0.00246779
0.185841 0.337304 1.18265 5.253e-05 -0.026368 -0.00263708
0.186135 0.351888 1.19212 0.00021632 -0.0267388 -0.0027652
0.181142 0.31607 1.19967 4.359e-05 -0.0263695 -0.00265554
0.179681 0.34875 1.17923 0.00019196 -0.0266568 -0.0026098
0.178769 0.3082 1.22981 -6.676e-05 -0.0266712 -0.00258243
0.177392 0.362592 1.15618 0.00060303 -0.0266456 -0.00290889
0.17824 0.335322 1.19814 -0.00034718 -0.0267507 -0.00276157
0.175617 0.358712 1.13606 0.00029288 -0.0271561 -0.00269777
0.176632 0.341679 1.16334 0.00011453 -0.0269279 -0.00280816
0.178271 0.34893 1.1497 0.00020213 -0.027397 -0.00272869
0.179165 0.334643 1.15625 0.00033505 -0.0270894 -0.00287207
0.176328 0.326549 1.15667 0.00012869 -0.0277977 -0.00277634
0.172765 0.346851 1.15613 0.00035542 -0.0273879 -0.00290841
0.180739 0.327373 1.18721 0.0005212 -0.0274054 -0.00267827
0.183754 0.337376 1.1572 -6.445e-05 -0.0275331 -0.00294386
0.172368 0.325345 1.26291 -0.00022715 -0.0275067 -0.00296071
0.180558 0.362044 1.23156 8.631e-05 -0.028047 -0.00281566
0.177648 0.313517 1.27459 -0.00106115 -0.0272932 -0.00307639
0.177383 0.373934 1.26086 -0.00039888 -0.0274288 -0.00351484
0.17172 0.334402 1.29214 -0.00081751 -0.0270409 -0.0032722
0.147465 0.382618 1.25985 -3.007e-05 -0.0259888 -0.00347997
0.147588 0.344043 1.3807 -0.00118445 -0.0258169 -0.00318633
0.151421 0.390717 1.36907 -0.00073664 -0.0251526 -0.00308114
0.164246 0.405375 1.32429 -0.00066671 -0.026199 -0.00323215
0.15771 0.366186 1.43565 -0.00113707 -0.026105 -0.00326506
0.156389 0.415821 1.33018 -0.00025235 -0.0266572 -0.00314578
0.155608 0.400371 1.40991 -0.00053753 -0.0267154 -0.00312519
0.157351 0.389548 1.40452 -0.00071718 -0.0266154 -0.00300009
0.165846 0.404355 1.37401 -0.00043809 -0.0270292 -0.00316339
0.169045 0.367651 1.44776 -0.00087149 -0.0268599 -0.00274996
0.160961 0.43266 1.37337 -0.00011474 -0.0267376 -0.00312537
0.159736 0.381545 1.45739 -0.00114232 -0.0266191 -0.0029665
0.160949 0.425747 1.42382 -0.00073951 -0.0266919 -0.00305105
0.15411 0.399675 1.52844 -0.00143872 -0.0266345 -0.00298802
0.164544 0.4267 1.50753 -0.001262 -0.0266362 -0.00300999
0.171084 0.443583 1.4764 -0.00146524 -0.0269115 -0.00312146
0.162997 0.351722 1.72575 -0.00346357 -0.0252164 -0.0027662
0.1504 0.404048 1.89201 -0.0036607 -0.0244366 -0.00301412
0.158492 0.536695 1.63524 -0.00238387 -0.0259453 -0.00270636
0.174291 0.506785 1.49909 -0.00183918 -0.0271621 -0.0024823
0.173096 0.498742 1.49222 -0.00206055 -0.0274447 -0.00262597
0.182929 0.43176 1.52807 -0.00213504 -0.0273926 -0.00264585
0.184257 0.3632 1.56712 -0.00239899 -0.0272362 -0.00254393
0.202381 0.384359 1.5209 -0.00252613 -0.0271695 -0.00260907
0.189777 0.336791 1.56452 -0.00319473 -0.026038 -0.00259986
0.139815 0.362568 1.45638 -0.00276244 -0.0250253 -0.00255726
0.153095 0.351488 1.5703 -0.00390453 -0.0256941 -0.00237544
0.153036 0.385959 1.52318 -0.00396785 -0.0258918 -0.00207262
0.176483 0.411514 1.55646 -0.00477247 -0.0269434 -0.00180056
0.184654 0.382036 1.56781 -0.00545551 -0.0272585 -0.00184982
0.179021 0.426018 1.62128 -0.00587325 -0.0276036 -0.00221108
0.173916 0.395258 1.62661 -0.00565415 -0.0275979 -0.00202067
0.166698 0.447751 1.6354 -0.00460387 -0.0273622 -0.00228175
0.162131 0.392431 1.70939 -0.00479069 -0.0268282 -0.00239384
