-0.0325122 -0.0151081 0.100078 0.00057755 0.00014689 -6.301e-05
-0.0276698 0.0134915 0.153162 0 0.00047747 0
-0.0238523 -0.00031531 0.0830142 0.00029215 0.00031982 -5.961e-05
-0.0196029 -0.0159044 0.0934866 0.00076312 0.00040346 -7.664e-05
-0.00931036 0.102109 0.170297 -0.00039464 0.00032383 -0.00015939
-0.0163585 -0.0126454 0.0704744 0.00088858 0.00019746 0
-0.0185487 0.00047025 0.0859219 0.00097344 0.00047302 0
-0.0199475 0.0759573 0.139271 -4.58e-06 0.0005974 -7.839e-05
-0.0157504 -0.00178985 0.054951 0.00042449 0.00086168 -0.00044947
-0.00941887 0.00282021 0.0984213 0.00034304 0.00099358 -0.0002274
-0.00773573 0.0817375 0.144864 -0.00047003 0.00086066 -0.00033144
-0.0113037 0.00230556 0.0678675 0.00033537 0.00090213 -0.0004205
-0.0205131 0.0119304 0.122263 0.00010841 0.00102928 -0.00043739
-0.0140533 0.0780138 0.142879 -0.0003597 0.00074795 -0.00038127
-0.0207589 6.73e-06 0.114646 9.227e-05 0.0007598 -0.00043092
-0.0202279 0.0418092 0.172961 -0.00061042 0.00092678 -0.00044279
-0.0190289 0.0714764 0.139128 -0.00050336 0.00085136 -0.00043817
-0.0153723 0.00386843 0.107805 1.448e-05 0.00115811 -0.00021367
-0.0157931 0.0659007 0.181501 -0.00077393 0.00124352 -0.00045604
-0.0155591 0.0221472 0.100429 -0.00029197 0.00091493 -0.0002779
-0.00886945 -0.00444136 0.097399 0.00022071 0.00120572 -0.00043436
-0.0161049 0.0819392 0.145004 -0.00026464 0.000855 -0.00036792
-0.00552045 0.00456693 0.0782207 0.00012429 0.00109826 -0.00042114
0.00111175 0.00666537 0.094708 0.00022071 0.00117126 -0.0001961
-0.0064408 0.0931017 0.15121 -0.00043132 0.00109966 -0.00036541
0.00467646 0.00295198 0.0797322 0.00024823 0.00113008 -0.00013974
0.00087234 0.00917059 0.107625 0.00024823 0.00109213 -0.00033366
-0.0170351 0.102775 0.157661 -0.0003139 0.00085939 -0.00036724
-0.0168004 0.0104432 0.0844458 -5.7e-06 0.0007786 -0.00035603
-0.0201299 0.00113238 0.103101 5.751e-05 0.00100362 -0.0001563
-0.0188185 0.0761538 0.157174 -0.00028963 0.00077578 -0.00035697
-0.0168034 0.00788423 0.108893 -0.0002317 0.00084981 -0.00021718
-0.0132982 0.0238807 0.136024 -0.00019919 0.00095218 -0.00042459
-0.016417 0.0909783 0.163164 -0.0006433 0.0005349 -0.00010873
-0.0236852 0.0153674 0.085359 -0.00023885 0.00065461 -0.00019028
-0.016728 0.0697064 0.143413 -0.00048889 0.00078223 -0.00035621
-0.0111851 0.0688919 0.106448 -0.00020064 0.00059867 -0.00034444
-0.00559846 0.0108705 0.0809707 2.13e-06 0.00066252 -0.00053375
-0.034453 0.0110663 0.116103 0.00025683 0.00076747 -0.00034412
-0.0166525 0.139183 0.208998 -0.00093831 0.0008213 -0.00041822
-0.0228993 0.00496245 0.117249 -0.0001497 0.00066679 -0.00018188
-0.0106674 -0.00249144 0.123202 -5.61e-05 0.00116887 -0.00026519
-0.0122937 0.0991994 0.16325 -0.0005968 0.00056112 -0.00033458
-0.0174863 0.0138517 0.0724721 -0.00016507 0.00069161 -0.00031903
-0.0177121 0.0553606 0.150549 -0.00063839 0.00060226 -0.00037452
-0.0219069 0.121778 0.196245 -0.0009865 0.00049848 -0.0001436
-0.0179506 0.00397564 0.0977803 0.00014483 0.00051748 -0.00020713
-0.0172934 0.0490566 0.145791 -0.00026771 0.00046845 -0.00016394
-0.0184713 0.0722671 0.163071 -0.00059917 0.00044129 -0.00014842
-0.023519 0.00322184 0.0980216 4.486e-05 0.00047602 -0.00015884
-0.0243088 0.0183357 0.129968 4.486e-05 0.00045922 -0.00014328
-0.0191072 0.0982372 0.160004 -0.00046233 0.00040505 -0.00013888
-0.0183294 0.00257316 0.088518 0.00010782 0.00047913 -0.00022838
-0.0239553 0.00723339 0.12096 0.00027223 0.00049125 -0.00025419
-0.0221603 0.0913151 0.172924 -0.00070549 0.00046359 -0.00039759
-0.0160458 0.00809546 0.0887983 3.262e-05 0.00053686 -0.00029732
-0.0167262 0.0438895 0.131 -0.00015011 0.000484 -0.00027036
-0.0239291 0.111833 0.147566 -0.00021747 0.00043332 -0.00015087
-0.0213547 0.0152698 0.106695 -0.00034299 0.00037659 -0.00022461
-0.0223277 0.073171 0.149516 -0.00057093 0.00060092 -0.00023849
-0.0278874 0.0471213 0.133846 -0.00057093 0.00063383 -0.0002183
-0.0317333 -0.012852 0.110741 0.00040449 0.00060935 -0.00023511
-0.0394465 0.0677191 0.19051 -0.00078574 0.00076586 -0.00041346
-0.033368 0.0276957 0.12472 -0.00028761 0.00055621 -0.00029132
-0.0348368 0.0092099 0.103636 -1.532e-05 0.00081965 -0.00032692
-0.0352232 0.0824765 0.175327 -0.0003987 0.00083555 -0.00029228
-0.030856 0.0317391 0.097584 -0.0002558 0.00093337 -0.00048519
-0.0314201 0.0180022 0.0988119 -9.9e-06 0.00101749 -0.00049938
-0.0298337 0.104349 0.178973 -0.00092667 0.00092737 -0.00048914
-0.0283187 0.0122051 0.0893471 -8.999e-05 0.00062631 -0.00041262
-0.0266638 0.00300301 0.0713388 0.00027949 0.00065379 -0.00031813
-0.0366454 0.0635154 0.147868 -0.00044286 0.00086719 -0.00029685
-0.0332915 0.0521925 0.11305 -0.00041689 0.00061069 -0.00027113
-0.0271982 -0.0181414 0.0589994 0.00048926 0.00078568 -0.00041063
-0.0322653 0.0563381 0.125697 -0.00020328 0.00085579 -0.00040899
-0.0339209 0.0331672 0.0892778 -0.0001006 0.00057202 -0.00028074
-0.0306103 0.00413112 0.0714447 0.00019129 0.00086549 -0.00047045
-0.0390582 0.0802616 0.127566 -0.0001712 0.00098562 -0.00033826
-0.0321022 0.0140071 0.0760759 -5.033e-05 0.0007296 -0.0003133
-0.0202261 0.0481102 0.124619 -0.00013787 0.00072099 -0.00044095
-0.0220654 0.0936234 0.157401 -0.00083857 0.00071414 -0.00032878
-0.0283818 0.00267496 0.0692625 0.00018941 0.00055976 -0.00023887
-0.0340346 0.027621 0.121485 -7.008e-05 0.0006428 -0.00021475
-0.0320507 0.0502605 0.105222 -0.00020926 0.00069017 -0.00015289
-0.0165872 -0.0220848 0.0481057 0.00040858 0.00033766 -0.00028794
-0.0389984 -0.0178215 0.0476697 0.00040858 0.00036804 -0.00032665
-0.0436459 0.0722842 0.159169 -0.00013057 0.00080164 -0.00029968
-0.0405569 0.0457092 0.112922 -4.909e-05 0.00078603 -0.00031993
-0.0509963 -0.00730646 0.089501 0.00040858 0.00087976 -0.00032008
-0.0481536 0.0923841 0.155563 -0.00031802 0.00085654 -0.00025213
-0.0487226 0.0278144 0.100628 -7.42e-06 0.00073594 -0.00031488
-0.0413357 0.00857607 0.0876716 0.00028306 0.00079713 -0.00034577
-0.0429015 0.100786 0.185183 -0.00033621 0.00079999 -0.00029414
-0.0404315 0.0310675 0.112751 -0.00033621 0.00065417 -0.00022065
-0.0316025 -0.0316201 0.0831013 0.00072958 0.00076383 -0.00035209
-0.0385418 0.0717882 0.174278 -0.00034694 0.00084614 -0.00025894
-0.0362465 0.0191216 0.113778 4.39e-06 0.00063956 -0.00031677
-0.0314502 -0.00199791 0.0868091 0.00019401 0.00072257 -0.00023452
-0.0292404 0.0707246 0.156264 -0.00040935 0.00087885 -0.00037594
-0.0182143 0.0184811 0.0563735 0.00019401 0.000883 -0.00048804
-0.0215787 0.086113 0.127366 -0.00023554 0.0009325 -0.00042114
-0.0287323 0.0656944 0.12982 -0.00035097 0.00066158 -0.0002095
-0.0227827 0.0123926 0.119303 -3.619e-05 0.00054699 -0.00016492
-0.0158853 0.0911945 0.189713 -0.00051049 0.00056419 -0.00035057
-0.0274897 0.0204285 0.132406 -0.00026049 0.0005162 -0.00021175
-0.0218136 -0.00956566 0.1033 0.00052082 0.00060627 -0.0002003
-0.0185402 0.0651362 0.172293 -0.00051111 0.00063858 -0.00038907
-0.0194931 0.0417344 0.0939794 -0.00019545 0.00060868 -0.00012763
0.00060021 -0.00760714 0.0920281 0.00037811 0.00096568 -0.00042614
0.00106848 0.0866669 0.174998 -0.00074464 0.00097888 0
-0.0205488 0.0358567 0.0943059 -0.00018071 0.00072457 -0.00025458
0.00065297 0.00279235 0.0857701 0.00014605 0.00089403 -0.00032685
-0.0160313 0.0841587 0.167416 -0.00101516 0.00112752 -0.00033311
0.00039755 0.0287245 0.076569 -0.00022081 0.00082374 -0.00043433
0.0254932 0.00316328 0.0808038 7.329e-05 0.0014457 -0.00012614
0.0182078 0.101675 0.145671 -0.00081085 0.00109805 -0.00013073
0.010649 -0.00284243 0.0450856 8.997e-05 0.00085961 -0.00031552
0.021761 -0.0006069 0.0849886 0.00018989 0.00124653 -0.00010675
0.0186018 0.0545162 0.0806479 -0.00047665 0.00119205 -0.00012198
0.0248887 -0.00300276 0.0476509 0.00012512 0.00125813 -0.00014778
0.0179307 0.05458 0.0972201 -0.00012488 0.00119231 -0.00013215
0.00037192 0.0553382 0.0732462 -0.0003582 0.00098577 -0.00057139
-0.0149022 -0.0110981 0.0637361 0.00051298 0.00095724 -0.00054916
0.00080688 0.00484495 0.0643771 0.00012512 0.00113008 -0.00044787
0.0107067 0.0717286 0.105118 -0.00049343 0.00102327 -0.00033333
-0.00249117 0.00660013 0.0408545 0.0001772 0.00053769 -0.00043458
0.0196659 0.00639048 0.044117 0.00021485 0.00090594 -0.00013111
0.0224771 0.0942715 0.118637 -0.00062655 0.00110309 -0.0001259
-0.00279752 0.0143712 0.0519692 -0.00016854 0.00056229 -0.00030452
0.0174962 0.0134525 0.0849152 -9.15e-05 0.00109301 2.124e-05
0.0184498 0.093404 0.105528 -0.00089056 0.00113177 -8.435e-05
0.0134544 0.00152289 0.0564985 0.00016827 0.00105486 -0.00012601
0.00599813 0.0207753 0.0965799 -0.00029725 0.00095444 -0.00036242
0.0192693 0.0845767 0.0971743 -0.00072453 0.00108208 -4.571e-05
0.0150488 -0.00238292 0.0265273 0.00016816 0.001014 -0.00048023
0.00043105 0.0650073 0.0766351 -0.00039578 0.0009819 -0.00053023
-0.0076569 0.155347 0.15896 -0.00099865 0.00108831 -0.00042581
-0.0207389 0.00211412 0.0770282 1.702e-05 0.00077041 -0.00032191
-0.019229 -0.0913645 0.0431816 0.00061408 0.00068452 -0.00047221
-0.0193011 -0.018686 0.0768675 0.00058659 0.00109338 -0.0002154
-0.00873242 0.00979372 0.0412789 0.00013248 0.00088143 -0.0004743
-0.0152671 -0.0232235 -0.0204204 0.00066119 0.00091769 -0.00056457
-0.0150109 0.0132665 -0.0242762 0.00081298 0.00046552 -0.00050002
-0.00867288 0.120442 0.0626806 0.0008096 9.839e-05 -8.59e-05
-0.0202644 0.0650312 0.085587 0.00106887 0.00031618 -0.00044907
-0.0161197 0.0553357 0.0356755 0.00084446 0.00071552 -0.00065996
-0.0420391 0.015495 0.0201894 0.00148249 0.00027621 -0.00062814
-0.0544733 0.0193489 0.125201 0.00159179 0.00053952 -0.00079459
-0.0492835 0.0905505 0.259763 0.00154209 0.00110287 -0.00045107
-0.0469006 0.0117535 0.244527 0.00076172 0.00092715 -0.00052936
-0.0532524 -0.0596882 0.202576 0.00160572 0.00095406 -0.00046289
-0.0577134 -0.0133143 0.213186 0.00107177 0.00089406 -0.00058807
-0.0528691 0.0653049 0.246542 0.00060213 0.00085747 -0.00059102
-0.047925 -6.133e-05 0.177635 0.00082593 0.00106704 -0.00061665
-0.0488086 0.0596846 0.233385 0.00037902 0.00124298 -0.00061194
-0.0477931 0.108191 0.227524 0.00014636 0.00096311 -0.00057628
-0.0456599 0.0425398 0.152114 0.00060782 0.00119653 -0.00060516
-0.0465046 0.0322091 0.181374 0.0004881 0.00099583 -0.00064419
-0.0476114 0.0981764 0.209301 0.00029909 0.0008351 -0.00059813
-0.0457747 0.0940998 0.226893 -0.00025344 0.00072639 -0.00057021
-0.0461605 -0.0382785 0.137019 0.00096225 0.00077624 -0.00054083
-0.0475517 0.00422826 0.19819 0.00039267 0.00099594 -0.00068843
-0.0390261 0.0226189 0.174892 0.00011502 0.00067196 -0.00061296
-0.0421243 -0.0236949 0.136492 0.00033601 0.00076524 -0.00054286
-0.0437129 0.0552042 0.224933 -5.129e-05 0.00100628 -0.0006824
-0.0519321 0.0448019 0.200531 5.35e-05 0.00089221 -0.00077288
-0.0479627 0.00932765 0.186127 0.00033601 0.0011098 -0.00057749
-0.0313097 0.154558 0.264493 -0.00031246 0.001002 -0.00085468
-0.0212746 0.0882479 0.176253 -3.593e-05 0.00086109 -0.00061443
0.00091526 0.0355136 0.128211 0.00036934 0.00159048 -0.00089186
-0.00746763 0.128177 0.205039 -0.00039083 0.00155998 -0.0009766
-0.00510099 0.0250559 0.129468 -2.184e-05 0.00122158 -0.00057598
0.00666139 0.00317781 0.123699 0.00037494 0.00176508 -0.00064958
-0.0013955 0.0835517 0.179823 -0.00036209 0.00156441 -0.00079227
0.0100039 -0.00906656 0.076061 0.00024811 0.0015662 -0.00086619
0.0103319 0.0155058 0.133354 0.00019046 0.00194936 -0.00090248
0.00687777 0.0344706 0.0976625 0.00024811 0.00165887 -0.00086897
0.0122401 0.0480703 0.0949524 0.00036809 0.00161246 -0.00081589
0.00995197 0.124497 0.171868 -6.922e-05 0.0015811 -0.00078685
-0.00642702 -0.00133316 0.0862938 0.0007219 0.00131038 -0.00079349
-0.00319456 0.010736 0.114725 0.00046207 0.00145521 -0.0008792
-0.00178306 0.0970283 0.156349 -0.00016552 0.00148083 -0.00087382
0.0205313 -0.0226013 0.05507 0.00065049 0.00149017 -0.00056585
0.0105084 0.0233657 0.11267 9.98e-06 0.00191857 -0.00080176
0.0101093 0.0604905 0.120879 -0.00012246 0.00162577 -0.00079597
0.028519 -0.0132864 0.0664098 0.00047394 0.00188125 -0.00054007
0.0300722 0.0421683 0.11724 -0.00021311 0.00200174 -0.00049955
0.029995 0.0094945 0.0583091 0.00021099 0.00175061 -0.0004945
0.0376274 0.0006787 0.0543157 0.00033998 0.00177287 -0.0004812
0.0218357 0.0901282 0.0891486 0.0004002 0.00185404 -0.00074857
0.0184309 -0.013047 0.0412819 0.0004002 0.00158695 -0.00058031
0.0237226 -0.00536429 0.0780699 0.0004002 0.00172641 -0.00049206
0.0133555 0.061261 0.105964 0.0002299 0.00168713 -0.00061298
0.016384 -0.0325707 0.0399197 0.00085462 0.00151497 -0.00072148
0.0384707 -0.00212433 0.0548146 0.00021326 0.00188716 -0.00039775
0.011826 0.061315 0.100568 0.00027527 0.00158695 -0.00071493
0.0203344 -0.0151309 0.0399761 0.00074202 0.00158695 -0.00056702
0.0192217 0.049623 0.101485 0.00049926 0.00194737 -0.00084535
0.0301591 0.0242895 0.0586806 0.00036424 0.00198305 -0.00049144
0.0413004 -0.0147297 0.0426956 0.00074202 0.0020388 -0.00043967
0.0413179 0.048766 0.0969248 0.00074202 0.00187212 -0.000235
0.0235286 0.203965 0.238967 -0.00053222 0.00177671 -0.00017491
0.0145709 -0.0239238 0.0876679 0.00062977 0.00133695 -0.00032322
0.0297594 -0.175012 0.057978 0.00146924 0.00139756 -0.00015354
0.0368956 -0.105539 0.0581449 0.00154125 0.00158695 -0.00013727
0.0414003 -0.0477305 0.0395346 0.00129855 0.00158695 -0.00014583
0.0481238 0.0192183 0.027473 0.00106286 0.00158695 2.583e-05
0.0502623 0.0904611 0.0341895 0.00054672 0.00164289 -0.00010763
0.0637817 0.103152 0.0493988 0.00039078 0.00254203 2.583e-05
0.0550221 0.125444 0.0492874 0.00046109 0.00158695 2.583e-05
0.0621682 0.110347 0.063443 0.00057571 0.00194951 2.583e-05
0.0640943 0.119708 0.116556 0.00028858 0.0020015 2.583e-05
0.0610258 0.0273973 0.120164 0.00034964 0.00187703 2.583e-05
0.0737673 -0.108719 0.0619234 0.00130852 0.00189617 2.583e-05
0.0741044 -0.115468 0.0562006 0.00149556 0.00216014 2.583e-05
0.0666203 -0.0177468 0.109695 0.00091796 0.00226285 -0.00014501
0.073693 -0.00686959 0.0535714 0.00089707 0.00204519 -0.0001824
0.0739082 0.0105839 0.0366297 0.00092517 0.00199142 2.583e-05
0.0690018 0.0580285 0.053707 0.00073629 0.00194017 2.583e-05
0.0741662 0.13747 0.0698035 0.00054272 0.0022375 2.583e-05
0.0813771 0.0494403 0.0234464 0.00042762 0.0020611 2.583e-05
0.0813209 0.00926176 0.0465055 0.00043028 0.00221878 2.583e-05
0.074358 0.0661558 0.0759328 0.00026884 0.00242438 2.583e-05
0.0898925 -0.0262619 0.0255956 0.00073871 0.00250292 2.583e-05
0.0827022 -0.0448351 0.015322 0.00098032 0.0025344 -3.665e-05
0.0777187 0.0190129 0.0831467 0.00039029 0.00240959 2.583e-05
0.0760845 -0.0120688 0.0330769 0.0004096 0.00221438 -8.618e-05
0.0801382 -0.00099313 0.0486758 0.00034032 0.0024468 -5.275e-05
0.0796236 0.0860411 0.123062 -0.00015101 0.00246202 2.583e-05
0.0742255 0.0349861 0.0628808 -6.839e-05 0.00224754 2.583e-05
0.0788486 -0.0161178 0.0209626 0.00056294 0.00228657 -3.989e-05
0.0742584 0.0552263 0.0662451 0.00016272 0.00228724 2.583e-05
0.0781497 0.088638 0.0514708 -0.00053483 0.00238129 2.583e-05
0.068607 -0.0194503 -0.0178966 0.0002843 0.00220058 -0.00025876
0.0635406 -0.00699343 0.025676 0.00046151 0.00191741 -0.00017151
0.074361 0.0204203 0.0488464 0.0003136 0.0020671 0.00027404
0.0798352 0.1325 0.145599 -0.00036713 0.00254574 0.00015378
0.0784797 0.00923101 0.157647 -0.00014222 0.00257674 0.00022737
0.0909604 0.0684076 0.193194 -0.0007667 0.00280779 0.00021398
0.0795386 0.0591224 0.177606 -0.00096046 0.00274608 0.0002629
0.0857952 -0.00182731 0.105539 6.358e-05 0.00270443 0.00012903
0.0879239 0.069289 0.175632 -0.00082009 0.00291162 0.00014962
0.0893582 0.0602223 0.151186 -0.00108763 0.00289775 9.568e-05
0.0866064 0.00029963 0.0939861 0.00018892 0.00279142 -4.957e-05
0.098017 0.0876313 0.128983 -0.00031714 0.0032057 9.673e-05
0.098248 0.081099 0.115026 -0.00095906 0.00299172 6.785e-05
0.100694 0.028983 0.085485 -0.00051874 0.00325694 6.812e-05
0.107561 0.096555 0.156554 -0.00134258 0.00355066 0.00013757
0.116129 0.0371912 0.0794583 -0.00070577 0.00357802 0.00012405
0.113021 0.0647278 0.0912487 -0.00091712 0.00370328 0.00015572
0.111796 0.101029 0.113435 -0.0015077 0.00375584 0.00015473
0.116402 0.029204 0.117951 -0.00080467 0.00382112 0.00012578
0.116215 0.0471144 0.16125 -0.00087355 0.00374207 9.186e-05
0.11329 0.145606 0.219696 -0.00180602 0.00388235 0.00028926
0.116557 0.0504966 0.193249 -0.00099498 0.00393966 0.0002294
0.123921 0.070818 0.218734 -0.00131817 0.00408451 0.0002126
0.121111 0.102054 0.174607 -0.00189383 0.00414428 0.00025666
0.124797 0.0272316 0.100264 -0.00072915 0.00396103 0.00017493
0.12431 0.0691848 0.130532 -0.00134476 0.00387359 0.00018637
0.131435 0.102954 0.112634 -0.00161591 0.0044988 1.366e-05
0.125025 0.0568883 0.0734566 -0.00114718 0.00409504 6.504e-05
0.134165 0.119543 0.172413 -0.00213257 0.00455138 0.00011527
0.140302 0.0773776 0.10126 -0.00142635 0.00455933 9.285e-05
0.120863 0.0437575 0.087659 -0.00101427 0.00438973 0.00013219
0.127882 0.124728 0.182425 -0.00233537 0.00492434 0.00013294
0.123257 0.104986 0.126004 -0.00238192 0.00467644 0.00010006
0.123212 0.10876 0.148699 -0.00232176 0.00501223 0.00024046
0.133008 0.180788 0.244186 -0.00338251 0.00542682 0.0004591
0.132013 0.148441 0.210561 -0.00300039 0.00494533 0.00042409
0.114303 -0.0126206 0.0920193 -0.00156856 0.00450227 0.00015263
0.0969849 0.0628089 0.137385 -0.00171451 0.00422683 0.00014536
0.115203 0.146893 0.206007 -0.00263516 0.0045024 0.00019828
0.109361 0.0537862 0.110171 -0.00151766 0.00421299 0.00026153
0.116812 0.0947193 0.149074 -0.00180572 0.00447672 0.00026153
0.111823 0.155842 0.190454 -0.00290498 0.00442105 0.00026153
0.105811 0.0563195 0.0883206 -0.00143137 0.00412617 4.299e-05
0.100645 0.086953 0.121102 -0.00167117 0.00439826 0.00026153
0.111111 0.166543 0.182333 -0.0029403 0.00488442 0.00018592
0.113511 0.125978 0.123304 -0.00259487 0.00480959 0.00025815
0.0972332 0.182163 0.202641 -0.00334695 0.00516476 0.00029402
0.134662 0.160518 0.280285 -0.00418901 0.00594827 0.00036992
0.133959 0.107144 0.185057 -0.00319645 0.00532743 0.00030734
0.104775 0.0701503 0.121098 -0.00225282 0.00454969 5.19e-06
0.0974288 0.0768382 0.0858286 -0.00192149 0.00479685 3.128e-05
0.128195 0.171542 0.171017 -0.00311924 0.00572455 0.00033864
0.138482 0.223875 0.252158 -0.003844 0.00604529 0.00046373
0.136625 0.0905927 0.11675 -0.00249743 0.00542771 0.00033864
0.138385 0.129336 0.179785 -0.00291121 0.00583158 0.00033864
0.141297 0.119183 0.194056 -0.00317189 0.00583903 0.00033864
0.133761 0.0358436 0.115117 -0.00223695 0.00594096 0.00033864
0.138288 0.156292 0.238633 -0.0035263 0.00632199 0.00045917
0.144796 0.195777 0.214855 -0.00442981 0.00681935 0.00044136
0.137372 0.127726 0.202448 -0.0042454 0.00656935 0.00040885
0.142381 0.161728 0.224982 -0.00408527 0.00646977 0.00038749
0.145971 0.206666 0.251817 -0.00484931 0.006986 0.00014392
0.132519 0.107178 0.13327 -0.00401055 0.00633046 0.00014392
0.135685 0.158096 0.163664 -0.00350919 0.00622073 0.00027226
0.148284 0.211293 0.215329 -0.0044494 0.00676292 0.00045664
0.124532 0.0918038 0.0850095 -0.00367017 0.00622073 0.00014392
0.113073 0.105627 0.156124 -0.00419791 0.00669155 0.00014392
0.122044 0.226648 0.284894 -0.00620901 0.00711228 0.00014392
0.121916 0.114197 0.168453 -0.00444403 0.00622074 0.00024408
0.128434 0.0878554 0.176921 -0.0036842 0.00622074 0.00033498
0.135109 0.177296 0.284213 -0.00531261 0.00733476 0.00035828
0.138268 0.11391 0.178071 -0.00424905 0.00652559 0.00044419
0.129214 0.117071 0.151558 -0.00382134 0.00653726 0.00031752
0.131215 0.230002 0.285497 -0.00529336 0.00704872 0.00044893
0.136022 0.187391 0.203311 -0.00450543 0.00653726 0.00034873
0.131564 0.122315 0.143156 -0.00381007 0.00645077 0.00024003
0.137261 0.178504 0.205163 -0.00406007 0.0067625 0.00026817
0.149537 0.224359 0.29448 -0.00605667 0.0075357 0.00040904
0.147995 0.112696 0.22774 -0.00474413 0.00712217 0.00035454
0.143854 0.0619716 0.139838 -0.0040112 0.00660238 0.00044169
0.13831 0.205032 0.282366 -0.00565782 0.00726457 0.0004738
0.146273 0.175558 0.238413 -0.00490881 0.00678165 0.00030772
0.119503 0.17663 0.380706 -0.00633121 0.00725814 0.00025404
0.136707 0.154262 0.303907 -0.0053067 0.00733977 0.00055932
0.140103 0.207234 0.224866 -0.00422933 0.00693538 0.00060459
0.13152 0.285444 0.386447 -0.00576854 0.00797576 0.00073352
0.137891 0.17687 0.373989 -0.00599909 0.008029 0.00054096
0.140673 0.131607 0.41499 -0.00585251 0.00816105 0.00073352
0.144551 0.215628 0.445597 -0.00647453 0.0085596 0.00073352
0.144291 0.118564 0.319403 -0.00539085 0.0080297 0.00054792
0.139435 0.153208 0.376444 -0.00563387 0.00816405 0.00054606
0.146178 0.235726 0.393774 -0.00604902 0.0081371 0.00073352
0.140042 0.152178 0.299431 -0.00535619 0.0078771 0.00045904
0.13692 0.208964 0.385473 -0.00580022 0.00812337 0.00073352
0.139502 0.257793 0.405127 -0.00647436 0.00813833 0.00061956
0.138064 0.166922 0.321391 -0.00576014 0.00765427 0.00073352
0.139839 0.164635 0.329259 -0.00577325 0.00792202 0.00048679
0.144768 0.259334 0.422768 -0.00694883 0.00845729 0.00055019
0.13213 0.137267 0.299874 -0.00594652 0.00807165 0.00034469
0.126539 0.129872 0.267511 -0.0053296 0.00816869 0.00026207
0.140819 0.253616 0.375308 -0.00720837 0.00897672 0.00026207
0.142611 0.210908 0.316752 -0.00726936 0.0085661 0.00026207
0.140553 0.212508 0.326502 -0.00723775 0.00856057 0.00026207
0.150895 0.278631 0.430164 -0.00881482 0.0088408 0.00061296
0.141807 0.180427 0.264137 -0.00707706 0.00842223 0.0004557
0.137243 0.22222 0.323618 -0.00736938 0.00861233 0.00056023
0.147582 0.205935 0.332249 -0.00719662 0.00887057 0.00039001
0.123184 0.121317 0.236176 -0.00718494 0.00830999 3.659e-05
0.138148 0.173961 0.340318 -0.0082259 0.00944091 0.00010519
0.150709 0.172195 0.27503 -0.00754597 0.00882125 0.00041152
0.131623 0.0731909 0.190663 -0.00646458 0.00801558 0.00018986
0.129339 0.221602 0.308055 -0.0076887 0.00825907 0.00045791
0.144776 0.314957 0.3005 -0.0075569 0.00859594 0.00059882
0.150587 0.131771 0.238393 -0.00718584 0.00859936 0.00062484
0.146127 0.138062 0.309618 -0.00763044 0.00857067 0.00029012
0.148359 0.189665 0.328733 -0.00793268 0.00857067 0.00062484
0.151368 0.135959 0.271075 -0.00623551 0.00836462 0.00062484
0.158915 0.200551 0.358049 -0.00692427 0.00896215 0.00062484
0.159062 0.185976 0.287933 -0.00665587 0.00908273 0.00062484
0.158387 0.135311 0.186729 -0.00600418 0.00882039 0.00040935
0.158686 0.155162 0.260015 -0.0065154 0.00909344 0.00038918
0.171137 0.235574 0.313043 -0.00708013 0.00971418 0.00049079
0.169748 0.138126 0.204443 -0.00614282 0.00911149 0.00038968
0.170784 0.17466 0.265897 -0.00621484 0.00952646 0.00038566
0.16892 0.167898 0.259927 -0.00679797 0.00927646 0.00030287
0.159281 0.0857552 0.193697 -0.00564268 0.00917257 0.00019809
0.130639 0.099323 0.160765 -0.00450864 0.00918459 -0.00012435
0.156405 0.192391 0.192254 -0.00522554 0.00941707 0.00016597
0.16717 0.315987 0.4077 -0.00756247 0.0105126 0.00065246
0.17006 0.10645 0.181235 -0.00529451 0.00976123 0.00053324
0.165922 0.0973293 0.155794 -0.00490498 0.00976123 0.00048742
0.160147 0.211761 0.266179 -0.00658954 0.0100704 0.00045408
0.153721 0.0768131 0.114482 -0.00520089 0.00935604 0.00035235
0.152837 0.144224 0.211335 -0.00548824 0.00976123 0.00034262
0.153779 0.169352 0.199394 -0.00589579 0.0098621 0.00038626
0.154403 0.105261 0.163795 -0.00550019 0.00976123 0.00010369
0.155427 0.24661 0.341371 -0.0065098 0.0103953 0.00023411
0.150942 0.249202 0.416498 -0.0071597 0.0099905 0.000591
0.137994 0.13264 0.343379 -0.00643102 0.00976123 0.00061764
0.144085 0.244299 0.459858 -0.00780045 0.00976123 0.00059515
0.120108 0.383925 0.635231 -0.0100882 0.0101947 0.00089725
0.0854822 0.244192 0.721386 -0.00922433 0.0102981 0.00100213
0.084709 -0.0405026 0.586933 -0.00664312 0.00922981 0.00093959
0.0839243 -0.044768 0.570558 -0.00590504 0.00936139 0.00096328
0.0816047 0.100989 0.568288 -0.00621041 0.00915027 0.00064585
0.0868 0.242098 0.547994 -0.00677235 0.00936539 0.00068319
0.0932615 0.330013 0.540413 -0.00704417 0.00953462 0.00071208
0.0992871 0.374221 0.573969 -0.00775722 0.00975685 0.00072848
0.0912703 0.418169 0.726287 -0.009328 0.0100744 0.00102087
0.0855588 0.341089 0.489566 -0.00637072 0.00936598 0.00073263
0.082142 0.370443 0.699884 -0.00781944 0.008972 0.00131334
0.0786266 0.135087 0.565056 -0.00564 0.00850741 0.00120702
0.0867088 0.141487 0.783141 -0.00664363 0.00976071 0.0011282
0.0830399 0.132185 0.725754 -0.00539863 0.00913181 0.00119867
0.0783423 0.183071 0.630023 -0.00586001 0.00873849 0.0011782
0.0835368 0.194915 0.613876 -0.00586001 0.0084997 0.00129028
0.0809878 0.0922924 0.493777 -0.00426762 0.00856713 0.00114878
0.0905603 0.165409 0.505331 -0.0045425 0.00903262 0.00105756
0.0959164 0.187491 0.43023 -0.00432603 0.00914798 0.00084837
0.113115 0.376148 0.660798 -0.00584678 0.00889514 0.00135133
0.12224 0.334876 0.627654 -0.0066726 0.00859332 0.00100374
0.0690516 0.116065 0.43418 -0.00500735 0.00716536 0.00082293
0.0382985 0.110842 0.385337 -0.00455862 0.00660743 0.00066984
0.0615629 0.125007 0.459695 -0.00615423 0.00728402 0.00096905
0.052597 0.128541 0.440577 -0.00545053 0.00743399 0.00095783
0.0525516 0.117011 0.370056 -0.00462927 0.00709696 0.00106769
0.0752674 0.255274 0.62066 -0.00631359 0.00750787 0.00147527
0.046363 0.15941 0.489404 -0.00412294 0.00678536 0.00126197
0.0631056 0.255104 0.721754 -0.0060066 0.00787107 0.00126197
0.0663225 0.339005 0.851326 -0.00780107 0.0084672 0.00126197
0.0738613 0.257284 0.897594 -0.00836267 0.00852062 0.00126197
0.0680957 0.216755 0.969277 -0.00861119 0.00852062 0.00126197
0.0659069 0.306166 1.01218 -0.00950832 0.00784421 0.0015399
0.0771859 0.178304 0.901566 -0.00851738 0.00803442 0.00133106
0.0655172 0.172187 0.908789 -0.00851168 0.00822604 0.00126197
0.0669801 0.317003 1.03436 -0.0101897 0.00803708 0.00126197
0.0914097 0.218823 0.915262 -0.00969629 0.00787769 0.00116822
0.0808588 0.181769 0.917576 -0.00923008 0.00825721 0.00126197
0.0713401 0.330361 0.995973 -0.0103242 0.00807973 0.00126197
0.0883288 0.261549 0.85908 -0.00944211 0.00838524 0.00089273
0.0919323 0.262916 0.886153 -0.00950551 0.00827077 0.00102925
0.087279 0.369209 0.923377 -0.0103004 0.00803132 0.00110602
0.0988895 0.238255 0.832256 -0.00913262 0.00824621 0.00111151
0.0972244 0.259848 0.867748 -0.00950483 0.00833813 0.00112492
0.0835787 0.360356 0.96304 -0.0107008 0.00800327 0.00126197
0.0902207 0.188517 0.847216 -0.00938629 0.00829466 0.00099086
0.068772 0.169646 0.844365 -0.00885011 0.00811912 0.00107717
0.0878245 0.32125 1.00525 -0.011281 0.00795034 0.00126197
0.0961174 0.226345 0.903446 -0.0103585 0.00818423 0.00126197
0.0926657 0.279019 0.944776 -0.0113183 0.00878518 0.00142452
0.1042 0.389988 1.00461 -0.0128542 0.00873863 0.001414
0.124183 0.308775 0.853608 -0.0118374 0.00855917 0.00125493
0.112964 0.337516 0.861653 -0.0121715 0.00903266 0.00122324
0.110302 0.45545 0.979919 -0.0131381 0.0087411 0.00149035
0.115611 0.262762 0.894578 -0.0106923 0.00897135 0.00162377
0.0955014 0.373651 0.879895 -0.0115129 0.00716427 0.00175741
0.0940403 0.202919 0.772953 -0.00938092 0.00701491 0.00167015
0.093464 0.181439 0.8097 -0.00913766 0.00736278 0.00160389
0.105184 0.316456 0.927024 -0.0112085 0.00742556 0.00177147
0.122046 0.227822 0.694505 -0.00943311 0.00778487 0.0014523
0.0915242 0.196587 0.550143 -0.0079479 0.00649717 0.00145478
0.0893478 0.271849 0.540489 -0.00774354 0.00630019 0.00160854
0.0732187 0.353691 0.684079 -0.00871456 0.00585478 0.00173547
0.0744227 0.293107 0.669798 -0.00840933 0.00560813 0.00157585
0.0793714 0.216747 0.640746 -0.00795246 0.00569225 0.00147818
0.0795878 0.302716 0.752375 -0.00901601 0.00569425 0.00160283
0.0796635 0.198992 0.606261 -0.00782796 0.00546115 0.00143686
0.0789362 0.210857 0.678686 -0.00806697 0.00560813 0.00154226
0.0824702 0.255591 0.722803 -0.008798 0.00579889 0.00173547
0.0820081 0.171498 0.648658 -0.00840432 0.005918 0.00173547
0.0819124 0.294667 0.827432 -0.0111512 0.00639622 0.00173547
0.0896279 0.261253 0.732401 -0.0102724 0.00594301 0.00173547
0.0882768 0.215502 0.690135 -0.00966222 0.00608304 0.00173547
0.0784304 0.275997 0.758024 -0.0100479 0.0059233 0.00163041
0.0787176 0.254143 0.739346 -0.0100325 0.0054448 0.00142111
0.0664023 0.188657 0.670943 -0.00870319 0.00537775 0.00136735
0.0556372 0.305974 0.784381 -0.00990509 0.00540974 0.00152895
0.0666184 0.22718 0.670141 -0.00840088 0.00540773 0.00140065
0.0666809 0.168952 0.685831 -0.00872344 0.00581004 0.00123746
0.0638809 0.257874 0.768941 -0.00953558 0.00561851 0.00160173
0.070462 0.171433 0.661086 -0.00837572 0.00562771 0.00130594
0.06746 0.222509 0.722991 -0.00970557 0.00574809 0.00146625
0.0696404 0.306813 0.832389 -0.011342 0.00566241 0.00166733
0.0731283 0.210373 0.711269 -0.00994396 0.00571335 0.00140564
0.069498 0.21387 0.721889 -0.0101513 0.00578785 0.00167423
0.0738709 0.326107 0.789186 -0.0105062 0.00599255 0.0016804
0.0711653 0.2638 0.785988 -0.0109666 0.00549258 0.00147387
0.0691827 0.237909 0.775026 -0.0105992 0.0057223 0.00166666
0.0697064 0.310138 0.797307 -0.0106867 0.00570585 0.00175302
0.0726153 0.214727 0.700646 -0.00965724 0.00564338 0.00162275
0.072814 0.204796 0.731476 -0.00980131 0.00587049 0.0016603
0.0769234 0.265491 0.758003 -0.0100971 0.00602715 0.00172368
0.0727621 0.297642 0.772587 -0.0105753 0.00547329 0.00173547
0.0782572 0.21483 0.70911 -0.00999552 0.00542194 0.00174819
0.063398 0.296065 0.817391 -0.010499 0.00514356 0.00172379
0.0691207 0.246431 0.731413 -0.0101211 0.00532634 0.00179895
0.0686286 0.240875 0.749647 -0.0098796 0.00557423 0.00170445
0.068005 0.340831 0.856908 -0.0111105 0.00534104 0.00184707
0.0682468 0.214041 0.719514 -0.0099585 0.00558496 0.00176863
0.0700531 0.236319 0.793552 -0.0110342 0.00578512 0.00167971
0.0790629 0.292063 0.81536 -0.0116963 0.00605644 0.00167149
0.0797601 0.201649 0.696449 -0.010247 0.00587318 0.00177412
0.0785686 0.304076 0.81343 -0.011648 0.00606128 0.00194446
0.0852625 0.358978 0.817725 -0.0123602 0.00589357 0.00183687
0.0745293 0.265659 0.750803 -0.011255 0.00589357 0.00168202
0.073064 0.298904 0.825531 -0.0119206 0.00589357 0.00187272
0.077469 0.33489 0.79922 -0.0121864 0.00589357 0.00190976
0.0757492 0.25406 0.756821 -0.0111457 0.00589357 0.00179166
0.0686516 0.346761 0.875341 -0.0124101 0.00575561 0.00185375
0.0740101 0.268651 0.749298 -0.0113545 0.00583364 0.00184342
0.0785214 0.20992 0.709611 -0.0106556 0.00627566 0.00170395
0.0682953 0.326277 0.844179 -0.012219 0.00607827 0.00192346
0.0705419 0.27177 0.746056 -0.0110152 0.00578049 0.00179461
0.0686514 0.220352 0.725346 -0.0106407 0.00607826 0.001655
0.0635679 0.317948 0.848513 -0.0119822 0.00572516 0.0018475
0.0609253 0.280101 0.757547 -0.0113657 0.00558412 0.00182814
0.0684252 0.246783 0.741144 -0.0108952 0.00588485 0.00177354
0.0665875 0.345775 0.825851 -0.0119117 0.00600972 0.0018275
0.0660072 0.296552 0.790856 -0.0110509 0.00579423 0.00178499
0.0574881 0.292167 0.945515 -0.0111224 0.00638076 0.00184224
0.0548268 0.370271 0.99711 -0.0112608 0.00656472 0.00225441
0.0670067 0.307289 0.875388 -0.0100907 0.00625438 0.00225441
0.0282219 0.187525 0.841794 -0.00911941 0.00562467 0.00189192
0.0588634 0.226699 0.835139 -0.00917728 0.00685364 0.00188536
0.0643081 0.325917 0.773378 -0.00984762 0.00603974 0.0019053
0.0638863 0.266761 0.666263 -0.00898263 0.00557318 0.00181951
0.0639986 0.230629 0.652988 -0.00851804 0.00588005 0.00174261
0.0667076 0.354737 0.761118 -0.0105257 0.0058733 0.00184564
0.0689146 0.27085 0.684135 -0.0098185 0.0057399 0.00182405
0.0665052 0.198732 0.681299 -0.00954292 0.00597751 0.00178863
0.0617387 0.293921 0.77737 -0.0107353 0.00565582 0.001752
0.0678353 0.220819 0.632164 -0.00942894 0.00549528 0.00172763
0.0665233 0.182947 0.632648 -0.00915765 0.00591711 0.00172763
0.073198 0.276511 0.722984 -0.01014 0.00600542 0.00172763
0.0717414 0.22047 0.65453 -0.00974672 0.00581598 0.00172763
0.0698335 0.177038 0.63522 -0.00945869 0.0059113 0.00172763
0.0640247 0.296541 0.751662 -0.0108409 0.00585602 0.00172763
0.0774617 0.290688 0.669069 -0.0103055 0.00588151 0.00172762
0.0830984 0.234598 0.638909 -0.0100134 0.00568427 0.00172763
0.0714517 0.302304 0.710409 -0.0106536 0.00596651 0.00172763
0.0681015 0.308011 0.663178 -0.0103824 0.00585043 0.00172762
0.0763496 0.212032 0.610451 -0.00942631 0.00573791 0.00161299
0.0690873 0.262651 0.693078 -0.0104438 0.00595577 0.00172762
0.0723682 0.30094 0.702933 -0.0107326 0.00620847 0.00172762
0.0981272 0.203903 0.579383 -0.0100796 0.00666913 0.00172763
0.0930506 0.350679 0.903754 -0.0128371 0.00688737 0.00172762
0.0818421 0.33307 0.943509 -0.0127523 0.0062648 0.0017816
0.0758143 0.137937 0.633182 -0.00929504 0.00593258 0.00172762
0.0614115 0.234526 0.493402 -0.00848169 0.00526547 0.00167539
0.0678178 0.197805 0.394742 -0.00788497 0.0051364 0.00164109
0.0664332 0.21378 0.283104 -0.0064045 0.00525197 0.00137105
0.0690049 0.303267 0.403303 -0.00779957 0.0055363 0.00146484
0.0686033 0.211287 0.336905 -0.00673783 0.00520876 0.00131476
0.0636993 0.259663 0.483486 -0.00799448 0.00555753 0.00132423
0.0685594 0.25192 0.473382 -0.00806791 0.00574478 0.00139751
0.0670108 0.14464 0.412827 -0.0072205 0.00564732 0.00117859
0.0689213 0.264055 0.729795 -0.0099435 0.00642844 0.00130893
0.0841874 0.264768 0.746426 -0.0105347 0.00636651 0.00169356
0.0835277 0.181912 0.681566 -0.0097291 0.00614838 0.00163464
0.0761255 0.274104 0.788703 -0.0106235 0.00637933 0.00153881
0.0799276 0.229263 0.704938 -0.0101641 0.00609669 0.00130893
0.0915702 0.251711 0.684643 -0.00966316 0.00656237 0.00130893
0.0872525 0.346094 0.762301 -0.0109815 0.00685804 0.00143297
0.110718 0.246516 0.605409 -0.00967635 0.00681007 0.00142546
0.10556 0.290415 0.692593 -0.0103943 0.00707371 0.00142132
0.112737 0.345556 0.70685 -0.0109413 0.00707471 0.00147716
0.126217 0.233365 0.579893 -0.00977091 0.0072173 0.00153438
0.132843 0.271629 0.639504 -0.010378 0.0080445 0.00166282
0.117706 0.281958 0.59707 -0.0096122 0.00640556 0.00160388
0.0979329 0.216335 0.553007 -0.010322 0.00612044 0.00125407
0.031955 0.228352 0.675264 -0.0111148 0.00604748 0.00086547
0.0877153 0.227166 0.673296 -0.0108948 0.00633723 0.00130893
0.0679465 0.11054 0.504639 -0.00859512 0.00625882 0.00109953
0.0619074 0.145794 0.551125 -0.00894724 0.00654544 0.00110087
0.0719335 0.246014 0.619318 -0.00947737 0.00679117 0.00120975
0.0699258 0.334059 0.679154 -0.0104891 0.00708711 0.00130893
0.0716891 0.205393 0.578818 -0.00945241 0.00668358 0.00130893
0.0962476 0.242129 0.640459 -0.010256 0.00734854 0.00130893
0.0963357 0.374754 0.786979 -0.0121115 0.0073169 0.00140255
0.0962491 0.272177 0.663056 -0.0107318 0.00739088 0.00130893
0.0865765 0.217223 0.673085 -0.0105503 0.00741677 0.00130893
0.0965743 0.302937 0.801509 -0.0121832 0.00759395 0.001414
0.0962718 0.242221 0.682126 -0.0111561 0.00741553 0.00130893
0.108336 0.217954 0.642889 -0.0108384 0.00737348 0.00139774
0.111488 0.289066 0.710098 -0.0118429 0.00738301 0.00149421
0.106147 0.315874 0.556066 -0.0104578 0.00683984 0.00170721
0.112842 0.233363 0.62806 -0.0101204 0.00690334 0.00164703
0.112163 0.206801 0.611122 -0.00974381 0.00717799 0.0015768
0.113161 0.339257 0.713527 -0.0119703 0.00731764 0.00152118
0.112514 0.295371 0.686089 -0.0117417 0.00711643 0.00159476
0.101908 0.221559 0.507128 -0.00936514 0.00672475 0.00129618
0.111534 0.307454 0.611022 -0.0107344 0.0067961 0.00147927
0.113453 0.260547 0.524778 -0.0100026 0.0067961 0.00149923
0.117525 0.246337 0.534661 -0.0100436 0.00699921 0.00145004
0.117448 0.268502 0.577916 -0.0106696 0.00717507 0.00142962
0.117934 0.331568 0.62191 -0.0112047 0.00732093 0.00149004
0.13262 0.235786 0.460549 -0.00978183 0.00730301 0.0014573
0.146608 0.238355 0.495644 -0.00998493 0.00802456 0.00144319
0.140064 0.324262 0.663478 -0.0117312 0.00784665 0.00157822
0.159397 0.221694 0.580141 -0.0106326 0.00795777 0.00172164
0.158488 0.27193 0.634839 -0.010902 0.00795777 0.00171326
0.153682 0.29125 0.580819 -0.010315 0.00792997 0.00164924
0.1609 0.247744 0.523228 -0.0103024 0.0082067 0.00127023
0.163208 0.336561 0.649823 -0.0119365 0.0084611 0.0013983
0.169251 0.336774 0.602977 -0.0118885 0.00830871 0.00161829
0.189599 0.283426 0.60489 -0.0133179 0.00876743 0.00169389
0.169982 0.307014 0.691604 -0.0140473 0.00902503 0.00168148
0.165406 0.309312 0.691203 -0.013679 0.0091265 0.0016407
0.160965 0.184849 0.587015 -0.0126488 0.00876805 0.00157866
0.166998 0.228577 0.636945 -0.0134639 0.0086859 0.00165788
0.164059 0.440569 0.768726 -0.0167025 0.00918802 0.00243667
0.173921 0.225279 0.613374 -0.013595 0.00960718 0.00249235
0.150396 0.16268 0.647472 -0.0131213 0.00889906 0.00218368
0.136411 0.270294 0.630151 -0.0136697 0.0086883 0.0023248
0.103156 0.493969 1.00949 -0.0168105 0.00845956 0.00254295
0.0943748 0.41612 1.46194 -0.0153927 0.0102868 0.00252379
0.118397 0.136442 1.28578 -0.0146261 0.00940507 0.00298541
0.11602 0.111977 1.02503 -0.0143004 0.00908599 0.00266075
0.115462 0.220791 0.952149 -0.0135908 0.00946437 0.00221828
0.11339 0.335479 0.959431 -0.0141266 0.00960027 0.00222032
0.114009 0.404155 0.97716 -0.0142308 0.00950223 0.00223039
0.116122 0.416626 0.982926 -0.014445 0.00935439 0.00215756
0.11259 0.416092 0.964363 -0.0144557 0.00932989 0.00221569
0.108564 0.383276 0.982964 -0.0144855 0.00931119 0.00207443
0.11436 0.394103 1.02877 -0.0156262 0.0097168 0.00209036
0.105036 0.355519 1.05481 -0.0160986 0.00941061 0.00222569
0.106403 0.136715 0.916306 -0.015128 0.00937688 0.00214009
