0.00424552 0.180622 0.167268 -6.489e-05 -0.00041493 0.00056408
0.00367887 0.212857 0.179676 0.00013624 -0.00025449 0.00058741
-0.00488256 0.164348 0.195926 0.00031488 -0.00047731 0.00070496
-0.00431553 0.118363 0.162508 0.00099101 -0.00053573 0.00086643
0.00811689 0.28408 0.144002 0.00095973 -0.00054501 0.00095497
0.012312 0.21065 0.150752 0.00113912 -0.00049203 0.00095497
-0.00511474 0.183364 0.110662 0.00115761 -0.00062794 0.00095497
-0.00305607 0.278898 0.116421 0.00082241 -0.00060151 0.00100668
-0.0110909 0.138471 0.129686 0.00063991 -0.00082205 0.00111977
-0.0142378 0.250707 0.121097 -0.00014429 -0.00091056 0.00136977
-0.0240973 0.201831 0.104726 0.00109894 -0.00106899 0.00123877
-0.0141082 0.168417 0.108937 0.00113049 -0.00084974 0.00136977
-0.0198999 0.20777 0.0868858 0.00106247 -0.00091163 0.00111977
-0.0211081 0.223533 0.0884513 0.0009067 -0.00085678 0.00121613
-0.0215581 0.182034 0.0884532 0.00103087 -0.00088615 0.00111977
-0.0234094 0.113973 0.0569135 0.00130714 -0.00089806 0.00120281
-0.0262724 0.231868 0.109249 0.00097955 -0.0011203 0.00136977
-0.0216742 0.189503 0.149798 0.00043663 -0.00113703 0.00136977
-0.0140288 0.198721 0.148913 3.259e-05 -0.00099667 0.00136977
-0.00888704 0.193334 0.169849 0.00027557 -0.00102178 0.00153673
-0.00612346 0.244231 0.146926 0.00024418 -0.00108261 0.00165823
0.00330595 0.256326 0.147499 0.00060422 -0.00091268 0.00152631
-0.00091672 0.237809 0.150933 8.635e-05 -0.00094987 0.0014972
-0.0155646 0.189791 0.159167 -0.00021262 -0.00116688 0.0014346
-0.0168096 0.18806 0.152221 -3.713e-05 -0.00110827 0.00136833
-0.0332759 0.32139 0.108266 -0.00024369 -0.00141573 0.00130209
-0.0454351 0.140614 0.12488 0.00217473 -0.00105205 0.00096671
-0.0316624 0.206438 0.137879 0.0019305 -0.00068898 0.00105843
-0.0409487 0.174 0.149625 0.0015028 -0.0011178 0.00099945
-0.0283246 0.116603 0.114083 0.00135263 -0.00108129 0.00119077
-0.0539517 0.0901671 0.15518 0.00270191 -0.00041715 0.00093239
-0.0405892 0.143446 0.236808 0.00209883 -0.00091401 0.00119077
-0.0405146 0.128945 0.167099 0.0017288 -0.00094358 0.00119656
-0.0871043 0.0683367 0.282444 0.0032415 -1.929e-05 0.00134095
-0.0806966 0.0846329 0.306901 0.00243288 -0.00083758 0.00147613
-0.0594682 0.155368 0.281433 0.00182213 -0.0008094 0.00145842
-0.0498027 0.251896 0.31628 0.0005687 -0.0008094 0.00145211
-0.0492237 0.177119 0.310398 0.0007225 -0.0010169 0.00160292
-0.105509 0.0978655 0.387289 0.00398112 0.00056526 0.00113907
-0.116293 0.144775 0.475885 0.00166032 0.00065392 0.00094741
-0.137963 0.125662 0.480015 0.00044708 0.00011032 0.00064137
-0.142743 0.121325 0.418505 0.00102934 -0.00034251 0.00064137
-0.144326 0.11741 0.416441 0.00139559 -0.00061853 0.00095463
-0.188403 0.079915 0.493019 0.00606981 0.00241117 -0.00024653
-0.14156 0.142708 0.464173 0.00285154 0.00114534 0.00034296
-0.115396 0.142128 0.480234 0.00159254 0.00075661 0.00071441
-0.145227 0.079609 0.564062 0.00592837 0.0027045 0.00022538
-0.12887 0.149909 0.468906 0.00408683 0.00185914 0.00038986
-0.171204 0.106087 0.344726 0.00295439 0.0010487 -0.0001359
-0.12983 0.191976 0.374629 0.00252813 0.00075687 0.00061316
-0.173578 0.112821 0.467513 0.00501361 0.00178129 -4.85e-06
-0.155947 0.156522 0.418942 0.00335618 0.00079909 0.00020585
-0.0987911 0.122451 0.293635 0.00333284 0.00040694 0.0009673
-0.1043 0.201552 0.284053 0.00284212 0.00047661 0.00116717
-0.0890079 0.150443 0.203923 0.0027136 -4.76e-05 0.00112735
-0.151784 0.120049 0.322317 0.00455011 0.00102789 0.00061316
-0.102549 0.14745 0.252189 0.00283947 0.00058811 0.00061316
-0.0906982 0.113904 0.155965 0.00260061 0.00024944 0.00098232
-0.0723021 0.238561 0.284234 0.00237049 0.00011885 0.00108923
-0.0812844 0.20902 0.306482 0.00287641 -3.793e-05 0.00108923
-0.140604 0.0721072 0.330948 0.00540379 0.00102934 0.00042718
-0.14171 0.0870834 0.187799 0.00409249 0.00078419 9.37e-05
-0.141559 0.12342 0.169596 0.00361959 0.00056449 0.00032006
-0.183049 0.0459989 0.193375 0.00517812 0.00140451 0.00013028
-0.147627 0.0954644 0.322904 0.0047695 0.00158077 0.00070259
-0.126675 0.134099 0.224789 0.00399129 0.00096757 0.00084616
-0.228181 0.0772953 0.282724 0.00703625 0.0031279 -0.0001411
-0.208949 0.0648859 0.289749 0.0048101 0.00239127 -0.00025877
-0.192733 0.100519 0.214107 0.00433987 0.00196386 4.73e-05
-0.217719 0.0875299 0.166797 0.0041143 0.00199031 -9.206e-05
-0.233836 0.0130041 0.190762 0.00483434 0.00236329 0.00013917
-0.219426 0.118047 0.322168 0.00550965 0.00217389 -0.00014884
-0.179038 0.14408 0.222682 0.00436627 0.00214822 0.00013256
-0.163144 0.107236 0.192675 0.0042726 0.00187484 0.00010736
-0.290533 -0.0292338 0.243232 0.00764889 0.00465921 -0.00089413
-0.210144 -0.0190452 0.353195 0.00461067 0.0030894 -0.00025877
-0.196109 0.0264424 0.304835 0.00374347 0.00256567 6.534e-05
-0.220878 0.064378 0.285263 0.00393102 0.00232463 -0.00025877
-0.226284 0.0812681 0.30405 0.00429649 0.00162973 -0.00025877
-0.200537 0.0968022 0.456504 0.00671863 0.00212344 0.00042175
-0.214801 0.200223 0.478638 0.00539901 0.00257435 -5.455e-05
-0.203793 0.207716 0.351598 0.00420534 0.00200306 -5.455e-05
-0.207409 0.135392 0.286367 0.00419113 0.00127164 -0.00017559
-0.294001 0.0203791 0.44098 0.0074201 0.00333683 -0.00082386
-0.250119 -0.0135814 0.405695 0.00540221 0.00301155 -0.00057699
-0.239417 0.0770233 0.307975 0.00470404 0.00178583 -0.00024603
-0.232362 0.117577 0.2841 0.00445641 0.00178826 -0.00022003
-0.268604 0.00056141 0.415344 0.0063646 0.0026588 -0.00045789
-0.203935 0.120754 0.493552 0.00604658 0.00328486 0.00041292
-0.177286 0.116462 0.444386 0.00570772 0.00268474 0.00071085
-0.160601 0.116217 0.391082 0.00509809 0.00185274 0.00096085
-0.184617 0.149347 0.357717 0.00459695 0.00172239 0.00096085
-0.241282 0.0488686 0.51837 0.0075084 0.00305628 0.00039341
-0.224352 0.0818252 0.493329 0.00695572 0.00274778 0.00036663
-0.222742 0.109935 0.340064 0.00555294 0.00164603 0.00026706
-0.262462 0.0670155 0.407473 0.00792735 0.00235915 -5.923e-05
-0.185767 0.133316 0.478155 0.00665214 0.00237235 0.00070636
-0.199238 0.131459 0.420241 0.00639177 0.00216759 0.00058803
-0.218666 0.056693 0.362791 0.00572566 0.00134372 0.00066875
-0.223707 0.180775 0.337707 0.00499822 0.0011592 0.00085223
-0.249551 0.068888 0.459059 0.00734316 0.0019013 0.00042721
-0.219081 0.0786741 0.504152 0.00641113 0.00163273 0.00086284
-0.211108 0.136881 0.466451 0.00658955 0.00162999 0.00115063
-0.269889 0.0159465 0.475724 0.00946788 0.00241684 0.00019881
-0.256475 0.147565 0.525178 0.00760195 0.00260191 0.00037742
-0.231101 0.169413 0.442815 0.00688411 0.00251389 0.00044611
-0.25509 0.0765484 0.537103 0.00962946 0.00379773 -0.00021308
-0.17436 0.0839573 0.523709 0.00726465 0.00382967 0.00062667
-0.17157 0.0759131 0.385357 0.00697219 0.00241215 0.00087616
-0.195036 0.242335 0.334816 0.00619668 0.00228895 0.00084539
-0.205399 0.179319 0.308432 0.00625357 0.00233238 0.00120473
-0.286422 0.0195359 0.438474 0.0100262 0.00439754 -0.00022675
-0.269483 0.13815 0.539009 0.00768592 0.00286905 -0.00012921
-0.216609 0.135199 0.506655 0.00730223 0.00204894 0.00029978
-0.2584 0.0379813 0.530247 0.00912111 0.00227649 0.00010549
-0.231942 0.123622 0.57397 0.00788128 0.00336236 0.00060643
-0.285641 0.177001 0.612687 0.006842 0.00329302 0.00060643
-0.282601 0.114634 0.580503 0.00777595 0.00263349 0.0002529
-0.341727 0.0551846 0.698789 0.00970208 0.00523682 -0.00102354
-0.319662 0.153705 0.573852 0.00808281 0.00452699 -0.00069197
-0.279634 0.179913 0.538825 0.00797653 0.00338744 -0.00022749
-0.254574 0.151485 0.555612 0.00833763 0.00301637 0.00045398
-0.339077 0.0837411 0.669531 0.00964122 0.00433291 -0.00065841
-0.278883 0.142671 0.709025 0.00772006 0.00371026 0.00021549
-0.260706 0.166726 0.584178 0.00766972 0.00280724 0.00048105
-0.253769 0.152811 0.479089 0.00729534 0.00231437 0.00083817
-0.317144 0.131418 0.652101 0.0102323 0.00318724 0.00033149
-0.310106 0.216511 0.654598 0.00871047 0.00365901 0.00090786
-0.296312 0.229167 0.594271 0.00767666 0.00335758 0.0009754
-0.307686 0.212257 0.636891 0.0072838 0.00310582 0.00086621
-0.353612 0.160901 0.70836 0.0075338 0.00243754 0.00013454
-0.369486 0.148439 0.76645 0.0107198 0.00353456 -0.0002956
-0.315298 0.200113 0.843585 0.00805625 0.00346607 0.00036744
-0.296623 0.214144 0.804039 0.00726104 0.00315982 0.00047272
-0.380553 0.154471 0.955343 0.0119386 0.00408624 -0.0009528
-0.313097 0.203827 0.933893 0.00951796 0.003362 0.00027898
-0.270071 0.253868 0.722419 0.00839187 0.00284165 0.00094364
-0.255675 0.275733 0.720295 0.00823768 0.00290705 0.00119579
-0.258489 0.283753 0.72299 0.0081404 0.00296452 0.00141496
-0.336221 0.253815 0.794345 0.01138 0.00537308 0.00057876
-0.308357 0.193921 0.761908 0.00922644 0.00422468 0.00115077
-0.279162 0.281613 0.715926 0.00886073 0.00324967 0.00165669
-0.293078 0.215907 0.801497 0.0109896 0.00491707 0.00201494
-0.301088 0.232048 0.922427 0.0114629 0.00491472 0.00175711
-0.280717 0.247965 0.848005 0.0107396 0.00360981 0.00175711
-0.288269 0.116122 0.868397 0.0134191 0.00474917 0.00136354
-0.274743 0.178994 0.900708 0.0125164 0.00477168 0.00129515
-0.294967 0.22114 0.849033 0.0116908 0.00437783 0.00139238
-0.29241 0.245711 0.806175 0.010829 0.00423009 0.00129515
-0.276744 0.243275 0.805473 0.0108011 0.00393822 0.00162169
-0.349262 0.22762 0.867268 0.0126924 0.00551622 0.0006153
-0.293931 0.2773 0.823761 0.00993634 0.00464624 0.00131353
-0.26564 0.310511 0.774216 0.00989094 0.00432053 0.00141678
-0.249238 0.250543 0.773961 0.0104184 0.00338517 0.00181028
-0.252721 0.304029 0.692031 0.0102209 0.00314994 0.00181028
-0.299345 0.134066 0.882933 0.0142725 0.00422928 0.00130889
-0.280549 0.17112 0.851633 0.012428 0.00295725 0.00120892
-0.219601 0.169073 0.759073 0.0112315 0.00223609 0.00171767
-0.204864 0.321734 0.612706 0.00961972 0.00167689 0.00185431
-0.295303 0.129158 0.830293 0.0127293 0.00276974 0.00089264
-0.288171 0.239916 0.864064 0.0116805 0.00231572 0.00105549
-0.24528 0.2813 0.68144 0.00992316 0.00194017 0.00124982
-0.265954 0.20906 0.7729 0.00935196 0.00202096 0.00103362
-0.282841 0.188968 0.869725 0.0119851 0.00325189 0.00057632
-0.249289 0.19164 0.743171 0.00931728 0.00059073 0.00150172
-0.249925 0.3298 0.644376 0.00842237 0.00050168 0.00189508
-0.274052 0.207177 0.702981 0.0128027 0.00256774 0.00164336
-0.348091 0.231512 0.835645 0.0121413 0.00327889 0.00050044
-0.298555 0.233363 0.817596 0.0110485 0.00269335 0.0009862
-0.275167 0.290891 0.759527 0.0110485 0.00190046 0.00146714
-0.260242 0.422736 0.705883 0.00994687 0.00172247 0.00146714
-0.228745 0.265809 0.637501 0.00999662 0.00085986 0.00163427
-0.25353 0.222702 0.679053 0.00769109 -0.0001864 0.001911
-0.231353 0.306237 0.65988 0.00779697 -9.886e-05 0.00171714
-0.212671 0.322105 0.63238 0.00811351 -9.269e-05 0.00165818
-0.195267 0.339844 0.61222 0.0078265 -0.00035633 0.00171714
-0.191706 0.291782 0.520626 0.00768486 -0.00059964 0.00146714
-0.171146 0.419228 0.521446 0.00736501 -0.00071733 0.00180578
-0.140612 0.314153 0.415914 0.00736523 -0.00030431 0.00212605
-0.163143 0.221459 0.262621 0.0057137 -0.0002675 0.00214205
-0.148634 0.278216 0.467499 0.00669177 2.833e-05 0.00214324
-0.141312 0.255417 0.455343 0.00754646 5.81e-06 0.00212709
-0.142192 0.263724 0.44405 0.00751325 0.00020605 0.00223482
-0.160626 0.25756 0.478873 0.00737976 0.00015785 0.00206524
-0.164666 0.261211 0.575717 0.00782904 -0.00062633 0.00223482
-0.154448 0.368487 0.572863 0.00743297 -0.00043631 0.00214362
-0.159451 0.30279 0.600415 0.00768191 -0.00069814 0.0024511
-0.149709 0.450114 0.551686 0.00720406 -0.00023857 0.00238957
-0.130555 0.403645 0.561612 0.00735482 -0.00028993 0.00209688
-0.13462 0.335368 0.549584 0.00739203 -0.00041582 0.00230359
-0.12453 0.443917 0.526214 0.00769039 -0.00035237 0.0021058
-0.124616 0.360966 0.51536 0.00747183 -0.0004468 0.00206992
-0.118531 0.264252 0.501316 0.0077403 7.926e-05 0.0023547
-0.132193 0.382311 0.477978 0.0069611 -0.00019527 0.00205962
-0.124472 0.343865 0.563728 0.00674622 -0.00039453 0.00217059
-0.184903 0.212817 0.767557 0.0103378 0.00153844 0.00149824
-0.168715 0.308879 0.640153 0.00833042 0.00150568 0.00186842
-0.159187 0.319105 0.536268 0.00810934 0.00086878 0.00195207
-0.141877 0.328953 0.474905 0.00762838 0.00072693 0.00172971
-0.142439 0.245603 0.499757 0.00781954 0.00030062 0.00196816
-0.21792 0.249818 0.585944 0.00945154 0.00144214 0.00147237
-0.245036 0.327514 0.707138 0.00757218 0.00210113 0.00112964
-0.239553 0.368995 0.631812 0.00643975 0.00239481 0.00107588
-0.231712 0.340102 0.63932 0.0074844 0.00235475 0.00085684
-0.247371 0.230494 0.747191 0.0109622 0.00399868 0.00023895
-0.245261 0.293239 0.8548 0.0089783 0.00355183 0.00061465
-0.177123 0.336597 0.930218 0.00760369 0.00277452 0.00119028
-0.1501 0.299333 0.888761 0.00815745 0.00211354 0.00127196
-0.185868 0.398465 0.76074 0.00770051 0.00228844 0.00111238
-0.301324 0.23405 1.03067 0.0111075 0.00576675 -0.00010113
-0.272364 0.302248 0.948537 0.00707505 0.00350848 0.00046346
-0.253976 0.297336 0.788187 0.00611604 0.0021874 0.00046346
-0.251101 0.342 0.792423 0.00664058 0.00212181 0.00059582
-0.254787 0.282976 0.807438 0.00991761 0.00483579 -7.155e-05
-0.267712 0.377325 0.915347 0.00973952 0.00480343 -0.00015248
-0.255998 0.361434 0.900922 0.00917032 0.00392975 8.29e-06
-0.313099 0.26993 0.943522 0.010988 0.00639436 -0.0010983
-0.311149 0.251583 1.01422 0.00743533 0.0050742 -0.0006701
-0.297627 0.382648 0.986129 0.00796216 0.0043975 -0.00014131
-0.296697 0.281088 1.01585 0.0118658 0.00523821 0.00029956
-0.29076 0.357073 1.12502 0.00982204 0.00563607 -8.172e-05
-0.259427 0.404821 1.14308 0.00856161 0.00504178 0.0004167
-0.297557 0.252368 1.27221 0.0115455 0.00709655 -0.00085959
-0.294497 0.433145 1.194 0.00889833 0.00704509 -0.00077692
-0.254901 0.435795 1.05296 0.00885972 0.00610904 -0.00033749
-0.2313 0.450776 0.994312 0.00885037 0.00579147 -0.0004525
-0.231499 0.41066 1.05638 0.00877403 0.00538084 -0.00026345
-0.31562 0.336491 1.18066 0.00961883 0.00782375 -0.00162769
-0.31638 0.434937 1.14752 0.00760598 0.00671941 -0.00116777
-0.272295 0.46717 1.13521 0.00776554 0.00580131 -0.0005668
-0.339246 0.371016 1.27465 0.00927227 0.00697961 -0.00172911
-0.312341 0.366314 1.29497 0.00658441 0.00701875 -0.00134544
-0.281627 0.370839 1.10725 0.00716429 0.00541735 -0.00088358
-0.244669 0.489282 0.966458 0.00746973 0.00460309 -0.00042027
-0.273842 0.400013 1.07297 0.0103129 0.00619945 -0.00037906
-0.232951 0.489717 1.05878 0.00826974 0.00496037 -0.00018082
-0.184128 0.470507 0.979707 0.00734088 0.00436173 0.00012132
-0.150466 0.425419 0.88854 0.00795171 0.00395629 0.00041492
-0.135421 0.46592 0.852259 0.00823731 0.00376843 0.00089812
-0.181872 0.318116 0.937064 0.0122344 0.00497922 0.00056972
-0.184574 0.466986 1.06868 0.0113571 0.00564055 0.00063967
-0.175412 0.513282 0.923629 0.0092087 0.00474017 0.00089812
-0.209718 0.469406 0.935451 0.00889383 0.00463432 0.00045843
-0.268559 0.37461 0.997221 0.0117568 0.00687057 -0.00013067
-0.226154 0.365884 1.00779 0.010215 0.0054183 0.00026088
-0.220662 0.464613 0.963688 0.0104367 0.00492559 0.00045087
-0.20292 0.614769 0.998235 0.0103472 0.00441185 0.00049441
-0.25671 0.395271 1.09892 0.0110936 0.00689187 -0.00049272
-0.246096 0.431252 0.997717 0.00997636 0.00585628 -0.00034175
-0.20949 0.452131 0.886894 0.00925381 0.00537194 -7.47e-06
-0.201524 0.440571 0.895123 0.00926747 0.0055199 0.00015058
-0.273068 0.313546 0.990727 0.0125684 0.00553373 -0.00049272
-0.240288 0.424059 1.01002 0.010701 0.00579051 0.00035115
-0.230769 0.380976 1.04776 0.00966141 0.00503601 0.00043807
-0.239603 0.505585 0.926987 0.00955067 0.00436087 0.00042164
-0.319279 0.456286 0.872113 0.0119429 0.00549227 -0.00024753
-0.292914 0.434975 0.956809 0.0102529 0.00531421 5.096e-05
-0.274177 0.44462 0.88166 0.0099122 0.00488095 0.00029642
-0.341618 0.340701 0.963945 0.0116994 0.00687813 -0.00079912
-0.301691 0.284865 0.875275 0.0107438 0.00684955 -0.00053911
-0.271612 0.375078 0.754701 0.00956515 0.00564084 -0.00048779
-0.252281 0.401397 0.70791 0.00995362 0.00488182 -0.00045683
-0.22829 0.356566 0.637367 0.00978575 0.00395974 4.107e-05
-0.283859 0.416677 0.689065 0.0108282 0.00649412 -0.00032377
-0.279185 0.470567 0.82905 0.00988194 0.00539904 -0.00062297
-0.239086 0.487141 0.835683 0.00959488 0.00495665 -0.00026931
-0.355325 0.34453 1.03149 0.0133591 0.00661086 -0.00111924
-0.311885 0.394317 1.11283 0.010215 0.00592545 -0.00055965
-0.263997 0.375574 0.897747 0.0102518 0.00409674 -3.25e-05
-0.235339 0.38594 0.797375 0.00955592 0.00304833 0.00026608
-0.205989 0.464904 0.776067 0.00914794 0.00270456 0.00068325
-0.262263 0.273525 0.702447 0.0105699 0.00386275 0.00076891
-0.236552 0.397624 0.822614 0.00837227 0.0038933 0.00113145
-0.203666 0.430363 0.699987 0.00834161 0.00324878 0.00113145
-0.194639 0.385266 0.665751 0.00873382 0.00245269 0.00123256
-0.305542 0.347223 0.874743 0.0109357 0.00595797 0.00045527
-0.24486 0.416523 0.904159 0.00943173 0.00475537 0.0011052
-0.255867 0.443234 0.812289 0.00863624 0.00441405 0.00090267
-0.259543 0.403316 0.763954 0.00960923 0.00436267 0.0007207
-0.24359 0.447234 0.729466 0.00908041 0.00384974 0.00100016
-0.440313 0.346829 0.905488 0.0111404 0.00802162 -0.00054272
-0.260749 0.348469 0.804065 0.00982607 0.00495353 0.00110023
-0.244959 0.363519 0.713928 0.00969547 0.00403152 0.00109943
-0.248489 0.349957 0.774392 0.00944209 0.00367359 0.00099106
-0.252763 0.390035 0.787124 0.00941657 0.00345595 0.00071621
-0.347123 0.29507 1.09953 0.0120997 0.0055893 -0.00024086
-0.241403 0.327363 1.07084 0.00909433 0.00374368 0.00082443
-0.220168 0.337515 0.932932 0.00894609 0.00237636 0.00105368
-0.228112 0.327892 1.01387 0.0119137 0.0045172 0.00086049
-0.197909 0.382812 1.28552 0.00886799 0.00575278 0.00094453
-0.158525 0.439004 1.0504 0.00976276 0.0045819 0.00106738
-0.2755 0.336215 1.02451 0.0125278 0.00654751 -4.746e-05
-0.232625 0.280489 1.11695 0.0104391 0.00473663 0.00050738
-0.245227 0.506783 0.92932 0.0102836 0.00403885 0.00027557
-0.205521 0.436588 0.924216 0.0107774 0.00401164 0.00084743
-0.286462 0.392504 1.09526 0.0124825 0.00665616 -0.00023829
-0.213409 0.437251 1.07024 0.00930824 0.00405316 0.00053594
-0.138031 0.367477 0.844059 0.00802875 0.00264035 0.00066904
-0.135005 0.606457 0.904595 0.00709468 0.00258791 0.00093478
-0.317998 0.389135 1.28379 0.0113874 0.00592134 -0.00109686
-0.222926 0.408725 1.39168 0.00790835 0.00422885 -0.00012814
-0.218621 0.542881 1.18947 0.00880575 0.00379628 0.00041154
-0.194519 0.711846 1.1246 0.00924322 0.00339173 0.00080962
-0.175971 0.589059 1.06259 0.00933689 0.0035092 0.00080962
-0.279227 0.408839 1.25159 0.0149639 0.00494945 -0.00067183
-0.230089 0.447589 1.20303 0.0101156 0.00534281 0.0006759
-0.168166 0.479997 1.05584 0.0098026 0.00380247 0.00115407
-0.139861 0.424385 1.15392 0.0105777 0.00326377 0.0011773
-0.195778 0.510182 1.19138 0.0121824 0.0050732 0.00103664
-0.179052 0.482728 1.34304 0.00872243 0.00445073 0.00121968
-0.176364 0.659921 1.0587 0.00965485 0.00270784 0.00115118
-0.251003 0.5337 1.15908 0.0126483 0.00487819 0.00075618
-0.24768 0.520971 1.30114 0.00943048 0.00581682 0.00109834
-0.214196 0.502458 1.2134 0.00969586 0.00516365 0.0012773
-0.255323 0.341196 1.30286 0.0130362 0.0055453 0.00123557
-0.264786 0.38014 1.398 0.00954134 0.00568888 0.00121124
-0.230504 0.420412 1.34486 0.00995701 0.00457301 0.00139657
-0.278527 0.30244 1.33654 0.0137135 0.0055466 0.00081543
-0.183152 0.507461 1.37426 0.0106784 0.00458038 0.00173596
-0.134963 0.52982 1.27492 0.00985872 0.00366775 0.00164066
-0.113165 0.670727 1.23845 0.00970255 0.00274097 0.00165082
-0.236025 0.482216 1.46771 0.014409 0.00546097 0.00162154
-0.198249 0.549335 1.47007 0.0110381 0.00420915 0.00200178
-0.191573 0.518723 1.40851 0.00999802 0.00439412 0.00173659
-0.166082 0.495548 1.38522 0.0105075 0.0037985 0.00161968
-0.139471 0.500764 1.23032 0.0113753 0.00301072 0.00193771
-0.227453 0.330988 1.10372 0.0125378 0.00386718 0.00118251
-0.174604 0.543634 1.07883 0.0088437 0.00280364 0.00142237
-0.159059 0.576154 1.09121 0.00935024 0.00263588 0.00146423
-0.210064 0.520674 1.13069 0.0103365 0.00274107 0.00093793
-0.196092 0.510679 1.18898 0.0108436 0.00232101 0.00093793
-0.240552 0.477199 1.28857 0.0125192 0.00437998 0.0010739
-0.269702 0.557386 1.51066 0.00908604 0.00379958 0.00084112
-0.240195 0.618068 1.40573 0.00964034 0.00367786 0.00110419
-0.199963 0.646655 1.34408 0.0100247 0.0030488 0.00104944
-0.174124 0.563197 1.33604 0.0106021 0.00310716 0.00131684
-0.282079 0.472776 1.652 0.0117084 0.00429658 0.00068793
-0.310836 0.508674 1.74434 0.00900669 0.00379394 0.00068793
-0.240176 0.532535 1.51391 0.00929981 0.00393142 0.00134658
-0.209815 0.533039 1.3716 0.00964533 0.00298934 0.00178113
-0.181117 0.491881 1.37748 0.0101236 0.00226297 0.00194718
-0.146592 0.538782 1.4393 0.00987258 0.00142593 0.00192777
-0.138499 0.6088 1.33078 0.0108766 0.00080379 0.00208901
-0.1135 0.724941 1.38884 0.0114246 0.00135159 0.00220235
-0.0850537 0.692643 1.41109 0.0107732 0.00134952 0.0021443
-0.0749116 0.67723 1.40928 0.0103286 0.00153072 0.0021443
-0.0672703 0.629413 1.42781 0.0100259 0.00118004 0.00228586
-0.0655776 0.669771 1.40543 0.00983701 0.00141171 0.00230686
-0.0661077 0.667408 1.4052 0.00993645 0.00157857 0.0021443
-0.0632512 0.61085 1.47557 0.00946514 0.00136349 0.0022495
-0.051249 0.697267 1.49301 0.00893241 0.00177557 0.00248661
-0.052863 0.684567 1.43724 0.00933052 0.00222266 0.00235552
-0.0459853 0.688138 1.40358 0.0093557 0.00229312 0.00237242
-0.0242353 0.653109 1.43351 0.00892613 0.00198429 0.00241327
-0.0417496 0.671348 1.40687 0.00931368 0.00154152 0.00241719
-0.0433921 0.755128 1.40518 0.00913175 0.00151728 0.00233445
-0.020192 0.747299 1.39994 0.00823211 0.00187991 0.00245903
-0.0237435 0.697856 1.42942 0.00766843 0.00162165 0.00262596
-0.0524413 0.659164 1.43377 0.00857209 0.00087796 0.0021443
-0.0349507 0.820986 1.35607 0.00911081 0.000594 0.00237709
0.00428893 0.777241 1.31659 0.00909539 0.00063108 0.00262912
0.00843421 0.770928 1.33466 0.00887848 0.00069835 0.00241459
0.0099379 0.726156 1.35346 0.00885519 0.00081427 0.00254157
-0.0264668 0.750102 1.31963 0.00928495 0.0007127 0.00229258
-0.120662 0.661012 1.48484 0.0127423 0.00380486 0.00108228
-0.108271 0.54274 1.4665 0.00900964 0.00204743 0.00065992
-0.0783165 0.681201 1.31325 0.0102892 0.0015332 0.00075546
-0.105797 0.572124 1.37785 0.0146582 0.00382154 0.00075546
-0.0642875 0.582935 1.14513 0.0106663 0.00282243 0.00165384
-0.0802294 0.791663 1.12612 0.0110632 0.00195641 0.00132413
-0.0703568 0.755272 1.15935 0.0120923 0.00084995 0.00132413
-0.0859697 0.732887 1.1848 0.0122126 0.00150553 0.00132413
-0.148855 0.645387 1.28468 0.0162018 0.0034743 0.00127454
-0.129889 0.76635 1.46298 0.0130736 0.00290544 0.00095752
-0.109147 0.796048 1.36628 0.0127662 0.00226707 0.00086577
-0.21193 0.673014 1.40186 0.015193 0.00432006 -0.00034737
-0.154915 0.626483 1.45796 0.0126207 0.00285328 0.0003852
-0.132396 0.699902 1.41467 0.0118751 0.00219526 0.00080255
-0.127462 0.855143 1.52052 0.0102174 0.00149517 0.00110914
-0.211478 0.638775 1.76049 0.0118313 0.0040511 0.0002057
-0.105178 0.80619 1.62529 0.00966366 0.00274584 0.00062837
-0.0733391 0.852629 1.37098 0.0105317 0.00230419 0.00040996
-0.179238 0.819593 1.46294 0.0131601 0.0037315 -0.00026936
-0.107213 0.739493 1.61709 0.00698283 0.00249465 2e-06
-0.0594833 0.722948 1.62294 0.00665431 0.00183972 0.00033305
-0.118772 0.683822 1.7705 0.0106099 0.00376418 0.00033961
-0.101353 0.820824 1.81978 0.00918859 0.00204778 0.00040023
-0.0808699 0.883247 1.67936 0.00806188 0.00202164 0.00050075
-0.0553296 0.834499 1.60128 0.00854479 0.00178988 0.00057358
-0.0640618 0.918851 1.47156 0.00981737 0.00189405 0.00047206
-0.175401 0.798763 1.50662 0.0145841 0.00413784 9.265e-05
-0.107723 0.73723 1.59312 0.0115002 0.00295734 0.00054585
-0.0940464 0.795586 1.53275 0.0119655 0.0024354 0.00055612
-0.085514 0.896113 1.48265 0.0115135 0.00263216 0.00072474
-0.094212 0.720375 1.51474 0.0137467 0.00283294 0.00144176
-0.168882 0.747232 1.6523 0.0119923 0.0046691 0.00083846
-0.131686 0.666402 1.60333 0.00846129 0.00385676 0.00066557
-0.137047 0.754927 1.43887 0.0107367 0.00401829 0.00079862
-0.142685 0.690648 1.39102 0.0121523 0.00384063 0.00039937
-0.278712 0.596487 1.52181 0.0127174 0.00632433 -0.00058106
-0.183702 0.649169 1.48451 0.0110644 0.00428657 0.00019878
-0.180352 0.700961 1.45293 0.0112682 0.00487553 0.00050964
-0.170696 0.792668 1.37954 0.0118017 0.0044186 0.00058166
-0.151378 0.951814 1.32897 0.0126831 0.00355485 0.00101058
-0.31113 0.655183 1.45048 0.0154433 0.00500726 -0.00014606
-0.234825 0.721367 1.42271 0.0124552 0.00475361 0.00022621
-0.216523 0.805293 1.36433 0.0123051 0.00467055 0.00030861
-0.227384 0.809244 1.3489 0.0119445 0.0043417 0.00034915
-0.22107 0.576959 1.44521 0.0143611 0.00391943 0.00089847
-0.26211 0.84653 1.54743 0.0140585 0.00308497 0.00077475
-0.193419 0.731083 1.44821 0.0115431 0.00332304 0.00082565
-0.148304 0.807169 1.32998 0.0133715 0.00217628 0.00108186
-0.313753 0.603099 1.4729 0.0157339 0.00396945 -0.0001626
-0.204075 0.549237 1.54816 0.01149 0.00330043 0.00018799
-0.184089 0.639393 1.44925 0.0119756 0.00322869 0.00075143
-0.229955 0.598401 1.43656 0.0152455 0.00527634 0.0007836
-0.176151 0.678722 1.38444 0.0134604 0.00400317 0.00074186
-0.143995 0.78262 1.35488 0.0142259 0.00280176 0.00097516
-0.242753 0.648584 1.43653 0.0155398 0.00485708 0.00039206
-0.162851 0.810572 1.48711 0.0127174 0.00358997 0.00075191
-0.149142 0.823939 1.4207 0.0130871 0.0027359 0.00083602
-0.200087 0.714147 1.29554 0.0156255 0.00421492 0.00062477
-0.188733 0.780529 1.44117 0.0134524 0.0037268 0.00058294
-0.158058 0.780307 1.33803 0.0133 0.00375033 0.00078408
-0.127637 0.761991 1.39888 0.0134985 0.00280008 0.0009543
-0.271257 0.563408 1.49323 0.0170924 0.00422503 0.00071914
-0.219837 0.670922 1.57262 0.013512 0.00442021 0.00079296
-0.243277 0.710433 1.45467 0.0146012 0.00367942 0.00062834
-0.347863 0.659025 1.41668 0.0170776 0.00505946 8.014e-05
-0.298637 0.749276 1.5362 0.0147579 0.00520423 0.0002214
-0.267564 0.722113 1.46265 0.0143649 0.00436751 0.00055493
-0.260081 0.953704 1.47289 0.0148474 0.00436504 0.00054163
-0.233013 0.903294 1.47918 0.0150947 0.0040414 0.00082379
-0.277511 0.620549 1.53815 0.0175523 0.00523045 0.00098808
-0.245064 0.726045 1.46011 0.0159335 0.00523841 0.00093565
-0.167471 0.770273 1.4044 0.0162268 0.00336368 0.00145132
-0.158935 0.661181 1.40548 0.0147375 0.00289022 0.00145132
-0.261612 0.543733 1.54345 0.0174166 0.00409827 0.00100774
-0.222735 0.734857 1.63976 0.014911 0.00402069 0.00100774
-0.170788 0.849644 1.54502 0.0149487 0.00398998 0.00116273
-0.138083 0.893356 1.54671 0.0136797 0.00386607 0.00117235
-0.123288 0.887508 1.61473 0.0130018 0.00347416 0.00115472
-0.223366 0.781281 1.73602 0.0138789 0.00440393 0.00100774
-0.165797 0.958892 1.77303 0.0102544 0.00385294 0.0013294
-0.176991 0.943278 1.65733 0.0117156 0.00374703 0.00100774
-0.134176 0.871241 1.69893 0.0115407 0.00344244 0.00126976
-0.227799 0.809383 1.64406 0.0144442 0.00440448 0.00045964
-0.162065 0.807941 1.70905 0.00982506 0.00322721 0.00057185
-0.134668 0.821312 1.69788 0.00955913 0.00311744 0.00100774
-0.107334 0.793885 1.73 0.010469 0.0022557 0.00100774
-0.101232 0.965787 1.63415 0.0108456 0.0021537 0.0011833
-0.195485 0.744849 1.70102 0.0127939 0.00344518 0.00054893
-0.13123 0.926973 1.64373 0.010424 0.00305634 0.00114991
-0.104315 0.87718 1.54912 0.010612 0.00245075 0.00100774
-0.0774586 0.883656 1.53664 0.0108139 0.0020726 0.00128733
-0.0759205 0.873044 1.49297 0.0116902 0.00182907 0.00119087
-0.176283 0.676915 1.70263 0.0127252 0.00238222 0.00159052
-0.139133 0.767781 1.51369 0.0132298 0.00182015 0.00145628
-0.10328 0.949601 1.43536 0.0137511 0.00130628 0.00145628
-0.10846 0.989861 1.42067 0.0136312 0.00150835 0.00145628
-0.230161 0.821374 1.48106 0.0138473 0.00394469 0.00051436
-0.16824 0.744854 1.45141 0.010811 0.00345879 0.00078332
-0.141002 0.857415 1.43499 0.0112838 0.00348482 0.00082332
-0.128033 0.887695 1.38768 0.012129 0.00314711 0.00089389
-0.185815 0.842755 1.409 0.0149311 0.00297896 0.00125122
-0.117637 1.01769 1.39282 0.0141836 0.00257872 0.00171579
-0.120702 1.01227 1.34103 0.01401 0.00220544 0.00178953
-0.110355 0.979525 1.36702 0.0139116 0.00210186 0.00170713
-0.225663 0.806644 1.54692 0.0157345 0.00398952 0.00106967
-0.211961 0.812969 1.51729 0.0141115 0.00372753 0.00093576
-0.174782 0.828737 1.37822 0.0148389 0.00292696 0.00155616
-0.159968 0.986754 1.27898 0.0154464 0.0029175 0.00179968
-0.159658 0.927935 1.31927 0.01501 0.00259031 0.00168638
-0.247325 0.804048 1.35823 0.0162483 0.00379953 0.00162049
-0.228704 0.830892 1.35007 0.0145285 0.00319412 0.00149203
-0.183607 0.902682 1.28029 0.0144056 0.00289427 0.00171975
-0.16379 0.876931 1.1672 0.0147147 0.00212783 0.00196989
-0.156988 0.964019 1.16241 0.0144016 0.00210193 0.00199274
-0.290635 0.802063 1.31897 0.0155498 0.00450905 0.00085905
-0.277954 0.773808 1.33226 0.0142921 0.00403302 0.00087264
-0.2496 0.952959 1.24054 0.0146423 0.00316431 0.00113055
-0.298648 0.891188 1.33208 0.0174443 0.00422895 0.00088101
-0.239756 0.848549 1.37404 0.016146 0.00410298 0.00081237
-0.259313 0.898223 1.25399 0.0158137 0.00352851 0.00087948
-0.24047 1.0053 1.32054 0.0154871 0.0030407 0.00109528
-0.311827 0.750099 1.45127 0.017295 0.00373326 0.00078854
-0.271065 0.883022 1.43523 0.0158912 0.00298826 0.00085779
-0.258039 0.90525 1.3513 0.0153152 0.00320915 0.00085779
-0.235493 0.786838 1.38855 0.0160082 0.00406161 0.00191865
-0.303855 0.888567 1.59816 0.0154207 0.00431916 0.00128222
-0.322545 0.98379 1.64484 0.0125848 0.00457264 -6.798e-05
-0.30314 1.00173 1.51951 0.0135144 0.00375941 -3.948e-05
-0.288201 0.977413 1.50009 0.013088 0.00395269 0.00012786
-0.378352 0.812151 1.55233 0.0160895 0.00443094 -7.917e-05
-0.371569 0.775629 1.59297 0.012841 0.00426502 -0.00052311
-0.313873 0.924311 1.47205 0.0136844 0.003192 3.01e-05
-0.297086 0.92392 1.43323 0.0141228 0.00373446 0.00035709
-0.281008 0.88639 1.45558 0.0140333 0.0029999 0.00035709
-0.33989 0.868625 1.4215 0.0159292 0.00446118 0.00035709
-0.366461 0.863196 1.448 0.012497 0.00530023 -0.00033745
-0.347008 0.876964 1.37551 0.0131615 0.00495309 6.6e-06
-0.446266 1.03217 1.39626 0.0139847 0.00715456 -0.00060718
-0.389412 0.812968 1.45261 0.0109662 0.00680709 -0.00041737
-0.388282 0.788412 1.43787 0.012576 0.00592016 -0.0007137
-0.37433 0.798846 1.45044 0.0127013 0.00536532 -0.00063445
-0.422957 0.856548 1.40143 0.014183 0.00713921 -0.00079361
-0.374811 0.839579 1.43084 0.0121738 0.0058701 -0.00066274
-0.346159 0.899893 1.38399 0.0130784 0.00515824 -0.00048878
-0.344173 0.884311 1.36375 0.0128477 0.00456644 -0.00048043
-0.296893 0.99185 1.25619 0.0129996 0.00385729 -1.536e-05
-0.315598 0.910392 1.04863 0.0139453 0.00362647 0.00041875
-0.285131 0.972155 1.21748 0.0121118 0.00367331 0.00041875
-0.252447 0.905241 1.23383 0.0123898 0.00348263 0.00086564
-0.265427 0.861063 1.20817 0.012566 0.00329041 0.00071845
-0.254986 1.04374 1.21486 0.0132391 0.00331656 0.00057431
-0.25103 0.971695 1.18752 0.0131049 0.0032046 0.00054154
-0.238732 0.953249 1.18859 0.012761 0.00291601 0.00074156
-0.216096 0.969872 1.18872 0.012761 0.00273736 0.00098496
-0.217353 0.994299 1.17796 0.0132497 0.00298024 0.00101672
-0.213233 0.991849 1.18947 0.0133311 0.00272633 0.00101672
-0.213505 0.952103 1.1933 0.0131542 0.00245232 0.00101672
-0.232712 1.017 1.17756 0.0132475 0.00216258 0.00080798
-0.206557 1.11263 1.17811 0.012761 0.00234044 0.00096256
-0.192199 0.965454 1.07194 0.0130547 0.00264593 0.00126672
-0.201128 1.07895 0.976672 0.0129702 0.00299643 0.00101672
-0.192599 1.01671 0.890054 0.0129702 0.00249885 0.00126672
-0.150422 0.832774 0.85783 0.0126656 0.00205788 0.00139644
-0.158072 1.04019 0.832581 0.012447 0.00200775 0.00144519
-0.166526 0.991062 0.812694 0.0123264 0.00185101 0.00157592
-0.204697 0.952229 0.793906 0.0115393 0.00294924 0.00090828
-0.206589 0.850145 0.877839 0.0106612 0.00286108 0.00083632
-0.216712 1.01029 0.802084 0.0101418 0.00516488 0.00120554
-0.229393 1.11068 0.885756 0.0101496 0.00532114 0.00101672
-0.256194 1.088 0.92008 0.0106807 0.00384301 0.00067511
-0.222036 0.989085 1.0608 0.0102994 0.00286742 0.00041776
-0.190447 1.00276 1.0047 0.0103601 0.00365753 0.00065931
-0.17326 1.081 0.873413 0.0106186 0.00320896 0.00074633
-0.165997 0.908029 0.983982 0.0129229 0.00307105 0.00150339
-0.161658 1.06155 0.901913 0.0132392 0.00312017 0.00146228
-0.173448 1.00679 0.910828 0.0136886 0.00293926 0.00113714
