-0.0264908 0.14612 0.314586 -0.00246616 -0.00185359 0.0014846
-0.0314711 0.168959 0.333331 -0.00295285 -0.00229033 0.00142525
-0.0363211 0.136458 0.309642 -0.00173039 -0.00235712 0.00148168
-0.0312625 0.150995 0.319596 -0.0015334 -0.0029403 0.00131856
-0.0267341 0.230059 0.275325 -0.0012055 -0.00291923 0.00139536
-0.0187806 0.184818 0.253782 -0.00099171 -0.00287207 0.00116696
-0.0318267 0.116867 0.291317 -0.00177707 -0.00298812 0.00089858
-0.0318498 0.167582 0.296985 -0.00187963 -0.00307612 0.00094387
-0.0248908 0.282235 0.278672 -0.00129086 -0.00319492 0.00085211
-0.0213651 0.171916 0.296507 -0.00175539 -0.00324332 0.00080131
-0.0250833 0.114021 0.34145 -0.00254225 -0.00335382 0.00101292
-0.0227729 0.226858 0.316445 -0.00245031 -0.00309728 0.00119519
-0.0145192 0.174217 0.278035 -0.00217625 -0.00323959 0.00088984
-0.0194312 0.109645 0.33051 -0.00270276 -0.00320491 0.00089859
-0.00836428 0.18197 0.34042 -0.00298682 -0.0032869 0.00087318
0.00484248 0.176061 0.31317 -0.00307549 -0.00316143 0.00062386
0.00105859 0.158909 0.295358 -0.0027056 -0.00310605 0.0006405
-0.00487873 0.130973 0.30871 -0.002818 -0.00334379 0.00058715
-0.0121433 0.165969 0.308959 -0.00284682 -0.00329155 0.00081506
-0.0207396 0.238361 0.283923 -0.00236066 -0.00335261 0.00095246
-0.014839 0.199522 0.277627 -0.00278426 -0.00337369 0.00092365
-0.013846 0.142725 0.334652 -0.00349953 -0.003264 0.00068783
-0.0109307 0.150971 0.392481 -0.00441526 -0.00402983 0.00108522
-0.00427307 0.293125 0.320493 -0.00468301 -0.00308257 0.00106916
-0.00973251 0.217656 0.278224 -0.00443097 -0.00234251 0.00075384
-0.0179291 0.0983225 0.161989 2.858e-05 -0.00177651 0.00096789
-0.0200988 0.10492 0.145875 -0.00125755 -0.00166187 0.0010567
-0.0297948 0.0731612 0.268502 -0.00314501 -0.00244073 0.00110449
-0.0232988 0.180991 0.277417 -0.0031497 -0.0023738 0.00135436
-0.0230221 0.262464 0.243859 -0.00292537 -0.00259183 0.00143415
-0.0234372 0.201469 0.243866 -0.00257587 -0.00280853 0.00128831
-0.0408748 0.120503 0.295497 -0.00312228 -0.00337824 0.00133087
-0.0453528 0.24548 0.295432 -0.0028829 -0.00320918 0.00160879
-0.0496123 0.213829 0.296333 -0.00309317 -0.00317044 0.00193993
-0.0413618 0.153614 0.285989 -0.00305811 -0.00337926 0.00146669
-0.0244514 0.136969 0.377851 -0.00403638 -0.00262284 0.00170855
0.0549422 0.379264 0.389559 -0.00407059 -0.00260466 0.00177137
0.122773 0.336514 0.494982 -0.00653982 -0.00334254 0.00224444
0.0926125 0.0758588 0.516992 -0.00691068 -0.00361333 0.0021664
0.13138 -0.131454 0.569375 -0.00693661 -0.00150308 0.001238
0.15964 -0.0514549 0.625644 -0.00794941 -0.00073795 0.00110067
0.149129 -0.0169597 0.678936 -0.00910397 -0.00202852 0.00136664
0.129727 0.160089 0.642115 -0.0102708 -0.00228452 0.00096673
0.0788163 0.201333 0.659942 -0.00988603 -0.0016982 0.00067372
0.0579754 0.165358 0.925528 -0.011139 -0.00127633 0.00109241
0.0892761 0.352786 1.06424 -0.0101263 0.00139415 0.00123336
0.0734191 0.608205 0.831248 -0.00837985 0.00081349 0.00165266
0.0688846 0.381506 0.764411 -0.00573784 0.00014264 0.0018869
0.0603694 0.260295 0.729049 -0.00527705 -0.00059579 0.00180555
0.0616282 0.106057 0.703983 -0.00457255 -0.00114391 0.00181098
0.0715752 0.00879351 0.691343 -0.00503168 -0.00142653 0.00196073
0.0613772 -0.0364907 0.669666 -0.0049591 -0.00162548 0.00218415
0.0587259 -0.0200364 0.67628 -0.00557012 -0.00158321 0.00245446
0.0732222 0.143199 0.652156 -0.0057739 -0.00139155 0.00257594
0.0682078 0.201961 0.663181 -0.00665896 -0.00103574 0.00234115
0.0661852 0.266818 0.674052 -0.00681889 -0.00162309 0.0023545
0.078447 0.297102 0.666462 -0.0067908 -0.00130164 0.00242749
0.0753218 0.272543 0.683248 -0.00702761 -0.00170299 0.00239102
0.0783454 0.244427 0.711771 -0.00844686 -0.00073904 0.0021347
0.0873908 0.250503 0.656281 -0.00740293 -0.00081783 0.00193576
0.103194 0.162125 0.62029 -0.00746586 -0.00097118 0.00209471
0.0774437 0.0620014 0.664321 -0.00754758 -0.00137119 0.00219332
0.0778988 0.0634139 0.725264 -0.00909894 -0.00139503 0.00249161
0.0972301 0.152245 0.675685 -0.00825434 -0.00139503 0.00224233
0.0944683 0.0961332 0.654975 -0.0077312 -0.00139503 0.00223841
0.084388 0.0586911 0.685364 -0.00872224 -0.00156209 0.00257426
0.085225 0.239653 0.678117 -0.0082288 -0.0018977 0.00267315
0.0944507 0.217576 0.675699 -0.00855287 -0.00232897 0.00248298
0.0648479 0.126672 0.681122 -0.00834695 -0.00202012 0.00210479
0.069428 0.25441 0.657621 -0.00793333 -0.00161221 0.00204256
0.0941257 0.233575 0.62037 -0.00765217 -0.00187025 0.0021779
0.0946261 0.139664 0.643198 -0.00845917 -0.00175708 0.00243006
0.0745517 0.0898605 0.660176 -0.00896181 -0.00157628 0.00268219
0.0946879 0.145306 0.669725 -0.00899509 -0.0016176 0.00247482
0.0946916 0.0898807 0.711036 -0.0099063 -0.00202382 0.0025129
0.0903378 0.0429843 0.683205 -0.00927704 -0.00188221 0.00252334
0.086424 0.17886 0.665627 -0.00907993 -0.00174198 0.00268084
0.101275 0.157005 0.653601 -0.00895778 -0.00188221 0.00237549
0.0860139 0.1292 0.697372 -0.00957106 -0.00252142 0.00242114
0.0546324 0.135218 0.650738 -0.00876002 -0.00239234 0.00205268
0.0808931 0.25242 0.574891 -0.00751299 -0.00168554 0.00185502
0.0743043 0.163594 0.593646 -0.00741708 -0.00215389 0.00187821
0.0368555 0.159557 0.467835 -0.00018764 -0.00124019 0.00232707
0.0343267 0.254746 0.313206 0.0100926 -0.00108097 0.00205459
0.0565138 0.312731 0.309236 0.0052432 0.00013256 0.00175467
0.0467276 0.234263 0.429603 0.00632951 -0.00097357 0.00193301
0.0365116 0.29784 0.502642 0.00724441 -0.00111902 0.00183717
0.0367148 0.421708 0.4465 0.00649577 -0.00092179 0.0020172
0.0385545 0.339553 0.467018 0.00687816 -0.00173819 0.00188318
0.0269321 0.248045 0.522447 0.00718274 -0.0017022 0.00224507
0.045628 0.37661 0.505796 0.00572353 -0.00228162 0.00219019
0.0523066 0.296578 0.464158 0.00413262 -0.00217205 0.00174534
0.0401543 0.196791 0.494222 0.00505652 -0.00221375 0.00166302
0.0485048 0.317638 0.480306 0.00524365 -0.00219823 0.00167311
0.0618801 0.322365 0.324815 0.00412459 -0.00146537 0.00176883
0.0616683 0.238648 0.39535 0.00367671 -0.00183917 0.00154651
0.0678473 0.229873 0.518082 0.00176588 -0.0021518 0.00181865
0.0872296 0.338788 0.444879 0.00238723 -0.00232394 0.00173931
0.0993524 0.261972 0.429402 0.00224965 -0.00212548 0.0014353
0.0694 0.180138 0.470417 0.00162893 -0.00219936 0.00163412
0.0656578 0.232959 0.462783 0.00188041 -0.00201273 0.00192195
0.0870597 0.299553 0.415267 0.0020734 -0.00215345 0.00162624
0.0870948 0.225724 0.443816 0.00131667 -0.00214339 0.00158506
0.0764869 0.186237 0.470077 0.00053753 -0.00224884 0.00179424
0.101762 0.31357 0.418744 0.00010436 -0.00225859 0.00191224
0.140558 0.236862 0.416306 -0.00039208 -0.00210625 0.00137507
0.115542 0.170686 0.458122 -0.00037416 -0.0021982 0.00151686
0.0973479 0.205265 0.47058 8.103e-05 -0.00247638 0.00180189
0.0965763 0.308768 0.441425 0.00014956 -0.00221079 0.00178655
0.0906325 0.207745 0.454024 0.0001941 -0.00238425 0.00170833
0.0765237 0.198671 0.46154 -0.00025956 -0.00253402 0.0019858
0.0909946 0.319367 0.397362 0.00053231 -0.0022131 0.00199633
0.101218 0.221978 0.475772 -0.00071301 -0.00208882 0.00190175
0.093119 0.184413 0.458133 0.00029663 -0.00250259 0.00204408
0.102543 0.30261 0.391454 0.00161071 -0.00246675 0.00195867
0.0887563 0.201971 0.403446 0.00153795 -0.00237327 0.00190634
0.0911959 0.222429 0.45083 0.00045854 -0.00212743 0.00202851
0.091002 0.322408 0.437709 0.00034658 -0.00251231 0.00206325
0.091176 0.214181 0.444784 -0.00048442 -0.00235365 0.00209347
0.0855653 0.195627 0.487036 -0.00128496 -0.00249794 0.00208326
0.100435 0.278006 0.440741 -0.0009965 -0.00281123 0.00197265
0.115114 0.210819 0.439842 -0.00145011 -0.00288808 0.00169676
0.107737 0.132088 0.5116 -0.00288406 -0.00323045 0.0017142
0.118189 0.251157 0.444429 -0.00148677 -0.0029098 0.00164826
0.106303 0.250931 0.417796 -0.00053643 -0.00303285 0.00118214
0.0877903 0.162298 0.463287 -0.00064936 -0.00272241 0.00171854
0.0874683 0.290306 0.425493 0.00021963 -0.00282429 0.00176209
0.113051 0.2811 0.429441 -0.0007627 -0.00273819 0.00146775
0.0921799 0.154147 0.429043 -0.00065842 -0.00267413 0.00169903
0.0921756 0.251912 0.423922 -0.00089444 -0.00294635 0.00185163
0.107977 0.266761 0.372339 0.00068772 -0.00292394 0.00149845
0.0960825 0.119071 0.463238 -0.00126384 -0.00306347 0.00179689
0.0963364 0.232496 0.443284 -0.00070634 -0.00285896 0.00186192
0.112858 0.234612 0.464303 -0.00089629 -0.00326265 0.00163508
0.0976942 0.143102 0.450059 -0.00021591 -0.00325911 0.00168404
0.0976198 0.181054 0.447803 -0.00077212 -0.00300694 0.00190044
0.117389 0.301685 0.38294 1.122e-05 -0.00274042 0.00164525
0.11977 0.226333 0.368511 -0.00084642 -0.00290966 0.00151915
0.0965496 0.13018 0.380467 -0.00092165 -0.00250941 0.00180016
0.104074 0.261716 0.361042 -0.00053255 -0.00234123 0.00180809
0.10262 0.229522 0.317233 -0.00012709 -0.00270255 0.00172786
0.0499912 0.117807 0.508726 -0.0011748 -0.00304264 0.00218809
0.0364547 0.185009 0.191707 0.00022527 -0.00208063 0.00207859
0.0704415 0.173073 0.172422 0.00145459 -0.00161759 0.00145906
0.0726442 0.111651 0.305982 0.00127875 -0.00175783 0.00163405
0.09556 0.137768 0.544511 -0.00062924 -0.00129693 0.00208114
0.0854823 0.439367 0.472149 0.00089145 -0.00188892 0.00223427
0.0736686 0.326626 0.473606 -0.00094767 -0.00196485 0.00226301
0.0803415 0.164223 0.541616 -0.00320655 -0.00175042 0.00206128
0.0698493 0.252838 0.48773 -0.00438353 -0.00238882 0.00203228
0.0848372 0.197196 0.471268 -0.00400386 -0.0025036 0.00176161
0.0694199 0.102967 0.472415 -0.00298338 -0.00278428 0.00170226
0.0917753 0.161469 0.463242 -0.00272177 -0.00260945 0.0016994
0.12671 0.18206 0.439844 -0.00274034 -0.00270027 0.00128304
0.126222 0.153662 0.435953 -0.00243997 -0.00277362 0.00112389
0.113775 0.128845 0.525366 -0.00398572 -0.00386991 0.00154257
0.131343 0.235764 0.494922 -0.00440777 -0.00270938 0.00147879
0.161058 0.20953 0.434587 -0.00427526 -0.00269645 0.00111867
0.159674 0.166208 0.412294 -0.00336547 -0.00242166 0.00106596
0.154209 0.196812 0.449235 -0.0043817 -0.0025115 0.00143574
0.162067 0.247332 0.42241 -0.00515047 -0.0022644 0.0014257
0.165004 0.171331 0.38342 -0.00535257 -0.00194436 0.0012892
0.141171 0.105799 0.447926 -0.00665482 -0.00172895 0.00144123
0.143087 0.17103 0.257984 -0.00410117 -0.00195571 0.0013271
0.12834 0.138511 0.27003 -0.00340879 -0.00221033 0.00112488
0.0995059 0.102516 0.368524 -0.00427445 -0.00260876 0.00141561
0.124532 0.212567 0.281906 -0.00286438 -0.00246637 0.00143902
0.11637 0.150381 0.357577 -0.00383073 -0.00255885 0.0012684
0.116618 0.168128 0.369295 -0.00414112 -0.00244088 0.0014326
0.137253 0.24567 0.302633 -0.00369371 -0.00242339 0.00131664
0.130829 0.136996 0.353555 -0.00415547 -0.0022517 0.00111988
0.169258 0.196519 0.366937 -0.0066309 -0.00238069 0.00140961
0.198727 0.184389 0.215592 -0.00517523 -0.00110466 0.00103105
0.156882 0.101661 0.290685 -0.00487201 -0.00152215 0.00114597
0.13795 0.120691 0.379665 -0.00576867 -0.00190706 0.00122866
0.162688 0.189456 0.256506 -0.00396826 -0.00195384 0.00096714
0.144825 0.101883 0.350495 -0.0044411 -0.00217906 0.00118247
0.147087 0.171148 0.382793 -0.00471781 -0.00228723 0.00108436
0.119207 0.246028 0.250713 -0.00023501 -0.00199256 0.00139024
0.110099 0.28717 0.119691 0.0163531 -0.00068903 0.00227176
0.137833 0.413542 0.00105524 0.0264561 -0.00028025 0.00083517
0.122289 0.472065 -0.022604 0.0253097 -0.00115012 0.00104877
0.133088 0.384977 0.166519 0.0227271 -0.00028025 0.00136638
0.127283 0.510131 0.54851 0.0148637 0.00260647 0.001127
0.123588 0.669257 0.491058 0.013782 0.00167769 0.00077458
0.132846 0.50269 0.456875 0.0117225 0.00091314 0.00083536
0.133033 0.371105 0.524356 0.00976273 0.00040787 0.00079373
0.12899 0.287158 0.569149 0.00905388 0.00013786 0.00067221
0.134993 0.293881 0.543274 0.00845646 3.413e-05 0.00075073
0.120133 0.308499 0.492671 0.0069207 -0.00065343 0.00061372
0.127155 0.298948 0.483704 0.0071264 -0.00073065 0.00052774
0.117554 0.306807 0.528084 0.00744504 -0.0008247 0.00069335
0.121423 0.374822 0.532934 0.00723783 -0.00104139 0.00067888
0.141295 0.462582 0.514806 0.00755155 -0.0012547 0.0005277
0.15136 0.423884 0.495364 0.00728051 -0.00130856 0.00036598
0.157562 0.391259 0.466556 0.0070134 -0.00122062 0.00023048
0.143133 0.306544 0.483043 0.00644768 -0.00130319 0.00037761
0.151221 0.365879 0.466092 0.00675627 -0.00135068 0.00036952
0.164564 0.378415 0.445373 0.00673409 -0.00086604 0.00046694
0.149273 0.318305 0.472878 0.00628104 -0.0007961 0.00070649
0.112118 0.179657 0.578727 0.00225824 -0.00111414 0.00174395
0.133881 0.304219 0.513335 0.00125499 -0.00088871 0.00140167
0.123094 0.364592 0.348423 0.0028883 -0.00126424 0.00101708
0.116972 0.264514 0.351724 0.00291662 -0.00143503 0.00102147
0.1259 0.200648 0.431343 0.00249522 -0.00149982 0.0009899
0.125526 0.30446 0.396177 0.00316769 -0.00158153 0.00079644
0.136058 0.262977 0.439113 0.00212432 -0.00129937 0.00087845
0.140798 0.233454 0.422244 0.00215625 -0.00094519 0.00060644
0.143927 0.243165 0.441648 0.00180897 -0.00066322 0.0004137
0.158889 0.284034 0.417592 0.00179252 -0.00079419 0.0003078
0.152979 0.249384 0.38652 0.00180802 -0.00099034 0.00027097
0.136764 0.212052 0.425843 0.00136102 -0.00120716 0.00032543
0.136804 0.26459 0.394613 0.00110541 -0.00168032 0.00029509
0.139163 0.243792 0.376754 0.00161171 -0.00158636 4.823e-05
0.135387 0.219009 0.406869 0.00113249 -0.00178748 -8.066e-05
0.11291 0.150542 0.475943 0.00027589 -0.00193528 0.00019515
0.109383 0.226772 0.520006 -0.00015278 -0.00224682 0.0003377
0.123401 0.371965 0.460407 0.00079939 -0.00255045 0.00022531
0.129291 0.260692 0.454365 0.00023122 -0.00278653 8.284e-05
0.125448 0.16746 0.458548 -0.0008424 -0.00303071 0.000372
0.144709 0.263694 0.411749 -0.00063608 -0.00306398 -3.035e-05
0.153667 0.16688 0.391426 -0.00182161 -0.00261202 -4.859e-05
0.140709 0.101868 0.439539 -0.0023785 -0.00279738 0.0002109
0.155827 0.187401 0.38545 -0.00225281 -0.00294356 0.00031717
0.160974 0.163 0.350331 -0.00170622 -0.00280704 9.67e-05
0.158345 0.127352 0.445559 -0.00265486 -0.00290428 0.00018903
0.170108 0.218534 0.452451 -0.00332115 -0.00284642 -1.642e-05
0.20142 0.219342 0.367915 -0.00315553 -0.00252446 -6.981e-05
0.204136 0.200537 0.340998 -0.00270723 -0.00202546 -0.00032799
0.194167 0.139261 0.419189 -0.00310277 -0.00264647 -0.00026002
0.198061 0.251406 0.392985 -0.00301622 -0.00257051 -0.00030969
0.209061 0.20854 0.389521 -0.00416131 -0.00245547 -0.00036862
0.200529 0.139741 0.472271 -0.00461264 -0.00242791 -0.0002347
0.205071 0.203918 0.441748 -0.00504769 -0.00315346 0.0001761
0.210027 0.202929 0.359166 -0.00452923 -0.00204026 0.00026216
0.199996 0.1502 0.331231 -0.00293315 -0.00229669 -0.00013155
0.185797 0.0962139 0.468612 -0.00405997 -0.00335918 -0.00012002
0.173158 0.214936 0.376479 -0.00263391 -0.00305235 -0.00026001
0.172905 0.210797 0.375371 -0.00364863 -0.00223556 -0.0003688
0.145004 0.134536 0.397368 -0.00169754 -0.00220304 -0.0001863
0.110967 0.351274 0.354778 0.0146133 -0.00250439 -0.00014252
0.111612 0.445162 0.26484 0.0141502 -0.00286968 -0.00025085
0.122274 0.416992 0.337445 0.0130726 -0.00277449 -0.00045757
0.12253 0.401393 0.38511 0.0123094 -0.00317016 -9.401e-05
0.142078 0.498827 0.333789 0.0123406 -0.00319669 -0.00037315
0.15374 0.366083 0.383188 0.0108636 -0.00344901 -0.0008327
0.149423 0.236094 0.467792 0.00926874 -0.00410323 -0.00068047
0.158325 0.415683 0.398847 0.00923265 -0.00336743 -0.00087497
0.173403 0.331821 0.394369 0.00861467 -0.00343165 -0.00106338
0.161907 0.245647 0.441525 0.00797692 -0.00412807 -0.00105143
0.174515 0.356694 0.297939 0.00707831 -0.00433034 -0.00103891
0.187487 0.311376 0.345601 0.00609504 -0.00409898 -0.00111298
0.160883 0.209663 0.418675 0.00437146 -0.00465708 -0.00097607
0.173105 0.290552 0.382638 0.00466051 -0.00403838 -0.00090522
0.190759 0.340769 0.334799 0.00492722 -0.0039251 -0.00115463
0.195304 0.287711 0.318255 0.00502149 -0.00414799 -0.00096525
0.185417 0.225153 0.375977 0.00448536 -0.00433597 -0.00097778
0.188309 0.263499 0.344247 0.00352153 -0.00406236 -0.00105998
0.193238 0.293661 0.272092 0.00388213 -0.0035717 -0.00116447
0.187145 0.187647 0.338263 0.00314843 -0.00389009 -0.00098302
0.184098 0.211554 0.366965 0.00376709 -0.0036812 -0.00095683
0.192354 0.347148 0.367353 0.00331853 -0.00368566 -0.00108317
0.197457 0.284583 0.3249 0.002592 -0.00365812 -0.00107
0.171388 0.178819 0.411341 0.00090142 -0.00378118 -0.00079588
0.187139 0.289443 0.371412 0.00183751 -0.00349845 -0.00081181
0.215261 0.305946 0.304803 0.0023792 -0.00345876 -0.00116782
0.213967 0.229939 0.358988 0.0018516 -0.00353611 -0.0011042
0.211074 0.196032 0.433257 -0.00044394 -0.00348046 -0.00092141
0.219552 0.296179 0.331315 0.001299 -0.00330299 -0.00122496
0.213942 0.227129 0.368319 -0.00018131 -0.00312063 -0.00133446
0.222792 0.178687 0.41913 -0.00034033 -0.00392206 -0.0010491
0.226856 0.311979 0.330921 0.00055362 -0.00332211 -0.00130289
0.231449 0.228522 0.371778 -0.00064057 -0.00329611 -0.00109866
0.240307 0.163168 0.443899 -0.00289682 -0.00349588 -0.00079312
0.258299 0.290609 0.340872 -0.00118389 -0.0026806 -0.00124084
0.250586 0.192554 0.340856 -0.00114607 -0.00272911 -0.0016917
0.248935 0.129504 0.408196 -0.00181787 -0.00296258 -0.00133956
0.253606 0.290884 0.343452 -0.00060541 -0.00294231 -0.00141554
0.252008 0.227884 0.30299 -0.00021781 -0.00323028 -0.00142769
0.24744 0.129063 0.400286 -0.0019387 -0.00309649 -0.00116393
0.238133 0.307326 0.316768 -0.00081355 -0.00296475 -0.00129983
0.258446 0.183154 0.316767 -0.00081969 -0.00157466 -0.00097317
0.204777 0.0966682 0.468097 -0.00167363 -0.00315182 -0.00051394
0.202961 0.13398 0.526501 -0.00262719 -0.0027288 -0.00019106
0.194138 0.500711 0.573934 -0.00318283 -0.00289001 -0.00034123
0.208431 0.419164 0.609037 -0.0048967 -0.00347858 -0.00082031
0.225711 0.284196 0.435942 -0.00212882 -0.00320042 -0.0010265
0.228727 0.157599 0.438572 -0.00182875 -0.00312342 -0.0011838
0.237335 0.112336 0.484151 -0.00201741 -0.00341537 -0.00103303
0.247123 0.1381 0.421291 -0.00202745 -0.00326066 -0.00113613
0.258809 0.138714 0.424567 -0.00223917 -0.00315575 -0.00127049
0.266157 0.155814 0.401252 -0.00264269 -0.00285846 -0.00129904
0.265837 0.202296 0.373718 -0.00234152 -0.00299046 -0.00146611
0.255561 0.24071 0.362676 -0.00238406 -0.00297528 -0.00143207
0.259856 0.238628 0.433737 -0.00503687 -0.00299943 -0.00112034
0.279749 0.232959 0.471204 -0.00616636 -0.00251505 -0.0010027
0.286169 0.286483 0.375644 -0.00529877 -0.00190206 -0.00104449
0.285297 0.210023 0.429507 -0.00575375 -0.00185721 -0.00105786
0.297343 0.186007 0.467542 -0.00683967 -0.00135851 -0.00089903
0.307444 0.238648 0.39278 -0.00679685 -0.00052512 -0.00094941
0.285484 0.170232 0.354876 -0.00445323 -0.00110031 -0.00143173
0.254013 0.106804 0.421833 -0.00378201 -0.00145126 -0.00138279
0.236858 0.224659 0.338478 -0.00325652 -0.00171901 -0.0014094
0.229824 0.176446 0.37241 -0.00360825 -0.00188529 -0.00134467
0.227709 0.165079 0.409208 -0.00429683 -0.00216736 -0.00128551
0.225485 0.257624 0.295477 -0.00321723 -0.00220365 -0.00137599
0.220037 0.151412 0.359044 -0.00319972 -0.00245707 -0.00111046
0.226349 0.240598 0.307014 -0.00273414 -0.00236426 -0.00114156
0.227713 0.185263 0.341462 -0.00277497 -0.00228541 -0.00119921
0.217129 0.153765 0.388934 -0.0027152 -0.0025814 -0.00107016
0.229721 0.215137 0.339918 -0.00285668 -0.00274592 -0.00136682
0.229894 0.139497 0.34559 -0.00228567 -0.00253648 -0.00143869
0.240607 0.150581 0.382795 -0.00311922 -0.00262524 -0.00126627
0.236581 0.235848 0.302607 -0.00255394 -0.00229687 -0.0013462
0.239281 0.170973 0.302255 -0.00220775 -0.00247204 -0.00159731
0.227969 0.140814 0.36351 -0.00259187 -0.00243135 -0.00132426
0.239319 0.243197 0.307216 -0.00268173 -0.00228892 -0.00121895
0.236162 0.185776 0.344871 -0.00408968 -0.00225469 -0.001109
0.234149 0.148102 0.434308 -0.00602609 -0.00324399 -0.0006313
0.250129 0.229262 0.335383 -0.00594824 -0.0013069 -0.00064005
0.238123 0.178296 0.289781 -0.00415913 -0.00193459 -0.00095924
0.222993 0.108788 0.401933 -0.0042891 -0.00280957 -0.00110192
0.221278 0.224886 0.330124 -0.00381661 -0.00266628 -0.00095038
0.212496 0.206635 0.337036 -0.00434116 -0.00245581 -0.00091886
0.212771 0.136772 0.431527 -0.00471126 -0.00281716 -0.00060926
0.212226 0.243051 0.280067 -0.0035929 -0.00229252 -0.00107607
0.206972 0.15122 0.124161 -0.00231498 -0.00207467 -0.00109227
0.199986 0.0700845 0.275808 -0.0026682 -0.00236262 -0.00088221
0.206473 0.184114 0.191402 -0.00234599 -0.00189016 -0.00093641
0.186482 0.151757 0.314783 -0.0036853 -0.00258422 -0.00092754
0.193363 0.119742 0.398709 -0.004171 -0.00253249 -0.00083277
0.202397 0.226918 0.415857 -0.00530607 -0.00290077 -0.00056071
0.217023 0.205606 0.310997 -0.00487621 -0.00240699 -0.00064691
0.20585 0.180619 0.306899 -0.00397993 -0.00248142 -0.00084744
0.211299 0.14836 0.426807 -0.00493636 -0.00267842 -0.00086875
0.218031 0.251183 0.408465 -0.00536489 -0.00260174 -0.00101639
0.227951 0.215648 0.326509 -0.00380472 -0.00296094 -0.00102686
0.231642 0.144221 0.458646 -0.00606861 -0.00296615 -0.00050721
0.261955 0.234536 0.31358 -0.00595722 -0.00188768 -0.00037985
0.259947 0.19563 0.247017 -0.00447543 -0.00233254 -0.00063195
0.229701 0.105851 0.357461 -0.00562026 -0.0025914 -0.00078267
0.236723 0.179946 0.346903 -0.0054936 -0.00252071 -0.00083792
0.263311 0.212808 0.242088 -0.00524553 -0.00170573 -0.00064655
0.283998 0.136884 0.268505 -0.00631305 -0.00151201 -0.00048825
0.275654 0.165403 0.264768 -0.00551272 -0.00173995 -0.00052096
0.263938 0.203789 0.229763 -0.00489699 -0.00162702 -0.00100248
0.255146 0.124294 0.309951 -0.00514699 -0.00209474 -0.00106462
0.261362 0.227185 0.278464 -0.00508433 -0.00195585 -0.00102137
0.260131 0.1991 0.205324 -0.00403208 -0.00162636 -0.0009725
0.245007 0.13642 0.567094 -0.00766785 -0.00079023 -0.00041419
0.232446 0.271833 0.871361 -0.00826531 0.00126116 -1.768e-05
0.211747 0.352583 0.940894 -0.00899615 -0.00039463 -8.541e-05
0.228421 0.294011 0.840114 -0.00710158 -0.00168907 -0.00053405
0.237563 0.248274 0.778765 -0.00738924 -0.00189344 -0.00079026
0.209677 0.229182 0.795524 -0.00799189 -0.00223552 -0.00047611
0.151254 0.111834 0.977521 -0.0121236 -0.00299345 -0.00059747
0.167684 0.157485 0.92988 -0.0117921 -0.00314876 -0.00087321
0.178908 0.186686 0.848622 -0.0116863 -0.00322866 -0.00076503
0.184019 0.157378 0.757993 -0.0108064 -0.0035636 -0.00075678
0.189272 0.104193 0.798003 -0.0113137 -0.00347065 -0.00083944
0.17099 0.208262 0.88353 -0.0128457 -0.00348911 -0.00093768
0.127308 0.226313 0.806117 -0.0118419 -0.00384932 -0.00078787
0.0446293 0.18032 0.766971 -0.0127812 -0.00241098 -0.00075469
0.033668 0.0105698 0.924055 -0.0145937 -0.00251587 -0.00048405
0.0706764 0.127607 0.755163 -0.0126876 -0.00235817 -0.00048405
0.104349 0.11123 0.74625 -0.0127522 -0.0029018 -0.00054101
0.126809 0.051408 0.81784 -0.0135231 -0.00288704 -0.00057177
0.131533 0.160836 0.763062 -0.0131211 -0.00256022 -0.000642
0.142082 0.140537 0.740822 -0.0126623 -0.00309449 -0.0006663
0.140798 0.0736734 0.801546 -0.0129235 -0.00275039 -0.00056827
0.151415 0.187994 0.803509 -0.0131872 -0.00238892 -0.00064439
0.147585 0.131028 0.83026 -0.013388 -0.00249415 -0.00048405
0.134052 0.0811498 0.902705 -0.0149314 -0.00160621 -0.00015264
0.158283 0.194479 0.844522 -0.0136841 -0.00183229 -0.00026978
0.18204 0.148213 0.786695 -0.0133091 -0.00215341 -0.00040449
0.162398 0.0480545 0.879934 -0.0143964 -0.00167535 -0.00012521
0.179697 0.169295 0.85152 -0.0137236 -0.00143623 -0.0003204
0.194493 0.143996 0.821068 -0.0133284 -0.00192538 -0.0005622
0.187256 0.0680793 0.863839 -0.0139951 -0.00194521 -0.00045345
0.202455 0.155485 0.837149 -0.0143611 -0.0020475 -0.00019837
0.238252 0.194498 0.738139 -0.0130976 -0.00208352 -0.00036942
0.243473 0.137698 0.736453 -0.0134945 -0.00158718 -9.713e-05
0.245593 0.127779 0.78877 -0.0143491 -0.00129064 2.116e-05
0.256666 0.207068 0.714353 -0.0131813 -0.00162115 -0.000211
0.248923 0.15945 0.673347 -0.0127417 -0.00174918 -0.00037619
0.217266 0.0441602 0.780892 -0.0145108 -0.00130464 -0.00022844
0.188935 0.10968 0.783794 -0.0142948 -0.00092734 0.00014695
0.180828 0.242601 0.579071 -0.0112733 -0.00102621 0.00016453
0.200842 0.0889901 0.701681 -0.0129945 -0.00224074 0.00045827
0.214899 0.151939 0.689724 -0.0134089 -0.00226208 0.00074118
0.219027 0.223962 0.563973 -0.011829 -0.00229445 0.0014
0.242291 0.0765361 0.714714 -0.0134759 -0.00311888 0.00141284
0.237172 0.124041 0.721001 -0.0136806 -0.0019523 0.00143958
0.242541 0.206717 0.664817 -0.0127677 -0.00285981 0.00145241
0.254458 0.0865971 0.7238 -0.0137376 -0.0033902 0.00127177
0.253124 0.108389 0.710466 -0.0138607 -0.00252847 0.00157508
0.252311 0.199083 0.65089 -0.0129506 -0.00319322 0.00134626
0.248328 0.0993333 0.703717 -0.0138157 -0.00267866 0.00128021
0.24103 0.0776589 0.71555 -0.013957 -0.00262712 0.00143381
0.249862 0.210142 0.618887 -0.0130687 -0.00288084 0.00141273
0.254152 0.132708 0.618818 -0.0131055 -0.00302559 0.00119891
0.251144 0.0405 0.726489 -0.0149786 -0.00343207 0.00137151
0.256252 0.194777 0.650049 -0.0132333 -0.00286643 0.0014659
0.254039 0.168087 0.615031 -0.0130497 -0.00377034 0.00117446
0.176621 0.160203 0.445423 -0.00399696 -0.00380263 -0.00103737
0.15472 0.246229 0.61509 0.00707143 -0.00456784 -0.00218949
0.169573 0.495197 0.607852 0.00749885 -0.00431363 -0.00234632
0.185256 0.494543 0.506517 0.00453888 -0.0054477 -0.00253771
0.211816 0.368935 0.521904 0.00222932 -0.00599231 -0.00284614
0.229967 0.300459 0.580773 -0.00131361 -0.00594276 -0.00250293
0.25075 0.306591 0.466149 -0.00175288 -0.00531886 -0.00231629
0.272413 0.225926 0.418171 -0.00214141 -0.00459128 -0.00235986
0.272914 0.160956 0.48707 -0.00264779 -0.00483296 -0.00193428
0.272897 0.187634 0.56088 -0.00334186 -0.00495093 -0.00196373
0.272423 0.28475 0.487332 -0.0031158 -0.00461473 -0.00232403
0.257291 0.236315 0.546756 -0.0048443 -0.00465561 -0.0019245
0.246535 0.213567 0.519039 -0.00474522 -0.00426281 -0.00182912
0.294744 0.299272 0.398256 -0.00584701 -0.0045141 -0.0016042
0.331801 0.253174 0.34421 -0.00679458 -0.00308308 -0.0016316
0.323169 0.194272 0.340291 -0.00604234 -0.0024425 -0.00203789
0.295412 0.168442 0.487849 -0.00630546 -0.00290938 -0.00203613
0.30547 0.288069 0.461063 -0.00563562 -0.00370584 -0.00206695
0.30906 0.231703 0.481705 -0.00573777 -0.00313265 -0.00216894
0.308395 0.165845 0.52156 -0.00605648 -0.00322245 -0.0021378
0.327289 0.285045 0.482772 -0.00554012 -0.00329789 -0.00234239
0.339613 0.237597 0.457516 -0.00493914 -0.00349044 -0.00263622
0.30502 0.179158 0.512084 -0.00587389 -0.00265256 -0.00250139
0.297392 0.283463 0.511119 -0.0064105 -0.00340965 -0.00232427
0.274041 0.164847 0.470823 -0.00476361 -0.00322213 -0.00178442
0.266803 0.170751 0.630786 -0.00591739 -0.00189171 -0.0014594
0.265882 0.266404 0.688418 -0.00556001 -0.00154033 -0.00059907
0.224528 0.549655 0.391585 -0.00178625 -0.00228659 -0.00100749
0.22416 0.387426 0.360785 -0.00215364 -0.0027375 -0.00118617
0.230622 0.283064 0.369975 -0.00174923 -0.00291927 -0.0015197
0.233966 0.216428 0.39788 -0.00158953 -0.00318612 -0.00173034
0.223481 0.138629 0.0980728 -0.00136724 -0.0026378 -0.00200472
0.19602 -0.0127232 -0.058266 0.00033492 -0.00199224 -0.00198891
0.163842 0.0549695 0.600136 -0.00203847 -0.00381452 -0.00089908
0.172161 0.186449 0.285175 -0.00029867 -0.00185798 -0.00158628
0.158297 0.121933 0.130386 0.00028421 -0.00056142 -0.00222305
0.160001 0.172111 0.0784599 0.00099948 -0.00038788 -0.00267263
0.156972 0.216676 0.0824157 0.00044674 -0.00054371 -0.00300657
0.16626 0.232585 0.0941586 0.00037495 -0.0002719 -0.00323801
0.170492 0.285693 0.0797791 -0.00120394 -0.00054741 -0.00303404
0.193995 0.19125 -0.0126734 -0.00067271 -0.00046723 -0.00301216
0.201588 0.104609 0.0458986 -0.00113754 -0.00076397 -0.00311016
0.193767 0.131491 0.0226064 -0.00034261 -0.00036785 -0.00323616
0.188438 0.14612 0.00121268 -0.00028053 -0.0002394 -0.00314118
0.190271 0.0562555 0.0105139 -0.00033177 -0.00025892 -0.00306515
0.193123 0.0809032 0.0230481 -0.00042145 -0.00020096 -0.0031209
0.195317 0.175775 0.00237705 -0.00141242 -0.00043319 -0.00306116
0.190442 0.112529 -0.0399636 -0.00180714 -3.345e-05 -0.00295371
0.192462 0.0843569 -0.015127 -0.00109234 -0.00027502 -0.003194
0.171489 0.121383 0.00822372 -0.00147668 -0.00029419 -0.00306124
0.189362 0.201634 -0.0239517 -0.00044389 -4.16e-05 -0.00325082
0.199636 0.135032 -0.0383256 -0.00071285 -8.745e-05 -0.00320093
0.189879 0.0839721 -0.00752058 -0.00157071 3.264e-05 -0.00295554
0.189517 0.168572 -0.0406829 -0.00076729 2.514e-05 -0.00320083
0.213489 0.100622 -0.0683443 -0.00204716 0.00048452 -0.00307358
0.220875 0.0443397 -0.0412884 -0.00319149 0.00048452 -0.00296861
0.222782 0.113993 -0.080323 -0.0015387 0.00038604 -0.00316878
0.211239 0.0785154 -0.066373 -0.00150156 0.00057075 -0.00315439
0.194069 0.0403721 -0.05041 -0.00198336 0.00055557 -0.00295506
0.208034 0.158371 -0.0843502 -0.00243235 0.00064204 -0.0028958
0.22212 0.123255 -0.132138 -0.0036729 0.00112519 -0.00241529
0.21382 0.0629893 -0.094168 -0.00483441 0.00161183 -0.00261598
0.224138 0.139691 -0.0716796 -0.00431614 0.00136898 -0.00290579
0.206113 0.107296 -0.0931701 -0.00279212 0.00122073 -0.00291711
0.199104 0.0421915 -0.0533967 -0.0026113 0.00114476 -0.00306195
0.212657 0.128127 -0.0703323 -0.00332977 0.00114562 -0.00305339
0.216745 0.11905 -0.10973 -0.00307632 0.00136866 -0.00307111
0.218851 0.0406056 -0.0477154 -0.00434235 0.00136866 -0.00302055
0.245093 0.130679 -0.070455 -0.00418374 0.00188356 -0.00326619
0.237594 0.0981514 -0.0959414 -0.00266062 0.00136866 -0.00344232
0.196583 0.0358703 -0.0616801 -0.0026794 0.00119255 -0.00356985
0.204417 0.117732 -0.0950339 -0.0024445 0.00118237 -0.00335196
0.206316 0.111396 -0.117568 -0.00232482 0.00075439 -0.00329853
0.201969 0.0382938 -0.0820621 -0.00265877 0.00117676 -0.00355636
0.204807 0.145498 -0.0878874 -0.00229412 0.00117218 -0.00352855
0.208421 0.103587 -0.0924718 -0.00186301 0.00071622 -0.00361176
0.202832 0.0359391 -0.0797159 -0.00247644 0.00112415 -0.00357514
0.210571 0.149025 -0.0974 -0.00208633 0.00102879 -0.00361921
0.228761 0.0907266 -0.119516 -0.00291294 0.00124499 -0.00333862
0.229385 0.0497095 -0.0921605 -0.00407706 0.00167162 -0.00316588
0.24329 0.111065 -0.0947374 -0.00427517 0.00194253 -0.0032276
0.230544 0.0849832 -0.118202 -0.00276841 0.00136866 -0.00339492
0.223819 0.0352595 -0.0764626 -0.00281001 0.00136866 -0.00365112
0.213239 0.103487 -0.0867955 -0.00310363 0.00140617 -0.00355722
0.22198 0.130435 -0.12414 -0.00254674 0.00102851 -0.00350207
0.208981 0.0585429 -0.0901019 -0.00274254 0.00134068 -0.00362259
0.21296 0.117813 -0.13181 -0.00316622 0.0015474 -0.00337503
0.19753 0.110064 -0.24168 -0.00352677 0.0014906 -0.00283629
0.209866 0.0127616 -0.115242 -0.00282481 0.00102259 -0.00291384
0.209837 0.126902 -0.10652 -0.00240857 0.00114574 -0.00298562
0.226142 0.0986406 -0.132538 -0.00306576 0.00135149 -0.00302589
0.209985 0.0180867 -0.0968485 -0.00303873 0.00134533 -0.00320757
0.209786 0.102516 -0.091923 -0.00292971 0.00114361 -0.00310724
0.212123 0.130763 -0.11011 -0.00245013 0.00102955 -0.00307089
0.207074 0.048352 -0.0714977 -0.00335327 0.00115322 -0.0031441
0.210036 0.117919 -0.109128 -0.00330181 0.00144241 -0.00314951
0.22048 0.0902672 -0.270319 -0.00423363 0.00159189 -0.00290864
0.225913 0.0342433 -0.249104 -0.00359403 0.00147844 -0.00333513
0.200038 -0.0227404 -0.111182 -0.00358431 0.00099001 -0.00339025
0.200302 0.132726 -0.147464 -0.00320757 0.00084551 -0.00287876
0.202182 0.103522 -0.179293 -0.00252671 0.00064575 -0.00287876
0.200167 0.0404071 -0.132392 -0.00279459 0.00094119 -0.00313308
0.200078 0.124735 -0.188077 -0.00279459 0.00083156 -0.00301461
0.200385 0.0591485 -0.18112 -0.00279459 0.001035 -0.00304054
0.186845 0.0730823 -0.161627 -0.00302552 0.00091753 -0.00308885
0.194248 0.0911468 -0.232404 -0.00364076 0.00130799 -0.00287876
0.210398 0.0291273 -0.191864 -0.00412705 0.00142319 -0.00290523
0.231211 0.0527206 -0.175482 -0.00339312 0.00134906 -0.00324667
0.238793 0.0752455 -0.196929 -0.00295816 0.00129191 -0.00333701
0.231635 0.0418769 -0.129922 -0.00400944 0.00182807 -0.00344519
0.241735 0.0884157 -0.171236 -0.00346792 0.00161868 -0.00318551
0.257593 0.11461 -0.223351 -0.00436546 0.00199043 -0.00325347
0.260145 0.0644691 -0.192845 -0.00477334 0.0022845 -0.00326762
0.299997 0.0821269 -0.340286 -0.00688136 0.00452088 -0.00321908
0.300477 0.0820794 -0.347275 -0.00521626 0.00374931 -0.00391989
0.274732 0.00497348 -0.223541 -0.0046112 0.0026331 -0.00397642
0.255389 0.0690325 -0.184894 -0.00444968 0.00220856 -0.00378094
0.231038 0.118134 -0.276154 -0.00351783 0.0022533 -0.00341435
0.227421 0.0216221 -0.202398 -0.00347638 0.00172341 -0.00348547
0.233475 0.0909876 -0.19538 -0.0037053 0.00171884 -0.00356672
0.237876 0.121221 -0.240666 -0.00324838 0.0018859 -0.00348547
0.240148 0.0382073 -0.2072 -0.0035144 0.00210451 -0.00367544
0.230884 0.0684277 -0.191805 -0.00334803 0.00168138 -0.00371053
0.245501 0.0973946 -0.237321 -0.0035655 0.00188134 -0.00360038
0.245756 0.0390592 -0.17281 -0.00361551 0.0018577 -0.0033774
0.203809 0.0478178 -0.129346 -0.00312118 0.00234836 -0.0021087
0.171577 0.109138 -0.142049 -0.00337569 0.00208443 -0.00249853
0.165588 0.059675 -0.101238 -0.00377275 0.00193361 -0.00260574
0.150005 0.0488111 -0.0685133 -0.00483212 0.00226211 -0.0025018
0.113095 0.117671 -0.135318 -0.00317151 0.0019636 -0.00265434
0.13847 0.1335 -0.526122 0.0139549 0.0039431 -0.00161888
0.196412 0.228553 -0.965686 0.0318957 0.00386619 -0.00066576
0.238809 0.199621 -1.07377 0.0299789 0.00257235 -0.00080586
0.221983 0.215451 -0.788188 0.0269431 0.00337369 0.00034053
0.212743 0.113213 -0.391283 0.0252796 0.00430803 0.00012791
0.230376 0.527706 -0.312187 0.0226082 0.00613071 0.00044956
0.224543 0.639699 -0.354459 0.0209918 0.00631857 0.00013865
0.204942 0.503789 -0.366492 0.0185316 0.00576109 -0.00011827
0.203805 0.268767 -0.322512 0.0164668 0.00472147 -0.00065407
0.197323 0.202659 -0.346499 0.01645 0.0051227 -0.00087509
0.196231 0.207627 -0.409337 0.0165915 0.00491972 -0.00126581
0.218415 0.171793 -0.500278 0.0166453 0.00534426 -0.00150979
0.216025 0.148579 -0.446407 0.0154339 0.00489512 -0.00157777
0.194688 0.163667 -0.36183 0.0153119 0.00493213 -0.00166633
0.198302 0.377522 -0.364459 0.0157033 0.0049641 -0.00200797
0.212043 0.375644 -0.404899 0.01579 0.00508656 -0.00230158
0.216679 0.358817 -0.401896 0.0156433 0.00487483 -0.00227601
0.204855 0.302263 -0.308517 0.0132161 0.00474513 -0.00216859
0.211695 0.386872 -0.324384 0.0118637 0.00429281 -0.0024427
0.215451 0.289179 -0.367273 0.0121756 0.00437999 -0.00260255
0.201695 0.152558 -0.340428 0.0114276 0.00452321 -0.00225734
0.201413 0.1429 -0.318996 0.0106461 0.00489093 -0.0021225
0.204498 0.282026 -0.371715 0.0118003 0.00474513 -0.00224098
0.21988 0.220585 -0.405352 0.0123106 0.00480527 -0.00232109
0.200275 0.124857 -0.364271 0.0109368 0.00474513 -0.00209473
0.19647 0.214066 -0.348419 0.0106133 0.00474513 -0.00198718
0.207664 0.316933 -0.35341 0.0109149 0.00460916 -0.0021407
0.204619 0.219762 -0.389168 0.011874 0.00458826 -0.0022594
0.200235 0.163412 -0.354516 0.0104443 0.00434182 -0.00167034
0.208157 0.345574 -0.375918 0.0110798 0.00431416 -0.00192115
0.213413 0.270006 -0.489196 0.0119128 0.00439426 -0.0022068
0.209555 0.174263 -0.846869 0.0153011 0.00468089 -0.00229806
0.198383 -0.0377816 -0.417561 0.00966015 0.00457195 -0.00140013
0.206288 0.0944631 -0.222936 0.00842886 0.00492447 -0.00063133
0.203112 0.413096 -0.378226 0.0107941 0.00432022 -0.00066002
0.155611 0.290392 -0.328812 0.00868633 0.00456497 -0.00194176
0.122038 0.229006 -0.335267 0.00965231 0.00519321 -0.00301567
0.128319 0.304063 -0.316013 0.00930997 0.00500623 -0.00327816
0.143037 0.256857 -0.313901 0.00950448 0.00498368 -0.00321324
0.159276 0.22559 -0.318265 0.0087056 0.00505601 -0.00271302
0.187807 0.184536 -0.391866 0.00813829 0.00547657 -0.00267952
0.203766 0.170663 -0.292847 0.00681321 0.0054456 -0.00298869
0.191044 0.153022 -0.231768 0.00391834 0.00481854 -0.00330254
0.19109 0.156275 -0.319081 0.00702065 0.00559287 -0.00351377
0.161023 0.0668024 -0.202963 0.00511912 0.00463527 -0.00284563
0.15983 0.309146 -0.197103 0.00585828 0.00481855 -0.00239443
0.16018 0.347539 -0.388463 0.0087928 0.00539391 -0.00275019
0.159737 0.135234 -0.270753 0.00564392 0.00481855 -0.00245248
0.164805 0.271612 -0.316805 0.00730266 0.00522068 -0.0023829
0.156002 0.286194 -0.434839 0.00950445 0.00533749 -0.00225608
0.142175 0.0887841 -0.269866 0.00713468 0.0052066 -0.00227734
0.138301 0.252352 -0.298493 0.00815876 0.00531894 -0.00205876
0.141762 0.236893 -0.378135 0.00937251 0.00520185 -0.0022357
0.125892 0.174142 -0.415623 0.0116194 0.00498908 -0.00255228
0.0990694 0.164141 -0.819945 0.0193986 0.0047522 -0.00178925
0.0946816 0.156405 -0.671264 0.0144269 0.00535595 -0.00197209
0.0861312 0.226022 -0.681049 0.0148866 0.00480744 -0.00233261
0.0899352 0.141972 -0.462847 0.0121421 0.0045475 -0.00212617
0.0895658 0.331712 -0.448666 0.0129816 0.00464762 -0.00199712
0.0874764 0.367444 -0.544112 0.0132003 0.00464762 -0.00207177
0.0853747 0.265889 -0.458648 0.0120617 0.00467472 -0.00224147
0.0770348 0.300538 -0.484619 0.0125008 0.00471779 -0.00219313
0.0843217 0.30486 -0.480005 0.0114674 0.00455238 -0.0020085
0.0899765 0.130622 -0.373686 0.0101733 0.00461752 -0.00179205
0.0905448 0.249174 -0.376429 0.0100577 0.00444948 -0.0017978
0.101744 0.283374 -0.492632 0.011263 0.00434273 -0.00130657
