0.0146564 0 0.131115 0 0 0
0.00595782 0 0.114693 0 0.0002219 0
0.00275729 -0.00877364 0.171472 0 6.037e-05 0
-0.00410714 -0.00208668 0.156921 0 0.00028886 -0.00011064
-0.0155262 -5.874e-05 0.131441 0 0.00044974 -0.00018046
-0.00906151 -0.00749863 0.175535 0 0.00026673 -0.00020723
-0.00914669 -0.00461152 0.167118 0 0.00015744 -0.00021134
-0.00928491 -0.00010319 0.131183 0 2.73e-05 -0.00030652
-0.00195104 -0.00864903 0.174645 0 -0.00017364 -0.0001471
-0.0264762 -0.0028916 0.158867 0 -0.00050675 -0.00051809
-0.0384261 -0.00031434 0.133353 0 -0.0004219 -0.00075894
-0.0337758 -0.0123065 0.190372 0 -0.00054726 -0.00050269
-0.0363368 0.00275207 0.142204 0 -0.00048173 -0.00066563
-0.0477371 -0.00040175 0.141524 9.119e-05 -0.00017916 -0.00074213
-0.0452799 -0.0285035 0.201293 0.00030351 -0.00072945 -0.00089669
-0.0490088 -0.0003341 0.158364 0 -0.00059437 -0.00078631
-0.0455429 -0.00917942 0.150136 0.00011522 -0.00014982 -0.00075567
-0.0487346 -0.0304692 0.207817 0.00023061 -0.00051357 -0.00095651
-0.0497659 -0.00664238 0.142136 6.968e-05 -0.00039249 -0.00082613
-0.041489 -0.00727875 0.135182 0.0001304 -0.0002823 -0.00071825
-0.0391108 -0.0335147 0.177902 0.00050055 -0.00030666 -0.00087997
-0.0440764 -0.0102956 0.136067 0.00015921 -0.00021622 -0.00076788
-0.0483337 -0.00577145 0.106598 0.00026791 -5.594e-05 -0.00073738
-0.0433457 -0.0343944 0.136109 0.00069899 -0.00018731 -0.00074688
-0.0412866 -0.0121548 0.0941347 0.00032271 -0.00018005 -0.00080978
-0.0392683 -0.0120794 0.0875748 0.00039076 -0.00011751 -0.00083017
-0.0291855 -0.0446138 0.120674 0.00111354 -0.00040964 -0.00082366
-0.0279575 -0.0011968 0.0434097 0.00085497 -0.00015205 -0.0006992
-0.0118133 -0.0333699 0.0392181 0.00171111 -0.00017124 -0.00064693
-0.00965612 -0.0587497 0.0887845 0.00265443 -0.00031432 -0.00055471
-0.0122195 -0.0057365 0.0381681 0.00160058 4.085e-05 -0.00031262
-0.00872067 -0.0380203 0.0628961 0.00157216 -0.00010825 -0.0004752
-0.0187808 -0.0276802 0.100126 0.00114728 -0.00025039 -0.0005247
-0.0286979 0.00239143 0.0481373 0.00147275 -6.924e-05 -0.00067741
-0.0318489 -0.034007 0.0823355 0.00162049 -0.00014866 -0.00081214
-0.0266007 -0.0308395 0.120219 0.00135303 -0.00043942 -0.00063526
-0.0440521 -0.0070792 0.0593979 0.00164231 -0.00014978 -0.00076759
-0.0309929 -0.0433342 0.114076 0.00180671 -0.00018913 -0.00082343
-0.0442156 -0.0207604 0.0755834 0.00183739 -7.651e-05 -0.0009245
-0.0520438 -0.0120243 0.0454495 0.00221574 -1.473e-05 -0.00098565
-0.0307227 -0.0512448 0.119818 0.00173793 -0.00011907 -0.00069439
-0.0450668 -0.00930457 0.0843492 0.00168471 0.00018191 -0.00087921
-0.0520905 -0.0286029 0.0654208 0.00192423 0.00042743 -0.00099586
-0.0470168 -0.0577218 0.151314 0.00203826 -3.9e-07 -0.00099422
-0.0589385 -0.00944834 0.127156 0.00159905 0.00027456 -0.00097771
-0.0782661 -0.0257006 0.10239 0.0021256 0.00027701 -0.00111743
-0.0775705 -0.0613211 0.201655 0.002025 -9.368e-05 -0.00123042
-0.0812872 -0.00226475 0.13466 0.00213722 0.00031369 -0.00122966
-0.0839242 -0.0330811 0.148075 0.00209756 0.0003014 -0.00128906
-0.0896052 -0.0188771 0.121766 0.00200982 0.00043673 -0.00131868
-0.0952281 -0.0151072 0.0909574 0.00219656 0.00050698 -0.00133941
-0.08512 -0.057976 0.164139 0.00221289 0.00019932 -0.0012688
-0.0791656 -0.0128062 0.115683 0.00208831 0.00046663 -0.00113732
-0.080687 -0.0259718 0.116235 0.00194299 0.00056034 -0.0011772
-0.0711868 -0.069478 0.209111 0.00213849 0.00034255 -0.00127852
-0.0710159 -0.00297596 0.155457 0.00207938 0.00060052 -0.0011906
-0.0787026 -0.0100901 0.132684 0.00246997 0.00065832 -0.00135021
-0.0750369 -0.0589167 0.187952 0.00229923 -6.678e-05 -0.00148371
-0.0772246 -0.0044187 0.149272 0.00243856 0.0004276 -0.00128171
-0.0811134 -0.0143585 0.130689 0.00250978 0.00048218 -0.0014587
-0.0812146 -0.060797 0.196241 0.00205095 0.00047801 -0.00135078
-0.0827404 -0.0167374 0.130673 0.00237255 0.00070718 -0.00142242
-0.077879 -0.0357885 0.114204 0.00304643 0.00070058 -0.0013714
-0.0818226 -0.0642779 0.157296 0.00295494 0.00048431 -0.00142511
-0.0930351 -0.00520282 0.117023 0.00281372 0.00073343 -0.00149639
-0.095554 -0.0523687 0.167994 0.00266902 0.00066345 -0.0015974
-0.10721 -0.0323939 0.173211 0.00265927 0.00057968 -0.00162254
-0.117011 0.00146159 0.130449 0.00266113 0.00091464 -0.00169755
-0.114848 -0.0348877 0.171925 0.00274685 0.00074176 -0.00178453
-0.105074 -0.0278422 0.166118 0.00318249 0.0004984 -0.00184877
-0.107956 -0.010081 0.134504 0.00318249 0.00088533 -0.00176328
-0.111825 -0.0556412 0.178812 0.00332648 0.00091263 -0.0019499
-0.111945 -0.0526276 0.178783 0.00309905 0.00078282 -0.00199445
-0.104895 -0.00582131 0.1283 0.00335519 0.00094205 -0.00192961
-0.0941843 -0.0549674 0.158825 0.00388614 0.00104866 -0.0017669
-0.0706929 -0.00547821 0.124496 0.00351101 0.00129908 -0.00152588
-0.0769942 -0.0175998 0.1167 0.00359893 0.00126669 -0.0016966
-0.0968876 -0.0686839 0.18739 0.00360989 0.0009957 -0.0017955
-0.0976282 0.00673798 0.139288 0.00340412 0.00122165 -0.00173828
-0.107689 -0.00635201 0.128273 0.0035429 0.00130848 -0.00195899
-0.120503 -0.0548051 0.19223 0.00342004 0.00109555 -0.00206834
-0.109752 0.0108812 0.13957 0.00357364 0.0012462 -0.00191368
-0.110684 -0.0205761 0.157293 0.00348125 0.00117145 -0.00205013
-0.12443 -0.0710413 0.189077 0.00347818 0.00103213 -0.00217718
-0.134756 -0.00129179 0.135004 0.00350165 0.00150538 -0.00218437
-0.125777 -0.0415498 0.156901 0.00380843 0.00131761 -0.00218722
-0.124332 -0.0413496 0.163168 0.00373089 0.00137683 -0.00224164
-0.142098 -0.00498219 0.131742 0.00373089 0.00148021 -0.00235137
-0.151605 -0.0483689 0.201028 0.00342451 0.00140278 -0.00247464
-0.153784 -0.0172032 0.153858 0.00341521 0.00130595 -0.00245725
-0.156219 -0.0297401 0.142049 0.00355601 0.00127566 -0.00251092
-0.150915 -0.0640488 0.19579 0.00338034 0.00109828 -0.00265464
-0.158389 -0.00666997 0.145964 0.00336272 0.00178681 -0.00255836
-0.146618 -0.0217867 0.153408 0.00381474 0.00179569 -0.00251503
-0.142538 -0.0367874 0.198375 0.00329588 0.00135304 -0.00250522
-0.13145 0.0146501 0.166646 0.00274929 0.00163011 -0.00234228
-0.0559986 -0.0266063 0.172402 0.00292445 0.00166446 -0.0017078
-0.0785095 -0.0460928 0.18288 0.00307602 0.00164392 -0.00195913
-0.0825645 -0.00695755 0.103833 0.00419879 0.00142504 -0.00183566
-0.104016 -0.0355504 0.138256 0.00358232 0.00146635 -0.0021605
-0.108836 -0.0562903 0.216819 0.0039485 0.00133176 -0.00225953
-0.107646 0.00289297 0.152842 0.00398666 0.00172934 -0.00215525
-0.106032 -0.0203321 0.183355 0.00341124 0.00195444 -0.00213635
-0.127398 -0.0522154 0.207843 0.00375936 0.0016587 -0.00262094
-0.124229 0.00352497 0.151633 0.0037518 0.00203915 -0.00236985
-0.125008 -0.0308106 0.195537 0.00334988 0.0020794 -0.00246137
-0.128689 -0.0346288 0.218392 0.00325983 0.00186042 -0.00255691
-0.13998 0.0100588 0.177417 0.00362813 0.00253367 -0.00246154
-0.130549 -0.0367424 0.208234 0.00373176 0.0023463 -0.00262942
-0.123562 -0.022428 0.177347 0.00363154 0.00239351 -0.00252204
-0.127553 -0.00794513 0.150609 0.00386535 0.00257419 -0.00251357
-0.128556 -0.0616511 0.218708 0.00390115 0.00237486 -0.00256061
-0.128787 -0.00456037 0.168539 0.00397452 0.00253323 -0.0025785
-0.129872 -0.0217965 0.161618 0.00421522 0.00269509 -0.0025485
-0.135675 -0.0474093 0.234247 0.00383349 0.00223539 -0.0026279
-0.134018 -0.00360695 0.171717 0.00383478 0.0025876 -0.00256118
-0.125324 -0.0154688 0.184718 0.00393508 0.00253224 -0.00250362
-0.12808 -0.0595526 0.235786 0.00378488 0.00215457 -0.00266261
-0.118592 0.0185667 0.159278 0.00382175 0.00242368 -0.00250948
-0.0869304 -0.0373286 0.128378 0.00714726 0.00311258 -0.00229395
-0.0620839 -0.0219616 0.156365 0.00914369 0.00286233 -0.00180427
-0.0535543 0.0299007 0.153352 0.00691977 0.00302506 -0.00169502
-0.0605888 -0.0308585 0.243356 0.00623743 0.00286233 -0.00173746
-0.056122 0.0264577 0.183119 0.00669852 0.0028534 -0.00173746
-0.0533893 0.00993358 0.194577 0.00644766 0.0032379 -0.00173746
-0.0811103 -0.0528129 0.252441 0.00626677 0.00323792 -0.0020248
-0.101372 0.0223955 0.188274 0.00658616 0.00360071 -0.00206974
-0.117756 -0.0467841 0.236232 0.00644801 0.00336282 -0.00232555
-0.139153 0.00963232 0.186041 0.00662405 0.00365943 -0.00257142
-0.14027 -0.00243649 0.18144 0.00637773 0.0034816 -0.00267537
-0.13796 -0.0446704 0.244604 0.00628251 0.00335926 -0.00262073
-0.140328 0.0212741 0.20343 0.00673678 0.0037316 -0.0025497
-0.15513 -0.019326 0.23526 0.00630638 0.00361763 -0.00269395
-0.171336 -0.020282 0.245466 0.00619844 0.0037316 -0.00292906
-0.186628 0.012352 0.214516 0.00627278 0.00346211 -0.00301024
-0.19042 -0.0131645 0.259007 0.00638902 0.00360694 -0.00320388
-0.188592 -0.0102173 0.244589 0.00437092 0.00343621 -0.0030217
-0.175538 -0.00967867 0.190836 0.00397088 0.00290392 -0.00276589
-0.178078 -0.0956088 0.388404 0.00414176 0.00255144 -0.00273931
-0.200006 0.04289 0.286242 0.00458727 0.00313255 -0.0027136
-0.176448 -0.0118403 0.274359 0.00552808 0.00264245 -0.00262354
-0.171361 -0.00911993 0.286732 0.00527247 0.00241764 -0.00259452
-0.189006 0.0555338 0.242397 0.00544795 0.00266771 -0.00266326
-0.189002 -0.0124959 0.305279 0.00513547 0.00233376 -0.00255619
-0.197256 -0.0372782 0.3951 0.00572958 0.00242777 -0.0027139
-0.216652 0.0533754 0.318264 0.00546319 0.00295869 -0.00290675
-0.23179 -0.00026451 0.286876 0.00549528 0.0030228 -0.00302371
-0.196177 -0.0600244 0.395005 0.00576548 0.00304309 -0.00268095
-0.197108 0.0314624 0.343374 0.00502501 0.00306131 -0.00292867
-0.201342 0.00925479 0.336395 0.00552061 0.00324909 -0.00291413
-0.148828 -0.0243195 0.368955 0.0086167 0.00374992 -0.00257109
-0.119295 0.0289162 0.28804 0.00894921 0.00439316 -0.00205347
-0.139384 0.0144603 0.301 0.00666739 0.00406113 -0.00232467
-0.141211 -0.0376743 0.403716 0.00670397 0.0039366 -0.00242614
-0.161646 0.0473374 0.334598 0.00657796 0.00410396 -0.00239281
-0.176847 0.003947 0.341819 0.00665783 0.00417662 -0.00265316
-0.172144 -0.0210973 0.386888 0.00657796 0.00421106 -0.00267661
-0.160713 0.0634051 0.329155 0.00657796 0.00441335 -0.00239751
-0.163551 -0.0132129 0.409395 0.00515639 0.00410524 -0.00250264
-0.148802 0.00446333 0.3135 0.00797146 0.0043298 -0.00225764
-0.146845 0.0120951 0.206308 0.00859934 0.00411435 -0.00231583
-0.143139 -0.0240745 0.372946 0.00774659 0.00406257 -0.00222264
-0.170728 0.0751346 0.281803 0.00676845 0.00423527 -0.00232674
-0.179642 0.00237615 0.309043 0.00621048 0.00375681 -0.0023944
-0.175417 -0.0331786 0.382184 0.00617799 0.00374344 -0.00240726
-0.205793 0.0574306 0.328695 0.00667789 0.00399744 -0.00260337
-0.194708 0.0217499 0.333425 0.00667789 0.00396724 -0.00264093
-0.181718 -0.0201399 0.429496 0.00609533 0.0034966 -0.00248265
-0.194607 0.0585978 0.387318 0.00628912 0.00366488 -0.00266656
-0.200485 -0.0205272 0.462102 0.00636774 0.00369411 -0.00281868
-0.206483 0.0203521 0.406601 0.00626531 0.003929 -0.00260984
-0.185413 0.0217096 0.368759 0.00730401 0.00402088 -0.00271346
-0.162177 -0.0442833 0.408021 0.00696577 0.00339909 -0.0022225
-0.196051 0.0227757 0.359653 0.00619817 0.00344089 -0.00232385
-0.201852 -0.00743325 0.384606 0.0065111 0.00392484 -0.00244036
-0.218842 -0.0426777 0.462437 0.00656642 0.00401113 -0.00278697
-0.227501 0.0372463 0.413253 0.00694659 0.00422908 -0.00301124
-0.228661 0.0191194 0.40013 0.00671359 0.00437967 -0.00291706
-0.218989 -0.0174618 0.47586 0.00660128 0.00422479 -0.00286448
-0.220504 0.0355219 0.43893 0.00645722 0.00445764 -0.00302926
-0.21909 -0.0045254 0.458384 0.00656601 0.00452808 -0.00300259
-0.210804 -0.021583 0.496021 0.00603135 0.00418681 -0.00298345
-0.214418 0.0321206 0.427541 0.00654034 0.0045939 -0.0029222
-0.206121 -0.0230106 0.464076 0.00708388 0.00480663 -0.00283723
-0.206208 0.00835621 0.407533 0.00720724 0.00438858 -0.00289918
-0.210034 0.00516326 0.417564 0.00720724 0.00457009 -0.00285025
-0.202585 -0.0516156 0.489285 0.00730027 0.00432904 -0.00285308
-0.214714 0.0327591 0.416435 0.00753421 0.00423249 -0.00293224
-0.218241 -0.00488901 0.444333 0.00735422 0.00423902 -0.00289026
-0.239043 -0.0226107 0.458425 0.00733835 0.00431851 -0.0031086
-0.243387 0.0437917 0.400111 0.00735547 0.00428423 -0.00304861
-0.231886 -0.0198908 0.454511 0.00756421 0.0044721 -0.00324926
-0.233791 0.00217217 0.449054 0.00762493 0.00409184 -0.00303887
-0.227952 0.0334302 0.404831 0.00779027 0.00435347 -0.00275571
-0.215873 -0.0349707 0.454849 0.00761959 0.00431943 -0.00291979
-0.213428 0.0150216 0.421092 0.00812034 0.00434661 -0.00284574
-0.204403 0.0132431 0.40772 0.0077505 0.00469322 -0.00291987
-0.195654 -0.0412057 0.481742 0.0076633 0.0042292 -0.0028666
-0.192421 0.0377401 0.4079 0.00754265 0.00426258 -0.00258414
-0.183418 0.0208338 0.394685 0.00758101 0.00461342 -0.00263623
-0.181367 -0.0411715 0.464035 0.00747269 0.00458617 -0.00235692
-0.171834 0.0532859 0.406863 0.00762521 0.00465442 -0.00235938
-0.182632 0.0261825 0.385985 0.00808484 0.00483745 -0.0022741
-0.197482 -0.0397994 0.464197 0.00780412 0.00500507 -0.00250688
-0.21124 0.0339771 0.405389 0.00781666 0.00476466 -0.0026302
-0.23099 0.00732964 0.394922 0.0081381 0.00488491 -0.00278835
-0.222927 -0.0440277 0.475288 0.0080966 0.00488698 -0.00270371
-0.224454 0.0573947 0.414895 0.0084124 0.00488587 -0.00251665
-0.225344 0.0240441 0.391946 0.0086835 0.0051118 -0.00259654
-0.219517 -0.0336191 0.466686 0.00820856 0.00493871 -0.00254037
-0.211048 0.0389036 0.395141 0.00832272 0.00489018 -0.00240173
-0.194632 -0.0143533 0.44873 0.00840131 0.00539906 -0.0023854
-0.211626 0.0297618 0.413536 0.00818396 0.00521741 -0.00244512
-0.212591 0.0255499 0.42118 0.00851688 0.00540768 -0.00245647
-0.214833 -0.0252365 0.485494 0.00805993 0.00540109 -0.00258097
-0.209557 0.0451323 0.417767 0.00810058 0.00545011 -0.00200849
-0.195796 -0.00635056 0.467923 0.00797128 0.00539624 -0.00206054
-0.148925 0.023561 0.400446 0.00899743 0.00504129 -0.00144315
-0.11391 0.0431191 0.336835 0.0087654 0.00540374 -0.00107789
-0.137013 -0.0153394 0.455368 0.00886178 0.00546243 -0.00144729
-0.148317 0.0632762 0.41669 0.00916118 0.00546243 -0.00135949
-0.153294 0.0343528 0.41983 0.00911728 0.00568782 -0.00128668
-0.17732 -0.0140421 0.487871 0.00899997 0.00546878 -0.0017115
-0.176932 0.0734628 0.45722 0.00926566 0.00521781 -0.00143055
-0.171245 0.0322435 0.454615 0.00922431 0.00528107 -0.00154824
-0.143647 -0.0183464 0.534798 0.00892881 0.00480317 -0.00143055
-0.156373 0.0603569 0.453018 0.00875947 0.005193 -0.00143055
-0.133408 -0.00841657 0.477391 0.00908326 0.00503343 -0.00143056
-0.152292 -0.00078358 0.488138 0.0086917 0.00477193 -0.0016186
-0.141233 0.082331 0.404221 0.00976706 0.00515014 -0.00143055
-0.0795318 -0.00317163 0.391237 0.0146203 0.00554144 -0.00102092
-0.101912 0.0846066 0.367468 0.0118938 0.00526286 -0.00090005
-0.111332 0.0587878 0.419968 0.011368 0.00554144 -0.00102467
-0.137899 0.00583055 0.50192 0.0110808 0.00503088 -0.00143055
-0.160223 0.0813805 0.464233 0.0105298 0.00545376 -0.00092433
-0.157825 0.00507045 0.50019 0.0111928 0.0058039 -0.00129335
-0.151472 0.0148878 0.486486 0.0107909 0.00515341 -0.00133995
-0.151687 0.0631177 0.447719 0.0108549 0.00584035 -0.00143055
-0.151195 -0.00619586 0.541493 0.0105057 0.00530099 -0.00117345
-0.153849 0.0722719 0.48007 0.010429 0.00520828 -0.00129471
-0.155771 -0.00253416 0.540519 0.0105675 0.00553253 -0.00143055
-0.144923 0.0905965 0.463799 0.0107058 0.00536883 -0.00143055
-0.144886 0.0522542 0.448514 0.0105968 0.00557273 -0.00143055
-0.146252 -0.0159009 0.519356 0.01091 0.00559349 -0.00143055
-0.144904 0.0467566 0.478302 0.0112454 0.00558236 -0.00143055
-0.119239 0.0277925 0.527125 0.0116252 0.00488571 -0.0010248
-0.0612835 0.15909 0.539783 0.00808676 0.00397572 -0.00080872
-0.0593275 0.0781804 0.517018 0.00816832 0.00453817 -0.00089715
-0.0762915 -0.0218709 0.565136 0.00918716 0.00476077 -0.00112407
-0.038161 0.0288807 0.47299 0.00974628 0.00387443 -0.00076233
-0.00359419 0.0191267 0.443692 0.0100255 0.00334517 -0.00017424
0.0455464 0.0464639 0.503142 0.00908177 0.00326182 0.00078412
0.0837504 0.113753 0.399116 0.00988468 0.00396902 0.00099133
0.0779325 0.0495902 0.451565 0.0104159 0.00370663 0.00093085
0.0575011 0.0535158 0.445778 0.0100747 0.0036985 0.00101662
0.0377058 0.0822558 0.395269 0.0109392 0.00437393 0.00078412
0.0276111 0.0220711 0.466023 0.0105567 0.00434981 0.00046363
0.0105472 0.0387928 0.457885 0.0104986 0.00450187 0.00039074
-0.00689633 0.0655977 0.436202 0.0107071 0.00477728 0.0001994
-0.0310719 0.0236492 0.463809 0.0109534 0.00477728 -0.00011342
-0.0529483 0.00630014 0.510519 0.0108366 0.00482861 -0.00060772
-0.053977 0.0577495 0.464086 0.0109326 0.00504988 -0.00063618
-0.0310887 -0.00385191 0.519051 0.0113329 0.00500318 -0.00038594
-0.0552444 0.111099 0.435064 0.0112041 0.00542065 -0.00057961
-0.0523043 0.0585534 0.449947 0.011316 0.00556399 -0.00063618
-0.0481541 0.018042 0.49521 0.0115011 0.0053535 -0.00063618
0.0214252 0.0816645 0.451979 0.0115254 0.00488682 0.00032697
-0.00565704 -0.012077 0.52363 0.0118696 0.00405807 -0.00041117
0.0096841 0.0864872 0.437038 0.0113489 0.00427135 -7.645e-05
-0.0123438 0.0246865 0.452626 0.0112027 0.00468985 -0.00036066
-0.00931018 -0.00124299 0.501727 0.0103259 0.00445129 -0.00015789
-0.0193727 0.0691045 0.461135 0.0106113 0.00439838 -0.00045864
-0.03277 -0.0143602 0.527418 0.0110666 0.00488369 -0.00080026
-0.0303153 0.0846618 0.425963 0.0120894 0.00491749 -0.00063618
-0.0270154 0.0563332 0.448033 0.0114767 0.00484324 -0.00063619
-0.0376698 0.0116408 0.504124 0.0111514 0.004548 -0.00063618
-0.0528888 0.104573 0.442281 0.0117133 0.00504206 -0.00063618
-0.0633641 0.0172402 0.489702 0.0119012 0.00528267 -0.00088618
-0.0681445 0.0278582 0.517835 0.0116427 0.00484708 -0.00063619
-0.0645728 0.0895997 0.436845 0.0121406 0.00494503 -0.00063619
-0.045518 -0.0237396 0.502146 0.0121721 0.00487989 -0.00047149
-0.056621 0.0163776 0.476932 0.0122134 0.00496641 -0.00033343
-0.0475656 0.0322885 0.480051 0.0123071 0.00462346 -8.375e-05
-0.0487613 -0.0094681 0.536498 0.0120174 0.00464999 -0.00023948
-0.0572886 0.0943098 0.436905 0.0128995 0.00511252 -0.00040173
-0.0124819 0.0449171 0.428782 0.0218969 0.00594777 0.00023886
0.00059689 0.0511136 0.422886 0.0214903 0.00524746 0.0001579
-0.0201625 0.127515 0.386686 0.0181975 0.00550874 0.00010592
-0.0118928 0.050176 0.469196 0.017656 0.00532813 6.045e-05
-0.0256456 0.104477 0.425864 0.0173191 0.00543936 5.6e-06
-0.0375328 0.0389711 0.474104 0.017454 0.00562214 -0.00027434
-0.0641949 0.0712804 0.441486 0.0171576 0.00578728 -0.00063619
-0.0835177 0.0693696 0.429156 0.0178462 0.00586097 -0.000897
-0.091917 0.00551946 0.499816 0.0172946 0.00566074 -0.00092723
-0.0879493 0.0905509 0.418647 0.0179598 0.00586607 -0.00104287
-0.076361 0.00397468 0.500042 0.0192622 0.00606016 -0.00068466
-0.0807985 0.112452 0.435337 0.019024 0.00606016 -0.00070378
-0.0615681 0.063682 0.48764 0.0193497 0.00590865 -0.00037115
-0.0956672 0.010325 0.519161 0.019757 0.00508471 -0.00049781
-0.0981842 0.125851 0.468122 0.0191621 0.00561467 -0.00023713
-0.0929062 0.0706554 0.479422 0.0192925 0.00581089 -0.00046143
-0.0977166 0.00885202 0.550807 0.0192177 0.00607324 -0.00054127
-0.101737 0.0987981 0.483007 0.0193569 0.00598859 -0.00079038
-0.0982065 0.0269339 0.533598 0.0190365 0.00613015 -0.00081334
-0.102503 0.0621756 0.500175 0.0188044 0.00626448 -0.00085506
-0.0941977 0.0777384 0.498216 0.0192338 0.00651509 -0.00050164
-0.097895 -0.0052196 0.587961 0.0193047 0.00624556 -0.00042377
-0.116332 0.105737 0.493667 0.019329 0.00609314 -0.00048472
-0.107749 0.0733387 0.509407 0.0194046 0.00621365 -0.00037028
-0.105371 0.0186423 0.613506 0.0174082 0.00593223 -0.00022666
-0.122776 0.110289 0.587753 0.0157762 0.00584502 -0.00037893
-0.119106 0.0717073 0.543018 0.0165799 0.00649446 -0.00062075
-0.0965661 0.0108775 0.625831 0.0173402 0.00585599 -0.00037912
-0.0901594 0.0751165 0.534483 0.0175319 0.00582084 -0.00012275
-0.087004 0.0677893 0.50424 0.017964 0.00624067 -0.00014209
-0.0547783 0.0125347 0.524935 0.0221862 0.00584069 0.00028862
-0.04354 0.0963916 0.437112 0.0218911 0.00509284 0.00058353
-0.0476192 0.112347 0.427997 0.0205192 0.00538578 0.00021304
-0.0602338 0.0378779 0.526214 0.0204777 0.00552412 0.00021304
-0.0598407 0.086562 0.494481 0.0212877 0.00519728 -0.00014431
-0.0599509 0.113034 0.488437 0.0211222 0.00546079 4.686e-05
-0.0824783 0.0439897 0.578578 0.0207555 0.00555847 -0.0002495
-0.0931738 0.117056 0.494001 0.0208961 0.00582757 -0.00021896
-0.0936521 0.0256547 0.610243 0.0203388 0.00554842 -0.00014764
-0.0924692 0.117682 0.522252 0.0204126 0.00593205 -7.819e-05
-0.0820015 0.0812654 0.504313 0.0208181 0.00610978 5e-07
-0.0814994 0.0151754 0.596036 0.0204701 0.00565256 -0.00033838
-0.088437 0.122291 0.511853 0.0204791 0.00584363 -0.00024504
-0.0810554 0.0196902 0.571438 0.0208509 0.00602422 -6.587e-05
-0.0755123 0.0770846 0.528337 0.0205662 0.00571773 -7.723e-05
-0.0592837 0.0482206 0.604734 0.0202502 0.00552987 0.00025737
-0.0607354 0.119514 0.586833 0.0198396 0.00576311 0.00018813
-0.065932 0.100977 0.565711 0.0204803 0.00575305 -0.00011401
-0.0566982 0.0153821 0.666937 0.0201598 0.00422666 -2.75e-06
-0.0608859 0.0983038 0.603108 0.0202953 0.00491686 -8.505e-05
-0.0629259 0.044048 0.61375 0.0202853 0.00491541 -8.749e-05
-0.0498308 0.0447925 0.596521 0.0202927 0.00479068 0.00032032
-0.0451672 0.0342289 0.622747 0.0203719 0.00469422 0.00039468
-0.0678036 0.0460674 0.619915 0.0196599 0.00413128 0.00043724
-0.0588807 0.114064 0.618034 0.0202858 0.00496801 0.00111076
-0.0213944 0.0418777 0.655684 0.0203241 0.00427141 0.00148514
-0.0376924 0.137387 0.578632 0.0205128 0.00412891 0.00120555
-0.057279 0.105476 0.578375 0.0208152 0.00450116 0.00062398
-0.0655987 0.0686706 0.665152 0.0198403 0.00422665 0.00044917
-0.0594826 0.132009 0.564494 0.0199338 0.00453156 0.00061909
-0.0320963 0.0573522 0.612923 0.0211179 0.00453156 0.00102984
-0.0195341 0.032526 0.690491 0.0206565 0.00421898 0.00137453
-0.0210508 0.140791 0.56612 0.0213265 0.00500475 0.00127454
-0.00807946 0.0277633 0.664193 0.0213926 0.00476315 0.00122517
0.00358418 0.127377 0.588885 0.0218269 0.00477409 0.00131038
0.0043496 0.0347377 0.692988 0.0220264 0.004331 0.00149319
-0.00298359 0.150743 0.577779 0.0218158 0.00460479 0.00164542
-0.0179956 0.0842945 0.603113 0.0222545 0.00476034 0.00136956
-0.0277274 0.0327938 0.658589 0.0219842 0.00460479 0.00122187
-0.0301524 0.124888 0.56678 0.0221563 0.00503925 0.00103488
-0.0267559 0.0732248 0.637842 0.0221884 0.00485479 0.00103617
-0.0398912 0.0616264 0.674882 0.021815 0.00447264 0.00099943
-0.034457 0.0679839 0.681256 0.021815 0.00481726 0.00092059
-0.0287019 0.108363 0.590889 0.0221256 0.00528223 0.00102987
-0.0155538 0.0584372 0.618936 0.0229031 0.00533246 0.00090595
-0.00332165 0.0666979 0.618671 0.0230453 0.00517888 0.00096114
-0.00540523 0.102304 0.599972 0.0228513 0.00517888 0.00115341
-0.00564608 0.0466954 0.660142 0.0226204 0.00495939 0.00107336
0.0119116 0.10117 0.597991 0.0223276 0.00477344 0.00119453
0.00015345 0.044544 0.714018 0.0218846 0.00421294 0.00120322
-0.00719614 0.13492 0.597351 0.0221097 0.00477344 0.00122674
-0.00047165 0.0716359 0.603899 0.0223901 0.00427606 0.00113644
0.00304262 0.0610747 0.635255 0.0212427 0.00455106 0.00119522
0.0142344 0.0727463 0.593301 0.0221765 0.00412485 0.00121707
0.00615181 0.0373242 0.665667 0.0223416 0.00427497 0.00125337
0.0209755 0.154206 0.531133 0.0237508 0.00436194 0.00131065
0.0228049 0.0802216 0.609287 0.0238611 0.00437125 0.00134214
0.0179046 0.109989 0.581816 0.0229938 0.00451314 0.00133895
0.0146828 0.100692 0.565295 0.0230867 0.0045783 0.00142359
-0.00893921 0.0487267 0.645475 0.0226581 0.00471674 0.00128469
-0.0239892 0.13342 0.557899 0.023102 0.00508236 0.00114638
-0.0160037 0.0529574 0.615173 0.0229707 0.00472831 0.00109729
-0.0449172 0.0855226 0.60271 0.0230715 0.00472588 0.00086824
-0.0368428 0.0635236 0.633625 0.0239092 0.00437458 0.0011122
-0.0265491 0.0536896 0.735828 0.0231194 0.00381751 0.00112782
-0.0353248 0.172302 0.609564 0.0235835 0.00387646 0.00102406
-0.0245372 0.114096 0.579108 0.0238341 0.00445773 0.00119916
-0.0241267 0.0403633 0.669946 0.0233103 0.00421642 0.00116436
-0.0246707 0.119227 0.560336 0.0230477 0.00441817 0.00127105
-0.0144001 0.076552 0.575195 0.0234039 0.00430679 0.00108662
-0.00606374 0.0234545 0.661901 0.0230477 0.0044181 0.00128044
-0.017159 0.110015 0.560608 0.0229886 0.0045131 0.00126114
-0.0120726 0.0312685 0.646978 0.0234722 0.00424752 0.00138852
-0.024616 0.109003 0.583466 0.023427 0.00381268 0.00135693
-0.0167952 0.132945 0.554637 0.0233431 0.00389798 0.00149274
-0.00778714 0.0592335 0.661645 0.0232232 0.00333519 0.00168188
-0.0340143 0.155122 0.546163 0.0240068 0.00359857 0.00143274
-0.0187134 0.0791624 0.619823 0.0247722 0.00394158 0.00137431
-0.0181204 0.0920318 0.598649 0.0249867 0.00389232 0.0015397
-0.0120311 0.0979608 0.594827 0.024636 0.00385027 0.00168077
0.00039117 0.0799269 0.635919 0.0241321 0.00386783 0.00173421
0.019074 0.126253 0.586416 0.0248823 0.0040627 0.00197284
0.0277501 0.0540748 0.618962 0.024226 0.00378634 0.00199754
0.0268282 0.133343 0.559969 0.0242279 0.00366018 0.00201983
0.0420303 0.049853 0.631491 0.0244533 0.00382438 0.00201622
0.0409892 0.0768744 0.610593 0.0244193 0.00389365 0.00182765
0.0329825 0.0961872 0.641871 0.0245494 0.00389365 0.00178643
0.0390207 0.0906531 0.644998 0.0240555 0.00389365 0.00190919
0.0482107 0.128774 0.598223 0.0244627 0.00389365 0.00242301
0.0465547 0.0593767 0.656313 0.023959 0.00351699 0.00237723
0.0426723 0.166045 0.556552 0.0247806 0.00363377 0.00231792
0.0375054 0.051218 0.671391 0.0239953 0.00364057 0.00204007
0.0755861 0.130224 0.57143 0.0259281 0.00343818 0.00253281
0.084731 0.109171 0.534163 0.0264562 0.00354713 0.00269269
0.0801738 0.0796508 0.526992 0.0267015 0.00325161 0.00257873
0.0846882 0.156775 0.523146 0.0259936 0.00407857 0.00269506
0.0738024 0.0549775 0.655539 0.0250506 0.00354713 0.00251277
0.0524416 0.143293 0.59529 0.0246664 0.00408063 0.00224818
0.0523126 0.109438 0.587496 0.0252817 0.00406956 0.00212058
0.0503181 0.0595171 0.649228 0.0247851 0.00410796 0.00200071
0.0562388 0.1297 0.57487 0.0249289 0.00452731 0.00220359
0.0509534 0.024651 0.812292 0.0194065 0.00486075 0.00190718
0.0125232 0.072957 0.741693 0.0172135 0.00440497 0.00140945
0.023013 0.0284735 0.652126 0.0205785 0.00461232 0.00141287
0.0545166 0.0440289 0.632948 0.0240739 0.00485915 0.00217595
0.0454807 0.0630727 0.671393 0.0241666 0.00485915 0.00232421
0.0415754 0.187779 0.552398 0.0241751 0.00485915 0.00239285
0.045003 0.0875261 0.687918 0.0245061 0.00470615 0.00233689
0.0391169 0.121923 0.666351 0.0247657 0.00485915 0.00237712
0.0283818 0.127891 0.625267 0.0248764 0.00492504 0.00222904
0.0239935 0.0432322 0.73074 0.0240813 0.00450626 0.00194038
0.00315793 0.140549 0.621354 0.0245407 0.00475342 0.00196854
0.0109662 0.0690808 0.687456 0.0243317 0.00450591 0.00191436
0.0235317 0.0372164 0.744814 0.0239653 0.00431712 0.00211959
0.0306759 0.0759595 0.700029 0.0243159 0.00444053 0.00226156
0.0502406 0.105332 0.631001 0.0241453 0.00451387 0.00232711
0.0740185 0.138871 0.565492 0.0242909 0.00476436 0.00241356
0.0788386 0.0361421 0.702974 0.0239516 0.00468511 0.00238668
0.0711901 0.160659 0.6321 0.0237346 0.0044039 0.00253698
0.0757642 0.127278 0.638631 0.0240629 0.0045996 0.00247252
0.0829213 0.0381152 0.73878 0.0237456 0.00406354 0.00263793
0.0734792 0.175128 0.652146 0.024129 0.00459716 0.00259125
0.0812801 0.0538745 0.731584 0.0238827 0.00449381 0.00220806
0.0772893 0.104069 0.684288 0.0232329 0.00474715 0.00236069
0.111969 0.0722135 0.731291 0.0237938 0.00414917 0.00261598
0.136665 0.0852419 0.762078 0.0229224 0.00429005 0.00311578
0.171979 0.164087 0.646549 0.0241636 0.00474555 0.00343359
0.254776 0.0764834 0.673114 0.024475 0.00375727 0.00405368
0.235485 0.14835 0.550309 0.0249183 0.00481613 0.00398024
0.179855 0.0757747 0.7244 0.0234393 0.00396086 0.00337015
0.152168 0.117939 0.749666 0.022071 0.00434592 0.003406
0.136241 0.115367 0.71506 0.0222563 0.00509232 0.00340004
0.125111 0.0735511 0.768264 0.0223659 0.00483831 0.0032444
0.0851015 0.14016 0.698526 0.0232245 0.00499179 0.00297675
0.110897 0.0572319 0.788338 0.0238145 0.00458241 0.00312269
0.156622 0.160504 0.750619 0.0232752 0.00387954 0.00361944
0.176078 0.0536489 0.822198 0.0238636 0.00404399 0.00404402
0.162404 0.143953 0.726361 0.0247774 0.00483514 0.00417121
0.160159 0.105028 0.769688 0.0247794 0.00432636 0.0039937
0.174021 0.102289 0.775672 0.0250939 0.00395399 0.00430484
0.180322 0.160403 0.723228 0.0258789 0.00447631 0.00448391
0.190081 0.0276032 0.839953 0.0251772 0.0038991 0.00454231
0.177598 0.179828 0.785084 0.0238979 0.00428913 0.00438217
0.188759 0.116177 0.799503 0.0246269 0.00428416 0.00474273
0.18143 0.0480569 0.839407 0.0248422 0.0039119 0.00442025
0.172233 0.149744 0.765037 0.0251905 0.00447666 0.00448511
0.18139 0.0833205 0.855716 0.0263475 0.00390709 0.00440125
0.216704 0.235159 0.963372 0.0185416 0.00314852 0.00468949
0.270027 0.160746 1.05857 0.0162426 0.00142224 0.00468949
0.311194 0.0811999 0.803804 0.0248201 0.00270517 0.00468949
0.320861 0.154199 0.461037 0.0275993 0.00256088 0.00543467
0.293859 0.125795 0.67763 0.0235351 0.00340931 0.00464666
0.24258 0.159391 0.751124 0.0226519 0.00301324 0.00442518
0.273826 0.208769 0.743553 0.0215998 0.00315447 0.00527521
0.247378 0.127302 0.846577 0.0214794 0.00321273 0.00446969
0.218952 0.196037 0.787314 0.0218037 0.00372166 0.00429465
0.225622 0.150891 0.80324 0.022449 0.00373132 0.00438034
0.219542 0.106708 0.842159 0.0221592 0.00361682 0.00444425
0.210526 0.175237 0.753265 0.0233668 0.00397725 0.00425469
0.228281 0.0544916 0.820714 0.0234868 0.00372531 0.00421266
0.219587 0.113532 0.744294 0.0248026 0.00379118 0.00432533
0.225315 0.0605958 0.850394 0.0246971 0.00342934 0.00469819
0.240924 0.159607 0.788603 0.024884 0.00386097 0.00492353
0.223965 0.0889322 0.856512 0.0242259 0.00319543 0.00463513
0.233738 0.156143 0.793272 0.0249062 0.00367936 0.00474331
0.226837 0.107427 0.847224 0.0246364 0.00324903 0.00470618
0.24694 0.185594 0.800885 0.0245054 0.00406689 0.0048311
0.253416 0.149265 0.879427 0.0225419 0.00399517 0.00448109
0.238963 0.0876597 0.910091 0.0221222 0.00392006 0.00401144
0.230875 0.136229 0.856824 0.021745 0.00442804 0.00378953
0.269692 0.0638539 0.840534 0.0240198 0.00414008 0.00442417
0.262936 0.143261 0.757838 0.0238326 0.00447619 0.00467438
0.261941 0.162986 0.733967 0.0235498 0.00478323 0.00441044
0.261847 0.116259 0.849197 0.0227983 0.00442804 0.00461863
0.25316 0.211235 0.78061 0.022742 0.00427325 0.0045475
0.247056 0.169996 0.820379 0.022819 0.00400228 0.00425832
0.248248 0.134697 0.873875 0.0225927 0.00394962 0.0045537
0.253649 0.206785 0.770315 0.0225231 0.00483335 0.00475752
0.263747 0.102639 0.852364 0.0224021 0.00461957 0.00473094
0.278827 0.152504 0.790722 0.0231422 0.00470994 0.00497371
0.282065 0.144035 0.775255 0.0226178 0.00470607 0.00493112
0.270664 0.0858371 0.820572 0.0222784 0.00497975 0.00455573
0.274681 0.166259 0.757186 0.0225169 0.00525822 0.00479446
0.272641 0.103476 0.838369 0.0222735 0.00448968 0.0047212
0.26521 0.153198 0.789369 0.0222075 0.00448767 0.00434789
0.262557 0.166589 0.779789 0.0225926 0.00482828 0.00434789
0.263771 0.106596 0.869521 0.0223458 0.00448408 0.00401473
0.276634 0.196067 0.760791 0.0227888 0.00489015 0.00451025
0.277372 0.0859404 0.856966 0.0223397 0.00436668 0.004493
0.254746 0.169987 0.746364 0.0230324 0.00391049 0.00434789
0.256262 0.119307 0.761276 0.023319 0.00445793 0.00434789
0.248975 0.098222 0.792466 0.0232875 0.00401705 0.00416677
0.242949 0.134544 0.754702 0.0249869 0.00436205 0.00468369
0.217848 0.00454285 0.861062 0.0242598 0.0035183 0.00409382
0.183869 0.153874 0.79148 0.0234481 0.00354989 0.00417528
0.136309 0.0621104 0.930861 0.0229178 0.00293346 0.00300831
0.119962 0.147777 0.789794 0.0234105 0.00320576 0.00325973
0.109602 0.0885917 0.830196 0.022084 0.00341671 0.0033263
0.130345 0.00541553 0.966881 0.0224248 0.00321328 0.00298479
0.126258 0.123072 0.855585 0.0231734 0.00378925 0.00290561
0.147653 0.0646344 0.901486 0.0235257 0.00375901 0.00271559
0.178846 0.0866127 0.816574 0.0236434 0.00377713 0.00328226
0.192665 0.116563 0.759766 0.0242059 0.0041465 0.00362477
0.190524 0.0188806 0.880437 0.0234856 0.00374209 0.00358984
0.213947 0.117225 0.817591 0.0243554 0.00349896 0.00410833
0.216558 0.0425445 0.848484 0.0250776 0.00290125 0.00444152
0.275218 0.234797 0.836532 0.0246984 0.00291726 0.00515585
0.257544 0.169766 0.979822 0.0214311 0.00182938 0.00437739
0.210963 0.149647 0.932847 0.0207797 0.00320346 0.00390598
0.215444 0.144409 0.854015 0.0208206 0.00384688 0.00394172
0.22031 0.0618552 0.950769 0.0203469 0.00349104 0.00405198
0.20086 0.16035 0.876136 0.0189405 0.00378438 0.00396988
0.238089 0.103524 0.840048 0.0222688 0.00408654 0.00402522
0.227903 0.106737 0.83048 0.0218172 0.00366542 0.00443159
0.244159 0.0989977 0.865817 0.0223223 0.00374483 0.00479432
0.238367 0.09495 0.85813 0.0231452 0.00272499 0.00469048
0.244887 0.194462 0.826737 0.0219086 0.00243999 0.0046303
0.22299 0.118149 0.906257 0.0215038 0.00240813 0.00440587
0.195194 0.191508 0.847423 0.0200898 0.00275864 0.00415753
0.190307 0.118869 0.887319 0.020327 0.00300344 0.00361325
0.198889 0.0888834 0.913454 0.0198373 0.00300344 0.0039537
0.197301 0.120093 0.819723 0.0207007 0.00336378 0.00402522
0.227045 0.0433248 0.90555 0.0207289 0.00320399 0.00385493
0.211673 0.11091 0.850865 0.0209451 0.00378179 0.00402522
0.224359 0.0831828 0.847503 0.0227289 0.00348605 0.00418025
0.226164 0.0999916 0.85198 0.0227289 0.00359926 0.00402522
0.230052 0.167245 0.801894 0.0235208 0.00275495 0.004268
0.231584 0.0834139 0.940202 0.0218366 0.00290631 0.00446549
0.230213 0.195733 0.841058 0.0223344 0.00352877 0.00449609
0.225924 0.138077 0.824876 0.0228212 0.00328622 0.00440146
0.210706 0.0415635 0.930732 0.0225335 0.00297707 0.00402522
0.210485 0.148045 0.826609 0.0225214 0.0030404 0.00448149
0.231073 0.102197 0.867118 0.0230722 0.00227085 0.0046211
0.239679 0.0617947 0.901341 0.0228262 0.00205366 0.00460593
0.241879 0.124325 0.818943 0.0233358 0.00242357 0.00478373
0.26527 0.0466381 0.890774 0.023833 0.00210045 0.00459023
0.289217 0.167454 0.757132 0.0248996 0.00313841 0.00525904
0.294873 0.136454 0.803109 0.0234229 0.00339088 0.00511657
0.302965 0.0878826 0.873996 0.0227899 0.00344136 0.00526401
0.282307 0.193144 0.811065 0.0231458 0.00336225 0.00532884
0.260345 0.0899809 0.900953 0.0229628 0.00326555 0.00469738
0.226368 0.155248 0.816629 0.0230993 0.00311959 0.0046085
0.252737 0.0930707 0.868717 0.0229539 0.00325009 0.00453718
0.246435 0.0437661 0.915139 0.023149 0.00315346 0.00476216
0.235053 0.132321 0.816618 0.023403 0.00341394 0.00461515
0.229758 0.050843 0.911294 0.0238447 0.00298356 0.00448108
0.261987 0.150157 0.777131 0.026047 0.00296308 0.00516693
0.261605 0.0600727 0.849541 0.0255041 0.00316736 0.0049735
0.259019 0.185845 0.799613 0.0257659 0.00333204 0.00538318
0.240955 0.0919345 0.869726 0.0245137 0.00280501 0.00500589
0.240274 0.175031 0.780802 0.0247418 0.00365092 0.00520948
0.226214 0.0572128 0.890799 0.0244 0.00325634 0.00460776
0.200927 0.128442 0.849444 0.0241857 0.00330973 0.00438964
0.194365 0.12844 0.813795 0.0243447 0.00394027 0.00438824
0.219008 0.0376088 0.903077 0.0238273 0.0034986 0.00457256
0.210428 0.143468 0.820807 0.0236526 0.00326846 0.00471167
0.230678 0.0867706 0.860677 0.0242946 0.00351215 0.00500436
0.237352 0.0344621 0.900884 0.0239744 0.00351215 0.00499645
0.228434 0.188521 0.793602 0.0247833 0.00320796 0.00486948
0.233824 0.123753 0.828091 0.0246926 0.00364141 0.00504226
0.223867 0.112371 0.866019 0.0242235 0.00358892 0.00486778
0.230164 0.186797 0.779031 0.0245608 0.00351215 0.00505017
0.287202 0.125408 0.808755 0.0250212 0.00352472 0.00664858
0.301811 0.131005 0.780131 0.024611 0.00334971 0.00734545
0.271977 0.198039 0.353603 0.0253437 0.00388325 0.00695809
0.299432 0.107535 0.30853 0.0249164 0.00344154 0.00706014
0.319788 0.13334 0.472553 0.0242892 0.00369238 0.00820677
0.268902 0.163451 0.627633 0.0252159 0.00276327 0.00733006
0.263221 0.282562 0.419665 0.0247721 0.00301878 0.00686181
0.291702 0.199804 0.440717 0.0243471 0.00340373 0.00712832
0.232397 0.0639632 0.922616 0.0104626 0.00119823 0.00472146
0.18579 0.0930413 0.773034 0.0133093 0.00157604 0.00421134
0.188633 0.0808334 0.753632 0.0144834 0.00216184 0.00412169
0.208837 0.0199282 0.8937 0.0139954 0.00235635 0.00464847
0.192204 0.128244 0.78838 0.0135935 0.00275093 0.00434261
0.184006 0.0950417 0.786223 0.0137527 0.00290583 0.00430694
0.183919 0.0635734 0.870266 0.0138211 0.00365971 0.00445646
0.166499 0.162161 0.772047 0.0137527 0.00364388 0.00421357
0.140952 0.10715 0.833478 0.0145095 0.0038798 0.00376331
0.159599 0.0709441 0.898385 0.0131223 0.00357864 0.00404074
0.131721 0.157418 0.795329 0.0147826 0.00404458 0.00376244
0.1327 0.107364 0.805585 0.0151 0.00445685 0.0037349
0.146641 0.0549376 0.877248 0.0148653 0.0039616 0.00372453
0.162501 0.150962 0.822553 0.0145397 0.00406525 0.00399668
0.171678 0.0937505 0.859951 0.0145885 0.00394341 0.00415242
