0.0471584 0.158075 0.211892 -0.00431972 0.00334127 6.656e-05
0.0434376 0.172395 0.217836 -0.00452236 0.00315941 0.00016544
0.0284094 0.293913 0.300308 -0.00719581 0.0034948 0.00030294
0.0150698 0.138177 0.245061 -0.00618361 0.0032596 0.00043232
0.0215507 0.0437884 0.228217 -0.00572856 0.0036849 0.00014246
0.0277134 0.160004 0.266383 -0.00723467 0.004 -0.00011835
0.006547 0.292061 0.348396 -0.00804063 0.00331126 -0.00011338
0.0159886 0.162866 0.30963 -0.0068915 0.00344642 -0.00010092
0.0278151 0.184082 0.294622 -0.0068333 0.00351923 -0.00027156
0.0232206 0.210632 0.295279 -0.00719735 0.00363154 -0.00029304
0.0163635 0.288859 0.319844 -0.00793162 0.00353246 -0.00031449
0.00633105 0.225852 0.296216 -0.00768878 0.00356976 2.822e-05
0.0119697 0.151535 0.318449 -0.00805612 0.00392887 -7.83e-05
0.012458 0.176693 0.299316 -0.00780178 0.004 -0.00019942
0.00778435 0.231474 0.330382 -0.00866949 0.004 -0.00016439
0.001029 0.229414 0.344547 -0.00922989 0.00399534 7.847e-05
0.0146286 0.142534 0.332228 -0.00884468 0.00410192 -4.033e-05
0.0274754 0.182994 0.333163 -0.00897145 0.00409252 -0.00017273
0.0144989 0.24962 0.378884 -0.0103325 0.00383965 -0.00024112
0.0176842 0.270945 0.374458 -0.010772 0.00405199 -0.00011899
0.0243232 0.129665 0.339898 -0.0101098 0.00437658 -0.00013228
0.0277756 0.205599 0.342592 -0.00975449 0.00444848 -0.00020077
0.017278 0.30023 0.380457 -0.0111218 0.00417022 -8.608e-05
0.0129599 0.182802 0.363713 -0.0103078 0.0041104 0.0001528
0.0155404 0.146795 0.334707 -0.00964472 0.00447571 6.879e-05
0.0131974 0.221153 0.354911 -0.0101876 0.00435456 -8.993e-05
0.00147872 0.261381 0.373671 -0.0110308 0.0039321 5.665e-05
0.00164688 0.14056 0.353669 -0.00965852 0.00400018 0.00021135
-0.0103755 0.244092 0.410404 -0.0106692 0.00384895 0.00019231
-0.0194834 0.215554 0.386213 -0.0108634 0.00435277 0.00035477
-0.00882035 0.13517 0.346682 -0.0100487 0.00476987 -0.00013558
-0.0149646 0.264544 0.396491 -0.0110482 0.00467413 -0.00014006
-0.026256 0.181095 0.355107 -0.0114346 0.00504573 4.218e-05
-0.0201016 0.169786 0.317278 -0.0112697 0.00486051 0.00035477
-0.0309535 0.266801 0.368339 -0.0118712 0.00494118 0.00035477
-0.0370874 0.167668 0.334211 -0.0113386 0.00486676 0.00035477
-0.0357177 0.187804 0.32843 -0.0111006 0.00490952 0.00035477
-0.0405226 0.256021 0.355361 -0.0121821 0.00520609 0.00035477
-0.0280384 0.146975 0.352305 -0.0118025 0.00520777 0.00035477
-0.0277457 0.193115 0.36947 -0.0118612 0.00554084 0.00025333
-0.037827 0.270146 0.385832 -0.0126798 0.00532813 0.00035477
-0.0296511 0.119829 0.3236 -0.0125048 0.00603124 0.0002754
-0.0264193 0.163504 0.315535 -0.0120281 0.00575937 -9.569e-05
-0.0341512 0.274933 0.377727 -0.0127453 0.00576543 -0.00010469
-0.030008 0.173356 0.345491 -0.0126742 0.00565731 -0.0001945
-0.0362339 0.15759 0.340405 -0.0126686 0.00554903 -0.0002972
-0.0671376 0.256965 0.396625 -0.0135384 0.00619571 -0.00053101
-0.0612755 0.11536 0.347643 -0.0128492 0.00654001 -0.00034718
-0.0470916 0.194559 0.355693 -0.0123684 0.00633938 -0.00073628
-0.0618203 0.264325 0.386697 -0.0131635 0.00621766 -0.00066351
-0.0446045 0.100829 0.304769 -0.0126796 0.00693689 -0.0006066
-0.0505351 0.171463 0.31166 -0.012511 0.00658188 -0.00063457
-0.0545172 0.274752 0.358554 -0.0136321 0.00675834 -0.00073017
-0.0510099 0.131945 0.333471 -0.0135319 0.00688243 -0.00055517
-0.0445672 0.171194 0.371838 -0.0131408 0.00683499 -0.00065261
-0.0416354 0.293718 0.438146 -0.0141121 0.00652336 -0.00083176
-0.0258079 0.133834 0.361543 -0.0128846 0.00689539 -0.00091028
-0.0271268 0.157863 0.363669 -0.0128014 0.00690502 -0.00091165
-0.0391551 0.285693 0.418029 -0.0140411 0.00663512 -0.00065261
-0.0335193 0.131277 0.383658 -0.0135764 0.00701615 -0.00086115
-0.0269665 0.14454 0.382829 -0.0130821 0.00701106 -0.00092157
-0.0308481 0.26805 0.40705 -0.0143158 0.00715378 -0.00065261
-0.0291546 0.131087 0.36476 -0.014684 0.0078451 -0.00065261
-0.0348025 0.165505 0.356664 -0.0146591 0.00828237 -0.00052643
-0.0479423 0.308644 0.453508 -0.015827 0.00757107 -0.00065261
-0.0413192 0.135851 0.38577 -0.014345 0.00811159 -0.00024747
-0.0109468 0.165344 0.306333 -0.0165165 0.0104132 -0.00118476
-0.0390235 0.305881 0.369863 -0.0182889 0.00959087 -0.00113075
-0.0374156 0.117534 0.247356 -0.0165337 0.00988085 -0.00104889
-0.0668676 0.244463 0.48449 -0.0180704 0.00978812 -0.00113075
-0.0643068 0.342081 0.563984 -0.0184948 0.00935345 -0.00113075
-0.0536979 0.106533 0.357501 -0.0168746 0.00967627 -0.00118797
-0.0389824 0.117061 0.303344 -0.0174089 0.0106484 -0.00113075
-0.0216835 0.33385 0.671444 -0.0265239 0.013466 0.00012559
-0.0432285 0.280867 0.721896 -0.0272349 0.0139932 0.00060954
-0.0322678 0.208132 0.61167 -0.0257618 0.014007 0.00036381
-0.0196049 0.227684 0.522413 -0.027437 0.0144061 -0.00018662
-0.0313374 0.337751 0.560785 -0.0276343 0.0141014 0.00014845
-0.0337776 0.215028 0.547034 -0.0268475 0.0142659 -7.134e-05
-0.0274849 0.197179 0.493846 -0.0255935 0.014682 -0.00064445
-0.0453817 0.229617 0.491874 -0.025939 0.0151523 -0.00052465
-0.0660692 0.268847 0.493147 -0.026104 0.0149523 -0.00037475
-0.0612286 0.132499 0.404378 -0.0252586 0.0147868 -0.00061152
-0.0807787 0.214057 0.442146 -0.0260638 0.0148555 -0.00054883
-0.083686 0.186006 0.423265 -0.0267828 0.0150311 -0.00060302
-0.0708824 0.0768876 0.3521 -0.0257614 0.0153581 -0.00073675
-0.0876615 0.223547 0.397358 -0.0264784 0.0145674 -0.00053469
-0.101741 0.1945 0.385817 -0.0266633 0.0148824 -0.00043358
-0.0814016 0.0792565 0.340509 -0.0257507 0.0145154 -0.0005859
-0.102078 0.239742 0.388182 -0.0267146 0.0145742 -0.00049216
-0.102048 0.217486 0.386441 -0.0262528 0.0142159 -0.00051103
-0.114339 0.138891 0.324227 -0.0230247 0.0132855 -0.00101073
-0.0920092 0.147656 0.171766 -0.0200598 0.0141605 -0.00120549
-0.123596 0.164612 0.297214 -0.0226673 0.0143887 -0.00127583
-0.149486 0.271136 0.412656 -0.0231072 0.0136716 -0.00134253
-0.142344 0.130792 0.417439 -0.0231443 0.0137959 -0.0010098
-0.115335 0.0645435 0.392384 -0.0228729 0.0135545 -0.00050491
-0.130405 0.235376 0.453351 -0.0240253 0.0132549 -0.00077293
-0.128261 0.192302 0.441296 -0.023871 0.0130515 -0.00063342
-0.122694 0.110556 0.407495 -0.0235489 0.0130514 -0.00067597
-0.13186 0.226108 0.438845 -0.024343 0.0129331 -0.00082863
-0.129914 0.296222 0.457778 -0.0251164 0.0128585 -0.00080498
-0.120168 0.132248 0.386298 -0.0242824 0.0132254 -0.00053988
-0.119069 0.205761 0.42715 -0.025737 0.0135987 -0.00068572
-0.124926 0.283136 0.455645 -0.0265796 0.013111 -0.00073481
-0.123552 0.11454 0.399205 -0.0252637 0.013224 -0.00041918
-0.116593 0.156135 0.413788 -0.0253285 0.0127871 -0.00028293
-0.124346 0.257062 0.482689 -0.0265587 0.0126713 -0.00029525
-0.124118 0.144393 0.449731 -0.0262976 0.0129861 -2.142e-05
-0.115799 0.139705 0.419138 -0.0258322 0.0125339 -5.913e-05
-0.12417 0.248044 0.443954 -0.0258401 0.0123372 -0.00049322
-0.1274 0.24312 0.44019 -0.0268206 0.0128859 -0.00016742
-0.108645 0.124575 0.422412 -0.0266551 0.0131234 0.00013363
-0.0941706 0.19028 0.435182 -0.0275906 0.0129132 -0.00043294
-0.108105 0.285605 0.479369 -0.0298734 0.0138147 -0.00077284
-0.0910743 0.144043 0.422616 -0.0284939 0.0130783 -0.00036943
-0.083835 0.161597 0.412646 -0.028573 0.0130628 -0.00036943
-0.099536 0.278772 0.454907 -0.0295942 0.0128205 -0.00036943
-0.107813 0.130155 0.431787 -0.0290194 0.0129456 -0.00036943
-0.0912184 0.139667 0.422 -0.0291438 0.0132821 -0.00036943
-0.102569 0.263685 0.47041 -0.0301678 0.0127886 -0.00045304
-0.105143 0.142217 0.388304 -0.0281685 0.0130779 -0.00036943
-0.0833745 0.126002 0.401491 -0.0298544 0.0136255 -0.00036943
-0.0954373 0.26485 0.476705 -0.0320666 0.0136659 -0.00036943
-0.0858673 0.12444 0.451202 -0.0327413 0.0136972 -0.00025506
-0.0777284 0.128818 0.390468 -0.0309538 0.0137639 -0.00036943
-0.0901594 0.237895 0.439819 -0.0315471 0.0138931 -0.00036943
-0.0992983 0.180728 0.443189 -0.0317584 0.0138803 -0.00026007
-0.0820165 0.102199 0.397729 -0.0313319 0.0139326 -0.00036943
-0.0976744 0.241271 0.450283 -0.0321315 0.013935 -0.00036943
-0.099942 0.161652 0.415888 -0.0317054 0.0135753 -0.00020588
-0.080922 0.0633588 0.392998 -0.0323341 0.0134713 -9.716e-05
-0.087965 0.215287 0.439022 -0.0328561 0.0135579 0.00011517
-0.0740037 0.127598 0.409838 -0.0326687 0.0142593 -1.791e-05
-0.0517093 0.126809 0.437378 -0.034444 0.0146569 0.00020782
-0.0470556 0.263353 0.460089 -0.0348711 0.0151561 -0.00048797
-0.046438 0.16015 0.454699 -0.0337451 0.0147455 -0.00027502
-0.0484199 0.174251 0.419156 -0.0330986 0.014854 -0.00050181
-0.0661033 0.289871 0.454571 -0.0338698 0.0146519 -0.00043335
-0.0660214 0.129628 0.426143 -0.0333568 0.0146072 -0.00022274
-0.0520148 0.170969 0.450571 -0.0332806 0.0142992 -0.00014466
-0.0891232 0.282218 0.56329 -0.0351691 0.0139513 0.00063324
-0.176916 0.00606546 0.494588 -0.0373571 0.0159566 0.00145341
-0.16348 0.0965458 0.558372 -0.0406893 0.0156007 0.00263324
-0.156921 0.145218 0.517865 -0.0339671 0.0142573 0.00263324
-0.14394 0.190994 0.539296 -0.0355365 0.0139848 0.00175309
-0.151804 0.168805 0.557781 -0.0374757 0.0131582 0.00178727
-0.179206 0.316947 0.706905 -0.0376856 0.0116888 0.00199799
-0.185563 0.084043 0.639162 -0.0368773 0.0112822 0.00197456
-0.170118 0.0858346 0.627518 -0.0365188 0.0112926 0.00162686
-0.170198 0.255843 0.779691 -0.0374099 0.0104534 0.00156755
-0.148101 0.114947 0.682041 -0.0373932 0.0103328 0.00218071
-0.1338 0.0631099 0.596795 -0.0363053 0.0112656 0.00196751
-0.139161 0.213689 0.693416 -0.0384349 0.00995839 0.00207276
-0.150801 0.217481 0.697297 -0.0380345 0.0104843 0.00232276
-0.125513 0.129404 0.633562 -0.0378404 0.0105084 0.00161257
-0.122175 0.198896 0.632659 -0.0375758 0.0104009 0.00168583
-0.13525 0.287296 0.708323 -0.0389279 0.0104129 0.00196497
-0.129854 0.146628 0.674494 -0.0387669 0.0106377 0.0019413
-0.122835 0.123967 0.68325 -0.0389677 0.0107307 0.00180539
-0.124153 0.209031 0.704847 -0.0395393 0.0107979 0.00161257
-0.113462 0.20347 0.701164 -0.0395371 0.0101802 0.001868
-0.0837535 0.0735552 0.612199 -0.0400826 0.0111526 0.00161257
-0.068632 0.131801 0.615014 -0.0427869 0.0125151 0.00161257
-0.085516 0.264895 0.694227 -0.0432425 0.0119823 0.00178614
-0.0918673 0.154001 0.664179 -0.0419391 0.0116243 0.00171804
-0.086737 0.0887808 0.602898 -0.0407492 0.0123093 0.00168307
-0.0814213 0.164478 0.598008 -0.0410849 0.0121576 0.0016546
-0.0755554 0.176942 0.507844 -0.0408198 0.0126522 0.00128631
-0.0598353 0.0244793 0.303523 -0.0387684 0.0140257 0.00070718
-0.0521662 0.0920437 0.202211 -0.0380444 0.013713 0.00070718
-0.0613777 0.279485 0.43779 -0.0390699 0.0126326 0.00130139
-0.0588692 0.269132 0.620559 -0.0404823 0.0119348 0.00130104
-0.0655418 0.0625019 0.371718 -0.0391013 0.0129702 0.00131025
-0.0550198 0.184929 0.536823 -0.0402077 0.0118236 0.00155828
-0.0604766 0.165231 0.449151 -0.0412966 0.0120641 0.00154465
-0.0469212 0.0829969 0.552766 -0.0420282 0.0116883 0.00171064
-0.0522762 0.174572 0.680792 -0.0426618 0.0107614 0.00172655
-0.0602242 0.231157 0.77416 -0.0430325 0.0108061 0.00192701
-0.0624804 0.069985 0.728026 -0.0427864 0.0106616 0.00200119
-0.0603195 0.145052 0.748823 -0.042191 0.0106572 0.00199247
-0.0741582 0.285226 0.832851 -0.0433924 0.0107645 0.00201747
-0.0553731 0.116381 0.724996 -0.0424609 0.0107417 0.00190011
-0.037217 0.16225 0.731601 -0.0431482 0.0111594 0.0016259
-0.0364845 0.291429 0.84827 -0.0455064 0.0109837 0.00141528
-0.0290021 0.157073 0.757006 -0.0435951 0.0109096 0.00168547
-0.0349848 0.206579 0.76302 -0.0428558 0.0108986 0.00167246
-0.0411151 0.273024 0.837375 -0.04486 0.0110798 0.0016883
-0.0278999 0.0645601 0.735821 -0.0439407 0.0110408 0.00180583
-0.020948 0.12472 0.678387 -0.0437573 0.0102633 0.00220754
-0.0207577 0.218063 0.761823 -0.0445684 0.010862 0.00164974
-0.0471638 0.267913 0.810636 -0.0439205 0.0105837 0.00184685
-0.0420612 0.098674 0.725978 -0.0439077 0.0101737 0.00203992
-0.0383345 0.191128 0.75133 -0.0442817 0.0104995 0.00179539
-0.0371036 0.221236 0.786124 -0.0456543 0.0104638 0.00198553
-0.0197801 0.0842265 0.673636 -0.0452078 0.0113515 0.00182381
-0.0132018 0.184839 0.717867 -0.0451668 0.0108469 0.00169969
-0.0229667 0.264914 0.787656 -0.0457605 0.0106602 0.00170758
-0.0143403 0.110391 0.719813 -0.0453127 0.0109665 0.00182287
-0.0120252 0.16199 0.700814 -0.0459506 0.0104003 0.00174922
-0.014587 0.262963 0.775401 -0.0471263 0.0107314 0.00153533
-0.00718325 0.146068 0.726093 -0.0453822 0.0103095 0.00177278
-0.00789234 0.18284 0.722518 -0.0450439 0.0101804 0.00186491
-0.0236343 0.256001 0.790996 -0.0459379 0.00989246 0.00188798
-0.017332 0.0875942 0.679165 -0.045016 0.0100141 0.00196461
-0.0212039 0.165344 0.708608 -0.0454538 0.0100495 0.00205709
-0.0272859 0.210562 0.773479 -0.0464264 0.00985935 0.00215804
-0.0117146 0.0754055 0.694712 -0.0455718 0.00992011 0.00209746
-0.0158444 0.17664 0.716307 -0.0473598 0.010443 0.00173946
-0.0154231 0.244178 0.758405 -0.0483115 0.0100712 0.0019001
-0.00246999 0.126081 0.719314 -0.0469765 0.00984646 0.00212925
-0.00768965 0.167475 0.684331 -0.0460934 0.009235 0.00282124
-0.0164431 0.348436 0.786855 -0.0464126 0.00832715 0.00329602
-0.0506308 0.288781 0.834134 -0.0460225 0.00799627 0.00375483
-0.0547598 0.010801 0.707365 -0.0441476 0.0074576 0.00374588
-0.0449821 0.0721583 0.705561 -0.0433971 0.00697629 0.00318299
-0.062314 0.223729 0.766725 -0.043871 0.00738432 0.00325155
-0.0614754 0.090622 0.732965 -0.0432743 0.00727057 0.00320315
-0.0543065 0.140574 0.717876 -0.0429066 0.00735789 0.00318662
-0.0491654 0.302207 0.785906 -0.0440711 0.00719595 0.0030311
-0.0543124 0.209779 0.7513 -0.0434871 0.00752309 0.00288547
-0.0448723 0.184264 0.715045 -0.0432469 0.00804486 0.00293181
-0.0472666 0.244852 0.786001 -0.0446002 0.00782978 0.00276089
-0.044358 0.266216 0.815388 -0.0448652 0.00806183 0.00277934
-0.0349622 0.151048 0.745316 -0.0437011 0.00794146 0.00275469
-0.0345205 0.174558 0.748613 -0.0440778 0.0076849 0.00275556
-0.0350641 0.273033 0.829151 -0.0454083 0.00785443 0.00270125
-0.0385103 0.120306 0.743384 -0.0442773 0.00756024 0.00279463
-0.0359254 0.16839 0.74896 -0.0440819 0.0074473 0.00276505
-0.0402633 0.275859 0.816866 -0.0449867 0.00758998 0.00276907
-0.0188571 0.120091 0.711604 -0.0442994 0.00788038 0.00250523
-0.0228482 0.199252 0.738985 -0.0443741 0.00803558 0.00262499
-0.0349639 0.277595 0.785376 -0.045378 0.00758168 0.00272851
-0.0211457 0.138024 0.700506 -0.0440509 0.00815199 0.0025875
-0.0334653 0.279704 0.785294 -0.045073 0.00759493 0.00289359
-0.0403462 0.226551 0.778117 -0.0447965 0.00778898 0.00305411
-0.0329427 0.119801 0.697665 -0.0437401 0.00745505 0.0028708
-0.0382919 0.224552 0.763514 -0.0443529 0.00731137 0.00289072
-0.0328411 0.229438 0.786273 -0.0450171 0.00770485 0.00278074
-0.0164311 0.129884 0.720885 -0.0447318 0.00776811 0.00277982
-0.013149 0.221734 0.756572 -0.0459425 0.00817651 0.00287012
-0.0119577 0.289222 0.824299 -0.0472436 0.0081704 0.00254658
0.0128052 0.161634 0.757602 -0.047129 0.00860815 0.00272563
-0.00115829 0.253785 0.786883 -0.0472843 0.0084597 0.00278491
-0.0124527 0.374061 0.895361 -0.0478886 0.00803373 0.00280387
-0.0359216 0.115853 0.788512 -0.0461894 0.0079535 0.00308164
-0.0338362 0.124639 0.756287 -0.0455699 0.00770174 0.003302
-0.0327639 0.279893 0.82757 -0.0466445 0.00749738 0.00322743
-0.0239085 0.196586 0.834454 -0.046587 0.00746764 0.00312297
-0.0115263 0.167307 0.790404 -0.0460888 0.00742974 0.00295481
-0.0235278 0.273514 0.812471 -0.0456249 0.00711297 0.00322743
-0.0316825 0.314457 0.823098 -0.0447131 0.00729904 0.00322743
-0.0245253 0.169681 0.763293 -0.0442515 0.00740472 0.00320192
-0.0176508 0.208399 0.781473 -0.0453812 0.00741327 0.00334239
-0.0271182 0.321771 0.866077 -0.0468308 0.00731274 0.00298841
-0.0274964 0.200522 0.832469 -0.0461187 0.00759918 0.00353046
-0.0221284 0.203991 0.800719 -0.0454326 0.00733721 0.0031233
-0.0358489 0.310191 0.8678 -0.0468424 0.00725713 0.00354446
-0.0354531 0.188869 0.82914 -0.0460294 0.00758383 0.00319234
-0.0137252 0.196822 0.802919 -0.0457975 0.00746984 0.00315516
-0.0307207 0.294346 0.665153 -0.0453527 0.00759101 0.00346731
-0.0408486 0.248094 0.754233 -0.0458083 0.00766028 0.0035392
-0.0306862 0.182862 0.819142 -0.0467369 0.00785562 0.00309069
-0.0260553 0.242166 0.846435 -0.0467887 0.00745267 0.0032601
-0.0331301 0.362408 0.914462 -0.0473182 0.00747428 0.0033119
-0.0183681 0.184962 0.832805 -0.0465602 0.00736738 0.0032998
-0.0200201 0.201488 0.842179 -0.0468491 0.00770325 0.0031688
-0.0285652 0.316022 0.946867 -0.0473537 0.00825572 0.00339708
-0.0732735 0.0873975 0.859182 -0.0473868 0.00739377 0.00403767
-0.0888151 0.25451 1.00725 -0.050315 0.0085637 0.00388147
-0.101499 0.434578 1.11622 -0.0503673 0.00732963 0.00345824
-0.109647 0.111316 1.06986 -0.0523097 0.00690306 0.00335068
-0.114876 0.115697 1.01309 -0.0527056 0.00705077 0.00362265
-0.10676 0.211597 1.04375 -0.0531325 0.00697779 0.00362265
-0.105868 0.265922 1.05309 -0.0525126 0.00657053 0.00411752
-0.107635 0.355931 1.0717 -0.0523787 0.00624753 0.00417965
-0.105443 0.314493 1.03188 -0.0524732 0.00603704 0.00439987
-0.0995055 0.29528 1.0237 -0.0521989 0.00583862 0.00436469
-0.102115 0.287928 0.996587 -0.0519747 0.00564836 0.00405242
-0.0974907 0.288167 1.01803 -0.0521242 0.00604153 0.00417965
-0.0945001 0.174114 1.01433 -0.051723 0.00639648 0.00430065
-0.085005 0.135549 1.00997 -0.0517643 0.00632453 0.00417965
-0.0827852 0.179171 1.00519 -0.052585 0.00665495 0.00417965
-0.083876 0.28525 1.06244 -0.0536171 0.00690238 0.00400219
-0.0800719 0.183768 1.02702 -0.0536249 0.0066522 0.00395211
-0.0695094 0.214919 1.03093 -0.0529501 0.0068547 0.0039687
-0.0762632 0.299748 1.07127 -0.0532029 0.00752873 0.004058
-0.0772987 0.346761 1.09613 -0.0529171 0.00786827 0.00388829
-0.0751495 0.2101 1.01079 -0.052812 0.00763245 0.00408108
-0.085188 0.348824 1.10225 -0.0539711 0.00736694 0.00401662
-0.0801207 0.208373 1.07688 -0.05323 0.00741474 0.0038416
-0.070968 0.154347 1.01366 -0.0531684 0.00728451 0.00383367
-0.0777496 0.289358 1.10364 -0.0540724 0.00754387 0.00370541
-0.0681085 0.190484 1.09363 -0.0536617 0.00751231 0.00370541
-0.0631513 0.170064 1.06337 -0.0527658 0.00749927 0.00370541
-0.071729 0.319975 1.12697 -0.0534149 0.00726348 0.00389956
-0.0682818 0.243902 1.04647 -0.0527481 0.00740557 0.00367097
-0.062925 0.225385 1.03228 -0.0530478 0.00760547 0.00402866
-0.0680259 0.344424 1.08812 -0.0539356 0.00748114 0.00395235
-0.0623846 0.258882 1.07109 -0.0542535 0.00770254 0.004217
-0.0407241 0.210464 1.02439 -0.054377 0.00781595 0.00387941
-0.0388257 0.272491 1.06389 -0.0565818 0.00871556 0.00375535
-0.0359648 0.25114 1.06061 -0.0577546 0.00930613 0.00381992
-0.0532179 0.194993 1.04038 -0.0560792 0.00870678 0.00406646
-0.0707383 0.266975 1.0732 -0.055921 0.00847089 0.00404111
-0.0804292 0.278521 1.06385 -0.0562665 0.00865982 0.00423968
-0.0696933 0.158442 1.02159 -0.0559688 0.00820277 0.00415257
-0.0844561 0.262119 1.06634 -0.0562866 0.00846246 0.00437828
-0.0925755 0.283499 1.10116 -0.0566015 0.00847461 0.00463834
-0.0770777 0.185308 1.02351 -0.0562944 0.00871068 0.00434401
-0.0908239 0.297373 1.08023 -0.0565153 0.0087212 0.00442236
-0.0867409 0.277382 1.11008 -0.0568529 0.00868323 0.00445723
-0.0770212 0.178696 1.07614 -0.0574626 0.0086582 0.0044882
-0.0941571 0.306988 1.12141 -0.0575809 0.00843061 0.00466333
-0.0903341 0.209982 1.08252 -0.05717 0.00886041 0.00470679
-0.0721926 0.183811 1.05387 -0.0572216 0.0092713 0.00453392
-0.079013 0.313751 1.13443 -0.0580768 0.00880184 0.00460276
-0.0780636 0.234633 1.08103 -0.0570338 0.00921111 0.00468058
-0.0602364 0.19671 1.05058 -0.0578745 0.00947709 0.00444687
-0.0774936 0.310767 1.14011 -0.0589692 0.00979473 0.00485833
-0.0593404 0.265771 1.12316 -0.0584822 0.00969096 0.00464394
-0.0454544 0.199633 1.0739 -0.0577053 0.00971748 0.00430389
-0.0511865 0.305273 1.1643 -0.0593484 0.0100412 0.00445853
-0.0308444 0.251497 1.14917 -0.0588296 0.0102651 0.00445995
-0.0256301 0.206497 1.09946 -0.0582175 0.00998161 0.00438738
-0.0467973 0.265308 1.12481 -0.0584981 0.00974393 0.004698
-0.0684203 0.347378 1.20355 -0.0594061 0.0104144 0.00478783
-0.0621937 0.202931 1.09954 -0.0584813 0.0101624 0.00481359
-0.0662842 0.260274 1.118 -0.0583683 0.0106401 0.00477554
-0.0783898 0.328941 1.16284 -0.0595903 0.0105784 0.00479407
-0.057769 0.159054 1.08578 -0.0585824 0.00995343 0.00461853
-0.0693704 0.258343 1.14442 -0.0594629 0.0104156 0.00466223
-0.0613867 0.286472 1.13949 -0.0596406 0.0104236 0.00467091
-0.0247632 0.169823 1.05475 -0.0595155 0.0113027 0.00457508
-0.0361038 0.296856 1.10089 -0.0602275 0.011861 0.00467443
-0.0386954 0.290528 1.13911 -0.0599238 0.011528 0.00476286
-0.0339374 0.217293 1.07594 -0.059354 0.0116913 0.00470822
-0.0460653 0.314799 1.17621 -0.0605744 0.0110593 0.00480747
-0.0320573 0.22957 1.08256 -0.0592846 0.0115256 0.00484964
-0.0393901 0.21265 1.10003 -0.0602187 0.0116087 0.00458526
-0.0414957 0.284451 1.1834 -0.0610222 0.0114503 0.00479511
-0.00281678 0.168837 1.06649 -0.0609399 0.0120016 0.00461977
0.0292081 0.222303 1.00847 -0.0625916 0.0133305 0.0042762
0.00730907 0.31827 1.07715 -0.0629295 0.0131702 0.00460973
-0.0216858 0.238724 1.03488 -0.0614945 0.0130086 0.00502844
-0.0303675 0.245914 1.06348 -0.0616495 0.0122559 0.00522111
-0.0573495 0.322842 1.15492 -0.062579 0.0119682 0.00539496
-0.0531336 0.203707 1.05973 -0.0617913 0.0122268 0.00517847
-0.057244 0.226295 1.10681 -0.0624287 0.0120279 0.00555045
-0.0676874 0.280927 1.09177 -0.0628547 0.0122029 0.00560019
-0.0622473 0.129838 1.02835 -0.0622129 0.0118072 0.00529378
-0.0752614 0.240326 1.09394 -0.063197 0.0116257 0.00523595
-0.0658153 0.238508 1.07642 -0.0626072 0.0119405 0.0056982
-0.0499947 0.134414 0.939814 -0.0614661 0.0124242 0.00549567
-0.0757479 0.333412 1.12517 -0.0638754 0.0114704 0.00548595
-0.0568193 0.202713 1.09632 -0.0636731 0.0118008 0.00521849
-0.0945328 0.305469 1.26951 -0.0653027 0.0116241 0.00507325
-0.0981008 0.369038 1.35995 -0.0649642 0.0118811 0.00573732
-0.0702578 0.18958 1.28507 -0.0635483 0.00920462 0.00516734
-0.0630296 0.182242 1.25443 -0.0647149 0.0089396 0.00485308
-0.068773 0.286354 1.35893 -0.0672625 0.00872685 0.00494452
-0.0678195 0.249735 1.32518 -0.067097 0.00853651 0.00497819
-0.0686894 0.240301 1.28719 -0.0667156 0.00796175 0.00495827
-0.0694533 0.329589 1.38871 -0.0689712 0.00829522 0.00517469
-0.051582 0.269562 1.33713 -0.0674203 0.00824665 0.00507388
-0.0380939 0.23384 1.27417 -0.0669847 0.00839465 0.0053152
-0.0443799 0.30291 1.329 -0.067635 0.00829873 0.00545041
-0.0326796 0.309683 1.32784 -0.0674352 0.00843838 0.00565539
-0.0131581 0.184285 1.24755 -0.0663486 0.00830803 0.00534459
-0.0037411 0.228667 1.27296 -0.0674925 0.0089067 0.00490878
0.00369379 0.278864 1.27868 -0.0674276 0.00922407 0.00542021
0.0193991 0.172876 1.19508 -0.0672012 0.00967781 0.00493716
0.0207046 0.215648 1.18177 -0.0672554 0.0099209 0.00517049
0.013502 0.27977 1.23645 -0.0677066 0.00970803 0.00514822
-0.00222481 0.327076 1.28094 -0.0689214 0.00930981 0.00570078
0.00825862 0.18785 1.1605 -0.0659983 0.0091438 0.00533527
-0.0128854 0.278422 1.20134 -0.0658841 0.00855254 0.00524719
-0.0205655 0.280228 1.20166 -0.0649003 0.0080107 0.00516572
-0.00376134 0.170266 1.0953 -0.0645207 0.00860579 0.00541263
-0.0103735 0.280212 1.14764 -0.063883 0.00781719 0.00528886
-0.00589087 0.212519 1.04907 -0.0603407 0.00677786 0.00513483
-0.0314158 0.297698 1.08733 -0.0473072 0.00239965 0.00364534
-0.0303356 0.378065 1.15629 -0.0470161 0.00185204 0.00409432
0.00018855 0.200899 1.1229 -0.0471803 0.00179433 0.00409432
0.0161318 0.237461 1.12965 -0.0496057 0.00288987 0.00409432
0.032204 0.317586 1.14424 -0.0523871 0.00359596 0.00409432
0.0620624 0.21793 1.08114 -0.0530644 0.00447989 0.00393099
0.0520423 0.286559 1.1066 -0.0526917 0.00461003 0.00432158
0.0338187 0.389986 1.16101 -0.0536102 0.00480451 0.00440782
0.0308102 0.256359 1.08888 -0.0539531 0.00476756 0.00448109
0.0375043 0.253686 1.09512 -0.0544519 0.00480159 0.0044684
0.0342786 0.328976 1.15692 -0.0553837 0.00471209 0.00461181
0.0450877 0.170624 1.10068 -0.0551566 0.00433624 0.00440782
0.0596801 0.212278 1.10986 -0.0552909 0.00449984 0.00446892
0.0612566 0.314635 1.14544 -0.0558897 0.00484321 0.0047787
0.0658994 0.191129 1.11088 -0.0556579 0.00480768 0.00446539
0.0727768 0.21524 1.11086 -0.0555967 0.00494794 0.00477868
0.0672415 0.311463 1.17418 -0.0566551 0.00489064 0.00510166
0.058433 0.308878 1.15992 -0.0565474 0.00479598 0.00487278
0.0638241 0.204658 1.08483 -0.056048 0.00498934 0.00515207
0.0668761 0.304474 1.13209 -0.0573209 0.00529582 0.00507358
0.0910249 0.262405 1.06597 -0.0586725 0.00659288 0.00468445
0.0975024 0.212323 0.948777 -0.0607994 0.00854797 0.00504084
0.103176 0.322528 1.04615 -0.060166 0.00743552 0.0052151
0.0848976 0.309646 1.09831 -0.0594883 0.00642089 0.00533452
0.0817799 0.201425 1.08618 -0.0585549 0.00616569 0.00533452
0.0773419 0.269736 1.15754 -0.0588623 0.00599687 0.00533452
0.0808097 0.303382 1.19363 -0.0595122 0.00638007 0.00533452
0.0725632 0.15947 1.13292 -0.058806 0.00619954 0.00533452
0.0698182 0.249926 1.13935 -0.0588018 0.00644668 0.00533452
0.0579183 0.311452 1.13581 -0.0595302 0.00628097 0.00552196
0.0600525 0.168737 1.08961 -0.059268 0.00653901 0.00555045
0.0621824 0.254569 1.11435 -0.0594347 0.00642271 0.00577425
0.0531705 0.329258 1.14346 -0.0594107 0.0061786 0.00582837
0.067693 0.191235 1.09448 -0.0591003 0.00647573 0.00573099
0.0731505 0.233626 1.10382 -0.0592883 0.00623113 0.00595784
0.0582267 0.327517 1.16296 -0.0598178 0.00623951 0.00612272
0.0624521 0.211643 1.08907 -0.0592284 0.00620344 0.00612718
0.070745 0.217447 1.09132 -0.0592429 0.00633272 0.00612971
0.0603983 0.319945 1.15308 -0.0601546 0.00646856 0.00615999
0.060765 0.217482 1.12266 -0.059735 0.00623142 0.0058147
0.0502374 0.179597 1.07588 -0.0584775 0.00639403 0.00538913
0.0493263 0.2814 1.12412 -0.059444 0.00622125 0.00562241
0.0672155 0.251423 1.11679 -0.0595247 0.0061941 0.00568998
0.0771164 0.198899 1.08756 -0.0590007 0.00643183 0.00573331
0.0716308 0.288698 1.10542 -0.0594056 0.00664432 0.0057103
0.0555803 0.308365 1.12982 -0.0605629 0.00648124 0.00585562
0.0705797 0.185616 1.07665 -0.0587411 0.00690969 0.00594401
0.0350012 0.28822 1.14071 -0.060211 0.00677138 0.00566821
0.0106336 0.354125 1.29532 -0.062089 0.00693947 0.00621812
0.0153724 0.164088 1.14444 -0.0605181 0.00645584 0.00595183
0.0160387 0.137896 1.03968 -0.0596378 0.00706783 0.00582909
0.00538679 0.238945 1.09761 -0.0612212 0.00667823 0.00576419
0.0177676 0.330519 1.17186 -0.0615023 0.00598107 0.00637904
0.0200773 0.227577 1.12732 -0.0609849 0.00572107 0.00644162
0.0165249 0.280055 1.12419 -0.060807 0.00560542 0.00623446
0.00600724 0.402464 1.23193 -0.0620326 0.00584768 0.00643745
0.0155067 0.268149 1.23006 -0.0613175 0.00568237 0.0062001
0.0185143 0.19807 1.20582 -0.0619248 0.0057564 0.00620795
0.0157816 0.260885 1.24572 -0.0627911 0.0060047 0.00607506
0.0159312 0.320921 1.35586 -0.0633888 0.00543035 0.00599332
0.0113301 0.195857 1.31601 -0.062852 0.00523591 0.00616789
0.0214256 0.210211 1.29415 -0.0633719 0.00583123 0.00621761
0.020916 0.32585 1.2961 -0.0610234 0.00547256 0.00648436
-0.0470731 0.181327 1.11686 -0.0432809 0.00748437 0.00574988
-0.00300565 0.162362 0.890247 -0.0387126 0.0108393 0.00647955
0.0242932 0.207767 0.91571 -0.037852 0.0135715 0.00894439
0.0101328 0.39714 1.01045 -0.039695 0.0134108 0.00909105
-0.0145862 0.299001 1.08979 -0.0404735 0.0124763 0.00952786
0.00435538 0.133802 0.997783 -0.0405115 0.0122439 0.00984275
0.0104524 0.212676 1.00863 -0.0405166 0.0119178 0.00994846
0.00511276 0.346397 1.13589 -0.0446956 0.0116705 0.0098382
0.0152363 0.123408 1.06749 -0.0442445 0.0109764 0.00988483
0.0145474 0.153905 0.994845 -0.0442641 0.0108069 0.00965409
0.012765 0.267451 1.03183 -0.0446223 0.0104848 0.00976389
0.0098899 0.395001 1.10979 -0.0450024 0.0101921 0.0100455
0.0183211 0.195925 1.05592 -0.0444791 0.0101592 0.010048
0.027079 0.27501 1.04662 -0.0449052 0.0093377 0.00986229
0.0170459 0.385384 1.1381 -0.0461583 0.00935884 0.0100898
0.00933917 0.189231 1.081 -0.0449987 0.00949216 0.010391
0.0322486 0.18384 1.0684 -0.0448415 0.00945194 0.0101278
0.0276673 0.312567 1.15246 -0.045445 0.0090594 0.0099855
0.0276762 0.258138 1.14347 -0.0453855 0.00909796 0.0100277
0.0244415 0.181367 1.07936 -0.0440836 0.00963558 0.0102525
0.0124276 0.283756 1.15691 -0.0450731 0.00905811 0.0103994
0.0112699 0.327323 1.18567 -0.0461972 0.00921519 0.0106402
0.0298697 0.170918 1.12842 -0.0454886 0.00861057 0.0103527
0.0382492 0.258819 1.09403 -0.0454603 0.00836508 0.0103095
0.0315006 0.380351 1.16601 -0.0467782 0.00856925 0.0105627
0.0445784 0.240437 1.13175 -0.047253 0.0081609 0.0102376
0.0553281 0.25091 1.11263 -0.0470133 0.00774269 0.00978004
0.048141 0.312978 1.1567 -0.0474727 0.00795764 0.00983178
0.0440569 0.315252 1.17846 -0.0479799 0.00820589 0.00995902
0.0591204 0.150773 1.12324 -0.0479923 0.00777426 0.0093636
0.0509584 0.238444 1.10203 -0.0479726 0.00754456 0.00955886
0.0109564 0.379917 1.13308 -0.0473576 0.00765171 0.00979409
-0.023535 0.206044 1.04022 -0.0465398 0.00667833 0.0101406
-0.0161071 0.214098 1.04088 -0.0464122 0.00647042 0.0094257
0.00227923 0.362463 1.11355 -0.0473941 0.00656145 0.00944042
0.0233908 0.199168 1.0725 -0.0472678 0.00599527 0.00899281
0.0270329 0.220384 1.08858 -0.0478026 0.0059428 0.00862168
0.0196464 0.33622 1.12547 -0.048289 0.00563898 0.00927072
0.0352334 0.156648 1.06106 -0.0477911 0.00573749 0.00887175
0.0445254 0.22852 1.07221 -0.0478475 0.00600399 0.00873511
0.0414937 0.344534 1.15188 -0.0482817 0.0058412 0.00861568
0.0379857 0.186091 1.09205 -0.0474597 0.0057336 0.00864117
0.0554229 0.229823 1.0856 -0.0480834 0.00550765 0.00833322
0.0597001 0.356716 1.14089 -0.0492355 0.00541961 0.00811344
0.0673166 0.244768 1.07464 -0.0486116 0.0055019 0.00846008
0.0621915 0.235291 1.07019 -0.0481208 0.005269 0.00829154
0.0411622 0.367343 1.16294 -0.0486876 0.00562265 0.00840555
0.0472386 0.191552 1.12681 -0.047917 0.00534083 0.00854386
0.0639962 0.172351 1.06333 -0.0481091 0.00550292 0.00856061
0.0549042 0.331931 1.1491 -0.0494986 0.00558529 0.00843331
0.0616453 0.186456 1.09806 -0.049232 0.00522486 0.00845135
0.0670529 0.207541 1.06621 -0.0485216 0.00568863 0.00830064
0.0596619 0.339524 1.14971 -0.0489825 0.00538329 0.00873648
0.0590731 0.337858 1.16489 -0.0491522 0.00551265 0.00871213
0.069215 0.218524 1.11049 -0.0491462 0.00540224 0.00840566
0.0773543 0.281619 1.12021 -0.0497918 0.00526663 0.00830014
0.0773332 0.357926 1.15697 -0.050553 0.0052365 0.00835108
0.094531 0.188769 1.06507 -0.0494056 0.00538132 0.0083691
0.106241 0.213404 1.0609 -0.0502923 0.00543493 0.00817202
0.0801451 0.328275 1.14718 -0.0511124 0.00551103 0.00791046
0.0815442 0.22204 1.10152 -0.0508009 0.00546295 0.00795785
0.0781774 0.226512 1.12131 -0.0503596 0.00580367 0.00838815
0.051292 0.380117 1.28525 -0.0530963 0.00573296 0.00872585
0.0736389 0.404723 1.40424 -0.055234 0.00666432 0.00830174
0.0190207 0.0414428 1.04944 -0.0542478 0.00659104 0.00680897
0.037062 0.0925249 1.09302 -0.0551771 0.00689359 0.0069767
0.027307 0.17697 0.949106 -0.0549201 0.00669666 0.00729827
-0.035119 0.346664 0.932863 -0.0551541 0.0068368 0.00739834
0.00519738 0.679106 1.27381 -0.0568118 0.00629636 0.00700856
0.0539222 0.497661 1.11721 -0.0580046 0.00719329 0.0074705
0.0100357 0.477814 1.22779 -0.0579904 0.00788791 0.00697877
-0.0187537 0.267222 0.986804 -0.0576416 0.00950713 0.00715167
-0.0274249 0.231988 0.86879 -0.0560096 0.00913369 0.00711118
-0.0314904 0.202749 0.855864 -0.0564075 0.00905195 0.00692389
-0.0434645 0.23977 0.876757 -0.0572991 0.0089609 0.00731986
-0.0410523 0.283197 0.918846 -0.0572773 0.00832287 0.00719037
-0.0376129 0.106214 0.908209 -0.0575463 0.00787783 0.00670637
-0.0236637 0.0857326 0.810821 -0.0574109 0.00801771 0.00670638
-0.0254905 0.195315 0.787008 -0.0575288 0.00826201 0.00687735
-0.0280771 0.299632 0.802062 -0.0584402 0.00894384 0.00706714
-0.0244842 0.220403 0.781104 -0.057664 0.00822619 0.00690906
-0.0189888 0.264432 0.780693 -0.0574827 0.00836966 0.00688553
-0.00514415 0.274029 0.774806 -0.0577646 0.00890965 0.00680609
-0.015848 0.310704 0.814643 -0.058213 0.00906604 0.00688629
-0.0178809 0.212872 0.796362 -0.0574487 0.00905005 0.00704286
-0.0090321 0.168961 0.759789 -0.0575935 0.00873024 0.0066098
0.00140694 0.178724 0.732948 -0.0574651 0.00885109 0.00661186
-0.00669798 0.194498 0.763318 -0.0582753 0.00891826 0.00679352
-0.0139722 0.260903 0.760046 -0.0588771 0.00922229 0.00694118
0.0127876 0.0739328 0.656587 -0.0577997 0.00956895 0.00671096
0.0197377 0.149352 0.593684 -0.0581364 0.00971586 0.006273
0.0246624 0.309883 0.672778 -0.0593426 0.00992242 0.00698796
0.0297013 0.153238 0.571542 -0.0569344 0.00929878 0.00677971
0.0215544 0.152701 0.524579 -0.0564191 0.00965639 0.00688468
0.0229754 0.275102 0.607085 -0.0574679 0.0100053 0.0069352
0.029056 0.157421 0.603072 -0.0568741 0.00998465 0.00684549
0.0335562 0.170218 0.623188 -0.0568787 0.00980907 0.00691375
0.0136583 0.237704 0.609637 -0.0561421 0.00882285 0.0067773
-0.00100764 0.258101 0.6073 -0.0561224 0.00886486 0.00661698
0.0152807 0.0803336 0.530574 -0.0553778 0.00900606 0.00672574
0.0181337 0.127342 0.51469 -0.0555328 0.00876703 0.00668447
-0.00324667 0.21846 0.542349 -0.0557804 0.00785227 0.00633459
-0.0222402 0.210495 0.52732 -0.0550938 0.00752067 0.00564301
-0.0175485 0.11392 0.475312 -0.0542354 0.00734655 0.00498602
-0.0685701 0.219181 0.460259 -0.0484746 0.00371397 0.00248728
-0.0959493 0.263488 0.375436 -0.0393387 0.00028504 -0.00033013
-0.0829293 0.0546498 0.351478 -0.0413106 0.00031273 -0.00014095
-0.0800167 0.0925715 0.316584 -0.0410385 0.00033613 0.00027593
-0.083067 0.132241 0.303503 -0.040998 0.0009442 0.00011647
-0.082368 0.0591645 0.243586 -0.0406548 0.0002041 1.04e-05
-0.0827616 0.0612903 0.219777 -0.040493 0.00086874 -0.00050353
-0.105905 0.159919 0.215195 -0.0419314 0.00030923 -0.00043865
-0.0753144 0.0844393 0.115259 -0.0404118 0.00030923 -0.00206364
-0.0773176 0.144647 0.118354 -0.0402308 0.00069489 -0.00226584
-0.0748826 0.176226 0.112785 -0.0407438 0.0009247 -0.00222583
-0.0694251 0.0170783 0.063325 -0.0401706 0.00086514 -0.00221829
-0.0636547 0.0574091 0.0676446 -0.0405222 0.00099521 -0.00218797
-0.0678797 0.153527 0.149828 -0.0415477 0.00123558 -0.00203965
-0.0891261 0.0322542 0.122114 -0.0411625 0.0010099 -0.00070411
-0.0922427 0.0539613 0.157697 -0.042096 0.00030923 0.0002017
-0.0991736 0.123425 0.223346 -0.0435681 0.00146181 4.186e-05
-0.100794 0.0171246 0.178145 -0.0447808 0.00168679 -1.69e-05
-0.120991 0.196605 0.461149 -0.04701 0.00164567 0.00194902
-0.118753 0.237212 0.610272 -0.0479985 0.00167208 0.00276642
-0.131358 0.0377848 0.393832 -0.0483444 0.00159108 0.00256117
-0.132574 0.0522786 0.268485 -0.0475464 0.00150837 0.00267428
-0.126023 0.119692 0.289192 -0.0475766 0.00125542 0.00256324
-0.111616 0.222978 0.373381 -0.0482615 0.00128885 0.00262641
-0.102086 0.102086 0.320949 -0.0476623 0.00148023 0.00247379
-0.0936093 0.10905 0.3032 -0.0476238 0.00184561 0.00243011
-0.0905046 0.142595 0.30035 -0.0476248 0.0021941 0.00251059
-0.0702733 0.162799 0.289334 -0.0483447 0.00311016 0.0022477
-0.0645111 0.0971272 0.280741 -0.0479501 0.0027406 0.00202886
-0.0665207 0.110472 0.280382 -0.0478223 0.00218088 0.00213911
-0.0673488 0.14186 0.322118 -0.0485399 0.00200823 0.00202886
-0.0753015 0.136658 0.339266 -0.0488704 0.00227409 0.00234538
-0.0710854 0.0429609 0.333366 -0.0484363 0.0020304 0.0021836
-0.101461 0.130887 0.434126 -0.0496047 0.0017934 0.00252407
-0.0955091 0.0811917 0.364375 -0.0512818 0.00214114 0.00282056
-0.0854578 0.0345784 0.253218 -0.0512884 0.00208835 0.00285049
-0.0739434 0.188554 0.345241 -0.0522913 0.00185986 0.00294741
-0.0814358 -0.0119453 0.146557 -0.0511936 0.00214682 0.00277962
-0.0853667 0.0735751 0.0895101 -0.0518256 0.00196107 0.00309638
-0.0900929 0.147523 0.197607 -0.0523036 0.0015273 0.00328152
-0.0870558 0.00395974 0.122326 -0.0511578 0.0014097 0.00328851
-0.0808038 0.104937 0.187416 -0.0514803 0.00150592 0.00329089
-0.0747044 0.0945742 0.202205 -0.0514715 0.00179471 0.00319741
-0.0671275 -0.00143614 0.130246 -0.0511998 0.00189071 0.00319155
-0.0641358 0.065407 0.151995 -0.0509226 0.00164022 0.00321119
-0.0689036 0.15295 0.245972 -0.0522135 0.00161009 0.00338855
-0.0748879 0.00749317 0.205003 -0.0513477 0.00164827 0.00338855
-0.0657178 0.0480328 0.208523 -0.0511976 0.0019473 0.00338855
-0.0663106 0.158314 0.29694 -0.052335 0.00183888 0.00338855
-0.0610929 -0.011213 0.201775 -0.0508648 0.00220118 0.00324048
-0.0455746 0.0144092 0.148225 -0.0513401 0.00273225 0.00338855
-0.0570294 0.148487 0.216889 -0.0521552 0.00219698 0.00338855
-0.0583766 0.0994562 0.244361 -0.0516073 0.00209391 0.00338855
-0.0650824 0.0203638 0.195621 -0.0505053 0.00143796 0.00338855
-0.0646054 0.125409 0.265654 -0.0520228 0.00177125 0.00338855
-0.0706691 0.0487184 0.194063 -0.0523176 0.0021331 0.00369166
-0.0681759 0.0557341 0.191113 -0.0524949 0.00209581 0.00338855
-0.0813431 0.158906 0.289062 -0.053303 0.00219236 0.00365818
-0.0738926 -0.00959759 0.196941 -0.0523763 0.00219236 0.00338855
-0.0648065 0.0343991 0.191311 -0.0518901 0.00253759 0.00326089
-0.0781602 0.151459 0.225256 -0.0522339 0.00231591 0.00338855
-0.0844714 -0.0105814 0.155276 -0.0519565 0.00217252 0.00338855
-0.0748604 0.0662486 0.183906 -0.0520762 0.00230887 0.00338855
-0.0819022 0.13409 0.257951 -0.0530123 0.0021529 0.00349498
-0.0730235 0.00318604 0.212685 -0.0519882 0.00230719 0.00315823
-0.0708406 0.083147 0.231979 -0.051966 0.00231028 0.00338855
-0.0702352 0.155796 0.255329 -0.0529102 0.00234624 0.00338855
-0.0683278 -0.0056854 0.162123 -0.0521346 0.00236505 0.00322331
-0.0714391 0.0788748 0.201846 -0.0526057 0.00209621 0.00338855
-0.0802941 0.144013 0.249317 -0.0533349 0.00219099 0.00338855
-0.0978566 -0.0262829 0.125297 -0.052627 0.00257154 0.00338855
-0.0849276 0.103936 0.217166 -0.0540215 0.00226438 0.00374922
-0.0657259 0.117017 0.231795 -0.0535026 0.00238805 0.0037633
-0.069822 -0.0219046 0.154521 -0.0527989 0.0024509 0.00338855
-0.0585963 0.0746727 0.195009 -0.0530809 0.00251499 0.00338855
-0.060582 0.132908 0.222975 -0.053632 0.0025756 0.00338855
-0.0615615 -0.00535549 0.164061 -0.052598 0.00240148 0.00338855
-0.0612513 0.0964793 0.219909 -0.0526319 0.00229307 0.00338855
-0.0673538 0.148871 0.270633 -0.0536572 0.00257743 0.00338855
-0.0665679 -0.00208662 0.203348 -0.0529182 0.00232559 0.00338855
-0.0702267 0.117473 0.270353 -0.0537101 0.00212133 0.00370881
-0.0670574 0.119971 0.26738 -0.0532471 0.00282597 0.00338855
-0.0610382 -0.0211002 0.194106 -0.0529469 0.00261385 0.00350636
-0.0582604 0.0490937 0.223354 -0.052882 0.00252605 0.003449
-0.0607859 0.136661 0.31395 -0.0540887 0.00279975 0.00372393
-0.0628212 0.00868394 0.216681 -0.0528693 0.00285388 0.00338855
-0.0586419 0.0377592 0.221531 -0.0531824 0.00267713 0.00338855
-0.0578573 0.134066 0.278421 -0.0534115 0.00269708 0.0036045
-0.0633247 0.107521 0.276433 -0.0539106 0.00285388 0.0035257
-0.0728031 0.0262751 0.239384 -0.0532195 0.00299168 0.00338854
-0.0670019 0.128263 0.283424 -0.0539539 0.00277617 0.00338854
-0.0608606 0.0908201 0.266586 -0.0537583 0.00285388 0.00358048
-0.0582056 -0.00711354 0.186256 -0.0527121 0.00260626 0.00346288
-0.0723149 0.130358 0.259069 -0.0538152 0.00274112 0.00404403
-0.0995454 0.11703 0.223724 -0.0545139 0.0035414 0.00384217
-0.083791 -0.078267 -0.121438 -0.0560371 0.00642524 0.00388408
-0.0734129 0.0400289 -0.107218 -0.0576213 0.00738847 0.00388256
-0.104493 0.175704 0.0767545 -0.0578979 0.00674859 0.0042807
-0.0997609 0.0183853 0.0304796 -0.0567945 0.00663711 0.00393252
-0.104072 0.0477496 0.043329 -0.0568128 0.00642266 0.00421531
-0.106495 0.15523 0.159028 -0.0578225 0.00593676 0.00440579
-0.103862 0.039261 0.143228 -0.0586835 0.00620289 0.00397569
