-0.00208894 0.0935746 0.0973393 -0.0001038 0 1.513e-05
-0.0006483 0.109505 0.0973363 -8.309e-05 0 -4.164e-05
0.00244603 0.0759689 0.104909 -0.00027906 0 -7.658e-05
0.00264286 0.0598226 0.15294 -0.00052376 -0.00012393 -0.00012145
0.00529307 0.130003 0.145195 -0.00043497 -0.00018321 -1.953e-05
-0.00075696 0.118684 0.129172 -0.00058048 -0.00013486 -1.86e-05
0.00522385 0.0593423 0.122338 -0.00020475 -0.00025502 -9.594e-05
0.00368518 0.0800059 0.0829695 0.0008443 -0.00025502 -7.709e-05
0.00336713 0.106622 0.0829663 0.00064653 -0.00025502 -0.00024107
0.00319762 0.0730203 0.0939991 0.00033549 -0.00032784 -0.00016738
0.00465602 0.0683194 0.0990487 0.00066068 -0.00034837 -0.00014511
0.00324065 0.126414 0.0950533 0.00040332 -0.00033748 -7.903e-05
0.00374458 0.0916025 0.104868 0.00033549 -0.00032596 -6.848e-05
0.00610839 0.0330974 0.112 0.00033549 -0.00041735 -9.987e-05
-0.00459302 0.148716 0.0920529 0.0003927 -0.00011122 -3.329e-05
-0.00324885 0.187047 0.0951614 5.004e-05 -3.652e-05 5.97e-06
-0.00387381 0.225743 0.0952862 -0.00032839 0.00018992 0.00019244
-0.00061878 0.230611 0.102606 -0.00036163 0.00026381 0.00018102
0.00854351 0.163116 0.119392 -0.00062173 -0.00064664 -0.00030571
0.00502656 0.0906565 0.114634 4.295e-05 -0.00025502 -3.444e-05
-0.00373501 0.123248 0.112185 -2.066e-05 -0.00034871 6.836e-05
0.00424854 0.136251 0.123321 -0.00013022 -0.00034836 -5.505e-05
0.00494393 0.107003 0.123389 -0.00030827 -0.00039846 -4.257e-05
0.00577541 0.0677828 0.126209 -0.00045218 -0.00043105 -0.00010126
0.0056753 0.0724588 0.101426 -0.00061133 -0.00045386 -9.235e-05
0.00907467 0.128182 0.11754 -0.00053571 -0.00055151 -3.485e-05
0.00807186 0.0961845 0.123464 -0.00059534 -0.00054321 -0.00013293
0.00513321 0.0885926 0.113526 -0.00042509 -0.00060001 5.603e-05
0.00339581 0.144548 0.113422 -0.00048885 -0.00054782 -8.004e-05
0.00384433 0.071394 0.121322 -0.00072279 -0.0005199 1.16e-06
0.0043484 0.12144 0.113457 -0.00061462 -0.00059968 -0.00010728
0.00632018 0.118318 0.10974 -0.00066392 -0.00057166 -9.765e-05
0.00122086 0.0681381 0.113479 -0.00060742 -0.00054525 2.16e-06
-0.0030181 0.113977 0.110574 -0.00063465 -0.00064686 0.00010727
0.00739755 0.100197 0.111124 -0.00072279 -0.00060523 -8.172e-05
0.00391975 0.0551932 0.123561 -0.00094782 -0.00054962 5.684e-05
0.00864509 0.0996873 0.10875 -0.00072279 -0.0006297 -5.823e-05
0.00946538 0.0773321 0.113464 -0.00072279 -0.00061018 -6.85e-05
-0.00067627 0.0713975 0.123501 -0.00072279 -0.00053871 6.856e-05
0.00844992 0.126193 0.100942 -0.00083369 -0.00057935 -6.41e-05
0.00511181 0.0835723 0.123566 -0.00100018 -0.00057531 -7.157e-05
0.00625849 0.110935 0.123555 -0.00094962 -0.00064808 -3.56e-05
0.0058255 0.10778 0.115844 -0.00105097 -0.00061217 2.76e-05
0.00646463 0.0636475 0.123589 -0.00105077 -0.00063252 -5.687e-05
0.0101151 0.0988301 0.10636 -0.00107514 -0.00078842 -4.535e-05
0.00823767 0.0910875 0.113648 -0.00125764 -0.00065297 -8.81e-05
0.00667955 0.0656488 0.123626 -0.00118245 -0.00059254 -0.00010504
0.00865395 0.100309 0.087227 -0.00128538 -0.00041957 -6.353e-05
-0.00056916 0.0533126 0.11429 -0.00118245 -0.00049734 6.23e-06
0.0103526 0.0931487 0.0871747 -0.00111011 -0.00044707 -0.00010611
0.0100587 0.0759694 0.0701437 -0.00133362 -0.00042326 -0.00030944
0.00781521 0.0759876 0.103896 -0.00151419 -0.00046533 -0.00023413
0.00829825 0.0951016 0.0841809 -0.00133993 -0.00046602 -0.00023944
0.0103891 0.0759901 0.121292 -0.00148684 -0.00047666 -0.0002303
0.00477102 0.101455 0.0941785 -0.00130444 -0.00065707 -0.000286
0.00575617 0.0829948 0.094207 -0.00142931 -0.00044208 -0.00020147
0.0058586 0.0534887 0.128055 -0.00128733 -0.00047169 -0.0002485
0.00363458 0.0786471 0.128123 -0.00153108 -0.0004953 -0.00024668
0.00099089 0.082684 0.120212 -0.00151524 -0.0004871 -9.241e-05
7.353e-05 0.0677098 0.131847 -0.00154175 -0.00053423 -4.478e-05
0.00366649 0.0806802 0.118159 -0.00158336 -0.00044305 -6.756e-05
0.00602211 0.0940115 0.110986 -0.00172814 -0.00042893 -8.54e-05
0.00546479 0.0661389 0.118152 -0.00147345 -0.00042528 -9.209e-05
0.00271784 0.0606234 0.112766 -0.00142531 -0.00059198 -7.256e-05
0.00226116 0.0977745 0.11288 -0.00165857 -0.00051394 -5.901e-05
0.00040323 0.0635524 0.131912 -0.00152329 -0.00054801 -0.00011229
-0.00094654 0.0751542 0.115366 -0.00164547 -0.0005409 -9.129e-05
0.00935681 0.10067 0.107344 -0.00167732 -0.00076188 -0.00026636
0.00371297 0.0706314 0.135543 -0.00161232 -0.00039009 -0.00019695
0.0069766 0.086432 0.128179 -0.00164421 -0.00053129 -0.00022469
0.00614056 0.0930822 0.115059 -0.00172172 -0.0003426 -0.00019926
0.00392391 0.0567633 0.128173 -0.00160558 -0.00042345 -0.00023831
-0.00138024 0.0753384 0.128178 -0.0016364 -0.00052644 -3.264e-05
0.00078064 0.0858139 0.121409 -0.00171419 -0.00048961 -4.453e-05
0.0073988 0.0568122 0.128227 -0.00180309 -0.00075888 -0.00028307
0.00293702 0.0832964 0.113109 -0.00180309 -0.00056602 -3.938e-05
0.00325707 0.0772011 0.121024 -0.00180309 -0.00057153 -5.151e-05
0.00176582 0.0650611 0.114444 -0.00180309 -0.00051915 -6.651e-05
-0.00077537 0.0980484 0.116392 -0.00197651 -0.00039642 -8.297e-05
-0.00593506 0.0567748 0.152933 -0.00164722 -0.00057953 2.715e-05
-0.00331763 0.059067 0.137229 -0.00130733 -0.00059714 -1.702e-05
-0.00226636 0.0948241 0.143593 -0.0017268 -0.0006102 -2.415e-05
-0.00581921 0.0679044 0.163241 -0.00180309 -0.0005687 4.68e-06
-0.00567131 0.0763735 0.159703 -0.00170739 -0.00059595 3.863e-05
-0.00545869 0.0898459 0.148744 -0.00180309 -0.00053868 3.606e-05
-0.00788521 0.0567921 0.168531 -0.00180309 -0.00056854 -3.032e-05
-0.00852969 0.0886464 0.144626 -0.00180309 -0.00055952 5.244e-05
-0.00586841 0.0777065 0.176896 -0.00169514 -0.00048877 -6.01e-06
0.00037832 0.056787 0.2047 -0.00180309 -0.0008581 -0.00024361
-0.00729179 0.100376 0.19414 -0.00191994 -0.00054807 -4.969e-05
-0.00820637 0.0819913 0.194104 -0.00180309 -0.00063685 -8.243e-05
-0.00704171 0.0742107 0.212787 -0.00180309 -0.00054261 -6.357e-05
-0.00680478 0.09348 0.210608 -0.00180309 -0.00044395 -4.734e-05
-0.0119162 0.0756016 0.220324 -0.00180309 -0.00038813 4.64e-05
-0.0111979 0.0695886 0.220348 -0.00190246 -0.00052207 -5.36e-06
-0.0155354 0.10143 0.220384 -0.00203434 -0.00039594 0.00013713
-0.0170451 0.0699354 0.232608 -0.00203955 -0.00047945 0.00011394
-0.00840276 0.0937832 0.188047 -0.00220007 -0.00041498 1.931e-05
-0.00416817 0.0868182 0.196958 -0.00239066 -0.00045412 -0.00012371
-0.00514811 0.0737656 0.201029 -0.00224476 -0.00033907 -3.489e-05
-0.00419441 0.0935682 0.184575 -0.00213981 -0.00031999 -4.506e-05
-0.00214165 0.0616474 0.212209 -0.00201311 -0.00040304 -7.185e-05
0.00306089 0.0977089 0.195841 -0.00222572 -0.00063693 -0.00022449
-0.00375418 0.0804481 0.218362 -0.00239066 -0.0002616 -6.435e-05
0.00014682 0.089661 0.201156 -0.00239066 -0.00048253 -0.00013992
0.00087615 0.0946232 0.197878 -0.00225841 -0.00027671 -6.597e-05
-0.00638336 0.0685168 0.219018 -0.00239066 -0.00054124 5.57e-06
-0.00297627 0.106851 0.208516 -0.00239066 -0.00022191 -4.506e-05
-0.0036739 0.0852495 0.219662 -0.00239066 -0.00047628 -0.000107
-0.00382251 0.0848042 0.210773 -0.00239066 -0.0004432 -0.00011643
-0.00083105 0.086013 0.193495 -0.00239066 -0.00032075 -0.00013974
-0.00311584 0.0685216 0.237968 -0.00249488 -0.00052622 -0.0001789
-0.00077556 0.0888647 0.180002 -0.00239066 -0.00039147 -0.00018801
-0.00291368 0.0796493 0.207031 -0.00253863 -0.00023268 -0.00029205
-0.00511166 0.0922843 0.216545 -0.00255445 -0.00033249 -0.00013116
-0.00307038 0.0981503 0.181177 -0.00258827 -0.00020227 -0.00018725
-0.00588629 0.0775278 0.207652 -0.00275998 -0.0002671 -0.00024989
-0.00355471 0.0925614 0.192737 -0.00272911 -0.00020944 -0.00019448
-0.00344411 0.0890057 0.201394 -0.00274264 -0.00035795 -0.00025074
-0.00362322 0.0890006 0.194973 -0.00273365 -0.00028509 -0.00018614
-0.00132768 0.0890131 0.176012 -0.00283955 -0.00022429 -0.0001037
-0.00854451 0.0750797 0.197688 -0.00283991 -0.00013063 0.00010037
-0.00866036 0.0959259 0.193562 -0.00269397 -0.00015597 0.00010036
-0.00432615 0.106702 0.184441 -0.00283357 -0.00015868 2.698e-05
-0.00377743 0.0647872 0.196207 -0.0027863 -2.155e-05 3.62e-05
-0.00362982 0.113069 0.194997 -0.00304877 -0.00010185 4.435e-05
-0.00439689 0.104264 0.194057 -0.0027386 -6.045e-05 0.00010037
-0.00399046 0.0731375 0.212731 -0.00273583 -0.00022306 -7.88e-06
-0.00467939 0.113311 0.221702 -0.00291917 -5.532e-05 0.00010037
-0.00256971 0.107708 0.217006 -0.00287311 -0.00010463 8.13e-06
-0.00625057 0.0599173 0.244716 -0.00268563 -6.065e-05 0.00010037
-0.00533868 0.10105 0.223736 -0.0027304 -9.157e-05 3.161e-05
-0.00684865 0.102427 0.234119 -0.00279021 -0.00013085 0.00010037
-0.00753779 0.0736947 0.231411 -0.00274069 -0.00018365 4.799e-05
-0.00721837 0.109117 0.205195 -0.00268401 -0.00012838 0.00010037
-0.0115948 0.08846 0.240111 -0.0029256 -0.00024686 0.00010037
-0.00822386 0.107792 0.224605 -0.00295257 -0.0001293 0.00010037
-0.00858688 0.102973 0.22615 -0.00310399 -0.00012748 0.00010036
-0.00930565 0.0865083 0.232258 -0.00295073 -0.00018545 2.517e-05
-0.00623497 0.110417 0.200647 -0.00304812 1.599e-05 0.00010037
-0.00520945 0.077008 0.233184 -0.00285399 -0.00023756 -3.357e-05
-0.0137842 0.121369 0.21901 -0.00295727 -0.00019553 0.00010037
-0.00924084 0.126633 0.209621 -0.00310399 -8.941e-05 0.00010037
-0.00914243 0.0718794 0.221484 -0.00310399 -0.00015932 0.00010036
-0.00830305 0.111996 0.206804 -0.00294155 -0.00014564 0.00010037
-0.0092807 0.1056 0.221207 -0.00310399 -0.00018513 0.00010036
-0.00349804 0.0890199 0.193758 -0.00270967 4.595e-05 0.00010037
-0.00911298 0.103627 0.215977 -0.00313662 -0.00013684 0.00010037
-0.0112465 0.0894913 0.237197 -0.00307492 -0.00031232 0.00010037
-0.00955868 0.105395 0.19856 -0.00299196 -0.00016101 0.00010037
-0.00309073 0.0884575 0.22165 -0.00320564 -0.00019086 -6.26e-06
-0.0110385 0.0992882 0.210551 -0.0029996 -0.00031232 -9.98e-06
-0.00919377 0.0986487 0.216034 -0.00307408 -0.00015789 0.00010037
-0.00476803 0.0737907 0.229807 -0.00306068 -0.00031232 6.06e-06
-0.0103367 0.103555 0.180605 -0.00298552 -9.264e-05 0.00010037
-2.394e-05 0.0866696 0.206207 -0.00313846 -0.00018254 -6.284e-05
-0.0101926 0.0827769 0.202456 -0.00302582 -0.00017124 0.00010037
-0.00830597 0.10414 0.172789 -0.00296648 -0.00012192 0.00010037
-0.0101807 0.0818698 0.222188 -0.0030633 -0.00013113 0.00010037
-0.00974146 0.106532 0.224831 -0.00309906 -9.919e-05 0.00010037
-0.00041995 0.0979991 0.172817 -0.0029155 -0.0001946 -6.36e-05
-0.0105427 0.0858036 0.218633 -0.00320072 -0.00016192 0.00010037
-0.00843225 0.0952382 0.224805 -0.00316359 -0.00019188 3.472e-05
-0.00660371 0.102251 0.225308 -0.00313237 -0.00013297 2.858e-05
-0.00722207 0.0832318 0.238432 -0.00313818 -5.141e-05 0.00010037
0.00122402 0.0836027 0.215172 -0.00311812 -9.181e-05 -1.514e-05
9.699e-05 0.103289 0.202521 -0.00307243 -3.648e-05 -4.504e-05
-0.00255521 0.0860009 0.237198 -0.00317733 -0.000158 -5.354e-05
-0.00837175 0.118444 0.213486 -0.00318596 -0.00016504 0.00010037
-0.0043879 0.101231 0.214878 -0.00323631 -0.00023829 -2.1e-05
-0.0117229 0.0881427 0.230458 -0.00315804 -0.00031233 -2.761e-05
-0.0105773 0.128302 0.224713 -0.0033383 -0.00020339 0.00010037
-0.01071 0.108752 0.23321 -0.00356282 -0.00011487 0.00010037
-0.00350239 0.0910657 0.228336 -0.00331282 -0.00017917 -7.784e-05
-0.011275 0.115365 0.223633 -0.00338539 -0.00019447 0.00010037
-0.00661003 0.112036 0.232985 -0.00334732 -0.00012426 0.00010037
-0.013297 0.0909151 0.243801 -0.00331282 -0.0002875 0.00010037
-0.00840526 0.124349 0.223578 -0.00323487 -0.00025505 3.659e-05
-0.00872632 0.102423 0.240815 -0.00331282 -0.00018309 0.00010037
-0.00882649 0.103718 0.233272 -0.00326135 -0.00018592 0.00010037
-0.00042875 0.111979 0.205383 -0.00330407 -3.657e-05 -3.131e-05
-0.00133892 0.0874188 0.229983 -0.00333631 -0.00017729 -4.702e-05
-0.00592286 0.105903 0.191088 -0.0031265 -4.07e-05 0.00010037
0.00065282 0.0942655 0.226924 -0.00336974 -0.00020011 -0.00012716
0.00111425 0.104582 0.20758 -0.00331789 -0.00014677 -0.00024765
-0.00031727 0.10687 0.188594 -0.00325432 2.252e-05 -0.00019913
-3.43e-05 0.0841605 0.231126 -0.00356282 -0.00015062 -0.00024605
-0.00480461 0.108619 0.227893 -0.00356282 -5.122e-05 -5.65e-06
-0.00041094 0.0848214 0.249956 -0.0034774 -0.0002325 -7.567e-05
6.47e-06 0.103974 0.242387 -0.00356282 -0.00021486 -0.000268
-0.00085185 0.121251 0.222592 -0.00356282 -0.0001657 -0.00010559
0.0015377 0.0879986 0.22943 -0.00356282 -0.00024794 -9.765e-05
0.00063475 0.120185 0.190534 -0.00335674 3.087e-05 -8.336e-05
-0.00109825 0.104951 0.207334 -0.0036463 8.662e-05 -0.00015431
-0.00084853 0.100295 0.208103 -0.00359965 8.85e-06 -0.00016746
-0.00612787 0.106546 0.187661 -0.00356028 8.822e-05 -0.00016358
-0.00202816 0.0854606 0.223857 -0.00403596 -2.21e-06 -0.000234
-0.00199448 0.109547 0.220976 -0.00378794 6.105e-05 -0.00011247
-0.00627987 0.105539 0.214973 -0.00403596 0.00012336 -0.00018728
-0.00158315 0.0894099 0.224617 -0.00403596 7.527e-05 -0.00023387
0.00054409 0.105969 0.186122 -0.00358842 0.00013214 -0.00026117
-0.00043507 0.0849498 0.217778 -0.00403596 7.365e-05 -0.00020749
0.00390643 0.0875334 0.216202 -0.00378596 1.359e-05 -0.00019688
-0.00490926 0.125493 0.215758 -0.00384263 0.00013915 -7.836e-05
-0.00062631 0.0885187 0.239729 -0.00403596 4.043e-05 -0.00018591
0.0002982 0.117059 0.249202 -0.00410348 5.042e-05 -0.00010622
-0.00404589 0.121965 0.233698 -0.00398748 6.762e-05 -1.952e-05
-0.00179184 0.0894938 0.259953 -0.00388636 -2.638e-05 -0.00028268
-0.00234392 0.11653 0.304405 -0.0041727 -0.00014041 -0.0001036
-0.00241271 0.107958 0.256502 -0.00378504 -0.00012348 -0.00024704
-0.00039135 0.0656768 0.290359 -0.00411121 -0.00040777 -0.00035932
-0.001684 0.0985115 0.263437 -0.00393806 -0.00036252 -0.00033248
-0.00187611 0.101539 0.238822 -0.00380102 -0.00035287 -0.00052187
-0.00562606 0.0897214 0.291477 -0.00406374 -0.00040076 -0.00045841
-0.00260863 0.115278 0.290949 -0.00391644 -0.00034737 -0.00035856
-0.00098468 0.116351 0.269748 -0.00388066 -0.0003511 -0.00047718
-0.018564 0.128652 0.286408 -0.00415391 -0.00049781 -0.00090108
-0.0205943 0.170189 0.261437 -0.004456 -0.00080693 -0.00092809
-0.0229927 0.167309 0.255375 -0.004286 -0.00070348 -0.00092809
-0.021304 0.127812 0.265277 -0.004456 -0.000788 -0.00082564
-0.0168706 0.164023 0.25431 -0.004456 -0.0007416 -0.00076486
-0.0180293 0.151621 0.260438 -0.00434371 -0.00067024 -0.00082055
-0.00626232 0.139783 0.270469 -0.00475544 -0.00021958 -0.00053986
-0.00060246 0.185126 0.26222 -0.00490425 0.00038485 2.037e-05
-0.00167625 0.142517 0.27503 -0.00478672 0.00026971 2.037e-05
-0.00461952 0.142595 0.258745 -0.00464823 0.00018757 -0.00026476
-0.0134314 0.132155 0.233055 -0.00434488 0.00022221 -0.00027108
-0.0057643 0.0999744 0.268013 -0.00439823 -0.00021958 -0.00051324
-0.00670586 0.136218 0.24202 -0.004425 -0.00021958 -0.00046571
-0.00369457 0.131281 0.225684 -0.00426867 -8.54e-05 -0.00050698
-0.00839672 0.111227 0.236125 -0.00399284 -0.00021958 -0.00062144
-0.00539402 0.120798 0.235558 -0.00414969 -5.684e-05 -0.00056834
-0.00536042 0.0876686 0.261351 -0.00439823 -0.00021958 -0.00046479
-0.00231489 0.0707614 0.26912 -0.00455332 -0.00021958 -0.00039706
-0.00354861 0.116719 0.247433 -0.00447826 -0.00021958 -0.00031834
-0.00783565 0.0718264 0.260208 -0.00439823 -0.00021958 -0.00031834
-0.0041602 0.104595 0.243402 -0.00415712 -0.00021958 -0.00031834
-0.00539834 0.106266 0.250928 -0.00439243 -0.00021958 -0.00048301
-0.00673988 0.0982762 0.289212 -0.00452461 -0.00021958 -0.00050134
-0.00825393 0.130725 0.266081 -0.00444996 -0.00021958 -0.00056834
-0.00748286 0.110076 0.278226 -0.0045336 -0.00021958 -0.0006301
-0.0143267 0.117048 0.315196 -0.0049909 -0.00021958 -0.00072599
-0.0132755 0.13775 0.334264 -0.0049429 -0.00021958 -0.00068895
-0.0140889 0.125597 0.310732 -0.00441686 -0.00021958 -0.00056834
-0.0130375 0.107363 0.314208 -0.00442075 -0.00021958 -0.00066245
-0.0125537 0.0928926 0.302025 -0.00433022 -0.00021958 -0.00056834
-0.0093018 0.123788 0.297269 -0.00433022 -0.00021958 -0.00056834
-0.00804153 0.0890982 0.31207 -0.00446767 -0.00021958 -0.00049239
-0.00622345 0.121928 0.294666 -0.00447883 -0.00032686 -0.00031834
-0.00357727 0.133488 0.285969 -0.00458022 -0.00021958 -0.00022815
-0.00903032 0.0891818 0.295393 -0.00447487 -3.992e-05 -0.00023918
-0.00484612 0.116379 0.288146 -0.00439149 -0.00021958 -0.00021705
-0.00417708 0.132783 0.292854 -0.00443133 -0.00021958 -0.00021572
-0.00869499 0.0887574 0.313584 -0.00444706 -9.665e-05 -0.0002715
-0.00441427 0.115334 0.293195 -0.0043553 -0.00021958 -0.00025082
-0.00870198 0.115674 0.303204 -0.00440626 -5.918e-05 -0.00022626
-0.00449882 0.0866526 0.303224 -0.00446375 -0.00021958 -0.00033617
-0.00520558 0.125908 0.27064 -0.0043553 -6.06e-05 -0.0003243
-0.00839531 0.113489 0.273747 -0.00429719 -5.032e-05 -0.00041441
-0.00461325 0.0899479 0.288656 -0.0043553 -0.00021958 -0.00032783
-0.0142489 0.12902 0.292574 -0.00451322 0.00010565 -0.00022916
-0.00477641 0.118767 0.310273 -0.00451237 -0.00021958 -0.00029966
-0.00314978 0.0974132 0.302871 -0.00433435 -0.00021958 -0.000301
-0.00811897 0.133693 0.302876 -0.00439822 -4.562e-05 -0.00023145
-0.0107088 0.105601 0.313691 -0.00465829 8.824e-05 -0.00011659
-0.00919591 0.0946824 0.284826 -0.00458435 -0.00021958 -0.00011659
-0.00840983 0.117416 0.286112 -0.00458435 0.00020985 -0.00011659
-0.00688365 0.0862962 0.307811 -0.00458435 -0.00021958 -0.00034553
-0.0044846 0.128032 0.27259 -0.00433435 -0.00021958 -0.00029383
-0.00399407 0.105929 0.283199 -0.00458435 -0.00021958 -0.00028444
-0.00209558 0.0915306 0.275667 -0.004531 -0.00021958 -0.00022794
-0.00595057 0.122554 0.256686 -0.00448101 -9.199e-05 -0.00025779
-0.00694163 0.0768877 0.275259 -0.00466854 -4.131e-05 -0.00029002
-0.00911222 0.101344 0.272577 -0.00458435 -2.158e-05 -0.00023751
-0.00852808 0.119301 0.268888 -0.00433435 -1.659e-05 -0.00011659
-0.00772981 0.0801269 0.283353 -0.00452114 -0.00021958 -0.00030947
-0.00543572 0.129566 0.255023 -0.00444842 -6.512e-05 -0.00021015
-0.00784646 0.102674 0.270335 -0.00427745 -6.744e-05 -0.0002892
-0.00775274 0.110584 0.258706 -0.0046033 0.00011743 -0.00011659
-0.00526551 0.119845 0.23043 -0.00454478 3.138e-05 -0.00029714
-0.00491848 0.0937442 0.255913 -0.00470239 -5.441e-05 -0.00036441
-0.0057833 0.115628 0.241314 -0.00464509 3.79e-06 -0.00039208
-0.00397799 0.117161 0.248541 -0.00458248 -5.197e-05 -0.00034879
-0.00476592 0.0752493 0.27593 -0.00458248 -0.00021958 -0.00041588
-0.006811 0.110191 0.25805 -0.00458248 -2.836e-05 -0.00027103
-0.00971452 0.114221 0.278831 -0.00472419 6.89e-06 -0.00011659
-0.00782154 0.0906963 0.260121 -0.00485115 -3.579e-05 -0.00024088
-0.0036436 0.131913 0.250595 -0.00478657 -0.00011953 -0.00021708
-0.00933464 0.0923772 0.262127 -0.00495792 2.078e-05 -0.00011659
-0.00971761 0.122663 0.239344 -0.00458248 -7.77e-06 -0.00027668
-0.0100836 0.105068 0.266114 -0.00467072 0.00010715 -0.00037666
-0.0063379 0.099757 0.206881 -0.00310089 4.21e-06 -0.00045381
-0.00547695 0.0989522 0.128591 -0.00191176 0.00031188 3.61e-05
-0.00260682 0.0947399 0.17129 -0.00252191 0.00019514 6.86e-05
-0.00555873 0.136067 0.184122 -0.00292906 0.00019154 0.00013341
-0.00833434 0.125772 0.191119 -0.00288847 0.00019154 -2.2e-07
-0.010544 0.0845182 0.204387 -0.00248367 0.00019154 0.00013341
0.00513862 0.105491 0.187718 -0.00228438 -2.578e-05 -0.00011659
-0.00362535 0.11159 0.195976 -0.00253438 0.00015193 2.618e-05
-0.00335886 0.0989987 0.224151 -0.00306934 -4.14e-05 -0.00011659
-0.00943271 0.0999607 0.205675 -0.00306934 9.53e-06 -2.131e-05
-0.00601637 0.135703 0.202313 -0.00306934 9.279e-05 3.706e-05
-0.00750868 0.0978239 0.238374 -0.00306934 4.437e-05 0.00013341
-0.0060164 0.0935809 0.226878 -0.00315481 -0.00013098 -3.26e-06
-0.00821451 0.133368 0.230877 -0.00334765 0.00015416 2.604e-05
-0.00823235 0.0905586 0.232332 -0.0033135 0.00015416 2.1e-06
-0.00731291 0.108216 0.225388 -0.00329553 7.791e-05 2.055e-05
-0.00883524 0.125634 0.225555 -0.00341856 0.00015416 0.00020455
-0.0138109 0.0809395 0.238117 -0.00328994 0.00015416 0.00022481
-0.0104335 0.121466 0.219176 -0.00320162 0.00015416 0.00013341
-0.0136721 0.110243 0.238676 -0.00347707 0.00015416 0.00013341
-0.0152955 0.102681 0.262969 -0.00329514 0.00015416 2.984e-05
-0.0167166 0.132752 0.219192 -0.00335181 0.00026988 -0.00011659
-0.0182564 0.103633 0.240655 -0.00352314 0.00029129 2.258e-05
-0.0173621 0.122432 0.212664 -0.00327314 0.00015416 0.00013341
-0.0181778 0.107826 0.219884 -0.00333713 0.00024483 -0.00011659
-0.0162987 0.0809124 0.243325 -0.00342762 0.00015416 6.597e-05
-0.013818 0.125196 0.223447 -0.00352314 0.00015416 0.00023452
-0.0163474 0.107944 0.236058 -0.00352314 0.00030239 0.00013341
-0.0130812 0.119588 0.219157 -0.00365121 0.00029262 0.00013341
-0.0111807 0.127452 0.208129 -0.00352314 0.00024892 0.00013996
-0.0113382 0.0966834 0.228129 -0.00352314 0.00015416 0.00013341
-0.0135908 0.12435 0.213509 -0.00363027 0.00015416 0.00020759
-0.0109882 0.119616 0.231308 -0.0038392 0.00015416 5.039e-05
-0.0108256 0.0942091 0.226591 -0.00363219 6.678e-05 2.405e-05
-0.00877386 0.129143 0.214616 -0.00369096 0.00023654 4.936e-05
-0.0131093 0.0942308 0.235693 -0.00371351 0.00010074 0.00018049
-0.0126752 0.125483 0.223464 -0.00362377 0.00015416 0.0001704
-0.0142922 0.1209 0.249826 -0.00408441 0.00026146 0.00023452
-0.0159813 0.114042 0.248592 -0.00381615 0.00024956 0.00013341
-0.00924651 0.135613 0.240188 -0.00377118 0.0002099 0.0001536
-0.0081664 0.0853135 0.264197 -0.00394428 0.00015416 0.00013341
-0.0108066 0.138361 0.2481 -0.00380052 0.00024032 0.00018079
-0.0126581 0.112202 0.267456 -0.00401389 0.00030102 0.00013341
-0.0164419 0.109721 0.268869 -0.00402075 9.971e-05 0.00023185
-0.0152176 0.13566 0.268197 -0.00399327 0.0002825 0.00022997
-0.014115 0.119024 0.27442 -0.0040892 0.00024827 5.59e-05
-0.0173635 0.0983227 0.319426 -0.00426583 0.00015416 0.00021438
-0.0173899 0.152927 0.299713 -0.00424283 0.00015416 0.00025566
-0.0202191 0.128053 0.289993 -0.00424362 0.00015416 0.00017507
-0.0195793 0.104342 0.309501 -0.00428699 0.00015416 0.00025355
-0.0184021 0.141579 0.281627 -0.00412181 0.00015416 0.00025048
-0.0208412 0.0974376 0.317252 -0.00406945 0.00015416 0.00013341
-0.0132597 0.137492 0.28448 -0.00408566 0.00015416 0.00022628
-0.018061 0.133473 0.284517 -0.00421369 0.00015416 0.00022202
-0.0206166 0.106285 0.307378 -0.00431904 0.00015416 0.00013341
-0.0175963 0.142287 0.271731 -0.00426937 0.00026426 0.00025478
-0.0182484 0.119344 0.286388 -0.00438478 0.00015416 0.00013341
-0.0218705 0.118552 0.289008 -0.00438478 0.00015416 1.59e-05
-0.0227478 0.132693 0.250691 -0.00438478 0.00015416 0.00013341
-0.0221101 0.105769 0.296942 -0.00438478 0.00015416 -0.00011659
-0.018713 0.117228 0.304049 -0.00438478 0.00028516 0.00013341
-0.0225473 0.132229 0.259355 -0.00446443 0.00030992 -2.998e-05
-0.021716 0.112356 0.300828 -0.00453229 0.00031955 -0.00011659
-0.0190448 0.136275 0.274197 -0.0046024 0.00028847 2.3e-05
-0.0189852 0.109919 0.295236 -0.00463151 0.00031891 -0.00011659
-0.0145969 0.118872 0.277298 -0.00452235 0.00010015 -0.00011659
-0.0150466 0.139457 0.26539 -0.00454499 0.00021959 -0.00011659
-0.0162039 0.124485 0.287874 -0.00438478 0.0002129 -0.00018015
-0.0267001 0.137603 0.21548 -0.00325232 0.00049193 -0.00011659
-0.0203141 0.0937336 0.175199 -0.00128632 -7.796e-05 -0.00011659
-0.0141489 0.123406 0.204232 -0.00192848 8.85e-05 -0.00011659
-0.018944 0.148684 0.199152 -0.00205466 2.665e-05 -0.00022912
-0.0271439 0.101498 0.287358 -0.00254523 0.00031217 -0.00026803
-0.0284103 0.134132 0.302486 -0.00271764 0.00030126 -0.00011659
-0.0244631 0.173298 0.305643 -0.00307575 0.00030082 -6.123e-05
-0.0253466 0.15677 0.283657 -0.00283738 0.0001958 -0.00011659
-0.0273071 0.129742 0.271857 -0.00306904 0.00029004 -0.00018018
-0.0257688 0.134871 0.2463 -0.00300119 0.00035484 -0.00011659
-0.0247124 0.12772 0.227173 -0.00313118 0.00050813 -0.00011659
-0.0261177 0.0916973 0.249704 -0.00311297 0.00017761 -0.00011659
-0.0250084 0.119556 0.235044 -0.00320532 0.00017761 -0.00011659
-0.0241549 0.128296 0.226448 -0.00328572 0.00048738 -0.00011659
-0.0246586 0.115483 0.237871 -0.00345532 0.00030395 -0.00011659
-0.0221299 0.142498 0.232374 -0.00345532 0.00039766 -0.00011659
-0.0229202 0.141107 0.237426 -0.00345532 0.00056395 -0.00011659
-0.0309163 0.122453 0.265826 -0.00345532 0.0002982 0.00013341
-0.0255717 0.116757 0.267003 -0.00345532 0.00030718 3.769e-05
-0.0255585 0.150227 0.255788 -0.00366164 0.00024152 6.634e-05
-0.0263721 0.103193 0.259148 -0.0035505 0.00029227 0.00013341
-0.0220795 0.104829 0.247073 -0.00350852 0.00017761 0.00013341
-0.0254158 0.156737 0.249851 -0.00364496 0.00017761 0.00032794
-0.0260921 0.104222 0.281179 -0.00345532 0.00017761 0.00012107
-0.0251871 0.135371 0.250397 -0.0036862 0.00017761 0.00014063
-0.0233142 0.129922 0.271523 -0.00352732 0.00017761 0.00031387
-0.026411 0.0897381 0.269871 -0.00345532 0.00017761 0.00013341
-0.0237006 0.144474 0.256837 -0.00370317 0.00017761 0.00029163
-0.0234751 0.121337 0.264324 -0.00380877 0.00017761 0.00025349
-0.0251545 0.102799 0.278744 -0.00368675 0.00017761 0.00019997
-0.0210043 0.150207 0.270007 -0.00377833 0.00017761 0.00028755
-0.0214779 0.116163 0.299537 -0.00387822 0.00017761 0.00027995
-0.0263393 0.11204 0.289962 -0.00391096 0.00017761 0.00026748
-0.0218386 0.153539 0.289114 -0.00394139 0.00017761 0.000273
-0.0237999 0.11858 0.303605 -0.00395261 0.00017761 0.00028123
-0.0255195 0.115088 0.280497 -0.00395384 0.00017761 0.00029424
-0.024519 0.140883 0.280878 -0.00371011 0.00017761 0.00034985
-0.0191442 0.0843932 0.288403 -0.00424327 7.026e-05 0.00028703
-0.01402 0.110898 0.225303 -0.00410374 -5.907e-05 0.00024753
-0.0224952 0.093205 0.190607 -0.00380872 -0.00023074 0.00010465
-0.0284684 0.0614008 0.205076 -0.00239392 -0.00041278 -8.362e-05
-0.0293354 0.117234 0.234565 -0.00347817 -0.00023074 -8.481e-05
-0.0256778 0.0853728 0.292385 -0.00384767 -3.432e-05 -0.00016751
-0.0216448 0.1097 0.282417 -0.00438654 -6.913e-05 -8.377e-05
-0.0244882 0.126558 0.301245 -0.00455346 -0.00023074 -2.237e-05
-0.0293494 0.0995748 0.318706 -0.00459058 -0.00016955 -2.185e-05
-0.0196707 0.0938162 0.322785 -0.00472481 -0.00016092 -8.98e-05
-0.0262997 0.13946 0.313323 -0.00478598 1.452e-05 -0.00011616
-0.0256601 0.110129 0.350778 -0.00549008 -3.69e-06 -0.00016782
-0.0289877 0.0980717 0.34557 -0.00513221 -6.141e-05 -0.00010693
-0.0274422 0.12551 0.312607 -0.00501259 -7.115e-05 -3.891e-05
-0.0300715 0.116286 0.35087 -0.00566832 7.979e-05 -0.00018082
-0.0307178 0.106439 0.326279 -0.00543246 9.616e-05 -8.261e-05
-0.0292098 0.156014 0.334133 -0.00543609 -0.00015319 0.00010465
-0.0301305 0.119538 0.340883 -0.00562219 -6.391e-05 0.00010465
-0.0294682 0.0760632 0.328688 -0.00520387 -0.00023074 -3.234e-05
-0.0264562 0.107157 0.322196 -0.00537227 -0.00023074 -4.626e-05
-0.0295455 0.0949637 0.344532 -0.00578409 -4.845e-05 -1.114e-05
-0.0312536 0.0794519 0.368332 -0.00605882 -0.00023074 -0.00011
-0.0335288 0.125056 0.354931 -0.00613931 -0.00015555 3.052e-05
-0.0318801 0.125648 0.353442 -0.00615447 -1.427e-05 -6.431e-05
-0.0375134 0.120785 0.35068 -0.0063189 1.72e-06 -0.00014333
-0.0439861 0.145205 0.376762 -0.00669054 -0.00022961 -0.00033254
-0.030101 0.169547 0.375046 -0.00669054 8.69e-06 5.473e-05
-0.0292272 0.127923 0.375898 -0.00694054 -1.686e-05 2.005e-05
-0.028168 0.0675553 0.391048 -0.00669054 -5.869e-05 6.858e-05
-0.027961 0.121327 0.4041 -0.00688018 -4.098e-05 4.904e-05
-0.0362337 0.13578 0.519675 -0.00856881 0.00042178 -0.00023252
-0.0500649 0.103887 0.583106 -0.0100994 -4.438e-05 -0.00033254
-0.0450188 0.0679647 0.571745 -0.0103677 -2.984e-05 -0.00033254
-0.0431773 0.10573 0.59549 -0.0109069 0.000123 -0.00033254
-0.0428345 0.0722718 0.603135 -0.0105458 0.00026828 -0.00020002
-0.0464101 0.0305521 0.592992 -0.0107569 0.00014606 -0.00033254
-0.0477415 0.120338 0.600696 -0.0107469 0.00030129 -0.00038204
-0.0558934 0.121285 0.621657 -0.0109342 7.981e-05 -0.00039663
-0.0571592 0.0867871 0.633015 -0.0110248 7.742e-05 -0.00037309
-0.0568407 0.0516665 0.624271 -0.0109947 5.34e-06 -0.00044558
-0.0517801 0.109565 0.618951 -0.011045 4.149e-05 -0.00032633
-0.0494725 0.1031 0.620851 -0.0110244 5.678e-05 -0.00049354
-0.0531114 0.0712786 0.629177 -0.0113254 0.0001478 -0.00061847
-0.0497716 0.0566909 0.642596 -0.0116534 5.942e-05 -0.00037426
-0.0479219 0.102885 0.625773 -0.011562 0.0001288 -0.00032073
-0.0459735 0.0638629 0.612213 -0.0115447 0.00015838 -0.00039181
-0.0478686 0.0488961 0.642708 -0.0119668 7.391e-05 -0.0006623
-0.0516432 0.0981443 0.62047 -0.0118547 0.00018369 -0.00057
-0.0504068 0.0750284 0.613088 -0.0117283 0.00025749 -0.00039116
-0.0524971 0.0300358 0.684387 -0.0125203 -1.687e-05 -0.00053787
-0.0528178 0.0814869 0.644189 -0.0124271 8.68e-05 -0.0004863
-0.0505788 0.0799323 0.641093 -0.012637 0.00013771 -0.00024798
-0.0505622 0.0429037 0.669165 -0.012899 0.00028807 -0.00036603
-0.051969 0.0120742 0.669196 -0.0129487 0.00020976 -0.00036448
-0.0552384 0.0353212 0.658038 -0.012642 0.00015111 -0.00024798
-0.0572692 0.0705674 0.669085 -0.012598 0.00010014 -0.00035692
-0.050346 0.0156427 0.688183 -0.0125022 -1.12e-05 -0.00041734
-0.0462305 0.0840709 0.642145 -0.0117791 8.133e-05 -0.00035667
-0.0497897 0.0494396 0.676396 -0.0126385 2.641e-05 -0.00024798
-0.0436781 0.032174 0.642105 -0.0125042 -4.697e-05 -0.00024798
-0.0496759 0.0745233 0.654367 -0.0126879 4.774e-05 -9.73e-05
-0.051463 0.0031654 0.67839 -0.0128276 -0.00010869 -0.00018824
-0.0512317 0.0568468 0.655217 -0.0123607 -0.00014185 -0.00027829
-0.0523251 0.0387265 0.699739 -0.0127829 -0.00012927 -0.0003171
-0.0591996 -0.0144209 0.684062 -0.0128042 -0.00010133 -0.00020669
-0.0522122 0.0553682 0.685442 -0.0125151 -0.0002375 -0.0003019
-0.054213 0.0201329 0.699476 -0.0130369 -0.00024792 -0.00042009
-0.0551114 0.012927 0.67233 -0.0126212 -0.00042076 -0.00032246
-0.0566953 0.0705369 0.674679 -0.0127526 -9.437e-05 -0.00036645
-0.0586086 0.0212625 0.692992 -0.0131969 -0.00021474 -0.00016569
-0.0561235 0.0171471 0.681914 -0.0129836 -0.00030902 -0.00020376
-0.0583834 0.0729178 0.697749 -0.0131512 -0.00014945 -0.00017808
-0.0576285 0.00473189 0.70666 -0.0130826 -0.00020605 -0.0002958
-0.0589041 0.0105821 0.692995 -0.0129725 -0.00029801 -0.0002651
-0.0639973 0.0680397 0.704773 -0.0133157 -0.00018527 -0.00029899
-0.056891 0.00491122 0.718011 -0.0133118 -0.00039728 -0.00022557
-0.0566737 0.0175541 0.698469 -0.0131591 -0.00041426 -0.00021779
-0.0535662 0.0486405 0.687285 -0.0133671 -0.0003201 -0.00039148
-0.0584035 -0.0108839 0.705569 -0.0134312 -0.00023873 -0.00025592
-0.0595831 0.0011743 0.699298 -0.0135927 -0.00028477 -0.00028176
-0.0529663 0.0510374 0.694372 -0.0131711 -0.00023668 -0.00041466
-0.0590327 -0.00407424 0.715995 -0.0136442 2.658e-05 -0.0003618
-0.0669042 0.0124328 0.701889 -0.0135927 -0.00035034 -0.00033373
-0.0625826 0.0638737 0.698029 -0.0130718 0.00019599 -0.00032059
-0.0628779 -0.00643196 0.733342 -0.0135927 5.895e-05 -0.00053721
-0.0669268 0.0482176 0.715968 -0.0132307 -0.00055552 -0.00036121
-0.0581038 0.0467184 0.70922 -0.0134202 -0.00021181 -0.00039388
-0.0594974 -0.0260041 0.721211 -0.0135927 -0.00024135 -0.00037737
-0.0560946 0.030592 0.68938 -0.0132406 -0.00031177 -0.0003132
-0.056399 0.0447552 0.68014 -0.0133523 -0.00010327 -0.0002892
-0.0553202 0.00283654 0.703319 -0.0136958 -0.00023865 -0.00030198
-0.0571818 0.0498037 0.6802 -0.0135548 -6.057e-05 -0.00030975
-0.0602659 0.0123291 0.696772 -0.0135301 -0.00016369 -0.00039919
-0.0545275 -0.0101646 0.707628 -0.0135336 -0.00011485 -0.00037215
-0.0647705 0.0599614 0.680096 -0.0131848 -6.965e-05 -0.0004234
-0.0615821 0.0240816 0.558321 -0.00871529 -0.00101279 -0.00033097
-0.0504557 0.0373475 0.554225 -0.0101424 -4.39e-05 -0.0005046
-0.0498547 0.0534086 0.576102 -0.0117982 -0.00020822 -0.00033097
-0.0536673 0.0418277 0.619903 -0.0121267 -0.0001912 -0.00033097
-0.0533996 -0.0191447 0.677183 -0.0132247 -0.00038489 -0.00051629
-0.0514061 0.03593 0.676923 -0.0134465 -0.00041097 -0.00033097
-0.0559669 0.0181974 0.711266 -0.0136263 -0.0004307 -0.00061814
-0.0636966 -0.00784292 0.732682 -0.0138679 -0.00046561 -0.00063333
-0.0675677 -0.029916 0.73435 -0.0141118 -0.00049668 -0.00048043
-0.0621916 0.0177783 0.721417 -0.0143767 -0.00049202 -0.0003839
-0.0668743 0.0163764 0.71862 -0.0141745 -0.00018849 -0.00033097
-0.059092 0.024323 0.699444 -0.0134243 -0.00034323 -0.00033097
-0.064456 -0.00317289 0.752216 -0.0143876 -0.00051065 -0.00033097
-0.0652016 0.0389231 0.720827 -0.0140305 -0.00044511 -0.00033097
-0.0657746 0.0463059 0.681631 -0.0136044 -0.00021153 -0.00033097
-0.0657369 -0.00680343 0.713621 -0.0140873 -0.00036437 -0.0004468
-0.0684224 0.0219245 0.704553 -0.0140305 -0.00045507 -0.00033097
-0.0671933 0.0103731 0.700887 -0.0140305 -0.00035504 -0.00033097
-0.0596574 -0.0298415 0.717458 -0.0140305 -0.00056938 -0.00055898
-0.069245 0.0232078 0.704465 -0.0136325 -0.00054347 -0.00033097
-0.0678384 -0.0101226 0.730275 -0.0142489 -0.00057514 -0.00033097
-0.066651 -0.00185118 0.726346 -0.0143399 -0.00050456 -0.00033097
-0.058756 0.0370355 0.704554 -0.0140305 -0.00041482 -0.00044341
-0.05964 -0.0115327 0.71044 -0.0142433 -0.00041608 -0.00047354
-0.0580659 0.00238883 0.716325 -0.0144943 -0.00051413 -0.00033097
-0.0584063 0.0317094 0.696245 -0.0140305 -0.0003161 -0.00033097
-0.0581576 -0.0150504 0.715631 -0.0141798 -0.00051799 -0.00033097
-0.0577914 0.0217384 0.680397 -0.0138086 -0.00031048 -0.00033097
-0.0604299 -0.00259924 0.670855 -0.0138394 -0.00025112 -0.00053393
-0.068004 -0.012753 0.705964 -0.0140398 -0.00042288 -0.00033097
-0.0670111 0.0360887 0.700227 -0.0139657 -0.00038983 -0.00050943
-0.0682846 0.0257773 0.707023 -0.0141534 -0.00038657 -0.00056054
-0.0558302 -0.0257812 0.7265 -0.0144766 -0.00056047 -0.00082512
-0.0604846 0.034759 0.7147 -0.0140642 -0.00045853 -0.00061987
-0.0693871 0.0400622 0.71691 -0.0139739 -0.00035485 -0.00059313
-0.0613276 -0.0166922 0.719871 -0.0142138 -0.00048456 -0.00061407
-0.06246 0.0446284 0.693021 -0.0139298 -0.00035129 -0.00033097
-0.0641589 0.0163636 0.703753 -0.0144005 -0.0004177 -0.00060413
-0.0672928 0.00950866 0.70759 -0.0144655 -0.00046457 -0.00060237
-0.0674225 0.0472163 0.698048 -0.0142904 -0.00036239 -0.00056353
-0.0687346 -0.0089769 0.719901 -0.0147332 -0.00047188 -0.0006468
-0.0650064 0.00951444 0.681075 -0.014203 -0.00042202 -0.00057212
-0.059635 0.0308794 0.657338 -0.0138645 -0.00032289 -0.0009025
-0.0593269 -0.0105422 0.680644 -0.0141561 -0.00045422 -0.00105291
-0.0611551 0.0267154 0.638054 -0.0138382 -0.00033745 -0.00102465
-0.0529842 0.00125502 0.651488 -0.0141426 -0.00034008 -0.0010709
-0.0608295 -3.046e-05 0.667384 -0.0143202 -0.00019906 -0.00097925
-0.0570197 0.0458288 0.673066 -0.0142521 -0.00027923 -0.00087673
-0.059883 -0.00350923 0.692981 -0.0146298 -0.00029655 -0.00091029
-0.0669498 -0.00119407 0.678859 -0.0143028 -0.00034277 -0.00065897
-0.0530458 0.0530592 0.666188 -0.0142841 -0.00029798 -0.00090859
-0.0482349 -0.00576883 0.68661 -0.0144776 -0.00040625 -0.00093542
-0.0625141 0.0671242 0.657839 -0.0137804 -0.00049076 -0.00114482
-0.0668495 0.0254763 0.67971 -0.014354 -0.00050451 -0.00108906
-0.0629557 -0.0191496 0.686149 -0.0142851 -0.00049997 -0.0010899
-0.0648831 0.0451047 0.64406 -0.0136279 -0.0003881 -0.00083987
-0.0632469 0.00621805 0.662617 -0.0141202 -0.00020432 -0.00110668
-0.0632135 0.034743 0.643898 -0.013929 -0.00037603 -0.00083987
-0.0620792 0.0582613 0.618738 -0.0136976 -0.00036714 -0.00111709
-0.0550567 0.00381238 0.650636 -0.0140352 -0.00048449 -0.00102718
-0.0633521 0.0461811 0.635775 -0.0141414 -0.00034863 -0.0011151
-0.0652944 0.0211602 0.658986 -0.0140558 -0.00040684 -0.00109788
-0.0657782 -0.00578229 0.675372 -0.0140537 -0.00057545 -0.00083987
-0.065223 0.0499676 0.653573 -0.0139776 -0.00038462 -0.00098313
-0.0648878 0.0255467 0.665559 -0.0140537 -0.00034297 -0.00083987
-0.0603757 -0.0204296 0.670075 -0.0144959 -0.00048731 -0.00109185
-0.0656438 0.0431284 0.648446 -0.013972 -0.00051333 -0.00083987
-0.0619399 0.0361536 0.659283 -0.0139841 -0.0003231 -0.00083987
-0.0594198 -0.00089489 0.674082 -0.0143134 -0.00045142 -0.0010947
-0.0581636 0.0511687 0.664597 -0.0139665 -0.00048846 -0.00083987
-0.0605439 0.00355662 0.671329 -0.01429 -0.0004244 -0.00109204
-0.0594527 0.0172056 0.658989 -0.0138145 -0.00058241 -0.00083987
-0.0698343 0.0417502 0.648463 -0.0140101 -0.00045641 -0.00083987
-0.0637381 -0.00155287 0.667075 -0.0140597 -0.00043611 -0.00083987
-0.0596119 0.0411363 0.645029 -0.0142372 -0.00032618 -0.00096257
-0.059717 0.00637722 0.673271 -0.0143152 -0.00046115 -0.00102973
-0.0619799 0.00643323 0.66275 -0.0142275 -0.00054657 -0.00083987
-0.0626798 0.0289844 0.662177 -0.0143152 -0.00038048 -0.00103343
-0.060639 -0.0120193 0.690226 -0.0143152 -0.00063145 -0.00101115
-0.0670975 0.00921025 0.681898 -0.0144561 -0.00062765 -0.00083987
-0.0535551 0.00350023 0.705774 -0.0146148 -0.00052256 -0.00099065
-0.0627812 -0.0385585 0.704486 -0.0145852 -0.00059316 -0.00083987
-0.0602783 0.0343131 0.670857 -0.0142287 -0.00045916 -0.00083987
-0.0696514 -0.0370632 0.675809 -0.014668 -0.00056237 -0.00083987
-0.0712089 -0.00866753 0.655552 -0.0143989 -0.00051252 -0.00083987
-0.062834 0.0221484 0.647576 -0.0141509 -0.00037677 -0.00100348
-0.0645714 -0.0092238 0.675742 -0.0144853 -0.00045109 -0.00094434
-0.0637576 0.0444393 0.655432 -0.0140357 -0.00039697 -0.00097256
-0.0646869 -0.00892696 0.692816 -0.0145594 -0.00061646 -0.00093289
-0.0687014 -0.00209362 0.68167 -0.0145568 -0.00066935 -0.00083987
-0.0629534 0.0177118 0.691594 -0.0144727 -0.00060209 -0.00094495
-0.0652616 -0.0118753 0.691094 -0.0141509 -0.00067426 -0.00083987
-0.0622768 0.056717 0.676827 -0.0143098 -0.00059614 -0.00083987
-0.0638607 0.0112183 0.679959 -0.0142088 -0.00058399 -0.00083987
-0.0639501 -0.00825201 0.666877 -0.014248 -0.00050877 -0.00083987
-0.07171 0.0420752 0.667237 -0.014503 -0.00042918 -0.00069658
-0.0637796 0.00412491 0.685948 -0.0146212 -0.00051293 -0.00083987
-0.064148 -0.00582996 0.689496 -0.0146242 -0.00058908 -0.00083987
-0.0657082 0.028435 0.687131 -0.0144156 -0.00063509 -0.00083987
-0.0537825 -0.0329056 0.707436 -0.0146703 -0.00063644 -0.00096282
-0.0577063 0.018367 0.668441 -0.0145092 -0.00059339 -0.00094672
-0.0606249 -0.00231361 0.668434 -0.0145461 -0.00043062 -0.00100931
-0.0605262 -0.00175852 0.668422 -0.0144167 -0.00059775 -0.00083987
-0.061286 0.0411098 0.639455 -0.014248 -0.00045636 -0.00083987
-0.0568741 -0.0143756 0.678853 -0.0146715 -0.00050077 -0.0010194
-0.0493963 0.0297293 0.660661 -0.01441 -0.00047076 -0.00101225
-0.0591061 0.0327134 0.639463 -0.0143263 -0.00035099 -0.00083987
-0.0562754 -0.0257169 0.673495 -0.0147296 -0.00060508 -0.00106867
-0.0517193 0.0227154 0.660971 -0.0147024 -0.00057417 -0.00100168
-0.0647273 0.0109754 0.680577 -0.0146698 -0.00048341 -0.00105187
-0.0515809 -0.0198729 0.679737 -0.0146456 -0.00063184 -0.00102494
-0.0557964 0.0257139 0.648805 -0.0145832 -0.00036405 -0.00101675
-0.0579046 -0.0149582 0.671675 -0.0146708 -0.00052718 -0.00104547
-0.0570003 0.00617894 0.64546 -0.0143553 -0.00049716 -0.00103282
-0.0569616 0.0283742 0.6395 -0.0144451 -0.00039028 -0.00102792
-0.0575168 -0.00817605 0.65808 -0.0148243 -0.00055045 -0.00107219
-0.0582051 0.0304669 0.653281 -0.0144451 -0.00054881 -0.00103838
-0.060817 0.0293822 0.616805 -0.0140277 -0.00039258 -0.0010948
-0.0572681 -0.0132682 0.635815 -0.0146883 -0.00049367 -0.00107091
-0.0533879 0.0304857 0.6216 -0.014568 -0.00047405 -0.00101793
-0.0489101 -0.0131862 0.655791 -0.0146612 -0.0005411 -0.00110371
-0.049773 0.0114633 0.629536 -0.0144232 -0.00053666 -0.00115146
-0.0507404 0.0224622 0.585576 -0.0141769 -0.00040093 -0.00116135
-0.0508019 -0.0321593 0.61269 -0.0147303 -0.00043815 -0.00116776
-0.0473865 -0.00208757 0.613477 -0.0145732 -0.0004789 -0.0010982
-0.0515347 0.0101878 0.623757 -0.0146544 -0.00041846 -0.00083987
-0.0474346 -0.0252764 0.639707 -0.0146562 -0.00043926 -0.00098581
-0.0465563 0.00176592 0.642516 -0.0149436 -0.00061089 -0.00096984
-0.0537202 0.0470181 0.649569 -0.014571 -0.00042412 -0.00083987
-0.0515723 0.0272111 0.65685 -0.0146935 -0.00042568 -0.00083987
-0.0510262 -0.0387632 0.66859 -0.0149906 -0.00059138 -0.00099376
-0.0512315 0.0305508 0.678859 -0.0147621 -0.00063196 -0.00083987
-0.050709 0.0224228 0.678917 -0.0146463 -0.00052618 -0.00083987
-0.0577416 -0.0442117 0.707246 -0.0149967 -0.00051963 -0.00097089
-0.0508951 0.0064072 0.708965 -0.0150771 -0.00067739 -0.00094791
-0.0598065 0.0251263 0.70953 -0.0150405 -0.00062869 -0.00071158
-0.0588087 0.00369054 0.693717 -0.0147704 -0.00041231 -0.00083987
-0.0583044 -0.033241 0.703933 -0.0150716 -0.00063701 -0.00083987
-0.0660141 0.0273953 0.681526 -0.0148537 -0.00056303 -0.0007067
-0.0669396 0.0278916 0.671086 -0.0147607 -0.00053576 -0.00083987
-0.0590195 -0.014155 0.685383 -0.0148425 -0.0005611 -0.00096932
-0.0591981 0.0238419 0.682263 -0.0150361 -0.00048404 -0.00083987
-0.0699452 0.0294028 0.678731 -0.0145639 -0.0004534 -0.00064772
-0.0586601 -0.0263734 0.684328 -0.0145758 -0.00071658 -0.00091774
-0.0568878 0.0740725 0.702469 -0.0149365 -0.00048518 -0.00108622
-0.0598075 0.0891637 0.706826 -0.0153193 -0.00065481 -0.00114783
-0.0527156 0.0493009 0.706869 -0.0154522 -0.0006382 -0.00111347
-0.0525219 -0.0340004 0.703951 -0.0157876 -0.0006086 -0.00116113
-0.0429207 0.0126544 0.619095 -0.0147902 -0.0006182 -0.0006342
-0.0576163 -0.0115379 0.642201 -0.014192 -0.0003589 -0.00061245
-0.0534615 0.0208163 0.651428 -0.0141431 -0.00040595 -0.00084551
-0.0595694 0.00531647 0.643051 -0.0140668 -0.00043656 -0.00078578
-0.0548315 0.125908 0.669383 -0.0142313 -0.00053098 -0.0009044
-0.052438 0.113744 0.683775 -0.0144784 -0.00050391 -0.00084298
-0.0557567 0.0924513 0.680101 -0.0143543 -0.00047851 -0.00079097
-0.0486304 0.0275557 0.675431 -0.0145643 -0.00074204 -0.00089508
-0.0470312 0.0567692 0.675164 -0.0150511 -0.00064155 -0.00091639
-0.0586249 0.0762441 0.690414 -0.0149544 -0.00057637 -0.00086755
-0.0548007 0.0570877 0.690938 -0.0147323 -0.0005421 -0.00082283
