0.0312333 0.13456 0.250064 -0.00119034 0.0005518 0.00075351
0.0436942 0.183544 0.213733 -0.00114424 0.00069084 0.00087181
0.043887 0.133518 0.254141 -0.00107635 0.00061539 0.00104558
0.026741 0.0769786 0.412259 -0.00149742 0.00044153 0.00099607
0.0215706 0.099483 0.426232 -0.00176655 0.00024018 0.00100896
0.0263305 0.234142 0.421066 -0.00169562 0.00030687 0.0011096
0.0269274 0.310256 0.4034 -0.00123505 0.00039004 0.00111805
0.0319008 0.211837 0.391081 -0.00102011 0.00044557 0.0011545
0.0279158 0.135369 0.414373 -0.00179882 0 0.00113408
0.0264358 0.0587775 0.402972 -0.00092062 0.00034805 0.00092649
0.0149016 0.0216574 0.414608 -0.00073987 8.75e-05 0.00091687
0.0242025 0.1196 0.403556 -0.00128099 2.565e-05 0.00118475
0.023602 0.265255 0.382066 -0.00086218 0.0001036 0.00102689
0.0190851 0.233924 0.375746 -0.00047169 0.00010761 0.00092412
0.0275355 0.160037 0.372794 -0.00036501 0.00032667 0.00106815
0.0057237 0.0551344 0.385428 -0.00018156 9.061e-05 0.00090279
-0.00559544 0.0238095 0.366546 -0.00023 9.521e-05 0.00048716
-0.00793059 0.112523 0.357768 -0.00068833 1.769e-05 0.00067607
-0.0107489 0.297077 0.356884 -0.00035648 -0.00018099 0.00081204
-0.0123151 0.30165 0.375565 -8.506e-05 -0.00023435 0.00075351
-0.00797776 0.185227 0.330024 0.00033592 -0.00017379 0.00081479
-0.00584743 0.0712305 0.346351 0.00051405 -0.00010198 0.00085625
-0.00919387 0.00434468 0.397646 0.00017813 -0.00012559 0.00075351
-0.0133089 0.00498428 0.390138 4.459e-05 -0.00020974 0.00075351
-0.0100406 0.0807359 0.352538 -0.00040178 -0.00012444 0.0009087
-0.0114934 0.315253 0.328346 0.00029166 -0.00020401 0.00094496
-0.0168253 0.30089 0.323744 0.00071259 -0.00037631 0.00090146
-0.0061596 0.185624 0.29406 0.00098376 -0.00035661 0.00088144
-0.0100319 0.0390385 0.357592 0.00073058 -0.00020587 0.00098099
-0.0112477 0.0152722 0.389561 0.00057102 -0.00029204 0.00083765
-0.0228467 0.0828045 0.346242 0.00064281 -0.00036384 0.00094655
-0.020042 0.227581 0.315898 0.00117775 -0.00045413 0.00104126
-0.00240335 0.180032 0.278687 0.00121494 -0.00020153 0.00097464
0.014521 0.0827422 0.312714 0.00088352 9.284e-05 0.00089346
0.00691413 0.0104089 0.351882 0.0009497 -9.413e-05 0.000893
0.00687459 0.0259817 0.325677 0.00125717 1.595e-05 0.00105021
0.00776716 0.183603 0.316359 0.00111726 2.459e-05 0.00117097
0.00893703 0.254715 0.31563 0.00154165 5.537e-05 0.00112639
0.00741567 0.168449 0.297391 0.00198565 2.892e-05 0.00103807
-0.00622861 0.0491922 0.309875 0.00178603 2.25e-06 0.00114653
-0.00513207 0.057901 0.293325 0.00201479 4.029e-05 0.00120629
0.0125897 0.15687 0.283724 0.00179971 8.558e-05 0.00139339
0.0226161 0.0798976 0.263913 0.00212291 0.00020773 0.00115857
0.0121185 0.0150542 0.312181 0.00213085 0.0002711 0.00142337
0.00945645 -0.00159841 0.320906 0.00223593 0.00010065 0.00151136
0.0213894 0.12077 0.304323 0.00230678 0.00023148 0.00174017
0.0236591 0.218029 0.314761 0.00223593 0.00010065 0.00172605
0.0300113 0.201152 0.287742 0.00266577 0.0002804 0.00165812
0.0374115 0.127897 0.279718 0.0027667 0.00035065 0.00168643
0.0254923 0.0300613 0.31534 0.00265603 0.00023949 0.00161862
0.0134483 0.00721486 0.31094 0.00206114 0.00029512 0.00165933
0.0102768 0.128139 0.282555 0.00241218 0.00010065 0.00168307
0.0129401 0.211892 0.277891 0.00284449 0.00010065 0.00174377
0.00978929 0.149417 0.277744 0.00285901 0.00010065 0.00170938
0.00398149 0.0474949 0.279277 0.00192913 0.00010065 0.00160543
0.00947659 0.01911 0.272286 0.001973 0.00010065 0.00160543
0.0114032 0.142022 0.266047 0.0020295 0.00019417 0.00188338
0.0264278 0.19664 0.265596 0.00231674 0.00010065 0.00201995
0.026099 0.156217 0.255587 0.00273445 0.00010065 0.00182038
0.0159478 0.0307026 0.299879 0.00232412 0.00010065 0.00184417
0.0116499 0.0233828 0.299745 0.00195726 0.00010065 0.00171147
0.00866568 0.167755 0.273128 0.00233035 0.00010065 0.00174611
0.00294564 0.279105 0.26001 0.00250592 -1.233e-05 0.00166849
0.0133418 0.177957 0.265565 0.00280355 0.00016898 0.00160543
0.00948981 0.0707321 0.312961 0.00253046 0.00010065 0.00177416
0.00234509 -0.0122998 0.348869 0.00228598 9.7e-06 0.00160543
-0.00436284 0.0390155 0.324962 0.00214546 0.00010065 0.0018294
-0.00609394 0.189478 0.304571 0.00251337 0.00010065 0.00160543
-0.00459578 0.194252 0.281399 0.00263587 -0.0002116 0.00173128
0.00876329 0.128687 0.253383 0.00275242 0.00010065 0.00172836
0.00084585 0.0469611 0.302149 0.00261127 0.00010065 0.00182375
-0.00693898 0.00744767 0.356596 0.00193568 -6.434e-05 0.00160543
0.00877414 0.167809 0.325906 0.00228906 -0.00010439 0.00179327
0.00870516 0.205533 0.267082 0.00279165 -6.204e-05 0.00170643
0.00669351 0.11953 0.293996 0.00258817 -0.00012269 0.00186987
-0.00547557 0.0283564 0.364775 0.00219045 2.99e-06 0.00186729
-0.0202655 0.045481 0.349407 0.00203901 -4.488e-05 0.00182786
-0.00832078 0.1944 0.325342 0.00222879 -9.063e-05 0.00175846
-0.0054305 0.206198 0.317061 0.00273051 -7.086e-05 0.00176855
-0.0055082 0.175314 0.310343 0.00286293 -0.00020044 0.00170132
-0.00545123 0.105137 0.292809 0.00311446 -7.085e-05 0.00173243
-0.00670035 0.038284 0.334759 0.00279652 -0.00016998 0.00177569
0.00803087 -0.034067 0.373284 0.0025532 0.00012721 0.00186635
0.00888347 0.0698908 0.334736 0.00243157 0.00010406 0.00198767
0.0131838 0.221848 0.334046 0.00287256 -0.00016484 0.00200184
0.0105385 0.184304 0.313067 0.00302093 -4.586e-05 0.00189318
0.0162381 0.141343 0.292159 0.0032091 -4.696e-05 0.00184904
0.00174789 0.0318326 0.353684 0.00263943 -1.023e-05 0.00180423
0.00095522 0.0120834 0.346217 0.00234427 -8.52e-05 0.0017766
0.00381606 0.208514 0.344979 0.00281855 -8.154e-05 0.00208502
0.00263123 0.191825 0.331047 0.00312456 -9.884e-05 0.00187895
0.00244956 0.114047 0.331236 0.00316331 -0.00011443 0.00188671
0.00095171 0.0619183 0.363067 0.00278443 -0.00050155 0.00185135
-0.00344655 -0.0253082 0.376171 0.00278443 1.532e-05 0.00174609
0.00110143 0.0460044 0.343298 0.00278443 -6.415e-05 0.00187227
0.0016184 0.212346 0.345984 0.00314975 -0.00027197 0.00201292
-0.00132493 0.166123 0.341287 0.0031801 -0.00030867 0.00196927
-0.00527143 0.103834 0.345656 0.0034226 -2.951e-05 0.00191547
-0.0168215 0.0278486 0.359401 0.00293429 -0.00013996 0.0018726
-0.0122578 0.137658 0.362772 0.00273442 -0.00021025 0.0019358
-0.0204015 0.219306 0.338513 0.00314725 -0.00025155 0.0019404
-0.0156008 0.12047 0.346172 0.00307314 -0.00032401 0.00184858
-0.0286352 -0.0124071 0.401245 0.00268992 -0.00027001 0.00176308
-0.0290514 -0.0237923 0.476948 0.00204033 -0.00025155 0.00195544
-0.0335479 0.107857 0.522688 0.00155199 -0.00036461 0.00218063
-0.0499158 0.352972 0.542431 0.00188987 -0.00076983 0.00188548
-0.0633637 0.362328 0.614135 0.00319098 -0.00132138 0.00191143
-0.052747 0.229574 0.537106 0.00211773 -0.0009068 0.00180075
-0.0566337 0.114883 0.501455 0.002724 -0.00068672 0.00160543
-0.0542961 0.0227203 0.551838 0.00209289 -0.00102445 0.00178904
-0.0648929 -0.0514862 0.535006 0.002484 -0.00084538 0.00160543
-0.0487987 0.0466757 0.499572 0.00182747 -0.00078027 0.001726
-0.0425863 0.11342 0.481543 0.00241298 -0.00080479 0.00176867
-0.0409593 0.212871 0.484629 0.00261782 -0.00089335 0.00202354
-0.0404917 0.186365 0.501045 0.00273257 -0.00066732 0.00195575
-0.0484777 0.0871104 0.538493 0.00203847 -0.0006615 0.0019694
-0.0530128 0.110069 0.548795 0.00204213 -0.00063486 0.0019371
-0.0488575 0.25737 0.538037 0.00228614 -0.0005642 0.00205626
-0.0424682 0.306433 0.568868 0.00319091 -0.00077833 0.00221012
-0.0428318 0.215867 0.588279 0.00434236 -0.00091524 0.00213174
-0.0436787 0.0935294 0.596171 0.00407747 -0.00096344 0.00209256
-0.0448788 -0.0163578 0.532693 0.00235317 -0.00055821 0.00185802
-0.0363341 0.096185 0.499863 0.00288121 -0.00055174 0.00195172
-0.0388339 0.144195 0.498855 0.00296937 -0.000575 0.00189198
-0.0345151 0.103293 0.478175 0.00330918 -0.00059896 0.00193387
-0.0461119 0.0338399 0.519191 0.00263796 -0.0005375 0.00180933
-0.0545691 0.0562758 0.519589 0.00224073 -0.00046969 0.00188759
-0.051696 0.156217 0.500458 0.00235347 -0.00061727 0.00183637
-0.0546339 0.307283 0.506223 0.00261744 -0.00075538 0.00177217
-0.0542894 0.309593 0.539057 0.00243462 -0.00069399 0.00189617
-0.0562925 0.202574 0.530067 0.00288936 -0.00069747 0.00176099
-0.0573781 0.105507 0.544936 0.00365319 -0.00091585 0.00188682
-0.0574565 -0.0313411 0.514006 0.00292653 -0.00070059 0.00160544
-0.0557735 -0.0341565 0.515043 0.00255923 -0.00067023 0.00170028
-0.0523862 0.144064 0.506577 0.00334427 -0.00072214 0.00189461
-0.0434815 0.206792 0.473035 0.00359173 -0.00073269 0.00187342
-0.0464871 0.14981 0.463784 0.00362437 -0.00074427 0.00186395
-0.0543834 0.0627467 0.489613 0.00288614 -0.00059252 0.00174185
-0.0512286 0.114357 0.485861 0.00278774 -0.00057782 0.00181269
-0.0510792 0.215237 0.484257 0.00321564 -0.00055074 0.00193359
-0.0541707 0.197796 0.495564 0.00347894 -0.00070033 0.0018681
-0.0564403 0.109173 0.538162 0.00366796 -0.00082435 0.00183166
-0.0506851 0.0345466 0.527968 0.00344279 -0.00062767 0.00191068
-0.0529633 0.117601 0.49281 0.00280538 -0.00073754 0.0018487
-0.0585129 0.163146 0.470709 0.00397519 -0.00069336 0.00172709
-0.0568242 0.126967 0.479144 0.0046956 -0.00113406 0.00175439
-0.0548719 0.0405124 0.503907 0.00303114 -0.00088406 0.00169662
-0.0635024 -0.00172299 0.478471 0.00312785 -0.0006599 0.00166335
-0.0635171 0.0791334 0.472216 0.00280107 -0.00064611 0.00171409
-0.0586307 0.246165 0.47342 0.00327281 -0.00069628 0.00180983
-0.0629056 0.338973 0.461715 0.00379357 -0.0009367 0.00179412
-0.0566328 0.272824 0.471193 0.0044799 -0.00081577 0.00176815
-0.052095 0.130101 0.486378 0.00507499 -0.00113406 0.0017283
-0.0439264 0.0518556 0.443094 0.00472573 -0.00078002 0.00175129
-0.0442491 -0.00577162 0.451629 0.0043566 -0.00088406 0.00168209
-0.0544632 -0.0715688 0.50548 0.00523859 -0.00085861 0.00168024
-0.058746 -0.0521045 0.512014 0.00376521 -0.00088406 0.0017202
-0.0568574 0.104537 0.45048 0.00341006 -0.00055135 0.00169125
-0.0565184 0.274885 0.492857 0.00465259 -0.00076965 0.00160544
-0.055962 0.321616 0.500173 0.00537474 -0.00107364 0.00172999
-0.0561591 0.261441 0.494404 0.0053916 -0.00111959 0.00179697
-0.0544685 0.165419 0.43122 0.00457853 -0.00083659 0.00160544
-0.062472 0.0547637 0.552042 0.00537038 -0.00100108 0.0017355
-0.079811 -0.0296322 0.591063 0.00476825 -0.00103979 0.001718
-0.0722898 0.0355833 0.538257 0.00387469 -0.00104998 0.00160544
-0.0583884 0.151085 0.483532 0.00358828 -0.00081815 0.00180407
-0.0546282 0.198015 0.522034 0.00504779 -0.00099199 0.00191908
-0.0547372 0.173286 0.51723 0.00526671 -0.0010927 0.00188587
-0.0455525 0.117954 0.434312 0.00456345 -0.00087851 0.00178622
-0.0557121 0.0699829 0.510335 0.00457554 -0.00117618 0.00177586
-0.0899859 -0.00676593 0.493408 0.00454632 -0.00149478 0.0017139
-0.0761893 0.0832171 0.437044 0.00355219 -0.00083752 0.00172766
-0.0656214 0.280511 0.471438 0.00489279 -0.00110806 0.00188644
-0.060549 0.215859 0.465448 0.0050372 -0.001087 0.001854
-0.0605934 0.12888 0.46926 0.00552539 -0.00105311 0.00181378
-0.0608925 0.0615651 0.476454 0.0060243 -0.0010334 0.00160544
-0.0633689 -0.026056 0.50897 0.00521042 -0.00092812 0.00160544
-0.0708082 0.0334338 0.467281 0.00410681 -0.00078844 0.00155331
-0.0778847 0.244341 0.520553 0.00493679 -0.0011606 0.00160544
-0.0831039 0.224454 0.553566 0.00554179 -0.00155792 0.00152852
-0.0724941 0.12835 0.54601 0.0058312 -0.00122326 0.00160544
-0.0721322 0.0366143 0.58724 0.00535632 -0.00088881 0.0016912
-0.0661955 0.115116 0.544647 0.00510342 -0.00092094 0.0017435
-0.0657246 0.244218 0.556851 0.00538033 -0.00116693 0.00177089
-0.0629217 0.199438 0.527302 0.00577502 -0.00122784 0.00174644
-0.0710161 0.107089 0.52725 0.005814 -0.00118588 0.00160544
-0.0864817 0.00043218 0.582494 0.00546342 -0.00120216 0.00160544
-0.0820994 0.0623395 0.550477 0.00536726 -0.00136747 0.00160544
-0.0796434 0.250497 0.52213 0.0057239 -0.00113565 0.00170393
-0.0799646 0.219329 0.504512 0.00582074 -0.00132916 0.00160544
-0.0878525 0.0777644 0.554858 0.00556738 -0.00137748 0.00143511
-0.0934688 0.0943604 0.543359 0.00537958 -0.0014083 0.00143236
-0.0970172 0.204327 0.54264 0.00574369 -0.00178574 0.00152162
-0.091691 0.138241 0.521936 0.0060571 -0.0016512 0.00144422
-0.0953768 0.0372515 0.56674 0.00559162 -0.00160758 0.00143395
-0.0944482 0.0356041 0.546249 0.00502646 -0.00135533 0.00160544
-0.0882136 0.15909 0.52326 0.00519544 -0.00149734 0.00150763
-0.0871954 0.292544 0.530068 0.00579177 -0.00136205 0.00160544
-0.0904859 0.239056 0.532183 0.00577083 -0.00147523 0.00151739
-0.0847205 0.0620472 0.566689 0.00503057 -0.00140699 0.00152347
-0.101224 0.0377978 0.556922 0.00467583 -0.00164824 0.00160544
-0.0987666 0.244058 0.547125 0.00549481 -0.00159378 0.00160544
-0.0975118 0.284461 0.532295 0.00586601 -0.00170417 0.00160544
-0.0865631 0.182336 0.511449 0.00566284 -0.00142226 0.00160544
-0.0806808 0.0758656 0.511219 0.00578952 -0.00123424 0.00154365
-0.0867988 -0.00746908 0.554853 0.00603952 -0.00113977 0.00171399
-0.0957277 0.0135875 0.555987 0.00562745 -0.00130331 0.00166995
-0.0965193 0.153036 0.53346 0.00585516 -0.00147695 0.00167891
-0.100362 0.264522 0.541965 0.00611022 -0.00160681 0.00165707
-0.109044 0.24732 0.532891 0.00630359 -0.00180381 0.00148174
-0.0980931 0.142536 0.562122 0.00620677 -0.00154549 0.00153662
-0.0990757 0.0687923 0.597106 0.00570187 -0.00149038 0.0017408
-0.0970673 0.0885819 0.606834 0.00529436 -0.00169478 0.00189034
-0.0901214 0.21758 0.564017 0.00587379 -0.0012771 0.00187279
-0.0945515 0.234943 0.55521 0.00609517 -0.00144373 0.00175014
-0.0922514 0.119677 0.555197 0.00614021 -0.00148169 0.00177853
-0.0899033 0.0232338 0.577062 0.00582815 -0.00103331 0.00179664
-0.0982619 0.0126773 0.598334 0.0045519 -0.00179555 0.00176909
-0.0935312 0.133233 0.526231 0.00563899 -0.00124084 0.00170929
-0.0950814 0.274302 0.533949 0.00604282 -0.00145805 0.00160544
-0.0981379 0.295413 0.54007 0.00634787 -0.0014966 0.00170612
-0.0970697 0.215243 0.533527 0.00635711 -0.00151713 0.00168567
-0.105311 0.0961905 0.533742 0.00620995 -0.00171885 0.00160544
-0.105387 -0.0157359 0.52399 0.00590467 -0.00163245 0.00160544
-0.107172 0.00810543 0.499868 0.00538862 -0.00136508 0.00160544
-0.108416 0.099472 0.480324 0.00490517 -0.00151755 0.00147697
-0.107577 0.264805 0.510631 0.00585934 -0.00163714 0.00160544
-0.113117 0.303383 0.530327 0.00595832 -0.00194514 0.00129181
-0.119907 0.196518 0.543448 0.00596089 -0.00189565 0.00153867
-0.115793 0.0418078 0.576053 0.00596089 -0.00166785 0.0016796
-0.129891 -0.00053522 0.535212 0.00620449 -0.00178737 0.00181066
-0.133345 0.103092 0.513315 0.00629037 -0.00188137 0.00210252
-0.140399 0.282482 0.496849 0.00671008 -0.0020941 0.00171329
-0.133574 0.30543 0.527871 0.00625993 -0.00218884 0.00160544
-0.133953 0.199125 0.503863 0.00656876 -0.00222497 0.00160544
-0.135396 0.0776313 0.495256 0.00716563 -0.00226888 0.00160544
-0.141654 -0.0640492 0.534579 0.00675511 -0.00214329 0.00176666
-0.122441 0.0325556 0.495246 0.00646591 -0.00194331 0.00186062
-0.122582 0.192683 0.505827 0.00688147 -0.00228277 0.00182769
-0.112262 0.170876 0.476089 0.00662918 -0.00231019 0.00180576
-0.122527 0.103891 0.547288 0.00669877 -0.00240452 0.00193264
-0.124633 0.0525492 0.592728 0.00609118 -0.00217375 0.00201977
-0.122135 0.178871 0.571117 0.00613264 -0.00209284 0.00212588
-0.115985 0.291982 0.585041 0.0065411 -0.00205015 0.00214967
-0.114628 0.219333 0.534523 0.00728236 -0.00219694 0.00196896
-0.125724 0.0817431 0.578396 0.00654665 -0.00227138 0.00181011
-0.125864 0.081246 0.555819 0.00586081 -0.00269484 0.00181858
-0.112369 0.156945 0.519429 0.00645586 -0.00203683 0.00190383
-0.122095 0.0633508 0.576581 0.00585526 -0.00206099 0.00214373
-0.128552 0.00437604 0.628304 0.00637466 -0.00184321 0.00234961
-0.127071 0.154719 0.595513 0.00648542 -0.00198858 0.00244493
-0.130239 0.287546 0.571424 0.00699323 -0.00220578 0.00211199
-0.125663 0.207571 0.553793 0.00703159 -0.00212652 0.00211246
-0.121937 0.0814242 0.609065 0.00666214 -0.00178706 0.00222286
-0.116828 0.076177 0.580753 0.00624159 -0.00185737 0.00236422
-0.114919 0.233257 0.580397 0.00647864 -0.00198619 0.00232221
-0.129049 0.258154 0.591999 0.00670971 -0.00231035 0.00199273
-0.15365 0.167947 0.562311 0.00575343 -0.00254635 0.00154595
-0.142176 0.0422307 0.589299 0.00598505 -0.00242381 0.00144355
-0.138659 -0.00869401 0.580551 0.00647731 -0.00213122 0.00180479
-0.122057 0.108024 0.560061 0.00653869 -0.00174712 0.00213342
-0.121925 0.264611 0.532805 0.00702329 -0.00178129 0.00220029
-0.111094 0.225065 0.532585 0.0072801 -0.00194194 0.00209391
-0.102712 0.13985 0.527529 0.00733764 -0.00164942 0.00207977
-0.0888542 0.0388903 0.571827 0.00682482 -0.00144567 0.00242055
-0.095439 0.0329232 0.559537 0.00667285 -0.00143642 0.0024802
-0.0871275 0.171021 0.518863 0.00721724 -0.00164875 0.00239367
-0.0844056 0.205598 0.520728 0.00707509 -0.0016878 0.00225875
-0.0768292 0.08982 0.547479 0.00676647 -0.00148732 0.00225875
-0.0846869 0.00860174 0.605174 0.00661949 -0.00135965 0.00262319
-0.090372 0.0691635 0.62949 0.00688213 -0.00116721 0.00273049
-0.0737356 0.197459 0.596268 0.0067917 -0.00155758 0.00277632
-0.0724432 0.26801 0.59809 0.00726236 -0.00135106 0.00275113
-0.0723198 0.174619 0.595288 0.00731528 -0.00151508 0.00262402
-0.0736105 0.0374201 0.635799 0.0070339 -0.00130687 0.00256055
-0.072844 0.00979454 0.628099 0.00673883 -0.00177617 0.00297182
-0.0774736 0.0902476 0.591029 0.00669416 -0.00151333 0.00290247
-0.0704279 0.229913 0.563698 0.00733322 -0.0017148 0.00284893
-0.0641634 0.202144 0.581498 0.00703746 -0.00192223 0.00267407
-0.0534923 0.12398 0.595593 0.00703777 -0.00186159 0.00290304
-0.0615713 0.0217678 0.643577 0.00708233 -0.0017597 0.00298458
-0.0695926 -0.00092809 0.641524 0.0066293 -0.0017438 0.00292975
-0.0588525 0.118867 0.596195 0.00687709 -0.00149325 0.003021
-0.0580074 0.260869 0.606736 0.00742644 -0.0014597 0.00286771
-0.0610873 0.257647 0.63172 0.00730104 -0.00178576 0.00295132
-0.05736 0.190325 0.600668 0.0077051 -0.00164498 0.0028387
-0.0555897 0.10219 0.589444 0.00750293 -0.00199916 0.00267407
-0.069057 -0.0243746 0.66635 0.00723946 -0.00183544 0.00292089
-0.0647583 0.0204404 0.641722 0.00701106 -0.00173986 0.00302794
-0.0617779 0.134406 0.623007 0.00685317 -0.00181413 0.00277705
-0.0663838 0.148488 0.612479 0.00730436 -0.00205936 0.00284787
-0.0638358 0.166481 0.604078 0.00664365 -0.00282636 0.00290061
-0.0739211 0.177103 0.574573 0.00758623 -0.00210402 0.00267407
-0.0740667 0.125882 0.550087 0.00754721 -0.00203573 0.00267407
-0.0808217 0.0284148 0.597438 0.007293 -0.00201361 0.00267407
-0.0935998 0.0241063 0.637032 0.00706787 -0.00165584 0.00267407
-0.087362 0.180665 0.612377 0.00712378 -0.00188835 0.00284459
-0.0887767 0.248778 0.565639 0.00760275 -0.00189924 0.00280725
-0.077517 0.156314 0.581414 0.00654732 -0.00286998 0.00283505
-0.084211 0.0693503 0.627848 0.00715098 -0.0017196 0.00307313
-0.0667719 0.0127005 0.678278 0.00607833 -0.00272123 0.00325261
-0.0667679 0.145024 0.643366 0.00620022 -0.00283415 0.00331618
-0.0740137 0.237959 0.596613 0.00744309 -0.00217013 0.00301311
-0.0785885 0.135378 0.599637 0.00758666 -0.00204849 0.00299816
-0.0796082 0.00594035 0.647269 0.00733666 -0.0016844 0.00302666
-0.0797858 0.0560996 0.605578 0.00699259 -0.00170788 0.0030332
-0.0751683 0.222657 0.560174 0.00764302 -0.00219791 0.00306782
-0.0774591 0.222551 0.5312 0.0077731 -0.00180209 0.00296173
-0.0701727 0.124014 0.518336 0.00762592 -0.00202794 0.00276154
-0.0770659 0.0127911 0.610814 0.00727309 -0.00157051 0.00298077
-0.0783991 -0.0143379 0.608071 0.00678841 -0.00179395 0.00302499
-0.0673726 0.179881 0.574944 0.00729415 -0.0016144 0.00301255
-0.0812903 0.277485 0.588507 0.00755473 -0.00174187 0.00291592
-0.0757152 0.220607 0.545234 0.00763456 -0.00196065 0.00303107
-0.0724176 0.129761 0.576369 0.00767599 -0.00186993 0.00303668
-0.0816907 -0.0239532 0.646427 0.0072922 -0.00234898 0.00295049
-0.0773377 0.034638 0.642907 0.00683183 -0.00204118 0.00296727
-0.0751273 0.278361 0.619246 0.00742299 -0.00219339 0.00323046
-0.0919356 0.257121 0.600967 0.00762815 -0.0019922 0.00312324
-0.0799044 0.142335 0.594235 0.00766521 -0.00207153 0.00297912
-0.0799156 0.0561107 0.643023 0.00708163 -0.00219012 0.0029617
-0.0731166 0.0449163 0.627504 0.00740707 -0.0022065 0.00296813
-0.0828764 -0.0125434 0.616906 0.00706331 -0.00192828 0.0030155
-0.0802698 0.108433 0.576544 0.00720112 -0.00194567 0.0029711
-0.0773656 0.228547 0.588766 0.00777492 -0.00229139 0.00300314
-0.0801701 0.167029 0.601077 0.00771936 -0.00198763 0.00291715
-0.0741603 0.0473049 0.589616 0.00773867 -0.0025323 0.0030748
-0.0757957 0.0949932 0.549515 0.00661761 -0.00214483 0.00306732
-0.0743623 0.300858 0.589331 0.00706207 -0.00246747 0.00298787
-0.0830024 0.247664 0.56242 0.00770867 -0.00246266 0.00267407
-0.0812517 0.120316 0.52187 0.00779961 -0.00255678 0.00267407
-0.0896055 -0.0047932 0.603819 0.0079454 -0.00222032 0.00309111
-0.0852837 -0.0154293 0.630288 0.00736553 -0.00212243 0.00282946
-0.0738804 0.107597 0.604441 0.00747806 -0.00259885 0.00283473
-0.0732918 0.170111 0.573383 0.00784633 -0.00262501 0.00278411
-0.0803474 0.180633 0.561547 0.00791994 -0.00270177 0.00260214
-0.0800361 0.0632497 0.624217 0.00713753 -0.00280108 0.00267407
-0.0731384 0.0708138 0.585833 0.00761787 -0.00218021 0.00299004
-0.0728665 0.234213 0.564282 0.00768389 -0.00262539 0.00302108
-0.0689919 0.216006 0.563664 0.00811946 -0.00261228 0.00285234
-0.0680409 0.112315 0.556819 0.00801912 -0.00252221 0.00286955
-0.0646588 0.0210567 0.572753 0.00762307 -0.00218078 0.00290172
-0.0521118 0.0551547 0.574393 0.00740106 -0.00257974 0.00295308
-0.0493765 0.17777 0.585287 0.00752426 -0.00241258 0.00312469
-0.0454503 0.17335 0.614869 0.00703763 -0.0023938 0.00321577
-0.0475192 0.10423 0.624666 0.00717944 -0.00221546 0.00293198
-0.0493739 0.0465641 0.609038 0.00664866 -0.00254372 0.00296779
-0.05089 0.14956 0.578098 0.00700038 -0.00233511 0.0029354
-0.0557763 0.213228 0.554951 0.00777758 -0.00241996 0.00300163
-0.0514567 0.193251 0.539942 0.00773739 -0.00219685 0.00284894
-0.0537294 0.109887 0.529489 0.00773919 -0.00241511 0.00267407
-0.0717633 -0.00785501 0.56468 0.00751543 -0.0022805 0.00267407
-0.0609117 0.00270068 0.541335 0.00703643 -0.00218452 0.00267407
-0.0604448 0.1464 0.529971 0.00725347 -0.00216999 0.00267407
-0.055775 0.262693 0.558189 0.00784201 -0.00231422 0.00274787
-0.0529213 0.191351 0.605229 0.00736101 -0.00303094 0.00272859
-0.0583349 0.0940517 0.574414 0.0080332 -0.00211552 0.00270698
-0.0676381 0.0144705 0.588751 0.00782601 -0.00165883 0.00273586
-0.0583824 0.10144 0.55682 0.00794615 -0.00185314 0.00297314
-0.0386834 0.217422 0.569828 0.00787212 -0.00215653 0.00291111
-0.0394172 0.159723 0.594894 0.0078832 -0.00207455 0.00302347
-0.0308421 0.0769391 0.627749 0.00726646 -0.00217343 0.00310045
-0.0340858 0.0817574 0.596419 0.00770262 -0.00203941 0.00295092
-0.0410807 0.124416 0.593851 0.00799406 -0.00201044 0.00277501
-0.0494118 -0.0130281 0.614295 0.0077763 -0.00189306 0.00296223
-0.0489224 0.0905782 0.582851 0.00784561 -0.00177429 0.00290647
-0.0532026 0.262026 0.569414 0.00811846 -0.00197269 0.00300814
-0.0495858 0.223088 0.577223 0.00791848 -0.0020006 0.00277501
-0.0424689 0.0500083 0.633812 0.00723598 -0.00241267 0.00301616
-0.0462047 0.0605464 0.564967 0.00776408 -0.00204782 0.00308189
-0.0449873 0.198502 0.578247 0.00797009 -0.00198071 0.00310791
-0.0566276 0.213777 0.57776 0.00839822 -0.00235949 0.00294391
-0.0564435 0.145396 0.531714 0.00816798 -0.00226665 0.00285784
-0.0448926 0.0876622 0.484822 0.00850358 -0.00239407 0.00277501
-0.0404621 0.0587674 0.473826 0.00882665 -0.00225038 0.00277501
-0.0337316 0.0320585 0.492547 0.00854725 -0.00220269 0.00277501
-0.0296922 -0.0794604 0.592722 0.00833107 -0.00218678 0.00311288
-0.0291369 0.0292075 0.585566 0.00814761 -0.00215696 0.00329918
-0.0282412 0.234191 0.556618 0.00844386 -0.00231074 0.00328766
-0.0467769 0.262499 0.556057 0.00866491 -0.00231192 0.00305907
-0.0400144 0.195647 0.57164 0.00840865 -0.00253858 0.00312777
-0.0377578 0.0776801 0.606479 0.00818278 -0.00233222 0.00303079
-0.0256818 0.0660109 0.591104 0.00769811 -0.00192367 0.00337308
-0.0275742 0.247529 0.59084 0.00806258 -0.00232795 0.00349477
-0.0353692 0.155176 0.603726 0.00812172 -0.00232741 0.00334691
-0.0427741 0.0736161 0.591474 0.00831638 -0.00233643 0.00322401
-0.0377618 0.0114709 0.601133 0.00814033 -0.00232136 0.00311733
-0.0303308 0.0178235 0.586962 0.0080174 -0.00233043 0.0033073
-0.0335242 0.105265 0.614021 0.00756116 -0.00265608 0.00323151
-0.0441323 0.0765454 0.598391 0.00710794 -0.00270652 0.00319463
-0.0505947 0.0520306 0.587932 0.00652798 -0.00311452 0.00317825
-0.0559964 0.254962 0.567792 0.00677883 -0.0030591 0.00327968
-0.0718675 0.373575 0.570398 0.00768786 -0.0030735 0.00323355
-0.0566868 0.168829 0.631808 0.00685967 -0.00286337 0.0032863
-0.045649 0.0975666 0.602617 0.00712181 -0.0027429 0.00326265
-0.0529942 0.181598 0.577869 0.00758185 -0.00300966 0.00319707
-0.0657229 0.162447 0.570815 0.00740215 -0.0030963 0.00305923
-0.0644986 0.0401453 0.65836 0.00682075 -0.00340276 0.00277501
-0.0714155 -0.0408563 0.625541 0.00728189 -0.0026856 0.00298199
-0.0706974 0.073541 0.607282 0.00696544 -0.00324148 0.00293129
-0.0644347 0.222752 0.58514 0.00758965 -0.00322426 0.003061
-0.0611171 0.194199 0.58362 0.00758155 -0.00319486 0.00309237
-0.0593841 0.128563 0.606586 0.00737715 -0.0029123 0.00310121
-0.0468995 0.079182 0.624602 0.00690012 -0.00283841 0.00296308
-0.0505238 0.183793 0.608601 0.00714795 -0.00294636 0.00311866
-0.0573439 0.239886 0.604755 0.00796535 -0.00310692 0.0030645
-0.0541344 0.159267 0.583015 0.00795314 -0.00298479 0.00277501
-0.0564536 0.0289885 0.601577 0.00786175 -0.00285685 0.0029565
-0.0628583 0.0607988 0.5668 0.00738946 -0.00292132 0.00297783
-0.0604185 0.20294 0.559802 0.00768947 -0.00302272 0.00302222
-0.0628669 0.212657 0.549892 0.00816479 -0.00302228 0.002949
-0.0539992 0.127878 0.569175 0.00815325 -0.00288748 0.00296826
-0.0461404 0.037988 0.579759 0.00742708 -0.00290107 0.00310742
-0.0535126 0.163631 0.579423 0.0076569 -0.00285303 0.00319056
-0.0596115 0.185839 0.578925 0.00804474 -0.00289563 0.00297851
-0.0558283 0.0730262 0.597774 0.00786347 -0.00276485 0.00294094
-0.0565732 0.0554651 0.556814 0.00769491 -0.00284781 0.0029445
-0.05701 0.159422 0.555236 0.00760166 -0.00293651 0.00306906
-0.0575114 0.230833 0.558198 0.00790099 -0.00296791 0.00316197
-0.063101 0.11092 0.574728 0.00767419 -0.00290217 0.0030162
-0.0537785 0.0392802 0.582386 0.00692081 -0.00274997 0.0032056
-0.0713934 0.049509 0.556335 0.00683702 -0.00339667 0.00321345
-0.0776616 0.227841 0.548914 0.00745557 -0.00350431 0.00324414
-0.0862629 0.330281 0.571952 0.00782855 -0.00343043 0.00297838
-0.0885202 0.255564 0.594382 0.00805921 -0.00350431 0.00296583
-0.0818075 0.144252 0.646051 0.00744803 -0.00350653 0.00277501
-0.0764233 0.0669447 0.640185 0.0075234 -0.00337414 0.00277501
-0.0762358 -0.0587039 0.641718 0.00727927 -0.00317334 0.00277501
-0.0717499 0.00364182 0.615896 0.00725626 -0.0031093 0.00311325
-0.0612826 0.229779 0.626752 0.00742585 -0.00306337 0.00324446
-0.0571974 0.254436 0.622855 0.00723076 -0.00330968 0.00326574
-0.0552676 0.152251 0.651301 0.00719798 -0.00318634 0.00320082
-0.0474363 0.15241 0.638041 0.00710501 -0.00315303 0.00326497
-0.049219 0.233045 0.642741 0.00727027 -0.0030742 0.00332298
-0.0586025 0.0682476 0.667237 0.00735274 -0.00315007 0.00325332
-0.0981212 0.0216465 0.653677 0.00732349 -0.00379339 0.0032653
-0.0989373 0.0559686 0.717474 0.00702872 -0.003647 0.00340719
-0.112414 0.248323 0.672515 0.00731718 -0.00353482 0.00344952
-0.136285 0.350189 0.647145 0.00790348 -0.00417271 0.00321373
-0.148428 0.270784 0.63826 0.00852252 -0.00388969 0.00326444
-0.150595 0.0981549 0.599741 0.00893017 -0.00403298 0.00295163
-0.148261 -0.0143987 0.58088 0.00924908 -0.00410029 0.00277501
-0.142397 -0.0504398 0.559425 0.00901372 -0.00367225 0.00306122
-0.141158 -0.0940187 0.551363 0.00858012 -0.00351858 0.00284882
-0.13591 -0.118314 0.620715 0.00884514 -0.00321889 0.00327255
-0.128806 0.0110991 0.609883 0.00856776 -0.00368125 0.00342639
-0.118345 0.259656 0.582138 0.00844292 -0.00336732 0.00339654
-0.117189 0.370805 0.586506 0.00868512 -0.00353634 0.00332427
-0.111259 0.293603 0.558291 0.00868619 -0.00357694 0.00326307
-0.105036 0.121307 0.622608 0.00886403 -0.00337322 0.00320722
-0.0934497 -0.00341528 0.621966 0.00864391 -0.00308812 0.00335089
-0.0983527 0.105712 0.588058 0.00814358 -0.00359184 0.00338753
-0.109341 0.178798 0.566128 0.00844128 -0.00338129 0.00311187
-0.10525 0.0933166 0.493045 0.00808519 -0.00283195 0.00277502
-0.108254 0.0335762 0.471878 0.00763673 -0.00303565 0.00277501
-0.101097 -0.0125803 0.528278 0.00777928 -0.00248378 0.00289074
-0.0796763 -0.0600645 0.669911 0.00720949 -0.00220298 0.00344717
-0.0631561 0.148162 0.66981 0.00716146 -0.00213877 0.00364223
-0.0708905 0.21704 0.662902 0.00746512 -0.00189761 0.00360738
-0.0754017 0.138046 0.666204 0.00733626 -0.00206143 0.00342902
-0.0631029 0.0639958 0.675005 0.00705426 -0.00220258 0.00359772
-0.0652307 0.27218 0.63656 0.00698229 -0.00209139 0.00370872
-0.0819224 0.344731 0.623013 0.0077187 -0.00226481 0.0035904
-0.0676391 0.188462 0.598603 0.00778331 -0.00215319 0.00336776
-0.0701152 0.0830835 0.575417 0.00808812 -0.00233641 0.00329563
-0.064828 0.00492929 0.560105 0.00811128 -0.00230341 0.00321212
-0.0644023 -0.0304378 0.557405 0.0080879 -0.00247775 0.00318715
-0.064687 -0.0163725 0.550235 0.0079714 -0.00246344 0.00320155
-0.0620115 0.00322693 0.573882 0.00784728 -0.0025024 0.00323253
-0.0673107 -0.0160729 0.659751 0.00755853 -0.00235852 0.00350737
-0.0547536 0.216462 0.615046 0.00760113 -0.00202192 0.00365698
-0.0479084 0.380154 0.575716 0.00789438 -0.00223678 0.00353943
-0.0497752 0.289154 0.556977 0.00795687 -0.00233222 0.00342656
-0.0589417 0.222811 0.559472 0.0079516 -0.00239777 0.00341613
-0.0696972 0.05396 0.708647 0.00721329 -0.00247358 0.00354006
-0.0586532 0.0679351 0.676028 0.00721329 -0.00200035 0.00362542
-0.060728 0.144542 0.689823 0.0070471 -0.00195212 0.00360417
-0.0648061 0.132271 0.679484 0.007554 -0.00229786 0.00345144
-0.0755305 0.100764 0.627901 0.00772624 -0.00233513 0.00333212
-0.0720856 0.0473944 0.674915 0.00727313 -0.00279795 0.0033238
-0.0641054 0.0104232 0.668019 0.00738682 -0.00197986 0.00335997
-0.0718998 0.159369 0.634578 0.0076594 -0.00217288 0.00335137
-0.0627605 0.213584 0.608693 0.00719935 -0.00268468 0.00340511
-0.0812056 0.148437 0.587169 0.0077994 -0.0022155 0.00336216
-0.0847717 0.0600751 0.645629 0.00748266 -0.00198268 0.00323819
-0.079602 0.156397 0.618644 0.00727654 -0.00196906 0.00325627
-0.0864806 0.289729 0.625074 0.00764029 -0.00205356 0.00330276
-0.0962393 0.207357 0.581749 0.00758556 -0.00200673 0.00292134
-0.0964337 0.0944799 0.590546 0.00801201 -0.00216466 0.00277502
-0.0740782 -0.0271887 0.62214 0.00725796 -0.00203565 0.00295889
-0.0676167 0.029301 0.609799 0.00689184 -0.00171479 0.00313271
-0.0594028 0.186187 0.619917 0.00698958 -0.00211803 0.00318209
-0.0623052 0.203555 0.629929 0.0074785 -0.00218584 0.00320564
-0.0678702 0.144716 0.642283 0.00683017 -0.00225868 0.00307362
-0.0644446 0.100374 0.675022 0.00636053 -0.00195008 0.00313318
-0.0646925 0.143747 0.646914 0.00673247 -0.00189492 0.00306753
-0.0624824 0.127401 0.672216 0.00708933 -0.00192803 0.0030021
-0.0631254 0.0120912 0.654848 0.00710498 -0.00184496 0.0030184
-0.0621909 0.1186 0.622111 0.00686762 -0.00195131 0.00310065
-0.0629441 0.272515 0.601864 0.00747268 -0.0019291 0.00307182
-0.0641167 0.135276 0.650154 0.00707087 -0.00192971 0.00310951
-0.0568645 0.0749504 0.657491 0.00674393 -0.00169409 0.00322016
-0.0395814 0.208841 0.688793 0.00694593 -0.0017724 0.00337866
-0.0495412 0.159599 0.702386 0.00683212 -0.00201473 0.00325145
-0.0593509 0.123626 0.683571 0.00683126 -0.00157749 0.003136
-0.0643222 0.0198771 0.68097 0.00692414 -0.00197523 0.00301407
-0.0634488 -0.00887924 0.672607 0.00652385 -0.00194534 0.00298492
-0.0611433 0.0993902 0.643414 0.00631064 -0.00201896 0.00305405
-0.0501207 0.354797 0.62827 0.00693289 -0.00190257 0.00329279
-0.0599156 0.308679 0.618445 0.00696584 -0.00197983 0.00300296
-0.0508503 0.157279 0.660393 0.00670444 -0.00188089 0.00313768
-0.0517931 0.0124301 0.688655 0.00646337 -0.00196801 0.00327217
-0.0443292 0.110104 0.651309 0.0067465 -0.00188657 0.00334428
-0.0557338 0.220841 0.63993 0.00702647 -0.00191873 0.00314152
-0.0631738 0.174606 0.628596 0.00733504 -0.00214045 0.00295758
-0.0672245 0.0817632 0.682088 0.00691207 -0.00301733 0.00277368
-0.0623024 0.0699769 0.604207 0.00783657 -0.00180799 0.00272563
-0.0573427 0.0621818 0.60244 0.00772642 -0.00208378 0.00280507
-0.054489 0.0699357 0.592352 0.00797642 -0.00200088 0.00279059
-0.0496834 0.0286551 0.657949 0.00728517 -0.00221146 0.00290081
-0.0543693 0.0272923 0.683954 0.00729958 -0.00208506 0.00310003
-0.0543102 0.239919 0.653749 0.00763841 -0.00199393 0.00307844
-0.053976 0.297871 0.65891 0.00778669 -0.00208136 0.00296412
-0.0515063 0.236549 0.639287 0.00808842 -0.00192262 0.00289941
-0.0502332 0.146652 0.667379 0.0077222 -0.00192583 0.00289486
-0.0627808 0.0358201 0.736436 0.00750174 -0.00187317 0.00296682
-0.053189 0.0953631 0.714266 0.00749544 -0.00215708 0.00301626
-0.0531443 0.174637 0.698741 0.00770867 -0.00219252 0.00298855
-0.0564556 0.126819 0.646764 0.00803487 -0.00231309 0.00281791
-0.0540864 0.0468941 0.622993 0.00775439 -0.00192994 0.00257233
-0.0601486 -0.0108855 0.6506 0.00692958 -0.00206022 0.0025868
-0.0549457 0.161275 0.620209 0.00637167 -0.00181807 0.00270745
-0.0567615 0.215403 0.717447 0.00580111 -0.00274279 0.00275864
-0.0624411 0.149254 0.658974 0.00679811 -0.00217479 0.00275733
-0.063412 0.122891 0.686992 0.00597504 -0.00215945 0.00269237
-0.0668659 0.0477016 0.707656 0.00610473 -0.00232651 0.00266487
-0.0694956 0.0494681 0.661871 0.00644112 -0.00187165 0.00270124
-0.0722713 0.192548 0.645224 0.00640417 -0.00188044 0.00267734
-0.0737674 0.289123 0.652886 0.00687066 -0.00218394 0.00250836
-0.078282 0.206302 0.655434 0.00704114 -0.00213634 0.00250265
-0.0815724 0.124174 0.642725 0.00710537 -0.00180917 0.00244198
-0.0767829 0.0327731 0.640423 0.00693473 -0.00178835 0.00233843
-0.0648085 -0.0122109 0.672688 0.00571985 -0.00252899 0.00240656
-0.0817872 0.130862 0.633974 0.00676326 -0.00210399 0.00243175
-0.0804321 0.118267 0.659148 0.00698599 -0.00182914 0.00233843
-0.0716716 0.061045 0.652205 0.00631468 -0.00201708 0.00246263
-0.0690624 0.15005 0.646556 0.00673831 -0.0020623 0.00262768
-0.076267 0.170983 0.652307 0.00681932 -0.00192305 0.00260588
-0.0899885 0.163666 0.637632 0.00707354 -0.00185727 0.00241616
-0.0856508 0.0980087 0.636745 0.00712572 -0.00183762 0.00245529
-0.0764657 0.0105634 0.593928 0.00647123 -0.00226244 0.00239763
-0.0719053 0.172095 0.619174 0.00600598 -0.00244372 0.00239446
-0.077613 0.241448 0.548955 0.0068701 -0.00186301 0.00233843
-0.0723507 0.112653 0.562037 0.00642114 -0.00214332 0.00233843
-0.0718712 0.00899013 0.577742 0.00672574 -0.00141091 0.00247266
-0.0719049 0.0878026 0.565594 0.00674987 -0.00152469 0.00247346
-0.0720244 0.224669 0.56504 0.00704765 -0.00140398 0.00233843
-0.0887247 0.14394 0.58235 0.00701746 -0.00140136 0.00205961
-0.0863093 0.0820829 0.568569 0.00726892 -0.00146806 0.00206332
-0.0896541 -0.0268039 0.608186 0.00698206 -0.00169421 0.00198504
-0.0842331 0.077648 0.577956 0.00645241 -0.00171792 0.0019633
-0.0824049 0.188265 0.613175 0.00683721 -0.00153207 0.00175037
-0.0754878 0.119303 0.599451 0.00731816 -0.00145413 0.00175037
-0.0614271 0.0366899 0.656938 0.00716342 -0.00122863 0.00196361
-0.0447241 0.0391492 0.655098 0.00683911 -0.00105141 0.00220641
-0.0414949 0.174347 0.649872 0.00694151 -0.00092751 0.00231998
-0.0562194 0.188379 0.66288 0.00720073 -0.00114625 0.00215542
-0.0655122 0.0399071 0.665209 0.00704733 -0.00104477 0.00182738
-0.0606993 0.0499749 0.638541 0.00669886 -0.00112995 0.00175037
-0.0684802 0.151007 0.630029 0.00715485 -0.00121056 0.00195563
-0.0605766 0.130263 0.622844 0.00717493 -0.00107393 0.00192023
-0.0604632 0.0612918 0.611327 0.00735755 -0.00104175 0.00175037
-0.0607733 -0.0352571 0.604136 0.00681776 -0.00094273 0.00194733
-0.0465096 0.0824486 0.589354 0.00691938 -0.00089424 0.002086
-0.0489343 0.129639 0.614297 0.00688382 -0.00091498 0.00208764
-0.0369108 0.087539 0.620984 0.00689902 -0.00084332 0.00216031
-0.0515158 0.0864368 0.614246 0.00716727 -0.00110111 0.00212802
-0.055075 -0.0212243 0.620558 0.00669456 -0.00097983 0.00211134
-0.0419983 0.0425858 0.604631 0.0063195 -0.00096471 0.00230072
-0.0402391 0.240462 0.611136 0.00673614 -0.00094332 0.00243209
-0.0397408 0.153535 0.614593 0.00666117 -0.00076331 0.00232651
-0.0424394 0.0433534 0.604784 0.00666257 -0.00074892 0.00223059
-0.0515725 -0.00453026 0.573903 0.00649712 -0.00089223 0.00212911
-0.0556746 0.141495 0.561799 0.00670788 -0.00111361 0.00213802
-0.0564881 0.159612 0.586746 0.00711952 -0.00102073 0.00218989
-0.0565929 0.0201035 0.598675 0.00713681 -0.00091924 0.00213419
-0.0471553 0.0249857 0.589226 0.00665546 -0.00084089 0.00224437
-0.0402445 0.144086 0.616364 0.00657714 -0.00074901 0.00244088
-0.0382255 0.0783258 0.613544 0.00656542 -0.00102021 0.00239718
-0.0362832 0.00997983 0.61537 0.00663915 -0.00080654 0.002462
-0.0423562 -0.0525077 0.652822 0.00669841 -0.00127453 0.00242792
-0.0508124 0.127202 0.6155 0.00679536 -0.00118905 0.00238566
-0.0643706 0.325105 0.616726 0.00681332 -0.00125738 0.0021502
-0.0624553 0.210656 0.598139 0.00728747 -0.0011488 0.00208731
-0.0636288 0.0935858 0.592105 0.00704086 -0.00107903 0.00194757
-0.0640045 -0.038621 0.676723 0.00687985 -0.00148077 0.00216661
-0.0793862 -0.0897348 0.697043 0.00731015 -0.00117868 0.00219489
-0.0746196 0.0240899 0.6751 0.00727625 -0.00128221 0.00234472
-0.0694665 0.14306 0.679259 0.00691673 -0.00164025 0.00226289
-0.0640471 0.166448 0.674979 0.0072751 -0.00136158 0.00223169
-0.0617992 0.0986892 0.696462 0.0071523 -0.00150325 0.00224173
-0.0567045 0.0765996 0.688553 0.0072943 -0.00144647 0.00220432
-0.0631656 0.0512412 0.698638 0.00740146 -0.00137338 0.00212542
-0.0623373 -0.0625785 0.730315 0.0069834 -0.00142452 0.00216591
-0.0670546 0.0471269 0.702824 0.00698124 -0.0012073 0.00225124
-0.0763351 0.220482 0.709042 0.00718783 -0.00143522 0.00226815
-0.0745948 0.200877 0.721443 0.00722638 -0.00155841 0.00219033
-0.0724281 0.0924684 0.720553 0.00716545 -0.00181565 0.00204433
-0.0570637 0.0346122 0.727504 0.00666919 -0.00128682 0.00231505
-0.0497677 0.0424519 0.737243 0.0063123 -0.00129379 0.00247696
-0.0502659 -0.0213265 0.754868 0.00619973 -0.00149069 0.00258025
-0.0472969 -0.0712852 0.745742 0.00610157 -0.0016259 0.00251133
-0.0433171 0.0651118 0.728098 0.00625397 -0.00197448 0.00249542
-0.0457924 0.22967 0.713237 0.00648047 -0.0019784 0.00249332
-0.0370163 0.197036 0.669095 0.00669247 -0.00166069 0.00246335
-0.0367132 0.090259 0.66947 0.00650789 -0.00166214 0.0025142
-0.0248677 -0.0142326 0.71853 0.00654747 -0.00164308 0.00275868
-0.0204525 0.0835021 0.680089 0.00672761 -0.00172489 0.00275619
-0.0362 0.193325 0.683949 0.00691768 -0.00184743 0.00260269
-0.038352 0.127646 0.67245 0.00724135 -0.00161746 0.00245145
-0.0358973 0.0422395 0.677421 0.00743988 -0.00181506 0.00237072
-0.0354842 -0.0193228 0.735211 0.00658606 -0.002342 0.00248985
-0.0329024 -0.0895197 0.716051 0.00698387 -0.00150459 0.00255534
-0.0312056 0.062092 0.698272 0.00698605 -0.00184844 0.00254224
-0.0384049 0.1464 0.668435 0.00723392 -0.00179889 0.0023749
-0.0441283 0.121205 0.635069 0.00728711 -0.00161643 0.00246378
-0.0409066 0.088645 0.629164 0.00781358 -0.001449 0.00233139
-0.0599675 -0.0103625 0.675411 0.00750334 -0.00110859 0.00237609
-0.0522132 0.0359397 0.669915 0.00748674 -0.00142922 0.00265218
-0.0574029 0.152997 0.647667 0.00745518 -0.00127096 0.00242831
-0.0536951 0.154686 0.652252 0.00771449 -0.00147862 0.00255623
-0.0525733 0.0610864 0.655291 0.00788081 -0.00127701 0.00240972
-0.0369303 -0.0638782 0.717173 0.00773319 -0.00103185 0.00251393
-0.0364421 0.014382 0.728112 0.00736153 -0.00102166 0.00291342
-0.0364985 0.132344 0.706102 0.00796478 -0.00128671 0.00289839
-0.0368385 0.104529 0.674823 0.00808924 -0.0013838 0.00264816
-0.0404092 0.0399764 0.654539 0.00840393 -0.00100677 0.00255978
-0.0488476 -0.0444 0.69756 0.00822297 -0.00101152 0.00255978
-0.0365476 -0.0851532 0.743677 0.00808441 -0.00091537 0.00282871
-0.0334552 0.0189813 0.729979 0.00794982 -0.00112038 0.00303843
-0.0361649 0.165044 0.735214 0.00738804 -0.00152711 0.00289438
-0.0450499 0.163288 0.667204 0.00864722 -0.00128005 0.00273903
-0.0539982 0.0630598 0.667645 0.00804429 -0.00181248 0.00255978
-0.0511108 -0.00799775 0.628411 0.00839975 -0.00117489 0.00246924
-0.0537232 -0.0849923 0.682018 0.0084975 -0.00104594 0.00255978
-0.053713 -0.115118 0.68767 0.00836963 -0.00093483 0.00273856
-0.0491887 -0.0123693 0.670377 0.00819254 -0.00119271 0.00255978
-0.0510453 0.0272591 0.609297 0.00861377 -0.0007168 0.00250624
-0.0523025 -0.018035 0.640885 0.00842291 -0.00126036 0.00248532
-0.0524091 -0.0964813 0.686674 0.00863863 -0.00064707 0.00265937
