0.0188297 -0.00912138 0.0508794 -0.00184725 0.00017662 0
0.0188675 0.0156747 0.0330367 -0.00153352 -2.856e-05 0
0.0265577 -0.0367994 -0.014712 0.00053749 -0.00024404 0
0.0437184 -0.136956 -0.126838 0.00388362 -0.00039358 0.00025925
0.0513125 0.0174482 -0.110877 0.00360144 0.0001475 0.00089456
0.0442735 -0.0105197 -0.126858 0.00395518 9.287e-05 0.00067243
0.0315335 -0.0258034 -0.0538135 0.0017823 0.00016181 0.00059654
0.0445536 -0.0380301 -0.0659779 0.00258628 0.00043086 0.00069321
0.0423008 0.0322092 -0.077865 0.00258628 0.00071675 0.00059379
0.039678 -0.0010845 -0.0568633 0.00196129 0.00084267 0.00024138
0.0360701 -0.0407086 -0.0530631 0.00181383 0.00069857 0.00039836
0.0376841 0.013277 -0.0501056 0.0015909 0.00094857 0.00029814
0.0306945 -0.0120468 -0.0450531 0.00157644 0.00094857 0.00027999
0.0416434 -0.0676515 -0.0322817 0.00170507 0.00094857 0.00026894
0.0407102 -0.00560253 -0.0657327 0.00192222 0.00111714 0.00043182
0.0398679 0.0111971 -0.0575968 0.00221084 0.00139578 0.00037795
0.0447765 -0.0242905 -0.0270586 0.0013224 0.00099654 0.00035816
0.0447055 0.00835216 -0.0680308 0.00180697 0.00072198 0.00054962
0.0450345 0.00785281 -0.0520935 0.00223004 0.0011353 0.00063654
0.0447504 -0.00946966 -0.0377272 0.00162446 0.0007874 0.00054299
0.0648513 -0.0290662 -0.0521076 0.00225185 0.00110985 0.00089449
0.0533882 0.0166 -0.0690049 0.0030145 0.00095601 0.00087404
0.0499648 -0.0187738 -0.0458801 0.00261046 0.00111918 0.00085148
0.0533905 -0.0143137 -0.0690307 0.00174587 0.00109924 0.00069758
0.0535018 0.00310434 -0.0665901 0.00238061 0.00120316 0.00080486
0.0534341 -0.0797682 -0.0632342 0.00263518 0.0011702 0.00080442
0.105852 -0.0360165 -0.206603 0.00692321 0.00180551 0.0012082
0.0839816 -0.0578545 -0.182981 0.00658448 0.00195546 0.0009566
0.0728078 -0.0493689 -0.126262 0.00562885 0.00219184 0.00122311
0.0726975 0.0157946 -0.148371 0.00557477 0.00209926 0.00112851
0.0727796 -0.0117682 -0.129617 0.00562885 0.00218904 0.0011495
0.0754998 -0.0505031 -0.131529 0.00516887 0.00221097 0.00113723
0.07022 0.0171783 -0.116062 0.00492484 0.00213812 0.00115842
0.0729396 -0.0555251 -0.0872033 0.00443418 0.00253433 0.0009566
0.0912017 -0.00934708 -0.122997 0.0049726 0.00125821 0.00140139
0.0690974 -0.0439894 -0.0581078 0.00364733 0.00195483 0.0009566
0.0747529 -0.0686948 -0.0478453 0.00333813 0.00152595 0.0009566
0.0760752 -0.00929889 -0.0824863 0.00358275 0.00189942 0.0009566
0.0645813 -0.00015515 -0.0559568 0.00316871 0.00181554 0.0009566
0.0682903 -0.040945 -0.05068 0.00312056 0.0016158 0.00094154
0.0684442 0.028958 -0.0752371 0.00292609 0.00182882 0.00093331
0.0643683 0.0193752 -0.04453 0.00322908 0.00195483 0.00083206
0.0682543 -0.0364816 -0.0444644 0.00282564 0.00165241 0.00083708
0.0682706 0.0133576 -0.0690923 0.00285764 0.00170483 0.00079555
0.0608788 -0.00813922 -0.0396402 0.0024647 0.00168742 0.00073361
0.0682718 -0.0305479 -0.0508786 0.00203294 0.00175684 0.00074293
0.0572753 0.0084537 -0.0532311 0.0025411 0.00178788 0.00070927
0.0511892 -0.0284314 -0.0268986 0.00236226 0.00195483 0.00070219
0.0617204 -0.0420274 -0.0415313 0.00173339 0.00182186 0.00053433
0.0582797 0.00405512 -0.0411777 0.00218139 0.00217315 0.00053433
0.0583077 -0.0128918 -0.0297723 0.00233731 0.00195483 0.00070881
0.0657252 -0.0216551 -0.0356759 0.00176181 0.00176857 0.00077847
0.0591298 0.0420027 -0.0492597 0.00224734 0.00195483 0.00072057
0.0557569 0.00631331 -0.00525836 0.00142254 0.00195483 0.00071189
0.0624222 -0.00604764 -0.015144 0.001019 0.00204548 0.00053433
0.0472821 0.02643 -0.0141594 0.00118859 0.00195483 0.0006386
0.0500893 0.00744856 -0.00279379 0.0014077 0.00204093 0.00073505
0.0571831 -0.0286125 -0.00564284 0.00101135 0.00180259 0.00091925
0.0561517 0.0158564 -0.027253 0.00151888 0.00195483 0.00083662
0.0559065 0.00572815 -0.00542329 0.00111732 0.00176453 0.00062252
0.0559721 -0.0156768 -0.00322682 0.00075293 0.00195483 0.00053433
0.0560797 0.0244713 -0.0199674 0.00112605 0.00213693 0.00053433
0.0507381 0.00735683 0.0244628 0.00068225 0.00153439 0.00053433
0.0558944 -0.00245802 -0.00404494 0.00077594 0.00181672 0.00053433
0.0559223 0.0337738 0.00542044 0.0010362 0.00180448 0.00060172
0.0526847 0.0231522 0.0154874 0.00089984 0.0016038 0.00053433
0.0600461 -0.0111784 0.0250087 0.00063271 0.00164645 0.00053433
0.0558297 0.0312788 -0.00208713 0.0010362 0.00170483 0.00053433
0.0557954 0.0300931 0.0128036 0.00114565 0.00170483 0.0004697
0.0558661 -0.0023888 0.0287194 0.00095094 0.00181664 0.00047978
0.0559721 0.0261286 -0.00985225 0.00128805 0.00195483 0.00053433
0.0559697 0.0222421 0.014082 0.00118792 0.00201993 0.00046772
0.0558517 0.00550004 0.00334565 0.00090555 0.00178925 0.0004805
0.0521392 0.0410438 0.00030284 0.00135518 0.00195483 0.00048201
0.0558282 0.00896326 0.0243233 0.00098714 0.00170483 0.00053433
0.0558265 0.00837967 -0.00207951 0.0009984 0.00170483 0.00053433
0.0503462 0.0383316 -0.00223628 0.00117602 0.00195483 0.00047613
0.0521814 -0.00296817 0.0484428 0.00039198 0.00195483 0.00047563
0.0557368 -0.00963565 0.00426751 0.00054036 0.00153986 0.00053433
0.0457188 0.0221846 0.0220549 0.00088422 0.00195483 0.00048141
0.050132 -0.0120404 0.040843 0.00033338 0.00181631 0.00053433
0.0522864 0.00829783 0.0122066 0.00062397 0.00170483 0.00053433
0.0495757 0.0180586 0.0199116 0.00035427 0.0017897 0.00045649
0.0558316 -0.00923227 0.0489924 -0.00017882 0.00170483 0.00053433
0.0503058 0.0332082 0.011367 0.00024479 0.00178937 0.00053433
0.0458885 0.0206912 0.0321629 -5.21e-06 0.00151643 0.00046895
0.0502256 0.00495265 0.0364448 8.967e-05 0.00124044 0.00045825
0.0488347 0.0308188 0.0125608 0.00054621 0.0012806 0.0003224
0.0387994 0.0257467 0.0258269 0.00076143 0.00149504 0.00042529
0.0496027 -0.00201298 0.0515962 3.27e-06 0.00113359 0.00053433
0.0486516 0.0165793 0.0262533 0.0001501 0.00129917 0.00045933
0.0392265 0.0191627 0.0199827 0.00089804 0.00154917 0.00053433
0.0508625 -0.00964129 0.0443847 0.00053835 0.00154917 0.00053433
0.0555215 0.0197645 0.00241725 0.00058667 0.0012169 0.0004638
0.0445924 0.0152209 0.0337337 0.00058148 0.00121984 0.00043284
0.0520669 0.00475905 0.00569009 0.00035653 0.00114127 0.00047756
0.0848235 -0.0156692 -0.134446 0.00263943 0.00187024 0.00109726
0.0630059 -0.0232126 -0.0369846 0.00160173 0.00171538 0.00081621
0.0627771 -0.0152195 -0.0170501 0.00101041 0.00138239 0.00074008
0.0627483 0.0154386 -0.0251897 0.001284 0.00144725 0.00062483
0.058441 -0.00602554 -0.00769755 0.00118355 0.00133332 0.00053433
0.0627403 -0.0187203 -0.0120942 0.00078453 0.00137178 0.0006672
0.0628721 0.0265323 -0.00852849 0.00084763 0.00154702 0.00071407
0.0576356 -0.0246659 0.0237525 0.00051176 0.00134798 0.00074993
0.0627068 0.0190026 -0.00801913 0.00067841 0.00136914 0.00059713
0.0494432 0.0350431 0.0132294 0.00086335 0.001593 0.00081737
0.0500425 0.00206061 0.0548468 0.00019183 0.00184702 0.0007597
0.0589014 0.0305638 0.00348229 0.00060572 0.00146297 0.0008975
0.0548753 0.0671706 0.0243686 0.00124303 0.00184825 0.00122864
0.0548121 0.0392243 0.0345142 0.00107946 0.00171538 0.0010573
0.0565255 0.00032076 0.0384671 0.00072743 0.00127962 0.00073664
0.0517039 0.0577429 0.010905 0.00120584 0.00171539 0.00089691
0.0376733 0.0791669 -0.0404086 0.00300459 0.00184488 0.00148766
0.0238056 -0.0252229 -0.0807769 0.00389423 0.002242 0.00126192
0.0243298 0.130645 0.00317945 0.00207015 0.00204445 0.00103185
0.0349261 0.110611 0.0211098 0.00207015 0.00209465 0.00103523
0.0366528 0.0699007 0.014785 0.00207015 0.00220005 0.001071
0.0462586 0.0760393 0.0395274 0.0009105 0.00171539 0.00106211
0.0410873 0.116688 0.0216096 0.00150025 0.00171539 0.00097183
0.0526408 0.0437576 0.0388783 0.00105928 0.00157704 0.00103592
0.0556337 0.052605 0.012239 0.00122684 0.00138511 0.00109845
0.0524857 0.0560146 0.0379173 0.00128303 0.00133467 0.00099366
0.0523921 0.0197234 0.0219585 0.00111929 0.00114367 0.00101754
0.0501552 0.0783269 0.00744905 0.00150025 0.00156211 0.0010951
0.0500901 0.0605416 0.0216751 0.00150025 0.00140823 0.00102463
0.0525965 0.0243423 0.0379287 0.00076823 0.00139398 0.00108893
0.0506838 0.0884368 0.00515555 0.0014114 0.00163041 0.00119292
0.0369181 0.0601291 0.0217077 0.00139147 0.00158741 0.00103654
0.0499615 0.0406926 0.0184759 0.00128861 0.00132025 0.00108161
0.0527085 0.0781476 0.00755134 0.00150025 0.00160176 0.00107499
0.0497888 0.0333112 0.00996372 0.0017103 0.00127096 0.00104259
0.0525766 0.0506786 -0.0120494 0.0015522 0.00138753 0.00109038
0.0495502 0.0721218 -0.0132644 0.00209487 0.00131031 0.00110081
0.0525091 0.0145972 0.0180748 0.00139789 0.00130319 0.00107882
0.0499337 0.0689693 -0.00651879 0.00169721 0.00153035 0.00109046
0.0496788 0.0343536 0.0189998 0.00125025 0.00162396 0.00103769
0.0524744 0.0304063 0.00792721 0.00137945 0.00130782 0.00097542
0.0485762 0.0675043 0.0188984 0.00158258 0.00156029 0.00102135
0.0524624 0.0369458 0.0340369 0.00119779 0.00129919 0.00097708
0.0328161 0.0332142 0.0251135 0.00082537 0.00124769 0.00066908
0.0327007 0.0722194 0.0398203 0.00126607 0.00119211 0.00053433
0.0290417 0.0192386 0.0684929 0.00094706 0.00135298 0.00045104
0.0327786 0.0584734 0.0146494 0.00114455 0.00133587 0.00053433
0.0327554 0.0698817 0.0412613 0.00107884 0.00130637 0.00053433
0.0392568 0.0180464 0.0384382 0.00053985 0.00103311 0.00053433
0.0328342 0.0737521 0.0162113 0.00111624 0.00129056 0.00067469
0.0328537 0.0448117 0.0222307 0.00096617 0.00129813 0.00068744
0.032974 0.0162856 0.0421049 0.00017105 0.00146195 0.00072511
0.0291745 0.0654164 0.0386391 0.00087145 0.00144849 0.00069173
0.030539 0.0322423 0.0504865 0.00044286 0.00160515 0.00038666
0.0327481 0.0160467 0.0400279 0.00053073 0.00126946 0.00053433
0.03273 0.0607041 0.055699 0.00032663 0.00126897 0.00053433
0.0326909 0.0196966 0.0507143 0.00020303 0.00125708 0.00048268
0.0326962 0.0579258 0.0335367 0.0004775 0.00120851 0.00053433
0.0295532 0.0439999 0.0506021 0.0003818 0.00128703 0.00053433
0.0327819 0.0163193 0.0739293 -0.00010595 0.00132297 0.00053433
0.0292523 0.0610642 0.0704677 -0.00069496 0.0013072 0.00067351
0.0285469 0.0434896 0.050798 8.331e-05 0.00120371 0.00053433
0.032653 0.0162323 0.0560358 -1.815e-05 0.00121833 0.00047083
0.0279281 0.0401882 0.0384863 7.735e-05 0.00123935 0.00046098
0.0298891 0.0447442 0.0447041 0.00037779 0.00101083 0.00047404
0.0239563 0.0160529 0.0646128 0.00033117 0.00131363 0.00048207
0.0327135 0.069995 0.0413808 3.882e-05 0.00125938 0.00053433
0.0194836 0.0432609 0.0670747 -0.00012238 0.00147916 0.00053433
0.0327532 0.0305811 0.067364 -0.00050226 0.00132053 0.00053433
0.0266196 0.0612011 0.0818409 -0.00075929 0.00158589 0.00053433
0.026854 0.0355787 0.0800623 -0.00040105 0.0013147 0.00063701
0.0296183 0.0190208 0.0674664 -0.00073964 0.0014965 0.00053433
0.0258001 0.0503664 0.067491 -0.00073961 0.00143547 0.00053433
0.0294506 0.00641487 0.0674152 -0.00055076 0.00122288 0.00046723
0.0183093 0.0157432 0.0222397 -0.0002026 0.00113138 0.0004114
0.0394841 0.0189103 0.00167704 0.00014483 0.00141684 0.00060873
0.00069268 -0.0132485 0.0197944 -0.00038894 0.0009913 0.00016459
0.0134481 0.0288518 0.0198806 -0.00050402 0.0011677 0.00024728
0.026969 0.112759 0.00879393 0.00011499 0.00093872 0.00047813
0.0262466 0.0677759 0.0359059 0.0002757 0.00075432 0.00053433
0.0442309 0.200922 0.0950028 0.00068675 0.00055448 0.00131992
0.0450371 0.467309 0.167329 0.00202431 -0.00036741 0.00200717
0.0373217 0.535614 0.236026 0.00314923 -2.267e-05 0.00202592
0.0315847 0.346849 0.163671 0.00309016 3.415e-05 0.00157574
0.0354788 0.318381 0.122075 0.00265837 0.00032455 0.00131244
0.0339683 0.350353 0.127666 0.00289104 0.00052898 0.00115237
0.0272777 0.301397 0.148014 0.00205652 0.00042714 0.00120497
0.0311407 0.315872 0.11719 0.00212912 0.00011274 0.00115237
0.0294834 0.321037 0.122274 0.00245888 0.00042114 0.00126978
0.028008 0.264808 0.133469 0.00196076 0.00022411 0.00115237
0.0269408 0.259586 0.101996 0.00185609 0.0003606 0.00115237
0.0279438 0.296138 0.108066 0.00226552 0.00045711 0.00115237
0.0279167 0.262322 0.124689 0.0020494 0.00039069 0.00115237
0.0277813 0.272856 0.102547 0.00190439 0.00025424 0.00108565
0.0210075 0.297127 0.108311 0.00214546 0.00018993 0.00115237
0.0278602 0.246848 0.135945 0.0020494 0.0002698 0.00115237
0.027863 0.289767 0.121401 0.00184619 0.00029018 0.00115237
0.0256415 0.288064 0.154274 0.00119885 0.0003408 0.00115237
0.022861 0.262375 0.148378 0.00082792 0.00043361 0.00115237
0.0233209 0.314331 0.134854 0.00108499 0.00061239 0.00115237
0.0210501 0.285695 0.159265 0.00095809 0.0006012 0.00120628
0.0200665 0.235151 0.169049 0.00016535 0.0003318 0.00115237
0.0276749 0.307003 0.116066 0.00126504 0.00010914 0.00108669
0.0227566 0.263068 0.132524 0.00080277 0.00011774 0.0010943
0.0236577 0.254648 0.116036 0.00083515 1.7e-07 0.0009794
0.0277584 0.304821 0.113382 0.00140315 0.00011584 0.00115237
0.0240131 0.246872 0.137724 0.00060796 0.00022105 0.00092887
0.0279512 0.286969 0.137775 0.00054903 0.00030696 0.00120752
0.0223122 0.281022 0.167273 0.00058051 0.00010752 0.00115237
0.0199806 0.250703 0.168106 0.00015203 0.00033452 0.00115237
0.021075 0.276741 0.137912 0.00046738 0.00035566 0.00108324
0.0201349 0.286811 0.137573 0.00079359 0.0003591 0.00110142
0.022572 0.225328 0.178696 -9.241e-05 0.00040437 0.00115237
0.0237165 0.278963 0.118588 0.00056571 0.00027269 0.0010997
0.0278927 0.290258 0.140224 0.00062574 0.00035518 0.00115237
0.0227423 0.260229 0.150048 0.00026223 0.00040629 0.00115237
0.0214136 0.27974 0.125043 6.317e-05 0.0004222 0.00115237
0.0223848 0.303574 0.125076 0.00078162 3.399e-05 0.00115237
0.0276862 0.253924 0.140683 0.00029514 -8.044e-05 0.00115237
0.0276758 0.290126 0.10852 0.00070154 -8.734e-05 0.00115237
0.0214503 0.295718 0.121507 0.00089494 6.454e-05 0.00115237
0.0277491 0.249866 0.143942 0.00048311 0.00011846 0.00109165
0.0279754 0.269418 0.115102 0.0008099 0.00015951 0.00128353
0.0248632 0.291908 0.13993 0.0008099 7.838e-05 0.00115237
0.0276237 0.256178 0.140383 0.0003916 -8.429e-05 0.00107184
0.0277749 0.27112 0.1203 0.00033639 9.324e-05 0.00115237
0.0235537 0.308129 0.120005 0.00063961 6.699e-05 0.00115237
0.0277884 0.259477 0.137216 0.00048467 0.00010857 0.00115237
0.0246624 0.253615 0.124275 0.00067039 -0.00010885 0.00115237
0.0278975 0.293729 0.121524 0.00135801 0.00012899 0.00115237
0.0244447 0.262263 0.142198 0.00098785 5.903e-05 0.00106474
0.0307162 0.248597 0.118732 0.00102369 0.00012285 0.00115237
0.0278376 0.308102 0.134179 0.00121791 3.018e-05 0.00115237
0.0281956 0.259652 0.148523 0.00100932 0.00056187 0.00127541
0.0278252 0.242222 0.119897 0.00116381 9.761e-05 0.00115237
0.0278206 0.3101 0.103609 0.00130171 9.778e-05 0.00115237
0.0248072 0.256232 0.128231 0.00116381 0.00020369 0.00115237
0.0251727 0.255253 0.111352 0.0006818 8.829e-05 0.00115237
0.0278013 0.306576 0.11079 0.00124606 6.606e-05 0.00115237
0.027903 0.259622 0.140726 0.0009204 0.00035529 0.00109995
0.0278174 0.282901 0.107331 0.00116381 9.288e-05 0.00115237
0.0220838 0.285642 0.136504 0.00071209 0.00033377 0.00115237
0.0249881 0.244653 0.151981 0.00022742 0.00024683 0.00115237
0.0279147 0.29094 0.133373 0.000598 9.608e-05 0.0012139
0.0227018 0.272678 0.146588 0.00080692 0.00017644 0.00115237
0.0239151 0.250045 0.154479 0.00045929 0.00030112 0.00115237
0.0278197 0.282854 0.105234 0.0008285 0.00010852 0.00115237
0.021309 0.291839 0.127634 0.00090202 4.817e-05 0.00108487
0.0232136 0.262103 0.145779 0.00028048 0.00014105 0.00109885
0.0229591 0.312016 0.12409 0.00071209 0.00014871 0.00115237
0.0211515 0.285389 0.1691 0.00043934 0.00013416 0.00115237
0.0296848 0.241451 0.120866 0.00021705 7.293e-05 0.00094802
0.0606215 0.177628 -0.082907 0.00409091 0.00013689 0.0014078
0.0495691 0.0558478 -0.0802624 0.0044315 0.0004274 0.0012955
0.0470811 0.115041 -0.0280652 0.00393213 2.924e-05 0.00131741
0.0541222 0.213446 -0.0417795 0.00384546 0.00011642 0.00134282
0.0477636 0.195476 -0.00524056 0.00387268 0.00015348 0.00123606
0.0489543 0.133439 0.0236551 0.0026514 -4.398e-05 0.00131022
0.0468513 0.189034 0.00361189 0.00302559 0.00016709 0.00115237
0.041962 0.179455 0.0222279 0.00307932 0.00010166 0.00107666
0.0430632 0.13567 0.035855 0.00274187 0.00025363 0.00109475
0.0436776 0.188873 9.163e-05 0.00261236 6.523e-05 0.00115237
0.0440374 0.189724 0.0555295 0.00220343 0.00054142 0.00122884
0.0412043 0.186568 0.101509 0.00154183 0.00017177 0.00130164
0.0283507 0.196291 0.102163 0.00065716 0.00057962 0.00115237
0.0283937 0.225641 0.0775096 0.00115076 0.00039775 0.00115237
0.0282497 0.181353 0.122711 0.00057996 0.00050612 0.00115237
0.0281193 0.203524 0.0997316 9.189e-05 0.0005917 0.00115237
0.0251884 0.235637 0.11402 0.00055329 0.00066567 0.00115237
0.0267261 0.201425 0.101615 0.00041437 0.00047191 0.00115237
0.030897 0.197045 0.114848 -0.00023983 0.00021235 0.00095847
0.0244174 0.248689 0.0852587 0.00063359 0.00032637 0.00106207
0.0244893 0.21001 0.11277 0.00032417 0.00043947 0.00103736
0.0247722 0.219456 0.113503 -0.0004411 0.00058567 0.00123061
0.0248636 0.259867 0.130743 -0.00020688 0.00083321 0.00120595
0.0249187 0.213172 0.166233 -0.00123381 0.00095427 0.00120669
0.0248006 0.188238 0.162938 -0.00147656 0.00075229 0.00115237
0.0179822 0.244867 0.13992 -0.00112698 0.0007569 0.00115237
0.0248556 0.214067 0.152627 -0.0010679 0.00094632 0.00115237
0.0285442 0.186294 0.165426 -0.00178621 0.00070266 0.00115237
0.025695 0.245167 0.144941 -0.00132823 0.00085135 0.00115237
0.0195217 0.242672 0.180768 -0.00190635 0.00104097 0.00115237
0.0122837 0.217803 0.214006 -0.00271019 0.00102982 0.0009439
0.0178645 0.257195 0.190069 -0.00274918 0.00104614 0.00105153
0.0112606 0.254898 0.218486 -0.00269995 0.00090339 0.00094373
0.0148582 0.228672 0.259063 -0.00362289 0.00096533 0.00101079
0.0168057 0.235163 0.247807 -0.00388313 0.00104992 0.00093626
0.0118015 0.270901 0.212404 -0.00292406 0.00093614 0.00083511
0.0127764 0.212135 0.227196 -0.00339657 0.00077037 0.00082161
0.0153922 0.261577 0.19499 -0.00343194 0.00080588 0.00089127
0.0113039 0.273146 0.227885 -0.00274527 0.00080442 0.00078859
0.00875984 0.220185 0.239766 -0.00285038 0.00084071 0.00084742
0.0106623 0.247219 0.214434 -0.00296873 0.00089046 0.00071634
0.00893771 0.265139 0.244429 -0.00293403 0.00062842 0.00079795
0.00829459 0.222982 0.239787 -0.00312389 0.00055254 0.00081052
0.00911009 0.26518 0.233067 -0.00311301 0.00072343 0.00082049
0.00833107 0.263472 0.23946 -0.00301478 0.00074363 0.00075035
0.00667569 0.211596 0.254861 -0.0035425 0.00072104 0.0007098
0.0115685 0.243018 0.199232 -0.002844 0.00055206 0.00063348
0.0119728 0.251722 0.213928 -0.00243307 0.00045119 0.00068316
0.00963546 0.218472 0.220487 -0.00271399 0.00043374 0.00073028
0.012008 0.253569 0.184972 -0.00227762 0.00042973 0.00073028
0.0119705 0.29662 0.184779 -0.00205504 0.00029888 0.00073028
0.0119941 0.249643 0.208854 -0.00226149 0.00033189 0.00073028
0.0119436 0.223411 0.184801 -0.00207163 0.00016767 0.00073028
0.0143451 0.26756 0.190675 -0.00223169 0.00024502 0.00079645
0.0151733 0.240598 0.203794 -0.00188321 -2.108e-05 0.00073028
0.0118407 0.227106 0.176371 -0.00197394 6.448e-05 0.0006758
0.0119379 0.281873 0.1865 -0.00164956 0.00021709 0.00073028
0.0119012 0.222938 0.208181 -0.00178027 0.00020756 0.00067474
0.0161338 0.234057 0.183287 -0.00173524 0.00022624 0.00064772
0.0118154 0.258822 0.18389 -0.00161702 -8.703e-05 0.00073028
0.0119744 0.21329 0.210597 -0.00197566 0.00031314 0.00073028
0.0118709 0.258038 0.168265 -0.00188294 0.0002239 0.00066535
0.0100284 0.264369 0.207987 -0.00180407 0.00035366 0.00079511
0.00976871 0.231115 0.215037 -0.00236032 0.00012935 0.00073028
0.0120094 0.269019 0.191302 -0.00202602 0.00040553 0.00073028
0.00905973 0.263733 0.235861 -0.00257857 0.00026952 0.0008017
0.0118386 0.222529 0.249851 -0.00320525 0.00023344 0.00059801
0.00947851 0.271898 0.189683 -0.00231805 0.00023363 0.00066564
0.00982584 0.24954 0.212708 -0.00225214 0.00031462 0.00064883
0.012015 0.217957 0.226715 -0.00321024 0.00039405 0.00073028
0.0121475 0.282749 0.233378 -0.0027276 0.00057752 0.00079169
0.00797315 0.257392 0.261431 -0.00329932 0.00041507 0.00087492
0.00569297 0.242783 0.25422 -0.00357086 0.00044023 0.00073028
0.0119711 0.274138 0.216654 -0.00272548 0.00029668 0.00073028
0.00869849 0.245552 0.240467 -0.00291247 0.00026871 0.00062781
0.00914557 0.254959 0.19299 -0.00277613 0.00022061 0.00073028
0.0119749 0.296779 0.203522 -0.00243979 0.00032175 0.00073028
0.00761592 0.264554 0.23746 -0.00301453 0.00037655 0.00073028
0.0120036 0.258091 0.222464 -0.00278639 0.00031376 0.00073028
0.0100314 0.283752 0.239205 -0.00307629 0.00036895 0.00083702
0.00956337 0.244704 0.278341 -0.00349169 0.00039964 0.00089972
0.00655451 0.242862 0.252473 -0.00365109 0.00047044 0.00073028
0.00697357 0.277335 0.241121 -0.0031484 0.00042628 0.0008373
0.0051235 0.239989 0.296788 -0.00396529 0.00034775 0.00073028
0.00537252 0.24148 0.268397 -0.0040222 0.00031841 0.00088492
0.00534657 0.266353 0.233612 -0.00289034 0.00048949 0.00083544
0.00312929 0.248762 0.250784 -0.00350302 0.00035843 0.00073028
0.00477742 0.237242 0.263041 -0.0038896 0.00049976 0.00073028
0.00588613 0.275775 0.245787 -0.00334843 0.00032938 0.00086076
0.00740189 0.24317 0.301075 -0.00449384 0.00025106 0.00078394
0.00100073 0.297225 0.226797 -0.00362573 0.00060873 0.00084366
0.00070028 0.275848 0.295653 -0.00416631 0.00075886 0.00088998
-0.00568054 0.236641 0.310176 -0.00503156 0.00056141 0.00088416
0.00230574 0.273552 0.258797 -0.00386202 0.00066366 0.00098599
0.00082246 0.250361 0.306562 -0.00476677 0.00067115 0.00107492
0.00633439 0.224254 0.298007 -0.00500467 0.00042275 0.00087909
0.00242911 0.294605 0.264909 -0.00404063 0.0005476 0.00111786
0.00048564 0.263276 0.295068 -0.00437084 0.00067848 0.00100242
-0.00089166 0.231356 0.290829 -0.00481102 0.0008101 0.00089917
0.00653524 0.287953 0.26053 -0.00386202 0.00026693 0.00095298
0.00623703 0.253549 0.262957 -0.00416041 0.00051583 0.00091644
0.00431715 0.221969 0.271082 -0.00451878 0.00021812 0.00079651
0.00103415 0.294051 0.254039 -0.00365074 0.00029733 0.00105474
-0.00176726 0.261893 0.303685 -0.00424093 0.00042478 0.00100153
-0.00595518 0.239346 0.289552 -0.00456824 0.00053703 0.00089742
0.00051027 0.276193 0.276484 -0.00402984 0.00058562 0.00111847
0.00143401 0.238935 0.323971 -0.00485107 0.00052763 0.00091258
0.00122028 0.219447 0.293656 -0.00485511 0.00059854 0.00073028
0.00167436 0.260348 0.27634 -0.00431842 0.00057863 0.00097235
0.00796306 0.247946 0.27617 -0.00404591 0.00031043 0.00106276
0.00237989 0.221927 0.293084 -0.00483877 0.00031784 0.00086781
0.0123057 0.289202 0.273535 -0.0046369 0.00029133 0.00099526
0.00734724 0.315829 0.26673 -0.00392216 0.00050064 0.00110664
-0.00816747 0.296191 0.277991 -0.00450111 0.00065288 0.00087806
-0.00311292 0.251127 0.29864 -0.00520742 0.00056929 0.00090521
0.0013271 0.231974 0.287578 -0.00469067 0.0001132 0.0009323
-0.00184603 0.19683 0.256886 -0.00473641 3.096e-05 0.00073028
0.0009313 0.275876 0.247445 -0.00450844 0.00018586 0.00088565
-0.0014311 0.253005 0.282497 -0.00468494 3.28e-06 0.00078341
0.0022931 0.236751 0.258659 -0.00454293 -2.304e-05 0.0009642
0.00121735 0.300072 0.306862 -0.00487266 3.891e-05 0.00092045
0.00431303 0.279351 0.306327 -0.00451004 0.00036236 0.00085708
-0.00554196 0.250346 0.307171 -0.00539202 0.00055457 0.00073028
-0.00222709 0.28023 0.284766 -0.00489163 0.00048284 0.00091387
-0.00576388 0.238051 0.332831 -0.00573176 0.00036969 0.00081802
-0.00593174 0.224825 0.296657 -0.00542329 0.00039469 0.00086814
-0.00416916 0.282483 0.255067 -0.0039204 0.00056235 0.0009498
-0.00039809 0.262899 0.284276 -0.00456849 0.0002639 0.00091157
-0.00326869 0.246058 0.290605 -0.00508959 0.00025252 0.00073028
-0.00214749 0.277832 0.271846 -0.00478495 0.00045602 0.00090634
-0.00248311 0.25807 0.284592 -0.00488431 0.00016928 0.00073028
-0.00418683 0.241572 0.266691 -0.00496604 0.00026957 0.00073028
0.00264236 0.28057 0.295357 -0.00455413 0.00026123 0.001116
-0.0011892 0.27406 0.322097 -0.00505819 0.0008479 0.00104971
-0.00649209 0.233104 0.344209 -0.00602412 0.00075624 0.00069743
-0.00429022 0.262614 0.285034 -0.00495541 0.00067023 0.00077595
0.00213206 0.253837 0.301568 -0.00476274 0.00034504 0.00075743
-0.0017998 0.243095 0.278746 -0.00523911 0.00024783 0.0007832
0.00617651 0.278372 0.309262 -0.00565508 0.00027737 0.00083144
-0.00122576 0.278202 0.300424 -0.0049377 0.00052938 0.00080436
-0.00033792 0.218985 0.301089 -0.00443974 0.00021818 0.00060028
0.00109232 0.267887 0.252907 -0.0037554 0.00034339 0.00058669
0.00104095 0.263201 0.252945 -0.00363836 -0.00014515 0.00055263
0.00525662 0.214048 0.236393 -0.00364347 2.98e-06 0.00037147
0.00292911 0.283545 0.205359 -0.00365278 -0.00011885 0.00053421
0.0080451 0.250668 0.255986 -0.00387852 -0.00023884 0.00054547
0.00204419 0.223132 0.231581 -0.00391518 -0.0002089 0.00060513
0.011864 0.255892 0.263808 -0.00389417 0.00016125 0.00077888
-0.00585248 0.22945 0.291008 -0.00449606 0.00035084 0.00064497
-0.00692224 0.216883 0.27305 -0.00456889 0.00024169 0.00059268
-0.00118136 0.251373 0.253659 -0.00393849 0.00019126 0.00077888
-0.00234349 0.212283 0.307459 -0.00518813 5.604e-05 0.00077888
-0.00420366 0.236603 0.255531 -0.0045043 0.00016089 0.00077888
-0.00487385 0.278885 0.2821 -0.00438516 0.00032187 0.00077888
-0.00819478 0.255316 0.293367 -0.0042792 0.00033907 0.0006422
-0.0112917 0.229683 0.285646 -0.00458325 0.00028634 0.00055044
-0.00782025 0.27374 0.265151 -0.00385888 0.00026311 0.00058013
-0.0050791 0.239331 0.268305 -0.00419104 -4.188e-05 0.00060652
-0.00519634 0.231671 0.245335 -0.00408622 0.000328 0.0003787
-0.00498515 0.275442 0.240089 -0.00378736 0.00034064 0.00060172
-0.00519623 0.244784 0.264472 -0.00383079 0.00019006 0.00042529
-0.00282048 0.223783 0.233652 -0.00368752 -6.84e-06 0.00049094
-0.00513971 0.281084 0.233434 -0.0033791 9.838e-05 0.00050179
-0.0019657 0.23985 0.262404 -0.00393125 4.84e-06 0.00025404
-0.00538615 0.250165 0.222475 -0.0035249 8.588e-05 0.0002582
-0.00517135 0.278132 0.240139 -0.00329369 1.186e-05 0.00049507
-0.00749722 0.23432 0.274886 -0.00413727 0.0001715 0.00049276
-0.00495594 0.263383 0.261774 -0.00412918 0.00027576 0.00061451
-0.00622774 0.250668 0.280757 -0.00380393 0.00028616 0.0005803
-0.00853021 0.224136 0.276196 -0.00395685 4.44e-06 0.00077888
-0.00319351 0.246479 0.214032 -0.003256 0.00014946 0.00063236
-0.00339541 0.243014 0.252265 -0.00369427 5.376e-05 0.00077888
-0.00733325 0.20835 0.266296 -0.00428966 -0.00017511 0.00060974
-0.0103189 0.230333 0.23584 -0.00441735 -0.0001401 0.00077888
-0.00647231 0.237517 0.270368 -0.00410799 0.00010947 0.00077888
-0.00682329 0.253778 0.284597 -0.00447573 0.00019437 0.00064171
-0.00345499 0.223803 0.285159 -0.00495118 -0.0001057 0.00077888
-0.00972151 0.273155 0.273092 -0.00431946 0.00017108 0.00077888
-0.00971844 0.244054 0.277009 -0.00401635 0.00024995 0.00072879
-0.0119525 0.218549 0.262038 -0.00428094 7.936e-05 0.00077888
-0.00351769 0.229627 0.242757 -0.00445764 -0.00014217 0.00077888
-0.00352328 0.258897 0.243636 -0.0042033 -5.313e-05 0.00072373
-0.00343517 0.2428 0.288793 -0.00410528 -6.958e-05 0.00077888
-0.0129466 0.249507 0.268226 -0.00419253 8.888e-05 0.00053438
-0.0122613 0.258991 0.265308 -0.00459451 0.00024807 0.00077888
-0.00345151 0.233931 0.288227 -0.00436942 -9.103e-05 0.00077888
-0.0116652 0.227238 0.24944 -0.00439407 -0.00016056 0.00062825
-0.00372747 0.248778 0.210071 -0.00228994 -0.00015646 0.00062519
-0.00385199 0.232178 0.219989 -0.002704 -0.00020716 0.00051701
-0.00855126 0.252167 0.170681 -0.00277055 -0.00028902 0.00053737
-0.00381216 0.279221 0.221357 -0.00277214 -0.00031122 0.00057673
-0.00728887 0.245065 0.223183 -0.00306646 -0.00015036 0.00048949
-0.011349 0.276246 0.22209 -0.00255755 -8.571e-05 0.00058945
-0.0038421 0.20879 0.234072 -0.00264271 -0.00032081 0.00048126
-0.00376877 0.235259 0.205839 -0.00269333 -0.00028199 0.00057907
-0.00350971 0.243287 0.249801 -0.00300391 -9.597e-05 0.00077888
-0.00972153 0.235385 0.259104 -0.00314162 -3.835e-05 0.00077888
-0.0113363 0.218319 0.259763 -0.00384611 -4.763e-05 0.00062547
-0.00740544 0.260044 0.259412 -0.00347821 -9.153e-05 0.00062134
-0.0129744 0.238644 0.27752 -0.00348158 0.00022052 0.00054657
-0.01012 0.230695 0.233554 -0.00370397 1.032e-05 0.00035306
-0.0109239 0.26302 0.227128 -0.00318875 -4.177e-05 0.00050228
-0.0112185 0.229193 0.257303 -0.00375575 -0.00021831 0.00048815
-0.0151059 0.248678 0.225795 -0.00340853 -9.283e-05 0.00034143
-0.0102056 0.263907 0.221978 -0.0030044 0.00020885 0.00050044
-0.00388378 0.209314 0.271195 -0.00351041 -0.00021317 0.00049013
-0.00392023 0.231131 0.22152 -0.00331619 -0.00022042 0.00046742
-0.0035812 0.259812 0.237875 -0.00267682 -1.637e-05 0.00077889
-0.0148743 0.217424 0.280121 -0.00313235 2.117e-05 0.00057483
-0.00903793 0.237242 0.233044 -0.00294818 -7.027e-05 0.00056397
-0.003715 0.25045 0.260087 -0.00331731 -2.065e-05 0.00058106
-0.0155399 0.223939 0.285282 -0.00359702 0.00020916 0.00044638
-0.0140073 0.238477 0.25689 -0.0034568 0.00019858 0.0005113
-0.0134793 0.270189 0.260354 -0.00364447 0.00025957 0.00062043
-0.0151458 0.21074 0.277448 -0.00354458 6.809e-05 0.0004698
-0.00978273 0.241597 0.219136 -0.00302505 -5.308e-05 0.00043434
-0.0117667 0.207965 0.21477 -0.00270552 0.00020486 0.00036227
0.0334136 0.121438 -0.024046 0.00188077 -1.607e-05 0.00077889
0.0821337 -0.0293133 -0.560003 0.0142548 0.00118925 0.00077889
0.0424082 0.126751 -0.384771 0.0116887 0.00027749 0.00077889
0.0517411 0.13415 -0.337289 0.0112649 0.00021361 0.00077889
0.0584252 0.142481 -0.370438 0.0121543 0.0002142 0.00095724
0.0558677 0.126665 -0.347058 0.0123139 0.00036785 0.00097579
0.0603779 0.0466018 -0.318597 0.011657 0.00030277 0.00077889
0.0593824 0.067941 -0.360872 0.0121499 0.00012336 0.00101719
0.0596664 0.0338707 -0.322698 0.0118429 4.834e-05 0.0012599
0.0480624 0.00252725 -0.275646 0.0106242 0.00012285 0.00098574
0.0481472 0.0501198 -0.312645 0.0109173 0.00029667 0.00110972
0.0474761 0.0595255 -0.218438 0.00947776 0.00025846 0.001073
0.0416826 0.0536389 -0.167531 0.00767099 8.546e-05 0.00116454
0.0412853 0.0808471 -0.195182 0.00733363 1.649e-05 0.00077889
0.0409113 0.108075 -0.216193 0.00820802 0.00037683 0.00084147
0.0351135 0.061042 -0.174448 0.00700782 0.00026817 0.00077889
0.0409422 0.111765 -0.227451 0.00767194 0.00047785 0.00077889
0.0404327 0.102814 -0.204513 0.00780054 -0.00017551 0.00077889
0.0248419 0.0565847 -0.156533 0.00601798 0.000328 0.00077889
0.0406132 0.10955 -0.194242 0.00678132 2.95e-06 0.00077889
0.0340325 0.0564694 -0.123576 0.00562306 5.915e-05 0.00077889
0.0274548 0.0504653 -0.0918524 0.00435529 1.975e-05 0.00072551
0.0241888 0.103862 -0.0699313 0.00412033 -0.00023913 0.00072063
0.0205197 0.0535688 -0.0553607 0.00387234 -0.00014948 0.00044456
0.0240758 0.0811955 -0.0885194 0.00403241 -0.00029201 0.00048172
0.0242127 0.109408 -0.093979 0.00435645 -0.00011025 0.00050827
0.00860151 0.0836398 -0.0593519 0.00319592 -6.801e-05 0.00034662
0.0207594 0.135448 -0.0863981 0.00388713 -6.962e-05 0.00066911
0.0209018 0.103218 -0.0587277 0.00426096 -0.00014612 0.00077602
0.015407 0.0835698 -0.0371127 0.00362583 -0.00034132 0.00034662
0.0199802 0.10362 -0.0618151 0.00343334 2.225e-05 0.00053671
0.0240923 0.0866711 -0.0413821 0.0034312 -0.00037155 0.00034662
0.0142709 0.0764252 -0.0257764 0.00232097 -0.00038881 0.00034662
0.0179519 0.121431 -0.0652325 0.00300059 -3.119e-05 0.00034662
0.0131303 0.0856452 -0.0271266 0.00270589 -0.00026221 0.00034662
0.0147994 0.0902922 -0.0649204 0.00270589 -0.00033358 0.00034662
0.0140027 0.130087 -0.0235521 0.00292428 -0.00017058 0.00065597
0.0110952 0.141252 0.0145219 0.00230827 -8.66e-05 0.00049617
0.00763505 0.10263 0.0146044 0.00176123 -0.00017026 0.00034662
0.0104557 0.155738 -0.00337738 0.00173948 -0.00016123 0.00034662
0.0128211 0.140873 0.00803821 0.00204009 -0.00049348 0.00046711
0.00578375 0.102785 0.00857014 0.00140719 -0.00022498 0.0002486
0.00897862 0.119364 -0.0303153 0.00220989 -0.00028007 0.00011171
0.013963 0.125553 -0.020546 0.00181657 -0.00040318 9.662e-05
0.0105712 0.0877871 0.00303652 0.00181657 -0.00042722 0.000178
0.0131841 0.133418 -0.0260299 0.00198117 -0.00050066 0.00023242
0.0120209 0.140824 -0.0210204 0.00235942 -0.0002708 0.0001116
0.016435 0.108578 -0.00906981 0.00193071 -0.00055964 0.00020871
0.0128923 0.133 -0.0236905 0.00194169 -0.00033765 0.00022041
0.0147485 0.150008 -0.0156563 0.00242059 -0.00053072 0.0002707
0.00735736 0.104921 0.0017333 0.00181657 -0.00021715 0.0001731
0.0171331 0.153536 -0.0206076 0.0019469 -0.00052475 0.00017599
0.0120657 0.123892 0.0185541 0.00175363 -0.00041951 0.00034662
0.00263312 0.104814 0.028214 0.00089447 -3.264e-05 0.00017121
0.00749229 0.122697 0.0117961 0.0010647 3.785e-05 0.00018497
0.00741944 0.0995554 0.0189049 0.00117358 -0.00014906 5.031e-05
0.00600197 0.100586 -0.00816605 0.00138836 -0.00011693 -1.32e-05
0.00631654 0.134119 0.00475637 0.00138836 -8.559e-05 0.00034662
0.00615418 0.112337 0.0639326 7.723e-05 -0.00023061 0.00018071
0.00651702 0.212368 0.102073 -0.00071328 -0.00012196 0.00049063
0.00231812 0.178164 0.1262 6.062e-05 -0.00028292 0.0002847
0.00606426 0.10007 0.118608 -0.00039109 -0.00087918 0.00034662
0.0101986 0.133119 0.0296633 0.00083317 -0.00044518 0.00010406
0.00576329 0.166581 0.0245898 0.00126083 -0.00048171 -4.752e-05
0.0100197 0.121511 0.0358226 0.00117 -0.00046952 -7.503e-05
0.00577128 0.151373 -0.00735762 0.00192642 -0.00052303 3.2e-05
0.00572209 0.174792 0.0231981 0.00171999 -0.0005857 -3.764e-05
0.00577207 0.128564 0.0106407 0.00165697 -0.00062005 -4.535e-05
0.00579376 0.169216 0.0198412 0.00186252 -0.0008146 0.00011816
0.00296368 0.13569 0.0601718 0.00134694 -0.00058547 4.53e-06
-0.00217577 0.136593 0.0473889 0.00086069 -0.00041142 8.829e-05
0.00174667 0.161 0.0748825 0.00052793 -0.00031487 9.136e-05
-0.0119245 0.119186 0.0952398 0.00026318 -0.00055966 4.489e-05
-0.0103977 0.140993 0.069313 0.0001487 -0.0002874 -3.386e-05
0.00123395 0.158061 0.0542431 0.00104598 -0.00037384 5.602e-05
0.00103075 0.122431 0.0713879 0.00103134 -0.00043337 -0.00014906
0.00582339 0.142355 0.0355766 0.00123545 -0.00043204 -4.871e-05
0.00590358 0.165382 0.0633451 0.0006784 -0.00062443 0.00013217
0.00309606 0.133413 0.0411346 0.00141586 -0.00058312 5.195e-05
0.00586102 0.141946 0.0376223 0.0009284 -0.00070378 0.000112
0.00137531 0.169853 0.0780296 0.00048005 -0.0003591 0.00013108
0.00221559 0.141447 0.0778817 0.00066079 -0.00034431 1.32e-05
0.00234556 0.103113 0.0808713 9.265e-05 -0.00071855 1.003e-05
0.00591976 0.153843 0.0597613 0.00060393 -0.00072533 0.00014577
-0.00199101 0.115104 0.0940071 0.00046471 -0.0003773 1.585e-05
-0.0111388 0.140177 0.0562906 9.232e-05 -0.00027829 3.205e-05
0.001934 0.147781 0.0526415 0.00083901 -0.00017386 7.185e-05
-0.00911129 0.104436 0.0600482 0.00071188 -0.00034618 4.084e-05
0.00203052 0.140854 0.0779352 -0.00035569 -0.00030907 6.487e-05
-0.00634838 0.18881 0.0793818 -0.00013413 -0.00037173 0.00010146
-0.0111806 0.175595 0.0893793 -0.00015982 2.293e-05 -0.00020854
-0.0110659 0.140538 0.0688883 -0.00027751 -0.00012463 2.127e-05
0.00113835 0.151632 0.0946613 -0.00018778 -0.00055004 2.443e-05
-0.0112015 0.117269 0.0915264 -0.00031266 -0.00027973 -0.00010331
-0.0111976 0.140328 0.0451741 0.00016078 -4.671e-05 -0.0001435
-0.0080091 0.169059 0.0559694 0.00036866 -0.00036623 8.344e-05
-0.0110948 0.117219 0.107714 -0.00024635 -1.6e-07 -0.00010671
-0.0110966 0.143016 0.0683637 -0.0005152 -0.00022501 -1.559e-05
-0.0111047 0.188846 0.135733 -0.00133896 -0.00028944 -3.968e-05
-0.0258233 0.179015 0.17151 -0.00231378 -7.765e-05 -0.00022237
-0.0291501 0.158814 0.14345 -0.00201845 -0.00024499 0.00010082
-0.0184938 0.1596 0.142218 -0.00180987 -1.883e-05 -5.85e-05
-0.0199722 0.115186 0.145525 -0.0017671 -0.00036381 -0.00017208
-0.0200357 0.164276 0.115142 -0.00160824 -0.00076734 -7.64e-05
-0.0196372 0.187609 0.129275 -0.00142287 4.85e-06 0.00010082
-0.0200009 0.137197 0.114415 -0.0009408 -0.00037385 -0.00016468
-0.0200822 0.154264 0.0828181 -0.00032518 -0.00016282 -0.00031298
-0.0063143 0.185762 0.0659538 9.37e-05 -0.00013554 -8.009e-05
-0.00546784 0.142954 0.075334 -0.00018073 -0.00021443 -0.00021358
-0.00077178 0.174736 0.0299641 -8.27e-06 -0.00032652 -0.00025111
-0.00759974 0.171293 0.0534947 0.00040456 -0.00024148 -4.194e-05
-0.00138002 0.128827 0.0626054 -0.00040558 -0.00055534 -0.00034158
0.00385948 0.187068 0.0437845 5.491e-05 -0.0004925 -0.00029983
-0.00425171 0.161126 0.063706 -0.00015611 -0.00066755 -0.00028014
-0.00340429 0.125117 0.0592586 -0.00018678 -0.00034364 -0.00032741
-0.00400963 0.169264 0.0486899 0.00026787 -0.00026876 -0.00023794
-0.00732939 0.129166 0.0791274 -0.00031953 -0.00029289 -0.0003423
-0.019759 0.133578 0.0690973 -0.00068674 -0.00029118 0.00010082
-0.00948324 0.161545 0.111222 -0.00077933 -0.00034214 -0.00014754
-0.0214968 0.144928 0.110426 -0.00103943 8.1e-07 -0.00016181
-0.00687005 0.170433 0.0739245 -0.00071447 -0.00016311 -0.00023447
-0.00671854 0.163696 0.0751466 -0.00043807 -0.00045383 -0.00033664
-0.00237191 0.129545 0.0661984 -0.00085288 -0.00044701 -0.00045337
-0.00226976 0.17866 0.0550466 -0.00071179 -0.00046266 -0.00025885
-0.00219583 0.168184 0.0660124 -0.00059634 -0.00035027 -0.00026373
-0.00227755 0.14197 0.0714484 -0.00071849 -0.00044433 -0.000371
-0.00218395 0.173642 0.0520599 0.00015862 -0.00043068 -0.00029823
-0.0161972 0.144306 0.0973762 -0.00095881 -0.00039606 -0.0003785
-0.0103083 0.150961 0.0953736 -0.00114662 -0.00044622 -0.0003529
-0.0190084 0.186531 0.120236 -0.00159486 -0.00058887 -0.00027421
-0.00881187 0.142696 0.159818 -0.00241167 -0.00033805 -0.00040529
-0.0145287 0.136401 0.0999937 -0.0018736 -0.00039335 -0.00046761
-0.0088309 0.175925 0.10418 -0.00146388 -0.00036629 -0.00036459
-0.0196427 0.163799 0.109691 -0.00156241 -0.0004819 -0.0003714
-0.0176447 0.151345 0.0964019 -0.0018193 -0.00034897 -0.0005296
-0.00964644 0.18751 0.123914 -0.00192738 -0.00038225 -0.00026393
-0.0196129 0.158233 0.163225 -0.00263153 -0.00058832 -0.0004483
-0.0196018 0.20107 0.13377 -0.00257777 -0.0003478 -0.00042387
-0.0224275 0.169363 0.140963 -0.00261521 -0.00032148 -0.00033684
-0.0195961 0.136259 0.151003 -0.00290932 -0.0005885 -0.00044751
-0.0196492 0.166849 0.114269 -0.00216925 -0.0003612 -0.00053481
-0.0196656 0.175163 0.117708 -0.00205288 -0.00038322 -0.00050681
-0.0197705 0.149792 0.135579 -0.00253188 -0.00025647 -0.00068894
-0.0197717 0.191268 0.0873507 -0.00205791 -0.00052924 -0.00052362
-0.0196665 0.192199 0.109052 -0.00184798 -0.00027726 -0.00052664
-0.0170557 0.148982 0.117256 -0.0021441 -0.00046833 -0.00054316
-0.0133305 0.179872 0.114641 -0.00217989 -0.00035685 -0.00049552
-0.0194615 0.179596 0.097603 -0.00131326 -0.00030093 -0.00032726
-0.0109025 0.120846 0.0840109 -0.00139397 -0.00046651 -0.0005645
-0.0195967 0.18447 0.0612955 -0.0009318 -0.00054582 -0.00032726
-0.00576124 0.170598 0.0913969 -0.0010259 -0.00042165 -0.0005165
-0.0196955 0.155585 0.0823292 -0.00148809 -0.00051128 -0.00050154
-0.00736502 0.166469 0.100858 -0.00142686 -0.00034877 -0.00032726
-0.00962447 0.146777 0.0947341 -0.00117499 -0.00031307 -0.0005028
-0.0196718 0.119102 0.110367 -0.00169116 -0.00033058 -0.00058408
-0.00679181 0.17695 0.0716909 -0.00125728 -0.00037443 -0.00047413
-0.0141802 0.141545 0.1256 -0.00182387 -0.00038759 -0.00046608
-0.0142935 0.136196 0.102957 -0.0020273 -0.0004096 -0.00055389
-0.0164572 0.176297 0.0798206 -0.00131989 -0.0004208 -0.0004673
-0.0197144 0.167158 0.0959978 -0.00139887 -0.00053138 -0.00046819
-0.0196828 0.146236 0.128336 -0.00227307 -0.00036075 -0.00054709
-0.019471 0.18722 0.109886 -0.00213051 -0.00028754 -0.00032726
-0.019485 0.157665 0.122816 -0.00205352 -0.00033528 -0.00032726
-0.0196602 0.137114 0.153021 -0.0029773 -0.00038788 -0.00056646
-0.0194999 0.165328 0.155776 -0.00326543 -0.00013511 -0.00045482
-0.01947 0.15784 0.132029 -0.00263975 -0.00037396 -0.00032726
-0.0349591 0.157678 0.123369 -0.0024918 -0.00070704 -0.00063023
-0.0195437 0.157876 0.108142 -0.00257631 -0.00038463 -0.00032726
-0.0199066 0.152542 0.117256 -0.00231607 -0.00069943 -0.00053888
-0.0199083 0.137035 0.108288 -0.00252239 -0.00067513 -0.00058902
-0.0198203 0.168876 0.108858 -0.00234962 -0.00068813 -0.00047336
-0.0196991 0.159322 0.125154 -0.00254754 -0.00089746 -0.00032726
-0.0353373 0.157499 0.161567 -0.00313858 -0.00041042 -0.00049081
-0.0327204 0.178266 0.132204 -0.00303934 -0.00041431 -0.00032726
-0.0317542 0.140444 0.152931 -0.0029159 -0.00056748 -0.00032726
-0.0350043 0.13747 0.11848 -0.00287741 -0.00036276 -0.00045554
-0.0179655 0.131552 0.190948 -0.0041647 -0.00106672 -0.00032726
-0.0343412 0.144664 0.126401 -0.00303423 -0.00048853 -0.00032726
-0.034659 0.114834 0.148826 -0.00329231 -0.00029489 -0.0008118
-0.029317 0.18584 0.0988075 -0.00202521 -0.00068119 -0.00052127
-0.0045291 0.163154 0.136721 -0.00273391 -0.00092677 -0.00017879
-0.0174815 0.135081 0.107257 -0.00219422 -0.00089356 -0.00020145
-0.0217694 0.14427 0.105304 -0.00242118 -0.00070809 -0.00020145
-0.0202747 0.126426 0.145632 -0.00310064 -0.00095047 -0.00042855
-0.0233498 0.121582 0.108129 -0.00275165 -0.0010257 -0.00045461
