0 0.0842398 0.124976 6.597e-05 0 0
0.00649621 0.126959 0.0257055 0.00016542 -0.00017029 0.00035789
0.010926 0.0151383 0.0326297 5.205e-05 -0.00022729 0.00034303
0.0336214 0.020078 0.0353314 -0.00018049 -0.00019633 0.00048884
0.0317772 0.0070429 0.0422601 -6.807e-05 -0.00040801 0.00048884
0.0132999 0.00385211 0.205561 -2.515e-05 -0.00024269 0.00048884
0.0127537 0.144006 0.1264 7.804e-05 -0.0002342 0.00073884
0.011808 0.135595 0.0812402 -0.00014558 -0.00025134 0.00073884
0.00928587 0.0649191 0.128856 -0.00016876 -4.885e-05 0.00059159
0.0135687 0.106958 0.095987 -0.00125992 -0.00023665 0.00066471
0.00025001 0.0469462 0.180853 -0.00093686 -3.69e-06 0.00013318
0.00031454 0.111888 0.18024 -0.00040778 -0.00022101 0.00031139
0.00325451 0.170698 0.111275 -0.00043514 -5.69e-05 0.00040246
0.00061584 0.0643763 0.118937 -0.00039885 -0.00015801 0.00046663
0.00063993 0.0550207 0.0814368 -7.947e-05 -0.00015801 0.00047705
0.00048575 0.0394234 0.0886905 -0.00055363 -2.488e-05 0.00032214
0.00570275 0.0264458 0.0958837 -0.00057946 -0.00040801 0.00038336
0.00081819 0.0456811 0.0533964 6.639e-05 -0.00015801 0.0005849
0.0008958 0.0284919 0.147648 -0.00017353 -0.00026205 0.00068562
0.00298922 0.187359 0.0918575 -9.74e-05 -0.00025939 0.00073884
0.00098927 0.129694 0.0863007 -0.00032715 -0.00025387 0.00073884
0.00089475 0.0923003 0.0820411 0.0001776 -0.00040801 0.00073884
0.00596375 0.108826 0.026163 0.0001776 -0.00022187 0.00073884
0.00049281 0.0215852 0.140141 -0.00022207 -0.00026274 0.00040519
0.00089475 0.14805 0.0752096 2.485e-05 -0.00040801 0.00073884
0.00080578 0.0777098 0.0712129 -2.817e-05 -0.00040801 0.0006822
0.00053815 0.0552331 0.034851 4.455e-05 -0.00040801 0.00051163
0.00074099 0.0604791 0.120454 -0.00093669 -0.00040801 0.00063791
0.00050727 0.0295948 0.181261 0.00036814 -0.00021522 0.00042698
-0.00495207 0.200189 0.106674 0.00035934 -0.00026394 0.00039671
0.00025372 0.119897 0.0707866 0.00030532 -0.0002888 0.00029718
0.0005113 0.0841574 0.0342494 0.00036193 -0.00040801 0.00049954
-0.00729298 0.0804193 0.0547825 0.00045998 -0.0003034 0.00038447
-0.00952812 0.0721006 0.0640305 0.00037053 -0.00040801 0.00047398
-0.00951656 0.0811371 0.13222 0.0002175 -0.00035122 0.00045985
-0.0123085 0.0604841 0.293737 -8.503e-05 -0.00040801 0.00030825
-0.00956671 0.248041 0.20317 0.00033757 -0.00040801 0.00035674
-0.0141511 0.158917 0.168985 -0.00048973 -0.00040801 0.00046991
-0.00687961 0.123291 0.1141 0.00051352 -0.00040801 0.00033413
-0.00970184 0.117809 0.10708 0.00048071 -0.00040801 0.00036414
-0.00776238 0.0796018 0.130588 0.00032446 -0.00040801 0.00026872
-0.00978346 0.111414 0.0766686 0.00046659 -0.00047477 0.00034369
-0.0130675 0.0561123 0.211706 0.00029553 -0.00040801 0.00016299
-0.0121161 0.170576 0.117585 0.00040266 -0.00068082 0.00032254
-0.0203158 0.109844 0.200898 -1.415e-05 -0.00090943 0.00063748
-0.0159927 0.187415 0.199736 8.599e-05 -0.0005758 0.00029634
-0.00958063 0.167283 0.184296 -0.00078662 -0.00061666 4.217e-05
-0.0164347 0.085029 0.182788 -0.00067687 -0.00089719 0.0005741
-0.0165556 0.123211 0.0958645 0.00017491 -0.00090732 0.00031119
-0.0207215 0.0767275 0.152488 5.469e-05 -0.00069923 0.00029403
-0.0164437 0.136189 0.0704688 0.00011451 -0.00075393 0.00031643
-0.0196854 0.0758666 0.231305 -0.0005475 -0.0006686 0.00015672
-0.021445 0.133926 0.235917 -0.00136803 -0.00115732 0.00015514
-0.0249881 0.171525 0.159589 0.00019977 -0.00123296 0.00054937
-0.0315759 0.128426 0.250536 -2.421e-05 -0.00115732 0.000469
-0.0272976 0.265673 0.14905 0.000284 -0.00115732 0.00048873
-0.0287034 0.128974 0.189221 -0.00048464 -0.00104805 0.00039114
-0.0267548 0.148877 0.0771395 0.00046932 -0.00115732 0.00031731
-0.00207109 0.0917795 0.0113634 -0.00082381 -0.0002174 -0.00021943
-0.00435275 0.0172965 -0.0074709 -0.00017857 -0.00020068 -0.00054384
-0.0108885 0.0436484 0.189201 0.00017861 -0.00032603 -0.00049327
-0.0113167 0.182064 0.0976825 -0.00027519 -0.00050072 -0.00052072
-0.0224183 0.132632 0.225467 -0.0014846 -0.00040415 -0.000692
-0.0323214 0.177809 0.218446 -0.00061426 -0.00081038 -0.00036124
-0.0325453 0.254751 0.172151 -0.00090905 -0.00109728 -0.000117
-0.0402567 0.147103 0.246681 -0.00102739 -0.00111192 -0.00048351
-0.0408491 0.260146 0.154423 -0.00056304 -0.00133975 -0.00028665
-0.0350099 0.178762 0.162806 -0.00070365 -0.00110764 -0.00018998
-0.0320791 0.157449 0.107642 -0.00051229 -0.00100816 -0.00018998
-0.0430127 0.0794437 0.163068 -0.00163115 -0.00132843 -0.00018998
-0.0367872 0.105939 0.117596 -0.00157931 -0.00141799 -0.00018998
-0.0319215 0.0852276 0.154135 -0.00145406 -0.00097487 -0.00018998
-0.0331497 0.156292 0.074887 -0.00070859 -0.00104473 -0.00018998
-0.0350595 0.11015 0.22672 -0.0019469 -0.00087684 -0.00018998
-0.0465884 0.211682 0.155365 -0.00087179 -0.00130398 -0.00018998
-0.0495368 0.225395 0.152253 -0.00058124 -0.00141799 -0.00018998
-0.0519948 0.150885 0.204204 -0.00120955 -0.00123192 -0.00032934
-0.0465043 0.262125 0.176548 -0.00146927 -0.00110918 -0.0004236
-0.0520155 0.135687 0.233724 -0.00194619 -0.0010411 -0.00040128
-0.0350667 0.18939 0.162288 -0.00150925 -0.00097593 -0.00018998
-0.0425767 0.149374 0.148411 -0.00113121 -0.00130012 -0.00018998
-0.0425181 0.128633 0.136932 -0.00080813 -0.00119768 -0.00018998
-0.0386324 0.135945 0.120167 -0.00061476 -0.00141799 -0.00038644
-0.0318606 0.0905576 0.137633 -0.00148191 -0.00103701 -0.00018998
-0.0377955 0.163519 0.12188 -0.00182436 -0.00100865 -0.00018998
-0.0454358 0.109791 0.20285 -0.00152031 -0.00121551 -0.00030553
-0.0418063 0.248063 0.106642 -0.00099633 -0.00126388 -0.00018998
-0.0517389 0.13184 0.255298 -0.00191651 -0.00116799 -0.00018998
-0.0517501 0.229697 0.27914 -0.00120475 -0.00117851 -0.00018998
-0.0310611 0.362009 0.197604 -0.00094501 -0.00098974 -0.00033223
-0.0410285 0.211222 0.174572 -0.00094577 -0.00128622 -0.00018998
-0.0368875 0.183567 0.133787 -0.00074935 -0.00131521 -0.00018998
-0.0339476 0.135586 0.157324 -0.00128097 -0.00103219 -0.00041569
-0.0307538 0.115408 0.0773306 -0.00072857 -0.00117634 -0.00018998
-0.0388595 0.0915317 0.200248 -0.00120448 -0.00105579 -0.00065258
-0.0366137 0.146861 0.252011 -0.00118627 -0.00100433 -0.00018998
-0.0424459 0.213933 0.197894 -0.00142204 -0.0013569 -0.00018998
-0.0485632 0.167804 0.203142 -0.00099214 -0.00141799 -0.00033849
-0.0467503 0.249638 0.153276 -0.00097039 -0.00151345 -0.00051055
-0.052556 0.200084 0.191621 -0.00090604 -0.00157817 -0.00052684
-0.0477055 0.230249 0.143408 -0.00093288 -0.00155277 -0.00054262
-0.0476395 0.205076 0.134497 -0.00102722 -0.00152085 -0.00073705
-0.0450119 0.162144 0.145569 -0.00171974 -0.00115439 -0.00039573
-0.048802 0.148364 0.178038 -0.0010536 -0.0014536 -0.00036661
-0.0405449 0.144605 0.220527 -0.00165679 -0.00118198 -0.00061621
-0.036931 0.192912 0.174299 -0.00152936 -0.00108837 -0.00036378
-0.0522854 0.11298 0.323948 -0.00151874 -0.00140634 -0.00041135
-0.046834 0.300799 0.262971 -0.00132643 -0.00104711 -0.00048601
-0.0463183 0.262091 0.239813 -0.00223851 -0.00147728 -0.00069165
-0.0446787 0.178977 0.168381 -0.00127036 -0.00151234 -0.00039697
-0.04322 0.205214 0.134177 -0.00091294 -0.00148097 -0.00060723
-0.0469835 0.147787 0.165647 -0.00105278 -0.00137377 -0.00067987
-0.0321206 0.193448 0.0983752 -0.00085787 -0.00122696 -0.00090547
-0.042419 0.115441 0.29512 -0.00204636 -0.00092486 -0.00062698
-0.0522198 0.22695 0.272391 -0.00123723 -0.00116828 -0.00042496
-0.0563963 0.286936 0.218212 -0.00085768 -0.0013145 -0.00054712
-0.0550767 0.191989 0.250994 -0.00111658 -0.00134314 -0.00075532
-0.0531504 0.226934 0.177802 -0.000545 -0.00159314 -0.00083816
-0.0531996 0.154059 0.256385 -0.00234536 -0.00159314 -0.00091092
-0.0586256 0.203632 0.164974 -0.00078606 -0.00159314 -0.0007226
-0.0535768 0.198914 0.155943 -0.00062415 -0.0017773 -0.00101172
-0.0564564 0.180693 0.131172 -0.00056132 -0.00159314 -0.00101372
-0.0613976 0.193591 0.21008 -0.00173033 -0.00116126 -0.00121203
-0.0615116 0.157493 0.278515 -0.00137751 -0.00114415 -0.00101745
-0.0671997 0.273132 0.171472 -0.0003218 -0.00160065 -0.00138119
-0.0741979 0.163784 0.277028 -0.00105114 -0.00145147 -0.00117067
-0.0672893 0.277774 0.264038 -0.00069087 -0.00143712 -0.00099026
-0.072106 0.29109 0.218068 -0.00057405 -0.00156825 -0.00142298
-0.071936 0.183491 0.219105 -0.00075658 -0.00164936 -0.00131733
-0.0652453 0.227544 0.159366 -0.00051163 -0.00168003 -0.00118891
-0.0690545 0.152963 0.197191 -0.00057348 -0.0016914 -0.00131737
-0.0686242 0.203245 0.156747 -0.00047067 -0.00169074 -0.00121623
-0.0721413 0.130143 0.179487 -0.00135889 -0.00177225 -0.00143113
-0.0690901 0.152312 0.10448 -0.00051718 -0.00175685 -0.00136212
-0.0765651 0.183337 0.187646 -0.001416 -0.0017566 -0.00147634
-0.0816501 0.14572 0.340869 -0.00129579 -0.00139879 -0.0012985
-0.0551529 0.207725 0.100594 0.00010216 -0.00098495 -0.0018338
-0.0571256 0.211206 0.0561477 -0.00208475 -0.00105388 -0.00199498
-0.0603942 0.149321 0.0490211 -0.00064819 -0.00133832 -0.0018962
-0.0591881 0.119418 0.0854012 -0.00124088 -0.00142553 -0.00158664
-0.0724613 0.145849 0.101879 -0.00168175 -0.00159486 -0.00169243
-0.0853755 0.101274 0.174412 -0.00094111 -0.00172808 -0.0017557
-0.0785638 0.214267 0.147376 -0.00146985 -0.00141495 -0.00182487
-0.0895341 0.17105 0.312732 -0.00174351 -0.00143584 -0.00193291
-0.105811 0.220885 0.362685 -0.00148928 -0.00182369 -0.0014828
-0.150723 0.360011 0.310243 -0.00173887 -0.00242996 -0.00344298
-0.182558 0.295456 0.203589 -0.001027 -0.00290019 -0.00400415
-0.176934 0.214308 0.227074 -0.00148087 -0.00247056 -0.00378103
-0.162802 0.227169 0.189854 -0.00088445 -0.0026012 -0.00385773
-0.183116 0.164742 0.247363 -0.00058893 -0.00256002 -0.00385773
-0.175079 0.224989 0.177893 -0.00033522 -0.00253124 -0.00385773
-0.181932 0.234134 0.181929 -0.00079558 -0.00238054 -0.00400595
-0.175018 0.210567 0.121061 -7.909e-05 -0.00260797 -0.00392616
-0.178356 0.200675 0.194849 -0.00073771 -0.00257545 -0.00385773
-0.203933 0.187229 0.232885 -0.00142023 -0.00277268 -0.00417504
-0.193916 0.280354 0.155652 -0.00071327 -0.0031177 -0.00470124
-0.198677 0.199384 0.182885 -0.00106752 -0.00288148 -0.00447331
-0.200634 0.204682 0.185167 -0.00181621 -0.00317521 -0.00462515
-0.202063 0.176638 0.151578 -0.00092774 -0.00320098 -0.0048288
-0.202483 0.188498 0.138177 -0.00091029 -0.00300057 -0.00497438
-0.203344 0.182532 0.122424 -0.00063797 -0.00311244 -0.00505741
-0.194857 0.166976 0.102721 -0.00050745 -0.00286621 -0.0049013
-0.202244 0.173112 0.176742 -0.00125751 -0.00254535 -0.00475021
-0.199187 0.181105 0.196597 -0.0008977 -0.00277557 -0.00476059
-0.19559 0.2615 0.130045 -0.00068315 -0.00283236 -0.00475692
-0.188296 0.177247 0.17505 -0.00062906 -0.00281575 -0.0044107
-0.17491 0.278916 0.118573 -0.00063238 -0.00285227 -0.0049013
-0.184118 0.161904 0.1932 -0.00158135 -0.00254532 -0.00435454
-0.185075 0.224564 0.0864693 -0.00052368 -0.00243333 -0.00490181
-0.184217 0.154602 0.227113 -0.00176897 -0.00306476 -0.00415355
-0.191977 0.222302 0.166149 -0.00059184 -0.00297732 -0.00457864
-0.193228 0.240851 0.149621 -0.00080449 -0.0030443 -0.00498028
-0.185955 0.156186 0.140817 -0.0008181 -0.00326934 -0.00440228
-0.192396 0.230615 0.156449 -0.00125098 -0.00304847 -0.00454337
-0.197011 0.163509 0.255071 -0.00096337 -0.00284453 -0.00469579
-0.202214 0.293891 0.192914 -0.00085933 -0.00289547 -0.00498028
-0.205828 0.233961 0.206584 -0.0009805 -0.00294186 -0.00498028
-0.204308 0.213537 0.189013 -0.00070113 -0.00284172 -0.00498028
-0.195299 0.229273 0.210189 -0.00157039 -0.00266371 -0.00485664
-0.198237 0.183509 0.191606 -0.00068169 -0.00284973 -0.00498029
-0.198212 0.242407 0.19878 -0.00147 -0.00247356 -0.00507074
-0.19801 0.153344 0.227267 -0.00123773 -0.00287529 -0.0048122
-0.208228 0.245563 0.172024 -0.00030258 -0.0028577 -0.00526276
-0.203851 0.149466 0.243423 -0.00147228 -0.00292052 -0.00481287
-0.203396 0.268042 0.146019 -0.00020518 -0.00291709 -0.00517261
-0.201291 0.173995 0.247213 -0.00065501 -0.00287265 -0.00498029
-0.204304 0.304334 0.229672 -0.00048785 -0.00264586 -0.00524521
-0.208317 0.257521 0.23922 -0.00145404 -0.00279526 -0.00537677
-0.213847 0.199685 0.263608 -0.00095435 -0.00284282 -0.00519843
-0.214114 0.26997 0.203178 -0.00059151 -0.00310641 -0.00526595
-0.209829 0.181413 0.225662 -0.0003612 -0.00317177 -0.00498029
-0.19446 0.257869 0.177852 -0.00051946 -0.00302836 -0.00498029
-0.210213 0.172114 0.282601 -0.00105993 -0.00259061 -0.00498029
-0.19957 0.238346 0.170088 -4.481e-05 -0.00298717 -0.00498029
-0.207261 0.184469 0.223704 -0.00033639 -0.00319598 -0.0048513
-0.198014 0.222968 0.182937 1.92e-05 -0.00306425 -0.00498029
-0.199464 0.269895 0.15886 5.384e-05 -0.00324741 -0.00525965
-0.200517 0.200094 0.197162 -2.263e-05 -0.00311036 -0.0049803
-0.201623 0.24686 0.198925 -0.00105238 -0.00329608 -0.00528137
-0.206527 0.17267 0.19771 -6.817e-05 -0.00333721 -0.0049803
-0.195972 0.241588 0.180036 -0.00072211 -0.00302116 -0.0049803
-0.199544 0.167537 0.239404 -0.00107779 -0.00305321 -0.00492788
-0.201966 0.262092 0.135426 5.726e-05 -0.00331869 -0.00550279
-0.208786 0.151921 0.290592 -0.00121099 -0.00295182 -0.0050841
-0.210867 0.270042 0.24631 -0.00093577 -0.00257915 -0.00540356
-0.210553 0.249745 0.211927 -0.00080559 -0.00313906 -0.00527381
-0.202695 0.225488 0.181749 -4.03e-06 -0.00333855 -0.0052036
-0.215083 0.276565 0.187547 -0.00011841 -0.00343177 -0.00564548
-0.214489 0.186185 0.209616 -9.45e-05 -0.00350033 -0.00530044
-0.215019 0.266092 0.178989 -1.228e-05 -0.00350033 -0.00558939
-0.225295 0.184972 0.241878 -0.00037622 -0.00341569 -0.00540356
-0.226239 0.252817 0.219063 -0.00061422 -0.00316951 -0.00562857
-0.226476 0.187882 0.23497 -0.00035655 -0.00365496 -0.00552643
-0.218349 0.251677 0.193529 0.00017258 -0.00360591 -0.00554339
-0.221066 0.237281 0.219296 0.00017062 -0.00359125 -0.00540356
-0.200672 0.195589 0.28071 8.86e-05 -0.00333884 -0.0049966
-0.209728 0.334857 0.214896 0.00013357 -0.0034514 -0.00540356
-0.214707 0.253202 0.23703 -0.00019666 -0.00316119 -0.00540356
-0.213089 0.235666 0.226337 8.391e-05 -0.00336198 -0.00521473
-0.220018 0.247271 0.191894 0.00030808 -0.00340713 -0.00556074
-0.227512 0.189959 0.221359 0.00030103 -0.00350043 -0.00540356
-0.22266 0.215782 0.218421 -0.00043094 -0.00302729 -0.00540356
-0.21915 0.190367 0.216492 0.00017557 -0.00359308 -0.00540356
-0.216378 0.210897 0.207732 9.183e-05 -0.00315874 -0.00520821
-0.218597 0.249878 0.213173 0.00020626 -0.00343 -0.00529192
-0.221711 0.200936 0.23314 0.00038659 -0.00331874 -0.00535258
-0.226296 0.320089 0.200722 8.339e-05 -0.00331772 -0.00540356
-0.225259 0.207724 0.232595 0.00031461 -0.00320972 -0.00525128
-0.217543 0.289005 0.211751 -0.00013193 -0.00323468 -0.00540356
-0.227684 0.237464 0.204887 0.00075081 -0.00366279 -0.00553283
-0.219986 0.209719 0.184238 0.00046197 -0.00335591 -0.00540356
-0.217246 0.209494 0.206685 0.00012252 -0.00323515 -0.00548976
-0.217083 0.15482 0.248735 0.00039045 -0.00310656 -0.00497277
-0.217391 0.299381 0.191913 0.0007643 -0.00352443 -0.00549271
-0.214411 0.238289 0.211469 0.00038892 -0.00352443 -0.00540356
-0.212049 0.220647 0.234015 0.00031413 -0.00319578 -0.00540356
-0.227432 0.340958 0.176726 0.00073915 -0.00352443 -0.00568394
-0.225753 0.206795 0.282645 -0.000459 -0.00294317 -0.00548547
-0.227454 0.285581 0.224202 0.00085193 -0.00310932 -0.00553689
-0.23163 0.291691 0.215173 0.00062073 -0.00330387 -0.00573945
-0.231091 0.190519 0.242767 0.00064157 -0.00337684 -0.00539261
-0.228493 0.291751 0.210367 0.0008318 -0.00340419 -0.00573238
-0.231778 0.214583 0.236064 0.00072868 -0.00349465 -0.00574709
-0.22943 0.241069 0.185804 0.00091877 -0.00362233 -0.00585225
-0.231663 0.202716 0.243018 0.00064455 -0.0035304 -0.00567126
-0.224985 0.252224 0.213504 0.00087167 -0.0035714 -0.00570244
-0.232001 0.242499 0.216841 0.00066612 -0.00356176 -0.00585224
-0.219279 0.233278 0.181479 0.00078221 -0.00342391 -0.00564432
-0.228973 0.254223 0.239314 -8.656e-05 -0.00312221 -0.00574275
-0.227563 0.198511 0.254341 0.00044294 -0.00321171 -0.00547985
-0.227219 0.344435 0.196597 0.00092618 -0.00348309 -0.00578296
-0.229242 0.259762 0.219174 0.00041034 -0.00316359 -0.00570203
-0.228093 0.226198 0.229464 0.00029062 -0.00327724 -0.00574268
-0.220897 0.289347 0.164733 0.00086801 -0.00343163 -0.0057023
-0.221178 0.174643 0.250451 0.00033455 -0.00380367 -0.00548325
-0.214537 0.28296 0.239473 -0.00041368 -0.00313803 -0.00566318
-0.22507 0.291879 0.192232 0.00066677 -0.00374354 -0.00585224
-0.216288 0.217457 0.174999 0.00104323 -0.00322874 -0.00569474
-0.208644 0.237751 0.161068 -0.00058093 -0.00285238 -0.00562218
-0.217221 0.167451 0.147373 0.00012979 -0.0028892 -0.00551663
-0.0443578 0.0893416 0.131911 0.00493113 -0.00348225 -0.0183543
0.00266254 0.0692952 -0.11141 0.00712513 0.00150314 -0.00899152
-0.109229 0.141188 0.209481 0.00485387 0.00026764 -0.00975958
-0.130334 0.28348 0.20278 0.00390203 -0.00038474 -0.0101584
-0.143798 0.330267 0.183675 0.00406812 -0.00070753 -0.0109608
-0.133731 0.255524 0.265267 0.00459055 -0.00059801 -0.0101403
-0.152254 0.326803 0.223258 0.00533241 -0.00124465 -0.0109111
-0.152746 0.238347 0.297388 0.00476655 -0.00142632 -0.0106867
-0.140857 0.258545 0.261722 0.00480751 -0.0009822 -0.0103067
-0.138611 0.255538 0.238969 0.00482075 -0.00117632 -0.0103737
-0.146516 0.148262 0.303452 0.00481454 -0.00193701 -0.00992697
-0.136117 0.295367 0.23875 0.00393936 -0.00155193 -0.00991682
-0.139452 0.290816 0.225331 0.00426139 -0.00135308 -0.00998195
-0.129349 0.20122 0.195883 0.00407594 -0.00163964 -0.00962838
-0.124844 0.235992 0.0377381 0.00244895 -0.00229698 -0.00894823
-0.128171 0.203535 0.0853026 0.00193113 -0.00213495 -0.00896502
-0.112502 0.205463 0.0837299 0.00222815 -0.00206539 -0.00858667
-0.121679 0.216447 0.188261 0.00237727 -0.0024393 -0.00843305
-0.130037 0.257813 0.274596 0.00290971 -0.00270647 -0.00847117
-0.129078 0.377987 0.203112 0.00270226 -0.00225572 -0.00936044
-0.128102 0.276617 0.220314 0.0029547 -0.00265924 -0.00887652
-0.122891 0.308507 0.173197 0.00262262 -0.00212233 -0.00897154
-0.126448 0.250647 0.223645 0.00307497 -0.00240318 -0.00866441
-0.115963 0.285195 0.182068 0.00246197 -0.00225015 -0.00869635
-0.119769 0.271885 0.206173 0.00304547 -0.00232407 -0.00877274
-0.118023 0.254776 0.245774 0.00349027 -0.00195572 -0.00883431
-0.116334 0.325605 0.189417 0.00270019 -0.00226475 -0.00893913
-0.124789 0.205712 0.156924 0.0021407 -0.00226475 -0.00808658
-0.119224 0.227898 0.126382 0.00208862 -0.00201475 -0.00809383
-0.115516 0.223545 0.126427 0.00224268 -0.00175197 -0.00829724
-0.116714 0.188059 0.132794 0.00245701 -0.00188903 -0.00819403
-0.113873 0.231633 0.129544 0.00252953 -0.00152729 -0.00800195
-0.106742 0.142041 0.268949 0.00333899 -0.00195579 -0.00765947
-0.0942072 0.270556 0.319822 0.00294919 -0.00128011 -0.00794925
-0.116863 0.553068 0.267256 0.00282973 -0.00182092 -0.0087604
-0.102276 0.481707 0.192147 0.00245022 -0.00219295 -0.00855699
-0.104221 0.347964 0.172606 0.0023376 -0.00197204 -0.00816439
-0.100667 0.232807 0.141935 0.00198471 -0.00200574 -0.00747052
-0.100382 0.167009 0.147442 0.00183394 -0.00211754 -0.00722838
-0.108132 0.121027 0.151685 0.00197722 -0.00184004 -0.00739247
-0.111278 0.138451 0.158726 0.0021572 -0.00184004 -0.00767042
-0.108415 0.179559 0.154822 0.00212015 -0.00166963 -0.0074661
-0.115309 0.207433 0.181425 0.00236367 -0.00194162 -0.00790033
-0.10497 0.289725 0.174484 0.00248546 -0.00184004 -0.00794079
-0.108802 0.285215 0.174244 0.0023949 -0.00202918 -0.00783823
-0.105566 0.325244 0.16669 0.00237493 -0.00198295 -0.00812699
-0.124649 0.334812 0.296895 0.0019425 -0.00208081 -0.00819262
-0.145079 0.320498 0.314571 0.00297988 -0.00250723 -0.00841248
-0.136888 0.409681 0.245395 0.00301676 -0.00277056 -0.00891411
-0.143679 0.268873 0.301744 0.00261903 -0.00242498 -0.0083296
-0.15432 0.331383 0.284066 0.00271023 -0.00270821 -0.0087038
-0.150661 0.295088 0.23912 0.0030492 -0.00253226 -0.00877296
-0.15433 0.209278 0.245746 0.00285569 -0.002865 -0.0085313
-0.136315 0.282721 0.212694 0.00262051 -0.00257991 -0.00839834
-0.146371 0.234473 0.234374 0.00298979 -0.00259511 -0.00845425
-0.136643 0.318931 0.194128 0.00259191 -0.00232293 -0.00869239
-0.14474 0.280045 0.236615 0.00274559 -0.00232293 -0.00878441
-0.150233 0.345884 0.213756 0.00277107 -0.00252577 -0.00933307
-0.150782 0.329544 0.225003 0.00308299 -0.00266223 -0.00897771
-0.143598 0.289847 0.22806 0.00301339 -0.00254945 -0.00884346
-0.140844 0.33031 0.192204 0.00253974 -0.00211908 -0.00876319
-0.135505 0.246885 0.257829 0.00326552 -0.0024889 -0.00826667
-0.141994 0.327985 0.209771 0.00264861 -0.00275249 -0.008993
-0.146212 0.232993 0.24389 0.00314617 -0.00261426 -0.00873101
-0.143153 0.298181 0.217098 0.00266727 -0.00232008 -0.0086826
-0.138215 0.322746 0.212443 0.00292035 -0.00229355 -0.00871608
-0.144099 0.235817 0.226039 0.00297794 -0.00266309 -0.00862307
-0.140869 0.316331 0.203847 0.00269401 -0.0021153 -0.00891713
-0.150023 0.244706 0.224096 0.00302737 -0.00256432 -0.008894
-0.145477 0.319634 0.187113 0.00249508 -0.00211223 -0.00902373
-0.147998 0.235087 0.23656 0.00312779 -0.00238155 -0.00884411
-0.148664 0.3175 0.203886 0.00301767 -0.00260784 -0.00926622
-0.145967 0.280662 0.2288 0.00313556 -0.00234643 -0.00906629
-0.14514 0.319244 0.205224 0.00326552 -0.00236497 -0.00899285
-0.149711 0.308467 0.232009 0.00326552 -0.00248885 -0.00891592
-0.146175 0.297584 0.215312 0.00318839 -0.00228204 -0.00920522
-0.165293 0.295845 0.231224 0.00277374 -0.00258501 -0.00953919
-0.165066 0.262331 0.258747 0.00326552 -0.00245779 -0.00959015
-0.164696 0.371605 0.229724 0.0031956 -0.00238134 -0.00978697
-0.175902 0.256516 0.248408 0.00281667 -0.00271117 -0.00957558
-0.172216 0.35515 0.214916 0.00296809 -0.00283658 -0.0099109
-0.178365 0.309337 0.229069 0.00286792 -0.00277058 -0.00972019
-0.165704 0.309165 0.212029 0.0032104 -0.00284326 -0.00969708
-0.167354 0.311423 0.22248 0.0031348 -0.00247567 -0.00950679
-0.155695 0.270062 0.228988 0.00312752 -0.00246505 -0.0091183
-0.160869 0.349583 0.203495 0.00295666 -0.00219966 -0.00968358
-0.170355 0.256428 0.24119 0.00297408 -0.00257291 -0.0094329
-0.171108 0.352236 0.23619 0.00337684 -0.00243583 -0.00983375
-0.171066 0.316841 0.226645 0.00310036 -0.00251538 -0.00983235
-0.173793 0.298698 0.20906 0.00303405 -0.00256204 -0.00978838
-0.179618 0.339089 0.227828 0.0030411 -0.00271949 -0.0101773
-0.180818 0.280567 0.23665 0.00312819 -0.00246355 -0.0100606
-0.186407 0.324965 0.22561 0.00300586 -0.00271752 -0.0102691
-0.183202 0.263392 0.259496 0.00335554 -0.00284372 -0.00992233
-0.170644 0.338062 0.219779 0.00298074 -0.00242989 -0.00983551
-0.174622 0.312357 0.236451 0.00336991 -0.00245535 -0.00986469
-0.182907 0.254023 0.29252 0.00349551 -0.00273764 -0.0097145
-0.177627 0.404015 0.228121 0.00307795 -0.00238779 -0.0102809
-0.175558 0.378318 0.188293 0.00274265 -0.0023981 -0.0101666
-0.178743 0.299044 0.184064 0.00267741 -0.00230657 -0.0102839
-0.190833 0.254586 0.259096 0.00329619 -0.00265555 -0.00996945
-0.199118 0.386802 0.218716 0.0028664 -0.00265325 -0.0106194
-0.201371 0.293354 0.233515 0.00294346 -0.00276885 -0.0103676
-0.197414 0.284226 0.255394 0.00338767 -0.0026208 -0.0101341
-0.202445 0.405485 0.235093 0.00296611 -0.00270147 -0.0109029
-0.205525 0.313516 0.253343 0.00329182 -0.0028323 -0.0107618
-0.217681 0.346346 0.227779 0.00316059 -0.00250176 -0.0110176
-0.208232 0.370969 0.23983 0.00342862 -0.00255748 -0.0109012
-0.199726 0.299496 0.237417 0.00312958 -0.00250739 -0.010614
-0.205363 0.345151 0.222495 0.00349551 -0.00238658 -0.0108475
-0.217082 0.272298 0.234648 0.00326909 -0.00249003 -0.0107761
-0.212836 0.323738 0.194961 0.00304369 -0.00293079 -0.0108243
-0.206543 0.276866 0.229836 0.00290542 -0.00285863 -0.0107626
-0.204011 0.326292 0.213538 0.00306808 -0.00270833 -0.0107662
-0.207554 0.310315 0.236891 0.0032005 -0.00292505 -0.0109052
-0.220206 0.307079 0.245607 0.00353089 -0.00256656 -0.0105988
-0.210512 0.370778 0.211411 0.00269668 -0.00303347 -0.0108021
-0.217648 0.265616 0.226101 0.00323991 -0.00305811 -0.0107124
-0.21895 0.354251 0.208681 0.00305385 -0.00288961 -0.0109693
-0.216929 0.268574 0.263571 0.00345913 -0.00285636 -0.010799
-0.213196 0.401607 0.216333 0.00288866 -0.00269092 -0.0110171
-0.209487 0.310476 0.225452 0.00274552 -0.00281253 -0.0107191
-0.207068 0.31773 0.216626 0.00310473 -0.00242977 -0.0107784
-0.208037 0.325806 0.233984 0.00313506 -0.00280562 -0.0108409
-0.203564 0.270737 0.233778 0.00300175 -0.00258842 -0.0106363
-0.19635 0.34545 0.183236 0.00325205 -0.00280164 -0.0108759
-0.204865 0.262019 0.225944 0.0033571 -0.00250773 -0.0103863
-0.204545 0.327589 0.180094 0.00311321 -0.00260269 -0.0107945
-0.216662 0.289482 0.245949 0.0029744 -0.00282658 -0.0108162
-0.216843 0.35618 0.229139 0.00338366 -0.00255721 -0.0111346
-0.222265 0.339585 0.22826 0.00293928 -0.00289378 -0.0110728
-0.226599 0.292935 0.25813 0.00335466 -0.00314277 -0.0113553
-0.227656 0.379568 0.215511 0.00306939 -0.00339029 -0.0115122
-0.221285 0.272814 0.242782 0.00318329 -0.00307437 -0.0110399
-0.212492 0.345152 0.203485 0.00306048 -0.00279101 -0.0111003
-0.212671 0.285053 0.228299 0.00323882 -0.00297649 -0.0108213
-0.209968 0.33215 0.191891 0.00310074 -0.00280242 -0.0109477
-0.215471 0.307554 0.235817 0.0032031 -0.00280479 -0.0110156
-0.215722 0.304566 0.241737 0.00303248 -0.00302849 -0.0112361
-0.220449 0.346355 0.219681 0.00305412 -0.00315633 -0.0112056
-0.213689 0.289142 0.221371 0.00285775 -0.0029669 -0.0112097
-0.215058 0.370505 0.204863 0.00320571 -0.00302517 -0.0112745
-0.209362 0.286371 0.240946 0.00340887 -0.0026853 -0.0108526
-0.204934 0.372563 0.203228 0.00324293 -0.00266125 -0.0111281
-0.209392 0.272542 0.25655 0.00350223 -0.00271113 -0.010729
-0.209664 0.376003 0.230226 0.00378696 -0.00307232 -0.0111165
-0.208809 0.331337 0.237746 0.00326219 -0.00262165 -0.010881
-0.217721 0.273454 0.25244 0.00363791 -0.0026477 -0.0105189
-0.219983 0.360942 0.217875 0.00324737 -0.00306022 -0.0114253
-0.226544 0.238661 0.280883 0.00403503 -0.00334472 -0.0111816
-0.228113 0.404347 0.256199 0.00348312 -0.00296386 -0.0115982
-0.229442 0.348236 0.229447 0.00343094 -0.00295184 -0.0113517
-0.212512 0.292704 0.23333 0.00337078 -0.00288872 -0.0106253
-0.21387 0.352032 0.208671 0.00336545 -0.00260428 -0.0109086
-0.21877 0.251415 0.296501 0.00385259 -0.00353496 -0.011032
-0.220167 0.402797 0.277965 0.0039111 -0.00270533 -0.0112788
-0.208126 0.421203 0.263461 0.00389724 -0.00291204 -0.0108437
-0.199931 0.30162 0.27041 0.00371272 -0.0028695 -0.0103221
-0.197099 0.351061 0.231055 0.00350195 -0.00275741 -0.0104353
-0.200935 0.304384 0.254203 0.00355537 -0.00265193 -0.0103221
-0.191895 0.307448 0.225306 0.00379822 -0.00240869 -0.0100526
-0.171426 0.295216 0.229584 0.00343991 -0.00292118 -0.00912383
-0.157235 0.170209 0.363686 0.00299134 -0.00278312 -0.00814804
-0.135088 0.223343 0.537762 0.00417752 -0.00217792 -0.00761974
-0.137271 0.637898 0.373933 0.00554845 -0.00217125 -0.00802775
-0.145996 0.666834 0.29997 0.00483845 -0.00215809 -0.00833837
-0.160333 0.507251 0.261547 0.0047197 -0.00245283 -0.00860385
-0.160227 0.359886 0.227119 0.00427071 -0.00266959 -0.00849605
-0.159739 0.235269 0.219107 0.00433705 -0.00266313 -0.0082359
-0.159172 0.162304 0.203829 0.00433284 -0.00255678 -0.00795475
-0.159418 0.140916 0.1953 0.00474823 -0.00243102 -0.00815363
-0.166021 0.160661 0.216277 0.00448611 -0.00260794 -0.00850812
-0.181124 0.19733 0.338355 0.00495201 -0.00299648 -0.00748454
-0.164158 0.297554 0.582146 0.0113632 -0.00317197 0.0048211
-0.193385 0.408981 0.547978 0.0147151 -0.00347139 0.00230604
-0.233867 0.600512 1.92566 0.0581446 -0.00598219 0.00582397
-0.214527 0.981677 1.32911 0.0608894 -0.00568482 0.0023216
-0.204362 0.926256 0.834351 0.0587445 -0.0056193 0.00117338
-0.224455 0.977475 1.20752 0.0541948 -0.00498324 -2.655e-05
-0.193039 1.03631 1.48814 0.0498456 -0.00389618 0.00064138
-0.192051 1.10555 1.33994 0.049522 -0.00340843 0.00085137
-0.187665 0.980697 1.26119 0.0493704 -0.00397854 0.00082015
-0.188855 0.861702 1.14385 0.0492938 -0.00431046 0.0008876
-0.195725 0.864469 1.15834 0.0479513 -0.00485487 0.00057701
-0.202362 0.898101 1.3688 0.0493615 -0.00444281 0.00075866
-0.190869 0.996922 1.19784 0.0492746 -0.0047136 0.00089323
-0.18642 0.990261 1.12598 0.0479871 -0.00435888 0.0006932
-0.186239 1.01658 1.11795 0.0481175 -0.0045732 0.0008527
-0.195289 1.07571 1.19898 0.048415 -0.00443335 0.00027423
-0.206257 1.0862 1.24124 0.0483964 -0.00434455 6.447e-05
-0.214244 1.11192 1.19285 0.048469 -0.00469299 0.00034552
-0.216263 1.011 1.19079 0.0478908 -0.00413194 -0.00020845
-0.23571 0.968379 1.32987 0.0471854 -0.00355539 -0.00043778
-0.238185 1.09626 1.22212 0.0471366 -0.0043734 -0.00091832
-0.242443 0.992284 1.19512 0.0468126 -0.00490256 -0.00091029
-0.239397 0.974856 1.16494 0.0466375 -0.00449564 -0.00106955
-0.245732 0.978992 1.15842 0.0463068 -0.00489324 -0.00106955
-0.248788 0.944634 1.18187 0.0465571 -0.00493356 -0.00106955
-0.252836 1.03484 1.14605 0.0467373 -0.00535743 -0.00106955
-0.250777 0.989739 1.30939 0.0465429 -0.00413692 -0.00106955
-0.253453 1.1213 1.20955 0.0461747 -0.00503783 -0.00106955
-0.249718 1.07856 1.1936 0.0457456 -0.00544976 -0.00106955
-0.249773 1.07296 1.16717 0.0453986 -0.00566115 -0.00106955
-0.262152 1.03002 1.18073 0.0454029 -0.00549886 -0.00115277
-0.267078 1.02378 1.1651 0.0460934 -0.00574824 -0.00136283
-0.278269 1.02874 1.24147 0.0451525 -0.00512178 -0.00199047
-0.279623 1.01112 1.27796 0.0453592 -0.00465296 -0.00199047
-0.279267 1.08027 1.20089 0.044815 -0.00465834 -0.00199047
-0.28407 0.989688 1.23963 0.0453015 -0.0049699 -0.00199047
-0.278676 1.07955 1.16623 0.0454481 -0.00513815 -0.00199047
-0.280437 1.02675 1.21193 0.0454295 -0.00513815 -0.00218662
-0.284347 1.06976 1.15077 0.045562 -0.00531975 -0.00217798
-0.287103 0.989742 1.19269 0.045637 -0.00530414 -0.00223803
-0.292584 1.08204 1.12516 0.0461782 -0.00570153 -0.00245232
-0.296677 1.00436 1.2237 0.0450648 -0.00481959 -0.00254363
-0.306808 1.07872 1.18348 0.0458049 -0.00524658 -0.00283345
-0.306763 1.01434 1.21526 0.0454208 -0.00431754 -0.00290529
-0.307877 1.04581 1.23661 0.0449104 -0.00472564 -0.00283345
-0.308276 1.09957 1.19815 0.0453504 -0.00531917 -0.00363285
-0.294715 1.00643 1.2306 0.0452586 -0.00504948 -0.00304534
-0.299714 1.10185 1.17442 0.0462891 -0.00527267 -0.00307432
-0.309651 1.0101 1.22946 0.0459037 -0.00528112 -0.00324364
-0.303657 1.0723 1.20557 0.0459592 -0.0051163 -0.00312431
-0.306457 1.05005 1.21637 0.0454725 -0.00515157 -0.00322994
-0.309238 1.05106 1.18713 0.0461602 -0.00575912 -0.0029887
-0.308363 1.05253 1.19779 0.0463411 -0.00553765 -0.00340119
-0.310144 1.05637 1.21824 0.045723 -0.00528112 -0.00339251
-0.304892 1.04841 1.22183 0.0449252 -0.0052012 -0.00328229
-0.298659 1.05082 1.22973 0.0449307 -0.00448367 -0.00306868
-0.299537 1.09533 1.1379 0.0458713 -0.00397679 -0.00322755
-0.309251 0.984021 1.11649 0.0462405 -0.00499297 -0.00353229
-0.304742 0.956899 1.21556 0.0462114 -0.00457762 -0.00318118
-0.298816 1.11258 1.13195 0.0465437 -0.00457762 -0.00353229
-0.307768 1.02944 1.19892 0.0460586 -0.00450054 -0.00353229
-0.304771 1.03981 1.23567 0.0464859 -0.0045956 -0.00290959
-0.302274 1.14209 1.19184 0.0465167 -0.00457762 -0.00353229
-0.313461 1.02953 1.23085 0.0466257 -0.00457762 -0.00396825
-0.313229 1.08681 1.16194 0.047179 -0.00434377 -0.00396825
-0.321282 1.0217 1.18872 0.0472754 -0.0050612 -0.00396825
-0.317996 1.04909 1.15477 0.0474208 -0.00465251 -0.00396825
-0.329955 1.01755 1.16589 0.0478142 -0.00464087 -0.00435145
-0.315114 1.02482 1.1245 0.0472188 -0.00429225 -0.00396825
-0.31528 0.977162 1.22444 0.0470346 -0.00359333 -0.00405874
-0.320107 1.08519 1.14881 0.047618 -0.00425795 -0.0041743
-0.323131 1.03988 1.16804 0.0472717 -0.00403862 -0.00440238
-0.317097 1.01318 1.23115 0.0470036 -0.00403862 -0.00440238
-0.318029 1.17484 1.15816 0.0473128 -0.00403862 -0.00464929
-0.336355 1.05292 1.21592 0.0471527 -0.00403862 -0.00481589
-0.329516 1.10132 1.13316 0.0470679 -0.00422127 -0.00495337
-0.332216 1.02099 1.22055 0.0467615 -0.00403862 -0.00501973
-0.326593 1.0784 1.16072 0.0470587 -0.00403862 -0.00539115
-0.328839 1.02681 1.18949 0.0471914 -0.00403862 -0.0053643
-0.333746 1.0529 1.18887 0.047045 -0.00403862 -0.00536444
-0.323701 1.04763 1.17947 0.0473572 -0.00376139 -0.00495337
-0.321659 0.975196 1.24758 0.0476759 -0.00255086 -0.00434865
-0.315645 1.20224 1.18937 0.0471695 -0.00333982 -0.00511145
-0.329707 1.11129 1.22221 0.0478074 -0.00260792 -0.00478851
-0.316395 1.11434 1.15661 0.0481013 -0.00243144 -0.00479608
-0.315786 1.07929 1.17169 0.0477213 -0.00288002 -0.00495337
-0.309762 1.04135 1.18517 0.0477445 -0.00252026 -0.00535359
-0.32455 1.02205 1.1715 0.0482674 -0.00201387 -0.00535359
-0.31348 0.987951 1.1782 0.0474201 -0.00216045 -0.00493768
-0.326793 1.05188 1.18242 0.0481716 -0.00243867 -0.00535359
-0.333244 0.983725 1.3179 0.0475672 -0.00171842 -0.00502155
-0.33028 1.2038 1.25145 0.0477492 -0.00187186 -0.00535359
-0.333122 1.12016 1.29689 0.0465083 -0.00126807 -0.00494202
-0.328613 1.11615 1.20696 0.0479585 -0.00166503 -0.00555201
-0.330273 1.10648 1.21573 0.0471586 -0.00213923 -0.00532259
-0.331831 1.01927 1.318 0.0465532 -0.00112091 -0.00427065
-0.332726 1.12035 1.24285 0.047779 -0.0016463 -0.00470226
-0.337883 1.01324 1.29367 0.0475442 -0.00162315 -0.00540449
-0.332643 1.08805 1.22853 0.0475574 -0.00186479 -0.00468082
-0.335743 1.00182 1.29523 0.0473996 -0.00130573 -0.00449463
-0.325638 1.08618 1.20115 0.0487334 -0.00223269 -0.00488306
-0.332529 1.04773 1.24559 0.0475346 -0.00228055 -0.00449112
-0.319105 1.09475 1.21043 0.0476969 -0.00194658 -0.0045434
-0.324608 1.10808 1.24222 0.0468001 -0.00165039 -0.00426411
-0.31023 1.06483 1.25328 0.0474615 -0.00165934 -0.00458206
-0.294411 1.15511 1.18697 0.0473795 -0.00166924 -0.00458588
-0.311708 1.03635 1.25213 0.0473014 -0.00179628 -0.0043511
-0.308121 1.11044 1.17732 0.048004 -0.00188453 -0.00440668
-0.315489 1.00197 1.25287 0.047368 -0.00129405 -0.00425053
-0.312824 1.07877 1.16661 0.0482616 -0.00247488 -0.00485506
-0.312891 0.989229 1.21919 0.047956 -0.00264366 -0.00463717
-0.329429 1.13114 1.16486 0.0486852 -0.00238075 -0.00471314
-0.320812 1.04592 1.22806 0.0474178 -0.00280458 -0.00551449
-0.321553 1.12065 1.19177 0.0470662 -0.00222576 -0.00529463
-0.321986 1.077 1.24845 0.0473768 -0.00245405 -0.00464988
-0.316294 1.10853 1.21317 0.0484447 -0.00211828 -0.00495231
-0.315223 1.09699 1.22232 0.0480111 -0.00228505 -0.00484368
-0.309412 1.03292 1.20163 0.0477529 -0.00165752 -0.00457097
-0.313982 1.07888 1.16091 0.0482062 -0.00280636 -0.00462687
-0.305883 1.03424 1.22352 0.0478745 -0.00252747 -0.00427852
-0.310062 1.12528 1.18386 0.0486247 -0.00203036 -0.00434734
-0.301611 1.04001 1.2464 0.0486618 -0.0026435 -0.00458515
-0.30304 1.14951 1.18859 0.048761 -0.00227769 -0.00458515
-0.309329 1.08553 1.27985 0.0477854 -0.00199473 -0.00429737
-0.303406 1.13436 1.24717 0.0480995 -0.00178177 -0.00466263
-0.302246 1.17361 1.20168 0.0481196 -0.00230576 -0.00470077
-0.309506 1.0631 1.24622 0.0484058 -0.00186837 -0.0043654
-0.309801 1.15655 1.20181 0.0478591 -0.00195745 -0.00452469
-0.305825 1.03682 1.22971 0.0488398 -0.00243863 -0.00445378
-0.303452 1.12646 1.17541 0.0487975 -0.00258636 -0.00454924
-0.298158 1.03505 1.20127 0.048631 -0.00309204 -0.00470369
-0.30561 1.12086 1.13366 0.0483694 -0.0032625 -0.00487315
-0.313835 1.04835 1.23781 0.0482259 -0.002509 -0.00488401
-0.313484 1.14297 1.18893 0.0487301 -0.00255512 -0.00496451
-0.317749 1.10362 1.24483 0.0482514 -0.00240661 -0.00487791
-0.311712 1.13242 1.20406 0.0490586 -0.0022131 -0.00463237
-0.313167 1.12963 1.20999 0.0482045 -0.00257619 -0.00484793
-0.319847 1.06717 1.26896 0.0482646 -0.0017164 -0.00413363
-0.320908 1.17496 1.19588 0.0488323 -0.00255229 -0.00476115
-0.32719 1.05887 1.24301 0.0483854 -0.00195294 -0.00457667
-0.327621 1.16764 1.20668 0.0486079 -0.00204035 -0.00480102
-0.317022 1.06913 1.23497 0.0483155 -0.0022611 -0.00480957
-0.317843 1.12535 1.19022 0.0482099 -0.00210376 -0.00442661
-0.311604 1.03892 1.26464 0.0477557 -0.00218811 -0.00471341
-0.308549 1.13231 1.20821 0.0485181 -0.00225503 -0.00466802
-0.308646 1.12576 1.23298 0.0484646 -0.00255229 -0.00471458
-0.303876 1.13862 1.19027 0.0484751 -0.00242501 -0.00482183
-0.309056 1.09237 1.26305 0.048656 -0.00255229 -0.00487063
-0.273134 1.04813 1.16054 0.049896 -0.00101744 -0.00436698
-0.28077 1.11263 1.14803 0.0486365 0.00025542 -0.00416383
-0.277296 1.01475 1.0854 0.0493316 -0.00092253 -0.00381706
-0.27914 1.00378 1.27406 0.0486597 -0.00065701 -0.00338191
-0.288758 1.15529 1.30869 0.0470664 0.00057932 -0.00341531
-0.293587 1.17703 1.20508 0.0475983 0.00010954 -0.00363901
-0.285274 1.05312 1.21804 0.047681 -0.00032304 -0.003138
-0.282493 1.14244 1.16191 0.0484748 -0.00069675 -0.00330763
-0.286463 1.06126 1.1961 0.0490454 -0.00068045 -0.00348287
-0.2913 1.12374 1.14894 0.0487292 -0.00081331 -0.00372002
-0.278784 1.05134 1.21545 0.0487186 -0.00089095 -0.00330024
-0.270023 1.11074 1.18088 0.0489808 -0.00091783 -0.00283219
-0.270555 1.14182 1.12282 0.0485816 -0.00119649 -0.00309779
-0.270096 1.06606 1.15605 0.0485236 -0.00128254 -0.00286416
-0.270908 1.13563 1.09998 0.0488015 -0.00099306 -0.0032487
-0.270594 1.06675 1.16308 0.0485955 -6e-05 -0.00305615
-0.268225 1.10176 1.1148 0.0486254 -0.00045761 -0.0032667
-0.26926 1.04588 1.13746 0.0487156 -0.0005868 -0.00344977
-0.271518 1.08148 1.09219 0.0491968 -0.00040151 -0.00350883
-0.271574 1.04031 1.13771 0.0494605 0.00023005 -0.00347495
-0.272681 1.08386 1.18511 0.0496349 -0.00023396 -0.00399606
-0.271738 1.09141 1.08851 0.0494345 -0.00066918 -0.00358258
-0.277851 1.00416 1.05273 0.0487141 -0.00092312 -0.00325374
-0.269421 1.06376 0.985538 0.0493213 -0.00089809 -0.00353797
-0.271781 1.00293 1.05266 0.0495892 -0.001351 -0.00356988
-0.266433 1.06885 1.00181 0.0502055 -0.00126184 -0.00353652
-0.276909 1.0078 1.16633 0.0489888 -0.00030769 -0.00332881
-0.279385 1.10096 1.19389 0.047582 -0.00036264 -0.00337251
-0.270463 1.15353 1.08352 0.0488659 -0.00141652 -0.00339005
-0.275376 1.0181 1.09828 0.0500645 -0.00079723 -0.00323538
-0.254291 1.09479 1.02496 0.0490273 -0.0013989 -0.00303391
-0.252012 1.00172 1.15255 0.0493563 -0.00139693 -0.00252
-0.253027 1.11164 1.11955 0.0492134 -0.00167536 -0.00241654
-0.235708 1.11096 1.04292 0.0490256 -0.00197156 -0.00229716
-0.255556 1.02703 1.22929 0.04909 -0.00016998 -0.00244714
-0.255918 1.15655 1.13323 0.0488701 -0.00082609 -0.00268269
-0.256455 1.12519 1.10105 0.0493536 -0.00110348 -0.00290019
-0.253674 1.04136 1.1246 0.0490697 -0.00114022 -0.00282708
-0.256635 1.13 1.08441 0.0496066 -0.00142872 -0.00296997
-0.256681 1.04616 1.11655 0.0489716 -0.00050385 -0.00299187
-0.256785 1.04995 1.09677 0.0493403 -0.00091204 -0.00303291
-0.256927 1.07349 1.07479 0.0500324 -0.00118822 -0.00308827
-0.267556 1.0038 1.11058 0.0504977 -0.00069361 -0.00307449
-0.268817 1.10172 1.07987 0.0502851 -0.00070012 -0.00355137
-0.27164 1.06113 1.1493 0.0496325 -0.00068527 -0.00355593
-0.267931 1.09085 1.09485 0.0499019 -0.00066342 -0.00377469
-0.268599 1.08428 1.08469 0.049933 -0.00115311 -0.00365571
-0.27488 1.03558 1.26367 0.0497587 0.00011639 -0.00317725
-0.275187 1.17424 1.13936 0.0500641 -7.82e-06 -0.00335778
-0.259653 1.12446 1.11292 0.0502717 -0.00051581 -0.0038126
-0.265436 1.04639 1.12598 0.0502383 -0.0001765 -0.0035094
-0.256869 1.09905 1.08026 0.0504018 -0.00046736 -0.00403311
-0.265484 1.02959 1.08074 0.050323 0.00010229 -0.00365231
-0.266513 1.02557 1.14238 0.0493733 8.297e-05 -0.00359385
-0.258597 1.07352 1.08997 0.0499776 -0.00039841 -0.00379946
-0.270335 1.01837 1.14434 0.0502085 5.045e-05 -0.00348852
-0.259073 1.09252 1.06238 0.0498045 -0.00035338 -0.00396905
-0.26134 1.06662 1.12015 0.050058 -0.00024114 -0.00400405
-0.253664 1.10176 1.09931 0.0490745 7.672e-05 -0.00395342
-0.257494 1.08942 1.09941 0.0493919 -0.00025966 -0.00323906
-0.253009 1.06125 1.09115 0.049993 0.00032662 -0.00366043
-0.258599 1.10604 1.1804 0.0482763 0.00027871 -0.00372098
-0.255636 1.04115 1.36209 0.0486543 0.00035693 -0.00326809
-0.257358 1.26937 1.24032 0.0490899 0.00049064 -0.00316345
-0.258042 1.28981 1.20015 0.049555 0.00078072 -0.00345057
-0.258257 1.10643 1.2342 0.0489716 0.00076882 -0.00349199
-0.248626 1.16262 1.17124 0.0495154 0.00101965 -0.0039989
-0.251664 1.02751 1.2837 0.0492559 0.00068126 -0.00397669
-0.258909 1.11119 1.27469 0.0499789 0.00031832 -0.00398134
