0.00483379 0.181707 0.242973 0.00058202 -0.00045848 0.00087576
0.00230021 0.230042 0.270842 0.0009378 -0.00037833 0.0011083
-0.00662576 0.279563 0.281662 0.00100724 -0.00060083 0.00126815
-0.00029851 0.197576 0.311924 0.0015335 -0.00064868 0.00137191
0.00323389 0.248407 0.332527 0.00177943 -0.00072357 0.00152096
-0.00330214 0.283503 0.332435 0.0016128 -0.00071524 0.0016678
0.00825723 0.256258 0.323733 0.00152817 -0.00100779 0.00181302
0.0244848 0.240918 0.347279 0.00168196 -0.00110503 0.00208541
0.0362521 0.287492 0.354162 0.00173091 -0.0014795 0.0024724
0.154576 0.692964 0.997141 0.00082298 -0.00535836 0.00495671
0.106363 0.31187 0.668567 -8.173e-05 -0.00478597 0.00350114
0.0376044 0.122085 0.0475586 0.00112741 -0.0011168 0.00249815
0.0427473 0.137167 -0.0339963 0.0011785 -0.00157331 0.00276247
0.0443838 0.344049 0.243949 0.00229499 -0.00160904 0.00275192
0.0541111 0.301867 0.314672 0.00319474 -0.00190891 0.00281404
0.0563185 0.30005 0.300298 0.00328999 -0.00167749 0.00284531
0.0605897 0.259375 0.297266 0.00360991 -0.00124337 0.00292797
0.0614144 0.210311 0.319846 0.00375038 -0.00132056 0.00289131
0.0636181 0.253523 0.324059 0.00382124 -0.00126964 0.00292124
0.0676637 0.299238 0.28608 0.00306514 -0.00178301 0.00345936
0.0779379 0.273896 0.322859 0.00371867 -0.00163064 0.0036723
0.0744405 0.286789 0.345206 0.003869 -0.0017521 0.00323255
0.0770576 0.350994 0.323915 0.00372624 -0.00140121 0.0032755
0.0680284 0.323699 0.316789 0.00356957 -0.00153916 0.0032643
0.0708688 0.298178 0.345202 0.00398407 -0.00152897 0.00316183
0.0667265 0.339113 0.339814 0.00388484 -0.00160222 0.00323956
0.06326 0.315763 0.307636 0.00360525 -0.00138388 0.00323654
0.0678653 0.278001 0.32476 0.00379734 -0.00147927 0.0031519
0.0709515 0.310818 0.339003 0.00406917 -0.00136859 0.00313681
0.0685062 0.349363 0.33753 0.00407737 -0.00126463 0.00317039
0.0651955 0.271913 0.314114 0.00375544 -0.00127303 0.00326465
0.0729308 0.297289 0.343279 0.00405703 -0.00130722 0.00318193
0.0679267 0.343767 0.331125 0.00391944 -0.00130176 0.00322459
0.0752224 0.297951 0.353326 0.00434128 -0.00151406 0.00318938
0.0734104 0.334554 0.353344 0.00427816 -0.00128511 0.00320656
0.0683509 0.339812 0.325795 0.0039344 -0.00124231 0.00322927
0.0793526 0.308495 0.353151 0.00425353 -0.00131272 0.0031456
0.0712117 0.341593 0.342409 0.00409439 -0.00131902 0.00319204
0.0679054 0.346527 0.312799 0.00374419 -0.00125533 0.0031228
0.0760469 0.278062 0.339653 0.00407277 -0.00127547 0.00302339
0.0751095 0.337996 0.345207 0.00411461 -0.00136004 0.00309121
0.0744586 0.313912 0.315027 0.00375515 -0.00129302 0.00312447
0.0808064 0.298484 0.351504 0.00427394 -0.00132232 0.00306147
0.0757468 0.367472 0.347769 0.00405766 -0.00166869 0.00327023
0.078592 0.285893 0.337999 0.00406391 -0.00138719 0.00315982
0.0775323 0.334009 0.381375 0.00485157 -0.00130003 0.0031459
0.0691074 0.369146 0.329807 0.00408249 -0.00150576 0.00316352
0.0751026 0.294304 0.345582 0.00423834 -0.00137564 0.00317323
0.0754713 0.353501 0.360106 0.00448834 -0.00115434 0.00304041
0.0697086 0.364068 0.326833 0.00404895 -0.00120598 0.00324978
0.0776471 0.318679 0.354 0.00442337 -0.00116583 0.00308762
0.0694671 0.385262 0.35674 0.00437422 -0.00122243 0.00321595
0.0691261 0.322372 0.344238 0.00423834 -0.00134829 0.00319974
0.070476 0.328135 0.387652 0.00490819 -0.00132736 0.00320967
0.0650081 0.3841 0.346947 0.00425294 -0.00132048 0.00323139
0.0664032 0.294815 0.342766 0.00430134 -0.00129086 0.00317825
0.0690801 0.3539 0.392714 0.00501615 -0.00118504 0.00320543
0.0618974 0.386667 0.345158 0.00422683 -0.00138431 0.00328717
0.0644778 0.318329 0.371451 0.00473819 -0.00143477 0.00313959
0.0622682 0.388906 0.381401 0.00491515 -0.00116594 0.0031599
0.0563414 0.363271 0.343629 0.00438908 -0.00118667 0.00313717
0.0573459 0.342457 0.369451 0.00479868 -0.00111602 0.00311351
0.0546006 0.386456 0.377583 0.00481891 -0.00127191 0.00307377
0.0490968 0.367166 0.347259 0.00445381 -0.00109592 0.0030038
0.0540826 0.336191 0.390307 0.00505943 -0.00106622 0.00291559
0.0420498 0.399387 0.360296 0.00473819 -0.0008222 0.00274158
0.0502241 0.322177 0.35122 0.00466933 -0.00073887 0.00268432
0.0431676 0.348321 0.353987 0.00464199 -0.00081716 0.00246475
0.0410203 0.359072 0.351779 0.00473819 -0.00069353 0.00268086
0.0482437 0.334356 0.419501 0.00571959 -0.00086542 0.00257668
0.0408979 0.407598 0.40173 0.00530343 -0.00090663 0.00266137
0.039897 0.350986 0.399632 0.00553268 -0.00089437 0.00251632
0.05059 0.360457 0.44073 0.0060441 -0.00095531 0.00259301
0.0390514 0.421808 0.404999 0.00560289 -0.00084163 0.00253285
0.0434488 0.338811 0.436094 0.00590978 -0.00092254 0.00250931
0.0401897 0.402243 0.456187 0.00607975 -0.00095937 0.00256583
0.0312343 0.432185 0.464062 0.00644097 -0.00066186 0.00244537
0.0307222 0.372748 0.493798 0.00691074 -0.00063523 0.00224283
0.035848 0.423392 0.507425 0.00704266 -0.0009156 0.00239902
0.0104394 0.538594 0.631068 0.00887225 -6.115e-05 0.00156069
-0.00238259 0.450101 0.675305 0.00960574 -0.00045133 0.0019425
-0.00098608 0.476602 0.687805 0.00960228 -0.00052508 0.00193643
-0.00556419 0.523489 0.663798 0.00928842 -0.00069923 0.00199424
-0.00582681 0.442383 0.68137 0.00967205 -0.00046283 0.00188894
-0.00098968 0.478858 0.681199 0.00985705 -0.00047017 0.00183418
-0.00832328 0.533831 0.678355 0.00969629 -0.0004576 0.00193846
-0.00561111 0.48438 0.681724 0.00961231 -0.00059479 0.00194969
-0.00599917 0.493619 0.719298 0.0100229 -0.0004848 0.00180044
-0.00897575 0.546232 0.698635 0.00990916 -0.0004253 0.00186621
-0.00615736 0.463264 0.681781 0.0098148 -0.00032064 0.00175644
-0.00914567 0.516455 0.703541 0.00992524 -0.00042399 0.00178169
-0.00593456 0.512084 0.693963 0.0100396 -0.00054403 0.00183196
-0.00615298 0.444232 0.708315 0.0100445 -0.00045694 0.00174302
-0.00628552 0.51242 0.708217 0.00996083 -0.00042792 0.00168478
-0.0154588 0.487008 0.686699 0.00990991 -0.00052979 0.0017781
-0.0061353 0.466386 0.702693 0.00986624 -0.00045933 0.00175998
-0.00612739 0.529687 0.679866 0.00981227 -0.00052504 0.00175583
-0.0060287 0.454848 0.690955 0.0100719 -0.00038031 0.00180409
-0.00624875 0.491793 0.715599 0.0101079 -0.00041532 0.00169596
-0.0117621 0.551332 0.693483 0.00983008 -0.00047442 0.00170038
-0.0113821 0.451896 0.673615 0.0096988 -0.00039705 0.00162103
-0.012336 0.492485 0.692574 0.00991873 -0.00039754 0.00181438
-0.0135554 0.502843 0.676303 0.00993658 -0.00042511 0.00167979
-0.0114123 0.452782 0.693399 0.00994325 -0.00035126 0.00158271
-0.0136347 0.533536 0.664936 0.0095936 -0.00044399 0.00188317
-0.0120763 0.492787 0.673297 0.00965082 -0.00052878 0.00187836
-0.00627686 0.452662 0.719474 0.0102609 -0.00038098 0.00167122
-0.0195315 0.521923 0.708875 0.0101153 -0.00045417 0.00171363
-0.00967244 0.439449 0.703677 0.0103826 -0.00038068 0.00161069
-0.00662944 0.507254 0.70439 0.0102501 -0.0001842 0.00154776
-0.01209 0.542211 0.699991 0.010539 -0.0003481 0.00159411
-0.00637255 0.472601 0.720604 0.010686 -0.00021469 0.00165841
-0.0151712 0.538748 0.703759 0.0103883 -0.00030086 0.00156241
-0.0123819 0.475493 0.705985 0.0104759 -0.00038088 0.00174198
-0.0134293 0.467331 0.705172 0.0101256 -0.00027738 0.00154045
-0.0221582 0.503653 0.689598 0.0105174 -0.00015581 0.00149628
-0.0231449 0.420647 0.658864 0.00977186 -0.00022435 0.00156043
-0.023033 0.496471 0.691635 0.00996445 -0.00018078 0.00159458
-0.0233792 0.476923 0.672109 0.0097362 -0.0002323 0.00145225
-0.0186956 0.449053 0.699908 0.0102259 -0.00011862 0.00136298
-0.0235389 0.531836 0.682582 0.0100949 -0.00017019 0.00138955
-0.0211203 0.427021 0.613125 0.0100188 -0.00055716 0.00142263
-0.0131598 0.453576 0.648684 0.00952029 -0.00027428 0.00170346
-0.0224092 0.490541 0.655771 0.00952029 -0.00024505 0.00149526
-0.0140332 0.414736 0.677316 0.00977029 -0.00029704 0.00145648
-0.0159475 0.499789 0.618306 0.00895491 -0.00046253 0.0016259
-0.0161128 0.448696 0.653809 0.00933163 -0.00044062 0.00154012
-0.0159781 0.486671 0.693272 0.00986764 -0.00036684 0.00157552
-0.0195001 0.544477 0.67747 0.00971364 -0.00027709 0.00151239
-0.0161897 0.469433 0.693686 0.00980392 -0.00028391 0.00149175
-0.0206184 0.531127 0.725298 0.0102722 -0.00021257 0.0015045
-0.0260176 0.574476 0.675919 0.00964509 -0.00025509 0.0015717
-0.0163613 0.461304 0.696261 0.00986064 -0.00015731 0.00142656
-0.0209973 0.527111 0.730406 0.0102722 -0.00029079 0.00144415
-0.0230589 0.504091 0.683879 0.00966093 -0.00025965 0.00139756
-0.00444246 0.495248 0.725538 0.0098936 -0.00070099 0.00191938
-0.056078 0.848913 1.37783 -0.0191659 -0.00198802 0.00279358
-0.164822 0.788825 1.77708 -0.0271842 -0.00229014 0.00274378
-0.148933 0.816796 1.94006 -0.0249457 -0.00210189 0.00272095
-0.0598885 0.791912 2.03504 -0.0273545 -0.00168289 0.00287238
0.0426115 0.934085 2.02225 -0.0282033 -0.00179519 0.0041065
0.0435399 0.917229 2.00084 -0.0269525 -0.00162861 0.00433119
0.0342899 0.931841 2.06423 -0.0264818 -0.00120929 0.00377329
0.055583 1.11799 2.16248 -0.0275801 -0.00140921 0.00412869
0.12979 1.18718 2.302 -0.0303258 -0.00185674 0.00409775
0.123953 1.17546 2.29095 -0.029255 -0.00124137 0.0040212
0.100167 1.23292 2.26575 -0.0279849 -0.00053635 0.00385064
0.0752402 1.10132 2.20136 -0.0270952 0.00046735 0.00315399
0.0679182 1.10449 2.20736 -0.026868 0.00035102 0.00295453
0.0587584 1.10045 2.18939 -0.0269801 0.00048436 0.00277515
0.0628338 1.02939 2.21652 -0.0266525 0.00051499 0.00279897
0.0525564 1.07536 2.20201 -0.0265253 0.00044391 0.00272858
0.0561195 1.05015 2.19369 -0.0263183 0.00024095 0.00299559
0.0494819 1.00532 2.20325 -0.0260533 0.0006398 0.00262841
0.0478629 1.11322 2.20473 -0.0257842 0.00097042 0.00257
0.0538923 1.0872 2.20829 -0.0258582 0.00094448 0.00231391
0.054237 1.07171 2.21642 -0.0257016 0.00099493 0.00226468
0.0520575 1.0819 2.2272 -0.0257599 0.0008034 0.00234965
0.0474941 1.1052 2.20358 -0.0257823 0.00118964 0.00212002
0.0405816 1.01514 2.1981 -0.0253247 0.00130921 0.00217977
0.0496169 1.07906 2.20912 -0.0254284 0.0011786 0.00224887
0.0511579 1.06857 2.20955 -0.0251618 0.00131683 0.00219723
0.0475315 1.03411 2.2243 -0.0249751 0.00123693 0.00226277
0.0329496 1.05765 2.21704 -0.0245675 0.00103242 0.00226985
0.0553355 1.08027 2.21649 -0.0248945 0.00179932 0.00190178
0.0584605 1.04305 2.2584 -0.024594 0.00155896 0.00216655
0.057032 1.12668 2.27076 -0.0243651 0.00142628 0.00222045
0.0691475 1.06919 2.27377 -0.0242698 0.0012839 0.0019605
0.0707131 1.05452 2.28582 -0.0241374 0.00168705 0.00200379
0.0425861 1.12328 2.28485 -0.024103 0.00141369 0.00240061
0.0441429 1.03844 2.26578 -0.0238685 0.00158296 0.00207558
0.0433887 1.0913 2.28881 -0.0238507 0.00156578 0.00178175
0.0353824 1.12136 2.2635 -0.0234656 0.00203989 0.00208014
0.0509867 1.07432 2.3079 -0.0232369 0.00212419 0.00178038
0.04413 1.12817 2.30791 -0.0229887 0.00196579 0.00180758
0.0389219 1.07924 2.28853 -0.023154 0.00215042 0.00185498
0.0437996 1.04291 2.3157 -0.0224543 0.00222387 0.00168226
0.0360722 1.15816 2.31582 -0.0222831 0.00174545 0.00217914
0.0465072 1.0615 2.29977 -0.0225882 0.00177788 0.00190073
0.0492247 1.068 2.32386 -0.0222929 0.00202091 0.00197427
0.0251141 1.12028 2.33126 -0.0219829 0.00199984 0.00232676
0.0167742 1.19213 2.35735 -0.0202616 0.0018272 0.00267588
-0.00017262 1.12101 2.40851 -0.0207285 0.00170896 0.00250926
0.00038522 1.19714 2.3925 -0.0200713 0.00190734 0.00272077
-0.00013256 1.09015 2.37678 -0.0201865 0.0020193 0.00261041
7.311e-05 1.08312 2.40337 -0.0199365 0.00195398 0.00264694
-0.0101176 1.16693 2.37744 -0.020066 0.00198498 0.00259078
-0.0090012 1.07598 2.36703 -0.0189065 0.00159054 0.00281341
0.0557833 1.24273 2.46941 -0.0167065 0.00020761 0.00441016
0.0409583 1.26231 2.49983 -0.0172319 0.00082597 0.00397685
0.0408913 1.16501 2.50567 -0.0166567 0.00084517 0.0041803
0.027747 1.30658 2.5442 -0.0149557 0.00060872 0.00427211
0.0397087 1.4605 2.73995 -0.0111404 0.00041579 0.00487926
0.0858548 1.72584 3.21557 -0.0116364 0.00031667 0.00546273
0.239175 1.94508 3.57987 -0.00817726 -0.00292934 0.00552539
0.263935 1.806 3.64595 -0.00806806 -0.00354937 0.00596748
0.247739 1.83104 3.70049 -0.0101521 -0.0040043 0.00704955
0.247123 1.85121 3.66099 -0.0097394 -0.00348643 0.00665665
0.234913 1.79508 3.67124 -0.00974244 -0.00348095 0.00663925
0.227132 1.8535 3.69269 -0.0100499 -0.00322787 0.00641439
0.224591 1.94992 3.68262 -0.009925 -0.00286817 0.00601676
0.230472 1.88825 3.71734 -0.00964873 -0.00299994 0.00595394
0.2246 1.94479 3.73597 -0.00917807 -0.00288047 0.00595422
0.212982 1.97195 3.69996 -0.00886093 -0.00269249 0.00590722
0.211939 1.91289 3.69506 -0.00870393 -0.00242003 0.00570744
0.220152 1.85948 3.72905 -0.00852503 -0.00278359 0.00592359
0.201105 1.8557 3.6747 -0.00877469 -0.00272632 0.00592852
0.187745 1.78503 3.55313 -0.00738768 -0.00189982 0.0058108
0.204084 1.72484 3.56695 -0.00752812 -0.00206791 0.00602065
0.226409 1.7005 3.41536 -0.00829662 -0.00163145 0.00586103
0.0220445 1.73443 3.28091 -0.00748761 -0.00257294 0.00523856
0.111692 1.84126 3.36882 -0.010183 -0.00227587 0.00576333
0.105996 1.88108 3.29116 -0.0111785 -0.00224403 0.00520242
0.105517 1.82755 3.26978 -0.0118882 -0.00235112 0.00557243
0.0909304 1.71942 3.26806 -0.0115451 -0.0016774 0.00544008
0.0730993 1.74137 3.30178 -0.0113566 -0.00180791 0.00480678
0.0730827 1.77378 3.30509 -0.0113778 -0.00205377 0.0052673
0.0758061 1.72508 3.31247 -0.0112233 -0.0019711 0.00502366
0.0821246 1.70816 3.35337 -0.0111406 -0.00217298 0.00513325
0.0685498 1.75048 3.34572 -0.0107953 -0.00173077 0.00496806
0.0676634 1.71675 3.32432 -0.0106241 -0.00143976 0.00513341
0.0759177 1.70507 3.37088 -0.0106032 -0.00175326 0.00518317
0.0633217 1.75434 3.34137 -0.0105116 -0.00134895 0.00478456
0.0629044 1.73856 3.34698 -0.0105575 -0.00142135 0.00493107
0.0700002 1.78229 3.3444 -0.00953428 -0.0023154 0.00556987
0.0517143 1.78903 3.33491 -0.0105314 -0.00127363 0.00536662
0.0508336 1.72372 3.37519 -0.0103601 -0.00166434 0.00536028
0.0416911 1.7983 3.38957 -0.0102307 -0.00179237 0.00549069
0.0306022 1.76485 3.39036 -0.0098848 -0.00165534 0.00563223
0.0203372 1.7296 3.42026 -0.0095447 -0.001556 0.00534085
0.00943649 1.78524 3.39331 -0.00964402 -0.00126225 0.00538514
0.0177643 1.72241 3.41091 -0.00945207 -0.00147848 0.00521516
0.0181605 1.77597 3.4187 -0.00935236 -0.00138009 0.00532152
0.0181095 1.79088 3.39952 -0.00959691 -0.0013533 0.00531681
0.0216642 1.7611 3.42962 -0.00920681 -0.00137349 0.00527453
0.0124257 1.83267 3.42687 -0.00904456 -0.00107934 0.00518383
0.0140568 1.76377 3.42412 -0.00901422 -0.00127253 0.00516104
0.0103135 1.78339 3.43241 -0.00894303 -0.00107934 0.00504646
-0.00728139 1.83995 3.4215 -0.00906648 -0.00082934 0.00483156
0.00595637 1.73516 3.42649 -0.00917083 -0.00107934 0.00496898
0.19505 1.99033 3.68421 -0.00649761 -0.0082765 0.0103882
0.205845 2.32653 4.28298 -0.00214209 -0.010417 0.0145853
-0.0141592 1.99831 4.27201 -0.0033474 -0.00789075 0.0124717
-0.0291593 2.01298 4.21908 -0.00292166 -0.00745967 0.0119355
-0.0327854 2.02326 4.17524 -0.00270453 -0.00736163 0.0115974
-0.0289348 1.97251 4.14145 -0.00243337 -0.00686754 0.0111794
-0.0239422 2.01703 4.14689 -0.00192605 -0.00665823 0.0108712
-0.0500166 2.11253 4.16011 -0.00207066 -0.00675577 0.0100769
-0.0244648 2.05054 4.16718 -0.00183475 -0.00665865 0.0106906
-0.10432 2.10908 4.10048 -0.00196281 -0.00568719 0.00966241
-0.0339244 2.05502 4.00833 -0.00276226 -0.00618739 0.00920684
-0.00241103 1.98432 3.99834 -0.00262756 -0.00560973 0.00927682
-0.00079642 2.0331 3.99921 -0.00265214 -0.00613119 0.00980628
0.0135213 1.95844 4.00992 -0.00325374 -0.00581142 0.00917343
0.0124226 1.9492 4.04445 -0.00280026 -0.00565495 0.00877049
-0.00217255 1.95292 4.00728 -0.0029371 -0.00491269 0.00858498
0.00190064 1.8732 4.05174 -0.0022363 -0.00542772 0.00917129
-0.0182107 1.95882 4.07694 -0.00179952 -0.00550464 0.00900061
-0.0273795 2.00138 4.0593 -0.0021556 -0.00527631 0.0081643
-0.0202965 1.96849 4.0993 -0.0017464 -0.00536417 0.00854504
-0.0319962 2.02341 4.08129 -0.00180259 -0.00482018 0.00803549
-0.0346691 2.02207 4.02325 -0.00202127 -0.00477525 0.00785111
-0.0365059 1.98732 4.06299 -0.00186596 -0.00453169 0.00761774
-0.0520632 2.03447 4.01935 -0.00195373 -0.00431208 0.00757462
-0.0453876 1.95259 4.01558 -0.00212609 -0.00414551 0.00750761
-0.0464342 1.95247 4.03795 -0.00186918 -0.00425022 0.00705164
-0.0579227 1.98094 4.01013 -0.00196448 -0.00408311 0.00687329
-0.0472553 1.90314 4.03991 -0.00131934 -0.00453951 0.00716508
-0.072457 1.99223 4.05336 -0.00132004 -0.00424127 0.00714971
-0.0603409 1.95813 4.04524 -0.00106811 -0.00421793 0.006649
-0.0588024 1.95481 4.06325 -0.00111215 -0.00376041 0.00649712
-0.0793648 2.0334 4.06438 -0.00065385 -0.00405667 0.00651799
-0.0735262 1.95317 4.06149 -0.00055182 -0.00371535 0.00596959
-0.0896014 2.02644 4.06953 -0.00045184 -0.00357196 0.00592946
-0.0791953 1.98906 4.04986 -0.00056578 -0.00373586 0.0059655
-0.074881 1.97092 4.05126 -0.00061635 -0.00338282 0.00561133
-0.0926346 2.03753 4.05431 -0.00066526 -0.00359173 0.00555688
-0.0754694 1.95169 4.06415 7.482e-05 -0.00365456 0.0059522
-0.0864606 1.99943 4.07543 0.00022962 -0.00375199 0.00561739
-0.0995411 2.00853 4.04189 0.00079688 -0.00340206 0.00526508
-0.0875757 1.94549 4.06597 0.00050085 -0.00316657 0.0057505
-0.0980515 2.01537 4.06102 0.00092278 -0.0031985 0.00530736
-0.0962294 1.95834 4.03506 0.00091091 -0.00341542 0.00560566
-0.092083 1.9613 4.07046 0.00107653 -0.00294529 0.00538041
-0.105137 2.04292 4.02548 0.00113375 -0.00334188 0.00508222
-0.10541 1.94044 4.01507 0.00117703 -0.00323331 0.00492203
-0.114777 1.99315 4.04231 0.00098016 -0.00325856 0.00489254
-0.118409 2.0117 4.01805 0.00069709 -0.00332231 0.00489648
-0.110668 1.95905 4.04879 0.00098658 -0.00318474 0.00487973
-0.122238 2.02348 4.06656 0.001277 -0.00277773 0.00481557
-0.101788 1.94452 4.0059 0.00034663 -0.00314694 0.00499574
-0.0856434 1.9469 3.97892 0.00088229 -0.00339134 0.00508999
-0.102367 2.01123 3.97833 0.00052422 -0.00364568 0.00494027
-0.0967997 1.89141 4.00512 0.00072953 -0.00322426 0.00525287
-0.111686 1.9674 4.06289 0.00114861 -0.00290017 0.00485787
-0.130878 2.00034 4.02898 0.00107874 -0.00329432 0.00491044
-0.118952 1.92261 4.03213 0.001236 -0.00294438 0.00496196
-0.121204 1.98989 4.03318 0.0014532 -0.00322091 0.0047895
-0.124776 1.96096 3.97212 0.00065157 -0.0032179 0.00483559
-0.114639 1.90768 4.01711 0.00127645 -0.00305335 0.00501838
-0.122504 1.98799 4.02428 0.00113719 -0.00335341 0.00475366
-0.126477 1.97837 3.99244 0.00099472 -0.0031038 0.00461868
-0.125374 1.9278 4.04377 0.00131091 -0.0026135 0.00462072
-0.137607 2.00166 4.06503 0.00169252 -0.00239529 0.00443076
-0.127054 1.92674 3.9716 0.000843 -0.00338286 0.00481281
-0.128582 1.91714 4.00767 0.00137175 -0.003032 0.00477794
-0.149216 1.99275 3.98765 0.00088845 -0.00288805 0.00448766
-0.141013 1.90825 3.98051 0.00073896 -0.00306578 0.00476228
-0.141336 1.93129 3.99341 0.00095958 -0.00313531 0.00459635
-0.145355 1.95547 3.99491 0.00130885 -0.00316804 0.00454991
-0.129937 1.92895 3.97847 0.0026124 -0.00299848 0.00487353
-0.147975 1.98876 4.02959 0.00118168 -0.00271695 0.00468738
-0.142373 1.91871 4.0258 0.00179583 -0.00293202 0.0048897
-0.140882 1.93133 4.02275 0.00145577 -0.00308288 0.00472397
-0.158782 1.98841 4.03022 0.00155624 -0.00280795 0.0045014
-0.155088 1.94013 4.01511 0.00153901 -0.00280144 0.00473244
-0.149587 1.87689 4.03836 0.00180323 -0.00267823 0.004944
-0.159223 1.96354 4.04814 0.00205726 -0.00268847 0.00467288
-0.149191 1.94823 3.97537 0.00141907 -0.00318716 0.00474673
-0.144101 1.88707 4.02582 0.00181313 -0.00287037 0.00484778
-0.158267 1.98663 4.02579 0.00183781 -0.00274633 0.00455341
-0.152032 1.89749 4.02506 0.001804 -0.00289598 0.0049351
-0.168613 1.97165 4.07118 0.00224629 -0.00218748 0.00449912
-0.16549 1.9546 4.02939 0.00173378 -0.00246803 0.00443178
-0.161579 1.90906 4.04033 0.00214003 -0.00256382 0.00483086
-0.177002 1.98802 4.02608 0.00193506 -0.00275326 0.00465476
-0.175113 1.90397 4.05871 0.00219945 -0.00237467 0.00480962
-0.190162 1.98386 4.08347 0.00247802 -0.00213953 0.00464798
-0.173868 1.95451 4.01575 0.00237466 -0.00246984 0.0047744
-0.169742 1.90346 4.07101 0.00279703 -0.00223892 0.00487323
-0.187942 2.00193 4.07535 0.00222345 -0.00259579 0.0044829
-0.182726 1.95804 4.05667 0.00218343 -0.00223892 0.00443088
-0.184397 1.93661 4.01359 0.00346771 -0.00223892 0.00461076
-0.193593 1.98349 4.04224 0.00210784 -0.00266586 0.00473716
-0.194768 1.89741 4.06653 0.00221442 -0.00223892 0.00488724
-0.196369 1.94777 4.0731 0.00234727 -0.00223892 0.00474148
-0.19679 1.95802 4.00478 0.00258718 -0.00267412 0.00491729
-0.191641 1.88433 4.04142 0.00294674 -0.00210172 0.00499231
-0.209297 1.98896 4.02141 0.00338078 -0.00203953 0.00470789
-0.200576 1.95861 3.87207 0.00580164 -0.00225495 0.00459232
-0.207042 1.93909 4.00569 0.00390984 -0.00180337 0.00446326
-0.218706 1.96954 4.00979 0.00350636 -0.00203953 0.00451243
-0.210306 1.88096 4.01073 0.00321086 -0.00203953 0.00448648
-0.21607 1.94773 3.99737 0.00343661 -0.00190737 0.00453184
-0.210495 1.86492 3.96668 0.00377113 -0.00203953 0.00468843
-0.215115 1.90041 4.00042 0.00381488 -0.00190505 0.00464313
-0.215591 1.95445 3.96239 0.00367602 -0.00197768 0.00451185
-0.188166 1.84762 3.949 0.00415951 -0.00203954 0.00488624
-0.206282 1.9692 3.97469 0.00426502 -0.00198542 0.00485302
-0.208975 1.92338 3.93776 0.00440021 -0.00196756 0.00462813
-0.209763 1.86167 3.95021 0.00460575 -0.00187347 0.00457843
-0.226628 1.92833 3.90772 0.00474542 -0.00206671 0.00498472
-0.212144 1.82989 3.8931 0.00474131 -0.00196567 0.00472571
-0.214502 1.84495 3.88946 0.00462336 -0.0020119 0.00466539
-0.227854 1.90023 3.86464 0.00520557 -0.00206211 0.00502289
-0.225169 1.83933 3.89159 0.00541782 -0.00200264 0.00491796
-0.229649 1.92168 3.90685 0.00534682 -0.00198821 0.00488663
-0.220517 1.88729 3.82757 0.00638917 -0.00230006 0.00504867
-0.222857 1.85241 3.86089 0.00587483 -0.00232944 0.00484981
-0.2334 1.93183 3.87586 0.00572485 -0.00187374 0.00483457
-0.225358 1.83332 3.8795 0.00582981 -0.00196951 0.0047933
-0.234777 1.89276 3.89568 0.00576048 -0.00205137 0.00484997
-0.24328 1.91745 3.8751 0.00558315 -0.00164463 0.00489006
-0.240528 1.83139 3.91365 0.00563034 -0.00143651 0.00486665
-0.25069 1.92128 3.90141 0.00599047 -0.00134758 0.0047902
-0.237405 1.85148 3.86197 0.00623815 -0.00178565 0.00475286
-0.230418 1.85314 3.86396 0.00652498 -0.00167944 0.00470304
-0.242137 1.90292 3.86743 0.00616836 -0.00134081 0.00472111
-0.245597 1.84408 3.88715 0.00593453 -0.00145098 0.00483575
-0.24305 1.87103 3.9089 0.00557376 -0.00131447 0.00450002
-0.198145 1.87354 3.78855 0.00613708 -0.00233028 0.00512143
-0.198224 1.79778 3.80937 0.0055971 -0.0025595 0.0051104
-0.210676 1.87775 3.85143 0.00581112 -0.00207523 0.00490187
-0.214305 1.85982 3.82327 0.00542161 -0.0021271 0.00488044
-0.207127 1.81206 3.79449 0.00729182 -0.00236255 0.00497741
-0.223029 1.9065 3.81718 0.00706773 -0.0019415 0.00494016
-0.228964 1.85201 3.82243 0.00674643 -0.00194297 0.00477308
-0.218357 1.80239 3.85855 0.00647698 -0.00182894 0.00465143
-0.228685 1.88973 3.84932 0.00598918 -0.00210414 0.00484587
-0.230416 1.79981 3.80992 0.00635931 -0.00204049 0.00479011
-0.220203 1.80357 3.8235 0.00630982 -0.0020624 0.00464571
-0.226188 1.91519 3.76873 0.00739956 -0.00221307 0.00471697
-0.228502 1.81633 3.78257 0.00692327 -0.00212114 0.0048326
-0.220114 1.83559 3.77507 0.00658458 -0.00194582 0.00454052
-0.2237 1.88146 3.77987 0.00632457 -0.00186121 0.00460705
-0.212573 1.78913 3.74397 0.00694974 -0.00198108 0.00456934
-0.214747 1.8147 3.8236 0.00633298 -0.00212658 0.00464745
-0.212723 1.848 3.74941 0.00594422 -0.00210153 0.00464367
-0.19422 1.6993 3.36542 0.00900127 -0.00203096 0.00494958
-0.0557368 1.06061 2.47015 -0.00218514 -0.00393721 0.00525204
0.0275563 1.06417 2.1593 -0.014653 -0.0064495 0.00490838
0.104727 0.955705 2.1448 -0.0148903 -0.00883587 0.00545281
0.0771332 1.00841 2.19065 -0.0137676 -0.00837875 0.00459834
-0.157981 0.868518 1.92625 -0.00717726 -0.00409106 0.00358606
-0.130939 0.239278 0.842009 -0.00505754 -0.00492091 0.00493654
-0.089677 0.19347 0.438043 -0.00238482 -0.00396184 0.00534373
-0.0709131 0.0412397 -0.0185342 0.00083292 -0.00414285 0.00677161
-0.00228354 0.988255 0.777677 0.00614376 -0.00769682 0.0103747
0.150124 0.779386 1.22483 0.00584983 -0.0109339 0.0103455
0.149127 0.629841 1.35804 0.00492363 -0.0104872 0.00996747
0.123658 0.602501 1.42556 0.00318428 -0.0104237 0.00972222
0.134955 0.630167 1.7398 -0.0109342 -0.00941075 0.00629225
0.0990643 0.88116 2.39137 -0.0211317 -0.00715457 0.00589112
-0.049723 0.981355 2.60169 -0.016631 -0.00593578 0.00589233
0.0461569 0.709111 2.07309 -0.00389486 -0.00789132 0.00765461
0.073302 0.785809 2.00661 -0.00387018 -0.00857677 0.00789337
0.0599498 0.943848 1.99628 -0.0031751 -0.00822443 0.0079018
0.0597174 0.922095 1.90061 -0.00418999 -0.00760374 0.00717012
0.0211991 0.841836 1.87904 -0.00221227 -0.00642809 0.00662842
-0.00323747 0.746619 1.57967 -0.00078238 -0.00836663 0.00794904
-0.0128303 0.70711 1.44934 0.00069351 -0.00886974 0.00874094
-0.0258412 0.622118 1.43971 0.00128579 -0.00899043 0.008836
-0.0474474 0.563408 1.1887 0.00242582 -0.00871453 0.00898702
0.0492623 0.487128 1.01774 0.00453674 -0.00883525 0.00888089
0.0434757 0.5229 1.05908 0.0051029 -0.00946957 0.00929947
0.0315113 0.471371 1.09049 0.00519879 -0.00870506 0.00889626
0.0405851 0.399527 1.13623 0.00610964 -0.00859115 0.0085333
0.041994 0.504094 1.15962 0.00556528 -0.00884181 0.00892154
0.0387504 0.491244 1.12518 0.00590378 -0.00859293 0.00876442
0.042091 0.474522 1.15619 0.00622561 -0.00841336 0.00829887
0.0270464 0.595442 1.16313 0.00637193 -0.00833725 0.00875077
0.0276993 0.549808 1.08868 0.00699288 -0.00831358 0.00868572
0.0225797 0.542678 1.15761 0.00661543 -0.00815104 0.00848244
0.0120169 0.617871 1.15869 0.00619966 -0.00843691 0.00879468
0.0184679 0.483158 1.11262 0.00698085 -0.00778053 0.00815446
0.0046363 0.514621 1.12876 0.00702889 -0.00810429 0.00828214
0.00496371 0.514835 1.11531 0.00692879 -0.00798141 0.00842399
0.00160471 0.431408 1.09931 0.00752903 -0.00760623 0.0080378
-0.155662 0.510324 1.11885 0.00577331 -0.0067087 0.00769678
-0.0661655 0.473427 1.09189 0.00500566 -0.00696943 0.00720888
-0.0586898 0.473146 1.21544 0.00554605 -0.00708564 0.00711587
-0.0762163 0.569224 1.17953 0.00590556 -0.00687898 0.00742608
-0.0854792 0.407242 1.0575 0.00477711 -0.00617491 0.00674428
-0.0661734 0.458988 1.05716 0.00525481 -0.00626063 0.00675109
-0.0681191 0.493267 1.11916 0.00524365 -0.00625501 0.00677914
-0.0829439 0.555405 1.06912 0.0060782 -0.00656972 0.00722568
-0.0985243 0.435286 1.0796 0.00649505 -0.00580579 0.00660021
-0.10849 0.502868 1.12447 0.00620076 -0.0056337 0.00631595
-0.107508 0.515635 1.10582 0.0062761 -0.00637497 0.00665512
-0.110775 0.425536 1.12795 0.00679906 -0.00539141 0.00608379
-0.122743 0.572297 1.28012 0.00720245 -0.00595699 0.00621277
-0.122417 0.566183 1.30965 0.00790925 -0.00521432 0.00577318
-0.112393 0.498428 1.31136 0.00817855 -0.00483099 0.00558128
-0.127523 0.567869 1.30967 0.00802579 -0.00447802 0.0054216
-0.124557 0.567731 1.27677 0.00772241 -0.00512028 0.00560541
-0.116565 0.514425 1.30203 0.00807125 -0.00464181 0.00548472
-0.124282 0.621775 1.34202 0.00796765 -0.00452874 0.00533999
-0.115744 0.568994 1.26237 0.0080549 -0.00496977 0.00526155
-0.117543 0.534038 1.28638 0.00868586 -0.00426066 0.00484779
-0.127773 0.629703 1.2852 0.00813199 -0.00471977 0.00522888
-0.124099 0.536806 1.28833 0.00880336 -0.00454263 0.00513175
-0.124099 0.545149 1.31546 0.00881334 -0.00440123 0.00499944
-0.138355 0.630513 1.31557 0.00822921 -0.0044725 0.00518767
-0.142963 0.539944 1.30118 0.00855161 -0.00400899 0.00437631
-0.140049 0.529874 1.32867 0.00887116 -0.00383827 0.00462631
-0.15079 0.635701 1.31369 0.00911051 -0.00442543 0.00520179
-0.14364 0.547921 1.3046 0.00950314 -0.00434258 0.00511448
-0.144657 0.567804 1.34695 0.00945699 -0.00412294 0.00488673
-0.14743 0.627837 1.31512 0.0091489 -0.00418004 0.00481671
-0.134752 0.536314 1.31008 0.00951468 -0.004248 0.00482218
-0.139632 0.593111 1.33332 0.00937101 -0.00419622 0.00476997
-0.13924 0.597675 1.30157 0.009215 -0.00410431 0.00481646
-0.135171 0.529378 1.32962 0.00966357 -0.00419421 0.0046805
-0.147528 0.631434 1.35093 0.0095204 -0.00405548 0.00462632
-0.147942 0.58047 1.32503 0.00925153 -0.003765 0.00455985
-0.142768 0.547683 1.33847 0.0098894 -0.00371565 0.00445452
-0.143482 0.652259 1.36265 0.00971723 -0.00377957 0.00446137
-0.13956 0.573554 1.32472 0.00957357 -0.00358557 0.00431765
-0.115869 0.55701 1.34984 0.0100216 -0.0036389 0.00417866
-0.106933 0.749035 1.45289 0.0100261 -0.0041551 0.004936
-0.114984 0.611738 1.38243 0.00997977 -0.00392469 0.00467364
-0.120693 0.560335 1.40895 0.0100718 -0.00392599 0.004286
-0.122577 0.668614 1.40829 0.0103495 -0.00371693 0.00470031
-0.0979062 0.657117 1.39341 0.00957175 -0.0045273 0.00512348
-0.0972794 0.580823 1.39343 0.00973187 -0.00392189 0.00454313
-0.0990709 0.679686 1.41692 0.00973355 -0.00401957 0.00481731
-0.104469 0.667089 1.40239 0.00981401 -0.00390734 0.00471929
-0.110286 0.615356 1.40924 0.0100396 -0.00372347 0.00435707
-0.114542 0.675488 1.44269 0.0100505 -0.00372347 0.00438661
-0.120312 0.68758 1.42025 0.00986796 -0.00385156 0.00467897
-0.115202 0.613091 1.44037 0.0101513 -0.00360201 0.00417866
-0.121395 0.659372 1.45619 0.0103794 -0.00335424 0.0041036
-0.130258 0.707611 1.43672 0.00991501 -0.00333766 0.00419962
-0.121908 0.604918 1.41202 0.010116 -0.00337636 0.00413416
-0.127249 0.631522 1.43342 0.0101989 -0.00329901 0.0039551
-0.138611 0.726732 1.46619 0.0102808 -0.0033259 0.00393804
-0.136538 0.629134 1.42861 0.0100888 -0.00321843 0.00376716
-0.13648 0.637901 1.45777 0.010529 -0.00317648 0.00379429
-0.140028 0.730025 1.4726 0.0104102 -0.00330293 0.00370195
-0.147087 0.640005 1.44953 0.0103741 -0.00292167 0.00370195
-0.141196 0.615215 1.4491 0.0105129 -0.00310923 0.00345195
-0.153268 0.713551 1.47653 0.0105234 -0.00311035 0.00370195
-0.155003 0.666341 1.45038 0.010067 -0.00308181 0.00370195
-0.158488 0.599218 1.44966 0.0103109 -0.00279983 0.00338262
-0.152521 0.698073 1.46532 0.0105234 -0.00319082 0.00370195
-0.154635 0.679717 1.45012 0.0101616 -0.0032074 0.00380402
-0.154994 0.598456 1.4651 0.0107459 -0.00309428 0.00370195
-0.14558 0.730932 1.55333 0.00823483 -0.00383461 0.00411221
-0.166827 0.97259 2.06409 -0.00094674 -0.00336502 0.00431256
-0.193554 0.785042 2.03158 0.00070308 -0.00284376 0.00449073
-0.195632 0.802588 2.03102 0.00171242 -0.00272925 0.00373618
-0.20731 0.879851 2.04771 0.00201688 -0.00239945 0.00385275
-0.213419 0.840945 2.0475 0.00261525 -0.00268501 0.00391984
-0.208984 0.793522 2.08105 0.00248536 -0.00252192 0.00356654
-0.22364 0.937773 2.13703 0.00256668 -0.00268501 0.0038857
-0.22623 0.91455 2.1166 0.00255296 -0.00285803 0.00391584
-0.21685 0.825578 2.12836 0.00313323 -0.0026307 0.00385593
-0.221257 0.944011 2.16037 0.00288074 -0.00269952 0.00381126
-0.224545 0.929872 2.13323 0.00308724 -0.00260347 0.00386621
-0.222218 0.854865 2.14566 0.00363601 -0.0022946 0.00376887
-0.23686 0.931663 2.17752 0.00288082 -0.00238569 0.00381818
-0.245693 0.910478 2.16194 0.00310197 -0.00230829 0.00389288
-0.239831 0.838665 2.18226 0.00351556 -0.00222269 0.00361389
-0.237335 0.891381 2.1859 0.00364004 -0.00191838 0.00361958
-0.230256 0.955129 2.17915 0.00338302 -0.0024227 0.00341509
-0.229143 0.82412 2.15728 0.0040742 -0.00214267 0.00341295
-0.227427 0.905873 2.17179 0.00425309 -0.00187986 0.00341353
-0.23009 0.962017 2.16374 0.00423941 -0.00195745 0.0034224
-0.234828 0.850734 2.17055 0.00457401 -0.00164765 0.00347381
-0.235856 0.9204 2.16831 0.00457892 -0.0016456 0.00335381
-0.236011 0.986388 2.17392 0.00422422 -0.00194839 0.00346175
-0.226566 0.860502 2.07731 0.00491877 -0.00224576 0.00351749
-0.259456 1.15866 2.29655 0.00541269 -0.00196914 0.00450828
-0.253808 1.08376 2.34054 0.00510788 -0.00187524 0.00422646
-0.25745 1.01074 2.37747 0.00487206 -0.00185213 0.00395474
-0.268752 1.09355 2.38634 0.00456515 -0.00178498 0.00416581
-0.255135 1.04473 2.36721 0.00499854 -0.00169318 0.00401649
-0.25519 1.01922 2.40712 0.004873 -0.00157908 0.00396495
-0.262023 1.16087 2.43459 0.00479545 -0.00128266 0.0038322
-0.270084 1.11903 2.43247 0.00512621 -0.00134062 0.00413451
-0.268214 1.10821 2.47206 0.00504365 -0.00115597 0.00390634
-0.273647 1.22956 2.53179 0.00507002 -0.00133954 0.00406685
-0.293992 1.28901 2.58225 0.00512923 -0.00109173 0.00425455
-0.297885 1.61285 2.71068 0.0048473 -0.00129165 0.00400683
-0.322171 1.74254 2.86258 0.00316884 -0.00082949 0.00443257
-0.313996 1.78329 3.14961 0.00593899 -0.00178869 0.00447398
-0.313223 1.78821 3.25375 0.00602574 -0.00154306 0.0040181
-0.326381 1.78707 3.2184 0.00656981 -0.00163124 0.00457768
-0.33889 1.76578 3.13246 0.00763 -0.00102763 0.00439611
-0.336015 1.70613 3.16203 0.00756919 -0.00150197 0.00462271
-0.33528 1.79802 3.19126 0.00742474 -0.00091506 0.00378664
-0.354167 1.87692 3.16603 0.00702193 -0.00087327 0.00389703
-0.346249 1.84691 3.14676 0.00695451 -0.00051981 0.00379579
-0.349366 1.81064 3.18858 0.00690082 -0.00058925 0.00345216
-0.365066 1.86539 3.19933 0.00667581 -0.00073922 0.00362937
-0.366761 1.81844 3.12609 0.00670818 -0.0005653 0.00331432
-0.360432 1.73752 3.13638 0.00663263 -0.00054238 0.00321875
-0.359385 1.76651 3.16609 0.00646596 -0.00068658 0.00347184
-0.361476 1.77926 3.13546 0.00664794 -0.00094346 0.00346854
-0.374843 1.87744 3.13105 0.00601435 -0.00074702 0.00310987
-0.398739 2.40225 2.84852 0.00189764 -0.00050428 0.00235261
-0.347564 2.24701 3.07577 -0.00662671 -0.00227609 0.00563652
-0.325455 2.24596 3.30657 -0.00595503 -0.00189112 0.00440824
-0.320597 2.25606 3.28803 -0.00528608 -0.00183394 0.00398864
-0.322647 2.30667 3.15145 -0.00368741 -0.00101359 0.00353237
-0.277576 2.30562 2.82721 -0.0007315 -0.00128511 0.00315048
-0.405737 2.3221 2.81348 -0.00094125 -0.00152776 0.00540798
-0.46574 2.18761 3.10308 -0.00416686 -0.00058206 0.00713504
-0.447645 2.03284 3.33619 -0.00021097 -0.00114887 0.00667506
-0.37058 2.03526 3.10214 -0.00204754 -0.00140089 0.00561288
-0.325584 2.01115 3.11447 -0.00331038 -0.00144488 0.0049118
-0.353765 2.14917 2.9531 0.00068933 -0.00091306 0.00478947
-0.350225 2.07191 2.96176 0.00120247 -9.428e-05 0.00293987
-0.281842 1.85385 2.84935 0.00127986 -0.00098674 0.004918
-0.230373 1.4912 2.44524 0.00444883 -0.00215418 0.0059235
-0.22593 1.28817 2.33059 0.00530035 -0.00208108 0.00492737
-0.290453 1.3044 1.99864 0.00544542 -0.00451881 0.00762268
-0.219129 1.59747 2.34833 0.0037549 -0.00367812 0.00690727
-0.214594 1.4916 2.46585 0.00417904 -0.00234817 0.00510627
-0.212189 1.63589 2.58831 0.0043832 -0.001982 0.00510669
-0.169284 1.51683 2.77422 0.00311282 -0.00176348 0.00529304
-0.199221 1.55254 2.94581 0.00566406 -0.00299706 0.00510906
-0.220987 1.53569 2.99228 0.00646348 -0.00268611 0.00465317
-0.211706 1.49138 3.01609 0.00657985 -0.00239026 0.0044801
-0.227131 1.58596 2.98537 0.00686797 -0.00270934 0.00446064
-0.244598 1.64577 2.94638 0.00700753 -0.00254544 0.00453827
-0.251384 1.71414 2.99205 0.00748665 -0.00178385 0.00400072
-0.26466 1.85114 3.0168 0.00773665 -0.00181403 0.0041401
-0.266293 1.82702 2.9711 0.00735304 -0.00184213 0.00407492
-0.260117 1.79831 3.00307 0.00759308 -0.00172226 0.00379478
-0.268314 1.84266 2.97995 0.00682985 -0.00195085 0.00390308
-0.282715 1.91526 2.92625 0.00654473 -0.0021887 0.00408868
-0.277654 2.00623 2.75097 0.00240134 -0.00125179 0.00273914
-0.259099 2.10586 2.87556 -0.01856 -0.00134132 0.00238675
-0.260203 1.95908 2.57364 -0.0402824 -0.00270557 0.00351941
-0.347688 1.75978 2.75849 -0.0312098 -0.00743901 0.00446963
-0.314495 1.81677 2.8629 -0.0283133 -0.00620535 0.00440407
-0.316509 1.91339 2.83636 -0.02557 -0.00595123 0.00444568
-0.245517 1.80061 2.87999 -0.0177147 -0.00224389 0.00343794
-0.18193 1.71907 3.0779 -0.0126121 -0.00182735 0.00279597
-0.301536 1.66995 3.16398 -0.0108904 -0.0016112 0.00235123
-0.272851 1.52982 3.18887 -0.0118594 -0.00175837 0.00371634
-0.286509 1.05945 3.3499 -0.0122015 -0.00312877 0.00389279
-0.169678 0.448015 2.17504 -0.0120232 -0.00439275 0.00285683
-0.106755 0.629447 1.51118 -0.015133 -0.00340119 0.00208346
-0.156948 0.738687 1.72634 -0.00640525 -0.00372199 0.00294261
-0.183403 1.08263 2.16722 -0.00154161 -0.00214802 0.00315051
-0.213521 1.26481 2.29826 -0.00397264 -0.00172646 0.00306916
-0.203737 1.19474 2.27598 -0.00298185 -0.00192462 0.00287646
-0.187436 0.678167 1.77195 -0.00293107 -0.003142 0.00340792
-0.181893 0.455215 1.57484 -0.00403613 -0.00414784 0.00335913
-0.145903 0.72018 1.51221 -0.00098015 -0.00534377 0.0042345
-0.135984 0.914816 1.74662 0.00088011 -0.00409809 0.00358832
-0.0843069 0.599876 1.49132 0.00552275 -0.00427413 0.00460278
-0.0885118 0.598989 1.35883 0.00910691 -0.00378378 0.00408981
-0.110554 0.653099 1.38084 0.00856446 -0.00367856 0.00447861
-0.0985197 0.560086 1.41306 0.00735635 -0.00367133 0.00400641
-0.0663773 1.26314 2.60944 -0.00203211 -0.00244784 0.00375157
0.0354907 1.24143 2.71284 0.00297375 -0.00270505 0.0056228
0.0757151 0.807134 2.42578 -2.947e-05 -0.00476935 0.00583828
