0.0165184 0.233011 0.110521 0.00037349 0 0.00031111
0.0277647 0.322645 0.165215 0.00050607 0 0.00079835
0.0285502 0.24117 0.14508 0.00071454 -1.503e-05 0.00079835
0.0336342 0.264111 0.207902 -0.00022788 -7.384e-05 0.00079835
0.0292981 0.327564 0.199687 -0.00072614 -8.402e-05 0.00079835
0.0251092 0.24016 0.163564 0.00058363 -0.00013777 0.00079835
0.0302464 0.37024 0.210111 -0.00049871 -0.00010216 0.00079835
0.0229551 0.234533 0.159275 0.00055441 -0.00014104 0.00079835
0.0286277 0.365321 0.188768 -8.476e-05 -0.00015385 0.00079835
0.0306092 0.267195 0.206913 -0.00026509 -7.106e-05 0.00079835
0.0334128 0.285097 0.195351 -6.76e-05 -7.232e-05 0.00079835
0.0260269 0.317855 0.186009 -0.0003404 -7.653e-05 0.00079835
0.0310921 0.257996 0.148183 0.00080054 -0.00010617 0.00079835
0.0288778 0.349517 0.189379 -0.00034879 -9.676e-05 0.00079835
0.0268159 0.212495 0.167832 0.00018217 -3.055e-05 0.00066134
0.0477191 0.373676 0.202605 -0.00040418 0.00036577 0.00079835
0.0346336 0.310493 0.17667 0.00014976 0.00021068 0.00079835
0.0474679 0.292551 0.197005 -0.00038694 0.00045382 0.00079835
0.0422352 0.348449 0.164423 0.00043781 0.00029281 0.00079835
0.0448376 0.248398 0.177556 0.00026444 0.00030324 0.00079835
0.0377081 0.352708 0.193888 0.00011773 0.00029778 0.00079835
0.0455862 0.301627 0.182574 2.336e-05 0.00032971 0.00079835
0.0484965 0.321981 0.20759 0.0002832 0.00042052 0.00079835
0.0499018 0.374898 0.190546 0.00054749 0.00046481 0.00079835
0.0526993 0.280383 0.177762 0.00061214 0.00047985 0.00079835
0.0468102 0.379311 0.234697 -0.00085122 0.00054916 0.00079835
0.0166339 0.266041 0.1582 -0.00012417 -0.00011639 0.00054835
0.0132856 0.334875 0.152939 0.00115972 -6.916e-05 0.00054835
0.033071 0.379964 0.183885 0.00131278 7.112e-05 0.00079835
0.0306343 0.286241 0.150694 0.00177744 -3.75e-05 0.00079835
0.0423338 0.406281 0.179027 0.00159659 0.00055094 0.00054835
0.0285983 0.379489 0.194063 6.538e-05 2.064e-05 0.00079835
0.0260229 0.265289 0.154217 0.00179254 -8.185e-05 0.00079835
0.0355873 0.390295 0.19626 0.00113815 0.00013772 0.00079835
0.0225226 0.278576 0.162384 0.00219904 -4.996e-05 0.00079835
0.028048 0.35365 0.179799 0.00130564 6.877e-05 0.00079835
0.0128245 0.345041 0.143422 0.00092196 -0.00019185 0.00079835
0.0179504 0.271216 0.150815 0.00150874 -0.00012636 0.00060909
0.0310863 0.367708 0.18106 0.00173495 -7.46e-05 0.00079835
0.0421721 0.364369 0.180483 0.00145715 0.00026528 0.00079835
0.023453 0.379045 0.146279 0.0009256 -0.00016987 0.00079835
0.0182497 0.299354 0.161222 0.00130475 -0.00018395 0.00054835
0.0295819 0.429543 0.194275 0.0009378 -7.514e-05 0.00079835
0.0270905 0.328333 0.164752 0.00172081 -6.392e-05 0.00079835
0.0183423 0.32794 0.154105 0.00219327 -0.0002618 0.00079835
0.0147417 0.269668 0.158936 0.00194875 -0.00014742 0.00047293
0.0240953 0.399608 0.185298 0.00226172 -3.07e-05 0.00079835
0.0220295 0.3306 0.177217 0.00212741 -0.00011423 0.00079835
0.0217348 0.381726 0.167135 0.00145465 -0.00019695 0.00079835
0.0232294 0.32044 0.168638 0.00177982 -7.114e-05 0.00079835
0.0198109 0.417526 0.203956 0.00145366 -0.00010124 0.00079835
0.0189597 0.351627 0.176665 0.00175654 -0.00016507 0.00079835
0.0178268 0.381691 0.201618 0.00088856 -0.00010936 0.00079835
0.00858109 0.314776 0.199456 0.00106639 -0.00013284 0.00042527
0.0143038 0.387888 0.189739 0.00221601 -0.00010731 0.00042961
0.010601 0.392601 0.171666 0.00166361 -0.00026211 0.0006613
0.0133005 0.332509 0.190362 0.00197314 -0.00024616 0.00079835
0.0191214 0.417336 0.233012 0.00090633 -7.647e-05 0.00079835
0.0204432 0.301614 0.193866 0.00176259 -0.00013862 0.00079835
0.0280441 0.420485 0.22622 0.00107155 4.006e-05 0.00079835
0.0193609 0.328102 0.170774 0.00104771 -0.0001923 0.00079835
0.0186402 0.303554 0.188834 0.00178713 -0.00015374 0.00079835
0.0235136 0.429859 0.215633 0.00112957 -8.938e-05 0.00079835
0.0207441 0.374823 0.185118 0.00116881 -0.00020838 0.00079835
0.0217387 0.286731 0.195888 0.00116619 -0.00015197 0.00079835
0.0228897 0.443326 0.232005 0.00077463 -0.00016565 0.00079835
0.0186144 0.335171 0.164515 0.00165955 -0.00018699 0.00079835
0.0185841 0.337227 0.171751 0.00179878 -0.00019033 0.00079835
0.0281187 0.450241 0.238558 0.00093962 -0.00016588 0.00079835
0.0295694 0.34138 0.221613 0.00155649 -0.00012701 0.00088908
0.0303912 0.429767 0.21979 0.00177331 -0.00010954 0.00097575
0.0244192 0.331351 0.191133 0.0015103 -0.00014458 0.00081933
0.0175288 0.324227 0.220226 0.00100264 -0.00032072 0.00071484
0.0218236 0.418178 0.239499 0.00085947 -0.00021547 0.00085421
0.0181865 0.324927 0.193517 0.0008459 -0.0002602 0.00076609
0.0260312 0.335706 0.209233 0.00157066 -5.951e-05 0.00076835
0.0360544 0.450318 0.255314 0.00058343 -0.00015641 0.00091312
0.0313003 0.349986 0.228489 0.00112595 -2.962e-05 0.00086551
0.0436548 0.442867 0.264788 0.00054085 0.00017654 0.0011405
0.023707 0.298747 0.199484 0.00058159 -0.000352 0.00079577
0.0340468 0.374671 0.240722 0.00109639 -6.665e-05 0.00085921
0.033148 0.444247 0.251807 0.00067207 9.983e-05 0.0011498
0.0195004 0.322555 0.20631 0.0008645 -0.00038826 0.0007022
0.0227818 0.35377 0.239246 0.00112535 -0.00027405 0.00075094
0.0329322 0.435462 0.268075 0.0003633 -0.00027765 0.00097575
0.0346223 0.35688 0.240555 0.00113284 -8.739e-05 0.00097575
0.0235299 0.37187 0.212184 0.00077801 -0.00015762 0.00084896
0.0221421 0.365915 0.218662 0.0010617 -0.00022454 0.00072998
0.0413656 0.478883 0.267519 0.00063813 8.406e-05 0.00122575
0.0426938 0.370683 0.241689 0.00140175 8.865e-05 0.00122575
0.0440739 0.439228 0.298549 0.00018334 0.00017244 0.00133348
0.0384092 0.336402 0.236176 -9.627e-05 7.673e-05 0.00113831
0.0261076 0.343823 0.21434 0.00193103 -0.0002681 0.00097575
0.0243395 0.333902 0.253224 -0.0001601 -0.00019939 0.00089332
0.0271974 0.308989 0.254133 0.00091381 -0.00012293 0.00089383
0.0336752 0.395429 0.253084 0.00052152 8.143e-05 0.00111312
0.034485 0.31961 0.230687 0.00105962 -0.00026106 0.00097575
0.0521016 0.431875 0.254488 0.00090858 0.00028005 0.00122575
0.0314166 0.259667 0.249248 0.00016403 -0.00021727 0.00102897
0.0330485 0.35879 0.272317 0.0001777 -0.00022252 0.00097575
0.0241105 0.384132 0.256504 0.00092199 -0.00022963 0.00083178
0.0229897 0.358741 0.242132 0.00079266 -9.264e-05 0.0006612
0.0384702 0.442703 0.24929 0.00060009 0.00011193 0.00114553
0.0223376 0.312481 0.175536 0.00149513 -0.00030108 0.00087225
0.0318872 0.39936 0.23634 0.001015 -0.00020793 0.00116909
0.0268223 0.4066 0.229424 0.00071103 -0.00016865 0.00087231
0.0254914 0.33064 0.244597 0.00022852 -0.00042175 0.00090724
0.0192797 0.361202 0.218709 0.00119911 -0.00025833 0.00076125
0.0264698 0.408234 0.246031 0.00053113 -0.00022423 0.00087564
0.0222036 0.341693 0.243174 0.00055603 -0.00022755 0.00082849
0.0248587 0.347533 0.245729 0.00110157 -0.0003158 0.00089386
0.034471 0.449123 0.27295 0.00075994 -5.021e-05 0.00086251
0.0289922 0.33172 0.236055 0.00117232 -0.00028156 0.00087569
0.0329472 0.392778 0.232602 0.00111177 0.00013888 0.00076163
0.0170455 0.309534 0.235433 0.00104233 -0.00016621 0.00066147
0.0240411 0.421852 0.263984 0.0006443 -0.00011662 0.0008077
0.0183821 0.291474 0.218148 0.00126943 -0.00015846 0.00067458
0.0126274 0.348659 0.218057 0.00060775 -0.00024144 0.00061038
0.0173571 0.285122 0.189805 0.00152872 -0.00037268 0.00076184
0.0275333 0.450558 0.251385 0.00105207 -0.00016183 0.00097575
0.0365517 0.395968 0.266726 0.00099721 -0.00035754 0.00122575
0.0256952 0.361568 0.250703 0.00096034 -0.00014484 0.00097575
0.0339366 0.423333 0.205745 0.00150368 -0.00023908 0.00122575
0.0274705 0.312391 0.240857 0.00110247 -0.000223 0.00092125
0.0506339 0.409945 0.258096 0.00135871 0.00016228 0.00129827
0.0495833 0.33303 0.257755 0.0015726 0.00011492 0.00122575
0.0504243 0.379513 0.268298 0.00162847 0.00012125 0.00144505
0.0452322 0.420066 0.207809 0.00196802 3.645e-05 0.00128736
0.0397742 0.336288 0.216641 0.00249371 -0.00012703 0.00109091
0.0411763 0.493417 0.27327 0.00119583 1.09e-05 0.00122575
0.0398625 0.336663 0.249322 0.00140497 -1.857e-05 0.00115107
0.0456799 0.415276 0.223991 0.00256974 5.378e-05 0.00127846
0.0374567 0.38238 0.196524 0.00231573 -0.00013227 0.00097575
0.0425664 0.368538 0.227744 0.00222625 -0.00013129 0.00114138
0.0500898 0.484293 0.281972 0.00148944 0.00012634 0.00133739
0.0492919 0.382762 0.210829 0.00177344 -4.3e-06 0.00122575
0.0473876 0.314644 0.261165 0.00155313 4.047e-05 0.0011284
0.0500509 0.437513 0.274555 0.00136536 1.947e-05 0.00116803
0.0435026 0.346588 0.246764 0.00175756 6.074e-05 0.00114227
0.0453674 0.433876 0.244578 0.00117798 0.0001021 0.00100382
0.0487667 0.356213 0.262426 0.00143988 1.584e-05 0.00113281
0.0476454 0.471336 0.283076 0.00113025 6.184e-05 0.00122575
0.0474598 0.368408 0.246041 0.00169321 -3.041e-05 0.00122575
0.0504672 0.464394 0.239195 0.00075882 4.822e-05 0.00122575
0.0417865 0.369616 0.265824 0.00148544 -5.225e-05 0.00112723
0.0475246 0.440137 0.273565 0.00111375 6.409e-05 0.00113201
0.0440262 0.377521 0.249162 0.00202588 6.486e-05 0.00113819
0.0397709 0.325646 0.263907 0.00168166 9.878e-05 0.00110879
0.0410534 0.42886 0.292069 0.00094822 5.912e-05 0.00114394
0.0370022 0.350038 0.245516 0.00059438 -0.00034891 0.00097575
0.039692 0.329636 0.233215 0.00159504 -0.00018765 0.00107904
0.0525477 0.460513 0.285224 0.00129006 7.006e-05 0.00122575
0.0502577 0.379228 0.246337 0.00216233 9.265e-05 0.0013433
0.0565674 0.434574 0.250269 0.00193706 0.00022623 0.00122575
0.0601849 0.40693 0.200098 0.00213178 2.53e-06 0.00146654
0.0534039 0.296032 0.208736 0.00218646 -4.677e-05 0.00124153
0.056456 0.400153 0.215774 0.00245718 1.965e-05 0.00135705
0.0511379 0.355818 0.200638 0.00268283 -1.507e-05 0.00150738
0.0629941 0.337474 0.263004 0.00027334 -7.844e-05 0.00161307
0.0608024 0.309267 0.216629 0.00171868 -0.00015587 0.00130861
0.0588861 0.431194 0.231874 0.00150167 -1.017e-05 0.00152472
0.0534464 0.33922 0.203979 0.00191927 -0.00018712 0.001345
0.0545837 0.422616 0.206102 0.00069896 -0.0001535 0.00159655
0.0541695 0.322189 0.188253 0.00177099 -0.00025638 0.0013605
0.0598454 0.43611 0.199384 0.00243702 -3.654e-05 0.00161792
0.0581972 0.307534 0.197702 0.00193738 -0.00022856 0.00152935
0.0635871 0.407533 0.238981 0.00134487 -0.00014922 0.00163363
0.0646127 0.33869 0.170331 0.00189523 -1.966e-05 0.00135158
0.06443 0.299291 0.196262 0.00176319 -0.00027516 0.00137094
0.0624292 0.432298 0.217591 0.00157737 -0.00024727 0.0015789
0.0632109 0.358222 0.187648 0.00217102 -0.00023525 0.00163443
0.0673858 0.358657 0.198362 0.00245669 -0.00021597 0.00169178
0.0701383 0.376246 0.216267 0.00224959 -0.00047711 0.00200142
0.0727595 0.324159 0.189556 0.00235471 -0.00041794 0.00193377
0.0802525 0.4336 0.254835 0.00144357 -0.00028999 0.00198299
0.0744749 0.336198 0.197155 0.0023465 -0.0004413 0.00217481
0.0870452 0.461658 0.265181 0.00124819 -0.0003353 0.00235153
0.0787101 0.346908 0.213076 0.00235242 -0.00029135 0.00235153
0.0885023 0.403983 0.233674 0.00207713 -0.00020249 0.00235153
0.0800563 0.375396 0.187018 0.00239007 -0.00031801 0.00229979
0.0854218 0.340865 0.23486 0.00181377 -0.00021091 0.00220327
0.0849536 0.408507 0.224791 0.00157184 -1.956e-05 0.00235153
0.0834008 0.343485 0.204528 0.00281058 -0.00040548 0.00229634
0.0909931 0.46025 0.211705 0.00197546 -4.26e-05 0.00235153
0.086888 0.3214 0.193682 0.00248305 -0.00023173 0.00235153
0.0977108 0.436009 0.231373 0.00186214 -6.879e-05 0.00235153
0.0902251 0.372486 0.207748 0.00264749 -0.00017462 0.00218366
0.0929835 0.364967 0.243808 0.00160059 -9.903e-05 0.00240294
0.0967773 0.423854 0.222959 0.00198207 -7.647e-05 0.00243659
0.0898425 0.310625 0.206436 0.00261997 -0.00019168 0.00235153
0.0944958 0.4562 0.200499 0.00244176 -7.685e-05 0.00235153
0.090106 0.318249 0.211122 0.00314694 -5.718e-05 0.00235153
0.0961322 0.464783 0.201741 0.00239445 -2.286e-05 0.00242287
0.100241 0.36501 0.202185 0.00274564 -0.00011207 0.00261243
0.100923 0.42288 0.204324 0.00222367 -0.00015029 0.00257624
0.0916497 0.314221 0.166271 0.00220998 -0.0002581 0.00267888
0.0881409 0.380121 0.20853 0.00173096 -0.00034249 0.00249001
0.0926284 0.447775 0.225712 0.00151599 -0.000191 0.00246784
0.0883621 0.346891 0.19968 0.00249605 -0.00014344 0.00256119
0.10455 0.473756 0.217061 0.00207404 -7.8e-06 0.00276251
0.105706 0.357468 0.190058 0.00131454 -0.0001374 0.00261594
0.107882 0.347336 0.246562 0.00149814 -5.286e-05 0.00245445
0.105743 0.497187 0.247478 0.00198761 -5.08e-05 0.00263196
0.101347 0.408412 0.239971 0.001792 -0.00017635 0.00252851
0.0994608 0.434322 0.250667 0.00037928 -0.00012775 0.00246266
0.0959344 0.348418 0.221678 0.00092279 -7.521e-05 0.00235153
0.096891 0.481985 0.234597 0.00142145 -8.876e-05 0.00240306
0.0970828 0.394216 0.205348 0.00163493 -0.00023457 0.00235153
0.103929 0.430463 0.226873 0.00138009 -4.933e-05 0.00264276
0.099001 0.400396 0.186499 0.00157833 -2.035e-05 0.0025814
0.0996282 0.343421 0.232658 0.00117168 -2.812e-05 0.00235153
0.0976248 0.47684 0.255239 0.00153213 0.00017044 0.00242841
0.0932018 0.405651 0.19537 0.00166378 -8.094e-05 0.00227592
0.0977413 0.359201 0.240488 0.00079936 -0.0001852 0.00211318
0.0927797 0.49426 0.234476 0.00129144 -3.07e-05 0.00202088
0.0902054 0.500446 0.205246 0.00188927 5.925e-05 0.00202497
0.0902669 0.492257 0.212053 0.00173308 -0.0001113 0.00218424
0.0907881 0.520101 0.181401 0.0007928 -0.00025006 0.00220626
0.0911065 0.435607 0.220942 0.00125157 -0.0002962 0.00201644
0.0930494 0.545832 0.262893 0.00068999 -0.00021996 0.00229561
0.0912952 0.432321 0.220335 0.00147042 -0.00029418 0.00210773
0.0920892 0.43395 0.17443 0.00163119 -0.00019736 0.00193608
0.091259 0.403261 0.186558 0.00196896 -0.0004881 0.00193339
0.0933011 0.481469 0.251264 0.000838 -9.736e-05 0.00193947
0.0914921 0.408393 0.219174 0.00157689 -0.00035089 0.00202949
0.0914464 0.456386 0.188182 0.00143154 -0.00022456 0.00191811
0.0839566 0.413251 0.192101 0.00191331 -0.00035216 0.00193715
0.0908567 0.524345 0.239175 0.00084783 -0.00024964 0.00193715
0.0806737 0.399418 0.160423 0.00193898 -0.00032751 0.00193715
0.0804025 0.437322 0.170688 0.00193653 -0.00037812 0.00173935
0.0901463 0.564697 0.227494 0.00111228 -0.00019292 0.00193715
0.0877846 0.444985 0.187575 0.0007516 -0.00032704 0.00202505
0.0919473 0.407088 0.241068 0.00075739 -0.00026217 0.00193715
0.0895667 0.491142 0.25352 0.00075739 -0.0001278 0.00199796
0.0884228 0.381299 0.236934 0.00120202 -0.00025372 0.00193715
0.0808347 0.400841 0.21957 -9.963e-05 -0.00042901 0.00182251
0.087147 0.406735 0.2121 0.00131966 -0.0002936 0.0018407
0.0908888 0.522047 0.268005 0.00085967 -2.533e-05 0.00193715
0.0927264 0.398161 0.222656 0.00130187 -0.00028697 0.00193715
0.101241 0.525529 0.247894 0.00121915 2.952e-05 0.00220052
0.0844215 0.414037 0.242219 0.00102398 -0.00023341 0.0018529
0.0897401 0.369862 0.239325 0.00119866 -0.00014074 0.00193715
0.0909188 0.472419 0.222128 0.00201074 5.909e-05 0.00193715
0.0847569 0.351545 0.187509 0.00101887 -0.0002889 0.00193715
0.0946031 0.389699 0.219142 0.00136971 -0.00018217 0.00193715
0.0971842 0.479914 0.24274 0.00096737 1.615e-05 0.00193715
0.0926121 0.354009 0.188159 0.00243074 -0.0001315 0.00193715
0.0950956 0.484574 0.240895 0.00115305 -9.917e-05 0.00207372
0.0812972 0.381003 0.128965 0.00143561 -0.00050186 0.00193715
0.0817072 0.41286 0.172621 0.00185544 -0.00028438 0.00193715
0.0894441 0.498843 0.218821 0.00123666 -3.036e-05 0.00193715
0.0867164 0.360569 0.181359 0.00119359 -7.738e-05 0.00193715
0.0945639 0.421323 0.235788 0.00089285 -1.32e-05 0.00193715
0.0897832 0.431694 0.237205 0.00130147 -3.934e-05 0.00212522
0.0965304 0.386408 0.240271 0.00125605 6.17e-06 0.00219141
0.0945327 0.439353 0.2366 0.00105976 0.00014379 0.00222681
0.0966787 0.396094 0.234445 0.00071102 0.00011886 0.0022174
0.093507 0.347824 0.242689 0.0008215 5.394e-05 0.00213024
0.097112 0.463254 0.259384 0.0011032 0.00019929 0.00206889
0.0970476 0.371968 0.175608 0.00177425 9.507e-05 0.00214865
0.105259 0.380549 0.240855 0.00143029 8.507e-05 0.00210021
0.106826 0.487515 0.278498 0.00064541 0.00015996 0.00241311
0.103227 0.351194 0.224735 0.00125341 -4.497e-05 0.00216698
0.0982739 0.388885 0.178118 0.00100565 -9.346e-05 0.00203129
0.0939314 0.356581 0.167922 0.00223264 -1.084e-05 0.00180002
0.103786 0.488229 0.238209 0.0014665 9.811e-05 0.00212874
0.101315 0.349945 0.19482 0.00152744 1.773e-05 0.00197043
0.111235 0.4477 0.25873 0.00063203 1.079e-05 0.00232538
0.111441 0.373523 0.232716 0.00035903 0.0001483 0.00212534
0.112622 0.358628 0.249073 0.00030455 2.875e-05 0.00217186
0.108993 0.485639 0.272759 -0.00015734 0.0001316 0.00215263
0.105735 0.33558 0.17778 0.00051586 -4.666e-05 0.00227499
0.0980387 0.368314 0.192015 0.0008344 -5.971e-05 0.00207524
0.100144 0.452253 0.21344 0.00140498 -0.00011197 0.00227035
0.097106 0.374572 0.186614 0.00137232 -0.00014439 0.0020052
0.107057 0.433712 0.248384 -0.00020372 -0.00019124 0.00237505
0.104584 0.352411 0.22353 0.00040058 -0.00026277 0.00206498
0.108767 0.488113 0.245046 0.00055991 -0.00012675 0.00230547
0.0993932 0.368216 0.208348 0.00088043 -0.00026856 0.00232497
0.110909 0.474734 0.238863 0.00073366 2.571e-05 0.00256289
0.107807 0.3909 0.178893 0.00109516 -9.311e-05 0.00243593
0.105584 0.33796 0.197933 0.0012272 -5.729e-05 0.0021577
0.107107 0.488646 0.221803 0.00103473 -0.00017153 0.00227045
0.0957157 0.392422 0.222941 -0.00039965 -0.00046176 0.00240845
0.101014 0.379212 0.200855 0.0002615 -0.00044248 0.00234182
0.105139 0.461372 0.187869 0.00124016 -0.00033935 0.00244021
0.100584 0.386112 0.192905 0.00077218 -0.00042209 0.00226607
0.122251 0.418137 0.194803 0.00029042 7.79e-06 0.00231629
0.116233 0.357036 0.221225 0.00036934 -0.00019798 0.00217154
0.102387 0.46526 0.243003 3.444e-05 -0.00018696 0.00235014
0.10166 0.354748 0.16182 0.00174705 -0.00029498 0.00224568
0.103006 0.349014 0.246906 -0.00094053 -0.00028026 0.00234071
0.102193 0.331509 0.201393 0.00017341 -0.00039415 0.00206632
0.106075 0.435706 0.203758 0.00079475 -0.0001043 0.00206632
0.10312 0.347873 0.169503 -0.00031546 -0.00024515 0.00225417
0.106275 0.364594 0.208665 -0.00020597 -0.00029037 0.00206632
0.102095 0.444699 0.19485 0.00041411 -0.00046705 0.00228482
0.107808 0.350097 0.196577 -0.00097301 -0.00042354 0.00237647
0.10594 0.398241 0.205532 -0.0002731 -0.00044519 0.00231523
0.105643 0.446483 0.248899 -0.00092022 -0.00043364 0.00242523
0.102054 0.336615 0.194846 -0.00015741 -0.00040073 0.00224051
0.10885 0.457018 0.253251 -0.00107313 -0.00016107 0.00235176
0.102217 0.30762 0.146687 0.00059148 -0.0003627 0.002309
0.105875 0.34878 0.203904 8.589e-05 -0.00032574 0.00225697
0.10565 0.45423 0.217655 -0.0002614 -0.00031117 0.00242607
0.101888 0.344101 0.196487 0.00015529 -0.00034724 0.00215335
0.104573 0.463434 0.214068 -0.00073693 -0.00026928 0.0024967
0.10199 0.362948 0.186318 -7.372e-05 -0.00040532 0.00218021
0.1095 0.464076 0.246048 -0.00069944 -0.00018531 0.0024315
0.111613 0.402631 0.209411 -0.00114131 -0.0002498 0.00236402
0.116185 0.356233 0.223872 -0.00063416 -0.00038913 0.00216092
0.109844 0.450848 0.262309 -0.0010784 -0.0002007 0.00225915
0.113029 0.377527 0.218759 -0.00042426 -0.00025904 0.00239331
0.114775 0.291697 0.225385 -0.00096736 -3.523e-05 0.00218427
0.118029 0.523072 0.313325 -0.00206472 1.17e-05 0.00276193
0.114851 0.352009 0.264347 -0.0011223 -0.00012971 0.00259196
0.112478 0.480437 0.29015 -0.0013797 7.12e-05 0.00259196
0.104198 0.40573 0.247495 -0.00044921 -0.00039692 0.00259196
0.107991 0.412368 0.249832 -0.00066526 -0.00023602 0.00259196
0.113415 0.464363 0.206012 -0.00029304 -0.00027286 0.00259196
0.112687 0.349374 0.213564 0.0002842 -0.00024638 0.00243396
0.114586 0.496407 0.288802 -0.00088585 -0.00022305 0.00273033
0.110753 0.365565 0.253242 -0.00048705 -0.00026345 0.00259196
0.115399 0.501553 0.298561 -0.00100908 -7.371e-05 0.00270595
0.104336 0.393505 0.232449 -0.00069122 -0.00036833 0.00248781
0.1086 0.333529 0.254724 -0.00082359 -0.00016919 0.00214867
0.123316 0.504628 0.293192 -0.00105624 -0.00020148 0.00259196
0.120737 0.444635 0.246725 0.00011428 -0.00019088 0.00259196
0.125971 0.423985 0.264149 -0.00055616 -8.469e-05 0.00273324
0.12057 0.365035 0.22735 -0.00020164 -0.0002432 0.00259196
0.117593 0.435679 0.288867 -0.00101035 -0.00015825 0.00259196
0.111427 0.373341 0.218739 0.0001314 -0.00039645 0.00259196
0.11912 0.355674 0.269806 -0.00100771 -0.00011334 0.00273685
0.123611 0.32343 0.252617 -0.00046344 -0.0001719 0.00259196
0.1215 0.458045 0.283328 -0.00075843 -0.00028533 0.00259196
0.115977 0.338582 0.241608 -3.24e-05 -0.00032659 0.00259196
0.12799 0.424074 0.259572 -0.00089642 -4.369e-05 0.0030174
0.116469 0.341106 0.223853 -0.00032316 -0.00021036 0.00249158
0.123725 0.428858 0.274956 -0.00046396 -0.00028935 0.0027635
0.122056 0.35213 0.257502 0.00017549 -0.00044614 0.0026499
0.12473 0.370617 0.181217 0.00174023 -0.00011786 0.00241923
0.125883 0.477295 0.264883 0.0006045 -0.00012327 0.00264647
0.129221 0.362482 0.22392 0.00117475 -0.00018848 0.00266021
0.133433 0.409994 0.243994 0.0008885 -4.067e-05 0.00287707
0.125635 0.435824 0.245462 0.00038563 -0.00010158 0.00277963
0.122987 0.37279 0.193975 0.00157149 -3.112e-05 0.00271031
0.12369 0.466222 0.242167 0.00073662 -0.00032592 0.0029008
0.126401 0.371129 0.230921 0.00114715 -0.00016056 0.00283416
0.128973 0.478881 0.272999 0.00065791 -9.608e-05 0.0029813
0.123771 0.384727 0.243491 0.0009092 -0.00033011 0.00269275
0.130102 0.449112 0.276214 0.00062272 -7.514e-05 0.00311705
0.118262 0.439495 0.23731 0.0014291 -0.00062477 0.00311923
0.120089 0.410025 0.241002 0.00090527 -0.00037738 0.00298402
0.122507 0.483622 0.231018 0.000936 -0.00037553 0.00282938
0.124138 0.39428 0.230226 0.00141857 -0.00036285 0.00299631
0.130136 0.480819 0.250812 0.0009737 -0.0001844 0.00325113
0.123458 0.402666 0.180866 0.00222243 -0.00035607 0.00294719
0.131817 0.452004 0.280328 0.00038741 5.42e-05 0.00290877
0.125899 0.37066 0.220248 0.00130519 -0.00025838 0.00287708
0.12498 0.44536 0.259385 0.00118522 -0.00024669 0.00288978
0.124453 0.398809 0.224751 0.00133421 -0.00027177 0.00280599
0.134508 0.469208 0.240573 0.00123461 1.041e-05 0.00306032
0.12839 0.410629 0.237904 0.00125335 -0.00023382 0.00288333
0.130651 0.464964 0.258841 0.00055332 -7.344e-05 0.00293486
0.126173 0.363448 0.24087 0.00010321 -8.506e-05 0.00269706
0.127724 0.378602 0.246522 0.00031359 -5.708e-05 0.00257456
0.126563 0.444803 0.263588 -7.9e-05 3.66e-06 0.0028206
0.127413 0.340087 0.183274 -0.00016313 -0.00018506 0.00277723
0.127911 0.404769 0.224626 0.00052074 -3.243e-05 0.00253623
0.124662 0.46482 0.230881 0.00051477 -0.00020506 0.00264747
0.131265 0.442324 0.229336 0.00099356 -0.00024831 0.00292804
0.129131 0.392835 0.204128 0.00023882 -0.00013088 0.00275476
0.130553 0.385678 0.213148 0.00080867 -0.0003306 0.00279031
0.137221 0.484525 0.272842 2.878e-05 -0.00018622 0.00306032
0.136494 0.465462 0.249892 0.00049199 -0.00025277 0.00299859
0.138776 0.495565 0.183316 0.00143332 5.064e-05 0.003113
0.133647 0.397169 0.195987 0.00033169 -0.0003896 0.00286064
0.135851 0.46545 0.213293 0.0007708 -0.0001789 0.00295416
0.130269 0.43916 0.224837 0.00064253 -0.00025313 0.00295024
0.129638 0.418497 0.218892 0.00039674 -0.00026799 0.00313307
0.122522 0.363451 0.184984 0.00044238 -0.00031532 0.00269272
0.128493 0.49259 0.22688 0.00059621 -0.000262 0.00299994
0.127079 0.43085 0.22291 0.00053192 -0.00045771 0.00298617
0.12847 0.453088 0.244008 0.00058754 -0.00032445 0.00294038
0.122672 0.433879 0.17581 0.00076461 -0.00039672 0.0029224
0.117259 0.355265 0.158944 0.00088802 -0.00036137 0.00263645
0.124532 0.482443 0.245612 0.00016965 -0.00025997 0.00298181
0.117003 0.393745 0.137961 0.00130327 -0.00045396 0.00276572
0.12547 0.393375 0.211704 0.00036879 -0.0006085 0.00289493
0.126112 0.49685 0.252524 6.703e-05 -0.00046935 0.00306032
0.125369 0.419033 0.221859 0.00097816 -0.00040907 0.00297934
0.129325 0.537822 0.249079 0.00029659 -0.00047318 0.0031706
0.118274 0.355983 0.186225 0.00017307 -0.00043671 0.00293991
0.127359 0.43201 0.218695 0.00052439 -0.00057779 0.00293546
0.131375 0.445017 0.245004 0.00018059 -0.00057898 0.00322479
0.133084 0.415149 0.243363 0.00016341 -0.00048644 0.00319467
0.128245 0.411387 0.176161 -0.00032442 -0.0003979 0.00300348
0.129662 0.409126 0.217435 0.000248 -0.00036209 0.00296367
0.125273 0.504409 0.251039 -0.00029481 -0.00050991 0.00306032
0.124769 0.374874 0.21436 0.00032146 -0.00059524 0.00313446
0.128977 0.509941 0.250339 -1.038e-05 -0.00053157 0.00342406
0.123529 0.367501 0.195368 2.899e-05 -0.00047578 0.00320903
0.125854 0.396405 0.22572 0.00025187 -0.00068522 0.00296419
0.131826 0.492365 0.22204 0.00099624 -0.00040599 0.00316978
0.131571 0.354054 0.241837 0.00054304 -0.00075399 0.00311157
0.136537 0.501205 0.281827 -8.762e-05 -0.00034194 0.00337437
0.123929 0.35156 0.22746 -0.0004828 -0.00045922 0.00311745
0.119722 0.317952 0.189148 0.00073427 -0.00073215 0.00306032
0.123496 0.477275 0.238141 0.00065048 -0.00039132 0.00317961
0.124032 0.369435 0.221048 0.00014255 -0.00056849 0.0031382
0.126342 0.378196 0.235803 -0.00058248 -0.00055474 0.00314677
0.123389 0.393826 0.222212 0.00061999 -0.0006413 0.00297295
0.132486 0.447736 0.217065 2.383e-05 -0.00071449 0.00330903
0.132199 0.387501 0.222972 0.00029613 -0.00065074 0.00313142
0.137423 0.508004 0.288027 -0.00051207 -0.00051193 0.0033317
0.125109 0.349391 0.190235 -8.929e-05 -0.00048566 0.00306801
0.1251 0.334956 0.238528 -3.09e-06 -0.00064409 0.0030491
0.128627 0.465601 0.264752 -0.00014666 -0.00029479 0.00305054
0.122827 0.330661 0.23737 0.00015835 -0.00059898 0.00295908
0.12835 0.471714 0.263142 -0.00040698 -0.00053549 0.00313694
0.118092 0.366799 0.129944 0.00114737 -0.00072435 0.00312291
0.114868 0.372467 0.174503 0.00125016 -0.00076426 0.0027257
0.124553 0.527076 0.220852 0.00085935 -0.0005088 0.00301731
0.122334 0.375493 0.227346 0.00062362 -0.00083259 0.00296058
0.127636 0.476338 0.22294 0.00097063 -0.00051448 0.00311638
0.122053 0.42898 0.195274 0.00105238 -0.00061909 0.00311638
0.116408 0.356958 0.195337 0.00089481 -0.00059121 0.00278342
0.119379 0.427238 0.224966 0.00030678 -0.00020454 0.00266391
0.122212 0.460948 0.245314 0.00046554 -0.00037406 0.00276977
0.117521 0.376439 0.226999 -0.0010041 -0.0002765 0.00277303
0.119374 0.353141 0.228628 -0.00011521 -0.00043576 0.00272919
0.130454 0.480222 0.290842 -0.0010993 -0.00036577 0.00317
0.12296 0.324642 0.202773 -0.00057727 -0.0004539 0.00292018
0.128374 0.349546 0.221668 -0.00029899 -0.0005443 0.00293626
0.132698 0.442438 0.220914 0.00026233 -0.00045175 0.00311638
0.13416 0.347347 0.209365 0.00017297 -0.00062006 0.00311638
0.138852 0.486373 0.242951 -0.00031572 -0.0004122 0.00311638
0.131828 0.318166 0.219845 -0.00047985 -0.0004164 0.0029266
0.119232 0.34213 0.180844 2.04e-06 -0.0004885 0.00266803
0.131318 0.464091 0.253704 -0.00043821 -0.00049038 0.00311638
0.118249 0.360315 0.166824 -0.00012447 -0.00066212 0.00311873
0.108266 0.336953 0.158598 0.00058078 -0.00086719 0.00284018
0.126729 0.464983 0.234492 -0.00029633 -0.00047124 0.00317056
0.125794 0.351852 0.173566 0.00069196 -0.00073057 0.00304129
0.125435 0.434723 0.199827 2.189e-05 -0.00059265 0.00309528
0.122965 0.327181 0.178582 0.00016862 -0.00072435 0.00287083
0.127914 0.473218 0.237293 -0.00022628 -0.00075801 0.00314748
0.12451 0.254955 0.132143 0.0009291 -0.00098064 0.00300862
0.114657 0.415854 0.117974 0.00015902 -0.00064953 0.00318368
0.117264 0.354966 0.152953 0.00019937 -0.00084432 0.00311469
0.123808 0.462752 0.209538 -0.00016925 -0.00053973 0.00303685
0.126042 0.394676 0.188169 0.00051366 -0.00082712 0.0030507
0.131383 0.396507 0.188143 0.0005348 -0.00075626 0.00315421
0.128921 0.424206 0.144763 0.00113779 -0.00074016 0.00312069
0.130611 0.366686 0.161798 0.00116544 -0.00072886 0.00297207
0.136797 0.513709 0.194824 0.00078074 -0.00059859 0.00329333
0.137464 0.340378 0.187444 -0.00027606 -0.0006613 0.00305727
0.137245 0.419544 0.198951 -1.305e-05 -0.00066067 0.0029756
0.134128 0.487114 0.193798 0.0007077 -0.00062612 0.0031732
0.124477 0.363128 0.170299 0.00074226 -0.00075548 0.00292466
0.139253 0.440352 0.232293 -0.00081489 -0.00059188 0.0031732
0.13623 0.329611 0.207516 -0.00010111 -0.00065867 0.00294361
0.13702 0.441644 0.246877 -0.0003696 -0.00051729 0.00305629
0.133739 0.401574 0.1976 0.00019484 -0.00076764 0.00299307
0.137141 0.425456 0.210157 0.0004985 -0.0008038 0.0031732
0.136869 0.431876 0.169576 0.00020161 -0.00070838 0.00304574
0.135046 0.375097 0.195536 -0.00023316 -0.00072418 0.00289967
0.131864 0.486335 0.197149 0.00057946 -0.00079779 0.00311922
0.129775 0.370887 0.18514 0.00026243 -0.00093471 0.00296374
0.130362 0.43103 0.17241 -5.321e-05 -0.0008744 0.00302754
0.127075 0.354478 0.147127 0.0006736 -0.00081834 0.00266421
0.132168 0.431036 0.229017 -0.00044951 -0.00070198 0.00305094
0.127185 0.384695 0.179265 0.00036125 -0.00106315 0.00293149
0.128281 0.438646 0.15396 0.00077553 -0.00098688 0.00311426
0.128757 0.359439 0.143843 0.00073267 -0.00086368 0.00288745
0.133304 0.477876 0.204127 5.602e-05 -0.00088846 0.0031732
0.127691 0.437641 0.174011 0.00060645 -0.00086033 0.0031732
0.123019 0.35255 0.180365 0.00071844 -0.00106936 0.00272064
0.12821 0.498808 0.225242 0.000105 -0.00102551 0.0031732
0.124253 0.380145 0.156106 0.00028483 -0.00092348 0.0031732
0.126654 0.36675 0.19231 0.00017606 -0.000873 0.0030591
0.128351 0.461853 0.203748 0.00014444 -0.00084894 0.00309114
0.120539 0.306897 0.13303 0.00101372 -0.00091587 0.00276923
0.129424 0.431759 0.187525 3.945e-05 -0.00109956 0.00304119
0.127064 0.453566 0.214252 -0.00026569 -0.00105033 0.0031095
0.120472 0.394371 0.165607 -0.0003745 -0.00101933 0.00301292
0.120832 0.331279 0.145751 -3.168e-05 -0.00094629 0.00268724
0.129271 0.450362 0.207143 -0.00048583 -0.00103523 0.00311609
0.120238 0.355664 0.159075 5.621e-05 -0.00112985 0.00290606
0.132789 0.437803 0.186746 -0.00072029 -0.00085647 0.00307284
0.122777 0.326623 0.164297 0.00016679 -0.00103542 0.00284549
0.130038 0.4707 0.239867 -0.00074018 -0.00079123 0.0031732
0.126368 0.359949 0.200525 -0.00034858 -0.00125489 0.0031732
0.133125 0.435998 0.230337 -0.00078738 -0.00095156 0.0031732
0.122022 0.361903 0.129832 0.00022054 -0.00094455 0.00294497
0.125972 0.34134 0.188176 -0.00026797 -0.00075601 0.00272392
0.122924 0.442531 0.218011 -0.00036111 -0.00083404 0.00284371
0.125909 0.37362 0.186541 0.00051661 -0.00098356 0.00277145
0.134247 0.507015 0.240562 -0.00039852 -0.00082376 0.0030483
0.123749 0.348874 0.192598 -0.00044327 -0.00100579 0.00289965
0.129878 0.35003 0.186451 0.00044636 -0.00098775 0.00285462
0.13264 0.501134 0.234406 -0.00041227 -0.00095663 0.0031732
0.128727 0.389307 0.184708 0.00032485 -0.00102229 0.00305365
0.118295 0.40514 0.151716 0.0005918 -0.00105366 0.0031732
0.126837 0.372485 0.177946 0.00062171 -0.00108341 0.00296389
0.132416 0.493409 0.233158 -0.0004624 -0.00111322 0.0031732
0.132771 0.348178 0.178792 0.00047632 -0.00103665 0.0031732
0.141854 0.470965 0.258988 -0.00049349 -0.00084473 0.00330109
0.136053 0.391256 0.206998 0.00025026 -0.0011338 0.0031732
0.14304 0.409487 0.226009 3.606e-05 -0.00096349 0.00339184
0.140103 0.382774 0.178785 0.00074006 -0.00105991 0.00337764
0.145607 0.442592 0.22201 -7.337e-05 -0.00079929 0.0034488
0.141713 0.405105 0.203645 4.319e-05 -0.00100491 0.00341454
0.142234 0.351211 0.19054 0.00033887 -0.00092907 0.00332743
0.143787 0.463105 0.212546 7.307e-05 -0.00069847 0.00346223
0.133844 0.357418 0.168257 0.00064011 -0.00099863 0.00317319
0.143675 0.470958 0.230911 -0.0004066 -0.00067365 0.00328407
0.135666 0.377648 0.206023 0.00014713 -0.00126381 0.00325692
0.139231 0.449765 0.254044 -0.00046414 -0.00118295 0.00339857
0.142533 0.3941 0.242005 -0.00032668 -0.00112469 0.00339179
0.137586 0.409967 0.229737 1.664e-05 -0.00110848 0.00341705
0.135695 0.46342 0.234269 -0.00037535 -0.00136298 0.00354076
0.132404 0.378192 0.208511 0.00019742 -0.00143838 0.00359102
0.137933 0.499162 0.239865 -0.00056186 -0.00162724 0.00383679
0.13919 0.362877 0.19255 0.00029694 -0.00142285 0.00363447
0.142383 0.494272 0.234324 -0.00037034 -0.0015863 0.00396869
0.134979 0.367048 0.196776 0.00041719 -0.00193609 0.00364939
0.148064 0.494952 0.265622 -0.00141406 -0.00141312 0.00388423
0.147289 0.427617 0.210027 -0.00019737 -0.00111463 0.00362198
0.148867 0.441232 0.241327 -0.00015917 -0.00096376 0.00362549
0.146216 0.48973 0.253116 -0.00066353 -0.0009029 0.00366861
0.143416 0.386732 0.224567 -0.00013662 -0.00105303 0.00366892
0.138443 0.521532 0.212916 -1.084e-05 -0.00124496 0.00346689
0.137545 0.378074 0.220153 -0.00017614 -0.00129879 0.00329667
0.145462 0.488559 0.293464 -0.00159201 -0.00091627 0.00359854
0.140452 0.370603 0.22221 0.00038884 -0.00120146 0.00343623
0.136363 0.496765 0.256567 -5.475e-05 -0.00108809 0.00338028
0.137314 0.388839 0.214363 0.00052917 -0.00103368 0.00341659
0.139798 0.480055 0.282076 -0.00018461 -0.0010855 0.00362851
0.133207 0.444075 0.251648 0 -0.00128155 0.00353805
