0.0225873 0.147372 0.0399172 -0.00358916 0.00037426 0.00077418
-0.00435673 0.13093 0.0662291 -0.00402295 0 0.00060339
-0.0214771 0.162646 0.0430301 -0.00481921 -0.00032257 0.00040421
-0.0263871 0.213622 0.0479928 -0.00485626 -0.00040697 0.00015608
-0.0121893 0.270584 0.0761437 -0.00507172 -0.00023726 0.00044565
-0.0389814 0.168515 0.0410399 -0.00490355 -0.00036108 0.00016156
-0.0379503 0.202894 0.0534137 -0.00552702 -0.00035834 0.00027084
-0.0152162 0.245328 0.0927978 -0.00589634 0 0.00078457
-0.02429 0.174502 0.101102 -0.00653363 -0.00026658 0.00081471
-0.0335869 0.18912 0.081688 -0.00603533 -0.00051638 0.00059691
-0.0249398 0.247296 0.112798 -0.00652179 -0.00012795 0.00078887
-0.0199837 0.182756 0.116984 -0.00698271 -0.0004442 0.00115009
-0.0288743 0.193763 0.0832997 -0.00646074 -0.00051638 0.00103279
-0.0295322 0.232378 0.106671 -0.00657421 -0.00057753 0.00108357
-0.0176356 0.243278 0.113844 -0.0070201 -0.00062375 0.00142029
-0.0249661 0.207005 0.10632 -0.00683819 -0.00061412 0.00113363
-0.0382404 0.216004 0.0939688 -0.00650981 -0.00067947 0.00095291
-0.0379896 0.258949 0.111508 -0.00686638 -0.0008182 0.00080313
-0.0410645 0.199288 0.083659 -0.0063039 -0.00096565 0.0010457
-0.0335314 0.169468 0.056823 -0.0066895 -0.00159855 0.0012281
-0.0242515 0.16906 0.0621958 -0.00627341 -0.00156772 0.00176312
-0.00355353 0.238449 0.0949671 -0.00641214 -0.00166231 0.00168259
-0.0154608 0.171636 0.125022 -0.00663788 -0.00096565 0.00161962
-0.0327973 0.142178 0.0850185 -0.00665125 -0.00119234 0.00152285
-0.00825144 0.253982 0.150074 -0.00758006 -0.00141048 0.00190984
0.0248639 0.312372 0.283627 -0.00788907 -0.00067054 0.00211437
-0.0409097 0.176474 0.202229 -0.00751852 -0.00115788 0.00172974
-0.0764063 0.267928 0.200119 -0.00859626 -0.00167054 0.00169932
-0.0308331 0.338646 0.248731 -0.00856362 -0.00143653 0.00200733
-0.0683658 0.189891 0.168809 -0.0074677 -0.00219737 0.00198151
-0.0448261 0.267086 0.165768 -0.00461032 -0.00121334 0.00229528
-0.037036 0.257162 0.162791 -0.00328528 -0.00098757 0.0016422
-0.0850221 0.151557 0.0743091 -0.00372249 -0.00227297 0.00092198
-0.0618711 0.241789 0.108928 -0.00439888 -0.00195396 0.00105315
-0.0417538 0.224364 0.114007 -0.00436047 -0.00177495 0.00085194
-0.0764883 0.151579 0.0630744 -0.00394184 -0.00267636 0.0005247
-0.0730877 0.23037 0.108079 -0.00465592 -0.00267636 0.00058968
-0.0537514 0.23806 0.131095 -0.00482332 -0.00216471 0.00092595
-0.0779936 0.162586 0.079454 -0.00434551 -0.00267636 0.00076421
-0.0466162 0.229718 0.117303 -0.00478843 -0.00242636 0.00080953
-0.0225763 0.247083 0.13736 -0.00470176 -0.00163056 0.00072822
-0.0540997 0.152482 0.0567382 -0.00412635 -0.00230331 0.00036593
-0.0373335 0.246354 0.116269 -0.00484028 -0.00201199 0.00070396
-0.0173607 0.231987 0.140325 -0.00462986 -0.00127867 0.00082972
-0.0371866 0.165529 0.0653308 -0.0039386 -0.00195321 0.00074991
-0.0198464 0.214072 0.110314 -0.00438291 -0.00164596 0.00072226
-0.0117707 0.235136 0.131319 -0.00461332 -0.00126647 0.00086124
-0.0304648 0.188798 0.119919 -0.00428209 -0.00167044 0.00051687
-0.0374069 0.219283 0.114353 -0.00427758 -0.00167044 0.00048001
-0.00309693 0.239322 0.148664 -0.00378765 -0.00134769 0.00139588
-0.0058474 0.280163 0.14752 -0.00331808 -0.00138915 0.00062216
-0.0782141 0.17615 0.0746256 -0.00457422 -0.0018253 -0.00078563
-0.0634793 0.277918 0.184968 -0.00937884 -0.00079547 0.00046865
-0.0154156 0.368742 0.236055 -0.00712545 -0.00057898 0.00029776
0.00098242 0.327111 0.285992 -0.00646662 -0.00064075 0.00021598
-0.0309575 0.169481 0.161546 -0.00599192 -0.00134914 -8.678e-05
-0.0341735 0.205205 0.0825921 -0.00619457 -0.00159489 -0.00027021
-0.00798611 0.282868 0.144851 -0.0064149 -0.00070305 3.421e-05
-0.0288707 0.23092 0.145538 -0.00633761 -0.00095305 -0.00021775
-0.0497358 0.227 0.125048 -0.00565683 -0.0020445 -0.00041536
-0.0321145 0.276826 0.151795 -0.00504289 -0.00194729 -0.00048447
0.0277776 0.356583 0.213337 -0.00591068 -0.00075275 0.00019521
-0.0188299 0.218761 0.168133 -0.004754 -0.00154149 -0.00041536
-0.027191 0.212176 0.132448 -0.00824536 -0.00093648 -0.00038288
-0.0197465 0.279007 0.201305 -0.00722995 -0.00067846 -0.00091872
0.00385427 0.33847 0.264002 -0.00792355 -0.00010118 -0.00047412
-0.0267235 0.225796 0.227571 -0.00720166 -0.00099749 -5.911e-05
-0.0320616 0.254222 0.217061 -0.00691972 -0.00128275 -0.00027836
-0.0400828 0.283214 0.224666 -0.00703692 -0.00153758 -0.0002346
-0.0324567 0.33497 0.237797 -0.00760449 -0.00165822 -8.972e-05
-0.0533215 0.292409 0.228407 -0.00774304 -0.00114709 -0.00044259
-0.0454828 0.288222 0.22797 -0.00817209 -0.00098054 2.349e-05
-0.0452797 0.318176 0.239479 -0.00803269 -0.0015049 -0.00021783
-0.050475 0.32194 0.235246 -0.0082863 -0.00157071 -0.00038635
-0.055242 0.224432 0.185261 -0.00730126 -0.00209304 -0.00020116
-0.049379 0.275646 0.234098 -0.00816297 -0.00182498 0.00041703
-0.0162906 0.358507 0.292775 -0.00914206 -0.00143057 0.00068296
-0.0207607 0.266213 0.259914 -0.00795309 -0.00175903 0.0006293
-0.0547303 0.24137 0.238882 -0.00830147 -0.00216405 0.00084635
-0.0424551 0.28849 0.300984 -0.00900065 -0.001852 0.00073907
-0.0255859 0.278107 0.286116 -0.0086238 -0.00196703 0.00109969
-0.0421474 0.250342 0.278021 -0.00819336 -0.00225457 0.00109816
-0.0130394 0.317563 0.318323 -0.00917052 -0.00199344 0.00193861
-0.00402491 0.397862 0.350356 -0.00962099 -0.00195423 0.00162041
-0.0423402 0.27099 0.336614 -0.00870789 -0.00211739 0.00093782
-0.0427635 0.244672 0.241673 -0.00786159 -0.00245301 0.00077778
-0.0418385 0.349512 0.358199 -0.0100041 -0.00199231 0.00119624
-0.00773455 0.311874 0.311859 -0.00975183 -0.00191859 0.00168392
-0.0154419 0.209814 0.181945 -0.00755515 -0.00234424 0.00137627
0.00758261 0.296296 0.263433 -0.00829868 -0.00164629 0.00172008
0.0157819 0.332963 0.276288 -0.00662653 -0.00090414 0.00132268
-0.0273425 0.206935 0.156439 -0.0064199 -0.00121975 -0.00017098
-0.0165873 0.256585 0.183364 -0.00961498 -0.00055608 5.954e-05
-0.0119838 0.362575 0.295552 -0.00972012 -1.558e-05 -0.00024812
-0.0263412 0.231781 0.197423 -0.00769828 -0.00056598 -0.00058022
-0.0345231 0.248827 0.191907 -0.00738026 -0.00094612 -0.00082783
-0.0151397 0.345494 0.260505 -0.00879963 -0.00034478 -0.00046124
-0.0150824 0.272993 0.258986 -0.00848088 -0.00049543 -0.00033002
-0.0253964 0.232385 0.207281 -0.0086354 -0.00101994 -0.00039302
-0.0317564 0.308455 0.259575 -0.00918527 -0.00091719 -0.00043158
-0.0323481 0.290723 0.269741 -0.00854588 -0.00090907 -0.00041578
-0.0440409 0.256717 0.197402 -0.00740951 -0.00121344 -8.38e-06
-0.0041112 0.337526 0.319376 -0.00898063 -0.00103272 0.0012556
-0.0252553 0.290474 0.301922 -0.0090798 -0.00125667 0.00088823
-0.0213814 0.280344 0.237761 -0.00889645 -0.00105923 0.00069034
-0.0227695 0.361729 0.308649 -0.00935763 -0.00050095 4.4e-06
-0.0368148 0.283702 0.30046 -0.00941766 -0.0009589 -7.772e-05
-0.0591042 0.285188 0.277969 -0.00974622 -0.00129433 -0.0004701
-0.0636403 0.358009 0.324524 -0.01002 -0.00118415 -0.0004701
-0.0738722 0.292686 0.301745 -0.00950877 -0.00185004 -0.00055568
-0.0736341 0.316042 0.304531 -0.00935885 -0.00184323 -0.00048466
-0.0665783 0.350688 0.339427 -0.00954833 -0.00155478 -0.0004014
-0.0879705 0.299849 0.284163 -0.00905466 -0.00214987 -0.00033283
-0.0870955 0.326788 0.289635 -0.00890132 -0.00209973 -0.00038816
-0.088909 0.356661 0.313368 -0.0092026 -0.0019432 -0.0005383
-0.102461 0.292842 0.284775 -0.00861096 -0.00236979 -0.00070726
-0.102611 0.330508 0.3051 -0.00856503 -0.00234947 -0.00065182
-0.098549 0.358506 0.32864 -0.00944899 -0.00226673 -0.00041774
-0.105307 0.315767 0.33362 -0.00904737 -0.00241785 -0.00055754
-0.116423 0.378389 0.372144 -0.0102838 -0.00195675 -0.00123546
-0.121265 0.323806 0.344548 -0.00938935 -0.0023673 -0.0011905
-0.109201 0.362416 0.383404 -0.0105028 -0.00145739 -0.00065264
-0.134321 0.271621 0.334425 -0.0106286 -0.00107205 -0.00123153
-0.142057 0.288355 0.193757 -0.00939699 -0.00175494 -0.0011541
-0.110948 0.387517 0.363487 -0.0113529 -0.00104881 -0.00094133
-0.105307 0.249164 0.349612 -0.0109273 -0.00133072 -0.00079915
-0.129489 0.203833 0.262367 -0.00895454 -0.00255687 -0.00108013
-0.0630346 0.365308 0.287213 -0.00994251 -0.00172205 0.00052611
-0.0599403 0.299802 0.314056 -0.0103315 -0.00140818 0.00032143
-0.0838481 0.218704 0.340335 -0.011171 -0.00208199 0.00037172
-0.0553789 0.366911 0.345502 -0.00963932 -0.00110251 0.00112227
-0.0650987 0.350251 0.327632 -0.00967664 -0.00103322 0.00049157
-0.117187 0.28689 0.244874 -0.0110591 -0.00184658 -0.00038818
-0.079156 0.425115 0.331269 -0.0105061 -0.00098223 -0.00021224
-0.0896445 0.367569 0.290369 -0.00955895 -0.00195995 -3.79e-06
-0.11902 0.299003 0.274265 -0.00979722 -0.0022869 -0.00043729
-0.0671399 0.390069 0.330042 -0.00978218 -0.00167576 0.00024837
-0.0802494 0.2679 0.244766 -0.00843201 -0.00244145 -0.00014919
-0.0960903 0.238079 0.160197 -0.0088805 -0.00279997 -0.00042458
-0.0749253 0.358117 0.310873 -0.0101289 -0.00196238 -0.00020466
-0.0786737 0.274281 0.292489 -0.00940577 -0.00242661 -0.00032257
-0.0610015 0.309816 0.308918 -0.00889476 -0.00182147 0.00058528
-0.0608881 0.402007 0.354815 -0.00857454 -0.00140498 -0.00062122
-0.120899 0.270918 0.228019 -0.00760793 -0.0027258 -0.00127761
-0.113997 0.307615 0.190019 -0.0072765 -0.00275094 -0.00129837
-0.0491664 0.406642 0.310849 -0.00897667 -0.00144253 -0.0008813
-0.0519565 0.356488 0.32307 -0.00908173 -0.00079258 -0.0008877
-0.0960213 0.302475 0.2671 -0.00903973 -0.00205809 -0.00112975
-0.0875851 0.340338 0.265683 -0.0089246 -0.00218595 -0.00093858
-0.0895078 0.311019 0.252209 -0.008386 -0.00216143 -0.00089101
-0.10171 0.302419 0.262393 -0.00840346 -0.00235036 -0.00134016
-0.10935 0.354728 0.298064 -0.00887186 -0.00201247 -0.00114938
-0.0959326 0.527039 0.501096 -0.0108356 -0.00156175 -0.00101939
-0.0937257 0.485909 0.543378 -0.0103705 -0.00207384 -0.00109725
-0.113039 0.33966 0.355457 -0.00870452 -0.0024147 -0.00087716
-0.119535 0.364129 0.301408 -0.00837061 -0.00220754 -0.00115723
-0.110168 0.39923 0.305674 -0.00874412 -0.00180866 -0.00134016
-0.119446 0.279641 0.252356 -0.00760561 -0.00243555 -0.00134016
-0.131264 0.289895 0.232685 -0.00764416 -0.00236067 -0.00134016
-0.110559 0.379331 0.289463 -0.00851347 -0.00199386 -0.00115612
-0.0788351 0.480669 0.365047 -0.00952805 -0.00125269 -0.00134016
-0.0750147 0.360498 0.357803 -0.00864415 -0.00130363 -0.00080597
-0.0983353 0.239957 0.223461 -0.00761063 -0.0022799 -0.00110149
-0.109669 0.278644 0.18502 -0.00788691 -0.00223276 -0.00134016
-0.102579 0.380902 0.234646 -0.00880445 -0.0018723 -0.00113335
-0.100223 0.294522 0.181529 -0.00783912 -0.00177147 -0.00114196
-0.105427 0.288672 0.185257 -0.00816889 -0.00219758 -0.00098784
-0.108492 0.380344 0.209047 -0.00828768 -0.00233357 -0.00111541
-0.120905 0.320937 0.191013 -0.00758512 -0.00234507 -0.00114369
-0.13853 0.305366 0.219564 -0.00762255 -0.00233646 -0.00139471
-0.126728 0.362308 0.210586 -0.007363 -0.00235925 -0.00134016
-0.136123 0.274206 0.153622 -0.00643942 -0.00254064 -0.00127552
-0.135437 0.324207 0.21304 -0.00758967 -0.00264556 -0.00134016
-0.143559 0.31978 0.19332 -0.00686837 -0.0026905 -0.00134016
-0.143611 0.289139 0.19947 -0.00698774 -0.00252992 -0.00134016
-0.144619 0.308811 0.192137 -0.0068466 -0.00285974 -0.00134016
-0.144436 0.382066 0.234851 -0.00800218 -0.00250445 -0.00134016
-0.140936 0.348262 0.223839 -0.0077105 -0.00262998 -0.00121103
-0.165347 0.272122 0.182418 -0.00628116 -0.00306562 -0.00163071
-0.157304 0.340936 0.220281 -0.00696309 -0.00280575 -0.00144225
-0.133857 0.407283 0.250998 -0.00778391 -0.00240964 -0.00134573
-0.143544 0.267446 0.207233 -0.00666759 -0.00240964 -0.00124978
-0.162053 0.277285 0.195834 -0.00639634 -0.00318629 -0.00151306
-0.140886 0.349146 0.17539 -0.00617967 -0.00260927 -0.00162437
-0.11945 0.356302 0.181299 -0.00631449 -0.00217987 -0.00177922
-0.142406 0.257105 0.184446 -0.00598666 -0.00268398 -0.00143166
-0.139372 0.358394 0.223096 -0.00739892 -0.00242863 -0.00147279
-0.135812 0.423246 0.233104 -0.0087893 -0.00152178 -0.00112641
-0.162051 0.298945 0.221602 -0.0086557 -0.00204447 -0.00133599
-0.157073 0.342023 0.224843 -0.00845158 -0.0022439 -0.00142389
-0.140564 0.381596 0.24208 -0.00851672 -0.00201156 -0.00134492
-0.15371 0.30129 0.210526 -0.00717097 -0.0023427 -0.00154285
-0.125183 0.373949 0.311043 -0.0105644 -0.00102628 -0.00041304
-0.105228 0.394497 0.273224 -0.0086528 -0.00129385 0.00016426
-0.11591 0.327248 0.254529 -0.0085535 -0.00183998 0.00038108
-0.111129 0.385499 0.291357 -0.00901683 -0.00183998 0.00054647
-0.113285 0.401567 0.29999 -0.00924362 -0.00183998 0.00038599
-0.118975 0.336397 0.295815 -0.00848063 -0.00228969 0.00039301
-0.127184 0.37809 0.304972 -0.00860687 -0.00247883 5.753e-05
-0.133933 0.421119 0.300436 -0.00907286 -0.00238007 -0.00046126
-0.140536 0.338028 0.278704 -0.00816048 -0.00258025 -0.00059772
-0.153224 0.338077 0.291439 -0.00758103 -0.00309095 -0.00094994
-0.138594 0.414658 0.289683 -0.00843932 -0.00280793 -0.00074246
-0.149322 0.320085 0.281537 -0.00831213 -0.00311816 -0.00069472
-0.155501 0.379568 0.278629 -0.00820662 -0.00311816 -0.00059829
-0.086971 0.433662 0.29135 -0.00942329 -0.00236138 0.00094238
-0.0853368 0.259295 0.203668 -0.00832673 -0.00240618 0.00027583
-0.0405337 0.284241 0.0961054 -0.00984619 -0.00240618 0.00173004
-0.0324212 0.423403 0.246455 -0.0104264 -0.00240618 0.00134237
-0.0721362 0.269912 0.128268 -0.00834518 -0.00240618 0.00037979
-0.0887772 0.312286 0.105904 -0.0118908 -0.00100681 -0.0003503
-0.0660003 0.381185 0.141735 -0.0103172 -0.00159103 0.00051751
-0.0471182 0.230942 0.0115701 -0.00863719 -0.00213177 0.00079872
-0.0912218 0.297169 0.0590102 -0.00860847 -0.00269589 -0.00063134
-0.0467818 0.372559 0.148754 -0.00828122 -0.00133384 -0.00064399
-0.0768294 0.260545 0.148549 -0.00717024 -0.00233433 -0.00057116
-0.110884 0.293762 0.147839 -0.0075763 -0.00291612 -0.00078211
-0.0974366 0.392112 0.203177 -0.00843721 -0.00257526 -0.0008407
-0.0969416 0.276927 0.162219 -0.00727006 -0.00284789 -0.00082676
-0.102335 0.229698 0.0312487 -0.00732726 -0.00332129 -0.00101106
-0.112981 0.288493 0.0150847 -0.00678641 -0.00307566 -0.00102268
-0.136505 0.239001 0.0211856 -0.00619488 -0.00313568 -0.00088161
-0.132311 0.362867 0.180607 -0.00750982 -0.00339737 -0.00110241
-0.129853 0.417485 0.185086 -0.00776644 -0.00311462 -0.00104321
-0.110416 0.351566 0.180622 -0.0076367 -0.00310662 -0.00069054
-0.109384 0.334139 0.170692 -0.00751874 -0.00353716 -0.00042103
-0.0887243 0.36656 0.219242 -0.00926501 -0.00348448 0.00051857
-0.0857163 0.312524 0.201963 -0.00900211 -0.00332903 0.00067328
-0.0918591 0.316627 0.192402 -0.00854254 -0.00333673 0.0004188
-0.0965731 0.359929 0.201917 -0.00895127 -0.00379252 0.00035138
-0.105342 0.321682 0.192604 -0.00858941 -0.00387971 0.00025467
-0.108192 0.333384 0.218257 -0.00835374 -0.00378906 0.00025467
-0.0662515 0.425012 0.288124 -0.00912557 -0.00262275 0.00065562
-0.0563963 0.506738 0.404976 -0.00963196 -0.00154972 0.00025467
-0.0740068 0.324506 0.408647 -0.00923794 -0.00239816 0.00051823
-0.0975447 0.206835 0.238097 -0.00929267 -0.00362402 0.00015884
-0.0918224 0.375858 0.281608 -0.0102062 -0.00318829 0.00045039
-0.044249 0.485644 0.369985 -0.0104197 -0.00194505 0.00025467
-0.0739927 0.355128 0.328924 -0.0100455 -0.00290433 0.00021748
-0.0974215 0.433309 0.280292 -0.0117505 -0.00293999 7.484e-05
-0.0746166 0.489098 0.300365 -0.0109505 -0.00241275 7.368e-05
-0.0980202 0.359884 0.249279 -0.00970166 -0.00347768 2.142e-05
-0.112263 0.393105 0.254164 -0.00940219 -0.0034013 -0.00036216
-0.0980681 0.41283 0.275252 -0.00951444 -0.00350066 -3.174e-05
-0.0966766 0.297287 0.239542 -0.0085985 -0.00383482 -0.00013852
-0.0811373 0.350931 0.286292 -0.00874624 -0.0036431 -4.25e-06
-0.0540029 0.420077 0.345234 -0.00870254 -0.0023783 0.00033975
-0.0682801 0.316476 0.300822 -0.00699004 -0.00343304 8.015e-05
-0.0592582 0.353534 0.267872 -0.00877704 -0.00373322 0.00030568
-0.0329988 0.460862 0.363609 -0.00963938 -0.00310527 0.00028103
-0.0405043 0.323128 0.240701 -0.00722135 -0.0039878 0.00064903
-0.0552249 0.27627 0.101422 -0.00597829 -0.00425499 0.00066335
-0.0508029 0.394264 0.239214 -0.00732162 -0.00433685 0.00052983
-0.0647829 0.410224 0.320074 -0.00826347 -0.00445503 0.00031223
-0.0563741 0.441447 0.348724 -0.00867626 -0.00419143 -0.00076968
-0.0388189 0.485966 0.348761 -0.00801681 -0.00430338 -0.00036893
-0.0544618 0.350491 0.333583 -0.00762706 -0.00480267 -0.0004743
-0.0566963 0.35797 0.264007 -0.0077253 -0.00520325 -0.00045817
-0.0325607 0.442441 0.316098 -0.0083953 -0.00462369 -0.00050744
-0.0345957 0.346675 0.292798 -0.0077187 -0.00495567 -0.00039758
-0.0427024 0.352558 0.273722 -0.00776442 -0.00579796 -0.00080617
-0.0128623 0.433462 0.292215 -0.00865405 -0.00531404 6.582e-05
-0.00668925 0.37073 0.29326 -0.00801406 -0.00612787 0.00027658
-0.0106912 0.373902 0.258371 -0.00747939 -0.00624217 -0.00030546
-0.0128735 0.439047 0.316 -0.00821859 -0.0060065 -0.00058455
-0.025661 0.40705 0.307563 -0.00750255 -0.00605749 -0.00073747
-0.00667532 0.342746 0.27135 -0.00675421 -0.00649976 -0.00063429
0.00297716 0.409528 0.307354 -0.00781877 -0.00656257 -0.00055098
0.00735693 0.364294 0.296191 -0.00720637 -0.00656257 -0.00053902
0.00907006 0.349866 0.28591 -0.00646417 -0.00646313 -0.0004753
0.00868056 0.382001 0.321322 -0.00665516 -0.00681976 -0.00067213
0.0135873 0.368683 0.323691 -0.00636948 -0.00743586 -0.00038787
0.0122753 0.353832 0.294674 -0.00619008 -0.00715792 -9.896e-05
0.00501316 0.425568 0.317898 -0.00704652 -0.00687705 -0.00038787
-0.0154431 0.390745 0.317946 -0.00687685 -0.00675194 -0.00038787
-0.00378199 0.364972 0.330171 -0.00657701 -0.00717819 -0.00038787
0.0266434 0.551295 0.410278 -0.00841085 -0.00658901 -0.00038787
0.0754703 0.502927 0.455683 -0.00804661 -0.00599544 0.0003714
0.0597538 0.328598 0.410873 -0.00698469 -0.00687242 0.00045013
0.0401941 0.359466 0.34929 -0.00724925 -0.00722177 -4.396e-05
0.0505277 0.524224 0.401488 -0.00906562 -0.00604453 -0.00038787
0.0617603 0.40484 0.362693 -0.00726921 -0.0065607 -0.00014964
0.0525442 0.404168 0.38333 -0.0069834 -0.00721192 -0.00038787
0.0509616 0.526237 0.410095 -0.00769311 -0.00717814 -0.0008237
0.0636184 0.47168 0.388838 -0.00768634 -0.00695419 -0.00053491
0.045442 0.397588 0.394946 -0.00703107 -0.00761795 -0.00075859
0.0577842 0.488486 0.392024 -0.00700731 -0.00723108 -0.00095098
0.0854445 0.346648 0.368354 -0.00610883 -0.00732273 -0.00016637
0.0593145 0.354738 0.368379 -0.00736307 -0.00723863 -0.00022008
0.0702049 0.544079 0.550466 -0.00939696 -0.00690996 -0.00057242
0.0698106 0.449589 0.541472 -0.00862818 -0.0074453 -0.00069469
0.0540494 0.460267 0.484364 -0.00877154 -0.00805284 -0.0007218
0.0739542 0.551353 0.49899 -0.00911944 -0.00647938 -0.00122356
0.0744012 0.444071 0.465016 -0.00846256 -0.00766574 -0.00074038
0.0695646 0.443853 0.446737 -0.00795042 -0.00782745 -0.00057987
0.0951721 0.549685 0.48646 -0.00830153 -0.00736646 -0.00059527
0.0736022 0.387239 0.41564 -0.00729398 -0.00837589 -0.00066175
0.0598546 0.415128 0.417077 -0.00762195 -0.00862245 -0.00093348
0.0903318 0.495173 0.425578 -0.00784895 -0.00844292 -0.00060123
0.0902437 0.413949 0.383399 -0.00708404 -0.00887226 -0.00022333
0.0810499 0.377458 0.336804 -0.00628239 -0.00876211 -0.00018371
0.0828085 0.450768 0.381756 -0.00643658 -0.00836123 -0.00042842
0.094237 0.49602 0.400959 -0.00686699 -0.00841945 -0.00038818
0.091935 0.342602 0.376157 -0.0060853 -0.00907163 -0.00027283
0.0899162 0.400478 0.368904 -0.00632945 -0.00917637 -0.00068089
0.124023 0.476837 0.431278 -0.00725407 -0.00829509 -0.00123883
0.116266 0.359775 0.337582 -0.00458069 -0.00798807 -0.00035631
0.0813629 0.308406 0.18628 -0.00381172 -0.00542617 -0.00036862
0.114116 0.420351 0.261628 -0.00381172 -0.00580597 0.00015149
0.151115 0.579525 0.501297 -0.00561096 -0.00569527 0.00064481
0.151069 0.67504 0.688642 -0.00552593 -0.00485749 0.00051005
0.133393 0.238499 0.546109 -0.00453904 -0.00566944 0.00047756
0.0694912 0.146038 0.120131 -0.00326699 -0.00569889 -0.00063415
0.0246224 0.205918 0.0662825 -0.00503694 -0.00475776 -0.00120424
0.0143313 0.283959 0.0822171 -0.0048603 -0.00494016 -0.00140805
0.0525168 0.401463 0.121847 -0.00568314 -0.00383871 0.00079759
0.0339296 0.374217 0.117586 -0.00557614 -0.00392622 1.4e-06
0.0371034 0.330684 0.103376 -0.00544901 -0.00441345 -0.00043862
0.0707439 0.399633 0.212037 -0.00589377 -0.00394315 -0.00058907
0.0657724 0.282927 0.1686 -0.00498661 -0.00455524 -0.00083281
0.0573474 0.262976 0.137301 -0.00527484 -0.00543914 -0.00096876
0.0962279 0.314881 0.202332 -0.00567174 -0.00556746 -0.00096876
0.115833 0.233193 0.17211 -0.00523007 -0.00669685 -0.00062723
0.129928 0.257465 0.207422 -0.0059072 -0.00706329 -0.00072333
0.139093 0.356902 0.293372 -0.00643557 -0.0071077 -0.00060469
0.132727 0.318242 0.27316 -0.00614492 -0.00764808 -0.00078155
0.130254 0.337362 0.238755 -0.00621982 -0.00788278 -0.00041441
0.131337 0.404857 0.271588 -0.00662336 -0.00800905 -0.00051184
0.13749 0.434208 0.342606 -0.00662336 -0.00754341 -0.00050623
0.118527 0.325693 0.282449 -0.00624307 -0.00793902 -0.00042712
0.128036 0.347554 0.258702 -0.00643804 -0.00745032 -0.00060362
0.143589 0.367105 0.278713 -0.00687828 -0.0062822 0.00053295
0.138873 0.241305 0.21547 -0.00676961 -0.00681584 0.00064372
0.131379 0.27231 0.228583 -0.007598 -0.00719774 0.00011955
0.138818 0.349348 0.305029 -0.00754015 -0.00715997 -0.00045892
0.14549 0.331011 0.283355 -0.00698327 -0.00747834 -0.00010935
0.149119 0.320482 0.269638 -0.00761112 -0.00824266 2.914e-05
0.154816 0.34572 0.270176 -0.00729209 -0.00834594 -0.00011592
0.143739 0.329229 0.270885 -0.00724234 -0.00837267 -0.0003055
0.143321 0.33191 0.280751 -0.00699003 -0.00856777 -0.00049272
0.146546 0.404458 0.310191 -0.00795981 -0.00809563 -0.00049911
0.141711 0.333969 0.294022 -0.00816313 -0.00815151 -0.00040175
0.116344 0.319375 0.294549 -0.00765246 -0.00812849 -0.0006036
0.106486 0.379926 0.334513 -0.0079728 -0.0079881 -0.00077329
0.0901586 0.475926 0.379056 -0.00952373 -0.00637633 -0.00076719
0.0517868 0.277377 0.295599 -0.00841763 -0.00743862 -0.00024418
0.0517783 0.323667 0.298969 -0.00840366 -0.00746382 -0.00025092
0.0617241 0.341804 0.275762 -0.00828955 -0.00753529 -0.00024991
0.0740253 0.257775 0.19111 -0.0076454 -0.00740035 -0.00055707
0.0891386 0.400709 0.315674 -0.00827552 -0.0076521 -0.00049866
0.102356 0.493633 0.347417 -0.0091858 -0.00719558 -0.00049866
0.110904 0.342757 0.277609 -0.00843356 -0.00736764 1.364e-05
0.0541803 0.313903 0.156088 -0.00870532 -0.00774991 -0.0009219
0.0906196 0.410081 0.273591 -0.00986318 -0.00754038 -0.00026102
0.109508 0.275626 0.225646 -0.00760331 -0.00752767 -0.00032445
0.124993 0.283976 0.233634 -0.0072368 -0.00740226 0.00025697
0.146006 0.399532 0.286878 -0.00804136 -0.00658211 0.00143836
0.147298 0.396775 0.340525 -0.00831299 -0.00686501 0.00022577
0.091262 0.28678 0.300116 -0.00824294 -0.00749243 -0.00021073
0.100699 0.384894 0.341164 -0.00933519 -0.00728451 -5.343e-05
0.121093 0.441986 0.365184 -0.0100306 -0.00681265 0.00010308
0.121918 0.347061 0.320734 -0.00810888 -0.00737737 -0.00013066
0.118747 0.406094 0.338539 -0.00895281 -0.00759543 -0.00019053
0.0953062 0.475399 0.371841 -0.0103495 -0.0067435 -0.00072562
0.0992201 0.331574 0.322825 -0.00886943 -0.00694933 -0.00063435
0.11093 0.353155 0.33577 -0.00820253 -0.00723378 -0.0007184
0.129436 0.508686 0.385864 -0.00938424 -0.00694488 -0.00068004
0.118134 0.391172 0.322409 -0.0081518 -0.00721628 -0.00030675
0.0551867 0.280944 0.149995 -0.00757015 -0.00646466 -0.0003423
0.119281 0.269725 0.136188 -0.00446869 -0.00435774 0.00179967
0.124855 0.2683 0.192778 -0.00458979 -0.00413219 0.00147192
0.144567 0.276575 0.270599 -0.00674318 -0.00621741 0.0012554
0.174621 0.36034 0.30165 -0.00770539 -0.00544808 0.00197177
0.185403 0.324612 0.289322 -0.00698676 -0.00593088 0.00209703
0.152919 0.250527 0.154129 -0.00783122 -0.00671068 0.00134284
0.164938 0.377435 0.273844 -0.00621789 -0.00423734 0.00178255
0.139121 0.300851 0.190686 -0.00730042 -0.0034257 0.00190029
0.142098 0.305352 0.139396 -0.00782665 -0.00447793 0.00237806
0.1827 0.416064 0.282369 -0.0078544 -0.00535176 0.00241743
0.163653 0.293836 0.246679 -0.00675681 -0.00598727 0.00175011
0.176074 0.325415 0.247879 -0.0070562 -0.00646051 0.00191786
0.204056 0.381112 0.334118 -0.00744379 -0.00616375 0.00190471
0.192686 0.321701 0.341633 -0.00768051 -0.00668311 0.00179041
0.200838 0.333527 0.329167 -0.00704589 -0.00678243 0.00210246
0.201689 0.351674 0.334858 -0.00670619 -0.00681826 0.00240958
0.197044 0.318813 0.334221 -0.00628968 -0.00684613 0.00209496
0.201009 0.332794 0.332082 -0.00622609 -0.00720234 0.00200907
0.208851 0.365417 0.347 -0.00647885 -0.00694227 0.00241773
0.214197 0.375824 0.408302 -0.00722566 -0.00668234 0.00250479
0.213904 0.331037 0.370199 -0.00670619 -0.00712314 0.00244371
0.213999 0.320498 0.339852 -0.00580803 -0.00720422 0.00250619
0.223689 0.378542 0.36456 -0.00623142 -0.00712296 0.00270045
0.224892 0.416821 0.386514 -0.00741972 -0.00668429 0.00253618
0.225665 0.313154 0.381125 -0.00790588 -0.0069193 0.00259894
0.227235 0.370153 0.395549 -0.00776537 -0.00680507 0.00262252
0.236474 0.496868 0.4787 -0.00858215 -0.00627541 0.00292578
0.241401 0.379987 0.472955 -0.00760702 -0.00627433 0.00297803
0.22729 0.324492 0.424403 -0.00791091 -0.00684297 0.00282918
0.214639 0.441479 0.478061 -0.00904254 -0.00673382 0.00267893
0.202039 0.455951 0.45389 -0.00813332 -0.00621629 0.00246502
0.191979 0.455099 0.414448 -0.00800712 -0.00656584 0.00251465
0.194681 0.483485 0.503801 -0.00873047 -0.00624674 0.00234104
0.175174 0.430374 0.513435 -0.00853516 -0.0048843 0.00191812
0.181697 0.422636 0.446196 -0.00874452 -0.00518468 0.00207398
0.17491 0.479739 0.473407 -0.00917233 -0.00501912 0.0021423
0.184081 0.428244 0.478962 -0.00895276 -0.00522193 0.00207789
0.184272 0.430379 0.487739 -0.00849087 -0.00554057 0.00202967
0.202681 0.486221 0.461494 -0.00852985 -0.00569759 0.00229649
0.177074 0.324567 0.330821 -0.00694816 -0.00629051 0.00253373
0.191259 0.38682 0.417458 -0.0073155 -0.00683872 0.0025649
0.200866 0.489329 0.444926 -0.00829039 -0.00618712 0.00256992
0.190818 0.434302 0.409377 -0.00761263 -0.00604022 0.00250998
0.186631 0.382574 0.373998 -0.00761263 -0.00604022 0.00286633
0.202066 0.535842 0.442971 -0.00877275 -0.0058809 0.00315436
0.202834 0.403115 0.40224 -0.00783896 -0.00637883 0.00295297
0.182762 0.424261 0.416435 -0.00890432 -0.00587317 0.00280882
0.207988 0.526698 0.449523 -0.00921044 -0.0062459 0.00317721
0.209512 0.392966 0.405337 -0.0082256 -0.00658011 0.00301401
0.195371 0.413777 0.401469 -0.00870228 -0.00657296 0.00293791
0.210052 0.501705 0.419085 -0.00889973 -0.00617862 0.00316942
0.203003 0.372277 0.38629 -0.00818258 -0.00671591 0.00288817
0.198295 0.436842 0.408949 -0.00860646 -0.0069472 0.0030364
0.209917 0.478661 0.431894 -0.00850846 -0.00661778 0.00322733
0.199951 0.408156 0.384238 -0.00811692 -0.00707385 0.00304398
0.222548 0.506908 0.448384 -0.00932179 -0.00711712 0.0037092
0.22711 0.496311 0.407143 -0.00825732 -0.00742389 0.00372303
0.208025 0.433135 0.401675 -0.00843146 -0.00708028 0.00346875
0.227433 0.486616 0.439278 -0.00845382 -0.00708698 0.00385668
0.229762 0.4199 0.41953 -0.00851188 -0.00748747 0.0036219
0.229173 0.444958 0.434764 -0.00856779 -0.00741496 0.00364065
0.213169 0.501047 0.519179 -0.0112536 -0.00635277 0.00379016
0.220617 0.42988 0.488985 -0.00932799 -0.00675946 0.00367877
0.23842 0.503717 0.521787 -0.0101745 -0.0069199 0.00381649
0.242373 0.51485 0.497041 -0.00971937 -0.00696507 0.00408287
0.236871 0.420827 0.498292 -0.00911445 -0.00726806 0.00391089
0.226747 0.506134 0.512957 -0.00951405 -0.00733814 0.0035164
0.25557 0.570192 0.57203 -0.0103972 -0.00723148 0.00360855
0.258559 0.422497 0.522709 -0.0086345 -0.00743445 0.00346845
0.248047 0.39968 0.470595 -0.00783063 -0.00816766 0.00343383
0.244363 0.552762 0.566014 -0.00973522 -0.00834709 0.00370557
0.245252 0.522696 0.541524 -0.00857835 -0.00855121 0.00413626
0.236996 0.505396 0.533419 -0.00802731 -0.00870187 0.00397532
0.236119 0.477358 0.483744 -0.0069288 -0.00838345 0.00352175
0.294328 0.645544 0.578926 -0.00668389 -0.00841248 0.00475443
0.263092 0.478401 0.537149 -0.00590534 -0.0081745 0.00423769
0.261315 0.293934 0.399372 -0.0060572 -0.0081745 0.00365727
0.26303 0.412383 0.385675 -0.00745975 -0.00692756 0.0037589
0.26186 0.459272 0.397414 -0.00801128 -0.00612785 0.00393413
0.247025 0.288073 0.167896 -0.00745722 -0.00657315 0.00374175
0.245479 0.382785 0.214149 -0.00922698 -0.00632114 0.00409131
0.257875 0.496008 0.339271 -0.00929046 -0.00586228 0.0048216
0.245046 0.35565 0.255342 -0.0081466 -0.00649743 0.00427181
0.232389 0.448045 0.230262 -0.0092618 -0.0054713 0.00457985
0.235358 0.473734 0.294311 -0.00949146 -0.00540268 0.00441932
0.232378 0.316952 0.160065 -0.00837106 -0.00636753 0.00411172
0.236606 0.385237 0.210247 -0.00948486 -0.00660666 0.0042385
0.258553 0.452967 0.268264 -0.00964605 -0.00687589 0.00455527
0.247535 0.322765 0.202249 -0.0093544 -0.00722674 0.00421369
0.248856 0.356019 0.25628 -0.00932125 -0.00746935 0.00426194
0.258445 0.443071 0.299454 -0.00990488 -0.00719842 0.0046199
0.239736 0.359518 0.277937 -0.0095363 -0.00779579 0.00400677
0.237328 0.401086 0.27822 -0.00920264 -0.00792237 0.00408182
0.246604 0.421605 0.276082 -0.00968469 -0.00778979 0.00405358
0.249267 0.398753 0.273943 -0.00937813 -0.00794337 0.00415238
0.256724 0.417551 0.307419 -0.00970552 -0.00758177 0.003751
0.271091 0.43123 0.334214 -0.00980751 -0.00828369 0.00359025
0.282192 0.394898 0.347753 -0.00979202 -0.00868572 0.00342866
0.290037 0.420255 0.340759 -0.01073 -0.00894703 0.00365308
0.298959 0.399678 0.361596 -0.0107698 -0.00889079 0.00349912
0.296037 0.37455 0.429757 -0.0105991 -0.00888075 0.00346332
0.304374 0.456284 0.464018 -0.0107224 -0.00873047 0.00345579
0.309754 0.594682 0.577376 -0.010025 -0.00821684 0.00386005
0.302596 0.367467 0.5726 -0.00811389 -0.00842806 0.00383567
0.243215 0.284595 0.295929 -0.00948402 -0.00774037 0.0034884
0.270331 0.38943 0.274345 -0.00964481 -0.00679417 0.00492774
0.296438 0.47429 0.338847 -0.00941243 -0.00682588 0.00511404
0.26236 0.30882 0.21871 -0.00945827 -0.00776272 0.00489562
0.291541 0.43642 0.238842 -0.00953449 -0.00807778 0.00527517
0.304397 0.398089 0.251646 -0.00876434 -0.00795465 0.00529405
0.279831 0.292871 0.226744 -0.00960508 -0.00895115 0.0045579
0.32384 0.434621 0.2794 -0.00939901 -0.00811096 0.00603362
0.370674 0.528242 0.400232 -0.00858701 -0.00705127 0.00699351
0.295337 0.296093 0.324025 -0.00713373 -0.00805013 0.00501334
0.268758 0.274664 0.18616 -0.00878716 -0.00716626 0.00510008
0.29715 0.423055 0.291166 -0.00958181 -0.00746409 0.00567087
0.278206 0.316048 0.199955 -0.00861591 -0.00856521 0.00467114
0.285692 0.382575 0.19146 -0.00859819 -0.0090638 0.00490601
0.31828 0.44675 0.215793 -0.00859254 -0.00852804 0.00513789
0.315195 0.330412 0.153789 -0.00842067 -0.00831078 0.00451409
0.313853 0.392726 0.215601 -0.00955989 -0.00896494 0.00459715
0.335967 0.41059 0.238233 -0.00888003 -0.00952632 0.00477855
0.341062 0.360772 0.237821 -0.0088596 -0.00968739 0.00487458
0.342949 0.368647 0.239168 -0.00872836 -0.00976266 0.00472387
0.349128 0.385739 0.250453 -0.00929155 -0.0095988 0.00480004
0.338969 0.36364 0.257042 -0.00876409 -0.00964565 0.00462155
0.342457 0.365459 0.26584 -0.00809414 -0.0100178 0.00451443
0.369959 0.465401 0.352591 -0.00855992 -0.00979512 0.00489771
0.404505 0.531353 0.485241 -0.00832518 -0.00911098 0.0052461
0.380433 0.485765 0.53907 -0.00832518 -0.00929525 0.00487683
0.338653 0.320169 0.496135 -0.0070506 -0.0106166 0.00483464
0.332276 0.384432 0.386472 -0.00769955 -0.0101979 0.00660341
0.345241 0.500847 0.40926 -0.00765273 -0.00901487 0.0068154
0.295231 0.361191 0.329343 -0.00813352 -0.00967876 0.00490975
0.271872 0.417657 0.344673 -0.00781908 -0.0093912 0.00489982
0.2999 0.487633 0.38056 -0.0082223 -0.00894377 0.00535103
0.292003 0.400768 0.398483 -0.00825989 -0.0096313 0.00507259
0.300818 0.43332 0.416886 -0.00843944 -0.0105567 0.00487061
0.307201 0.476268 0.425206 -0.00878676 -0.0105427 0.0047895
0.295826 0.434124 0.399042 -0.00847853 -0.0103991 0.00385377
0.276137 0.429149 0.445078 -0.00768425 -0.0114165 0.00327652
0.298114 0.515651 0.46853 -0.00683662 -0.0106347 0.0040055
0.333556 0.552435 0.487622 -0.00640451 -0.00969955 0.00425734
0.267639 0.329291 0.337102 -0.00674448 -0.00836562 0.00473366
0.262801 0.353977 0.255971 -0.00821025 -0.00951068 0.0049799
0.291344 0.477668 0.378896 -0.00950414 -0.00846722 0.00538874
0.254341 0.324992 0.310031 -0.0109497 -0.00843062 0.00525372
0.251084 0.374877 0.27041 -0.0107398 -0.00890624 0.00509571
0.274688 0.501415 0.333918 -0.0104177 -0.00952531 0.00535223
0.250607 0.378196 0.30916 -0.00954389 -0.0102 0.00488083
0.265531 0.431082 0.342688 -0.0097877 -0.0106973 0.00497933
0.291681 0.521289 0.418395 -0.00919185 -0.0106315 0.00513273
0.255763 0.346645 0.25122 -0.0095658 -0.00930698 0.00518805
0.246688 0.394972 0.281033 -0.0096297 -0.00930572 0.00531147
0.248082 0.479826 0.350158 -0.00964779 -0.00968113 0.00522995
0.250877 0.338093 0.319902 -0.00918069 -0.0107105 0.00459937
0.255562 0.398034 0.32755 -0.00935556 -0.0112152 0.00469986
0.278262 0.501229 0.387365 -0.00928945 -0.0113101 0.00534859
0.276213 0.408206 0.375543 -0.00889733 -0.0120787 0.00500009
0.274803 0.459335 0.392966 -0.00913353 -0.0121138 0.00492252
0.288531 0.488028 0.405346 -0.00940486 -0.0121434 0.00525148
0.294324 0.449066 0.402314 -0.00944876 -0.0121197 0.00501318
0.30313 0.454124 0.405068 -0.0092558 -0.0119256 0.0050775
0.30922 0.522508 0.412818 -0.0088647 -0.0117901 0.00551437
0.320686 0.431611 0.378556 -0.00871956 -0.0126776 0.00546252
0.297113 0.426197 0.401543 -0.00913094 -0.0123535 0.00528891
0.296777 0.486996 0.462319 -0.0102329 -0.0120024 0.00550932
0.300031 0.387335 0.452732 -0.0100276 -0.0122197 0.00529881
0.297526 0.419773 0.453721 -0.0100435 -0.0129823 0.00543075
0.311725 0.481494 0.434486 -0.00998515 -0.012963 0.00548827
0.308183 0.43836 0.447272 -0.0100919 -0.0131228 0.00550342
0.314915 0.483786 0.466387 -0.00999715 -0.0135548 0.00530759
0.332715 0.586336 0.527207 -0.0104236 -0.0121795 0.00594282
0.348188 0.526577 0.59077 -0.0101288 -0.0125778 0.00633369
0.360238 0.462096 0.650232 -0.0100563 -0.0133562 0.00588763
0.354595 0.42261 0.509733 -0.00890252 -0.0135557 0.00522577
0.359419 0.500979 0.447177 -0.00925062 -0.012227 0.00517853
0.316965 0.374553 0.359615 -0.0091008 -0.0115612 0.00429918
0.285989 0.377244 0.280721 -0.00932197 -0.012166 0.00426258
0.315354 0.512333 0.3718 -0.00979894 -0.0120624 0.00510194
0.317049 0.390029 0.371295 -0.00957394 -0.012248 0.00518378
0.32201 0.419803 0.395706 -0.00974995 -0.0128886 0.00498302
0.327863 0.508462 0.403997 -0.00992181 -0.0117244 0.00574628
0.289144 0.322014 0.348274 -0.00870874 -0.0118035 0.00530261
0.264544 0.327743 0.347004 -0.00831545 -0.0111662 0.00497223
0.273289 0.439906 0.387295 -0.0101005 -0.0112593 0.0054846
0.27672 0.44112 0.410462 -0.0106114 -0.0114301 0.00553389
0.27297 0.329524 0.363073 -0.0091567 -0.0118866 0.00536006
0.28987 0.410888 0.408512 -0.00969919 -0.0122454 0.00541165
0.295206 0.45767 0.40967 -0.0102555 -0.0119801 0.00544621
0.283057 0.344451 0.408096 -0.00954218 -0.0126192 0.00419555
0.296818 0.392562 0.416768 -0.00948368 -0.0118099 0.00499239
0.298576 0.470664 0.428752 -0.00865594 -0.0113281 0.00507875
0.266586 0.419997 0.398747 -0.00907631 -0.00956984 0.0043637
0.256734 0.437495 0.378263 -0.00922559 -0.0096427 0.00457191
0.273318 0.450405 0.416227 -0.00927233 -0.0102916 0.00490182
0.264286 0.391243 0.408606 -0.00929925 -0.0108106 0.00453145
0.269407 0.463132 0.450468 -0.00796406 -0.0113302 0.00446336
0.281327 0.431775 0.472317 -0.00816498 -0.0121929 0.00428476
0.274582 0.36214 0.418702 -0.00738462 -0.0121929 0.00414302
0.252118 0.360653 0.312442 -0.00712883 -0.0118595 0.00453178
0.253574 0.351225 0.323171 -0.00685768 -0.0123012 0.00456389
0.25375 0.356215 0.343988 -0.00673736 -0.0126631 0.0044141
0.241575 0.344502 0.254672 -0.00657057 -0.0122954 0.00448488
0.261484 0.38412 0.344743 -0.00660337 -0.0122657 0.00431078
0.280058 0.421699 0.423396 -0.006916 -0.0123473 0.00449332
0.289199 0.539004 0.500917 -0.00787134 -0.012244 0.00494103
0.299175 0.474548 0.528298 -0.00767983 -0.0127944 0.00490317
0.310005 0.365253 0.498995 -0.00713526 -0.0135029 0.00439504
0.314209 0.50089 0.531197 -0.00819722 -0.0130747 0.00480104
0.338045 0.644477 0.744647 -0.00982772 -0.0117613 0.00551381
0.34888 0.538062 0.76714 -0.00868218 -0.012526 0.00561193
0.348949 0.386993 0.665884 -0.00710368 -0.0141027 0.00529796
0.334567 0.479494 0.530593 -0.00793818 -0.0123572 0.00647136
0.352311 0.58704 0.632916 -0.00899871 -0.0116579 0.00661348
0.348499 0.477965 0.626658 -0.00808541 -0.0120676 0.00599349
0.325049 0.489509 0.602146 -0.00847628 -0.0122584 0.0056057
0.334058 0.631832 0.619827 -0.00904951 -0.0122867 0.00617627
0.327783 0.52918 0.602935 -0.00847831 -0.0121876 0.00573407
0.322249 0.444328 0.590625 -0.00842306 -0.0129872 0.00533501
0.316662 0.538424 0.632635 -0.0100473 -0.0125956 0.00530809
0.328325 0.508925 0.614731 -0.00886489 -0.0127058 0.00564012
0.332057 0.393093 0.624452 -0.00903213 -0.0137168 0.00531037
0.323493 0.487728 0.647792 -0.00962089 -0.0124859 0.00558216
0.357458 0.611921 0.70982 -0.00932348 -0.0121823 0.00548379
0.357277 0.547574 0.761919 -0.0100643 -0.0107804 0.00532412
0.343519 0.386201 0.593763 -0.00881128 -0.0112761 0.00529218
0.326073 0.44965 0.486667 -0.00912472 -0.0106145 0.00511935
0.315942 0.554439 0.570903 -0.00982345 -0.0107281 0.00500891
0.29737 0.499061 0.528017 -0.00866187 -0.0106945 0.00494778
0.295046 0.502654 0.586393 -0.01118 -0.0107305 0.00525793
0.291136 0.586462 0.626652 -0.0123199 -0.00949947 0.00553275
0.282635 0.484206 0.529053 -0.00854661 -0.0107357 0.00445557
0.257759 0.421012 0.450591 -0.00596603 -0.0117975 0.00349995
0.275821 0.481592 0.494203 -0.00689539 -0.0114418 0.00405968
0.292343 0.457311 0.504585 -0.00681327 -0.0114882 0.00424892
0.287757 0.404876 0.495988 -0.00670823 -0.0119707 0.00383897
0.286819 0.443201 0.49779 -0.00696855 -0.0119066 0.00394499
0.299362 0.514328 0.522412 -0.00724079 -0.0116182 0.00475439
0.303936 0.456785 0.530524 -0.00714618 -0.0117894 0.00470832
0.311663 0.445919 0.576283 -0.00743209 -0.0126937 0.00440779
0.312925 0.49633 0.56189 -0.00723646 -0.0127199 0.00424576
0.312252 0.486532 0.551087 -0.00722026 -0.0129596 0.0043783
0.328245 0.46502 0.561485 -0.00705358 -0.0135163 0.00454514
0.327659 0.457059 0.581401 -0.00716078 -0.0134455 0.0042122
0.327226 0.489464 0.609955 -0.00784916 -0.0138853 0.0040147
0.320759 0.482796 0.60183 -0.00795127 -0.0141265 0.00409291
0.327201 0.458343 0.612282 -0.00772969 -0.0138623 0.0040048
0.328921 0.484164 0.598084 -0.00728498 -0.0141099 0.00405219
0.355645 0.595803 0.601189 -0.00728407 -0.0133334 0.0043318
0.367062 0.587445 0.602631 -0.0076529 -0.0122762 0.00430422
0.353982 0.396263 0.55404 -0.00654283 -0.0132151 0.00408785
0.338181 0.465158 0.503342 -0.00615159 -0.0129971 0.00443923
0.35153 0.586919 0.563137 -0.00806457 -0.0118046 0.00433722
0.328262 0.409349 0.541539 -0.00705872 -0.0124429 0.00390685
0.306988 0.392279 0.495099 -0.00684145 -0.013575 0.00390273
0.293733 0.496061 0.478618 -0.00736125 -0.012302 0.00431295
0.31503 0.551952 0.520435 -0.00839834 -0.0111593 0.0046267
0.294188 0.385306 0.4614 -0.00727369 -0.0117333 0.00395744
0.283596 0.45669 0.483743 -0.00813693 -0.0121557 0.00417031
0.296214 0.550972 0.512072 -0.00895754 -0.0113789 0.00467087
0.291949 0.38834 0.430215 -0.00734881 -0.0118152 0.00425072
0.278597 0.435192 0.416527 -0.00810355 -0.0119571 0.00424554
0.289185 0.513685 0.475526 -0.00836977 -0.0122588 0.00491396
0.284478 0.407767 0.47446 -0.007831 -0.0124295 0.00424954
0.281529 0.452764 0.502246 -0.0081156 -0.0124558 0.00445135
0.294947 0.543526 0.544545 -0.00891624 -0.0122826 0.00482835
0.315961 0.56313 0.646161 -0.00955809 -0.0124463 0.00469115
0.345226 0.552738 0.747996 -0.00963027 -0.0131207 0.00449039
0.322107 0.549516 0.683506 -0.0094311 -0.0127728 0.0043101
0.291707 0.449915 0.470933 -0.00731169 -0.0123194 0.00443205
0.277469 0.380458 0.42834 -0.00714792 -0.0124393 0.00401433
0.267258 0.410992 0.409248 -0.00744221 -0.0130655 0.00391563
0.299407 0.489131 0.427179 -0.00753382 -0.0116064 0.00501415
0.33583 0.388295 0.36994 -0.00668032 -0.0113857 0.00537704
0.347119 0.323517 0.332006 -0.00731065 -0.0115997 0.0053528
0.327484 0.44523 0.396709 -0.00752894 -0.0107472 0.00581801
0.326057 0.542229 0.504899 -0.00821811 -0.00951454 0.00642979
0.326312 0.358203 0.470852 -0.00752634 -0.0103104 0.00633627
0.304996 0.377799 0.425033 -0.00727106 -0.0114381 0.00559481
0.312528 0.488137 0.458556 -0.00729292 -0.0125605 0.0052619
