-1e-08 0.137048 0.140692 -0.00201401 0 0
0.00017566 0.107675 0.144052 -0.00200813 -0.00013878 0.00011781
-1.807e-05 0.21285 0.221489 -0.00301838 -0.00023394 0.00011319
2.191e-05 0.102503 0.170694 -0.0014643 -0.00029379 0.00012988
7.613e-05 0.219768 0.192142 -0.00195272 -0.00015987 0.00013412
0.00010179 0.0931895 0.141408 -0.00113055 -0.00024645 0.00014109
0.00013122 0.22001 0.161915 -0.00118462 -0.00019778 0.00016116
8.718e-05 0.107322 0.165079 -0.0015137 -0.00027415 0.00015295
0.00027409 0.214581 0.192919 -0.00166274 -0.00018361 0.00020646
0.00017995 0.131396 0.168461 -0.00150704 -0.00019336 0.0001531
0.00022262 0.181808 0.188222 -0.00131296 0 0.00012272
8.943e-05 0.222633 0.211483 -0.00182123 -0.00014751 0.00012309
-0.00014262 0.136364 0.179514 -0.00121905 -0.00010157 -2.24e-06
-3.697e-05 0.233677 0.205375 -0.00190245 -0.00033964 0.00013995
0.00024114 0.125799 0.195024 -0.0017229 -0.00018854 0.00019097
0.00015069 0.24393 0.218947 -0.00192259 -0.00016425 0.00015811
0.00020104 0.128236 0.219343 -0.00206984 -0.00017196 0.00017488
0.00010645 0.226583 0.239133 -0.00222558 -0.00019074 0.0001545
1.476e-05 0.160114 0.198027 -0.00166009 -0.00035476 0.00015882
0.00014051 0.167724 0.238967 -0.00242366 -0.00014361 0.00014913
0.00010433 0.167829 0.23052 -0.00251268 -0.00021598 0.00014665
0.00010711 0.180089 0.244448 -0.00226117 -0.00023148 0.00016495
0.00010744 0.217783 0.206146 -0.00121178 -0.00019151 0.00014051
-0.00520113 0.137012 0.217004 -0.00172749 -0.00033506 0.00017404
5.222e-05 0.256826 0.24466 -0.0022045 -0.00027512 0.00016515
0.00020089 0.108952 0.224728 -0.00170709 -0.00036451 0.00022149
-5.109e-05 0.233224 0.20231 -0.00301648 0 5.685e-05
6.599e-05 0.178422 0.188592 -0.00261221 -0.00021284 0.00013851
-8.08e-05 0.266286 0.190139 -0.00282969 0 3.332e-05
-0.0116846 0.170377 0.144039 -0.00222555 -0.00038651 0.00017872
-0.00031267 0.272119 0.156702 -0.00347463 0 -4.903e-05
-0.01464 0.0831117 0.0941814 -0.0016966 -0.00030579 0.00017872
-0.0307879 0.131674 0.135075 -0.00246407 -0.00042084 -0.00051239
-0.00669859 0.129699 0.131926 -0.00254311 0 -0.00031306
-0.0071599 0.255815 0.251713 -0.00430611 0 -0.0003922
-0.0160498 0.138926 0.195464 -0.00294888 -5.202e-05 -0.00046739
-0.011588 0.280724 0.244882 -0.00365385 0 -0.00046739
-0.00296998 0.164738 0.155498 -0.00318874 0.0001792 -0.00021846
-0.00192456 0.289966 0.216218 -0.00360336 0.00023066 -0.00046739
-0.00370932 0.147744 0.166498 -0.00304338 0.00024852 -0.00031849
-5.153e-05 0.296936 0.210983 -0.0037754 4.286e-05 -9.96e-05
-0.00439542 0.171166 0.171208 -0.00350518 0.00024169 -0.00032807
0.00182602 0.299502 0.232157 -0.00434108 0.00037742 -0.00046739
-0.00091401 0.189762 0.20601 -0.00379449 0.00038164 -0.0003708
0.00010589 0.271452 0.22391 -0.00416267 0.00031834 -0.00039982
-0.00022881 0.240817 0.231592 -0.00435076 0.00030772 -0.00046739
0.00069797 0.250494 0.24317 -0.00414741 0.0005024 -0.00053515
0.00351391 0.249525 0.227276 -0.00478136 0.00039738 -0.00046739
6.916e-05 0.311405 0.247997 -0.00424853 0.0005024 -0.00060172
-0.00606544 0.243722 0.232009 -0.00440095 0.0005024 -0.00074988
-0.00642127 0.228611 0.232441 -0.0041805 0.0005589 -0.00059716
0.00372938 0.291723 0.207763 -0.00402563 0.00051407 -0.0005756
0.00527436 0.234815 0.235295 -0.00457813 0.00078036 -0.000772
0.00195775 0.298633 0.235144 -0.00454241 0.00061692 -0.00063349
0.00296401 0.201582 0.227521 -0.00417287 0.00059689 -0.00054355
0.00760942 0.326285 0.252668 -0.00490882 0.00060829 -0.00056328
0.00578435 0.212434 0.220076 -0.00452703 0.00072324 -0.00073365
0.00170424 0.331518 0.277681 -0.00544821 0.00086298 -0.00088208
0.0019052 0.198762 0.228493 -0.00427609 0.00079492 -0.00074084
0.00864993 0.311348 0.264349 -0.00534479 0.00078888 -0.000772
0.00438343 0.21031 0.222717 -0.00481986 0.00070311 -0.00071934
0.00481792 0.312508 0.277263 -0.00549573 0.00093717 -0.00077583
0.00497822 0.225019 0.217121 -0.0051225 0.00088569 -0.00071492
-0.00153602 0.291384 0.276117 -0.00558347 0.00093717 -0.00086725
-0.00034867 0.241723 0.250153 -0.00466265 0.001093 -0.00103771
-0.00253145 0.224054 0.259649 -0.0047599 0.00089317 -0.00082132
0.00227438 0.292123 0.249311 -0.00543326 0.00093275 -0.00085403
0.0105617 0.247879 0.228861 -0.00443333 0.00084351 -0.00077919
0.00513897 0.330403 0.251055 -0.00514981 0.00088855 -0.00091737
0.00378435 0.213697 0.229207 -0.00495746 0.00121921 -0.00102198
0.00026092 0.337348 0.256442 -0.00549961 0.00094361 -0.00104819
0.00031323 0.208399 0.216983 -0.005004 0.0009731 -0.00096867
-0.00140899 0.336414 0.282795 -0.0059504 0.00085017 -0.00111083
-0.00107458 0.199888 0.228615 -0.0046835 0.00134284 -0.00106063
0.006701 0.292562 0.246655 -0.00535235 0.00134284 -0.00121226
0.0099273 0.240434 0.220672 -0.00504207 0.00128362 -0.00099402
0.00672614 0.27849 0.257489 -0.00628705 0.00134284 -0.00121226
-0.00116529 0.245194 0.21761 -0.0054378 0.00106609 -0.00127695
0.00477982 0.284518 0.256684 -0.00563791 0.00134284 -0.00125437
0.00667738 0.238615 0.239561 -0.00521262 0.00122616 -0.00116606
-0.00354025 0.289901 0.255804 -0.00621481 0.00134284 -0.00099119
-0.00344048 0.266265 0.267961 -0.00547342 0.00134284 -0.00111703
-0.00145399 0.227755 0.2532 -0.00468629 0.00158743 -0.00134092
0.00485389 0.244086 0.242385 -0.00469878 0.00180393 -0.00121226
-9.64e-06 0.224707 0.203424 -0.00444184 0.00181067 -0.00111115
0.00185613 0.309538 0.229922 -0.00538221 0.00177737 -0.00128816
-0.00442678 0.189405 0.20607 -0.00419529 0.00158883 -0.00123873
-0.00182469 0.333077 0.236692 -0.00520066 0.00188259 -0.00137946
0.00575186 0.161782 0.188968 -0.00398764 0.00170392 -0.00116982
0.0113406 0.208024 0.152353 -0.00361332 0.00158789 -0.00121226
0.00057329 0.212781 0.173299 -0.00417473 0.00137498 -0.00114388
0.00297871 0.27444 0.21682 -0.00502626 0.00155807 -0.00131637
0.00520802 0.179814 0.205418 -0.00412467 0.00131749 -0.00121226
0.00798687 0.292384 0.212698 -0.00488938 0.0014522 -0.00121226
0.00518838 0.169868 0.187217 -0.00424384 0.00157615 -0.00103901
0.0134572 0.310967 0.243053 -0.0052232 0.00167251 -0.00121226
0.0101032 0.175054 0.184342 -0.00420438 0.00129459 -0.00117564
0.0125575 0.308772 0.231514 -0.0045558 0.00179294 -0.00126295
0.0128373 0.183394 0.212461 -0.0045845 0.00165534 -0.00121226
0.0120356 0.264825 0.237529 -0.00530322 0.00145439 -0.00121226
0.00945346 0.219395 0.200011 -0.00493091 0.00155008 -0.00119746
0.00207504 0.252136 0.214749 -0.00484932 0.0011294 -0.00121226
0.0145547 0.254942 0.237996 -0.00554203 0.00155457 -0.00129702
0.0134615 0.19783 0.223973 -0.00498661 0.0015794 -0.00121226
0.00774618 0.273072 0.234437 -0.00597233 0.00143704 -0.00124101
0.00757564 0.211617 0.224423 -0.00484073 0.00103346 -0.00106941
0.0150044 0.310979 0.29313 -0.00603258 0.00119871 -0.00121226
0.0173466 0.196089 0.264746 -0.00528941 0.00144138 -0.00103938
0.0141299 0.286694 0.287479 -0.00649634 0.00168821 -0.00130686
0.0121975 0.251974 0.255693 -0.00575139 0.00158857 -0.00131622
0.0111943 0.285204 0.241776 -0.00626363 0.00148817 -0.00127975
0.00790424 0.241967 0.254461 -0.00646796 0.00180501 -0.00146226
0.00484008 0.315736 0.281308 -0.00715028 0.0017273 -0.00138762
0.0127766 0.206579 0.255378 -0.00623177 0.0017261 -0.00132701
0.0107871 0.32689 0.319194 -0.00763824 0.00186577 -0.00146226
0.00736274 0.218055 0.256392 -0.00635341 0.00186577 -0.00146226
0.00853005 0.315448 0.309694 -0.00722929 0.00186577 -0.00158401
0.0125241 0.225462 0.274711 -0.00646752 0.00154612 -0.00146226
0.0110526 0.312343 0.310178 -0.00714648 0.00153494 -0.00146226
0.0154547 0.250105 0.301473 -0.00642504 0.00129818 -0.00126718
0.0293615 0.275752 0.376603 -0.00697841 0.00188225 -0.00146226
0.0221883 0.248613 0.366192 -0.00691784 0.00196784 -0.00136445
0.0171508 0.242838 0.331007 -0.00727002 0.00177747 -0.00134044
0.0162895 0.324255 0.366887 -0.00777974 0.00196112 -0.00158363
0.0109532 0.217465 0.346547 -0.0067927 0.00205955 -0.00146226
0.00959659 0.338324 0.37479 -0.00759108 0.00255065 -0.00171847
0.0128532 0.249585 0.334757 -0.00763622 0.00230955 -0.00154535
0.0193396 0.360578 0.398192 -0.00840285 0.00230955 -0.00164278
0.0173442 0.239721 0.34141 -0.00695118 0.00230956 -0.00164211
0.0223926 0.32778 0.373639 -0.0080252 0.00226594 -0.00144044
0.0228071 0.247738 0.251087 -0.00616259 0.00155785 -0.00098558
0.0374533 0.279946 0.329294 -0.00726123 0.00181363 -0.00099909
0.0281706 0.250335 0.292449 -0.00731499 0.00158774 -0.00119288
0.0293859 0.28081 0.299682 -0.00730176 0.00182145 -0.00111387
0.0319783 0.259534 0.290986 -0.00668711 0.00185905 -0.00134841
0.0257923 0.260396 0.308625 -0.00704432 0.00190853 -0.00135299
0.0204342 0.279361 0.269657 -0.0071759 0.00186109 -0.00143224
0.0164473 0.299018 0.324979 -0.00726801 0.00209602 -0.00164253
0.0149453 0.264134 0.303223 -0.00738733 0.00218298 -0.00155761
0.0178492 0.27757 0.302193 -0.00782353 0.00223278 -0.00158262
0.00889909 0.299999 0.265916 -0.0072276 0.00165141 -0.00156364
-0.00909822 0.13291 0.188218 -0.00478361 0.00194517 -0.00175788
-0.00742178 0.195693 0.163572 -0.00447404 0.00196999 -0.00176763
0.00733484 0.274576 0.235161 -0.00595087 0.00211106 -0.00176233
-0.00018863 0.197372 0.237981 -0.00544861 0.00211106 -0.00189253
0.0018823 0.220262 0.256236 -0.00582389 0.00211106 -0.00176068
0.00153932 0.274579 0.253212 -0.0062695 0.00211106 -0.00181053
-0.00043086 0.218846 0.249287 -0.00584759 0.00211106 -0.00189253
-0.0167084 0.2841 0.257584 -0.00608028 0.00240344 -0.00222711
-0.0028324 0.187013 0.264579 -0.00594464 0.00209632 -0.00196544
-0.00078449 0.301546 0.277043 -0.00707487 0.00248841 -0.00200767
0.00451604 0.190923 0.227276 -0.0057096 0.00221753 -0.00178391
-0.00106113 0.292377 0.272065 -0.00688347 0.00252361 -0.00208575
-0.00017494 0.200655 0.252525 -0.00623079 0.00252947 -0.00208575
-0.0125017 0.311411 0.290714 -0.00707503 0.00251982 -0.00208575
-0.00431072 0.190225 0.259014 -0.00615185 0.00244589 -0.00190893
0.00137003 0.334895 0.318025 -0.00748289 0.00264873 -0.00186747
-0.0111327 0.458802 0.475361 -0.00813939 0.00326637 -0.00233575
-0.00617452 0.0743846 0.462411 -0.00641962 0.00281459 -0.0021235
-0.00278687 0.0669573 0.359712 -0.00597369 0.00267451 -0.00194063
0.00414545 0.19369 0.348111 -0.00691971 0.00313749 -0.00188416
-0.00316984 0.281264 0.342976 -0.00692921 0.00297897 -0.00197909
0.00512003 0.275298 0.31749 -0.00660761 0.00276251 -0.00195722
0.00252041 0.323679 0.318231 -0.00699903 0.0025947 -0.00208575
0.0071705 0.341368 0.275617 -0.00652283 0.00291819 -0.00214277
-0.00113595 0.376371 0.341231 -0.00785901 0.00314816 -0.00233575
0.00431694 0.247161 0.328454 -0.00682697 0.00307939 -0.00197195
0.00106676 0.282065 0.360989 -0.00773563 0.00357446 -0.00199055
-0.00207454 0.235565 0.327665 -0.00671819 0.00357446 -0.00201536
0.0140441 0.170542 0.329405 -0.006801 0.00312209 -0.00183017
0.00838718 0.253329 0.357048 -0.00753347 0.00347853 -0.00184671
0.0110124 0.139778 0.340533 -0.0076749 0.00348995 -0.00190062
0.0106595 0.301432 0.382847 -0.00786933 0.00357446 -0.00212733
0.0243603 0.193845 0.348624 -0.00729552 0.00306857 -0.00183847
0.0220589 0.348941 0.383263 -0.00812005 0.00323565 -0.00196877
0.0239897 0.256367 0.341071 -0.00740798 0.00309037 -0.00182671
0.0260675 0.304584 0.361095 -0.00780749 0.00339916 -0.00193445
0.0317004 0.282533 0.359907 -0.00760694 0.00335588 -0.00191648
0.0344347 0.238183 0.343303 -0.00796208 0.00319061 -0.00179496
0.0173 0.303942 0.352598 -0.00810876 0.00339993 -0.00191193
0.0315523 0.193806 0.332687 -0.0077381 0.00327615 -0.0018984
0.0434636 0.272673 0.411396 -0.00839068 0.00367541 -0.00190799
0.0436334 0.196685 0.386424 -0.00760573 0.00367541 -0.00182595
0.0327241 0.296921 0.405612 -0.00792885 0.00349098 -0.00203488
0.0350534 0.213857 0.363909 -0.00689064 0.00354215 -0.00195815
0.0308813 0.304964 0.409384 -0.00846983 0.00362998 -0.00210464
0.0252708 0.244396 0.377524 -0.00751463 0.00368911 -0.00201683
0.0262851 0.264842 0.39176 -0.00769904 0.00366773 -0.00200814
0.009405 0.287043 0.39822 -0.00830497 0.00372532 -0.00208576
0.0224216 0.282581 0.394665 -0.00814185 0.00360709 -0.00219303
0.0115781 0.274775 0.382228 -0.00767101 0.0037404 -0.00233576
0.0115433 0.244271 0.386098 -0.00815346 0.00373449 -0.00220163
0.0143837 0.279206 0.392728 -0.0084664 0.00360579 -0.00233576
0.0153994 0.209617 0.371386 -0.00746532 0.00329225 -0.00208576
0.0138704 0.282659 0.398068 -0.00808799 0.00335133 -0.00233576
0.0336985 0.185357 0.341696 -0.00700156 0.00237503 -0.00178164
0.0639964 0.264246 0.309685 -0.00637791 0.00258383 -0.00129131
0.0696199 0.124601 0.329228 -0.00551591 0.00245724 -0.00109674
0.0780108 0.229207 0.413465 -0.00707047 0.00299774 -0.00132545
0.0689944 0.137756 0.378691 -0.00535547 0.00287251 -0.00132545
0.04937 0.205476 0.406411 -0.00596909 0.00245286 -0.00132545
0.0503676 0.289401 0.444758 -0.00703959 0.00336183 -0.00170696
0.0541263 0.218263 0.438549 -0.0067747 0.00320871 -0.00164269
0.045317 0.273785 0.480087 -0.00724511 0.0032579 -0.00178549
0.0360206 0.248093 0.487523 -0.00736796 0.00354456 -0.0020268
0.0472293 0.219709 0.511818 -0.00701944 0.00364297 -0.00212833
0.0306723 0.247784 0.536316 -0.00771352 0.00329935 -0.00218991
0.0197375 0.180566 0.548705 -0.00795478 0.00359033 -0.00236253
0.0142648 0.283891 0.533719 -0.00789382 0.00375535 -0.00260303
0.0127569 0.157441 0.527087 -0.00775113 0.00386274 -0.00260303
0.0141689 0.304251 0.577442 -0.0088062 0.00395131 -0.00260303
0.00596646 0.169403 0.549909 -0.00802093 0.00400487 -0.00260303
0.00927592 0.284357 0.610961 -0.00886765 0.00371633 -0.00260303
0.0151823 0.252421 0.580476 -0.00838193 0.00391564 -0.00260303
0.0204874 0.243992 0.592129 -0.00825876 0.00389057 -0.00260303
0.0310782 0.280697 0.60379 -0.00900405 0.00378329 -0.00260303
0.0346181 0.208833 0.610709 -0.00886216 0.00384924 -0.00260303
0.0273023 0.289616 0.634741 -0.00975879 0.00387008 -0.00235303
0.0336736 0.189665 0.5835 -0.00847523 0.00368052 -0.00226625
0.0594381 0.270234 0.569843 -0.0102624 0.0036192 -0.0018279
0.040519 0.232474 0.554004 -0.0100538 0.0030038 -0.00194638
0.015429 0.315179 0.545048 -0.00956124 0.00292728 -0.00223736
0.0128301 0.163944 0.536781 -0.0096417 0.00305539 -0.00242779
0.0219833 0.334245 0.600961 -0.011249 0.00311556 -0.00237409
0.0174035 0.195241 0.540109 -0.00846917 0.00346156 -0.00208708
0.0200572 0.279261 0.584982 -0.0107082 0.0032637 -0.00223771
0.00973575 0.203207 0.550677 -0.00998735 0.00324496 -0.0023207
0.00977812 0.266593 0.564343 -0.0093352 0.00324572 -0.00245942
0.00651153 0.301127 0.584384 -0.00985279 0.00360625 -0.00260303
0.00417912 0.216384 0.570622 -0.00965924 0.0033022 -0.00260303
0.00119926 0.324661 0.588067 -0.0101585 0.00316496 -0.00260303
0.00819491 0.200212 0.541857 -0.00955997 0.00317592 -0.00242929
0.00670393 0.310692 0.567509 -0.00990637 0.00316 -0.00260303
0.0106021 0.223627 0.528011 -0.00944986 0.00320087 -0.00235303
0.00746621 0.318185 0.562046 -0.0104336 0.00279872 -0.00223808
0.0188424 0.203369 0.519653 -0.0107544 0.0031329 -0.00226412
0.0193444 0.302902 0.580141 -0.0106693 0.00307093 -0.00216632
0.0131983 0.214552 0.532057 -0.00997667 0.00282621 -0.00227902
0.00902412 0.326649 0.557285 -0.010638 0.00286023 -0.00216218
0.00839157 0.187092 0.486303 -0.010202 0.00297916 -0.00217986
0.0109862 0.331107 0.532895 -0.0105438 0.00281172 -0.00227877
-0.00733839 0.182586 0.500603 -0.00982459 0.00283509 -0.00235303
-0.00294503 0.310809 0.563658 -0.0114104 0.00300399 -0.00240392
0.0102697 0.201518 0.49735 -0.0109194 0.0028252 -0.00218196
0.00879597 0.311008 0.528487 -0.0103929 0.0027752 -0.0023144
0.00191503 0.226973 0.509758 -0.0104657 0.00283899 -0.00217344
0.0103219 0.275566 0.536261 -0.0119515 0.00301999 -0.0022959
-0.00596888 0.269131 0.512503 -0.0105779 0.00312843 -0.00260303
-0.00651785 0.25244 0.557045 -0.0117252 0.00296858 -0.00247492
-0.008988 0.283861 0.545595 -0.0114774 0.00282379 -0.00260303
-0.00277783 0.212343 0.512212 -0.0106615 0.00299679 -0.00260303
-0.0107638 0.343467 0.56655 -0.0116621 0.00315571 -0.00264496
-0.0082597 0.184715 0.524437 -0.0107986 0.00318955 -0.0026909
-0.00836099 0.322938 0.557624 -0.0114626 0.0030165 -0.00263636
-0.00786253 0.194831 0.50172 -0.0108196 0.00312416 -0.00261368
-0.0229253 0.318257 0.558756 -0.0115376 0.00313379 -0.00281888
-0.0224821 0.226519 0.54239 -0.0107527 0.00354051 -0.00302852
-0.0223663 0.261255 0.576275 -0.011367 0.00338769 -0.00305685
-0.0302934 0.250689 0.564338 -0.0116287 0.00344584 -0.00298368
-0.0233662 0.306864 0.581714 -0.0115852 0.00300229 -0.00308957
-0.034942 0.262218 0.548141 -0.0116203 0.00353698 -0.00313555
-0.0387226 0.252224 0.557967 -0.012649 0.00358582 -0.0031164
-0.0412344 0.368491 0.556213 -0.0118728 0.00367123 -0.00347232
-0.0376067 0.207356 0.545043 -0.0117033 0.00373098 -0.00347232
-0.045376 0.333088 0.615777 -0.0124385 0.00355178 -0.00347232
-0.0410847 0.206316 0.523724 -0.0119803 0.00342839 -0.00347232
-0.0425383 0.364262 0.555832 -0.0118416 0.00321695 -0.00347232
-0.0557638 0.174107 0.483089 -0.00959907 0.00309395 -0.00362869
-0.0463169 0.246068 0.541178 -0.0105423 0.00301831 -0.00336893
-0.0411596 0.170982 0.453196 -0.00868709 0.00287106 -0.00337684
-0.0128548 0.161719 0.369556 -0.00716204 0.00182843 -0.00265812
-0.0255844 0.216847 0.423264 -0.00768757 0.00241097 -0.00294708
-0.030839 0.315749 0.395233 -0.00755828 0.00266045 -0.0029409
-0.0348032 0.146031 0.410938 -0.00723662 0.00256555 -0.00306668
-0.0424112 0.204666 0.427285 -0.00724404 0.00266541 -0.00305756
-0.0499198 0.270314 0.437283 -0.0081848 0.00244112 -0.00347232
-0.0570073 0.194442 0.405605 -0.00740958 0.00242089 -0.00347232
-0.0564693 0.301384 0.435326 -0.00852893 0.0026087 -0.00388682
-0.0645344 0.164273 0.425815 -0.00804722 0.0023568 -0.00345535
-0.0498276 0.264541 0.362213 -0.00757748 0.00149278 -0.00305202
-0.00830119 0.0319668 0.0321413 -0.00178718 0.00105213 -0.00176492
-0.0255076 0.0897906 0.0612015 -0.00170267 0.00080501 -0.00221334
-0.0423998 0.138099 0.124901 -0.00314941 0.00086364 -0.00256166
-0.05048 0.0771006 0.169671 -0.00378019 0.00098239 -0.00287665
-0.057471 0.210415 0.290011 -0.00577393 0.00103864 -0.00307462
-0.0567363 0.113276 0.262815 -0.00540787 0.00090913 -0.0031293
-0.065288 0.264973 0.301649 -0.00650441 0.00113402 -0.00351198
-0.0677887 0.10639 0.276209 -0.00587239 0.00120293 -0.00358909
-0.0658765 0.226718 0.30132 -0.00648872 0.00136061 -0.00326198
-0.0623051 0.139209 0.224531 -0.0050081 0.00126021 -0.00326198
-0.0631255 0.23099 0.294979 -0.00655733 0.00122651 -0.00365551
-0.0745973 0.135703 0.28347 -0.0062292 0.00121248 -0.00365337
-0.0744511 0.200805 0.311092 -0.00703216 0.00157367 -0.00368595
-0.065755 0.17197 0.292706 -0.00764213 0.00168567 -0.00369325
-0.0693269 0.251522 0.338296 -0.00760191 0.00188344 -0.00380324
-0.0712675 0.172431 0.318939 -0.0077629 0.00196184 -0.00392456
-0.0860657 0.257532 0.361205 -0.00861757 0.00193497 -0.00424764
-0.0894603 0.191698 0.347635 -0.00818628 0.00216254 -0.00443435
-0.0855335 0.23104 0.37516 -0.00862758 0.00195498 -0.0043747
-0.087046 0.189757 0.406154 -0.00933881 0.00229983 -0.00437469
-0.083781 0.267845 0.403358 -0.00903868 0.00207455 -0.0043747
-0.0796446 0.192399 0.420509 -0.0100092 0.00228117 -0.0043747
-0.0840871 0.230722 0.412609 -0.00952823 0.00215393 -0.0043747
-0.084242 0.254205 0.420942 -0.0100065 0.00231788 -0.00457569
-0.0968315 0.220943 0.428962 -0.00959742 0.00225509 -0.00488217
-0.101144 0.247286 0.454121 -0.0101131 0.00252619 -0.00500711
-0.0967988 0.176892 0.438252 -0.00984843 0.0026799 -0.00458484
-0.100989 0.297833 0.502815 -0.0120428 0.0026364 -0.00521661
-0.095007 0.162001 0.436392 -0.0100512 0.00265254 -0.00499268
-0.103655 0.312302 0.470809 -0.010849 0.00208718 -0.00493888
-0.0904922 0.160895 0.43136 -0.00998892 0.00266572 -0.00493888
-0.0955395 0.273038 0.488608 -0.0109622 0.00261605 -0.00493888
-0.106844 0.209341 0.465181 -0.0109695 0.00293042 -0.00530891
-0.11416 0.261548 0.520465 -0.0115402 0.00297938 -0.00545189
-0.105414 0.239942 0.499062 -0.0116877 0.00288211 -0.00545189
-0.0817979 0.18223 0.449485 -0.0102361 0.00200459 -0.00452669
-0.0773216 0.338549 0.551081 -0.0120399 0.00206528 -0.0043895
-0.0679972 0.217571 0.48867 -0.0112856 0.0016821 -0.00452669
-0.0778719 0.231216 0.511926 -0.0118026 0.00196506 -0.0042503
-0.0776375 0.269345 0.528191 -0.0129054 0.0023387 -0.00431376
-0.0654656 0.238322 0.513359 -0.0109089 0.0021235 -0.00407349
-0.081526 0.292101 0.556713 -0.0126528 0.00245472 -0.00452669
-0.0754829 0.201515 0.567779 -0.0125306 0.00211574 -0.00452669
-0.0885839 0.250013 0.548716 -0.0120665 0.00182325 -0.0045267
-0.0698267 0.22784 0.50984 -0.0119624 0.00228819 -0.00457682
-0.0736796 0.254165 0.548374 -0.0127734 0.00219068 -0.0045267
-0.0799186 0.151122 0.542381 -0.0123748 0.00212561 -0.0045267
-0.0738503 0.32848 0.596004 -0.0139025 0.00227876 -0.0045267
-0.0724037 0.194214 0.504663 -0.0124523 0.00253493 -0.0045267
-0.0952477 0.153936 0.554282 -0.0130129 0.00228174 -0.00533234
-0.0885079 0.186917 0.57149 -0.0131729 0.00225228 -0.00478651
-0.0826907 0.205495 0.584115 -0.0146164 0.00275572 -0.00508405
-0.0880857 0.324212 0.506693 -0.0120629 0.00219651 -0.0045942
-0.0899225 0.154447 0.523735 -0.012914 0.00244599 -0.00505761
-0.094613 0.32447 0.605786 -0.0141899 0.0028403 -0.0051239
-0.0969863 0.210903 0.564928 -0.0132075 0.00269012 -0.00524077
-0.107698 0.274591 0.634861 -0.0146315 0.00267252 -0.00530041
-0.0996858 0.178217 0.57229 -0.0143468 0.00263584 -0.00539277
-0.112816 0.317428 0.606448 -0.0138794 0.00255825 -0.00545201
-0.112444 0.166917 0.545234 -0.0134378 0.00283247 -0.00536435
-0.096229 0.307115 0.584603 -0.0135181 0.0027141 -0.00508524
-0.0977072 0.194178 0.567578 -0.0131484 0.00253371 -0.00517419
-0.110531 0.268682 0.608669 -0.0139662 0.00256261 -0.0053956
-0.109236 0.241266 0.615108 -0.0138499 0.00286928 -0.00548404
-0.105544 0.205903 0.579036 -0.013291 0.0031873 -0.00551401
-0.0951701 0.277128 0.569057 -0.0120753 0.00287453 -0.00498953
-0.0833646 0.151758 0.58812 -0.0124873 0.00278139 -0.00498953
-0.0861804 0.286517 0.622896 -0.0135942 0.00282989 -0.00498953
-0.0881228 0.168531 0.588387 -0.0137452 0.00289033 -0.00519453
-0.0795946 0.299566 0.609414 -0.013579 0.00256657 -0.00498953
-0.092317 0.207106 0.585509 -0.012812 0.00259749 -0.00509881
-0.0963357 0.317765 0.615647 -0.0137605 0.00254862 -0.00506193
-0.096119 0.209415 0.554788 -0.0129478 0.00256206 -0.00498954
-0.0962344 0.324839 0.614038 -0.0138664 0.00229407 -0.00498954
-0.0931792 0.209166 0.60601 -0.0138092 0.0024594 -0.00493849
-0.0921153 0.276026 0.600162 -0.0132995 0.00254401 -0.00498953
-0.0939569 0.29522 0.62341 -0.0138705 0.00259956 -0.00506161
-0.0858306 0.198953 0.604278 -0.0132127 0.00271415 -0.00498954
-0.0961028 0.290652 0.628475 -0.014228 0.00269207 -0.00498954
-0.0957326 0.19237 0.601579 -0.0137308 0.00268097 -0.00483759
-0.0921486 0.319151 0.639533 -0.0153429 0.00260518 -0.00466713
-0.0928753 0.211104 0.592935 -0.0140711 0.00248921 -0.00510025
-0.0911649 0.343274 0.617543 -0.0144441 0.00247162 -0.00488637
-0.0830377 0.212167 0.617532 -0.0142574 0.00254031 -0.00466714
-0.0798507 0.349216 0.647552 -0.0151857 0.0026739 -0.00475519
-0.0789454 0.210655 0.620094 -0.0147882 0.00260255 -0.00466714
-0.081736 0.340316 0.66632 -0.0155995 0.00270012 -0.00466714
-0.080893 0.206745 0.620889 -0.0146116 0.00283683 -0.00466714
-0.0882688 0.333103 0.667518 -0.0157822 0.0026653 -0.00466714
-0.0848507 0.211572 0.615672 -0.0144071 0.00259043 -0.00466714
-0.0792902 0.321135 0.697589 -0.0161999 0.00275653 -0.00466714
-0.089066 0.218181 0.651268 -0.0154601 0.00273249 -0.00498215
-0.0997884 0.345517 0.669295 -0.0149399 0.00265293 -0.00510712
-0.0812026 0.217723 0.564912 -0.0141523 0.0020124 -0.00466714
-0.0898657 0.329828 0.648475 -0.0148407 0.00221783 -0.00466713
-0.0615474 0.199836 0.607431 -0.0135444 0.00298188 -0.00431122
-0.0490463 0.241464 0.603049 -0.0126091 0.00299617 -0.00394302
-0.0428899 0.225222 0.541027 -0.0105218 0.00270428 -0.00349128
-0.0465054 0.351339 0.568611 -0.0114595 0.00256315 -0.00349128
-0.0507825 0.185759 0.538822 -0.0107918 0.00249537 -0.00349128
-0.0486979 0.327707 0.580776 -0.0118575 0.00273616 -0.00359987
-0.0597413 0.226499 0.557189 -0.0114696 0.00270893 -0.0040001
-0.0590829 0.297061 0.591248 -0.0123115 0.00267813 -0.00406618
-0.0556903 0.201727 0.558839 -0.0112927 0.00271897 -0.00395868
-0.057744 0.222935 0.548493 -0.0116694 0.00287899 -0.00384955
-0.0665935 0.361363 0.58626 -0.0127472 0.00340105 -0.00415583
-0.0650344 0.180884 0.545616 -0.0111264 0.00327263 -0.00415583
-0.0594628 0.326901 0.580432 -0.0117199 0.00291667 -0.00402293
-0.0574679 0.19336 0.566381 -0.0120556 0.00316274 -0.00402092
-0.0522566 0.298374 0.591648 -0.0124883 0.00323321 -0.00398068
-0.0553406 0.223895 0.581508 -0.0119217 0.00317374 -0.00381659
-0.0625 0.277655 0.599686 -0.0123733 0.00342038 -0.00415583
-0.0588038 0.282775 0.612968 -0.0119635 0.00315912 -0.00404246
-0.0497837 0.219537 0.573552 -0.0107751 0.00279934 -0.00370367
-0.0501223 0.338484 0.6148 -0.0120856 0.00273488 -0.0036345
-0.0520454 0.189957 0.596877 -0.0111281 0.00293908 -0.00375678
-0.0514825 0.319764 0.635587 -0.012212 0.00320405 -0.0039536
-0.0484047 0.254273 0.610195 -0.0118198 0.00321694 -0.00388115
-0.0441175 0.223877 0.622625 -0.0122358 0.00312814 -0.00380238
-0.0441749 0.309558 0.623881 -0.0120672 0.0028237 -0.00378065
-0.0467032 0.182556 0.604422 -0.0113682 0.00336637 -0.00380187
-0.0509244 0.317665 0.645807 -0.0121096 0.00295744 -0.00375369
-0.0465995 0.182757 0.601092 -0.0110526 0.00340064 -0.00371393
-0.0425419 0.303299 0.652445 -0.0119118 0.00317914 -0.00378938
-0.0383062 0.226878 0.571966 -0.0100378 0.00333677 -0.0038537
-0.045277 0.27426 0.633108 -0.0117037 0.00336659 -0.0037691
-0.0431683 0.284496 0.639648 -0.0118747 0.00331385 -0.00393096
-0.0427513 0.184479 0.641271 -0.0114288 0.00345859 -0.00373839
-0.0292148 0.303375 0.693293 -0.0127244 0.00286613 -0.00347463
-0.0304852 0.206959 0.659406 -0.0120004 0.0032938 -0.0036784
-0.0315436 0.31741 0.691606 -0.0126092 0.0031974 -0.0036201
-0.0330139 0.218373 0.641394 -0.0118494 0.00329434 -0.00362971
-0.0364542 0.257208 0.670417 -0.0133211 0.00331431 -0.00373544
-0.0398519 0.252521 0.649218 -0.0122897 0.00320093 -0.00377068
-0.0349225 0.219527 0.659779 -0.0123402 0.0031621 -0.00357289
-0.0405203 0.273983 0.66056 -0.0122863 0.0029766 -0.00379322
-0.0381402 0.184153 0.621362 -0.0119912 0.00311707 -0.00386883
-0.0408282 0.322103 0.659524 -0.0121857 0.00310092 -0.00384567
-0.0382923 0.161336 0.616106 -0.0113999 0.00297939 -0.00383247
-0.0359067 0.301602 0.667834 -0.0124652 0.00325138 -0.00378756
-0.0393232 0.181933 0.619106 -0.0121855 0.0036341 -0.00415583
-0.0411643 0.316317 0.667623 -0.0123521 0.00277235 -0.00370493
-0.0361605 0.202647 0.644146 -0.0117531 0.00332649 -0.0037907
-0.0375586 0.285935 0.655909 -0.0122865 0.00312017 -0.00369776
-0.0261484 0.24083 0.558971 -0.0115175 0.0031442 -0.00331747
-0.033742 0.215465 0.528595 -0.00944505 0.0026451 -0.00331747
-0.0248944 0.165631 0.521362 -0.00950437 0.00284541 -0.00313462
-0.0127881 0.17903 0.512464 -0.00879848 0.00326299 -0.00265071
-0.0149525 0.230349 0.505448 -0.00862742 0.00281184 -0.00254105
-0.0320962 0.297457 0.528966 -0.0091584 0.00311469 -0.00290522
-0.0272357 0.163888 0.484559 -0.0091639 0.00300873 -0.00286252
-0.0315482 0.351044 0.53096 -0.00979728 0.00272063 -0.00290928
-0.0369105 0.120719 0.499136 -0.00911764 0.00277816 -0.00288436
-0.041203 0.289091 0.613698 -0.0108542 0.00258146 -0.00317754
-0.0304678 0.135124 0.50523 -0.00865807 0.00290287 -0.00292021
-0.033719 0.274606 0.525467 -0.00947279 0.00273458 -0.00280051
-0.0290634 0.132323 0.473226 -0.00897529 0.0028954 -0.00295171
-0.0359687 0.278557 0.503782 -0.00899114 0.00301472 -0.00331747
-0.0365129 0.184813 0.488112 -0.00869539 0.00299584 -0.00306747
-0.0467513 0.319096 0.567736 -0.0108458 0.00309375 -0.00353339
-0.0444902 0.192968 0.537728 -0.00987684 0.00310029 -0.00338602
-0.0449862 0.289281 0.554164 -0.010254 0.00287138 -0.00349392
-0.0430315 0.258872 0.553851 -0.0101909 0.00299175 -0.00358069
-0.0498256 0.200269 0.569002 -0.0102209 0.00318017 -0.00375212
-0.0565599 0.288818 0.572612 -0.0103741 0.00278446 -0.00375212
-0.054978 0.176667 0.545407 -0.00886548 0.00309212 -0.00375212
-0.049444 0.263606 0.567024 -0.0105647 0.00294262 -0.00375212
-0.0495036 0.158813 0.532472 -0.00962079 0.00311982 -0.00375212
-0.0560031 0.287054 0.566116 -0.010586 0.003288 -0.00375212
-0.0461282 0.168024 0.523319 -0.00935809 0.00319881 -0.00362451
-0.0556909 0.293166 0.558938 -0.00995876 0.0028205 -0.00375212
-0.0566373 0.209252 0.542468 -0.00946292 0.00301097 -0.00375212
-0.0690813 0.141924 0.463823 -0.0072386 0.00257121 -0.0040373
-0.0896288 0.191355 0.540454 -0.00971561 0.00267116 -0.00446771
-0.0564125 0.189938 0.527114 -0.0091461 0.00271653 -0.00385263
-0.0458741 0.205438 0.513361 -0.00871309 0.00295457 -0.0035766
-0.046991 0.237896 0.517253 -0.00897249 0.00301685 -0.00375212
-0.0480442 0.158785 0.532127 -0.00966825 0.00286455 -0.00337669
-0.0507588 0.323475 0.563266 -0.00993629 0.00293296 -0.00362326
-0.0431348 0.145918 0.538129 -0.00898755 0.00271141 -0.00331211
-0.0491253 0.301867 0.579239 -0.0101605 0.00305547 -0.00344036
-0.0470421 0.175589 0.524079 -0.00947163 0.00296207 -0.00340404
-0.0489749 0.293954 0.544823 -0.00964321 0.00276939 -0.00359252
-0.0522628 0.157727 0.53161 -0.00900218 0.00306987 -0.00359488
-0.0584329 0.273943 0.557477 -0.00985587 0.00277544 -0.00368627
-0.0599405 0.179639 0.551807 -0.0104537 0.00282283 -0.00375212
-0.0631362 0.31031 0.594634 -0.0108354 0.00278206 -0.00363754
-0.063826 0.174457 0.526116 -0.0100336 0.00276676 -0.00366235
-0.0790776 0.278813 0.581535 -0.010772 0.00293938 -0.00388437
-0.0792253 0.228911 0.560493 -0.0101642 0.00291629 -0.00395487
-0.076187 0.247663 0.570932 -0.0099092 0.00290215 -0.00382116
-0.0648939 0.216764 0.561601 -0.0102824 0.00288995 -0.00387667
-0.0736105 0.287775 0.572099 -0.0100609 0.00283762 -0.00395487
-0.0645405 0.19801 0.55804 -0.00958668 0.00273492 -0.00388657
-0.0553312 0.195516 0.575624 -0.00978425 0.00308933 -0.00383213
-0.0568907 0.282241 0.574647 -0.0100279 0.00306047 -0.00353467
-0.060572 0.215409 0.595256 -0.00997375 0.00300398 -0.00374336
-0.0580761 0.307217 0.608268 -0.0104886 0.00310663 -0.0034373
-0.0500698 0.184912 0.579397 -0.0100301 0.00310613 -0.00343334
-0.0532856 0.318759 0.621648 -0.0103734 0.00279075 -0.00331178
-0.046241 0.207538 0.597576 -0.010164 0.00288139 -0.00341057
-0.042415 0.288051 0.617589 -0.0104554 0.00300442 -0.00327703
-0.048762 0.267877 0.63758 -0.0110771 0.00305461 -0.00341206
-0.0567895 0.211852 0.625284 -0.0106727 0.00288772 -0.00329321
-0.0549195 0.32603 0.659955 -0.0115465 0.00308484 -0.00348604
-0.052403 0.176631 0.585199 -0.00989185 0.00309162 -0.0035043
-0.0517995 0.342967 0.642547 -0.0111459 0.00296557 -0.00335421
-0.0548707 0.223641 0.651792 -0.011199 0.0030895 -0.00362856
-0.0588202 0.284062 0.649792 -0.0113347 0.00323416 -0.00366672
-0.0525244 0.303005 0.650533 -0.0113315 0.00326965 -0.00364503
-0.0533195 0.239391 0.658201 -0.0115032 0.00330023 -0.00374474
-0.0521598 0.358325 0.661834 -0.0109264 0.00346006 -0.00334545
-0.0437228 0.18253 0.645918 -0.0102882 0.00313545 -0.00331769
-0.0496229 0.304889 0.672933 -0.0116733 0.00313225 -0.00335675
-0.0470921 0.194884 0.649104 -0.0110026 0.0031425 -0.00342446
-0.0484684 0.302558 0.678126 -0.0115104 0.00339647 -0.00362022
-0.0480062 0.181609 0.652637 -0.0112344 0.00295481 -0.0036248
-0.0474728 0.348584 0.686597 -0.0116579 0.00296375 -0.0036554
-0.0495859 0.199024 0.634404 -0.0103843 0.00317056 -0.0035927
-0.0440491 0.302296 0.669228 -0.0113153 0.00325102 -0.00337163
-0.0567366 0.240384 0.649814 -0.0109682 0.00284438 -0.00335946
-0.0519953 0.308412 0.665309 -0.0104846 0.00282455 -0.00374474
-0.0570238 0.253266 0.675588 -0.0104688 0.00307278 -0.00345878
-0.0496771 0.230189 0.671503 -0.0102577 0.00283361 -0.0036006
-0.0596386 0.297288 0.673844 -0.0105966 0.00305127 -0.0036374
-0.0553303 0.213395 0.676611 -0.0109288 0.0031267 -0.00374474
-0.0557915 0.275283 0.698409 -0.0116216 0.00366452 -0.00357882
-0.0567672 0.19979 0.69483 -0.0110529 0.00332727 -0.00374474
-0.0542141 0.326261 0.712045 -0.0110251 0.00311123 -0.00374474
-0.0626128 0.205853 0.686472 -0.0108707 0.00330542 -0.00399414
-0.0687987 0.319422 0.711775 -0.0116661 0.00330839 -0.00383506
-0.0564278 0.23797 0.671199 -0.0114157 0.00325703 -0.00367033
-0.0555989 0.344517 0.700099 -0.0116515 0.00301357 -0.00374474
-0.0477466 0.267964 0.703406 -0.0114319 0.00331082 -0.0035863
-0.0505275 0.1884 0.713206 -0.0111565 0.00325668 -0.00368519
-0.053932 0.298604 0.677945 -0.011285 0.00314429 -0.00374474
-0.0544942 0.283072 0.657398 -0.0101968 0.00296843 -0.00366709
-0.051354 0.318514 0.699858 -0.0104119 0.00307288 -0.00323437
-0.0459331 0.203642 0.717727 -0.010901 0.00313275 -0.00310501
-0.0447898 0.25441 0.739042 -0.0113832 0.00287939 -0.0030457
-0.039571 0.349392 0.806291 -0.0121748 0.0032182 -0.00317223
-0.0481007 0.203606 0.800268 -0.0116633 0.00313022 -0.00320172
-0.0516615 0.350731 0.805839 -0.0117883 0.00324222 -0.00322062
-0.0503647 0.207533 0.752597 -0.0114906 0.00321229 -0.00331128
-0.0595692 0.213532 0.695104 -0.00969821 0.00345526 -0.00345352
-0.0529283 0.333767 0.774531 -0.0113811 0.00311875 -0.00343597
-0.0526906 0.205592 0.76072 -0.0112484 0.00342002 -0.00320313
-0.0554387 0.323169 0.791895 -0.0117178 0.00344983 -0.00331229
-0.0610045 0.237518 0.787995 -0.0115552 0.0036274 -0.00346381
-0.0675501 0.272092 0.805771 -0.0123924 0.00346434 -0.00345536
-0.0487415 0.409586 0.854253 -0.0127035 0.00321035 -0.00304571
-0.0568588 0.147198 0.780581 -0.0107703 0.00343715 -0.00319284
-0.0588296 0.28353 0.808531 -0.0116806 0.00315175 -0.00321722
-0.0608011 0.262842 0.836481 -0.012416 0.00357273 -0.00346735
-0.0604577 0.178767 0.815591 -0.0116487 0.00336976 -0.0032624
-0.0551071 0.313038 0.808629 -0.0116649 0.00336391 -0.00304571
-0.061423 0.241092 0.804946 -0.0119004 0.00323221 -0.0033096
-0.0610247 0.261324 0.798397 -0.0120637 0.00290493 -0.00321468
-0.062468 0.363818 0.829064 -0.0122365 0.00289222 -0.00354434
-0.0630061 0.223536 0.833401 -0.01206 0.00318709 -0.00353403
-0.0680304 0.359515 0.8146 -0.0117812 0.00309374 -0.00346309
-0.062204 0.224604 0.720817 -0.0106809 0.00289683 -0.00339469
-0.078386 0.300699 0.778983 -0.0117231 0.00307523 -0.00363713
-0.0786222 0.24834 0.766808 -0.0114947 0.00310256 -0.00373937
-0.0756325 0.241818 0.76255 -0.0107408 0.00340488 -0.00353594
-0.0753234 0.301738 0.775881 -0.011243 0.00303904 -0.00344422
-0.0720867 0.241569 0.808069 -0.0117099 0.00296642 -0.00353594
-0.0770674 0.320859 0.828229 -0.0117809 0.0031303 -0.00374717
-0.0681854 0.20905 0.807971 -0.0111863 0.0029653 -0.00328594
-0.0627582 0.366898 0.824792 -0.012957 0.00266525 -0.00353593
-0.0526997 0.228594 0.817737 -0.0120811 0.00274478 -0.00335351
-0.0587892 0.229802 0.792728 -0.0117328 0.00271366 -0.00339439
-0.0657593 0.355823 0.81909 -0.0121126 0.0025706 -0.00322545
-0.0797239 0.202505 0.797992 -0.0106037 0.00307986 -0.00348394
-0.0765337 0.345864 0.834758 -0.0118762 0.00274647 -0.00353593
-0.0731958 0.201093 0.790676 -0.0110947 0.00296983 -0.00345947
-0.0729625 0.318332 0.849695 -0.0117907 0.00285095 -0.00328594
-0.0550916 0.228912 0.830342 -0.01145 0.00275557 -0.00346076
-0.0682403 0.309644 0.851118 -0.0122996 0.00267266 -0.00321086
-0.0677267 0.329724 0.829089 -0.0118539 0.00304772 -0.00366179
-0.0755593 0.261186 0.804419 -0.0107152 0.00302521 -0.00362472
-0.0811455 0.352512 0.839989 -0.0118717 0.00282754 -0.00374494
-0.0718662 0.2426 0.839118 -0.011484 0.00294581 -0.00353593
-0.0785126 0.364179 0.85514 -0.0119412 0.00299821 -0.00374705
-0.0747468 0.214439 0.866386 -0.0121471 0.00257284 -0.00353594
-0.0706418 0.35509 0.896277 -0.0133516 0.00291715 -0.00366552
-0.0767985 0.238378 0.850465 -0.0118985 0.00254944 -0.00361886
-0.0733916 0.316383 0.890383 -0.0124387 0.00261142 -0.00353593
-0.0694606 0.288361 0.865009 -0.0121084 0.00289719 -0.00328594
-0.0639932 0.275133 0.869673 -0.0125281 0.00256735 -0.00340045
-0.0579551 0.386584 0.896884 -0.0125294 0.00247466 -0.0034378
-0.0721942 0.211136 0.854348 -0.0115168 0.00217657 -0.00332679
-0.0695518 0.390056 0.907178 -0.0125565 0.00278226 -0.00352734
-0.0635359 0.239718 0.871395 -0.0117384 0.00275995 -0.00332861
-0.0627845 0.359984 0.9094 -0.0120533 0.00254409 -0.00354112
-0.0610775 0.270706 0.903696 -0.0119177 0.00246856 -0.00332861
-0.0660615 0.317113 0.921608 -0.012096 0.00236192 -0.00332861
-0.0667482 0.301932 0.906163 -0.0127912 0.00237699 -0.00332861
-0.0690034 0.308131 0.9034 -0.0121062 0.00257516 -0.00345386
-0.0687255 0.334838 0.891934 -0.0120669 0.00282316 -0.0036259
-0.0678956 0.24467 0.883898 -0.0120118 0.00250933 -0.00347695
-0.0698653 0.362412 0.912765 -0.012569 0.00271379 -0.00357465
-0.071316 0.233088 0.85981 -0.0105198 0.00258557 -0.00347539
-0.0642705 0.363271 0.940632 -0.0126084 0.00245774 -0.00332862
-0.0615073 0.213844 0.920316 -0.0121572 0.00242269 -0.00325021
-0.0515665 0.372121 0.907031 -0.0114121 0.00237382 -0.00302398
-0.0615294 0.209311 0.919825 -0.0114834 0.00253222 -0.00326578
-0.0618909 0.287785 0.930134 -0.0117295 0.00267999 -0.00322708
-0.0643222 0.321109 0.925326 -0.0118541 0.00244373 -0.00332862
-0.0601134 0.266836 0.895827 -0.0104388 0.00261458 -0.00297643
-0.0566449 0.363062 0.950528 -0.012434 0.0025616 -0.00332862
-0.0562883 0.240509 0.949486 -0.012194 0.00219703 -0.00323617
-0.0619384 0.339151 0.959792 -0.0119408 0.00227236 -0.00332862
-0.05668 0.26925 0.930668 -0.0110735 0.00233522 -0.00302865
-0.0596612 0.337759 0.976126 -0.0120722 0.00247042 -0.00336062
-0.0562854 0.267458 0.967037 -0.0122421 0.0023225 -0.00305129
-0.0540809 0.262815 0.968598 -0.0120596 0.00203967 -0.00286124
-0.0542966 0.359583 0.975238 -0.0120472 0.00220089 -0.00303633
-0.0545617 0.239518 0.981315 -0.0119099 0.00189386 -0.00262601
-0.0520144 0.37381 0.978145 -0.0119735 0.00217199 -0.0028623
-0.0541326 0.232192 0.95616 -0.0114943 0.00209881 -0.00262602
-0.0557386 0.336949 0.974748 -0.0114097 0.00220018 -0.0027769
-0.0609544 0.296395 0.961693 -0.0112373 0.0023556 -0.00303895
-0.0486342 0.338604 1.01943 -0.0127701 0.00204833 -0.00276545
-0.0386528 0.336988 1.00647 -0.0123457 0.00206837 -0.00262602
-0.0442615 0.241707 0.991632 -0.0118123 0.00188634 -0.00262602
-0.0476086 0.383722 1.04875 -0.0126739 0.00196516 -0.00262602
-0.0512314 0.2429 1.00203 -0.0118437 0.00200689 -0.00262602
-0.0424311 0.352705 1.08557 -0.0135414 0.00188634 -0.00267715
-0.0469475 0.271781 0.992581 -0.0112716 0.00186337 -0.00259405
