0 0.105032 0.143005 -0.00210993 0 0
-0.00729303 0.160395 0.166966 -0.00212325 -0.00036558 6.362e-05
-0.00530002 0.0683522 0.179838 -0.00186332 -0.00036157 0.0001387
-0.00504197 0.191352 0.209444 -0.00259802 -0.00024915 0.00012544
-0.0025358 0.0939482 0.216865 -0.00233465 -0.00029628 6.149e-05
3.949e-05 0.134991 0.267696 -0.00345646 -6.718e-05 6.27e-06
-0.00625853 0.153588 0.254607 -0.00332989 -0.00021732 6.78e-05
-0.00565926 0.0990519 0.249875 -0.00291611 -0.00029036 0.00012746
-0.00603178 0.165206 0.236725 -0.00294803 -0.00016727 9.275e-05
-0.00676254 0.086852 0.273015 -0.00300671 -0.00021976 0.0001094
-8.006e-05 0.168556 0.244155 -0.00298332 -0.00017575 4.8e-07
-0.00794547 0.121431 0.296101 -0.00347553 -0.00028572 9.021e-05
-0.00495799 0.150669 0.313197 -0.00437799 -0.00031 4.026e-05
-0.00651087 0.174307 0.274783 -0.00381785 -0.00022393 4.917e-05
-0.00814965 0.0984491 0.285083 -0.0032924 -0.00032428 0.00010539
-0.00492764 0.182384 0.279845 -0.00357549 -0.0002733 9.109e-05
-0.00372404 0.107604 0.300364 -0.00339288 -0.0002133 7.351e-05
-0.00313759 0.143161 0.299872 -0.00377538 -0.00024539 0.00010171
-0.00809703 0.129297 0.308648 -0.00359611 -0.00032726 0.00014101
-0.00603748 0.117088 0.356007 -0.00401367 -0.00031922 7.217e-05
-0.00910075 0.19343 0.338054 -0.0043676 -0.00029209 9.366e-05
-0.00665722 0.121802 0.370638 -0.00403969 -0.00035177 4.552e-05
-0.00777679 0.210767 0.361438 -0.00447483 -0.00024164 7.327e-05
-0.00689789 0.113095 0.375663 -0.00393434 -0.00029928 2.547e-05
-0.00712144 0.208744 0.389919 -0.00508671 -0.00030364 5.627e-05
-0.00537597 0.132027 0.38732 -0.00434997 -0.00024611 3.876e-05
-9.441e-05 0.176033 0.315426 -0.00526777 -0.00021943 6.968e-05
-0.00524753 0.0689721 0.356487 -0.00407754 -0.00022044 3.775e-05
-0.00704681 0.214936 0.324489 -0.00503307 -0.0002803 0.00010428
-0.00770839 0.125384 0.361965 -0.00446197 -0.00025307 8.719e-05
9.221e-05 0.228209 0.313044 -0.00579705 -0.00017003 0.00025107
-0.00579978 0.199246 0.334335 -0.0054043 -0.00017156 0.00017952
-0.0159825 0.0908391 0.390013 -0.00538607 -0.00046067 0.00027776
-0.010132 0.154866 0.378648 -0.00619544 -0.00035793 6.427e-05
-0.00319609 0.161805 0.384026 -0.00619544 -0.00024784 4.966e-05
-0.00696431 0.150773 0.415765 -0.00601021 -0.00029943 0.00017718
-0.0166495 0.17652 0.447833 -0.00682459 -0.00036234 0.00020268
-0.0111347 0.194131 0.500246 -0.00769663 -0.00041839 0.0001632
-0.00939566 0.217028 0.431328 -0.00723757 -0.00032646 0.00015844
-0.0167542 0.0881373 0.375846 -0.00561803 -0.00047756 0.00016841
-0.016728 0.215659 0.378334 -0.00680959 -0.00033372 0.00018374
-0.0209328 0.108875 0.441796 -0.00696686 -0.00075749 0.00021241
-0.0186791 0.203095 0.415722 -0.0068111 -0.00054374 0.00017952
-0.0200833 0.12444 0.426549 -0.00662668 -0.00062037 9.786e-05
-0.0168276 0.257646 0.331031 -0.0061622 -0.0005347 0.00027499
-0.0204905 0.152178 0.392272 -0.00600153 -0.0007744 -2.088e-05
-0.0234305 0.215132 0.394525 -0.00664286 -0.00069049 -6.338e-05
-0.0140547 0.135146 0.42953 -0.00707583 -0.00016832 -0.0001302
-0.00489177 0.208241 0.414288 -0.00626577 -0.00010735 -5.765e-05
-0.00445385 0.173694 0.402616 -0.0063232 0.0001107 -9.721e-05
-0.00358882 0.146284 0.39626 -0.00610739 0.00019055 -0.00011291
-0.0079423 0.226273 0.398485 -0.0064313 3.268e-05 -0.0002119
-0.0166516 0.129549 0.415028 -0.00693981 -0.00037571 -0.00041497
-0.0128409 0.218915 0.456585 -0.00784095 -3.11e-05 -0.00036464
-0.0235447 0.118064 0.457915 -0.00708994 -0.00058643 -0.00027544
-0.016036 0.220845 0.433826 -0.00807181 -0.00011245 -0.0005399
-0.0165462 0.101643 0.475659 -0.00781389 0.00010148 -0.00052631
-0.0151396 0.195449 0.488791 -0.00880934 8.467e-05 -0.00054602
-0.0166304 0.142087 0.462086 -0.00770447 -0.00013151 -0.0005323
-0.0243132 0.168698 0.456777 -0.00807841 6.153e-05 -0.00068824
-0.0216591 0.115923 0.495863 -0.00861041 -0.00015702 -0.00066193
-0.0227439 0.188552 0.493163 -0.0089061 -0.00028001 -0.00059133
-0.0239606 0.160773 0.494336 -0.00915886 5.235e-05 -0.00095693
-0.0342629 0.0977277 0.496003 -0.00888467 -8.056e-05 -0.00093503
-0.0343731 0.196018 0.451436 -0.00797559 -6.881e-05 -0.00094094
-0.0287953 0.118199 0.444486 -0.00761568 0.00016679 -0.00091009
-0.0340202 0.217084 0.481714 -0.00883028 0.00030943 -0.00107603
-0.0380852 0.10822 0.523784 -0.00932476 -6.639e-05 -0.00115263
-0.0366452 0.196305 0.507387 -0.00982949 -2.494e-05 -0.00118463
-0.0364291 0.0918634 0.518938 -0.00902372 0.00014931 -0.00111003
-0.0406837 0.196815 0.500472 -0.00909658 -8.265e-05 -0.00118902
-0.0398672 0.135618 0.498577 -0.00887712 -9.454e-05 -0.00109806
-0.0407853 0.13555 0.482897 -0.00914892 -0.00011804 -0.00125452
-0.0295628 0.132753 0.469817 -0.00797032 2.467e-05 -0.00084579
-0.0275394 0.169961 0.501494 -0.00835068 0.00034248 -0.00095565
-0.0337136 0.190457 0.489534 -0.00923485 -8.529e-05 -0.00098998
-0.0121191 0.139997 0.519622 -0.00895299 0.00073941 -0.00076338
-0.0068425 0.162785 0.514086 -0.00879826 0.0004628 -0.00061509
-0.0154393 0.117858 0.516387 -0.0087038 0.0003516 -0.00064939
-0.0171291 0.225374 0.495645 -0.00970805 0.00042054 -0.00094694
-0.0337299 0.153251 0.482134 -0.00851818 6.321e-05 -0.00101426
-0.0330842 0.194255 0.481837 -0.00833655 0.00027882 -0.0011437
-0.0284395 0.169491 0.543595 -0.0105961 -0.00012439 -0.00089215
-0.0351153 0.129827 0.520761 -0.00949276 -0.00013999 -0.00104891
-0.0401678 0.168873 0.548004 -0.0101161 0.00013949 -0.00142033
-0.038178 0.120341 0.53536 -0.00995601 0.00010567 -0.00139601
-0.0382443 0.217648 0.536919 -0.0108942 0.00011962 -0.00144893
-0.036792 0.0894761 0.536691 -0.0107587 0.00012857 -0.001418
-0.0321437 0.192118 0.541853 -0.0114825 0.00042448 -0.00152201
-0.0371606 0.0607647 0.531946 -0.0110982 8.479e-05 -0.00153372
-0.0402744 0.184097 0.562556 -0.0119622 0.00032016 -0.00161706
-0.0379482 0.0759467 0.54807 -0.0108817 0.00057602 -0.00157591
-0.0404085 0.19528 0.589078 -0.0124852 0.00054795 -0.00174407
-0.0388493 0.102411 0.546708 -0.0108298 0.00053561 -0.00159516
-0.0334628 0.16306 0.536358 -0.0105746 0.00066797 -0.00153869
-0.0338885 0.17439 0.542467 -0.0108854 0.00084618 -0.00162044
-0.0382529 0.112726 0.571736 -0.0117112 0.00070408 -0.00177045
-0.0343568 0.158841 0.547225 -0.0105924 0.00096327 -0.00162085
-0.0377367 0.0931201 0.587179 -0.0115991 0.00085557 -0.00172338
-0.0358005 0.1796 0.559987 -0.0111566 0.00090586 -0.00158324
-0.0444144 0.141571 0.648499 -0.0130405 0.00068884 -0.00179295
-0.0541684 0.0827787 0.635252 -0.0125168 0.00053946 -0.0018504
-0.0534247 0.220218 0.619332 -0.0126079 0.00035326 -0.00187147
-0.0511421 0.0883208 0.638926 -0.0126767 0.00037824 -0.00183402
-0.0531748 0.242521 0.554385 -0.011944 8.326e-05 -0.00178421
-0.0501974 0.109053 0.569221 -0.0113289 -1.526e-05 -0.00153375
-0.0576443 0.169475 0.596638 -0.0119406 0.00019021 -0.00193973
-0.0549574 0.129548 0.658854 -0.0128384 0.00024728 -0.0019285
-0.0509079 0.142114 0.641101 -0.0127369 0.00053161 -0.00190316
-0.052668 0.104561 0.678188 -0.0134054 0.00036779 -0.00190264
-0.0559778 0.154546 0.597808 -0.0124347 6.925e-05 -0.0018339
-0.0553873 0.128876 0.662171 -0.0127135 0.00016721 -0.00186134
-0.0514155 0.158486 0.643531 -0.0125898 0.00016826 -0.0018063
-0.0478702 0.19396 0.661368 -0.0130151 0.00038427 -0.00181623
-0.0553283 0.164015 0.66724 -0.0135412 0.00028254 -0.00188828
-0.0542153 0.0944638 0.680755 -0.0137044 0.00038102 -0.00183831
-0.0532231 0.187684 0.652431 -0.0128944 0.00033563 -0.00170526
-0.0377477 0.117711 0.662925 -0.0132113 0.00060498 -0.00150956
-0.0444964 0.139533 0.66837 -0.0134457 0.00041339 -0.00168704
-0.0528973 0.0818891 0.727293 -0.0140251 0.00032698 -0.00180469
-0.0479339 0.145942 0.67403 -0.0135786 0.00044805 -0.00173919
-0.0396804 0.146178 0.713007 -0.0140869 0.00049816 -0.00145017
-0.0447687 0.136866 0.696578 -0.0145585 0.00064819 -0.00185915
-0.0441391 0.0914249 0.712172 -0.0145309 0.00068125 -0.0017823
-0.0423151 0.143114 0.734231 -0.0151404 0.00071993 -0.00180552
-0.0549887 0.132042 0.793806 -0.0171769 5.871e-05 -0.00200647
-0.0509873 0.0313327 0.76816 -0.0159205 0.00037051 -0.00184461
-0.0479346 0.220214 0.765254 -0.0154415 0.00029699 -0.00188435
-0.0475681 0.0787111 0.771448 -0.0157308 0.0004398 -0.00185358
-0.0483184 0.167437 0.749451 -0.0157505 0.0004398 -0.00181321
-0.0530941 0.0670501 0.74997 -0.0158188 0.0004398 -0.00191081
-0.0578788 0.138089 0.738959 -0.0159323 -2.53e-06 -0.00183106
-0.0608388 0.0955125 0.752775 -0.0158284 0.0004398 -0.00206765
-0.0575346 0.101678 0.751203 -0.0157976 3.884e-05 -0.00184396
-0.0552093 0.162356 0.752696 -0.0157376 0.00015776 -0.0017256
-0.0589841 0.0687218 0.768048 -0.0168157 -3.924e-05 -0.0019086
-0.0575147 0.192218 0.733125 -0.0159352 3.754e-05 -0.0017436
-0.0581485 0.0515214 0.775875 -0.0167062 6.512e-05 -0.00191138
-0.0534871 0.159894 0.748764 -0.0162142 2.288e-05 -0.00172988
-0.0574815 0.107716 0.791004 -0.0164695 7.458e-05 -0.00181815
-0.0572524 0.113367 0.781177 -0.016741 -3.48e-06 -0.00177433
-0.0663594 0.147792 0.779177 -0.0168752 9.23e-06 -0.00209906
-0.0704984 -0.00592108 0.892803 -0.0195791 -0.00098842 -0.00176278
-0.0599391 0.160545 0.792769 -0.0170616 -3.165e-05 -0.00180925
-0.0490446 0.0190005 0.776641 -0.0169016 -0.00020463 -0.00165464
-0.0570878 0.181477 0.724014 -0.0166242 -4.803e-05 -0.00188963
-0.0660844 0.0896223 0.776517 -0.0175005 -0.00020463 -0.00197043
-0.0657451 0.116249 0.820447 -0.018116 -0.00061935 -0.00189861
-0.0616322 0.181664 0.760614 -0.016909 -0.00020463 -0.00197614
-0.0658986 0.0309765 0.82483 -0.0175341 -0.00020463 -0.00204382
-0.0622382 0.146287 0.792819 -0.0173094 -0.00020463 -0.00182042
-0.0612981 0.0358004 0.810675 -0.0174912 -0.00020463 -0.00182042
-0.0650221 0.108249 0.787205 -0.0174748 -0.00020463 -0.00201464
-0.0615999 0.0591662 0.810547 -0.0174109 -0.00020463 -0.00197884
-0.0652461 0.0864899 0.816914 -0.0177365 -0.00020463 -0.00194485
-0.0620412 0.145556 0.800686 -0.0174467 -2.931e-05 -0.00193872
-0.0556657 0.0159425 0.83001 -0.0167172 -7.13e-06 -0.00182042
-0.0541851 0.170491 0.863644 -0.016144 -0.00012003 -0.00174615
-0.0587378 0.142238 0.831448 -0.016446 -0.00020463 -0.00184421
-0.0571174 0.108894 0.841186 -0.0167576 -0.00020463 -0.00179316
-0.0602656 0.188436 0.824379 -0.016602 0.00020641 -0.00213394
-0.0658106 0.0646717 0.865193 -0.016827 -0.00027338 -0.00204827
-0.069065 0.167644 0.840278 -0.0164706 -0.00015163 -0.00199012
-0.0658842 0.0503944 0.883516 -0.0170344 -0.00014509 -0.00204921
-0.0701123 0.130641 0.863948 -0.0176584 -0.00066153 -0.00210691
-0.0674752 0.0389503 0.879017 -0.0172149 -0.00025647 -0.00209246
-0.0669886 0.142214 0.815944 -0.0168375 -5.101e-05 -0.00209786
-0.0706966 0.0428997 0.878865 -0.0173664 -0.00025647 -0.00209914
-0.075557 0.141355 0.8874 -0.0172881 -0.00040093 -0.00198331
-0.0718889 0.126615 0.864107 -0.0167007 -0.0003846 -0.00199181
-0.077833 0.0683344 0.872512 -0.0159247 0.00011192 -0.00226018
-0.0831483 0.106054 0.930631 -0.0164639 -0.0005751 -0.00237332
-0.0775072 0.0720781 0.93002 -0.0157043 -6.968e-05 -0.00212712
-0.0743774 0.146766 0.871678 -0.0153008 0.00028857 -0.00220668
-0.0731886 0.0496068 0.908699 -0.0162014 -9.14e-05 -0.00211858
-0.0766134 0.171015 0.890718 -0.0156195 -5.63e-05 -0.00210133
-0.077332 0.0548895 0.920524 -0.0161426 4.014e-05 -0.00219618
-0.0684762 0.154034 0.881232 -0.0155246 0.00036417 -0.00193879
-0.0722517 0.0485727 0.925322 -0.0159447 -4.345e-05 -0.00193879
-0.0707709 0.158696 0.859854 -0.015436 0.00015264 -0.00204437
-0.0727316 0.064073 0.92299 -0.0161172 -4.345e-05 -0.0020828
-0.0750837 0.144838 0.913297 -0.0162291 -4.345e-05 -0.00210524
-0.0780466 0.127987 0.96138 -0.0166428 -0.00021657 -0.00205412
-0.0778004 0.140245 0.925659 -0.0163237 -4.345e-05 -0.0020552
-0.0769543 0.0847068 0.930567 -0.0157851 -4.345e-05 -0.00211588
-0.0673157 0.117214 0.918092 -0.015397 0.00032396 -0.00187493
-0.0729506 0.129106 0.91651 -0.0157709 0.00012599 -0.00206753
-0.0733829 0.0610281 0.942531 -0.0161217 -4.345e-05 -0.00204106
-0.0801901 0.192265 0.901697 -0.015618 0.0001964 -0.00232001
-0.075427 0.0494525 0.958037 -0.0161338 -4.345e-05 -0.00204014
-0.0807152 0.196384 0.910505 -0.0156439 -4.345e-05 -0.00223388
-0.0801711 0.059221 1.00068 -0.0168502 -0.00016211 -0.00228024
-0.0840189 0.193027 0.995989 -0.0166415 -9.611e-05 -0.00221679
-0.0876682 0.169284 0.992696 -0.0162611 0.00018825 -0.00235818
-0.0817462 0.0544156 0.966008 -0.0157851 0.00026926 -0.00229812
-0.0659645 0.111278 0.823339 -0.0132546 0.00015923 -0.00187493
-0.0819322 0.144484 0.796975 -0.0108282 -0.00061725 -0.00187493
-0.0509105 0.171277 0.929713 -0.0123456 -0.00071012 -0.00134897
-0.0383813 0.0938895 1.08286 -0.0144384 -0.00088139 -0.00123407
-0.0318476 0.242915 1.00921 -0.0132461 -0.00045815 -0.00111056
-0.0267194 0.0862459 1.13946 -0.0154242 -0.00133532 -0.00100851
-0.0320535 0.273434 1.01591 -0.0136213 -0.00068653 -0.00100267
-0.0406902 0.103759 1.18757 -0.0160384 -0.00139512 -0.00120222
-0.0387171 0.208604 1.11834 -0.0141703 -0.00066588 -0.00116268
-0.0423437 0.166068 1.17602 -0.0155708 -0.00142238 -0.00103578
-0.0440218 0.138985 1.10994 -0.0139955 -0.00066588 -0.00130761
-0.0458589 0.215641 1.11355 -0.0144149 -0.00075987 -0.00131065
-0.0459802 0.138549 1.10822 -0.0137297 -0.00091083 -0.00117561
-0.048555 0.227984 1.11451 -0.0140278 -0.00074694 -0.00138548
-0.0492003 0.13296 1.14238 -0.0141067 -0.00089622 -0.00139937
-0.048817 0.237438 1.14099 -0.0141871 -0.00072698 -0.00132664
-0.0540743 0.16913 1.14642 -0.0140458 -0.00096013 -0.00125391
-0.0512864 0.18121 1.16096 -0.014334 -0.00106592 -0.00140005
-0.053727 0.226099 1.14505 -0.0141661 -0.00101463 -0.00147857
-0.0583022 0.139633 1.19627 -0.0151859 -0.00145867 -0.00148647
-0.061139 0.187292 1.23308 -0.0160501 -0.00198422 -0.00158989
-0.0524273 0.101393 1.21016 -0.0150434 -0.00116854 -0.00154374
-0.063146 0.258978 1.14608 -0.0140555 -0.00114174 -0.00170662
-0.0605745 0.12368 1.17664 -0.0143641 -0.0011381 -0.00178474
-0.0645019 0.229204 1.096 -0.0149898 -0.00089655 -0.00177554
-0.0662095 0.115032 1.13945 -0.0148096 -0.00098587 -0.00186821
-0.0640904 0.229416 1.10569 -0.0143325 -0.00098051 -0.0018353
-0.0618697 0.155355 1.13583 -0.0149991 -0.00103058 -0.00179062
-0.0569068 0.215181 1.10935 -0.0152831 -0.00114936 -0.00157283
-0.0685248 0.12422 1.15577 -0.0153871 -0.00114461 -0.00181627
-0.0711137 0.191585 1.1229 -0.0151292 -0.00107192 -0.00185856
-0.0671637 0.170858 1.10421 -0.0153286 -0.00097215 -0.00184928
-0.07467 0.0989209 1.15289 -0.0154754 -0.00129259 -0.00199842
-0.0829547 0.212567 1.16263 -0.0165658 -0.00145444 -0.00220277
-0.0752241 0.114297 1.15299 -0.015623 -0.00107268 -0.00212018
-0.0768529 0.24456 1.15106 -0.0165036 -0.00143517 -0.00213492
-0.0825105 0.104282 1.18992 -0.016359 -0.00177322 -0.00216303
-0.0822227 0.188097 1.15086 -0.0154298 -0.00139243 -0.00205697
-0.0850442 0.219983 1.13608 -0.0154182 -0.0013408 -0.00229834
-0.0847888 0.147654 1.12461 -0.0152386 -0.00110324 -0.0021817
-0.0777618 0.212447 1.13193 -0.0153511 -0.00133723 -0.00227399
-0.0771418 0.117482 1.15217 -0.0155215 -0.00120275 -0.00218718
-0.0851411 0.22611 1.13646 -0.0153418 -0.00119318 -0.00225506
-0.0885883 0.141242 1.18558 -0.0166984 -0.00145825 -0.00240983
-0.0796888 0.218469 0.975284 -0.011826 -0.00101158 -0.00219049
-0.0813198 0.123954 1.07152 -0.0140329 -0.00112458 -0.00208412
-0.0827156 0.257306 1.01114 -0.014237 -0.00112458 -0.002201
-0.0756999 0.132651 1.00917 -0.0126726 -0.00141559 -0.00169134
-0.0692542 0.286894 0.839307 -0.00919912 -0.00049047 -0.00167629
-0.0706831 0.226788 0.842137 -0.00967967 -0.00051922 -0.00159786
-0.0854498 0.183335 0.927532 -0.0119287 -0.00062398 -0.00195171
-0.0663374 0.178365 0.898618 -0.0109126 -0.00032333 -0.00161824
-0.0669881 0.216514 0.938568 -0.0117273 -0.00019351 -0.00185112
-0.0635444 0.132203 0.98606 -0.0116572 -0.00034121 -0.00164743
-0.0656502 0.274815 0.959633 -0.0120142 -6.728e-05 -0.00184098
-0.0731218 0.0990464 1.12043 -0.0140797 -0.00067282 -0.00201971
-0.0676641 0.275517 0.998643 -0.0123221 -0.00023951 -0.00212741
-0.0762154 0.150807 1.0453 -0.0127812 -0.00039677 -0.00226578
-0.0789309 0.257491 0.990036 -0.0128847 -0.00027362 -0.00228656
-0.0812583 0.158429 1.03407 -0.0130859 -0.00031229 -0.00236878
-0.0812244 0.21877 1.01151 -0.0128216 -0.00031629 -0.0022787
-0.0860808 0.208294 1.0437 -0.0131688 -0.0003095 -0.00244334
-0.0876822 0.162848 1.09337 -0.0141868 -0.00067096 -0.00231951
-0.0913112 0.197706 1.071 -0.013847 -0.0003095 -0.00272818
-0.0881326 0.141438 1.11287 -0.0142374 -0.0003095 -0.0025482
-0.0936332 0.243362 1.09391 -0.0143564 -0.0003095 -0.00276997
-0.0969908 0.184688 1.0471 -0.0130752 8.6e-05 -0.00272213
-0.0994224 0.222094 1.03862 -0.013316 -0.00022698 -0.00263663
-0.0964506 0.160248 1.0938 -0.0138379 -5.721e-05 -0.0029687
-0.0986009 0.283179 1.02623 -0.0134087 -0.0004605 -0.00287342
-0.0925745 0.117025 1.09647 -0.0139944 -0.00052977 -0.00287758
-0.102824 0.269096 1.0752 -0.0139046 -0.00056468 -0.00300169
-0.0937743 0.176889 1.0856 -0.0140621 -0.00056594 -0.0028574
-0.0865092 0.20348 1.0879 -0.0147274 -0.00019662 -0.0027732
-0.084353 0.129922 1.07599 -0.0141785 -0.00053313 -0.00262931
-0.0869191 0.193909 1.06955 -0.0141142 -0.00035434 -0.00261981
-0.0868506 0.186171 1.07432 -0.0142075 -0.00030361 -0.00271034
-0.0833725 0.178594 1.07473 -0.0143341 -0.00028831 -0.00262745
-0.0850079 0.148092 1.0934 -0.0145861 -0.00024105 -0.00267261
-0.0890673 0.217554 1.05227 -0.0139695 -0.00036257 -0.00270526
-0.0922329 0.221768 1.08511 -0.0145492 -0.00031136 -0.00291959
-0.0892284 0.121085 1.13338 -0.0148026 -5.758e-05 -0.00298024
-0.0913226 0.276027 1.07863 -0.0145436 -0.00045348 -0.00294041
-0.0896973 0.125346 1.11553 -0.0147053 -0.00030879 -0.00300396
-0.0929873 0.234838 1.08442 -0.0144178 -0.00035214 -0.00286327
-0.101182 0.108162 1.12576 -0.0149531 -0.00036941 -0.00323473
-0.0992103 0.220761 1.11684 -0.0145738 -0.00039721 -0.00320241
-0.101996 0.207161 1.10834 -0.0148483 -0.00018166 -0.0030984
-0.102403 0.116969 1.11675 -0.0145521 -0.00013771 -0.00336034
-0.10763 0.234692 1.09171 -0.0148143 -0.00024049 -0.00329619
-0.100222 0.0986336 1.13159 -0.0154747 -0.00023973 -0.00333023
-0.103568 0.244712 1.09826 -0.0143639 -9.511e-05 -0.00325262
-0.102991 0.135317 1.11832 -0.0150073 -0.00044269 -0.00332743
-0.1029 0.257699 1.05905 -0.0147105 -9.511e-05 -0.0032994
-0.105666 0.134769 1.16114 -0.0162182 -0.00062347 -0.00334756
-0.0990349 0.263352 1.09049 -0.0149383 -9.511e-05 -0.00316559
-0.101105 0.141497 1.13974 -0.0153776 -0.00053848 -0.00331171
-0.100763 0.211779 1.10062 -0.0150843 -0.00053378 -0.00338865
-0.10366 0.162579 1.14211 -0.0151471 -0.00032279 -0.00323457
-0.101054 0.208222 1.10759 -0.0148232 -0.0001559 -0.0032777
-0.109748 0.194241 1.12318 -0.0155068 -9.511e-05 -0.00360051
-0.105723 0.142833 1.13965 -0.0152746 -9.511e-05 -0.00354239
-0.114427 0.264518 1.09634 -0.0149935 -9.511e-05 -0.00378962
-0.115775 0.112812 1.14211 -0.0152717 -0.00050173 -0.00364398
-0.113938 0.269903 1.08853 -0.0148141 -0.00022869 -0.00357531
-0.121006 0.198746 1.13715 -0.0152484 -0.00043275 -0.00366635
-0.116919 0.225281 1.08403 -0.0153887 -0.00030268 -0.00348426
-0.116513 0.130151 1.09854 -0.0150339 -0.00025166 -0.00365804
-0.114798 0.129195 1.14936 -0.0166432 -0.00079621 -0.00370804
-0.12339 0.132743 1.12439 -0.0159399 -0.00017738 -0.00398723
-0.124108 0.126674 1.1505 -0.0159322 -0.00029119 -0.00393461
-0.128132 0.227431 1.1312 -0.0155784 1.204e-05 -0.00397569
-0.134253 0.133415 1.1424 -0.0154983 7.12e-06 -0.00402174
-0.138422 0.241747 1.11525 -0.0149658 0.00035282 -0.00416707
-0.138991 0.130264 1.23566 -0.0172528 -0.00051272 -0.00442053
-0.140601 0.212285 1.13869 -0.0156766 -1.659e-05 -0.00408568
-0.140999 0.117104 1.19744 -0.0159767 -7.328e-05 -0.00430641
-0.143655 0.26573 1.14142 -0.0153155 9.33e-06 -0.00434738
-0.144043 0.143233 1.15176 -0.0155558 0.00013639 -0.00432068
-0.149718 0.186601 1.1442 -0.0155422 0.00061109 -0.00465644
-0.151209 0.176543 1.15567 -0.0154909 0.00061109 -0.00465332
-0.151935 0.0996358 1.20278 -0.0161838 0.00018047 -0.00456961
-0.153217 0.255493 1.1526 -0.0156433 0.00018549 -0.00480559
-0.155287 0.141012 1.18679 -0.0160245 0.00026399 -0.00472825
-0.15787 0.265377 1.14593 -0.0152956 0.00061109 -0.00482428
-0.157805 0.133985 1.16295 -0.0152087 0.00072936 -0.00464404
-0.161173 0.248857 1.14743 -0.0150438 0.0005104 -0.00469007
-0.152637 0.200757 1.16881 -0.0153765 0.00040873 -0.00458591
-0.148436 0.138048 1.16347 -0.0148394 0.00046596 -0.0044496
-0.138168 0.223729 1.11976 -0.0144295 3.002e-05 -0.00412479
-0.138882 0.124811 1.20364 -0.0151535 1.731e-05 -0.00444239
-0.145777 0.250536 1.14984 -0.0148849 -1.03e-05 -0.00441173
-0.149168 0.121275 1.17731 -0.0142175 4e-04 -0.00447968
-0.142019 0.164126 1.03237 -0.0119748 0.00033446 -0.0042895
-0.212674 0.244428 0.836278 -0.00861951 -0.00096113 -0.00477459
-0.194494 0.162847 0.847113 -0.00709851 -0.0015434 -0.00440969
-0.165632 0.209095 1.10921 -0.0111497 -0.00133899 -0.0043583
-0.164338 0.149383 1.22946 -0.011649 -0.00108314 -0.00444231
-0.172037 0.269291 1.14852 -0.0115958 -0.00049381 -0.00511099
-0.183576 0.11264 1.22903 -0.0122635 -0.00049381 -0.00494525
-0.187776 0.228231 1.17928 -0.0123983 -0.00039573 -0.0049763
-0.190114 0.103722 1.2121 -0.0122688 -0.0004957 -0.00514421
-0.190415 0.202731 1.17468 -0.0121659 -7.999e-05 -0.00527397
-0.190641 0.0860071 1.30789 -0.0149881 -0.00104937 -0.00530786
-0.188453 0.177918 1.25549 -0.0129159 -0.00033957 -0.00525158
-0.197112 0.25416 1.2205 -0.012813 -0.00062793 -0.00535061
-0.199921 0.142289 1.27756 -0.0133567 -0.00035951 -0.00532193
-0.203433 0.228899 1.2401 -0.0129693 -0.00029776 -0.00541048
-0.203789 0.185022 1.26816 -0.0133149 -0.00056642 -0.00541612
-0.206331 0.218368 1.25003 -0.0131228 8.82e-05 -0.00562023
-0.200641 0.163719 1.25888 -0.0128656 -0.0004151 -0.0055998
-0.198866 0.142628 1.26548 -0.0131708 -0.00042273 -0.00544353
-0.205368 0.247277 1.23016 -0.012675 -0.00028665 -0.0056271
-0.198995 0.0768577 1.25564 -0.0132236 -0.0002503 -0.00539572
-0.196157 0.18981 1.21841 -0.0126954 -0.00086475 -0.00510761
-0.190251 0.366244 1.20243 -0.0126144 -0.00064046 -0.00505626
-0.192435 0.179492 1.29542 -0.0129536 -0.00047302 -0.00544984
-0.199718 0.25903 1.22685 -0.0126309 -0.00041763 -0.00529479
-0.205757 0.187613 1.28061 -0.0134953 -0.00070745 -0.00549217
-0.212975 0.138578 1.30825 -0.0134891 -0.00037426 -0.00550122
-0.209681 0.208559 1.26961 -0.0136433 -0.0003285 -0.00566403
-0.211875 0.0842615 1.33502 -0.0138711 -0.00032155 -0.00555897
-0.217983 0.191758 1.29936 -0.014177 -0.00046007 -0.00583261
-0.225326 0.15058 1.30902 -0.0139444 -0.00070899 -0.00595717
-0.225448 0.215079 1.28807 -0.0137236 -0.00017967 -0.00591699
-0.225603 0.181741 1.3205 -0.0134214 -0.0003882 -0.00607331
-0.225699 0.231967 1.32049 -0.0136504 -0.0003882 -0.00611599
-0.226227 0.222627 1.31385 -0.0134769 -0.00031989 -0.0062279
-0.228661 0.161316 1.31811 -0.0132721 -2.175e-05 -0.00625235
-0.229447 0.234401 1.35406 -0.0139802 -0.00037253 -0.00648988
-0.221595 0.119143 1.34663 -0.0138419 -0.00019285 -0.00622328
-0.228726 0.276254 1.32022 -0.0136921 -0.00041016 -0.00645152
-0.231185 0.110743 1.36206 -0.0134497 -0.00010502 -0.00620773
-0.230337 0.248823 1.33414 -0.0129267 -0.00026271 -0.00665281
-0.230311 0.126076 1.3522 -0.0138063 -0.00061331 -0.00650139
-0.231823 0.223462 1.33545 -0.0138413 -0.0005292 -0.00665405
-0.242295 0.170293 1.40226 -0.0156297 -0.00133171 -0.00661348
-0.236803 0.114742 1.38812 -0.0142475 -0.00072496 -0.00668631
-0.242875 0.268156 1.32736 -0.0142489 -0.0006772 -0.00676109
-0.242412 0.10191 1.38419 -0.0145547 -0.00085147 -0.00659844
-0.243131 0.272794 1.32625 -0.0136254 -0.00059813 -0.00691098
-0.254925 0.178745 1.36232 -0.0136346 -0.00095552 -0.00690816
-0.253362 0.223097 1.3383 -0.0138353 -0.00048923 -0.00715729
-0.26012 0.185904 1.37257 -0.0138292 -0.00075059 -0.00747919
-0.267021 0.185949 1.38607 -0.0136857 -0.00048923 -0.00746358
-0.262142 0.211906 1.43881 -0.0157074 -0.00103081 -0.0075766
-0.259813 0.105104 1.39972 -0.0139554 -0.00083618 -0.00727328
-0.269152 0.236138 1.35952 -0.0136683 -0.0010525 -0.00767569
-0.260444 0.136032 1.37182 -0.0138517 -0.00083194 -0.00770326
-0.274103 0.264266 1.33179 -0.0139217 -0.00084645 -0.00786235
-0.259913 0.106075 1.44151 -0.0156001 -0.0016599 -0.00766681
-0.276791 0.256904 1.34658 -0.0137986 -0.00109932 -0.00802559
-0.243634 0.12436 1.38881 -0.0131645 -0.00134297 -0.00677268
-0.227877 0.153327 1.27638 -0.0121493 -0.00204568 -0.00602224
-0.229562 0.196144 0.782814 -0.00445378 -0.00205937 -0.0054587
-0.225381 0.141428 0.500739 0.00166637 -0.00144683 -0.00516485
-0.224473 0.231764 0.643409 0.00034502 -0.00104199 -0.00546105
-0.22278 0.166392 0.677245 0.00067016 -0.00143362 -0.00528607
-0.241309 0.33439 0.664053 0.00049163 -0.0006484 -0.00592755
-0.248039 0.216037 0.803782 0.00020562 -0.002818 -0.00595853
-0.263966 0.208614 0.875219 -0.00131461 -0.00266658 -0.00644579
-0.27815 0.267066 0.883862 -0.00109913 -0.00277584 -0.00678351
-0.27413 0.155756 0.917565 0.00042248 -0.00227083 -0.00654491
-0.282372 0.281636 0.896518 -0.00019026 -0.00276874 -0.00701666
-0.280844 0.143652 0.992648 -0.00029235 -0.00163484 -0.00689776
-0.294054 0.309353 0.938438 -0.00028496 -0.00224341 -0.00719599
-0.290416 0.208797 0.989468 -0.00050882 -0.00155024 -0.00708426
-0.299126 0.284937 0.941693 -0.00042001 -0.00217722 -0.00749427
-0.290773 0.243267 0.992684 -0.00033749 -0.00178965 -0.00731018
-0.276402 0.210346 0.955904 0.00030932 -0.00184087 -0.0070225
-0.281494 0.284401 0.979302 -0.00057945 -0.00145446 -0.00754252
-0.287299 0.166261 1.02895 -0.00072081 -0.0015647 -0.00752053
-0.292881 0.288993 0.99794 -0.00059224 -0.00176912 -0.00778897
-0.29 0.163348 1.075 -0.00104655 -0.00156551 -0.0075891
-0.303039 0.27175 1.0833 -0.00154685 -0.00176913 -0.0079702
-0.311785 0.179214 1.08605 -0.00101645 -0.00187297 -0.00808435
-0.312294 0.2564 1.05627 -0.00109761 -0.00166269 -0.00845016
-0.303798 0.210048 1.05398 -0.00180176 -0.00179254 -0.00783964
-0.301826 0.161988 1.07491 -0.00123427 -0.00192382 -0.00773461
-0.317436 0.348138 1.04135 -0.00112655 -0.0021014 -0.00832199
-0.313817 0.20157 1.06041 -0.00144161 -0.0021014 -0.00779112
-0.301784 0.294551 0.964217 -0.00417931 -0.00286156 -0.00801029
-0.314602 0.161298 1.0767 -0.00170394 -0.00177894 -0.00747433
-0.323285 0.259229 1.13177 -0.00270335 -0.00153257 -0.00823429
-0.29068 0.211814 1.10668 -0.00201008 -0.0010437 -0.00689519
-0.30092 0.121036 1.12694 -0.00075056 -0.001163 -0.0071597
-0.307102 0.269128 1.12804 -0.00157828 -0.00120912 -0.00773036
-0.316711 0.156776 1.16852 -0.00260086 -0.0005289 -0.00756112
-0.323232 0.229106 1.16737 -0.00253458 -0.00110679 -0.00767596
-0.321397 0.210983 1.20956 -0.00291955 -0.00117686 -0.00763839
-0.320731 0.206796 1.21787 -0.0026977 -0.00080592 -0.00759486
-0.32986 0.271735 1.21371 -0.00375038 -0.0005846 -0.00795502
-0.336433 0.148998 1.26536 -0.00321822 -0.00043969 -0.00811868
-0.347295 0.268812 1.23031 -0.00321822 -0.00067103 -0.00851249
-0.344635 0.129404 1.3148 -0.00342343 -0.00069472 -0.00844058
-0.350666 0.256382 1.35929 -0.00524824 -0.00058059 -0.00878389
-0.338222 0.219076 1.27382 -0.00335355 -0.00073683 -0.0086435
-0.337791 0.133923 1.34408 -0.00524334 -0.00092596 -0.008434
-0.35255 0.23847 1.26319 -0.00401009 -0.00120027 -0.00871488
-0.360185 0.13009 1.37436 -0.00553288 -0.00067152 -0.00896369
-0.369392 0.260374 1.33197 -0.00551885 -0.00105221 -0.00919452
-0.382974 0.145531 1.3915 -0.00666821 -0.0011748 -0.00969857
-0.38468 0.198162 1.33575 -0.00575886 -0.00085252 -0.00960421
-0.382049 0.135599 1.37703 -0.0062844 -0.00087747 -0.00951753
-0.376945 0.223359 1.34567 -0.00639502 -0.00089605 -0.00919043
-0.375461 0.169212 1.37079 -0.00650863 -0.0010691 -0.00931459
-0.365089 0.223754 1.36007 -0.00683945 -0.00160988 -0.00938256
-0.376107 0.172653 1.38394 -0.00659615 -0.00139139 -0.00932616
-0.380302 0.133741 1.45647 -0.00780332 -0.00146449 -0.00954376
-0.382679 0.266627 1.36793 -0.00675965 -0.00152424 -0.0098596
-0.383439 0.106132 1.41177 -0.00653835 -0.00110934 -0.00945083
-0.384829 0.229111 1.36258 -0.0063479 -0.00158369 -0.00965674
-0.382178 0.117143 1.4371 -0.00694326 -0.00128372 -0.00954298
-0.379518 0.178976 1.48435 -0.00923937 -0.00195755 -0.0097634
-0.395107 0.185297 1.42428 -0.00756438 -0.00114649 -0.00986054
-0.348419 -0.0120653 1.50268 -0.00729985 -0.0003214 -0.00859689
-0.301109 0.213563 1.5738 -0.00698633 -0.00048133 -0.00722458
-0.307375 0.512707 1.48936 -0.00757743 -0.00172668 -0.00816324
-0.313474 0.324708 1.45565 -0.00712537 -0.00253021 -0.00793692
-0.330933 0.210956 1.44592 -0.00688038 -0.0021632 -0.00786043
-0.337938 0.185868 1.47725 -0.00710747 -0.00208813 -0.00827251
-0.338651 0.098655 1.48521 -0.00692935 -0.00199795 -0.00806117
-0.331158 0.113639 1.391 -0.0054073 -0.00163411 -0.00787347
-0.33724 0.0921195 1.44731 -0.00624209 -0.00164639 -0.00804454
-0.362125 0.176966 1.46503 -0.00724248 -0.0018372 -0.00873772
-0.376246 0.188232 1.47656 -0.00764696 -0.00202896 -0.00914594
-0.37144 0.205031 1.5003 -0.00771837 -0.00221789 -0.00913728
-0.386028 0.305872 1.49798 -0.00759222 -0.00173186 -0.00976694
-0.384847 0.189399 1.52351 -0.00762202 -0.00183093 -0.00930883
-0.378027 0.273302 1.48525 -0.00738459 -0.00184635 -0.00948909
-0.34681 0.143417 1.47618 -0.00733263 -0.00187239 -0.00824241
-0.359957 0.207278 1.45427 -0.0079068 -0.0018416 -0.00869128
-0.348912 0.128605 1.5124 -0.00761103 -0.00240766 -0.00855516
-0.36269 0.131486 1.55902 -0.00810549 -0.00216186 -0.00875164
-0.368109 0.180389 1.53607 -0.00783479 -0.00192441 -0.00913523
-0.38301 0.152253 1.52646 -0.00753439 -0.0018535 -0.00900672
-0.389751 0.135362 1.53647 -0.00734628 -0.00165221 -0.00945209
-0.382921 0.180337 1.53675 -0.00735903 -0.0014376 -0.00935255
-0.379641 0.230515 1.53218 -0.0078669 -0.00164418 -0.00913633
-0.373869 0.193026 1.54166 -0.00808492 -0.00143508 -0.00892043
-0.367697 0.184606 1.55253 -0.00793063 -0.00194534 -0.00881353
-0.367637 0.175775 1.57346 -0.00795248 -0.00209454 -0.00881841
-0.364209 0.26632 1.54074 -0.00796298 -0.00201236 -0.0088976
-0.367799 0.13437 1.58832 -0.00814859 -0.00152927 -0.00876481
-0.356852 0.228286 1.50407 -0.00782539 -0.00201236 -0.00892923
-0.351347 0.120521 1.55323 -0.00798282 -0.00159522 -0.008666
-0.36498 0.198091 1.5489 -0.00834643 -0.00181862 -0.00895002
-0.368655 0.190057 1.56654 -0.00823589 -0.00185879 -0.00954791
-0.367821 0.159592 1.58104 -0.00833231 -0.00183163 -0.00894155
-0.368306 0.212788 1.58011 -0.00956315 -0.00218945 -0.00944107
-0.365801 0.133709 1.58141 -0.00824262 -0.00192307 -0.00922681
-0.376618 0.242213 1.52208 -0.00817318 -0.00165059 -0.00965805
-0.374234 0.130964 1.59159 -0.00805454 -0.00139121 -0.00905246
-0.38256 0.233732 1.50467 -0.00792818 -0.00147911 -0.00945646
-0.387802 0.130672 1.58802 -0.00764649 -0.00114573 -0.00955271
-0.381513 0.227012 1.52168 -0.00768168 -0.00146776 -0.00925388
-0.380356 0.139153 1.6072 -0.0083199 -0.00159 -0.00927787
-0.368249 0.200908 1.60787 -0.00946378 -0.00155494 -0.00913194
-0.367638 0.137696 1.59982 -0.00856264 -0.00210539 -0.00888429
-0.368306 0.165172 1.55804 -0.00767471 -0.00180241 -0.00925729
-0.364713 0.204264 1.55441 -0.00820925 -0.00250653 -0.00899851
-0.367249 0.115373 1.64524 -0.00981776 -0.00285701 -0.00899867
-0.368077 0.215099 1.59064 -0.008751 -0.0020445 -0.0091426
-0.376619 0.131276 1.62093 -0.00785351 -0.00183907 -0.00924318
-0.368185 0.237971 1.59519 -0.00816403 -0.00177876 -0.00911203
-0.367804 0.123781 1.61448 -0.00795277 -0.00183771 -0.00893901
-0.362418 0.209494 1.55048 -0.00803465 -0.00173128 -0.00908929
-0.375802 0.154338 1.59715 -0.00865199 -0.00204722 -0.00933653
-0.3684 0.172595 1.57958 -0.00839869 -0.00183771 -0.00929144
-0.382905 0.207194 1.57835 -0.00813578 -0.00183678 -0.00928999
-0.389637 0.146849 1.5959 -0.00785546 -0.00143319 -0.0095297
-0.395756 0.23687 1.59053 -0.00787524 -0.00115561 -0.00990913
-0.384711 0.123497 1.62795 -0.00796675 -0.00168649 -0.00948043
-0.387901 0.240526 1.60303 -0.00789713 -0.00155233 -0.009737
-0.382844 0.132666 1.68206 -0.0082831 -0.00144714 -0.00926583
-0.375031 0.249312 1.57278 -0.00810696 -0.00154145 -0.00900468
-0.385757 0.141472 1.58457 -0.00717859 -0.00128889 -0.00933054
-0.380598 0.221851 1.22958 -0.00118477 -0.00184923 -0.00871619
-0.346832 0.229258 1.45314 -0.00368207 -0.00234297 -0.00830188
-0.358533 0.143389 1.49264 -0.00488505 -0.00210776 -0.00830373
-0.352101 0.183484 1.5103 -0.00533185 -0.00212029 -0.00852101
-0.369118 0.259983 1.50947 -0.00576358 -0.00229211 -0.00879789
-0.36977 0.0654612 1.6714 -0.00831795 -0.00302676 -0.00869693
-0.372306 0.251652 1.51867 -0.00612239 -0.00209311 -0.00913862
-0.378403 0.11373 1.57125 -0.00605026 -0.0024647 -0.00891536
-0.376384 0.226829 1.53198 -0.00590465 -0.00232713 -0.00913943
-0.385057 0.189653 1.54747 -0.00630418 -0.0025657 -0.00904877
-0.383216 0.139498 1.53932 -0.0056312 -0.00193914 -0.00903901
-0.39862 0.218466 1.52329 -0.00626268 -0.00188053 -0.00956139
-0.398139 0.129811 1.57365 -0.00591031 -0.00203467 -0.00943106
-0.402326 0.203335 1.55894 -0.00646213 -0.00210979 -0.00974422
-0.382304 0.0808771 1.64657 -0.00653335 -0.0025417 -0.00929974
-0.392071 0.21219 1.59866 -0.0067147 -0.00294074 -0.00937595
-0.385625 0.108281 1.61793 -0.00671826 -0.00270615 -0.00907105
-0.396312 0.200609 1.52998 -0.00688457 -0.00227282 -0.00935217
-0.390704 0.116079 1.47108 -0.00537492 -0.0023767 -0.00884197
-0.373737 0.103709 1.40669 -0.00445854 -0.00081964 -0.00873071
-0.447845 0.0971438 1.40397 -0.00301402 -0.00194308 -0.0096537
-0.448624 0.0768952 1.54443 -0.00371527 -0.00346589 -0.00951198
-0.444139 0.0647716 1.55711 -0.00330134 -0.00310915 -0.00914925
-0.434533 0.155907 1.56915 -0.00362361 -0.00239196 -0.00932859
-0.421122 0.127371 1.56946 -0.00395324 -0.00304985 -0.00884655
-0.390368 0.105624 1.6244 -0.00425632 -0.00310915 -0.00837528
-0.388736 0.202638 1.58153 -0.00441169 -0.00328906 -0.00823336
-0.364773 0.105872 1.67144 -0.00423964 -0.00294319 -0.0079102
-0.386384 0.249566 1.58033 -0.00450363 -0.00310915 -0.00801833
-0.400193 0.0868929 1.67578 -0.00475128 -0.00295641 -0.00842582
-0.405452 0.234361 1.63053 -0.00492231 -0.0028657 -0.00889224
-0.403733 0.0851327 1.68675 -0.00507866 -0.00268535 -0.00858626
-0.418015 0.173894 1.66252 -0.00597298 -0.00267682 -0.00892121
-0.423251 0.0918559 1.69741 -0.00586696 -0.00290977 -0.00897121
-0.420653 0.11845 1.76132 -0.00737424 -0.00291502 -0.00948919
-0.433004 0.133359 1.71409 -0.00627874 -0.00253665 -0.00936383
-0.431684 0.114065 1.77337 -0.00807922 -0.00253753 -0.00956209
-0.418559 0.110157 1.75699 -0.0073901 -0.00279904 -0.00921324
-0.418491 0.155231 1.7444 -0.00753989 -0.00261644 -0.00892918
-0.426823 0.165602 1.72342 -0.00694057 -0.00208563 -0.009265
-0.429213 0.147673 1.70001 -0.00683679 -0.001934 -0.00934228
-0.440036 0.127907 1.80998 -0.00886454 -0.00295702 -0.00970725
-0.426515 0.119839 1.74617 -0.00754597 -0.00240621 -0.0094161
-0.419586 0.182956 1.7101 -0.00709042 -0.00182516 -0.00949005
-0.403208 0.0664058 1.73947 -0.00692011 -0.0023945 -0.00887103
-0.373036 0.196461 1.67508 -0.00691244 -0.00248995 -0.00842541
-0.36817 0.0910329 1.688 -0.0065514 -0.00292746 -0.00778059
-0.378779 0.23111 1.70952 -0.00804853 -0.00249322 -0.00856984
-0.372351 0.115119 1.65196 -0.00604367 -0.00249322 -0.00780595
-0.340733 0.166901 1.5858 -0.00640382 -0.00182297 -0.00769348
-0.316877 0.153487 1.56535 -0.00555254 -0.00278475 -0.00630827
-0.315125 0.202713 1.56194 -0.00602843 -0.0029042 -0.00622415
-0.326752 0.236247 1.60948 -0.0064144 -0.00194117 -0.00667273
-0.344417 0.21427 1.60349 -0.00674288 -0.00226503 -0.00763707
-0.353097 0.170574 1.64828 -0.00667686 -0.00226926 -0.00758526
-0.361389 0.175518 1.66298 -0.00707837 -0.00209265 -0.00771839
-0.381866 0.205716 1.65863 -0.00729542 -0.00167552 -0.00831154
-0.384235 0.127104 1.68577 -0.00741871 -0.00248344 -0.00828217
-0.397472 0.215704 1.69977 -0.00777757 -0.00275533 -0.00862036
-0.40799 0.148618 1.72017 -0.00759982 -0.00267839 -0.00885855
-0.408 0.155356 1.73367 -0.00818994 -0.00235069 -0.00877318
-0.407422 0.180069 1.71744 -0.00783437 -0.00296581 -0.00851412
-0.40229 0.134377 1.72945 -0.00708818 -0.00274475 -0.00859848
-0.399743 0.183822 1.78953 -0.0098757 -0.00393334 -0.00884478
-0.392139 0.100776 1.75504 -0.00809153 -0.00350222 -0.00842175
-0.380427 0.250503 1.69529 -0.00755102 -0.00310736 -0.00872785
-0.377127 0.107876 1.75478 -0.0081623 -0.00303138 -0.00828485
-0.3708 0.188748 1.7032 -0.00832018 -0.00304518 -0.00804616
-0.325146 0.177598 1.54334 -0.00778796 -0.00216912 -0.00684744
-0.290483 0.00796952 1.60774 -0.00747388 -0.0030337 -0.00597546
-0.316266 0.20777 1.58879 -0.00676171 -0.00380488 -0.00585417
-0.325614 0.201686 1.53551 -0.00632632 -0.00418676 -0.00647228
-0.318083 0.131643 1.5033 -0.00683206 -0.00382099 -0.00587821
-0.298896 0.109678 1.51248 -0.00705199 -0.00460553 -0.00558315
-0.32884 0.166449 1.53095 -0.0070351 -0.0048374 -0.00629578
-0.326966 0.0757479 1.50911 -0.00682933 -0.0048668 -0.00614587
-0.322582 0.116556 1.55285 -0.00756215 -0.00494167 -0.00613191
-0.315301 0.10948 1.50168 -0.00711815 -0.00449721 -0.00584462
-0.306359 0.0721765 1.4839 -0.00712039 -0.00422639 -0.00503803
-0.305907 0.195867 1.48156 -0.00690238 -0.00361442 -0.00509826
-0.320916 0.187791 1.47493 -0.00595236 -0.0035875 -0.00542729
-0.305748 0.188045 1.48512 -0.00642228 -0.0036217 -0.00498013
-0.292471 0.187477 1.4736 -0.00658884 -0.00375033 -0.00443395
-0.297914 0.253237 1.5072 -0.00688988 -0.00367919 -0.00484104
-0.305288 0.158352 1.52988 -0.00681622 -0.0038058 -0.00468767
-0.292983 0.136306 1.5329 -0.00672659 -0.00388114 -0.00450424
-0.297484 0.174178 1.53319 -0.00676316 -0.00413532 -0.00463817
-0.304578 0.0896444 1.52522 -0.0067637 -0.00412234 -0.0046445
-0.293813 0.178007 1.5248 -0.00672201 -0.00427613 -0.00447687
-0.296972 0.122858 1.548 -0.00666444 -0.00413323 -0.00441643
-0.288857 0.128458 1.58941 -0.00797224 -0.00456271 -0.00437035
-0.292933 0.219227 1.54241 -0.00702293 -0.00456271 -0.00436831
-0.297189 0.117223 1.53859 -0.00657711 -0.00472451 -0.0043517
-0.293997 0.26088 1.51316 -0.00688091 -0.00468197 -0.00457501
-0.286921 0.124544 1.58167 -0.00712684 -0.00497907 -0.00415573
-0.277249 0.2089 1.51218 -0.00676515 -0.00496341 -0.00417937
-0.277306 0.158377 1.55367 -0.00682636 -0.00456271 -0.00419136
-0.268427 0.10488 1.55668 -0.00686456 -0.00480021 -0.00379027
