0.019641 0.148284 0.0640432 0.0008551 -0.00043334 0
0.0219889 0.145007 0.0407145 0.00103871 -0.00016266 -0.00025
0.0333516 0.205273 0.0462563 0.00089363 -0.00049203 -0.00025
0.0274565 0.169214 0.0507391 0.00089363 -0.00049203 -0.00017786
0.0268074 0.115262 0.0727781 0.00103166 -0.0005421 0
0.0256313 0.226888 0.0214835 0.00038852 -0.00036303 -0.00015537
0.0256242 0.186025 0.0473345 0.00068746 -0.00049203 0
0.0203835 0.147713 0.0303959 0.00030229 -0.00049203 0
0.0259482 0.278162 0.0411329 0.00074414 -0.00049203 -0.00011305
0.0231752 0.217393 0.00835029 5.229e-05 -0.00032668 -0.00014054
0.0243309 0.172913 0.0474017 0.00063121 -0.00049203 0
0.0214741 0.265406 0.047401 0.00061615 -0.00049203 0
0.0257965 0.171147 0.0250789 0.00030229 -0.00036911 -0.00010203
0.0249967 0.167509 0.0346728 0.00083845 -0.00055845 0
0.0242882 0.21981 0.0393811 0.00078967 -0.00056525 0
0.0286173 0.118858 0.0472912 0.00076174 -0.00049203 0
0.0230986 0.209058 0.0269925 0.0007088 -0.00049203 0
0.0211196 0.207243 0.0299126 0.00050808 -0.00042903 0
0.0313076 0.133828 0.0409683 0.00056966 -0.00049203 -0.00015004
0.0238364 0.229568 0.0334754 0.00082604 -0.00049203 0
0.0344981 0.159862 0.0399975 0.00069072 -0.00049203 -0.00020857
0.0348784 0.176416 0.0284401 0.00043639 -0.00035449 -0.00025
0.0303253 0.222078 0.0273864 0.00064952 -0.00049203 -0.00016499
0.0273226 0.130473 0.0473793 0.00066149 -0.00049203 -9.577e-05
0.030483 0.208853 0.037965 0.00070589 -0.00049203 -0.00019618
0.0277167 0.232887 0.0349362 0.00091427 -0.00057743 0
0.0283057 0.158435 0.0392004 0.00080486 -0.00049203 -0.00018581
0.0253806 0.191786 0.0295782 0.00035672 -0.00049203 0
0.0214821 0.203498 0.0312208 0.0006128 -0.00049203 0
0.0260694 0.0968644 0.0299315 0.00050495 -0.00049203 -0.00018354
0.0172545 0.185485 0.0164665 0.00056871 -0.00049203 0
0.0217766 0.168244 0.02725 0.00063479 -0.00061254 0
0.0271167 0.132138 0.0267127 0.00054079 -0.00049203 -0.00025
0.0159947 0.239169 0.0169198 0.0006811 -0.00049203 0
0.0222745 0.168536 0.0142755 0.0008333 -0.00072684 -0.00014107
0.0122777 0.0611843 0.0403585 0.00075562 -0.00072652 0
0.0094375 0.190329 0.0468647 0.00109963 -0.00062047 0
-0.00637493 0.145893 0.0342543 0.00071694 -0.00035384 0.00017789
-0.00163535 0.151996 0.0245814 0.00056356 -0.00025674 0
0.00291406 0.239117 0.0208736 0.00067133 -0.00036987 0
0.00877288 0.0924209 0.0366682 0.00045674 -0.00063429 0.0001074
0.0151751 0.211717 0.0198517 0.00041421 -0.00057318 0
0.0159313 0.152721 0.020235 0.00039546 -0.00046069 0
0.0175967 0.123212 0.0175354 0.00043145 -0.00045723 0
0.0210246 0.183233 0.0133872 0.00058621 -0.00063621 0
0.0161189 0.0659322 0.0324926 0.00050441 -0.00065851 0.00014778
0.0186165 0.169439 0.0273942 0.00060447 -0.00053903 0
0.0188218 0.173269 0.0220335 0.00055671 -0.0006018 0
0.0220736 0.132316 0.0324328 0.00052473 -0.00063922 7.015e-05
0.0147684 0.214325 0.0242295 0.00039408 -0.00036893 0.00013688
0.025589 0.138265 0.0441774 0.00036976 -0.00088608 0.0001042
0.0201661 0.192327 0.015791 0.00030229 -0.00046611 0
0.022447 0.210143 0.0176331 0.00030229 -0.00062367 0
0.0311774 0.137095 0.0316163 0.00045476 -0.0007251 0.00015862
0.0234861 0.21143 0.0106263 0.00044982 -0.00035534 0.00015575
0.0220489 0.110394 0.0170007 0.00030229 -0.00030733 0.00043525
0.0239149 0.0907569 0.0311061 0.0004764 -0.00069082 0.00015525
0.0188992 0.214544 0.0226049 0.0004068 -0.00046283 0
0.0403436 0.131435 0.0478032 0.00038429 -0.00095883 0
0.0282353 0.194695 0.0172983 0.00057064 -0.00067237 0
0.0316769 0.229069 0.035212 0.00043104 -0.00075926 0
0.0297091 0.145537 0.0346049 0.0004764 -0.00071463 0
0.0142934 0.217382 0.0324103 0.00047191 -0.00075002 0.00037632
0.0238366 0.129747 0.0315472 0.00050705 -0.00062082 0.00046175
0.0337269 0.132434 0.0190373 0.00027679 -0.00040602 0.00030979
0.027203 0.190493 0.0143875 0.00020074 -0.00053713 0.00012777
0.040207 0.121459 0.0291239 0.00029865 -0.00087635 0
0.0288539 0.200616 0.0177487 8.779e-05 -0.00064858 0.00026997
0.0304928 0.170779 0.029724 0.00063061 -0.0005963 0.00016332
0.0328584 0.176925 0.0146313 0.00033252 -0.00027212 0.00048577
0.032686 0.236139 0.00354427 0.00021655 -5.19e-05 0.00034285
0.0371452 0.127639 0.0178297 0.00039897 -0.0003463 0.00056954
0.024449 0.206615 0.00293043 0.00021655 -7.051e-05 0.00060945
0.0316933 0.119825 0.0125416 0.00021655 -0.0003463 0.00054768
0.0287753 0.173445 0.00799038 0.00021655 -7.271e-05 0.00044144
0.0231547 0.161288 -0.00248668 0.00021655 -9.65e-06 0.00065894
0.0291422 0.0785838 -0.00091038 -1.784e-05 -0.00019771 0.0005122
0.0287887 0.171755 -0.0257392 0.00036544 -0.00013912 0.0005827
0.0365076 0.0858253 0.00145834 0.00021655 1.22e-06 0.00083904
0.0270148 0.0923247 0.00549233 4.882e-05 -0.00014433 0.0005827
0.0266088 0.232188 0.00542077 0.00011411 -5.338e-05 0.0005827
0.0277214 0.151008 0.00038082 4.713e-05 -0.00012408 0.00044979
0.0275733 0.23851 0.0054335 0.00011198 -4.297e-05 0.00024175
0.026273 0.173193 0.0028435 3.117e-05 -0.00015865 0.0005827
0.0230752 0.151984 0.00251071 -5.031e-05 -0.00020104 0.0001719
0.0259751 0.22578 0.00626426 0.00021655 -0.00016946 0.00044942
0.0309418 0.116097 0.0167434 0.00038218 -0.0003463 0.00018086
0.0277593 0.200474 0.00909766 0.00021655 -9.686e-05 0.00048249
0.0329864 0.139404 0.0107632 0.00021655 -8.462e-05 0.0003327
0.0314482 0.122625 0.0121725 0.00021655 -0.00012465 0.0003327
0.0231252 0.164454 -0.00173523 0.00021655 -0.00025702 0.0003327
0.0290609 0.0919927 0.00559666 0.00021655 -0.00013053 0.00011992
0.0277029 0.203472 -0.0087383 0.00021562 -0.00017766 0.0003327
0.0336157 0.151403 -0.0184828 0.00060281 -0.0002181 0.00040963
0.0314933 0.181454 -0.00080287 0.00021655 -3.525e-05 0.00044162
0.0301987 0.189299 -0.00607878 0.00024193 -8.16e-06 0.0005827
0.0318179 0.11234 0.00862308 0.00021655 3.376e-05 0.0005827
0.0241645 0.191089 -0.0185175 0.00039897 -0.0003463 0.0005827
0.0283565 0.107228 -0.00223823 0.00021655 -0.00010658 0.0005827
0.0251005 0.112248 -0.0145591 0.00032524 -0.0003463 0.0005827
0.0276362 0.140619 -0.0386137 0.00068649 -0.00019193 0.00076975
0.0369346 0.0663116 -0.00626947 6.249e-05 -0.00020086 0.00073411
0.0301917 0.162902 -0.0242257 0.00033638 -0.0003463 0.0005827
0.0499337 0.0560362 -0.00105668 0.00031136 -0.00106303 0.0004032
0.0170159 0.141025 -0.0750184 0.00209866 -0.00059428 -4.09e-05
0.0137279 0.187451 -0.0776692 0.00204002 -0.0004685 1.552e-05
0.0176336 0.136975 -0.0610833 0.00140293 -0.00039989 1.552e-05
0.0109123 0.115538 -0.105435 0.00204775 -0.00028392 1.552e-05
0.00960707 0.178644 -0.114078 0.00200038 0.00020081 1.552e-05
0.0150822 0.0369565 -0.0759942 0.0013071 0.0003267 1.552e-05
0.0225527 0.0966711 -0.103063 0.00184209 0.00060824 1.552e-05
0.0102429 0.0976581 -0.102555 0.00193859 0.00033661 1.552e-05
0.00897063 0.0225416 -0.0538533 0.00131275 0.00035337 1.552e-05
0.0147822 0.157246 -0.103622 0.00178341 0.00044214 -0.00016791
0.0168487 0.108426 -0.0760475 0.0014382 0.00042909 -0.00023448
0.0127609 0.0735831 -0.069574 0.00138645 0.00048594 1.552e-05
0.0139052 0.154723 -0.0812731 0.00176958 0.00056561 1.552e-05
0.0177943 0.052268 -0.0503723 0.00104091 0.00057472 1.552e-05
0.0194998 0.132655 -0.0857114 0.00194174 0.00055065 -0.00014965
0.00216713 0.110113 -0.0889617 0.00188648 0.00021406 1.552e-05
0.0133383 0.0427031 -0.0561805 0.00132723 0.00022573 -0.00023195
0.0173405 0.135973 -0.0610523 0.00194459 4.033e-05 -0.00036077
0.0064446 0.0884166 -0.0456062 0.00176778 -0.00036454 1.552e-05
-0.00543223 0.0453595 -0.0394184 0.00155025 4.033e-05 1.552e-05
-0.00327541 0.175833 -0.0697795 0.00197178 4.033e-05 1.552e-05
-0.00350497 0.0471736 -0.0178757 0.00058863 4.033e-05 1.552e-05
0.00128983 0.206838 -0.0497563 0.0012112 4.033e-05 -0.00015421
0.00904501 0.119724 -0.0340588 0.00090758 0.0003762 -0.00030977
0.0113339 0.0709387 -0.0329108 0.00070425 0.00041347 -0.00029092
0.0112837 0.145784 -0.0307878 0.00087904 0.0004159 -0.00032165
0.01782 0.0360852 -0.0179495 0.00056098 0.00046385 -0.00034598
0.00924001 0.124474 -0.0257582 0.00085483 0.00054283 -0.00032468
0.0151916 0.0726656 -0.0180315 0.00060681 0.00059189 -0.00042291
0.00599681 0.0683293 -0.0358661 0.00100767 0.00051464 -0.00042725
0.00452593 0.114203 -0.0192454 0.00118629 0.00019895 -0.00016816
0.00463238 0.0275381 0.00350277 0.00110065 4.033e-05 -0.00014462
6.398e-05 0.200787 -0.00695075 0.00048522 0.00040576 -0.00030791
0.00282976 0.137213 0.00114188 0.00010678 4.033e-05 -0.00011251
0.0065556 0.106001 3.17e-05 0.00015698 0.00013199 -0.00025706
0.00341601 0.203132 0.00316151 0.00022682 0.00012924 -0.00011478
0.00344216 0.0922371 0.003839 0.00026181 4.033e-05 -0.00013427
0.0145501 0.11102 0.00133218 0.00019513 0.00014609 -0.00040008
0.0050366 0.124286 0.00040825 8.126e-05 4.033e-05 -0.00014359
0.00587085 0.0142808 0.00041505 0.00023677 0.00014648 -0.00019393
-0.00089896 0.114966 -0.0130146 0.00104504 4.033e-05 -6.864e-05
0.00284212 0.0679023 -0.00087445 0.00046276 0.00018509 -0.00021386
0.00360442 0.0802514 -0.00862625 0.00047174 4.033e-05 -0.00022302
0.00370651 0.188269 -0.0217884 0.00083623 4.033e-05 -0.00012157
0.00122851 0.097997 -0.00282116 0.00033126 4.033e-05 -9.046e-05
1.615e-05 0.0727818 0.00269592 0.00051247 4.033e-05 -6.114e-05
-0.0123639 0.154396 -0.0261861 0.00079738 0.00022581 1.552e-05
-0.012697 0.0376384 0.00520867 0.00039975 0.0002971 1.552e-05
0.00429464 0.148813 0.00588095 0.00033126 4.033e-05 -0.00015756
0.00431978 0.189738 0.00434919 0.00033126 0.00022577 -0.00021111
0.00420083 0.0639444 0.00484708 0.00033126 4.033e-05 -0.00018955
0.00198772 0.138705 -0.0192625 0.00012929 0.00011177 -0.00022186
0.00174205 0.183196 0.00281702 0.00024112 4.033e-05 -4.001e-05
0.00310612 0.22084 0.0029234 0.00026698 4.033e-05 -4.601e-05
0.00308172 0.155252 0.00623364 0.00012467 4.033e-05 -6.948e-05
-0.00062973 0.192849 0.0103448 0.00033126 4.033e-05 1.552e-05
-0.00041776 0.116556 0.00618567 0.00010868 4.033e-05 1.552e-05
0.0112286 0.0954567 0.0104181 0.00026482 4.033e-05 -0.00030541
0.00741843 0.189607 0.0105044 0.000194 4.033e-05 -0.00025014
0.00260377 0.100836 0.0105766 0.00015696 4.033e-05 -0.00011312
0.00416924 0.172097 0.010486 0.00021098 4.033e-05 -0.00016139
0.0102263 0.188411 0.0106227 0.00012634 -0.0001045 -0.00023488
0.00599259 0.0889559 0.0105257 0.00020785 4.033e-05 -0.00023448
0.00789567 0.189601 -0.00645426 1.881e-05 4.033e-05 -0.00024495
0.00699851 0.151996 -0.00858968 -0.00016009 4.033e-05 -0.00025752
0.0103906 0.0991391 -0.00814865 -0.00010287 4.033e-05 -0.00027584
0.00093087 0.180917 -0.0108981 -0.00015591 4.033e-05 1.552e-05
0.00359123 0.0846157 0.0105602 0.00018526 4.033e-05 -0.0001454
0.00028254 0.105919 0.010507 0.00023126 4.033e-05 1.552e-05
0.00263262 0.146236 0.00441003 0.00021396 4.033e-05 -6.727e-05
-0.00284193 0.0577853 0.0105418 0.00020019 4.033e-05 1.552e-05
-0.00245857 0.194934 0.00577367 0.00024436 4.033e-05 1.552e-05
0.00707494 0.150468 -0.00585448 -5.493e-05 4.033e-05 -0.00016315
0.00938812 0.107875 0.0041556 0.00017321 4.033e-05 -0.00025098
-0.00350161 0.209792 -0.00701785 4.222e-05 4.033e-05 1.552e-05
-0.00591139 0.0445086 -0.00888618 -0.00013557 4.033e-05 1.552e-05
-0.0088955 0.152299 -0.0122212 0.00022192 -9.942e-05 1.552e-05
-0.01971 0.10654 -0.00466405 0.00022192 -0.00013049 0.00026552
-0.0352048 0.04935 -0.0188878 0.00077655 -0.0001761 0.00042283
-0.0581546 0.0275773 -0.0134582 0.00040842 4.033e-05 0.00036705
-0.0575085 0.0319779 -0.0492505 0.00082962 4.033e-05 0.00019578
-0.0453081 0.145863 -0.102588 0.00106769 0.00029033 0.00028443
-0.0362171 0.0820189 -0.0546856 0.00076341 0.00048128 0.00025063
-0.0286708 0.114064 -0.0588399 0.00065681 0.00048698 1.552e-05
-0.0314436 0.132768 -0.0756655 0.00112039 0.00058724 0.00012561
-0.0459291 0.032905 -0.0259873 0.00054535 0.00043213 0.00037967
-0.0662487 0.0910557 -0.0511315 0.00131602 -0.00065547 0.00027358
-0.0670763 0.0267387 -0.0175671 0.00065696 4.033e-05 0.00021395
-0.0632813 0.0664466 -0.0764994 0.001038 0.00050503 0.00024722
-0.0669787 0.0819557 -0.0530414 0.00091209 4.033e-05 0.00026552
-0.0640299 0.0173326 -0.022141 0.00070516 0.00011699 0.00023139
-0.0766268 0.151533 -0.0733409 0.00143106 0.00029033 1.552e-05
-0.0735738 0.0539102 -0.0327775 0.00064801 0.00034453 1.552e-05
-0.0765628 0.0709542 -0.0473086 0.00064532 0.00042939 0.00015268
-0.0838748 0.120469 -0.0515114 0.001033 4.033e-05 0.00022801
-0.0699329 0.0350239 -0.0400292 0.00088805 0.00045959 1.552e-05
-0.0651592 0.106705 -0.0547431 0.00090377 0.00020005 1.552e-05
-0.0720597 0.105173 -0.0582298 0.0010721 0.00018911 0.00021516
-0.0591386 0.0271431 -0.0283528 0.00057491 0.0005849 0.00012073
-0.0585495 0.128608 -0.0308988 0.0007881 0.00060826 1.552e-05
-0.0556547 0.060078 -0.0273897 0.00055963 0.00058562 1.552e-05
-0.0561188 0.059646 -0.0275363 0.00058333 0.0006484 0.00023347
-0.0641597 0.113605 -0.0146257 0.00043185 0.00037298 0.00013348
-0.0566597 0.0225058 -0.0105269 0.00022192 0.0002943 1.552e-05
-0.0476748 0.112158 -0.0566985 0.00153042 0.00090318 1.552e-05
-0.0569227 0.1317 -0.0347696 0.00092833 0.0007939 9.262e-05
-0.056639 0.0508002 -0.0277827 0.00071676 0.00075353 0.00010726
-0.0679207 0.129123 -0.0329663 0.00122763 4.033e-05 0.0001247
-0.0804431 0.0725982 -0.015759 0.00094553 -0.00016583 1.552e-05
-0.0845328 0.0293355 -0.061638 0.0012399 0.00029033 0.0002851
-0.074142 0.100223 -0.0859567 0.0012751 0.00056193 0.00015717
-0.0758033 0.0283752 -0.0383602 0.0007549 0.00085389 0.00028042
-0.0767159 0.12598 -0.20607 0.00304791 0.00123966 0.00016101
-0.0698029 0.0471102 -0.130356 0.00177542 0.00118168 0.00020877
-0.0774794 0.0249012 -0.0281202 0.00063873 0.00072492 0.00039897
-0.0803816 0.0960755 -0.0610908 0.00126624 0.00092872 0.00016667
-0.0793659 0.0181336 -0.0143007 0.00048751 0.00066803 0.00019721
-0.0924477 0.11807 -0.0248273 0.00084462 0.00072492 0.00032921
-0.0884117 0.0628776 -0.0357479 0.00096013 0.00062954 0.00036663
-0.0830268 0.0304886 -0.0224191 0.00063422 0.00078004 0.00019889
-0.088167 0.134415 -0.0847988 0.00202667 0.00103345 0.00012836
-0.0849722 0.0328955 -0.0450733 0.00094935 0.00085755 0.00024264
-0.0856274 0.0489313 -0.0657104 0.00084284 0.00103795 0.00017828
-0.0929656 0.107883 -0.057012 0.00115926 0.00082362 1.552e-05
-0.0865447 0.0252866 -0.0327005 0.00079141 0.00084469 6.6e-05
-0.0896033 0.116558 -0.0284861 0.00054436 0.00072492 0.0001162
-0.0915079 0.0554919 -0.0243404 0.00066681 0.00083148 0.00018738
-0.0890071 0.0202945 -0.00303823 0.00046104 0.00072492 0.00027376
-0.0888319 0.13941 -0.00779592 0.00062931 0.00072492 1.552e-05
-0.0899442 0.0301404 0.00386577 0.00042941 0.00072492 0.00012095
-0.0888935 0.108247 -0.00925557 0.00077119 0.00079946 1.552e-05
-0.0924995 0.106244 -0.0122295 0.00085082 0.00079998 1.552e-05
-0.091564 0.030864 0.00091963 0.00063715 0.00072492 0.0001427
-0.0985714 0.107318 -0.0161308 0.00085528 0.00072492 1.552e-05
-0.0890193 0.0255248 0.00387571 0.00052299 0.00072492 1.552e-05
-0.083791 0.0385601 -0.0084772 0.0003755 0.00087005 0.0001716
-0.0896104 0.11517 -0.0166723 0.00079728 0.00084592 1.552e-05
-0.0871321 0.0249749 0.00024692 0.00046769 0.00067099 1.552e-05
-0.0865943 0.10927 -0.034545 0.00117516 0.00114088 1.552e-05
-0.091245 0.0420183 -0.018036 0.0005756 0.00072492 0.0002319
-0.0904442 0.0438172 -0.0244371 0.00051234 0.00079177 1.552e-05
-0.0936607 0.0922208 -0.077716 0.00150096 0.00065321 1.552e-05
-0.0976316 0.0157135 -0.0279826 0.00068092 0.00077846 0.00019402
-0.0982104 0.0721365 -0.0573841 0.00102292 0.00053013 1.552e-05
-0.0961439 0.067444 -0.0801522 0.00170603 0.00061493 9.321e-05
-0.100142 0.0165045 -0.0188088 0.00066686 0.00041593 1.552e-05
-0.108997 0.116958 -0.0584196 0.00132299 0.00017138 1.552e-05
-0.108271 0.0431149 -0.046332 0.00092873 -0.00052736 0.00018487
-0.107565 0.0155743 -0.0231323 0.00061425 0.00010316 0.0001983
-0.103391 0.124509 -0.0517444 0.00093908 -5.299e-05 7.945e-05
-0.0914964 0.0203217 -0.0149751 0.0003567 0.00036862 1.552e-05
-0.0961037 0.115408 -0.0348535 0.000774 0.00030587 1.552e-05
-0.0914571 0.0828858 -0.0422707 0.00065648 0.0003813 1.552e-05
-0.0907593 0.0600776 -0.0721161 0.00102366 0.00078058 0.00032935
-0.106444 0.0996238 -0.0477205 0.00098295 0.00052226 1.552e-05
-0.0910997 0.0136374 -0.0287476 0.00034109 0.00077151 1.552e-05
-0.0912872 0.114053 -0.0556396 0.00103811 0.00056594 1.552e-05
-0.091025 0.0834558 -0.0604469 0.00122969 0.00084824 1.552e-05
-0.0860381 0.0318991 -0.033465 0.00062326 0.00061556 0.00027002
-0.095974 0.129665 -0.0706721 0.00104398 0.00045032 1.552e-05
-0.0880498 0.030779 -0.0484912 0.00087578 0.0008365 0.00027429
-0.0909193 0.080863 -0.095681 0.00142747 0.00073914 0.00019284
-0.0903195 0.0610386 -0.191814 0.00221222 0.00090512 0.00057827
-0.0958796 0.0164714 -0.0846073 0.00137983 0.00095114 0.00040888
-0.0907794 0.0877715 -0.0789832 0.00143484 0.00073914 0.00031998
-0.080113 0.0441066 -0.210139 0.00319863 0.00140217 0.00030006
-0.076385 0.0628544 -0.147051 0.00260533 0.00121405 0.00025111
-0.0821181 0.0193138 -0.0503736 0.00127505 0.00086861 0.00014954
-0.0749847 0.020805 -0.0343816 0.00090259 0.00091909 0.00017913
-0.0796017 0.149138 -0.0278803 0.00094837 0.00084698 1.552e-05
-0.0783113 0.0361851 -0.0470585 0.00118008 0.0010091 0.00023085
-0.0737926 0.0954839 0.00365399 0.00072927 0.00056705 0.00014088
-0.0880088 0.079404 -9.9e-07 0.00047232 0.00048914 1.552e-05
-0.0754992 0.0248659 0.0110336 0.00052333 0.00048914 0.00010663
-0.0918006 0.133512 -0.00636369 0.00078 0.00042498 1.552e-05
-0.0842762 0.0311893 0.00865882 0.00075471 0.00048914 1.552e-05
-0.0952229 0.0496567 -0.00782549 0.0007363 0.00048914 0.0002585
-0.0963072 0.0359313 0.00474525 0.00066356 0.00018313 1.552e-05
-0.0996727 0.0480501 -0.00404496 0.00109297 -0.00039213 1.552e-05
-0.1198 0.103262 -0.0315157 0.00174962 -0.00075579 -0.00020888
-0.111429 0.0116444 -0.0131707 0.00094454 -0.00012526 8.437e-05
-0.130387 0.0825657 -0.0137286 0.00179873 -0.00094675 -0.00016618
-0.154178 0.0164163 0.0146203 0.00151955 -0.00051383 -0.00019127
-0.1488 0.0403379 -0.0213738 0.0011421 -0.00061016 -0.00025967
-0.146789 0.104002 -0.0448282 0.00186429 -0.0006324 -0.0003983
-0.138622 0.0189876 0.0121669 0.00067466 -0.00021451 -0.0001697
-0.137336 0.124097 -0.0118841 0.00144264 -0.00051294 -0.00052398
-0.150367 0.0379042 -0.0141233 0.00160611 -0.00083622 -0.00022708
-0.147935 0.0531556 -0.022702 0.00205281 -0.00085331 -0.00043139
-0.142846 0.0453063 0.00943083 0.00159407 -0.00010152 -0.00025641
-0.15075 -0.014409 0.0375112 0.0007471 8.136e-05 -0.0004264
-0.156631 0.179038 0.0308347 0.00092512 -9.187e-05 -0.00069149
-0.150277 0.0814489 0.00999909 0.00072512 7.738e-05 -0.00061412
-0.135808 0.0562861 -0.00289302 0.00104707 0.00036386 -0.00033714
-0.141704 0.0915068 -0.025652 0.00150255 0.00014635 -0.00033454
-0.146417 0.0136496 0.0120852 0.00092287 0.00027731 -0.00013469
-0.142755 0.06559 -0.0329977 0.00135866 0.00028901 -0.00028905
-0.148438 0.0366185 -0.0168633 0.00142043 0.0003334 -0.00033645
-0.144022 0.019167 -0.00891657 0.00124389 0.00068466 -0.00028573
-0.153724 0.0606915 -0.0161061 0.00107302 0.0003334 -0.00029647
-0.14257 0.020633 -0.00221134 0.00115154 0.00049113 -0.00024509
-0.131241 0.0728878 -0.0113293 0.00094017 0.00052898 -0.00029072
-0.141532 0.106982 -0.0187175 0.00125483 0.00043538 -0.0005434
-0.131258 0.0289417 0.0133495 0.00058948 0.00055955 -0.00032328
-0.14132 0.11711 -0.00965373 0.00150373 0.00049941 -0.00039874
-0.135012 0.0438665 0.00442433 0.0011959 0.00067133 -0.00021015
-0.134544 0.0490907 0.0113576 0.00097514 0.00064047 -0.00014874
-0.131263 0.115327 -0.0208887 0.00196568 0.00064682 -0.00039874
-0.131132 0.0177367 0.0134635 0.00065086 0.00041244 -6.878e-05
-0.131283 0.102117 -0.00566935 0.00124594 0.00060579 -0.00039874
-0.140042 0.0375059 0.00813268 0.00093334 0.0003334 -0.00021431
-0.137284 0.013645 0.00180682 0.00079376 0.00026225 -3.81e-05
-0.131434 0.107162 -0.0136899 0.00111023 0.00042863 -0.00039874
-0.131356 0.0402176 0.00814818 0.00081697 0.00051899 -0.00039874
-0.130867 0.0854661 -0.0168596 0.00120079 0.00082424 -0.00021882
-0.131355 0.0696745 4.98e-06 0.00078473 0.0003334 -0.00024693
-0.131014 0.0236759 0.00823253 0.00073328 0.00053119 -5.678e-05
-0.140503 0.0915082 -0.0250523 0.00118221 0.00048059 -0.00032337
-0.131185 0.021089 0.00398409 0.0008273 0.00033331 -4.763e-05
-0.137825 0.0646671 -0.0178854 0.00108175 0.00062672 -0.00018355
-0.140508 0.0548427 -0.0126797 0.00117742 0.00052864 -0.00039874
-0.140726 0.0313771 0.00811751 0.00096088 0.0003334 -0.00020499
-0.150157 0.0856372 -0.00760669 0.00150717 -0.00016875 -0.00026566
-0.162039 0.0154503 0.0296 0.00113347 -0.00020808 -0.00027091
-0.158294 0.0466194 -0.0179005 0.00124553 2.273e-05 -0.00033238
-0.153196 0.090489 -0.0393384 0.00134397 0.00065811 -0.00084956
-0.141219 0.0392204 -0.0108823 0.0005035 0.0005837 -0.00039874
-0.150448 0.140196 -0.0214884 0.00102075 0.00035098 -0.00045029
-0.141769 0.0324688 0.00361489 0.00051283 0.00028277 -0.00031932
-0.149788 0.0867085 -0.0184859 0.00094749 0.00043451 -0.00039874
-0.151642 0.0762116 -0.0435557 0.00116937 8.34e-05 -0.00039874
-0.145067 0.0160663 0.00295206 0.00090777 0.00013505 -0.00024572
-0.156638 0.0727111 -0.00387608 0.00109654 -0.00035287 -0.00039874
-0.15989 0.0380881 0.00550533 0.0013717 -0.0004083 -0.0005079
-0.166478 0.00780516 0.0123274 0.00138324 -0.00079655 -0.00039874
-0.157115 0.122267 -0.0295088 0.00210517 -0.00079655 -0.00066021
-0.15886 0.0190647 -0.00632142 0.00088581 -0.00037793 -0.00039874
-0.158555 0.0667798 -0.0450557 0.00138576 -0.00079655 -0.00033801
-0.148451 0.11041 -0.0237169 0.00133055 -0.00043215 -0.00051327
-0.131692 0.0618058 0.00028807 0.0007789 -0.00011763 -0.00025735
-0.144309 0.116614 -0.0268019 0.0014313 -0.00049174 -0.00054075
-0.138419 0.0102773 -0.00687616 0.00086648 -4.969e-05 -0.00024212
-0.138936 0.0724113 -0.0344867 0.00164088 -0.0002904 -0.00039874
-0.152543 0.0339835 -0.0198458 0.00162362 -0.00036579 -0.00025652
-0.155246 -0.00399324 0.00445291 0.00118141 -0.00042755 -0.00033868
-0.163399 0.0835359 -0.0358748 0.00219096 -0.00066749 -0.00039874
-0.154478 0.0363732 -0.0194449 0.00133316 5.989e-05 -0.00039874
-0.145467 0.0812491 -0.035099 0.00120434 0.00011915 -0.00039874
-0.137451 0.108563 -0.0372849 0.00157541 8.173e-05 -0.00039874
-0.131355 0.0362138 0.00492363 0.00082011 0.00024808 -0.00022358
-0.131763 0.124174 -0.0465239 0.00172435 9.588e-05 -0.00051518
-0.127543 0.0355887 -0.0220081 0.00106601 0.00015607 -0.00017908
-0.131523 0.0531466 -0.0483372 0.00151616 -6.044e-05 -0.00014874
-0.137139 0.0482839 -0.0285172 0.00136488 0.00014087 -0.0001961
-0.131269 0.0171585 -0.0317185 0.00154006 0.00027923 -0.00014874
-0.141406 0.0651636 -0.0650117 0.00202713 0.00017823 -0.00039874
-0.137361 0.0300695 -0.0289594 0.00144305 0.00039212 -3.094e-05
-0.137884 0.0808172 -0.0768634 0.00223422 0.0003705 -0.00031915
-0.142093 0.0628071 -0.0516562 0.00135776 0.0001032 -0.00026834
-0.143913 0.041693 -0.0464004 0.00138634 7.033e-05 -0.00025531
-0.145386 0.111694 -0.06079 0.00196382 -5.1e-06 -0.00039874
-0.141934 0.0375186 -0.0459174 0.00130733 0.00016514 -0.00023656
-0.153316 0.0925078 -0.100819 0.00223264 -0.00064356 -0.00031483
-0.173459 0.0632461 -0.112232 0.00221506 -0.00182795 -0.00039874
-0.163688 0.0254034 -0.0726734 0.00214248 -0.00123908 -0.00026872
-0.17695 0.100572 -0.087258 0.00228889 -0.00119806 -0.00039874
-0.171714 0.0109795 -0.042727 0.00144226 -0.00078338 -0.0002382
-0.17124 0.134444 -0.0973903 0.00212626 -0.00095761 -0.00051082
-0.159571 0.0990937 -0.0573758 0.00131188 -0.00075182 -0.00040052
-0.145401 0.0473351 -0.0541851 0.00113343 -0.00034266 2.676e-05
-0.158155 0.14361 -0.0769554 0.00164086 -0.00080485 -0.00027443
-0.152531 0.0254984 -0.0475237 0.00101204 -0.00049176 -8.071e-05
-0.152223 0.109356 -0.0523369 0.00143955 -0.00065194 -0.00038239
-0.148945 0.057897 -0.0452322 0.00118342 -0.0006279 -6.98e-06
-0.146414 0.0277534 -0.0570256 0.00194107 -0.00021435 9.7e-05
-0.163043 0.109834 -0.0355355 0.00143667 -0.00049593 -0.00033864
-0.149977 0.0229159 -0.0280984 0.00125756 -0.00030135 -7.17e-05
-0.146208 0.0913062 -0.0471931 0.00145975 -0.00043075 -4.366e-05
-0.151722 0.112688 -0.0662509 0.00196554 -0.00034503 -0.00038292
-0.150735 0.0300464 -0.0284892 0.00122657 -0.00021118 -2.875e-05
-0.142761 0.147765 -0.0342821 0.00130553 -0.00015076 -0.00027245
-0.141278 0.0706673 -0.0223237 0.00102626 -0.00015275 7.125e-05
-0.133903 0.0436529 -0.00690869 0.0009431 -0.00014825 -5.03e-05
-0.136626 0.119811 -0.0308435 0.00135145 -0.00012831 -0.0001127
-0.13141 0.0351746 -0.0197037 0.00114746 7.628e-05 -4.806e-05
-0.133303 0.0669306 -0.0305089 0.00108349 -0.00014022 7.125e-05
-0.141616 0.0937492 -0.0317995 0.0012454 -0.00062238 -0.00024308
-0.13459 0.0140776 -0.0210174 0.00107903 -7.88e-06 -1.52e-05
-0.132907 0.103595 -0.0388183 0.00157987 -0.00032055 -7.647e-05
-0.140759 0.0398619 -0.0305347 0.00107525 -0.00017495 -3.479e-05
-0.133521 0.0238186 -0.0118695 0.00104432 -3.058e-05 1.528e-05
-0.138214 0.111117 -0.0363981 0.00139955 -0.00027677 -0.00018869
-0.123177 0.0400009 -0.0245952 0.00083422 -0.00010673 7.125e-05
-0.128878 0.0408685 -0.0231525 0.00117371 0.00016243 -4.887e-05
-0.130022 0.0989532 -0.0533038 0.00250824 8.135e-05 -8.609e-05
-0.131821 0.0286898 -0.021993 0.00127099 -7.209e-05 7.125e-05
-0.132655 0.0713122 -0.0356023 0.00133313 -1.481e-05 7.125e-05
-0.135804 0.0753333 -0.0518342 0.00179075 -0.00026193 0.00018786
-0.134656 0.023552 -0.0306864 0.00098258 -2.387e-05 7.125e-05
-0.136695 0.091822 -0.0738123 0.00203505 -0.00033587 -0.0002326
-0.139471 0.0401588 -0.0625368 0.00155755 -2.144e-05 -3.77e-05
-0.139693 -0.00790527 -0.00674616 0.00023608 2.975e-05 7.125e-05
-0.127895 -0.0321269 0.0549441 0.00077714 -0.00024041 -0.00020691
-0.123469 0.104516 0.152013 0.00233333 -0.00031377 -0.00010941
-0.134689 0.599585 0.144624 0.00277088 -7.492e-05 -0.00051043
-0.110529 0.591061 0.11336 0.00242632 0.00020532 -0.00058249
-0.0843045 0.48522 0.0960728 0.00164437 0.00018183 -0.00034823
-0.0799423 0.260931 0.0723739 0.00113999 -2.941e-05 -0.00032364
-0.0633345 0.0389376 0.0599661 0.00146175 -0.0001104 5.415e-05
-0.0629223 -0.099151 -0.0435178 0.00258029 0.00049912 -0.00014084
-0.0724191 -0.154848 -0.0640401 0.0033056 0.00018636 0.00045539
-0.0965962 -0.176943 -0.0269397 0.0035554 -0.0002714 0.00078945
-0.0887561 -0.0864114 -0.0685959 0.00400859 0.00033376 0.00053319
-0.0715715 0.021587 -0.09763 0.00353667 0.00147755 0.00010916
-0.0711901 0.123816 -0.0633761 0.00251229 0.00095563 0.00048388
-0.0623488 0.190559 0.0315791 0.00161109 0.00037464 0.0005177
-0.0713515 0.302097 0.042627 0.00179112 0.00036388 0.00019442
-0.0626063 0.428272 0.0500303 0.00164797 0.00077144 -1.237e-05
-0.0484177 0.218206 0.0785882 0.00172434 0.0006594 -1.347e-05
-0.0396532 0.129414 0.055087 0.00142159 0.00097382 -0.00014084
-0.0485788 0.0700536 0.0517501 0.00136772 0.00080809 5.165e-05
-0.05163 0.032859 0.0620312 0.00139088 0.00047871 -0.00014084
-0.0623953 -0.0184341 0.0844561 0.0016752 0.00030106 -0.00014084
-0.0766996 0.0199603 0.0935423 0.00191691 0.00030106 8.428e-05
-0.0668535 0.067 0.0436679 0.0020065 0.00072794 -0.00020136
-0.0551348 0.0231457 0.0772732 0.00166464 0.000584 0.00020747
-0.0471728 0.11786 0.0580183 0.00134438 0.00056638 -7.556e-05
-0.0548603 0.202679 0.0474864 0.00155147 0.00055106 -0.0003139
-0.0430254 0.120017 0.0585945 0.00122983 0.00030106 -0.00019342
-0.0410847 0.216547 0.058203 0.00143414 0.00073366 -0.00011963
-0.0525166 0.202807 0.0639862 0.00149888 0.00055106 -0.0003139
-0.0607347 0.051758 0.0659169 0.00133968 0.00030106 -0.00014611
-0.0597268 0.0950509 0.0553669 0.00141548 0.00037229 -0.0003139
-0.0502413 0.10356 0.0330961 0.00151747 0.00055106 -0.00023156
-0.0501742 0.0217102 0.0587413 0.00122247 0.00030106 -0.00011958
-0.0500051 0.0559327 0.0469584 0.00150851 0.00052988 -0.00015984
-0.0608694 0.0642638 0.0312545 0.00128946 0.00063982 -0.00012397
-0.0523635 0.032053 0.0438133 0.00122892 0.00030106 -0.00014807
-0.0535458 0.10314 0.0218411 0.00161976 0.00046531 -0.00023791
-0.0568431 0.137065 0.0187182 0.00147556 0.00049188 -0.00036635
-0.0561019 0.0565109 0.0455367 0.00133073 0.00030106 -0.0003139
-0.0626562 0.134306 0.0329127 0.00159869 0.00030106 -0.0003139
-0.0619984 0.102682 0.0232479 0.00156501 0.00055106 -0.0003139
-0.061529 0.0600847 0.0346654 0.00145854 0.00041079 -0.0003139
-0.0693202 0.147945 0.0313962 0.00181311 0.00053048 -0.0003139
-0.063861 0.0593358 0.0333305 0.00136469 0.00030106 -0.00012249
-0.0596089 0.0528899 0.02241 0.0012762 0.00030106 -0.00011966
-0.0606637 0.0779605 0.0358625 0.0012762 0.00030106 -0.0002496
-0.0659899 0.0156452 0.0461346 0.00109091 0.00030106 -0.00012554
-0.0621548 0.135 0.0462052 0.00170119 0.00036151 -0.00024527
-0.0546412 0.114534 0.0520634 0.00139646 0.00042504 -0.00039162
-0.0531992 0.0937092 0.0323192 0.00213566 0.00051867 -0.00012669
-0.059838 0.177496 0.0415901 0.001883 0.00030106 -0.00024273
-0.0473844 0.0470476 0.0327463 0.00123089 0.00055106 -0.00012789
-0.0502728 0.129339 0.0220401 0.00146701 0.00055106 -0.00011846
-0.0504162 0.1294 0.029255 0.0014894 0.00049783 -0.00049492
-0.0525921 0.0425012 0.0422402 0.00116319 0.00052196 6.506e-05
-0.0412616 0.104663 0.0361803 0.00155651 0.00055106 -0.00010472
-0.0506345 0.0642703 0.0422657 0.0011207 0.00055106 6.506e-05
-0.0401246 0.0548039 0.0289948 0.00095273 0.00055106 6.506e-05
-0.0434806 0.130123 -0.00280624 0.00185941 0.00064729 -8.038e-05
-0.041765 0.0387423 0.0239374 0.00129582 0.00069787 6.506e-05
-0.0337146 0.0954624 0.0199935 0.00117551 0.00066935 -0.00021021
-0.0432298 0.0843424 0.0197744 0.00171009 0.00055106 6.506e-05
-0.0538676 0.0514866 0.0415665 0.00192621 0.00030106 6.506e-05
-0.056544 0.104315 0.0643707 0.0019494 0.00065217 -0.00027389
-0.0756369 0.131986 0.0932383 0.00247483 -8.72e-05 -2.069e-05
-0.0746181 0.0569896 0.159314 0.00285503 0.00030106 0.00072919
-0.0810918 0.10287 0.097448 0.00195839 -0.00015799 0.0001725
-0.0943425 -0.0100005 0.060032 0.00170341 -0.00021002 0.00015981
-0.0907405 0.0514009 -0.101174 0.00345035 -9.189e-05 6.506e-05
-0.0815159 0.00460595 -0.0556041 0.00266916 -3.413e-05 6.506e-05
-0.0758657 -0.0312125 -0.0248643 0.00184172 0.0003832 6.506e-05
-0.0689708 0.0348584 0.00228928 0.00207249 -2.73e-06 0.00036797
-0.0742389 0.0102424 0.0324767 0.00182144 -4.265e-05 0.00020998
-0.0540915 0.0217885 0.0555528 0.00175815 3.552e-05 0.00021189
-0.0529086 0.0946208 0.0211729 0.00151029 0.00014723 0.00015792
-0.0395832 0.0427194 0.0403989 0.00173419 0.0002687 0.00019338
-0.0349355 0.129997 0.0391219 0.00150483 0.00025774 0.00013308
-0.0466579 0.0729326 0.0399863 0.00132929 0.00021805 0.00021851
-0.0366082 0.0279164 0.0516123 0.00122942 0.00048793 0.00016199
-0.0297407 0.0981734 0.0304073 0.00132929 0.00033109 0.00019138
-0.0265269 0.0176714 0.0456364 0.00110698 0.00029736 0.00021388
-0.0298423 0.0412232 0.0348146 0.00145707 0.0004163 0.00015099
-0.032373 0.0589172 0.027449 0.00179656 0.00030568 0.00020608
-0.0375732 0.00819383 0.0461595 0.0011468 0.00010984 0.00021959
-0.034791 0.0969451 0.0265434 0.00162789 0.00046243 0.00015641
-0.0307715 0.07324 0.0321161 0.00123836 0.00037516 6.506e-05
-0.0265267 0.035499 0.0407851 0.00118183 0.00047434 6.506e-05
-0.0407184 0.116455 0.0224802 0.00132929 0.00038817 0.00019785
-0.038025 0.0251072 0.0387431 0.00115639 0.00043855 0.0001368
-0.0341996 0.0665886 0.0203572 0.00118877 0.00050017 6.506e-05
-0.0377569 0.0443899 0.0289531 0.00132929 0.00027171 0.00024964
-0.0347314 0.0140945 0.0295413 0.00122291 0.00035748 0.0002148
-0.0449901 0.0668405 0.0237803 0.00145004 0.00035532 0.00043114
-0.0431821 0.0200933 0.0405578 0.00140733 0.00020861 0.00027977
-0.046364 0.0424589 0.0173972 0.00119745 0.00033021 0.00021298
-0.0488125 0.0271352 0.0176659 0.00147338 0.00029186 0.00021602
-0.0505425 0.0237595 0.016955 0.00155984 0.00027602 0.00035866
-0.0460205 0.103151 0.0295288 0.00125621 0.00015202 0.00022529
-0.0467 0.0199076 0.0456208 0.00151556 7.933e-05 0.00038108
-0.0452169 0.100704 0.0305228 0.00123093 0.00027917 0.00038539
-0.0519074 0.0761581 0.032964 0.00125483 9.325e-05 0.00045435
-0.0503732 0.0236084 0.0485342 0.00121148 0.00017675 0.00030813
-0.0490169 0.0749558 0.0383479 0.00137015 0.00018586 6.506e-05
-0.0654418 -0.00668024 0.0973014 0.00206902 -0.00025138 0.000501
-0.0534855 0.0334142 0.0645542 0.00142405 0.0001695 0.0003669
-0.094669 -0.00778562 0.0366463 0.00212768 3.46e-05 0.00023436
-0.106615 -0.0324758 0.031438 0.0017021 0.00019598 6.506e-05
-0.0943126 0.155606 -0.040028 0.00243857 0.00073462 -0.00016871
-0.0993149 0.0732358 -0.00503028 0.00117501 0.00037328 0.00017452
-0.081777 0.0333465 0.0302346 0.00062341 0.00023733 0.00036876
-0.0729467 0.0561352 0.0466814 0.00082762 7.366e-05 0.00039341
-0.0750044 0.0997479 0.0216177 0.00119571 0.00047784 0.00062012
-0.070143 0.00990983 0.0368488 0.0009665 0.00028036 0.00040252
-0.0732884 0.0474042 0.0296845 0.0014548 0.00048641 0.00049903
-0.0851066 0.0547545 0.00603206 0.00154518 0.00027409 0.00042153
-0.0890155 -0.0514477 0.0646879 0.00169939 -6.439e-05 0.00058281
-0.0920091 0.0442643 -0.0227235 0.00172885 0.00040525 0.00061328
-0.0892699 0.0595385 -0.0344479 0.00158997 0.00056813 0.00045762
-0.0762317 0.0294904 0.0130567 0.0008885 0.00048994 0.00065249
-0.0735519 0.111318 0.00099886 0.00078073 0.00047077 0.00069246
-0.0707584 0.050521 0.00415209 0.00094867 0.00052986 0.00065243
-0.0632995 0.022735 0.0131543 0.00070224 0.00076296 0.00048704
-0.0727828 0.0684512 0.00810633 0.00083123 0.00063097 0.00055786
-0.0703994 0.00882824 0.0232633 0.00069542 0.00047971 0.00059792
-0.0716065 0.0404151 0.0181532 0.00084849 0.00077031 0.00051597
-0.0713538 0.0530569 -0.00470249 0.00147133 0.00077566 0.00050897
-0.0673832 0.0105738 0.0129565 0.00086087 0.00088286 0.00038209
-0.0697295 0.0464195 -0.0105092 0.00121104 0.00086967 0.00049749
-0.0671733 0.012939 0.0082486 0.00078344 0.00051515 0.00052027
-0.0638437 0.0277433 0.00282454 0.0008791 0.00073482 0.00031506
-0.0732706 0.0887872 -0.0159273 0.00120949 0.00081708 0.00053282
-0.0748986 0.0190278 0.0132905 0.00066062 0.00047042 0.00058661
-0.0782701 0.0593636 0.0132249 0.0006866 0.00063097 0.0005443
-0.0799605 0.0559273 0.0203533 0.00073618 0.00060336 0.00065029
-0.0699928 0.0175153 0.0134215 0.00051797 0.00059048 0.00059167
-0.0744515 0.0930272 0.0175716 0.00064673 0.0005396 0.00069018
-0.0737279 0.0265909 0.0134177 0.00053252 0.00058547 0.00065624
-0.070187 0.0466855 0.00915597 0.00055601 0.00060495 0.00058121
-0.0803399 0.0456623 0.0129791 0.00089001 0.00070483 0.00066938
-0.0761495 0.00683575 0.0420683 0.0010304 0.00034843 0.00072187
-0.0791777 0.0688105 0.0200887 0.00087596 0.0006318 0.00064746
-0.0768149 0.0414535 0.0323547 0.00090205 0.00027986 0.00069264
-0.0774788 0.016149 0.00135646 0.00103041 0.00092963 0.00045933
-0.0841954 0.0856438 0.0105379 0.00124302 0.00063635 0.00055935
-0.0816082 0.00980769 0.0513738 0.00112758 0.00027986 0.00070132
-0.0873547 0.0730447 -0.0653588 0.00227916 0.00130235 0.00046677
-0.0826208 0.0265092 -0.0860775 0.0027821 0.001533 0.00047975
-0.0815952 -0.035244 -0.169337 0.00361088 0.00178058 0.00041492
-0.094613 0.00048759 -0.188207 0.00408469 0.00166331 0.00031506
-0.109525 -0.0859037 -0.110526 0.00310488 0.00206151 0.00047821
-0.102386 -0.0266189 -0.0832638 0.00278171 0.00167159 0.00031506
-0.103452 -0.0331994 0.0121384 0.00152822 0.00081886 0.00037658
-0.0967955 0.0262049 0.0278809 0.0011954 0.00081886 0.00047023
-0.0998148 0.0995315 0.0294754 0.001343 0.0010975 0.00023844
-0.0884288 0.0574291 0.0508826 0.00132446 0.00081886 0.00047067
-0.0971087 0.147875 0.0427663 0.00122594 0.00081886 0.00073824
-0.0920215 0.0436079 0.0690837 0.00124 0.00048139 0.00059277
-0.0976838 0.0906171 0.0622671 0.0012603 0.00065828 0.00076162
-0.0951661 0.0525015 0.0623982 0.00123744 0.00040131 0.00039758
-0.0901613 0.00830062 0.0546482 0.00110997 0.00048291 0.0005313
-0.0940319 0.0474924 0.0399667 0.00120888 0.00080599 0.0003248
-0.0960784 0.0129575 0.0563005 0.00121311 0.00040131 0.00031506
-0.0940927 0.0209653 0.0623833 0.00121664 0.00051212 0.00047465
-0.0976046 0.0707591 0.0622856 0.00133907 0.00040131 0.00035957
-0.0930349 0.0273874 0.0699095 0.00121639 0.00066949 0.00050029
-0.0927452 0.0965254 0.0610987 0.00134152 0.0006407 0.00075546
-0.102466 0.110885 0.0373967 0.00085997 0.00080941 0.00051394
-0.0868135 0.0370099 0.067963 0.00122669 0.00066727 0.00061706
-0.092915 0.119401 0.0622214 0.00142814 0.00075026 0.00075246
-0.0941517 0.0370885 0.0836956 0.00147086 0.000471 0.00061953
-0.0859622 0.0508681 0.0890738 0.00144798 0.00040131 0.00053324
-0.0835031 0.0814779 0.0856078 0.00147569 0.00033251 0.00058017
-0.08784 0.0170485 0.0959348 0.00154665 0.00040131 0.00073642
-0.0856817 0.0611658 0.0885975 0.00150812 0.00040131 0.0004093
-0.0875659 0.0493757 0.0879022 0.00154043 0.00050356 0.00040049
-0.0900764 0.0132298 0.128928 0.00203724 0.00020411 0.00042603
-0.0939701 0.103759 0.150338 0.00239814 -0.00018228 0.00072759
-0.0769428 0.055308 0.186891 0.00242108 -0.00025291 0.00065131
-0.0604021 0.0951151 0.213137 0.00267556 -0.00046939 0.00074076
-0.0453822 0.206987 0.26312 0.00330062 0.00071602 0.00031619
-0.0860479 -0.0439964 0.385417 0.00224486 0.00108899 0.0007034
-0.101256 0.176879 0.569236 0.00300238 0.00147141 0.00063149
-0.0807477 0.339112 0.492367 0.00198431 -0.00033303 0.00128631
-0.0870119 0.170738 0.248605 0.00299221 4.967e-05 0.00134871
-0.076263 0.209016 0.105604 0.00270561 -0.00023473 0.00069314
-0.0771899 0.046775 0.147854 0.00241371 -0.00077964 0.00086052
-0.0670207 -0.0367032 0.223768 0.00354077 -0.00036918 0.00073778
-0.0406568 0.193709 0.230424 0.00383357 0.00032315 0.00040415
-0.0465324 0.18742 0.230594 0.00372434 0.00020841 0.00042985
-0.0406592 0.0859376 0.220999 0.00348287 -2.475e-05 0.00049869
-0.0490232 -0.0579191 0.309351 0.00304773 0.00047322 0.00041417
-0.0749341 0.181078 0.488612 0.00531358 -0.00086939 0.00117619
-0.0684229 0.179178 0.444078 0.00363945 -0.00140612 0.0008121
-0.0457594 0.227095 0.370331 0.00278599 -0.00097836 0.00055603
