0.00131925 0.0928138 0.150223 0.0019162 0.00011645 0.00053116
0.0138308 0.142159 0.246518 0.00157143 0.00040791 0.00048985
0.0298994 0.199221 0.205816 0.001986 0.00053882 0.00041052
0.0363544 0.0802714 0.203065 0.00167735 0.00072912 0.00015182
0.0110755 -0.0233688 0.276339 0.00169923 0.00044805 0.00040389
0.0147077 0.258297 0.262691 0.00173987 0.00061339 0.00046615
0.0208594 0.201985 0.28349 0.00157062 0.00079379 0.00031939
0.00683399 0.0492465 0.31212 0.00174173 0.00048221 0.00038316
0.013466 0.203093 0.283561 0.00223173 0.00060804 0.00025821
0.0122556 0.282671 0.290311 0.00234373 0.00049554 0.00026764
0.010235 0.173505 0.306156 0.00252204 0.00054504 0.00020139
-0.0016407 0.036578 0.342483 0.00256488 0.00030404 0.00036576
0.00474287 0.237369 0.307828 0.0030076 0.00032775 0.00021544
0.00582317 0.306048 0.325599 0.0033351 0.00036899 0.00034987
0.00606118 0.19739 0.328868 0.00330824 0.00041244 0.00023919
0.00619937 0.0166985 0.441493 0.00195751 0.00020565 2.87e-06
-0.00172386 0.208592 0.344837 0.00367995 0.00018639 0.00015419
0.0151428 0.429637 0.385457 0.00324855 0.00046215 0.00023355
0.00461566 0.154471 0.442533 0.00301603 0.00020838 2.917e-05
0.00994201 0.381821 0.393693 0.00402133 0.00026662 1.435e-05
0.00577656 0.275597 0.392344 0.00466143 0.00032192 8.589e-05
0.00374813 0.201495 0.378443 0.00412115 6.394e-05 8.627e-05
0.0158829 0.334273 0.389261 0.00444495 0.00043958 0.00021523
0.00041785 0.0883077 0.432745 0.00401189 1.78e-05 6.609e-05
0.00566098 0.324953 0.378249 0.0054189 0.00025235 0.00014694
-0.0056987 0.153872 0.486406 0.00655493 9.567e-05 0.00040685
0.0028021 0.313578 0.385772 0.00547656 0.00017336 0.00013942
0.00053263 0.315194 0.450804 0.00609498 9.971e-05 0.00022004
-0.00214054 0.313217 0.428598 0.00615249 -3.39e-05 0.00018414
-0.0030621 0.403171 0.413225 0.00637543 -6.294e-05 0.0002786
-0.00207183 0.234698 0.50902 0.00498594 0.00010765 0.00021377
-0.00816082 0.184062 0.477139 0.00660422 -0.00017387 0.00044495
-0.00041843 0.41575 0.410089 0.0059446 6.197e-05 0.00045993
-0.00613196 0.178165 0.512291 0.00645077 -0.00015683 0.00022959
0.00263037 0.327074 0.432615 0.0059094 -7.013e-05 0.0001213
4.824e-05 0.325814 0.489769 0.00629753 8.961e-05 0.00021151
-0.00558176 0.267467 0.464795 0.00547392 -0.00021734 0.00032814
-0.00185692 0.314816 0.471091 0.00686111 -9.468e-05 0.00028022
-0.00786737 0.29941 0.471091 0.00678243 -0.00019145 0.00026452
-0.0100135 0.347305 0.506858 0.00543755 -0.00015045 0.00046005
-0.017663 0.19414 0.547084 0.00689915 -0.00033316 0.00046919
-0.00998874 0.363351 0.437396 0.0065077 -0.00039137 0.00053775
-0.0188939 0.295517 0.523748 0.00712366 -0.00035869 0.00058209
-0.019851 0.251047 0.533835 0.00703606 -0.00033657 0.000512
-0.0188752 0.165361 0.581689 0.00726549 -0.00052299 0.00059869
-0.0128113 0.46816 0.528841 0.00583919 -0.00040723 0.0006618
-0.0162454 0.215151 0.660283 0.00591308 -0.00039565 0.00056482
-0.00936016 0.403875 0.557048 0.00696009 -0.00066298 0.00077069
-0.0208451 0.484091 0.577165 0.00698925 -0.00078265 0.00094476
-0.0191952 0.307907 0.612738 0.00716238 -0.00056458 0.00068623
-0.0176079 0.41819 0.563609 0.00725186 -0.00065096 0.00059152
-0.0159438 0.255897 0.577251 0.00714005 -0.00061081 0.00053537
-0.00973032 0.415201 0.55448 0.00723702 -0.00049636 0.00046113
-0.0143682 0.217212 0.577094 0.00705145 -0.00043506 0.00036284
-0.0119026 0.269463 0.563694 0.00710612 -0.00052829 0.00051288
-0.0149872 0.24847 0.551157 0.00730068 -0.00049342 0.00049188
-0.00957722 0.371258 0.533159 0.00737319 -0.00063139 0.00063874
-0.0106618 0.228169 0.641849 0.00689415 -0.00051821 0.00053965
-0.0105502 0.394723 0.521899 0.00765873 -0.00031344 0.00043727
-0.0374111 0.256394 0.697219 0.00901062 -0.00069935 0.00068328
-0.0305564 0.595614 0.560977 0.00931434 -0.00028208 0.00091217
-0.0335832 0.328194 0.600078 0.00880639 -0.00022272 0.0008014
-0.0253276 0.406816 0.550184 0.00906207 -0.00055206 0.00068308
-0.0237264 0.450034 0.594875 0.0090635 -0.00025345 0.00069547
-0.0173942 0.295677 0.613831 0.00822242 -7.69e-05 0.00053307
-0.0224856 0.273822 0.585676 0.00931948 -3.247e-05 0.00071793
-0.005807 0.321777 0.522807 0.00887667 -9.488e-05 0.0003959
-0.0111167 0.30181 0.574151 0.00930661 -4.09e-05 0.00057106
0.00140142 0.319327 0.570504 0.00801893 9.352e-05 0.00043219
-0.00320398 0.282336 0.552539 0.0096606 3.656e-05 0.00038637
-0.00197851 0.403499 0.549412 0.00905174 0.00010619 0.00044678
-0.0246609 0.223912 0.644647 0.00950257 -0.00027428 0.0006631
-0.00417782 0.550755 0.52584 0.00920105 4.487e-05 0.00030218
-0.0120269 0.348021 0.625235 0.00926465 -0.00017254 0.00052768
-0.00790414 0.483987 0.577183 0.00920346 -2.806e-05 0.00026691
-0.00676735 0.38619 0.633893 0.00910162 -7.224e-05 0.00034925
-0.00304103 0.386515 0.556533 0.00886702 2.465e-05 0.00040821
-0.00368686 0.280777 0.637179 0.00924317 -0.00011205 0.00031097
-0.00275495 0.339769 0.560074 0.00929616 -4.512e-05 0.00028939
-0.0106297 0.236725 0.637603 0.00911684 -0.00026306 0.00033731
0.0033375 0.331842 0.566089 0.00801118 6.993e-05 2.372e-05
-0.00430599 0.217129 0.636314 0.00880639 -0.00025198 0.00032723
0.00635727 0.401658 0.540409 0.00788978 5.94e-06 -0.0001079
-0.00957964 0.323921 0.660725 0.0090392 -0.00025449 0.00031861
-0.00741581 0.337427 0.620157 0.00900523 -0.00019443 0.00028717
-0.00710653 0.60241 0.61885 0.009372 -0.00011874 0.00052672
-0.00994979 0.309891 0.656066 0.00950852 -0.00019443 0.00013927
0.0187567 0.618601 0.626994 0.00873246 0.00031571 -0.00023681
0.00169719 0.278581 0.660107 0.00825603 -3.065e-05 -1.183e-05
0.0367265 0.403472 0.583909 0.00774241 0.00049745 0.00066688
0.0679242 0.206187 0.685069 0.00724718 -0.00073067 0.00114128
0.016461 0.2767 0.592403 0.00820214 -1.461e-05 -3.083e-05
0.0211792 0.200868 0.652576 0.00794651 -0.00034351 -3.65e-05
0.091173 0.266845 0.553007 0.00828771 -0.00083682 0.00022166
0.0398081 0.309356 0.669723 0.00811106 -0.00042809 -0.00030011
0.0127951 0.224658 0.720256 0.00875699 -0.00012425 -0.00024575
0.0222989 0.577764 0.650295 0.0087822 6.08e-06 -0.00038149
-0.0048178 0.294422 0.779504 0.00929889 -1.686e-05 0.00018177
-0.00177563 0.734042 0.67239 0.00975179 -0.00010526 0.00021574
-0.00616856 0.424578 0.765362 0.00949423 -7.975e-05 0.00020524
-0.00191658 0.613466 0.705203 0.0099132 -1.983e-05 7.751e-05
-0.0133488 0.366393 0.803359 0.00927488 -0.00027073 0.0002259
0.00790455 0.369903 0.690734 0.00867163 3.415e-05 -0.00010836
0.0453319 0.247514 0.724099 0.0088103 -0.00090511 0.00016648
0.106907 0.17853 0.63521 0.00898669 -0.00129785 0.00078754
0.0316866 0.24537 0.686053 0.00917438 -0.00026645 -0.0003299
0.0211544 0.307314 0.67867 0.00962966 -4.143e-05 -0.00042604
0.023542 0.469912 0.665357 0.00955967 5.754e-05 -0.0005466
0.00306114 0.308314 0.786879 0.00959522 -0.00010427 -0.00030633
0.0228731 0.651817 0.65146 0.00969432 0.00048668 -0.0004942
0.00512325 0.376752 0.734904 0.00943462 -4.793e-05 -0.00014914
0.00508876 0.596278 0.652496 0.00937547 -1.97e-06 -0.00015186
0.00420379 0.482465 0.716771 0.0094505 -2.432e-05 -0.00026688
0.00215012 0.409933 0.670739 0.00968297 -0.00015878 -0.00027207
0.00619874 0.483757 0.690107 0.0088157 -0.00017033 -0.00048112
0.00063015 0.227454 0.693357 0.00966856 -0.00014275 -0.00037084
0.0130379 0.415203 0.644152 0.00951147 -5.695e-05 -0.00037809
0.0130753 0.277207 0.704967 0.00901038 -0.00046071 -0.0003871
0.0272402 0.319165 0.670603 0.0090659 -0.00041445 -0.00033121
0.0285864 0.337919 0.635799 0.0091882 -0.00043336 -0.00038967
0.00688131 0.344977 0.706738 0.00909966 -0.00015888 -0.00021422
0.00615122 0.413511 0.658433 0.00930512 -0.00037297 -0.00035222
0.00084524 0.419823 0.762756 0.00970601 -0.00021738 -0.0002881
-0.00747186 0.475123 0.697246 0.0103354 -0.00112928 -0.00021968
0.024518 0.61579 0.703027 0.00934611 -0.00038923 -0.00036316
0.020053 0.256217 0.821224 0.00928787 -0.00103103 0.00043553
0.0254408 0.665388 0.707861 0.00958939 -0.00075365 -0.0005097
0.00374968 0.42414 0.777673 0.0100696 -0.00140131 -7.161e-05
0.0267189 0.344484 0.712579 0.00908843 -0.00147044 0.00012021
0.0575216 0.388959 0.731464 0.00891127 -0.00157222 0.00068063
0.0238063 0.313464 0.710433 0.00912008 -0.0012959 0.00029841
0.0841946 0.269047 0.774066 0.00953846 -0.00150117 0.0008616
0.0787696 0.292308 0.82399 0.00976751 -0.00132074 6.232e-05
0.026465 0.450818 0.774089 0.0100303 -0.00070955 -0.00062156
0.00860277 0.351371 0.874608 0.0111018 -0.00083511 -0.00074392
0.0202492 0.667459 0.757473 0.0100975 -0.00051801 -0.00081943
-0.00479562 0.350761 0.892932 0.0111685 -0.0009292 -0.00067231
-0.00553866 0.820054 0.783504 0.0115031 -0.00081492 -0.00044909
-0.0109477 0.511654 0.874081 0.0101799 -0.00110638 -0.00062699
-0.00796999 0.52314 0.779948 0.0101225 -0.00075583 -0.00071186
-0.0125474 0.460426 0.79144 0.011018 -0.00076998 -0.00066691
-0.0176861 0.348461 0.810992 0.00961152 -0.00109696 -0.00059293
-0.0182061 0.398892 0.732805 0.00945449 -0.00090286 -0.00046379
-0.0141513 0.280467 0.716556 0.0102361 -0.00121993 -0.00052133
-0.0119638 0.357793 0.808903 0.00844268 -0.00092639 -0.00052045
-0.0139833 0.356432 0.693978 0.0110118 -0.00131053 -0.00083524
-0.00936176 0.461111 0.753658 0.0108522 -0.00083479 -0.00080468
-0.0252587 0.394066 0.887382 0.0121184 -0.00111298 -0.0007581
-0.0105479 0.75638 0.73099 0.010754 -0.0007535 -0.00049705
-0.0182586 0.456031 0.831241 0.0115992 -0.00099543 -0.00056618
-0.00486382 0.672438 0.751499 0.0116213 -0.00055206 -0.00071523
-0.0173803 0.411916 0.911816 0.0122271 -0.0009332 -0.00081039
-0.0001841 0.550069 0.812786 0.00990729 -0.00047819 -0.00076708
-0.014162 0.348268 0.918068 0.012182 -0.00072007 -0.00072579
-0.00144345 0.52687 0.846885 0.0121063 -0.0003259 -0.00072585
-0.0161019 0.408287 0.939024 0.0123733 -0.00083102 -0.00060788
-0.0111183 0.473871 0.849187 0.0112723 -0.00079213 -0.00043149
-0.0125622 0.383786 0.953287 0.0115758 -0.00071413 -0.00035994
0.0287447 0.475537 0.857768 0.0104806 -0.00112504 0.00043202
0.0894155 0.438883 0.867999 0.010372 -0.00219048 0.00070579
0.0226337 0.561675 0.785631 0.0122202 -0.00173319 0.0001591
0.0324083 0.433441 0.905728 0.0122498 -0.00223359 0.0004187
0.12286 0.513915 0.762393 0.0107995 -0.00216041 0.00140222
0.0142068 0.403216 1.02847 0.0115402 -0.00127665 -0.00040989
-0.0173635 0.518299 0.941666 0.0130322 -0.00157296 -0.00056655
-0.0222824 0.557287 0.985444 0.0137388 -0.00134366 -0.00051665
-0.026262 0.492474 0.981733 0.013748 -0.0016318 -0.00070361
-0.0116033 0.710105 0.951302 0.0140156 -0.0004226 -0.00045394
-0.0316386 0.472246 1.00464 0.0146859 -0.00115685 -0.00066705
-0.0223636 0.803302 0.990102 0.0142845 -0.00106813 -0.00047193
-0.0176023 0.547523 0.962951 0.0151461 -0.00207515 -0.00038329
0.0016613 0.49131 1.01549 0.0144535 -0.00113498 -0.00016865
0.0213142 0.428148 1.00083 0.0135654 -0.00112029 -0.0001429
-0.00786243 0.438439 0.920904 0.0139602 -0.00220944 -5.734e-05
-0.0157903 0.452063 0.879925 0.0140543 -0.00160046 -1.895e-05
-0.0316844 0.355319 1.10406 0.0133132 -0.00241382 -0.000645
-0.0318726 0.541894 1.047 0.0139509 -0.00199368 -0.00067349
-0.0473413 0.746176 1.04943 0.0141166 -0.00248308 -0.00098006
-0.0602197 0.254138 1.08011 0.0149217 -0.002683 -0.0014891
-0.0771171 0.784313 0.883074 0.0138428 -0.00262448 -0.00186845
-0.0610228 1.17417 0.916979 0.0152259 -0.00206563 -0.00144244
-0.0585037 0.750686 0.955045 0.0141226 -0.002521 -0.00152113
-0.0477908 0.595132 0.901625 0.0138327 -0.00220023 -0.00132433
-0.0432332 0.466437 0.894989 0.0140812 -0.00197111 -0.00125827
-0.0402157 0.295598 0.837841 0.0140993 -0.00139254 -0.00131682
-0.0286322 0.380943 0.818081 0.0135687 -0.00125551 -0.00124778
-0.0340003 0.221201 0.927205 0.0126793 -0.0013748 -0.00115791
-0.0306402 0.452061 0.813979 0.0131795 -0.00145628 -0.0012775
-0.0553294 0.357982 0.944111 0.0145624 -0.00174607 -0.0012774
-0.0408523 0.81175 0.881038 0.0153366 -0.00146336 -0.00144323
-0.0455038 0.725815 0.978676 0.0142796 -0.00155681 -0.0014055
-0.0454118 0.731915 0.951533 0.0144692 -0.00176054 -0.00131727
-0.0366176 0.838798 0.957231 0.0149823 -0.00148303 -0.00139633
-0.0421686 0.485819 1.0302 0.0155651 -0.00190274 -0.00103234
-0.0315377 0.689367 0.936161 0.015493 -0.00132379 -0.00101985
-0.0392345 0.381133 1.01759 0.0146411 -0.00153457 -0.00110203
-0.0282205 0.514842 0.967059 0.014146 -0.00116786 -0.00127142
-0.0174182 0.45921 1.01393 0.0130879 -0.0007969 -0.0010649
-0.025829 0.505737 0.943515 0.0135849 -0.0011658 -0.00088266
-0.0288068 0.529625 0.938884 0.0138014 -0.00107691 -0.00073304
-0.0512011 0.509498 1.05232 0.0132853 -0.00138483 1.862e-05
-0.0609316 0.37865 1.09715 0.0145318 -0.00234838 -0.00075558
-0.0496559 0.794962 1.01445 0.0149211 -0.00173348 -0.00095968
-0.0460003 0.75304 1.05603 0.0149152 -0.00175865 -0.00122765
-0.0560252 0.633253 1.08791 0.0153231 -0.00183666 -0.00105912
-0.0526505 1.00689 1.0448 0.0161374 -0.00147116 -0.00071739
-0.0405599 0.632348 1.17274 0.0135154 -0.0013383 -0.00104623
-0.0104179 0.54145 1.11353 0.012686 -0.0008261 -0.00015397
0.00520999 0.446704 1.0094 0.0136516 -0.00274493 0.00023075
-0.0435182 0.417645 0.92588 0.0128207 -0.00227011 -0.00015479
0.00661293 0.327316 0.950581 0.0125508 -0.00308094 0.00072004
-0.0100337 0.294995 1.08106 0.0117171 -0.00328955 0.00055508
-0.0419078 0.600758 1.02589 0.012625 -0.00258875 -0.00049851
-0.056253 0.402027 1.14943 0.0133748 -0.00285127 -0.00069943
-0.0543663 0.951978 1.04198 0.0151324 -0.00238694 -0.00062116
-0.0553091 0.774603 1.12952 0.0151809 -0.00204887 -0.0008826
-0.0572439 0.718762 1.16301 0.0136858 -0.00181711 -0.00078115
-0.0998844 0.888262 1.06241 0.0138497 -0.00288465 -0.00177079
-0.141735 0.452144 1.09473 0.0127225 -0.00455682 -0.00270494
-0.103398 0.642199 1.02362 0.0130046 -0.00324432 -0.00216117
-0.0939529 0.340212 1.12504 0.0127317 -0.00250906 -0.00203726
-0.088846 0.531257 1.06112 0.0134156 -0.00260061 -0.00212745
-0.0912361 0.452838 1.05459 0.0137856 -0.00260721 -0.00214592
-0.0888086 0.545098 1.10403 0.0126853 -0.00233928 -0.00247008
-0.0950732 0.411198 1.12209 0.0140649 -0.00229422 -0.00228554
-0.097601 0.786372 1.03992 0.0146543 -0.0024039 -0.00252048
-0.100672 0.576941 1.12709 0.0140629 -0.00218867 -0.00257685
-0.09548 0.794803 1.09608 0.0151079 -0.00197606 -0.00241059
-0.0928138 0.697362 1.12179 0.0148366 -0.00213259 -0.0023919
-0.0915188 0.724904 1.16975 0.0147225 -0.00200606 -0.00237521
-0.0881794 0.642119 1.10989 0.0134125 -0.00188698 -0.00263201
-0.0956177 0.539857 1.1473 0.0153298 -0.00180436 -0.00251258
-0.090694 0.572944 1.10454 0.0148461 -0.00179933 -0.00255338
-0.0930751 0.539729 1.18735 0.0144015 -0.00181354 -0.00214061
-0.089939 0.599579 1.15221 0.0134674 -0.00159871 -0.00273655
-0.0801757 0.603476 1.1473 0.0143249 -0.00209045 -0.00240442
-0.0459354 0.408238 1.26489 0.012143 -0.00197657 -0.00132653
-0.0605425 0.663877 1.16041 0.0134705 -0.00248528 -0.00187475
-0.0787183 0.767851 1.16106 0.0136622 -0.00246548 -0.00237166
-0.0750393 0.522654 1.24158 0.0129176 -0.00244165 -0.00225183
-0.0620155 0.796777 1.1194 0.0136644 -0.00250026 -0.00198027
-0.0470641 0.544431 1.25174 0.0122459 -0.00238079 -0.00167412
-0.0394817 0.618291 1.01173 0.0133971 -0.00170308 -0.00166512
-0.0741306 0.528275 1.09897 0.0133073 -0.00198216 -0.00244475
-0.0904227 0.412281 1.17007 0.0133719 -0.00228072 -0.00236992
-0.0863205 0.655562 1.12193 0.0145335 -0.00160433 -0.00273702
-0.0886785 0.476377 1.20688 0.0142322 -0.0020257 -0.00253558
-0.0845208 0.804902 1.10746 0.0147025 -0.0018866 -0.002718
-0.0865716 0.511564 1.23038 0.0143269 -0.00219761 -0.0024203
-0.0569541 0.795407 1.01313 0.0142191 -0.00188424 -0.00218735
-0.0666709 0.68167 1.1421 0.0139298 -0.00300144 -0.00195399
0.00482819 0.48687 0.973676 0.0140342 -0.00326952 -0.00108813
0.0112803 0.478462 1.08836 0.0132744 -0.00303689 -0.00123583
-0.0483858 0.536313 1.12299 0.0138415 -0.00189545 -0.00208588
-0.0579623 0.536185 1.1185 0.0142415 -0.00195118 -0.00234621
-0.0609195 0.644472 1.16114 0.0149914 -0.00183369 -0.00235138
-0.0674567 0.564513 1.17283 0.0154521 -0.00171021 -0.00237856
-0.0802283 0.84538 1.17304 0.0151144 -0.00206086 -0.00259448
-0.0780248 0.565004 1.19316 0.0156225 -0.00143719 -0.00277174
-0.0763888 0.874764 1.21541 0.0146612 -0.00177313 -0.00263908
-0.0722516 0.644282 1.19207 0.015491 -0.00102399 -0.00258898
-0.0729315 0.743134 1.22843 0.0153521 -0.00146368 -0.00289359
-0.0458753 0.636348 1.15752 0.0151964 -0.00096406 -0.00214478
-0.0601014 0.563533 1.25877 0.0142092 -0.00086007 -0.00261826
-0.0553371 0.574992 1.18622 0.0147682 -0.00085024 -0.00266556
-0.0549456 0.680911 1.21773 0.0154423 -0.00072478 -0.00272735
-0.0530387 0.644508 1.19454 0.0153198 -0.0009067 -0.00276944
-0.0544235 0.673324 1.22363 0.0146266 -0.00134138 -0.00268105
-0.0309846 0.583736 1.2681 0.0133711 -0.00098528 -0.0022797
0.00692713 0.569564 1.22459 0.0132301 -0.00142563 -0.00132102
-0.0401145 0.699774 1.07223 0.0143154 -0.0017697 -0.00221487
-0.0664979 0.595675 1.21392 0.0163688 -0.00218682 -0.00218589
-0.0154782 0.535432 1.23979 0.0142388 -0.00081349 -0.00150473
-0.00043369 0.759366 1.19168 0.0126146 -0.00164469 -0.00088822
0.0839223 0.389304 1.35328 0.0116788 -0.00317573 0.00044276
0.011097 0.887815 1.10936 0.0137419 -0.0020722 -0.00152711
0.0280392 0.498 1.32843 0.0132066 -0.00241704 -0.00104454
0.0992951 0.596954 1.05611 0.0132355 -0.00294821 0.0004555
0.0109767 0.596569 1.14553 0.0142616 -0.00288368 -0.00122012
-0.0346295 0.495324 1.19416 0.0149894 -0.00263659 -0.00210431
-0.0482778 0.62559 1.1995 0.0142563 -0.0018058 -0.0024046
-0.0543795 0.483708 1.21698 0.0148286 -0.00218492 -0.00242427
-0.0414526 0.741836 1.19714 0.0158502 -0.00185688 -0.00246581
-0.0573604 0.539923 1.27338 0.0150387 -0.00179531 -0.00256611
-0.0575405 0.848713 1.18742 0.0153801 -0.00171882 -0.00274168
-0.0602768 0.604233 1.27062 0.015399 -0.00160776 -0.00262459
-0.0498315 0.865429 1.18783 0.0164655 -0.00084808 -0.00259081
-0.0645377 0.592587 1.25092 0.0164313 -0.00126225 -0.00276382
-0.0550066 0.942253 1.19427 0.0166131 -0.0013488 -0.00256254
-0.0718224 0.564952 1.34007 0.0150286 -0.0014883 -0.00297665
-0.0594734 0.73042 1.18164 0.0160758 -0.00103183 -0.00293271
-0.0667485 0.602235 1.26466 0.0159831 -0.00123365 -0.00303112
-0.0593128 0.692414 1.21431 0.0160832 -0.00121766 -0.00295266
-0.0588715 0.691925 1.27605 0.0156235 -0.00104224 -0.00258898
-0.0603159 0.648145 1.19361 0.016665 -0.00138406 -0.00297879
-0.0626787 0.706865 1.24364 0.0161397 -0.00106437 -0.00309261
-0.0542194 0.741809 1.18838 0.0165436 -0.00144886 -0.00277881
-0.051468 0.70004 1.27852 0.015529 -0.00088464 -0.00269491
-0.0248254 0.708276 1.24378 0.0150078 -0.00165082 -0.00249471
-0.0271473 0.715405 1.32603 0.0141579 -0.00173468 -0.00231887
-0.0475953 0.751196 1.17295 0.0161361 -0.00272472 -0.00235316
-0.050002 0.615618 1.26237 0.0148556 -0.00157062 -0.0023617
-0.00149446 0.609541 1.16152 0.0151192 -0.00219949 -0.0009825
-0.00325659 0.491304 1.3446 0.015083 -0.00186796 -0.00133959
-0.0465873 0.648577 1.31929 0.0164026 -0.00188882 -0.00258303
-0.0321653 0.929661 1.28222 0.0166128 -0.00140803 -0.00228227
-0.051249 0.487413 1.26426 0.0169156 -0.00123205 -0.00274081
-0.060429 1.08084 1.20166 0.0179936 -0.00091888 -0.00299158
-0.0661373 0.75364 1.26563 0.0179846 -0.00069502 -0.00330898
-0.0629894 0.770863 1.28305 0.0162281 -0.0011328 -0.00315766
-0.0655383 0.760846 1.22894 0.0177386 -0.00027733 -0.00326921
-0.0606578 0.673615 1.20941 0.017608 -0.00070886 -0.00295023
-0.06946 0.603891 1.25431 0.0173716 -0.0005193 -0.00330392
-0.0602133 0.666421 1.20982 0.0164244 -0.00041894 -0.00310587
-0.0704627 0.614228 1.22382 0.0176959 -0.00032577 -0.00290932
-0.0602765 0.755016 1.17888 0.0176566 -0.00039306 -0.00323985
-0.0698891 0.681508 1.29393 0.0164564 -0.00040014 -0.00317515
-0.0660821 0.794603 1.22322 0.0174357 -0.00051208 -0.00349184
-0.072371 0.751616 1.31151 0.0169705 -0.00053441 -0.00354694
-0.0626776 0.805722 1.25236 0.0173085 -0.00068371 -0.00351853
-0.0621158 0.779777 1.24574 0.0178429 -0.00150554 -0.00320691
-0.0414283 0.733019 1.19872 0.0177781 -0.00128791 -0.00281825
0.0325457 0.488082 1.34667 0.0150771 -0.00109955 -0.00128313
0.0665813 0.678963 1.14446 0.0169103 -0.00172909 -0.00114731
0.125725 0.525473 1.28128 0.0160142 -0.00228499 -0.00012591
0.0782063 0.741419 1.08973 0.0167184 -0.00193957 -0.00132124
-0.0396573 0.691857 1.30885 0.0170235 -0.00118143 -0.00289473
-0.0460284 0.678256 1.30512 0.0175664 -0.00123343 -0.00329495
-0.0537769 1.0602 1.25201 0.0181237 -0.00053821 -0.00345064
-0.0770916 0.58434 1.31319 0.018657 -0.0006339 -0.00331272
-0.0825445 0.934905 1.2235 0.0188218 -0.00047721 -0.00350905
-0.0735865 0.792956 1.24822 0.0187462 0.00011537 -0.00354617
-0.0725077 0.675691 1.27435 0.0176997 -0.00026968 -0.00343433
-0.0779534 0.848273 1.21907 0.0190409 0.00021891 -0.00342403
-0.0828036 0.602102 1.23902 0.0184082 0.00012696 -0.00334871
-0.0775444 0.893188 1.1974 0.0189671 0.00014193 -0.0033116
-0.0844454 0.630898 1.28187 0.0178444 0.00019125 -0.00337331
-0.0749491 0.754827 1.20498 0.0187073 0.00015997 -0.00338623
-0.0822101 0.698118 1.29903 0.0171033 0.0001485 -0.00355152
-0.0821229 0.725835 1.22733 0.0188639 0.00048512 -0.00348748
-0.0788577 0.769115 1.21407 0.0189824 0.00010318 -0.00347729
-0.08981 0.833887 1.27128 0.0187835 0.00044391 -0.00345433
-0.0850801 0.75605 1.25266 0.0186607 0.00034086 -0.00352301
-0.0877961 0.865456 1.23781 0.0192092 0.00010616 -0.00322968
-0.0950845 0.756556 1.27361 0.0190745 0.00013558 -0.00365074
-0.0809329 0.930033 1.29282 0.0179208 0.00043049 -0.0035527
-0.0824007 0.634173 1.32808 0.0171901 0.00032459 -0.00340094
-0.0615633 0.80419 1.25372 0.0184561 -0.00025049 -0.00304267
-0.0140351 0.540492 1.33793 0.0164307 -0.00078141 -0.00225072
-0.039393 0.815619 1.19979 0.0183953 -0.00136418 -0.00287338
-0.00974767 0.629957 1.25968 0.0176765 -0.00145081 -0.00192152
0.00022403 0.708598 1.19016 0.017363 -0.0006749 -0.00177994
-0.0266422 0.741056 1.25983 0.0163899 -0.00091385 -0.002555
-0.0671147 0.652998 1.35045 0.0172888 -0.00068452 -0.00318478
-0.0635921 0.752656 1.29382 0.0178228 -0.00053363 -0.00337726
-0.0745341 0.942056 1.28153 0.0181124 -0.00041524 -0.00332375
-0.111786 0.562173 1.25551 0.0185235 -0.00037673 -0.0036204
-0.088206 1.04819 1.07643 0.0191964 -1.442e-05 -0.00354139
-0.102612 0.620971 1.12052 0.0164097 0.00047451 -0.00353102
-0.0942096 0.725007 0.997903 0.0177646 0.00033176 -0.00351314
-0.0893055 0.730717 0.90036 0.0163068 0.00035614 -0.00359701
-0.101913 0.470901 0.94473 0.0172801 -6.264e-05 -0.00367031
-0.0954073 0.508194 0.656856 0.0107793 -0.00044956 -0.0039174
-0.0733266 0.0389931 0.273609 0.00452673 -0.0004586 -0.00396443
-0.0498442 0.205335 0.221987 0.00339934 0.00029097 -0.00399907
-0.0446932 0.0919852 0.229308 0.00323749 -0.00050068 -0.00368436
-0.0458089 0.130612 0.28101 0.00290746 -0.0002619 -0.00367488
-0.0554244 0.166903 0.280891 0.00414902 -0.00043004 -0.00379331
-0.060256 0.334786 0.275606 0.00459766 -0.00027972 -0.00375814
-0.0751575 0.2179 0.407828 0.00569405 -0.00032807 -0.00393554
-0.056891 0.479074 0.337655 0.00455388 0.00016625 -0.00388323
-0.0715765 0.226122 0.40118 0.00590016 -0.00036135 -0.00383187
-0.062116 0.377269 0.376764 0.00596621 -4.194e-05 -0.00374078
-0.0605222 0.382881 0.399517 0.00492431 0.00023948 -0.00363006
-0.0666178 0.222443 0.385173 0.00656735 -0.00010115 -0.0037622
-0.0493982 0.399803 0.354601 0.0059046 0.0002601 -0.00364153
-0.0445298 0.275421 0.380837 0.00628078 0.00016204 -0.00359482
-0.0626973 0.15041 0.473824 0.00380422 0.00080601 -0.00410021
-0.0303511 0.104926 0.228158 0.0044768 0.00130171 -0.0040347
-0.020153 0.11689 0.432787 0.00607073 0.00228811 -0.00335552
-0.0181459 0.322736 0.357004 0.00547663 0.00137361 -0.00311999
-0.0561402 0.226957 0.706241 0.0071006 0.00120297 -0.00382302
-0.0311107 0.688891 0.531972 0.00662071 0.001675 -0.00400894
-0.0440462 0.581393 0.563721 0.00652316 0.00147101 -0.00389282
-0.0541474 0.410711 0.59773 0.00653407 0.00091953 -0.00345588
-0.0517864 0.626935 0.607652 0.00526952 0.00178528 -0.00397726
-0.0683489 0.259183 0.62161 0.00645628 0.0004066 -0.0034382
-0.0608717 0.375713 0.569741 0.00656167 0.00085593 -0.00325732
-0.0519492 0.32739 0.54341 0.00669775 0.00073355 -0.00303105
-0.0484735 0.275645 0.539973 0.00693748 0.00063213 -0.00314938
-0.061275 0.0897807 0.551501 0.00789846 0.00011452 -0.00291478
-0.0578455 0.340627 0.465995 0.00687594 0.00012876 -0.00302637
-0.0494506 0.538822 0.456579 0.00670816 0.00056388 -0.00304452
-0.0679673 0.349877 0.611619 0.00780891 0.0002089 -0.00298282
-0.0566665 0.609688 0.517091 0.00835507 0.00033373 -0.00332606
-0.0442965 0.577836 0.561897 0.00829712 0.00060568 -0.00305864
-0.0590916 0.386696 0.660439 0.00797092 0.00042579 -0.00293785
-0.0467741 0.421311 0.611548 0.00826417 4e-04 -0.00261637
-0.0403866 0.468363 0.651842 0.00812621 0.00060304 -0.00271715
-0.0619094 0.263029 0.721476 0.00753034 5.079e-05 -0.00268047
-0.0687231 0.483689 0.723264 0.00732816 0.00043116 -0.00253841
-0.0732638 0.337077 0.758012 0.00815293 -6.038e-05 -0.00265095
-0.0639887 0.540224 0.712096 0.00875567 2.444e-05 -0.00265336
-0.0573656 0.504897 0.806943 0.00772868 0.00047828 -0.0025722
-0.0605586 0.529675 0.775303 0.00835963 0.00018747 -0.00270952
-0.0585536 0.59234 0.833979 0.00776934 0.00022837 -0.00233256
-0.0585751 0.482125 0.794334 0.00842937 0.00013171 -0.0025533
-0.0475605 0.638605 0.768654 0.00884847 0.00017769 -0.00274957
-0.0442432 0.465537 0.818854 0.00892637 0.00017769 -0.00248086
-0.0415646 0.428613 0.853225 0.00781059 0.00044086 -0.00248377
-0.0446706 0.294834 0.887071 0.00692779 0.00023233 -0.00232885
-0.0353042 0.43548 0.819631 0.00769101 -0.00020132 -0.00183357
-0.0439212 0.406858 0.833262 0.00838879 -0.00034998 -0.00207365
-0.0577871 0.427504 0.874884 0.00821395 -0.00013261 -0.0022491
-0.0629325 0.503561 0.836143 0.00948012 -5.616e-05 -0.00257262
-0.0533141 0.881431 0.877959 0.00881238 0.00054378 -0.0027825
-0.0651114 0.444606 0.968847 0.00761535 0.00066506 -0.00246971
-0.038427 0.909961 0.816638 0.0100913 0.00039972 -0.0024552
-0.0506446 0.438126 0.932983 0.00802307 0.00060339 -0.00251587
-0.0400258 0.611804 0.8718 0.00768134 0.00073202 -0.00265829
-0.0419525 0.354582 0.89335 0.00893184 0.0004642 -0.00244951
-0.0231866 0.40688 0.753907 0.00836075 0.0007203 -0.00216441
-0.0179159 0.425112 0.7318 0.0085421 0.00100486 -0.00205387
-0.0192831 0.429609 0.746334 0.0077431 0.00120003 -0.00199159
-0.0373786 0.414157 0.817012 0.00847202 0.0011416 -0.00238448
-0.0423795 0.445312 0.837689 0.00943273 0.00176945 -0.00260766
-0.0416931 0.689869 0.863679 0.00934113 0.00141456 -0.00280886
-0.0575321 0.468339 0.967917 0.0073328 0.00176362 -0.00255696
-0.0354551 0.761101 0.807879 0.00935668 0.00175442 -0.00269398
-0.0440947 0.457334 0.869271 0.00872516 0.00105157 -0.00259238
-0.0375809 0.686113 0.810453 0.0092333 0.00106041 -0.00267776
-0.0490088 0.425196 0.903921 0.00804207 0.00103456 -0.00263255
-0.0387046 0.537174 0.80159 0.00880865 0.00079659 -0.00262998
-0.0414403 0.377977 0.891805 0.00843053 0.0009098 -0.00264162
-0.03856 0.521808 0.820303 0.00746064 0.00105805 -0.00263131
-0.0198838 0.413451 0.853036 0.00792295 0.00061039 -0.00193325
-0.0204042 0.525971 0.788205 0.00935733 0.00066736 -0.00217882
-0.0372182 0.437005 0.883427 0.00828966 0.00015304 -0.00224428
-0.0337047 0.525004 0.764045 0.0084785 0.00030137 -0.00226474
-0.0122831 0.382392 0.957089 0.00631138 -3.259e-05 -0.00117241
-0.0182198 0.48967 0.789388 0.00725389 -0.00025388 -0.00148055
-0.061351 0.294963 0.953838 0.00701929 7.81e-06 -0.00211852
-0.0572572 0.612875 0.851953 0.00885645 0.00027228 -0.00240635
-0.0685671 0.661263 0.932702 0.00846397 0.00077258 -0.00273117
-0.0789034 0.457518 0.952293 0.00827567 0.00082631 -0.0022284
-0.0648335 0.848975 0.860223 0.00900589 0.00063948 -0.00252689
-0.0849154 0.388626 0.963407 0.00865236 0.00094883 -0.00257039
-0.0676179 0.644728 0.846143 0.00911453 0.00042232 -0.00268118
-0.0760575 0.399923 0.993512 0.00702985 0.00091557 -0.0024841
-0.0610366 0.492995 0.799438 0.00975416 0.00031985 -0.00251555
-0.0641598 0.404619 0.890251 0.00907621 0.00067102 -0.0024528
-0.0700252 0.444709 0.842277 0.00936665 0.00030506 -0.00252008
-0.0716813 0.580769 0.853882 0.00999753 0.00073213 -0.00275175
-0.0640314 0.414974 0.905881 0.00881535 0.00084721 -0.00246201
-0.0419371 0.634807 0.918073 0.00851435 0.00020214 -0.00220517
-0.0558778 0.594176 0.920941 0.00913605 -0.00033445 -0.00246761
0.0349749 0.417145 0.996075 0.00670506 -0.00014611 -0.00050414
-0.00455819 0.573312 0.861617 0.00944398 -0.00019552 -0.00165305
-0.0162643 0.585813 0.900569 0.0100584 -0.00015353 -0.00209022
-0.0215823 0.502545 0.87459 0.00935154 -0.00034055 -0.00195473
-0.0543286 0.397554 0.98691 0.0119728 0.00026296 -0.00216431
-0.0547761 0.468806 0.910415 0.0110976 -9.246e-05 -0.00229725
-0.0527043 0.676379 0.844488 0.0117234 0.0001834 -0.00246723
-0.0588853 0.368288 0.870356 0.00956167 0.00026519 -0.00251763
-0.0468527 0.835987 0.746908 0.011553 0.00010456 -0.00229779
-0.0609649 0.498356 0.856404 0.0116161 3.137e-05 -0.00262589
-0.0450876 0.697836 0.725667 0.010392 0.00030667 -0.00250874
-0.0555011 0.445334 0.764217 0.010108 0.00032823 -0.0027689
-0.0400181 0.501127 0.672394 0.00927402 0.0003876 -0.00250249
-0.0587164 0.348716 0.643181 0.00930867 0.00012128 -0.0023803
-0.0340647 0.426547 0.543756 0.00890132 0.0003914 -0.00261696
-0.0298542 0.381441 0.710345 0.00952893 0.00076481 -0.0028919
-0.0319817 0.448765 0.659413 0.0086385 0.00066049 -0.00285686
-0.049722 0.434102 0.593768 0.00899061 0.00034111 -0.00288333
0.0140229 0.410926 0.750389 0.0100097 -0.00370094 0.00097252
0.00506216 0.754901 0.71422 0.00984052 -0.00304262 0.00053763
-0.0476478 0.583962 0.676071 0.00984537 -0.00163667 -0.00057934
-0.0593192 0.442469 0.713542 0.0105658 -0.00177224 -0.00110245
-0.0459324 0.62395 0.656722 0.0105576 -0.00131167 -0.00139877
-0.0442462 0.541018 0.677158 0.0108053 -0.00127766 -0.00181677
-0.0421752 0.473309 0.68414 0.00994626 -0.00106688 -0.00155891
-0.0229147 0.498785 0.628438 0.0099808 -0.00106461 -0.00155591
-0.0459258 0.275966 0.893728 0.00893669 -0.00137963 -0.00165672
-0.0300686 0.413054 0.853796 0.00924251 -0.00134004 -0.00181548
-0.0219798 0.697037 0.843762 0.0103291 -0.00098319 -0.0018902
-0.0287284 0.718311 0.958135 0.0111656 -0.00133166 -0.00165119
-0.0211782 0.849443 0.928241 0.00900652 -0.00090487 -0.00192427
-0.0246048 0.666917 0.922823 0.0112227 -0.00117539 -0.00204424
-0.0302774 0.519357 0.936457 0.0101634 -0.00139205 -0.00192581
-0.0243035 0.561547 0.909957 0.0101826 -0.00106235 -0.00191829
-0.0275615 0.46964 0.925967 0.00856781 -0.00043431 -0.00163692
-0.0136556 0.49439 0.906798 0.0090978 -0.00040432 -0.00142734
0.00193966 0.333802 0.96924 0.00833094 -0.00059363 -0.00113232
-0.00796832 0.517224 0.902533 0.00877488 -0.0007419 -0.00139874
-0.0170486 0.60289 0.967592 0.00848434 -0.00052916 -0.00181439
-0.0222882 0.482714 1.037 0.00743338 -0.00085153 -0.00187476
-0.0234488 0.67574 0.956581 0.00936527 -0.00085029 -0.00177042
-0.0401168 0.455878 1.09069 0.0110729 -0.0009715 -0.00214988
-0.0270646 0.750772 0.958951 0.0118361 -0.00118872 -0.00232388
-0.038299 0.682038 1.02827 0.0123404 -0.00091473 -0.00242405
-0.0328573 0.617977 0.983958 0.0115681 -0.00069883 -0.00242987
-0.0319334 0.75885 0.917396 0.0130141 -0.00104866 -0.00241071
-0.033947 0.517904 0.950734 0.0116046 -0.00090286 -0.00244591
-0.0248255 0.683717 0.984906 0.0105332 -0.00061141 -0.00208515
-0.0263182 0.44831 0.9471 0.0116135 -0.00057397 -0.00198514
-0.0177389 0.625088 0.947202 0.0120286 -0.00061568 -0.00190225
-0.0202816 0.446268 0.947365 0.0121844 -0.0010548 -0.00223723
-0.0176235 0.68771 0.883256 0.0103408 -0.00042665 -0.00228288
-0.0221878 0.566897 0.915496 0.0119829 -0.00073079 -0.00225001
-0.0322714 0.454086 1.01398 0.0126637 -0.00066087 -0.0023898
-0.018896 0.75452 0.950366 0.0116355 -0.00059497 -0.00222329
-0.0300373 0.573601 1.01461 0.0126523 -0.00039694 -0.00228659
-0.0301898 0.543975 1.04611 0.0129418 -0.00079275 -0.0026266
-0.0196279 0.870152 0.987412 0.0128951 -0.00063939 -0.00249712
-0.0166983 0.59579 1.10508 0.0116969 -0.00019126 -0.00246586
-0.0233717 0.545142 1.07692 0.0114469 -0.00054572 -0.0026556
-0.0121551 0.659202 1.04742 0.0117673 -5.142e-05 -0.00224702
0.007413 0.463261 1.10148 0.0112955 -0.0005549 -0.0016061
0.117403 0.319056 1.15715 0.00936198 -0.00238666 0.0002723
0.0732862 0.662992 1.02578 0.0105317 -0.00119859 -5.375e-05
0.0111636 0.717648 1.00858 0.0124199 -0.00064254 -0.00118834
0.0560437 0.55346 1.06796 0.0109387 -0.00058433 -0.00093091
0.0723089 0.553255 1.04492 0.0107075 -0.00059546 -0.00079146
0.0523678 0.567714 1.02892 0.0113741 -0.00077566 -0.00096482
0.051989 0.623234 0.978906 0.0119168 -0.00064056 -0.00101149
0.0487026 0.405542 1.20476 0.0100549 -0.000637 -0.00116736
0.0195576 0.634601 0.908783 0.0112195 -0.0010532 -0.00204483
-0.0100371 0.391378 0.626991 0.00870063 -0.00134286 -0.00274966
-0.0102412 0.444959 0.666601 0.00840741 -0.00153516 -0.00280597
-0.0133655 0.647688 0.42929 0.00554729 -0.00123488 -0.00239943
-0.0485563 0.187577 0.408994 0.00341867 -0.00152538 -0.00243385
-0.0378744 0.503659 0.305331 0.00355814 -0.00152263 -0.00251293
-0.0476285 0.227126 0.394489 0.00322554 -0.00132311 -0.00260138
-0.0446313 0.250285 0.306868 0.00386618 -0.00135842 -0.00262622
-0.0262955 0.29107 0.204286 0.00249945 -0.00079899 -0.00249979
-0.0359585 0.107359 0.253316 0.00270173 -0.00115537 -0.00266215
-0.0484585 0.250406 0.301702 0.00228873 -0.00070302 -0.00362183
-0.0320461 0.177108 0.226786 0.00393707 -0.00017157 -0.00252282
-0.0353588 0.163391 0.315751 0.00328331 6.753e-05 -0.00284172
-0.0224158 0.412684 0.215552 0.00343919 -6.68e-05 -0.00281541
-0.0421272 0.209038 0.343105 0.00301726 -0.00020254 -0.00269419
-0.0295675 0.455413 0.270504 0.00344633 -0.00027378 -0.00282689
-0.0393085 0.41334 0.415236 0.00140122 -2.815e-05 -0.0029744
-0.0510653 0.291038 0.472623 0.00411776 -0.00060574 -0.00284551
-0.0368125 0.533487 0.381215 0.00388516 6.758e-05 -0.00285465
-0.0297721 0.342573 0.482199 0.00181481 0.00020858 -0.00280046
-0.0348676 0.20404 0.387541 0.00409802 9.633e-05 -0.00266671
-0.03303 0.390591 0.369021 0.00360107 0.00024853 -0.00273655
-0.0457616 0.137214 0.469245 0.00309805 5.901e-05 -0.00270597
-0.0284661 0.430404 0.424355 0.0025635 0.00052346 -0.00276886
-0.035263 0.339387 0.4012 0.00365283 0.00022643 -0.00279842
-0.039952 0.33046 0.45767 0.00259034 0.00019284 -0.00287051
-0.0374219 0.431721 0.391605 0.00350427 0.00045949 -0.00291838
-0.0425217 0.295833 0.438896 0.00444807 0.00039423 -0.00270475
-0.0328819 0.590064 0.373207 0.00463815 0.00047197 -0.00305569
-0.0341523 0.401454 0.47845 0.00289161 0.00060508 -0.00287368
-0.0474321 0.202073 0.57177 0.00576277 0.00049375 -0.00304551
-0.0391768 0.516528 0.497972 0.00600521 0.0006961 -0.00316399
-0.0408528 0.487596 0.496323 0.00632226 0.00074798 -0.00302572
-0.0587932 0.29513 0.716564 0.00479477 0.00093121 -0.00283402
-0.0486089 0.396028 0.628042 0.00649359 0.00035312 -0.00276438
-0.0442778 0.604183 0.600901 0.00631498 0.00086636 -0.0030752
-0.0500337 0.331842 0.691313 0.00645668 0.00076427 -0.00269604
-0.0337435 0.566824 0.607774 0.00598079 0.00128796 -0.00291907
-0.0436298 0.452017 0.591652 0.00710271 0.00062293 -0.00272683
-0.0303592 0.477698 0.522098 0.00718503 0.00072255 -0.00274804
-0.0324889 0.462996 0.599781 0.0066366 0.00092691 -0.00257679
-0.0314971 0.370803 0.639292 0.00509972 0.0010053 -0.0024864
-0.0298706 0.496294 0.514906 0.0065846 0.00092185 -0.00264085
-0.0352108 0.287294 0.584272 0.00646819 0.00081569 -0.00257621
-0.0392017 0.520403 0.554961 0.00685343 0.00057831 -0.00258606
-0.03616 0.439091 0.66317 0.00594525 0.0011876 -0.00260009
-0.0430101 0.290214 0.721691 0.00589485 0.00035138 -0.00259482
-0.0401868 0.553085 0.609196 0.00679391 0.00070861 -0.00301117
-0.117389 0.366691 0.865676 0.0077906 0.00142376 -0.0020881
-0.135569 0.459644 1.13845 0.0106834 0.00129118 -0.00169627
-0.0975923 0.901545 0.981049 0.0102799 0.00120185 -0.00226307
-0.0813324 0.854708 0.97183 0.0104546 0.00155455 -0.00227006
-0.0837438 0.755406 0.98424 0.0109314 0.00206932 -0.00232838
-0.0713937 0.795338 0.905589 0.0102363 0.00143718 -0.00214628
-0.0519122 0.573535 0.782439 0.00895993 0.00132912 -0.00211431
-0.0631204 0.291499 0.783379 0.00878634 0.00091912 -0.00193032
-0.0601882 0.34819 0.753192 0.00835251 7.503e-05 -0.00230181
-0.0562216 0.449447 0.754751 0.00811386 0.00045022 -0.00223909
-0.0741663 0.33105 0.776976 0.00966752 0.00092836 -0.00225057
-0.0744184 0.470425 0.800049 0.00961777 0.00143645 -0.00202586
-0.0636976 0.83194 0.746002 0.00943111 0.00128144 -0.00250218
-0.065037 0.629532 0.813723 0.00889187 0.00124355 -0.00254446
-0.0713384 0.560817 0.828642 0.0095645 0.00105665 -0.00258421
-0.0604879 0.82229 0.808874 0.00973457 0.00127744 -0.002548
-0.0581374 0.642186 0.783412 0.00982819 0.00108837 -0.00243888
-0.0838596 0.390741 0.867469 0.0104637 0.00196295 -0.00155437
0.139038 0.601381 0.716231 0.01104 0.00246188 0.00586159
0.242931 0.507723 0.654634 0.00920163 0.00393678 0.00845782
0.283579 0.322979 0.800015 0.00740354 0.00402948 0.00856215
0.231339 0.732763 0.6173 0.00855609 0.00320861 0.00782385
0.0382339 0.555612 0.676101 0.00770348 0.00244145 0.00453612
0.0704747 0.36939 0.772593 0.00713823 0.00276136 0.00416878
0.111955 0.565898 0.578787 0.00720485 0.00204781 0.00394318
0.0847356 0.53995 0.600478 0.00870936 0.00211679 0.00336815
-0.010273 0.391282 0.483842 0.00172343 0.0007248 0.00099218
-0.0177825 0.156044 0.624503 0.00352438 0.00037139 0.00051871
-0.00662668 0.433341 0.588293 0.00110393 0.00037139 0.00030604
-0.00350428 0.489441 0.506211 0.00305259 0.0006235 0.00044792
-0.00485021 0.39402 0.531767 0.00449308 0.00080079 0.00048446
-0.0138077 0.278208 0.607623 0.00572108 0.00058191 0.00063712
-0.0144031 0.396044 0.660021 0.00575644 0.00047309 0.00052728
-0.020228 0.577827 0.637361 0.00523715 0.00075343 0.00061211
-0.0248145 0.518173 0.647252 0.00535402 0.00075782 0.00051696
-0.0193005 0.525857 0.628577 0.00545527 0.00098052 0.00064109
