-0.0129862 0.0370734 0.0831863 0.0003335 0.00050849 -0.00014804
0.00616981 0.00367404 0.0841145 0.00109659 0.00037108 -0.00041926
-0.00115448 0.0818569 0.0819962 0.00077219 0.00036427 -0.00046483
0.00508607 0.00911061 0.0748031 0.00072677 0.00058096 -0.00055292
-0.0009582 0.11622 0.182301 -2.282e-05 0.00044091 -0.00042852
-0.00977251 0.0191472 0.132197 0.00046897 0.00064409 -0.00057
-0.0081182 0.0508651 0.124339 0.00092274 0.0008209 -0.0009327
-0.0147963 0.0423325 0.135035 0.00053458 0.00092589 -0.00102551
-0.016568 0.0445012 0.144091 0.00078545 0.00097194 -0.00112776
-0.0286872 0.0775394 0.103791 0.00116106 0.00043152 -0.00128944
-0.0204441 0.0274093 0.117999 0.00093625 0.00093164 -0.00106449
-0.0301466 0.181584 0.200875 -4.174e-05 0 -0.00106449
-0.0325266 0.0301574 0.139528 0.00096431 0.00021049 -0.00106449
-0.0183575 0.0158046 0.133319 0.00112619 0.0006673 -0.00106449
-0.0193161 0.163231 0.217509 -7.356e-05 0 -0.00106449
-0.0120864 0.0302163 0.136695 0.00104351 0.00091314 -0.00106449
-0.0185801 0.0484534 0.170784 0.00043198 0.00088651 -0.00150496
-0.0158941 0.116942 0.203185 6.568e-05 0.0005264 -0.00106449
-0.00964002 0.0321728 0.163171 -8.131e-05 0.00137075 -0.001284
-0.0060336 0.119489 0.242053 -0.00114895 0.00091296 -0.00136835
0.0115335 0.0467106 0.133603 0.0010148 0.00117346 -0.00134531
0.00423869 0.128944 0.191184 0.00064303 0.00103639 -0.00142103
-0.0142013 0.0670786 0.174738 0.00063431 0.00126055 -0.00155281
0.00122745 0.0704573 0.155097 0.00105654 0.00148769 -0.00159242
0.00125587 0.126141 0.17824 0.00167594 0.0011193 -0.00139067
0.024228 0.0156807 0.160831 0.0010373 0.00172573 -0.00106449
0.0137193 0.113583 0.203308 0.00045405 0.00127903 -0.00127103
0.0197693 0.0318838 0.166876 0.00083286 0.00158072 -0.00106449
0.0167628 0.0993883 0.189582 0.00063402 0.00148837 -0.00137305
0.0364692 0.0388691 0.172187 0.00084258 0.00191452 -0.0014674
0.0102198 0.124213 0.196092 0.00073197 0.00129338 -0.00152823
0.0122048 0.0394605 0.140299 0.00128392 0.00183292 -0.00144582
0.00815193 0.0894401 0.148439 0.00147271 0.0013225 -0.00146394
0.0303046 0.050582 0.159203 0.00098791 0.0014852 -0.00150553
0.0213792 0.12967 0.224769 -5.68e-06 0.0009378 -0.00106449
0.0423606 -0.00214977 0.170392 0.00097978 0.00205512 -0.00124765
0.0262995 0.0691922 0.183618 2.764e-05 0.0016939 -0.00136468
0.0478738 0.013486 0.137679 0.00099171 0.00206827 -0.00106449
0.0323695 0.072988 0.223544 -0.00073015 0.00215738 -0.00129235
0.0437188 0.0168549 0.148696 0.00125081 0.00210785 -0.00151494
0.0317814 0.119533 0.151747 0.00139292 0.0015656 -0.00161127
0.0447764 0.044979 0.155558 0.00082544 0.00219325 -0.00151494
0.0302143 0.135955 0.183552 0.00128645 0.00145207 -0.00146443
0.0343711 -0.00759941 0.157635 0.00152454 0.00173986 -0.00151494
0.0270611 0.12066 0.243517 0.0005488 0.00152339 -0.00151494
0.0197222 0.0151292 0.223503 0.00031824 0.00176626 -0.00120116
0.032199 0.0229783 0.15587 0.00192658 0.00177431 -0.00151494
0.0282519 0.029541 0.183423 0.00118041 0.00205505 -0.00151494
0.0223823 0.0565375 0.207106 0.00128694 0.00192131 -0.00151494
0.0149154 0.0456963 0.195474 0.00145626 0.00182318 -0.00151494
0.0136659 0.0537743 0.190283 0.00138422 0.00186845 -0.0017109
0.00800149 0.0810271 0.215598 0.00112057 0.00162041 -0.00177835
0.00857583 0.00817315 0.190349 0.00192907 0.00173081 -0.00180797
0.00945658 0.100331 0.250806 0.00086385 0.00156538 -0.00189258
0.00321295 -0.00919144 0.219841 0.00099145 0.00249497 -0.00181197
0.00376149 0.100598 0.267912 0.00071945 0.00167485 -0.00173651
0.00720093 -0.00313799 0.20588 0.00163762 0.00191313 -0.00174992
0.00996311 0.0313048 0.24642 0.00059076 0.00225333 -0.00192521
0.0223647 0.0370846 0.224599 0.00180435 0.00249513 -0.00151494
0.0182653 0.133118 0.308856 0.00111939 0.00219576 -0.00170117
0.0140099 0.0414668 0.271948 0.00165805 0.00222575 -0.00175745
0.014733 0.0528679 0.250165 0.00274302 0.00216586 -0.00167802
0.00867441 0.0439989 0.308588 0.00101686 0.00229102 -0.00164908
0.0169024 0.0210837 0.270574 0.00204944 0.00279543 -0.00200968
0.0190428 0.0477859 0.277618 0.00221662 0.00250336 -0.00200968
0.0385551 0.0243321 0.222165 0.00305446 0.00265615 -0.00200968
0.0202644 0.089261 0.294485 0.00211683 0.00225813 -0.00174485
0.0295038 0.0148822 0.261019 0.00255846 0.00243722 -0.00190337
0.0188068 0.0817809 0.304433 0.00184967 0.00228402 -0.00188522
0.0255162 0.00298833 0.273755 0.00241854 0.00271367 -0.00190102
0.0298335 0.0900546 0.303577 0.00199114 0.00218345 -0.00181208
0.0344538 0.00264976 0.252508 0.00243184 0.00199557 -0.00166548
0.0248186 0.0804684 0.308716 0.00133153 0.00172013 -0.00172852
0.0322768 -0.0191049 0.24876 0.00264199 0.00185731 -0.00183802
0.0203326 0.0926863 0.334305 0.00071644 0.00151049 -0.00177671
0.0213845 -0.0062859 0.268651 0.00227636 0.00185514 -0.00155808
0.0182775 0.0464338 0.293806 0.00240752 0.00210969 -0.00161266
0.0237285 0.0274816 0.270019 0.00226881 0.00195002 -0.00164689
0.0232523 0.0592727 0.288106 0.00216077 0.00205714 -0.00165653
0.0218702 0.0308966 0.269965 0.00195521 0.00184829 -0.00163224
0.00972978 0.123535 0.326213 0.00208919 0.00133046 -0.00187673
0.0109688 0.0177669 0.3076 0.00215647 0.00159921 -0.00156492
0.00200643 0.0209056 0.302899 0.00274171 0.00182184 -0.00200968
-0.00486297 0.0689704 0.338954 0.00242092 0.00087911 -0.00189316
-0.00648024 -0.0168843 0.313978 0.0029243 0.00193188 -0.00200968
-0.008524 0.0740973 0.354174 0.00260635 0.00146444 -0.00195863
0.00182467 -0.00841976 0.357175 0.00227321 0.00246825 -0.00166323
0.00490023 0.0587688 0.340066 0.00302759 0.00214586 -0.00187005
0.0161276 0.0279942 0.342038 0.00313419 0.00222874 -0.00192037
0.00752432 0.0620975 0.36335 0.00300692 0.00232272 -0.00194936
0.00234055 0.0691613 0.408897 0.00164697 0.00192317 -0.00200968
0.00315368 0.0261233 0.336326 0.00312139 0.00180413 -0.00200968
-0.0126067 0.068717 0.395989 0.00292095 0.00132873 -0.00200968
-0.00661531 -0.0260236 0.32221 0.00385528 0.00117982 -0.00226039
-0.0136446 0.0968985 0.44207 0.00235126 0.00070095 -0.00200968
0.0016076 -0.0288459 0.395439 0.00282738 0.00143048 -0.00231089
-0.00202452 0.0654599 0.432484 0.00282821 0.00116984 -0.00229508
0.00151429 0.0125412 0.39108 0.00361191 0.00168054 -0.0023716
-0.00579019 0.10345 0.497155 0.00133044 0.00132489 -0.00220394
-0.0169454 0.0261282 0.407417 0.00352704 0.00146493 -0.00242948
-0.0204289 0.111831 0.422164 0.00382745 0.00110776 -0.00254303
-0.0170712 0.0152109 0.409134 0.00337986 0.00112142 -0.00254303
-0.0349259 0.131543 0.501289 0.00295035 0.00033766 -0.00254303
-0.0174907 0.00264714 0.416196 0.00462139 0.0008648 -0.00241999
-0.0128842 0.0424959 0.481527 0.00302959 0.00121309 -0.00254303
-0.00984296 0.0633748 0.458711 0.0049228 0.00145313 -0.00259621
0.00365357 0.014182 0.472097 0.00340309 0.00211306 -0.00285913
0.00821558 0.0635073 0.471755 0.00406787 0.00143533 -0.00254685
0.00665408 0.044525 0.486421 0.00363926 0.0013272 -0.00262924
-0.00255433 0.08702 0.528915 0.0049817 0.00146064 -0.0026732
-0.0164497 0.0553029 0.517997 0.00485696 0.00176362 -0.00280059
0.00315039 0.0364073 0.465508 0.00456506 0.00086889 -0.00252679
-0.01851 0.0884388 0.553232 0.00421655 0.00059193 -0.00276206
-0.0326952 0.0579537 0.544391 0.0065986 0.00026696 -0.00285772
-0.018288 -0.00372004 0.546703 0.00545989 0.00122521 -0.00316165
-0.0361423 0.111497 0.553257 0.00596015 0.00051046 -0.00287341
-0.0182474 -0.0100956 0.501623 0.0046344 0.00101872 -0.00297266
-0.0301359 0.144806 0.642439 0.00525691 0.00026696 -0.00281943
-0.0152374 0.0279935 0.536735 0.00545407 0.00126102 -0.00284999
-0.0264229 0.1379 0.615437 0.00510959 0.00032866 -0.00290619
-0.0281909 0.0626236 0.510771 0.00487307 0.00026696 -0.00288519
-0.0346824 0.0786143 0.528198 0.00599505 0.00064076 -0.00314877
-0.0503468 0.113287 0.607041 0.00514541 -4.905e-05 -0.00317863
-0.0290554 0.0305272 0.517027 0.00560477 0.00040867 -0.0032858
-0.0556124 0.126787 0.696159 0.00340199 -0.00074239 -0.00322543
-0.0535825 -0.00982406 0.545984 0.00609177 0.00026686 -0.00353482
-0.0720462 0.0958801 0.566913 0.00576226 2.918e-05 -0.00377631
-0.0696419 0.087887 0.561354 0.00583494 -0.00039436 -0.00345478
-0.0650856 0.00044714 0.544492 0.0062997 0.00015926 -0.00366948
-0.0722165 0.109749 0.580794 0.00698883 -0.00047482 -0.00355493
-0.0687477 0.00567697 0.570426 0.00623151 0.00012478 -0.00394567
-0.084623 0.097663 0.589836 0.00567706 -0.00038313 -0.00400367
-0.0701961 0.0756981 0.53052 0.00531245 -0.00039435 -0.00385335
-0.0749278 0.13469 0.603043 0.00560393 -0.00126224 -0.00387735
-0.0779234 -0.00016046 0.546632 0.00593768 -0.0006628 -0.00416148
-0.0921073 0.115995 0.640592 0.0049957 -0.00114002 -0.00422931
-0.0750405 0.00940377 0.598428 0.00463929 -0.00053425 -0.00405132
-0.0800498 0.034944 0.604829 0.00630973 -0.00053425 -0.00410397
-0.0737167 0.053979 0.69098 0.00464689 -0.00087488 -0.00387453
-0.0746577 0.0302137 0.634222 0.00603235 -8.238e-05 -0.00413849
-0.0960432 0.134313 0.731127 0.00488424 -0.00182522 -0.00406793
-0.0911395 0.019757 0.615242 0.00703038 -0.00073217 -0.00401599
-0.107965 0.131196 0.718853 0.00573394 -0.00139141 -0.00410854
-0.101671 0.0214822 0.673641 0.00586535 -0.00081925 -0.00443968
-0.109317 0.0977313 0.693812 0.00577215 -0.00081263 -0.00451811
-0.0802064 0.0602649 0.680858 0.00589029 -0.00086378 -0.00398181
-0.0757612 0.0557946 0.698376 0.00611299 -0.00058316 -0.00407553
-0.0687446 0.0614018 0.677681 0.00684286 -0.00071953 -0.00394851
-0.075628 0.0762191 0.758815 0.00518915 -0.00081263 -0.00403581
-0.0732491 0.0446159 0.683937 0.00694603 -0.00092495 -0.00407803
-0.0860125 0.0824819 0.679911 0.00737192 -0.00100234 -0.00387273
-0.0602437 0.0631238 0.657389 0.00712192 -0.00136197 -0.00345806
-0.0837814 0.141169 0.737902 0.00663161 -0.00216151 -0.00370527
-0.0786945 -0.016972 0.641141 0.00718012 -0.00130716 -0.00391735
-0.0895742 0.14981 0.720913 0.00701897 -0.00215417 -0.00368312
-0.0760885 0.0170971 0.682025 0.0068623 -0.00122703 -0.00378939
-0.0603331 0.0815402 0.69292 0.0069397 -0.00138947 -0.00368206
-0.0578445 0.157336 0.744689 0.00629927 -0.00228672 -0.0034189
-0.0467836 0.0230441 0.672458 0.00725201 -0.00119288 -0.00346401
-0.0702054 0.119918 0.761242 0.00622267 -0.00174916 -0.00365608
-0.0588542 0.0422343 0.707502 0.00726613 -0.00140143 -0.00380942
-0.0718356 0.117269 0.692463 0.00738114 -0.00144064 -0.00371133
-0.0345143 0.0552686 0.679391 0.00635009 -0.00113354 -0.00322946
-0.0575761 0.167694 0.784934 0.00586793 -0.00276335 -0.0034723
-0.0543084 0.00631322 0.691365 0.00723976 -0.00192566 -0.00342001
-0.0584743 0.129162 0.769812 0.00596132 -0.00223459 -0.00339006
-0.0397098 0.0309431 0.673409 0.00738893 -0.001569 -0.00339509
-0.0402983 0.0839551 0.724996 0.00641728 -0.0015926 -0.00339613
-0.0324938 0.0513167 0.70851 0.00697586 -0.00159455 -0.00326093
-0.0320893 0.118799 0.768477 0.00640088 -0.00168798 -0.0032633
-0.0488 0.0823369 0.736345 0.00669922 -0.00189558 -0.00333254
-0.0376272 0.1093 0.743325 0.00638146 -0.00210324 -0.00288187
-0.0291533 0.0921724 0.670951 0.0068644 -0.00223459 -0.00256937
-0.0321766 0.165712 0.821628 0.00433223 -0.00293207 -0.00269857
-0.0257315 0.0520133 0.760806 0.00593721 -0.00250239 -0.00261953
-0.0188095 0.0772147 0.800826 0.00503272 -0.00158274 -0.00257574
-0.0243781 0.143549 0.804845 0.00551588 -0.00250239 -0.00269857
-0.00668584 0.0465163 0.737242 0.00664515 -0.00158938 -0.00269857
-0.0132376 0.170884 0.833866 0.00513023 -0.00216514 -0.00237918
-0.0195212 0.054474 0.765144 0.00621976 -0.00163877 -0.00269857
-0.0302981 0.124347 0.820603 0.00551291 -0.00197865 -0.00279401
-0.0217703 0.0845173 0.692551 0.00768215 -0.00173656 -0.00269857
-0.0310494 0.186088 0.821864 0.00427717 -0.00275558 -0.00269857
-0.0203337 0.0285957 0.729436 0.00656601 -0.00215793 -0.00258766
-0.0287152 0.155711 0.741312 0.00706054 -0.00236712 -0.00269857
-0.0141234 0.0757731 0.783716 0.00529646 -0.00249246 -0.00248814
-0.0186316 0.0762998 0.755941 0.00609564 -0.00163817 -0.00286029
-0.00715236 0.107056 0.754559 0.00654308 -0.00196241 -0.00278876
-0.0070296 0.0998253 0.75057 0.00653478 -0.00152579 -0.00280255
-0.0129688 0.118742 0.788987 0.00661159 -0.00160019 -0.00286623
-0.0212141 0.130611 0.776211 0.0076503 -0.00199012 -0.00289395
-0.00542315 0.0818652 0.795795 0.00519108 -0.0021263 -0.00251836
-0.0172987 0.230874 0.866127 0.00514578 -0.00349246 -0.00230726
-0.0150711 0.0521189 0.810318 0.00612492 -0.002639 -0.00245731
-0.0125258 0.133179 0.788239 0.0069645 -0.00198993 -0.00255786
-0.017748 0.174588 0.793862 0.0055369 -0.00312602 -0.00225756
-0.0165597 0.0594695 0.767925 0.00640768 -0.0022725 -0.00244375
-0.0226536 0.152665 0.833861 0.00568041 -0.00249806 -0.00263517
-0.0225416 0.0910942 0.762664 0.00741952 -0.00194807 -0.00267548
-0.0300342 0.181446 0.852561 0.00576406 -0.00255022 -0.00263402
-0.0277464 0.0934043 0.832655 0.0063323 -0.00174683 -0.00306239
-0.0315566 0.156107 0.86436 0.00602561 -0.00256779 -0.00282431
-0.0220755 0.111904 0.833362 0.00601987 -0.00206101 -0.0025936
-0.0339205 0.175332 0.888346 0.00545809 -0.00299893 -0.00261624
-0.0289539 0.0408775 0.794823 0.00645614 -0.0023245 -0.00289816
-0.0431808 0.15927 0.856644 0.006062 -0.00290707 -0.00276339
-0.0284231 0.064318 0.738839 0.00700487 -0.00170597 -0.00295924
-0.0276297 0.138262 0.824139 0.00591831 -0.00242195 -0.00293218
-0.0135192 0.123924 0.791442 0.00652276 -0.00262434 -0.00252859
-0.00766391 0.148565 0.783675 0.00679709 -0.00210745 -0.00247946
-0.0147197 0.206901 0.889175 0.00484005 -0.00331249 -0.00236051
-0.00431492 0.0834586 0.764529 0.00647618 -0.00164092 -0.00248538
-0.00639162 0.240942 0.875475 0.00574554 -0.00278989 -0.00221474
-0.0148275 0.134114 0.723674 0.00768694 -0.00213846 -0.00276226
-0.0227195 0.109723 0.806493 0.00636226 -0.00195107 -0.00288671
-0.0310026 0.130336 0.846749 0.00630101 -0.00213846 -0.00292426
-0.0306852 0.117598 0.784494 0.00695999 -0.00104011 -0.00318003
-0.0461338 0.124609 0.835063 0.00613766 -0.00151206 -0.00340492
-0.0584509 0.187615 0.877612 0.00553741 -0.00196705 -0.00357885
-0.0548112 0.128951 0.862263 0.00602328 -0.0016645 -0.00363136
-0.0483575 0.154741 0.877141 0.00566292 -0.0016645 -0.00363633
-0.0616408 0.170473 0.886069 0.00591703 -0.00221156 -0.00350178
-0.0550271 0.109368 0.847567 0.00615124 -0.00159849 -0.00349105
-0.0530186 0.19808 0.911008 0.00541023 -0.00239726 -0.00347455
-0.0504108 0.175682 0.947535 0.00508052 -0.00338608 -0.0031841
-0.0572874 0.0751962 0.88758 0.00583422 -0.00227011 -0.00353738
-0.061678 0.16204 0.943955 0.00526163 -0.00229645 -0.00350104
-0.0554635 0.118062 0.916177 0.00587615 -0.00245167 -0.00372919
-0.0597836 0.199467 0.935452 0.00533657 -0.0027311 -0.0035902
-0.0454704 0.147275 0.859069 0.00725797 -0.0022712 -0.00366365
-0.0365123 0.123115 0.885871 0.00637496 -0.00225474 -0.00335989
-0.0401376 0.203387 0.937988 0.00572324 -0.00310964 -0.00322621
-0.0356721 0.0775442 0.876969 0.00646893 -0.00209765 -0.00319926
-0.0429485 0.229123 0.958008 0.00522183 -0.00306861 -0.00293825
-0.0423654 0.0724907 0.91031 0.00618831 -0.00246135 -0.0030408
-0.0609539 0.171146 0.93384 0.00560936 -0.00267046 -0.00311649
-0.0486405 0.0841892 0.815295 0.00774464 -0.0020928 -0.00328835
-0.0624706 0.202821 0.883153 0.0071398 -0.00258353 -0.00324886
-0.0641373 0.0854929 0.877905 0.00643112 -0.00218769 -0.00351509
-0.0719118 0.178568 0.93255 0.00532089 -0.00220394 -0.0037159
-0.063251 0.132873 0.901545 0.00592633 -0.00237285 -0.00335682
-0.0571486 0.107978 0.922603 0.00525118 -0.00181485 -0.00335865
-0.0524801 0.159543 0.902572 0.00619325 -0.00256965 -0.00330492
-0.0395625 0.138187 0.83372 0.00796538 -0.00174161 -0.00344866
-0.0474153 0.174217 0.919861 0.00586477 -0.00236286 -0.00341303
-0.0523961 0.0922925 0.884279 0.00629091 -0.00196097 -0.0035611
-0.0684537 0.258493 1.01638 0.00514155 -0.00328801 -0.00322573
-0.0647178 0.082977 0.970048 0.00568577 -0.00248822 -0.00331155
-0.0792595 0.164506 0.925048 0.00783373 -0.0022825 -0.00350712
-0.0728402 0.157015 0.991051 0.00594482 -0.00315373 -0.00332766
-0.075167 0.070623 0.938306 0.00680331 -0.00257374 -0.00363152
-0.0844127 0.148831 0.940798 0.00673521 -0.00239966 -0.0038939
-0.0793521 0.119682 0.915225 0.00702611 -0.0021257 -0.00407749
-0.077703 0.173421 0.955641 0.00638775 -0.00249687 -0.00379828
-0.0652316 0.110308 0.936107 0.00644132 -0.00239226 -0.00378366
-0.0560754 0.15073 0.883955 0.00731179 -0.00236318 -0.0035274
-0.0543963 0.199925 0.983599 0.00537498 -0.0030618 -0.00331167
-0.080568 0.151901 1.00729 0.00494669 -0.00395953 -0.00356602
-0.0705841 0.0879085 0.924159 0.00710361 -0.00316816 -0.00340852
-0.0707151 0.231688 1.0546 0.00536962 -0.00414365 -0.00310288
-0.0678315 0.0737305 0.983247 0.00618217 -0.00339141 -0.00339872
-0.0694972 0.182634 1.00478 0.00568971 -0.00341768 -0.00332991
-0.0811433 0.146633 0.973941 0.00627995 -0.00312285 -0.00356602
-0.0709619 0.165099 1.00481 0.00612687 -0.00294761 -0.00356602
-0.0740778 0.190288 1.00217 0.00612786 -0.00312285 -0.00356602
-0.0611994 0.1762 0.998691 0.00562103 -0.00354781 -0.00321994
-0.070251 0.160916 0.963497 0.00620113 -0.00336831 -0.00356602
-0.063529 0.14754 0.949603 0.00661648 -0.0030007 -0.00335087
-0.066182 0.173261 0.986812 0.00634442 -0.00349932 -0.00323481
-0.0529227 0.11284 0.979099 0.00634442 -0.00277599 -0.00328096
-0.0542895 0.175556 1.01134 0.0063006 -0.0030496 -0.00310588
-0.0540663 0.113197 0.979943 0.00656185 -0.00261711 -0.00329714
-0.0621357 0.182286 1.02566 0.0064716 -0.0030496 -0.00336573
-0.0550787 0.10585 0.995244 0.00685966 -0.00258654 -0.00323602
-0.053553 0.268179 0.992216 0.00704734 -0.00353002 -0.00270567
-0.0536316 0.12281 0.964032 0.00677124 -0.00297285 -0.00293709
-0.0540726 0.223187 1.02729 0.00615497 -0.00347892 -0.0029717
-0.0609431 0.15346 0.997254 0.00615825 -0.00339043 -0.00304826
-0.0446648 0.145843 0.938701 0.00703007 -0.00258782 -0.0030169
-0.0519555 0.242112 1.03029 0.00544116 -0.00380314 -0.00251576
-0.0363403 0.107282 0.944662 0.00558867 -0.00229164 -0.00307856
-0.0250275 0.252388 0.950291 0.00617099 -0.00345366 -0.00203949
0.00152363 0.150231 0.88624 0.00692121 -0.00280917 -0.00232543
-0.020022 0.228498 0.973181 0.00628286 -0.00284446 -0.00253413
-0.0268261 0.181037 0.957814 0.00650439 -0.0028296 -0.00262139
-0.0267515 0.229241 1.0201 0.00519042 -0.00345366 -0.00253413
-0.0287049 0.154704 0.971033 0.00588941 -0.00252882 -0.00293506
-0.0297982 0.145326 1.02363 0.00432195 -0.0019894 -0.00329439
-0.0351539 0.24079 0.980925 0.00644369 -0.00312304 -0.00252525
-0.0361284 0.13033 0.997263 0.00626582 -0.00275682 -0.00286304
-0.0533906 0.253475 1.07082 0.00513871 -0.00378102 -0.00292095
-0.0550348 0.120349 0.977453 0.00629924 -0.00331779 -0.00321854
-0.0612299 0.224039 1.02944 0.00553639 -0.00338483 -0.00307297
-0.0535481 0.147803 0.987718 0.0061025 -0.00277506 -0.00321854
-0.0631386 0.202555 1.0105 0.00561484 -0.00246351 -0.00353831
-0.0645243 0.183686 0.955509 0.00696526 -0.00271205 -0.00342481
-0.0532467 0.250887 1.04565 0.00475429 -0.00411845 -0.00283945
-0.0543111 0.15863 0.953586 0.00656239 -0.00320751 -0.00322748
-0.0505382 0.161048 1.01378 0.00425588 -0.00320751 -0.00336666
-0.0478416 0.205269 1.00104 0.00582147 -0.00371578 -0.0028194
-0.0227006 0.0972995 0.953085 0.00494476 -0.00273397 -0.00274479
-0.0497898 0.204134 0.990876 0.00454022 -0.00330842 -0.00281082
-0.0495534 0.118888 0.916888 0.00590312 -0.00258379 -0.0032758
-0.0600622 0.233509 0.955409 0.00602199 -0.00279268 -0.00331455
-0.0627343 0.146643 0.989193 0.00499813 -0.00305784 -0.00325638
-0.0606227 0.233033 1.0071 0.00520463 -0.00355916 -0.00298799
-0.0617077 0.136338 0.941659 0.00548487 -0.00311845 -0.0033719
-0.0792443 0.187321 1.02735 0.00483908 -0.00372183 -0.00361971
-0.084969 0.145076 0.972752 0.00588529 -0.00372183 -0.0036958
-0.0855252 0.159884 0.93924 0.00574993 -0.00403654 -0.00356445
-0.0906207 0.243418 1.02141 0.00429947 -0.00477722 -0.00331348
-0.083598 0.11926 0.95462 0.00549345 -0.00373708 -0.00367989
-0.0953031 0.247362 1.01601 0.0053268 -0.00435085 -0.00348635
-0.0799944 0.144194 0.987272 0.0057566 -0.00358299 -0.00375174
-0.0685703 0.222084 1.02731 0.00589412 -0.00367242 -0.00338174
-0.0809266 0.166623 0.963713 0.0069149 -0.00315056 -0.00382798
-0.0829629 0.269031 1.05296 0.00499341 -0.00422068 -0.0034335
-0.0914453 0.170797 0.93208 0.00766486 -0.00414578 -0.00391067
-0.0837437 0.201131 1.04046 0.00591272 -0.00463047 -0.00393438
-0.0874488 0.205773 0.997913 0.00808495 -0.00479102 -0.00369658
-0.0982426 0.11201 1.01849 0.00632776 -0.00415657 -0.00410606
-0.104969 0.262691 1.11962 0.00445962 -0.00525615 -0.00389987
-0.104777 0.125668 1.02458 0.00656172 -0.00425812 -0.00410606
-0.0966341 0.259941 1.13625 0.00467737 -0.00551677 -0.00387375
-0.100908 0.142096 1.07035 0.00668328 -0.00472255 -0.00410606
-0.103821 0.240118 1.07841 0.00590222 -0.00490142 -0.00410606
-0.0874707 0.188018 0.980679 0.00621897 -0.00468245 -0.00373971
-0.100949 0.313858 1.09517 0.00625428 -0.00574102 -0.00377103
-0.106654 0.123142 1.08639 0.00586028 -0.0047067 -0.00417428
-0.102181 0.2462 1.12323 0.00622546 -0.00525615 -0.00383995
-0.108793 0.1627 1.13764 0.00571438 -0.00519433 -0.00409668
-0.103261 0.191265 1.11303 0.00672591 -0.00490597 -0.0040596
-0.100851 0.216352 1.12463 0.00657056 -0.00529468 -0.00403555
-0.0961044 0.186993 1.09593 0.00652915 -0.00534032 -0.00421724
-0.0893134 0.281486 1.17075 0.00496934 -0.00603448 -0.00374865
-0.0859796 0.187806 1.06208 0.00792808 -0.00528638 -0.00374865
-0.11463 0.316211 1.21906 0.00504876 -0.0067365 -0.00427053
-0.109157 0.150027 1.13453 0.00580236 -0.00631668 -0.00427053
-0.118511 0.272147 1.09581 0.00495997 -0.00640091 -0.00427053
-0.117883 0.191008 1.00557 0.00728554 -0.00555383 -0.00427053
-0.132089 0.260778 1.15911 0.0024906 -0.0059148 -0.0041077
-0.132456 0.250631 1.09939 0.00441345 -0.00636367 -0.00373177
-0.12907 0.212903 1.11325 0.00472888 -0.00543427 -0.00372636
-0.134794 0.287362 1.16193 0.00241636 -0.00540911 -0.00373699
-0.132912 0.192226 1.1297 0.00528019 -0.00626555 -0.00407314
-0.137513 0.273153 1.19657 0.00350104 -0.00668558 -0.00412786
-0.129619 0.196522 1.13033 0.00308098 -0.00570595 -0.00396959
-0.127672 0.313889 1.12625 0.00470574 -0.00717832 -0.00385353
-0.128949 0.154185 1.04657 0.00575213 -0.0062652 -0.00414322
-0.145279 0.26903 1.10567 0.00517727 -0.00652403 -0.00417394
-0.131397 0.18922 1.06607 0.00593161 -0.00673228 -0.00404599
-0.146332 0.250852 1.1727 0.00368695 -0.00644371 -0.0043052
-0.147156 0.185595 1.10624 0.00483661 -0.00517196 -0.00447442
-0.136076 0.282959 1.12614 0.00561106 -0.00569092 -0.00386333
-0.131366 0.224348 1.13057 0.00540467 -0.00568206 -0.00372362
-0.121376 0.308285 1.15805 0.00515573 -0.00726946 -0.00330114
-0.117349 0.227632 1.08099 0.00495681 -0.00651754 -0.00337514
-0.124152 0.332105 1.17284 0.00238069 -0.00714863 -0.00299467
-0.111745 0.205234 1.0466 0.00539618 -0.00737224 -0.00312086
-0.128205 0.278781 1.16753 0.00351565 -0.00651272 -0.00310341
-0.140875 0.213152 1.15668 0.00463508 -0.00618526 -0.00366817
-0.143213 0.273082 1.17729 0.0051077 -0.00650959 -0.00396921
-0.163496 0.251922 1.19344 0.00464158 -0.00646566 -0.00396921
-0.162008 0.285343 1.20967 0.00479659 -0.00643687 -0.00396921
-0.151933 0.283152 1.17226 0.00578901 -0.0078189 -0.00376439
-0.171868 0.304078 1.20605 0.00496022 -0.00835643 -0.00396921
-0.159674 0.312036 1.21787 0.00383447 -0.00773233 -0.00348636
-0.166005 0.155222 1.15807 0.00535224 -0.00691797 -0.00423273
-0.163322 0.320892 1.2076 0.00406891 -0.00769317 -0.00375585
-0.188078 0.237661 1.18216 0.00470374 -0.00799426 -0.00416784
-0.177456 0.199113 1.1935 0.00457384 -0.0064413 -0.00445133
-0.19176 0.332558 1.20931 0.00468416 -0.00805064 -0.00400647
-0.186891 0.191286 1.17675 0.00560876 -0.00698412 -0.00462277
-0.217306 0.357913 1.25288 0.00424585 -0.00772229 -0.00448242
-0.219918 0.248659 1.22868 0.00466364 -0.0075893 -0.00452501
-0.19939 0.325759 1.18868 0.00615194 -0.00807071 -0.00420805
-0.207034 0.250667 1.21262 0.00465313 -0.00774867 -0.00441506
-0.20305 0.20676 1.22802 0.00518801 -0.00726638 -0.00441706
-0.202959 0.282471 1.22863 0.00491012 -0.00735122 -0.00438902
-0.172044 0.201045 1.16791 0.00540204 -0.00678055 -0.00450325
-0.176453 0.290114 1.28236 0.00322327 -0.00705523 -0.00386355
-0.178567 0.24845 1.24975 0.00366315 -0.00735216 -0.00414748
-0.181009 0.275986 1.25229 0.00432246 -0.00755406 -0.00365737
-0.183332 0.260192 1.21468 0.00610502 -0.00688836 -0.00365737
-0.193973 0.310735 1.22229 0.00487308 -0.00813035 -0.00386771
-0.191581 0.196818 1.19206 0.00525799 -0.00765473 -0.00418375
-0.195542 0.355829 1.27499 0.00351812 -0.00832406 -0.00373674
-0.186043 0.162902 1.21572 0.00396512 -0.00721759 -0.00394968
-0.212267 0.30052 1.24297 0.00483469 -0.00786475 -0.00446215
-0.220044 0.269648 1.24915 0.00453824 -0.00770561 -0.00438689
-0.210101 0.250801 1.23446 0.00504604 -0.00752835 -0.00436544
-0.209797 0.292245 1.23886 0.0044421 -0.00765381 -0.00423015
-0.23035 0.282633 1.25864 0.00463959 -0.00764183 -0.00453396
-0.210737 0.314862 1.29965 0.00261557 -0.00810767 -0.00387397
-0.197566 0.274095 1.23767 0.0044214 -0.00892754 -0.00419217
-0.20847 0.294597 1.26879 0.00331376 -0.00816326 -0.00399005
-0.204936 0.194519 1.21018 0.00540782 -0.00748755 -0.00441724
-0.20825 0.287902 1.29663 0.00364165 -0.00797699 -0.0041955
-0.21327 0.264625 1.21958 0.00528228 -0.00837563 -0.00416049
-0.21041 0.358339 1.31881 0.00296848 -0.00847653 -0.00368656
-0.213492 0.287782 1.3209 0.00291916 -0.00829681 -0.00385445
-0.195431 0.273268 1.24307 0.00491667 -0.00879384 -0.00388451
-0.21528 0.506069 1.4379 0.00097419 -0.00970533 -0.00347457
-0.168409 0.385988 1.27561 0.00107078 -0.0112997 -0.00198265
-0.138608 0.213625 1.17278 0.00225405 -0.0100857 -0.00168414
-0.124116 0.250062 1.12407 0.00214275 -0.0107107 -0.00109203
-0.0977593 0.269185 1.06641 0.00219549 -0.00933716 -0.00113066
-0.092794 0.376979 1.09795 0.00316716 -0.0091313 -0.00088484
-0.0889937 0.454213 1.14461 0.00277048 -0.0102663 -0.00030688
-0.0895024 0.312871 1.07479 0.00352312 -0.00835106 -0.00044733
-0.0959262 0.400383 1.20238 0.00143788 -0.00917065 -0.00070894
-0.0959745 0.37729 1.13954 0.00382787 -0.00889743 -0.0007715
-0.0548939 0.333015 1.1003 0.00326957 -0.00715692 -0.00070894
-0.0132361 0.396239 1.19988 -0.00027476 -0.00504144 -0.00070894
0.109434 0.234093 1.08677 -0.00099033 -0.00125459 0.00201614
0.121481 0.212843 1.25433 -0.00501399 -0.00498811 0.00242824
0.119349 0.376929 1.06135 -0.00529303 -0.00584942 0.00082668
0.133123 0.475405 0.888279 -0.00498564 -0.0059408 0.00094166
0.143867 0.735902 0.851088 -0.0062244 -0.00677836 0.00065606
0.0700782 0.699139 0.855721 -0.00831847 -0.00626246 0.00049449
0.0531681 0.606011 0.733275 -0.00649343 -0.00594036 0.00195525
0.10221 0.436739 0.771116 -0.00803066 -0.00565991 0.00313527
0.0980044 0.474791 0.847819 -0.00747316 -0.0042226 0.00365735
0.120504 0.401023 0.849766 -0.0080143 -0.00311432 0.00413068
0.103072 0.499424 0.999757 -0.0127867 -0.00478901 0.00495795
0.116601 0.471942 0.855955 -0.0109639 -0.00477272 0.00631977
0.0718206 0.471789 0.737599 -0.00978797 -0.00315605 0.00599585
0.0844836 0.714022 0.952878 -0.0135425 -0.0036768 0.0063418
0.08561 0.539915 0.679262 -0.0100319 -0.00223367 0.00637743
0.0789301 0.61892 0.726089 -0.0114695 -0.00164338 0.0062336
0.0763971 0.759157 0.8387 -0.012281 -0.00245918 0.00659315
0.0741529 0.587293 0.68123 -0.0102543 -0.00135555 0.00646966
0.068581 0.668723 0.856588 -0.014042 -0.00182245 0.00624722
0.0652841 0.615296 0.810005 -0.0121086 -0.00183906 0.0064079
0.0592847 0.536117 0.830242 -0.0112932 -0.00173724 0.00586399
0.0173095 0.567795 0.924907 -0.010801 -0.00193462 0.00473132
0.00091131 0.39225 0.871553 -0.00830024 -0.00106081 0.0038605
-0.0193445 0.435427 0.893143 -0.00738723 -0.00057218 0.00334112
-0.0238743 0.40678 0.876202 -0.00711188 -2.816e-05 0.00282977
-0.0124975 0.406864 0.870167 -0.00695602 0.00090786 0.00239314
-0.0156185 0.513966 0.886301 -0.00682462 0.00107907 0.00237722
-0.00845338 0.477306 0.929206 -0.00846003 0.00021737 0.00233459
-0.0117463 0.538575 0.939134 -0.00830374 -0.00086006 0.00246477
0.00732689 0.391788 0.877081 -0.00704393 0.000498 0.00197038
-0.00712957 0.48 1.00217 -0.0083072 -0.00011482 0.0020581
0.00214979 0.36832 0.949898 -0.00736613 0.00067614 0.00158105
-0.00395593 0.421112 0.987463 -0.00746031 0.00100909 0.0014347
-0.0140262 0.436597 1.00374 -0.008275 0.000439 0.00175774
-0.00466781 0.365035 0.969966 -0.00676538 0.00181666 0.00178593
0.00746119 0.463808 1.03433 -0.00831089 0.00102289 0.00215363
0.025608 0.39871 0.969259 -0.00747702 0.00174618 0.00203184
0.0231148 0.529293 1.11329 -0.0102109 0.00158002 0.00208933
0.0406427 0.423215 1.00246 -0.00804872 0.00205542 0.00243168
0.00890845 0.51021 1.08589 -0.0091087 0.00036696 0.00220387
0.0150181 0.368595 0.972216 -0.00697164 0.00119371 0.00196703
0.0143643 0.489301 1.10645 -0.0103232 0.00074543 0.0019566
0.0286336 0.369212 0.862788 -0.00560095 0.00202087 0.00179618
0.0343331 0.444287 0.99447 -0.00766491 0.00057691 0.00219174
0.050737 0.381674 0.962562 -0.0072641 0.00128573 0.00232001
0.0461364 0.521193 1.13848 -0.0100597 0.00091221 0.00282779
0.045901 0.440643 1.08244 -0.00849622 0.00176169 0.0028855
0.0617486 0.46678 1.0913 -0.00848341 0.00163354 0.00302313
0.0892786 0.448782 1.04363 -0.00953746 0.00136203 0.00338983
0.0732044 0.527399 1.05825 -0.00934298 0.00070854 0.00344778
0.0549424 0.475309 1.07366 -0.00910626 0.00080495 0.00282734
0.053672 0.401913 1.04888 -0.00799359 0.00140231 0.00270611
0.0456673 0.562915 1.1912 -0.0113027 0.00022118 0.00293196
0.064831 0.390795 1.07028 -0.00804823 0.00150133 0.00306122
0.0590781 0.516414 1.13682 -0.00884514 0.00142356 0.00291684
0.0628165 0.45634 1.13744 -0.00904893 0.0017968 0.00276271
0.0601745 0.485088 1.17391 -0.00919341 0.00197929 0.00244094
0.0617671 0.492233 1.15529 -0.00934668 0.00207072 0.00244095
0.0726283 0.466194 1.14311 -0.00855078 0.00254821 0.00237131
0.0561801 0.596972 1.18767 -0.00986729 0.00189019 0.00290126
0.0723824 0.452243 1.13239 -0.00892268 0.00318325 0.00255442
0.0587241 0.554631 1.21621 -0.0112714 0.00226744 0.00262893
0.0422571 0.483831 1.13257 -0.00973382 0.00299889 0.00212782
0.0497885 0.482337 1.15061 -0.00967373 0.00340587 0.00191055
0.0578656 0.553075 1.16553 -0.0102491 0.00230287 0.00274363
0.0616446 0.443713 1.10152 -0.00857724 0.0038473 0.00228516
0.0557982 0.549341 1.18573 -0.0100343 0.00353194 0.00239964
0.0626912 0.474695 1.18217 -0.00962315 0.00386513 0.00211481
0.0543163 0.565293 1.25112 -0.0111481 0.00332521 0.00191056
0.0763593 0.488512 1.17588 -0.0102524 0.00364458 0.00221096
0.0584102 0.63264 1.2611 -0.0125952 0.00295346 0.00238821
0.0421251 0.503109 1.16237 -0.0107948 0.00340559 0.00209494
0.0598676 0.505626 1.13813 -0.0105427 0.00388465 0.00209219
0.0434356 0.627844 1.24794 -0.0125898 0.00250083 0.00242134
0.0406823 0.44369 1.17432 -0.0109238 0.00411524 0.00169883
0.0406751 0.572023 1.22797 -0.0118692 0.0039888 0.00166797
0.0398111 0.52485 1.18156 -0.0109238 0.00428795 0.00141965
0.0216048 0.602987 1.24572 -0.0120322 0.00385135 0.00128751
0.0301118 0.521507 1.22833 -0.0113514 0.00419828 0.00135824
0.0313809 0.619162 1.27346 -0.0117889 0.00399448 0.00178764
0.0522918 0.514717 1.18034 -0.0110423 0.00397081 0.00211678
0.0405418 0.642906 1.27955 -0.0123802 0.00266609 0.00285865
0.0359372 0.559894 1.31673 -0.0124167 0.00266609 0.00250041
0.0466116 0.489694 1.26906 -0.0108434 0.00380119 0.00243128
0.0321537 0.637278 1.31257 -0.0123773 0.00323802 0.00246183
0.0241414 0.500292 1.29486 -0.0119726 0.00400727 0.00211678
0.0173592 0.581658 1.32839 -0.0123376 0.00435334 0.00197773
0.0235342 0.563228 1.31035 -0.0120992 0.00455532 0.00203766
0.0308435 0.63353 1.31479 -0.0120252 0.00451724 0.00229907
0.0476771 0.547472 1.25365 -0.0117266 0.00458188 0.00255306
0.0294823 0.646384 1.33302 -0.0129662 0.00405799 0.0023725
0.0216001 0.590634 1.33231 -0.0127488 0.00362661 0.00242656
0.0239244 0.52869 1.31351 -0.0115073 0.0048208 0.00221956
0.0204802 0.64161 1.38059 -0.0133564 0.00362418 0.00244058
0.019808 0.500617 1.36387 -0.0135734 0.00491126 0.00208515
0.015923 0.618844 1.37673 -0.0131068 0.00491138 0.00225904
0.0312956 0.548129 1.38168 -0.0127937 0.00563163 0.00261144
0.0258566 0.654649 1.45042 -0.0133023 0.00446578 0.00278562
0.043254 0.564291 1.41706 -0.0138165 0.00527142 0.00282857
0.026009 0.698317 1.42785 -0.0143855 0.00465909 0.00283497
0.0263318 0.563459 1.36764 -0.0130884 0.00486238 0.00299491
0.0398107 0.636858 1.39112 -0.0138135 0.0055755 0.00332113
0.0329512 0.701449 1.41038 -0.0143052 0.00510357 0.0034325
0.04518 0.567704 1.39856 -0.013441 0.00630333 0.00334755
0.00801069 0.72391 1.45731 -0.0145206 0.00565921 0.00284411
-0.00489774 0.624738 1.42724 -0.0137073 0.00586761 0.00233988
0.0267378 0.590452 1.42379 -0.0131213 0.00719735 0.00292525
0.0193542 0.704289 1.45636 -0.0143132 0.00588642 0.00312384
0.0526821 0.569435 1.31538 -0.0136499 0.00588642 0.0039187
0.0207116 0.728974 1.39537 -0.0148237 0.00510746 0.00356216
0.0385343 0.617048 1.36454 -0.0139598 0.00558493 0.00381493
0.0636649 0.615227 1.39926 -0.0139958 0.00609506 0.00399057
0.0553075 0.658892 1.40099 -0.0146139 0.00552873 0.00438699
0.0555456 0.587911 1.40631 -0.0138427 0.00657367 0.00398556
0.0413474 0.725249 1.49741 -0.014432 0.00582959 0.00387745
0.0634857 0.579311 1.46078 -0.0133961 0.00658341 0.00391956
0.0595743 0.667311 1.48912 -0.0137977 0.00605526 0.00379055
0.0593699 0.597645 1.36332 -0.0147076 0.0051708 0.00412933
0.0112732 0.725741 1.51389 -0.0160764 0.00412084 0.00305281
0.00866269 0.603999 1.30935 -0.0132779 0.00374831 0.00304206
0.026958 0.657373 1.36284 -0.0143505 0.00448185 0.00312799
0.0184104 0.723972 1.47564 -0.0168428 0.00374831 0.00326877
0.0116866 0.6044 1.38784 -0.0140281 0.00506748 0.00268017
-0.0016967 0.679391 1.45803 -0.0146748 0.00462191 0.00300617
0.000503 0.610357 1.40766 -0.0142291 0.00513845 0.00268017
-0.0204927 0.703061 1.51461 -0.0142291 0.00478902 0.0026525
-0.0171813 0.635956 1.49471 -0.0139791 0.00529288 0.00253792
-0.00031027 0.715973 1.51359 -0.0147171 0.00483248 0.00326155
-0.0177647 0.610375 1.35379 -0.01541 0.0049305 0.00293869
-0.0266809 0.688528 1.40798 -0.0152051 0.0043366 0.00267514
-0.0208973 0.693249 1.42799 -0.015431 0.00389482 0.00316517
-0.00444773 0.585688 1.3563 -0.0128259 0.00570895 0.0023165
-0.00886194 0.747113 1.51521 -0.0150414 0.0056826 0.00260992
-0.00688264 0.633414 1.45945 -0.0142785 0.0065841 0.00240377
-0.00323769 0.668464 1.48272 -0.0143448 0.00699544 0.00224203
0.0038547 0.707007 1.50833 -0.0144592 0.00615565 0.00321926
0.00758734 0.66018 1.49831 -0.0133187 0.00579741 0.00331143
0.0256888 0.740404 1.51906 -0.0161072 0.00395584 0.00412947
0.0454852 0.639834 1.46056 -0.0147776 0.00494967 0.00449639
0.018949 0.738814 1.56157 -0.0177835 0.00328373 0.00439311
0.0335053 0.570924 1.3958 -0.0148582 0.00455596 0.00403496
0.0100529 0.725537 1.4525 -0.014802 0.00401844 0.00411299
-0.00020578 0.639059 1.43543 -0.0142379 0.00450642 0.00379803
-1.095e-05 0.676287 1.48222 -0.0153037 0.00478043 0.00392499
9.063e-05 0.702132 1.49809 -0.0154767 0.00518077 0.00404752
0.0150864 0.659932 1.51708 -0.0151458 0.00595138 0.00392071
0.0148168 0.734941 1.49067 -0.0155861 0.00538025 0.00416989
0.00483124 0.683896 1.49148 -0.0171473 0.00442064 0.00438505
-0.0249904 0.737161 1.46182 -0.0172938 0.00343494 0.00429973
-0.0204216 0.592682 1.42056 -0.0152958 0.00502606 0.00313116
-0.0259893 0.789974 1.53977 -0.0169667 0.00371243 0.00380025
-0.0175775 0.609298 1.43898 -0.0154091 0.00485882 0.00359754
-0.00625047 0.723302 1.50578 -0.0163599 0.00408263 0.00415408
0.00841115 0.618984 1.45363 -0.0155484 0.00495448 0.00430005
-0.0150446 0.708473 1.50692 -0.0159921 0.00557786 0.0040924
-0.0207077 0.6781 1.46378 -0.0151701 0.00528376 0.00416581
-0.0311259 0.756731 1.47968 -0.0175079 0.00362271 0.00451507
-0.0437291 0.67894 1.43048 -0.0153814 0.00472881 0.00378612
-0.0241372 0.641292 1.44016 -0.0152288 0.00510105 0.00352207
-0.0204478 0.73914 1.53172 -0.0159556 0.00427313 0.00453701
0.00868055 0.673727 1.55884 -0.0149363 0.00498628 0.00442746
0.0267255 0.768343 1.67786 -0.0183907 0.00412002 0.00523759
0.0300471 0.675336 1.59864 -0.0176766 0.00487672 0.00501924
0.0181338 0.740895 1.62209 -0.0170376 0.00399117 0.00534413
0.0304486 0.661458 1.59818 -0.0169901 0.00485943 0.00514237
0.0272306 0.791889 1.5957 -0.0177005 0.00180581 0.00621148
0.0218894 0.657418 1.52777 -0.0179576 0.00242471 0.00541964
0.00269716 0.751207 1.61572 -0.0162627 0.00192989 0.00490397
-0.00371587 0.586106 1.38156 -0.0127081 0.00281699 0.00460569
-0.0040789 0.426466 1.19138 -0.0111109 0.00514052 0.00285213
0.00607922 0.625336 1.25476 -0.0120902 0.00490751 0.0030553
-0.00299331 0.65906 1.24154 -0.0126564 0.00409298 0.00310553
-0.00487154 0.557332 1.20443 -0.0137632 0.00530341 0.00262601
-0.00300179 0.698201 1.3411 -0.0153504 0.00509867 0.00321598
0.013614 0.591938 1.36852 -0.0151116 0.00612011 0.0034444
0.00253486 0.66965 1.40246 -0.0151391 0.00612011 0.00364087
0.0132663 0.567044 1.25443 -0.0150856 0.00687475 0.00346249
-0.00541907 0.725941 1.40412 -0.0161733 0.00536345 0.00407973
-0.00188372 0.565737 1.31094 -0.0153982 0.00601392 0.00375542
0.00932457 0.684775 1.3945 -0.015776 0.00549986 0.00466869
0.0123756 0.575476 1.25861 -0.0171564 0.00616295 0.00492441
-0.0124121 0.650791 1.32101 -0.0165891 0.0069573 0.0040517
0.0144606 0.714148 1.36646 -0.015991 0.00601502 0.00512817
0.0382409 0.603434 1.37406 -0.016223 0.00702744 0.00499571
0.0438025 0.715783 1.45443 -0.0164599 0.00628579 0.00597375
0.0448775 0.615675 1.45746 -0.0164599 0.00679242 0.00646589
0.0394808 0.708063 1.44089 -0.016285 0.006042 0.00651933
0.0731902 0.623153 1.27989 -0.0157475 0.00533431 0.00724385
0.0572473 0.744427 1.39811 -0.0165166 0.00425271 0.00701824
0.0667838 0.609082 1.36424 -0.0168734 0.00414023 0.00729088
0.0691141 0.604591 1.39176 -0.0182289 0.00481608 0.0068639
0.0343614 0.724091 1.44548 -0.0173339 0.00409221 0.00642838
0.111432 0.609648 1.33983 -0.0159337 0.00585598 0.00737872
0.102899 0.723497 1.47738 -0.0182669 0.00454713 0.00828643
0.103682 0.653773 1.47214 -0.0179025 0.00440166 0.00854101
0.108911 0.609 1.54053 -0.0189054 0.00559334 0.00838689
0.115533 0.720116 1.44803 -0.0164453 0.00553789 0.00887358
0.133432 0.722571 1.40029 -0.0180587 0.00445905 0.00927127
0.120465 0.756483 1.36455 -0.0169172 0.00333644 0.00938863
0.180009 0.615952 1.31065 -0.0177582 0.00393872 0.0101213
0.148878 0.749007 1.49687 -0.0189999 0.00355633 0.00989422
0.147267 0.64122 1.46559 -0.0185951 0.00424972 0.00986191
0.141699 0.73428 1.43993 -0.0182801 0.00411709 0.00983275
0.142144 0.844265 1.50062 -0.0184052 0.00200684 0.0101598
0.155127 0.538086 1.20079 -0.0145788 0.00340077 0.00968269
0.16388 0.623466 1.22739 -0.0146653 0.00442256 0.0100822
0.145705 0.764177 1.2365 -0.0154324 0.00351004 0.00981266
0.170631 0.627983 1.25873 -0.0172675 0.00404912 0.0102548
0.173544 0.763076 1.26296 -0.0162618 0.00461418 0.0106829
0.189658 0.688997 1.23403 -0.0172683 0.00526104 0.0109329
0.199101 0.77886 1.23324 -0.0171615 0.00489033 0.0114924
0.203478 0.727329 1.24491 -0.0185632 0.00440952 0.0111673
0.222097 0.631964 1.10478 -0.016567 0.00557518 0.0110565
0.220139 0.74505 1.17708 -0.016834 0.00544046 0.0111904
0.239079 0.655534 1.17546 -0.0178978 0.0064805 0.010823
0.221213 0.769561 1.31986 -0.0195798 0.0060266 0.0111812
0.227844 0.65379 1.21795 -0.0191969 0.00563872 0.0110529
0.230317 0.700081 1.17414 -0.0180328 0.00573469 0.0118439
0.221749 0.767239 1.23485 -0.0183669 0.00516876 0.0119101
0.23058 0.630078 1.10454 -0.0176407 0.00585782 0.0119864
0.232133 0.789899 1.20093 -0.0182839 0.00533839 0.0124746
0.253897 0.701874 1.16068 -0.0180069 0.00608531 0.0128796
0.277863 0.701689 1.16277 -0.0182714 0.00653302 0.0131485
0.288942 0.743674 1.16732 -0.0181064 0.00649239 0.0134832
0.298305 0.691191 1.1683 -0.0179896 0.00700355 0.0134916
0.291963 0.743578 1.16921 -0.0184499 0.00634912 0.0136965
0.318342 0.661218 1.07321 -0.0180371 0.00681216 0.014195
0.30941 0.826428 1.21967 -0.0184565 0.00612968 0.0146033
0.356291 0.952038 1.53644 -0.0230032 0.00268297 0.0146033
0.483759 0.697571 1.25233 -0.0242301 0.00602496 0.0163817
0.559693 0.455872 1.29491 -0.0322932 0.0106421 0.0182731
0.513899 0.547 1.3702 -0.0302821 0.00845289 0.0168428
0.439955 0.926345 1.29813 -0.0274635 0.00533691 0.0139601
0.434591 0.94499 0.791752 -0.0247281 0.00623398 0.0142746
0.4974 0.871689 0.353125 -0.0254526 0.00709017 0.0137316
0.459204 0.873123 0.263833 -0.0232873 0.00767421 0.0131585
