0 0.0721662 0.0699746 0.0003384 0 0
5.92e-06 0.0964256 0.0915959 0.00039027 0 4.19e-06
0.00429261 0.169954 0.19863 0.00116592 -0.0001104 0.0001365
0.00984584 0.152361 0.215628 0.00137625 0.00012101 8.405e-05
0.00331256 0.13908 0.173912 0.00093704 -0.00018322 0.00012038
-2.15e-06 0.169655 0.18589 0.00114433 -0.00016738 5.973e-05
6.481e-05 0.176256 0.17603 0.00081071 -0.00029375 0.00015118
0.00440252 0.193904 0.269615 0.00058061 -0.00017172 0.00010078
0.00597386 0.161663 0.283099 -0.00021853 5.483e-05 0.00013567
0.00297557 0.2273 0.232687 0.00153302 -0.00012416 7.397e-05
1.176e-05 0.190706 0.198415 0.00041685 -0.0001505 0.00023446
-0.00340591 0.10384 0.137405 -0.00075036 -0.00019141 0.00028908
-0.00586275 0.164717 0.14169 0.00015546 -0.00037601 0.00027212
-9.576e-05 0.181202 0.142958 0.00022368 -0.00033566 0.00017473
-0.00017576 0.183929 0.147331 8.014e-05 -0.0003053 0.00012644
-0.00013476 0.197528 0.13354 0.0005149 -0.00032685 0.0001495
4.107e-05 0.202353 0.195626 0.00059313 -0.00028768 0.00015176
0.00025263 0.206534 0.237697 0.00082201 -0.00030241 0.0002378
0.00359213 0.138144 0.21091 5.34e-06 -0.00053725 0.00042223
0.00026882 0.205157 0.20677 0.00022014 -0.00059204 0.00028962
0.00017313 0.216853 0.210004 -0.00015892 -0.00069079 0.00023383
0.00017773 0.264337 0.295116 -0.00180416 -0.00080303 0.00023267
5.295e-05 0.248427 0.309412 -0.00167002 -0.00072608 0.00019451
-0.00678645 0.157981 0.287294 -0.00113694 -0.00073524 0.00029679
-0.0064754 0.256024 0.267029 -0.00059069 -0.0005949 0.00022245
-0.0260695 0.195104 0.261981 -0.00068301 -0.00130192 0.00055582
-0.0174637 0.101387 0.303541 6.089e-05 -0.00088642 0.00044442
0.00564638 0.175684 0.303169 -0.00021695 -0.0005309 0.00042819
-0.00109566 0.277703 0.296585 -0.00063374 -0.00077794 0.00037118
0.00146034 0.236867 0.261583 -6.285e-05 -0.00073043 0.00043209
0.0157829 0.212456 0.35206 0.00072457 0.00012111 0.00058456
0.0296645 0.204431 0.395231 0.00012306 0.00062169 0.0002387
0.0463494 0.308799 0.510638 -0.00113188 0.00155346 0.00038439
0.0826519 0.177382 0.547401 -0.00064434 0.00401029 0.00081242
0.0800911 0.122301 0.507378 0.00136924 0.00322637 0.00062668
0.0690516 0.277367 0.565466 -0.00099012 0.00283067 0.0003168
0.0663055 0.36614 0.568871 -0.0014225 0.0021504 0.00023022
0.0610704 0.388488 0.57772 -0.00141093 0.00211511 0.00035879
0.0508606 0.207211 0.520097 0.00013133 0.0024234 -1.072e-05
0.0626488 0.27317 0.594937 -0.00108248 0.00321237 7.375e-05
0.0645566 0.253364 0.538397 -0.00188671 0.00259157 0.00015739
0.0622039 0.336393 0.551608 -0.00141376 0.00229757 8.923e-05
0.0726991 0.331249 0.593046 -0.00219639 0.00236583 0.00023089
0.0459358 0.210682 0.529758 -0.00129147 0.00196728 0.000191
0.0531396 0.306224 0.568701 -0.00225011 0.00318082 -1.518e-05
0.0521991 0.368933 0.611201 -0.00197974 0.00300518 -1.499e-05
0.0530214 0.350645 0.56417 -0.00128947 0.00236029 9.186e-05
0.0601662 0.3444 0.568023 -0.00041239 0.0029829 0.00012054
0.0488879 0.22887 0.515349 -0.00051394 0.00277629 5.199e-05
0.0522451 0.331662 0.566873 -0.00029279 0.00246559 7.441e-05
0.048689 0.270391 0.419673 -0.00083026 0.00166713 0.00010532
0.046012 0.173605 0.502382 -0.00090713 0.00263584 2.58e-06
0.051766 0.239388 0.535009 -0.00099667 0.00266835 -4.714e-05
0.0534667 0.264683 0.505635 -0.00095409 0.00281086 2.742e-05
0.0576151 0.263584 0.495685 -0.00024529 0.00257307 0.00019844
0.0381549 0.224027 0.472821 0.00036652 0.00221789 -0.00022301
0.0573228 0.229975 0.49867 -0.00062487 0.00223966 3.266e-05
0.055799 0.297295 0.501879 -0.0011058 0.00218507 0.00015081
0.0560078 0.310551 0.491975 -0.0013059 0.00203634 0.0001517
0.0575621 0.341064 0.532298 -0.00079013 0.00221033 0.00016137
0.0579998 0.233463 0.494307 -0.00114279 0.00267917 0.00021511
0.0750214 0.210712 0.387005 -0.00245314 0.00236343 5.054e-05
0.0676115 0.15502 0.361379 -0.00251473 0.00190094 0.00011203
0.0562792 0.184659 0.363118 -0.00113543 0.00214903 -0.00013966
0.0761311 0.203969 0.411514 -0.00074305 0.00242112 -4.852e-05
0.0881801 0.173689 0.319885 -0.00028097 0.00196074 0.00033229
0.0564789 0.200389 0.318143 -0.00053485 0.00221143 2.481e-05
0.0736018 0.268817 0.339883 -0.00110923 0.00219646 0.00016032
0.0791275 0.250866 0.243229 -0.00169416 0.00199425 0.00028574
0.0666985 0.191288 0.293551 -0.00091635 0.00202766 0.00018923
0.0719182 0.239237 0.521961 -0.00349022 0.00229534 0.00019601
0.0999755 0.350478 0.501891 -0.00205828 0.00254168 0.00055466
0.100091 0.298934 0.507533 -0.00175789 0.00231863 0.00055466
0.0942507 0.355354 0.461072 -0.0003534 0.00242519 0.00055466
0.0789014 0.253108 0.378926 -0.00035889 0.00214543 0.00041421
0.0820362 0.282934 0.449015 -0.00115901 0.00235172 0.00055466
0.0950238 0.270727 0.398785 -0.00166712 0.00186941 0.00103153
0.108589 0.253142 0.472439 -0.00384332 0.00236095 0.00096539
0.0847951 0.32047 0.472992 -0.00403746 0.00201537 0.00053302
0.0707447 0.349576 0.44522 -0.00235716 0.00199238 0.00046962
0.086171 0.279134 0.469557 -0.0035641 0.00241408 0.00049818
0.0837088 0.278497 0.38287 -0.00325369 0.00197889 0.00053113
0.0634064 0.186376 0.340097 -0.00191187 0.00178678 0.00030998
0.0742863 0.263118 0.493502 -0.00420866 0.00186891 0.00045989
0.0863739 0.293648 0.474932 -0.00446722 0.00195751 0.00054056
0.069576 0.328111 0.447336 -0.00446722 0.00155792 0.00035522
0.0667203 0.318856 0.489236 -0.0036254 0.00217134 0.00027657
0.0771914 0.330616 0.508192 -0.00371087 0.00212923 0.00034917
0.0774609 0.341167 0.504666 -0.00305007 0.00235298 0.00059245
0.0552021 0.239243 0.427746 -0.00181679 0.00207779 0.0004068
0.0708843 0.310423 0.531435 -0.00442306 0.0021943 0.00059299
0.0716242 0.369165 0.573181 -0.00431085 0.00222774 0.00066681
0.0866962 0.339603 0.656197 -0.00392685 0.00318713 0.0008624
0.06653 0.238458 0.661599 -0.00455681 0.00401392 0.00060731
0.0679256 0.356799 0.681155 -0.0059205 0.00320252 0.00082662
0.0615755 0.301791 0.589391 -0.00697684 0.00246718 0.00070837
0.0625454 0.386707 0.74559 -0.00716731 0.00255815 0.00081077
0.0665363 0.285961 0.627023 -0.00596447 0.00278944 0.00088946
0.0883466 0.296585 0.601295 -0.00689873 0.00223481 0.00080729
0.0905211 0.281255 0.56644 -0.00659375 0.00228589 0.00071286
0.0778182 0.250595 0.53995 -0.00579069 0.00246337 0.0005907
0.0793316 0.297827 0.587344 -0.00570962 0.00264875 0.00070773
0.0787056 0.26504 0.52747 -0.00497536 0.00246071 0.00057414
0.0959177 0.298596 0.510487 -0.0035206 0.00281388 0.00102638
0.102466 0.331579 0.540781 -0.0030728 0.00292608 0.00107976
0.0847628 0.369033 0.539084 -0.00385645 0.00300058 0.00102669
0.0882091 0.327975 0.548221 -0.00392807 0.00286334 0.00094896
0.0927381 0.364069 0.549627 -0.003845 0.00288851 0.00107169
0.102258 0.37899 0.563797 -0.00379399 0.00295702 0.00124237
0.103656 0.378482 0.576039 -0.00327549 0.00305656 0.00140173
0.0834036 0.348168 0.529588 -0.00356927 0.00309238 0.00141339
0.0953307 0.300946 0.594562 -0.00366838 0.00356985 0.00118695
0.108517 0.33556 0.567282 -0.00405827 0.00333036 0.00130027
0.116984 0.317315 0.563674 -0.00426689 0.0033027 0.00126929
0.098591 0.303241 0.552051 -0.00371039 0.00304664 0.00108169
0.108397 0.330055 0.615299 -0.00453385 0.00417768 0.00069739
0.128809 0.366349 0.619814 -0.00474059 0.00486048 0.00083033
0.119711 0.411993 0.612516 -0.00464916 0.00470733 0.0008032
0.131589 0.408242 0.623551 -0.00481251 0.0047711 0.00099456
0.111833 0.364221 0.58888 -0.00397293 0.00472341 0.00110011
0.116374 0.346297 0.652421 -0.00489151 0.00493473 0.00117832
0.133901 0.415611 0.695222 -0.00419084 0.00504463 0.00164426
0.117494 0.38763 0.69861 -0.00450796 0.00595607 0.0016587
0.125852 0.352608 0.743006 -0.00535813 0.00565315 0.00157542
0.147787 0.376263 0.726815 -0.00540398 0.00515164 0.00168501
0.149651 0.408438 0.717304 -0.00527028 0.00515674 0.00168847
0.115241 0.377265 0.702044 -0.0050654 0.00561641 0.00167545
0.133995 0.35199 0.789732 -0.00621752 0.00485522 0.00222521
0.150468 0.394221 0.716614 -0.00585165 0.00484422 0.0020133
0.181072 0.52594 0.693379 -0.00487541 0.00767779 0.00259676
0.141135 0.18662 0.625334 -0.0018998 0.00781551 0.00192591
0.128562 0.315908 0.737808 -0.00528501 0.0062907 0.00192204
0.128544 0.406163 0.701399 -0.00517607 0.006577 0.00201954
0.122705 0.443333 0.779666 -0.00484979 0.00661972 0.00194122
0.130528 0.381806 0.73592 -0.00517384 0.0063644 0.00187538
0.100967 0.333969 0.722922 -0.00483535 0.00586863 0.001576
0.10705 0.349415 0.814836 -0.00532667 0.0058184 0.00170285
0.107323 0.399421 0.783974 -0.00516971 0.00599526 0.00188741
0.0907693 0.3657 0.759026 -0.00355802 0.00686484 0.00172667
0.103812 0.39969 0.867597 -0.00634384 0.00631908 0.00208267
0.118193 0.442734 0.827973 -0.00586219 0.0064847 0.00208505
0.102522 0.374494 0.74678 -0.0044902 0.0063019 0.00185929
0.107364 0.473087 0.830937 -0.00604371 0.00619765 0.00228099
0.113072 0.458032 0.807284 -0.00588407 0.00600903 0.00228614
0.112443 0.47852 0.866337 -0.00552754 0.00624826 0.00224144
0.102767 0.301541 0.805927 -0.00449196 0.00640899 0.00183269
0.117012 0.267379 0.732737 -0.0054169 0.00519953 0.00179021
0.109845 0.384013 0.645086 -0.00531417 0.00525566 0.00160824
0.10932 0.392437 0.661289 -0.00598817 0.00533973 0.0017342
0.108143 0.45925 0.660638 -0.00602751 0.00509437 0.00188778
0.0914698 0.384606 0.760568 -0.00610847 0.00569487 0.00177099
0.113412 0.492357 0.862855 -0.00695288 0.00589554 0.00205507
0.118956 0.454566 0.8069 -0.00783087 0.00593543 0.00189423
0.104513 0.554589 0.863017 -0.00797097 0.00583356 0.00196783
0.0969292 0.354394 0.723994 -0.00411656 0.00693566 0.00182908
0.111409 0.353165 0.826013 -0.00686958 0.00683592 0.00202008
0.116123 0.438141 0.799355 -0.00696106 0.00699166 0.00213866
0.107138 0.451716 0.859845 -0.00716189 0.00648614 0.00215293
0.118619 0.370463 0.803046 -0.00694358 0.00637385 0.00215797
0.103284 0.367674 0.758872 -0.00613775 0.00697576 0.00234432
0.112511 0.421835 0.849829 -0.00724749 0.00673932 0.00215323
0.121018 0.46441 0.806436 -0.00671823 0.00631912 0.00224327
0.108612 0.394481 0.738802 -0.00506222 0.00647202 0.00199553
0.11554 0.426916 0.830509 -0.00719954 0.00686439 0.00207441
0.117311 0.471582 0.82714 -0.00700123 0.00641086 0.00234586
0.113398 0.366187 0.780203 -0.0050848 0.00671373 0.00220029
0.135856 0.392416 0.887445 -0.00806393 0.00681388 0.00226953
0.148866 0.430263 0.800268 -0.00644108 0.00715203 0.00228731
0.14687 0.437938 0.722489 -0.00541648 0.00698845 0.00238215
0.154668 0.423963 0.778181 -0.00559495 0.00694431 0.00237484
0.141889 0.513238 0.802088 -0.00510432 0.00693775 0.0025408
0.148628 0.456525 0.799107 -0.00561882 0.00673987 0.00243657
0.151577 0.47971 0.772641 -0.0052292 0.00644539 0.00270509
0.140739 0.538218 0.852224 -0.00526093 0.00614613 0.00300348
0.154074 0.467703 0.838049 -0.00593209 0.00629261 0.0028674
0.145162 0.516795 0.843841 -0.0057746 0.0060673 0.00293893
0.13637 0.521188 0.910979 -0.00704907 0.00548581 0.00295792
0.137753 0.489291 0.938866 -0.00804398 0.00516134 0.00286804
0.130972 0.533474 0.976647 -0.00882864 0.00498989 0.00266181
0.13804 0.508897 0.989327 -0.00941253 0.00501466 0.00248516
0.12264 0.547672 0.996535 -0.00959532 0.0044568 0.00256088
0.13116 0.531866 1.04627 -0.0107099 0.00472868 0.00272066
0.138144 0.52025 1.00257 -0.0104882 0.00462259 0.00267093
0.147736 0.492588 1.06687 -0.0111162 0.00438533 0.00282511
0.141712 0.624893 1.11233 -0.0105885 0.00420027 0.00318262
0.118189 0.679072 1.35582 -0.0153303 0.00212691 0.00318528
0.0253181 0.671883 1.58064 -0.0162064 0.00073169 0.00277891
0.0419515 0.618313 1.41572 -0.0149687 0.00069949 0.00284808
0.0613198 0.562862 1.36961 -0.0146496 0.00091789 0.00293718
0.0498494 0.640798 1.35467 -0.0141471 0.00035801 0.00302164
0.0498994 0.656679 1.3566 -0.0139548 0.00021812 0.00297956
0.0494364 0.579605 1.31621 -0.0139725 0.00039073 0.00286868
0.0360458 0.57101 1.18938 -0.0138085 0.00011925 0.00303603
0.0693253 0.653351 1.24307 -0.012029 0.00155477 0.00295228
0.0956508 0.560667 1.19834 -0.0110041 0.00407539 0.00283818
0.0959796 0.241132 0.907842 -0.00442975 0.00515456 0.00203007
0.0817859 0.512895 1.23024 -0.0115152 0.00506448 0.00241247
0.0803164 0.576222 1.20077 -0.012161 0.00430303 0.0023781
0.0753633 0.599837 1.14459 -0.011938 0.00388817 0.00239168
0.0659309 0.552423 1.11434 -0.0108045 0.00350179 0.00232314
0.0747079 0.40046 1.0178 -0.00834034 0.00536254 0.00199588
0.0669812 0.547271 1.13721 -0.0107232 0.0051849 0.00204732
0.0641783 0.577096 1.14755 -0.00998178 0.00469659 0.00187402
0.0596228 0.432634 1.10842 -0.00869424 0.00511704 0.00159394
0.0715779 0.522139 1.24718 -0.0096826 0.00575829 0.00206735
0.0863701 0.510206 1.21008 -0.0103226 0.0055769 0.00211244
0.0891174 0.577513 1.14736 -0.00967562 0.00538152 0.00223244
0.0859524 0.581233 1.13407 -0.0095194 0.00530896 0.00251975
0.0757938 0.442249 1.08107 -0.00797944 0.00664276 0.00181034
0.0814807 0.474552 1.20947 -0.00863021 0.00654813 0.00201103
0.0991722 0.484736 1.168 -0.00968143 0.00628435 0.00200315
0.0774541 0.468456 1.08159 -0.00779671 0.00695198 0.00184564
0.0871488 0.531238 1.18515 -0.00991963 0.00680072 0.00216716
0.069173 0.579999 1.2168 -0.0101417 0.00660484 0.00180064
0.0677674 0.52129 1.16992 -0.00931656 0.00725303 0.00199349
0.0757879 0.51805 1.22788 -0.0100327 0.00687488 0.00191193
0.0883459 0.508079 1.17969 -0.0100158 0.00651219 0.00204367
0.0688314 0.458067 1.03963 -0.00711426 0.00690047 0.0018937
0.0723213 0.524223 1.17082 -0.010239 0.0065863 0.00186966
0.079414 0.582531 1.18419 -0.00983776 0.00660029 0.00213246
0.0737886 0.635186 1.25246 -0.00968586 0.00715665 0.00208492
0.0893126 0.528073 1.20729 -0.00974181 0.00688943 0.00196314
0.0691149 0.482013 0.993124 -0.00714482 0.00653287 0.00171435
0.0801395 0.489535 1.10893 -0.0094638 0.00662515 0.00189913
0.101089 0.566525 1.12229 -0.00973218 0.00694808 0.00170139
0.101779 0.516485 1.08828 -0.00942111 0.00701558 0.00171579
0.0812715 0.437244 1.1124 -0.00908022 0.00698146 0.00163994
0.0842123 0.498971 1.22173 -0.0102606 0.00680607 0.00189033
0.109099 0.485786 1.09939 -0.00990061 0.00685073 0.00207192
0.102146 0.53448 1.05567 -0.00991554 0.00637584 0.00197481
0.0839788 0.449511 1.01733 -0.00926141 0.0070417 0.00200702
0.0886227 0.505297 1.10414 -0.00978299 0.00730392 0.00189595
0.112747 0.511767 1.09935 -0.00988809 0.00724406 0.00184069
0.095982 0.533652 1.07751 -0.0100731 0.0070411 0.00173511
0.0825476 0.394673 1.07995 -0.00837618 0.00726478 0.00178392
0.0974336 0.437323 1.139 -0.00798584 0.00726394 0.00169541
0.116305 0.407054 1.06386 -0.00838376 0.00749484 0.00153853
0.119382 0.529174 1.09649 -0.00985376 0.00830429 0.00167648
0.115673 0.368086 0.885098 -0.0038372 0.00952319 0.00172712
0.115662 0.386841 1.15073 -0.0083167 0.00804275 0.001599
0.128742 0.495828 1.11491 -0.0092988 0.00781593 0.00150808
0.108818 0.59157 1.11205 -0.00932242 0.00771094 0.00168258
0.106138 0.571106 1.08843 -0.00874817 0.00787497 0.00164779
0.0901928 0.43065 1.0252 -0.00760991 0.00790132 0.00116334
0.0761531 0.438511 1.10824 -0.00772992 0.00832423 0.00136543
0.0917687 0.412182 1.05238 -0.00719658 0.00754297 0.00129718
0.0904323 0.445375 1.12377 -0.00768695 0.00774182 0.0014388
0.110149 0.414926 1.16169 -0.00759507 0.00789318 0.00172802
0.0898537 0.376179 1.11521 -0.00778393 0.00795903 0.00141652
0.0739345 0.431368 1.21301 -0.00822913 0.00762629 0.00167215
0.0778576 0.513919 1.21748 -0.00957612 0.00723821 0.00178625
0.0980721 0.490928 1.08385 -0.0090427 0.00689431 0.00200755
0.0869894 0.595427 1.08652 -0.00870414 0.00690969 0.00205261
0.0874846 0.489855 1.10472 -0.00861034 0.00736714 0.00185459
0.0973527 0.520677 1.02227 -0.00935159 0.00663702 0.00166283
0.104084 0.531899 0.847389 -0.00866534 0.00547161 0.00132223
0.102855 0.487213 0.987572 -0.00903166 0.00545135 0.00181667
0.0826683 0.416962 0.975798 -0.00832817 0.00649299 0.00223726
0.0918301 0.404563 1.03266 -0.00970732 0.00556749 0.0019649
0.101727 0.428895 0.967908 -0.0108753 0.00533189 0.0020128
0.0994943 0.504059 0.952237 -0.0099372 0.00544113 0.00210073
0.0983284 0.522681 0.98131 -0.00938043 0.00619748 0.00245054
0.0840937 0.476707 1.02107 -0.00962135 0.00629055 0.00209362
0.0894746 0.522447 1.14996 -0.0108451 0.00647963 0.00241102
0.0952008 0.496126 1.09159 -0.0109677 0.00610748 0.00260236
0.0762669 0.474549 1.06078 -0.00989183 0.0054434 0.00258846
0.0901489 0.527423 1.15215 -0.0117555 0.00627984 0.00276969
0.0956692 0.587749 1.1946 -0.0110399 0.00632591 0.00304738
0.0907053 0.470705 1.12378 -0.0101495 0.00664197 0.00281212
0.111997 0.382205 1.11425 -0.0110621 0.00603763 0.00265649
0.134229 0.449992 1.08109 -0.0114684 0.00606412 0.00265831
0.107261 0.523817 1.16359 -0.0108284 0.00671264 0.00306936
0.0976229 0.419721 1.08647 -0.00914207 0.00632071 0.00294545
0.108816 0.474865 1.19616 -0.0106579 0.00615608 0.00283381
0.116371 0.502061 1.16498 -0.0109716 0.00597799 0.00315918
0.103537 0.486225 1.12615 -0.0109943 0.00621368 0.00295883
0.103741 0.504378 1.17645 -0.0101734 0.0069393 0.00300431
0.114405 0.510909 1.16545 -0.00999566 0.00701893 0.00313242
0.137922 0.46027 1.13122 -0.00984045 0.00671912 0.00309903
0.122906 0.502466 1.16964 -0.00961844 0.00693901 0.00335955
0.118388 0.48228 1.13937 -0.00953497 0.00675363 0.00337691
0.109632 0.538399 1.17063 -0.00952937 0.00704038 0.00344896
0.125871 0.544258 1.24466 -0.0101916 0.0071313 0.00382451
0.13985 0.658778 1.26663 -0.00913605 0.00744318 0.00376483
0.108317 0.569463 1.23306 -0.0100577 0.00731118 0.00364168
0.10963 0.649542 1.29604 -0.0102389 0.00776365 0.0037813
0.127823 0.582722 1.27475 -0.0108262 0.00749346 0.00372242
0.103791 0.662237 1.17055 -0.0103955 0.00715813 0.00376864
0.114328 0.591169 1.20816 -0.0104949 0.00740256 0.00406632
0.144209 0.582544 1.24811 -0.0101306 0.00768021 0.00406544
0.144672 0.663673 1.35849 -0.00942537 0.00780387 0.00429871
0.113494 0.493269 1.20223 -0.00828145 0.00805787 0.00380164
0.114426 0.513188 1.39043 -0.0105337 0.00748847 0.00372226
0.139983 0.591778 1.38894 -0.0114479 0.00721816 0.0042275
0.154335 0.749315 1.4272 -0.0105358 0.00764179 0.00445105
0.153093 0.783372 1.50517 -0.0102168 0.00769703 0.00423022
0.120949 0.613722 1.34289 -0.00900079 0.00761517 0.0041294
0.120185 0.645908 1.35652 -0.00950721 0.00796066 0.0041856
0.124867 0.59076 1.34341 -0.0105207 0.00740074 0.00392367
0.107495 0.540238 1.17737 -0.00973976 0.00727985 0.00322181
0.134009 0.614112 1.23002 -0.0106941 0.00824412 0.00378479
0.151185 0.594757 1.24343 -0.0100035 0.00838167 0.00385653
0.159192 0.494511 0.966873 0.00096044 0.0108712 0.00327419
0.124511 0.430924 1.35003 -0.00849275 0.00916415 0.0034173
0.122787 0.612335 1.31167 -0.0075764 0.00852104 0.00310305
0.100473 0.601932 1.17465 -0.00667079 0.00896684 0.0030095
0.114157 0.619535 1.32664 -0.00961795 0.00875472 0.00311037
0.128218 0.674358 1.3287 -0.00935997 0.0088361 0.00321751
0.123128 0.761919 1.37879 -0.00853733 0.00889172 0.00345113
0.101264 0.651537 1.22458 -0.00771342 0.00825187 0.00306934
0.102528 0.604428 1.36907 -0.010049 0.00790254 0.00313164
0.13149 0.571258 1.29396 -0.0078747 0.00844296 0.00318743
0.110127 0.653527 1.23384 -0.00729722 0.00876844 0.00362468
0.109858 0.656661 1.22662 -0.00700401 0.00912087 0.00375469
0.101464 0.55371 1.23188 -0.0073654 0.00948289 0.00331331
0.131385 0.577796 1.31093 -0.00748382 0.0105914 0.00351941
0.133135 0.551784 1.29877 -0.00863949 0.00892726 0.00308551
0.129506 0.551852 1.25597 -0.00864042 0.00924485 0.00305978
0.100627 0.520658 1.26503 -0.00983711 0.00937886 0.00282299
0.0917415 0.604111 1.24248 -0.0105092 0.0088813 0.00278456
0.0890741 0.631206 1.22171 -0.0103709 0.00857445 0.00276345
0.0785108 0.691243 1.32462 -0.0101379 0.0087701 0.00285262
0.0893068 0.58267 1.26231 -0.0105862 0.00810887 0.00231855
0.081189 0.47996 1.24415 -0.0111082 0.00907655 0.00191155
0.074913 0.494007 1.29261 -0.0108523 0.00960585 0.00172807
0.081111 0.484019 1.25757 -0.010203 0.00966108 0.00213249
0.0774921 0.539553 1.2425 -0.0110417 0.00935165 0.00235852
0.0815141 0.561191 1.2344 -0.0114557 0.009567 0.00235524
0.0695375 0.633558 1.29464 -0.0117315 0.00889777 0.00203346
0.0813284 0.591047 1.26517 -0.0119136 0.0085945 0.00192002
0.0810862 0.504088 1.27627 -0.0112817 0.0093918 0.00205618
0.0907308 0.548681 1.25463 -0.0115915 0.00917603 0.00209258
0.0994226 0.564102 1.194 -0.0116339 0.00866573 0.00207779
0.0905228 0.599761 1.23867 -0.011052 0.00892007 0.00205168
0.080763 0.463605 1.24935 -0.0104888 0.0096001 0.00199076
0.081111 0.547942 1.30096 -0.0114375 0.00985434 0.00222639
0.114169 0.583729 1.2903 -0.0113951 0.00962789 0.00184481
0.109543 0.626661 1.29368 -0.0110583 0.0100043 0.0022515
0.113566 0.643926 1.29508 -0.011155 0.00997901 0.00254123
0.121073 0.629539 1.2208 -0.0112324 0.00938853 0.002097
0.120311 0.609284 1.16884 -0.0115513 0.0088877 0.00185206
0.0983304 0.647756 1.2734 -0.0113555 0.00857558 0.0019806
0.11849 0.531711 1.30354 -0.0119275 0.00858019 0.0018248
0.110209 0.573897 1.23939 -0.0118341 0.00905933 0.00193766
0.10815 0.572902 1.22252 -0.0109764 0.00930564 0.00222929
0.111138 0.565948 1.22192 -0.0102986 0.0095605 0.00256978
0.109205 0.580193 1.21491 -0.0106681 0.00929729 0.00228869
0.101377 0.655966 1.38735 -0.0107238 0.010412 0.0020568
0.138162 0.576562 1.40552 -0.00949853 0.0113294 0.00262577
0.118934 0.541487 1.39485 -0.0110503 0.0106178 0.00219773
0.0982592 0.672316 1.34663 -0.0109025 0.0102306 0.00209176
0.0988542 0.669055 1.36919 -0.0108843 0.00999332 0.00220214
0.0815842 0.728049 1.41633 -0.0100029 0.0104083 0.00224415
0.0963474 0.612154 1.45613 -0.010275 0.0103934 0.00225584
0.0822474 0.638447 1.36516 -0.0106638 0.0098825 0.00226876
0.0971344 0.634863 1.35901 -0.0102352 0.00990541 0.0024968
0.0987046 0.644025 1.35585 -0.0100522 0.0101323 0.00251074
0.101017 0.630304 1.38474 -0.0104624 0.0100735 0.00269263
0.103182 0.624484 1.39063 -0.0103753 0.0100477 0.00279826
0.0930619 0.669709 1.41381 -0.0100846 0.00999535 0.0026882
0.0938569 0.664719 1.4501 -0.00994531 0.00984719 0.00275384
0.106354 0.585995 1.48285 -0.0107031 0.00940552 0.00297491
0.100201 0.745444 1.44432 -0.00998579 0.00963272 0.00308242
0.0924478 0.651439 1.44513 -0.010273 0.00975633 0.00292045
0.0828306 0.468905 1.33164 -0.00880708 0.0100518 0.00260426
0.089834 0.699842 1.35448 -0.0086774 0.0109746 0.00298529
0.0954416 0.751656 1.37359 -0.00957425 0.0101872 0.00299101
0.100595 0.625995 1.32926 -0.0103543 0.00979877 0.0030174
0.109686 0.686243 1.33399 -0.00936069 0.00998049 0.00308674
0.07985 0.467992 1.32228 -0.0093071 0.0104723 0.00237995
0.0935556 0.656579 1.33165 -0.00828487 0.0104621 0.00296358
0.0991324 0.68724 1.32709 -0.00839385 0.0104553 0.00303941
0.0851287 0.733338 1.3838 -0.0079322 0.0104341 0.00318823
0.100585 0.672808 1.40882 -0.00907929 0.010407 0.00316059
0.0888316 0.564335 1.34344 -0.00954445 0.0107788 0.0029192
0.127892 0.673038 1.38679 -0.00916076 0.0114104 0.00390186
0.127888 0.686083 1.41686 -0.0092816 0.0108898 0.00391438
0.0983589 0.575507 1.35883 -0.0088573 0.0101693 0.00351239
0.0973183 0.612021 1.46157 -0.0098622 0.0111585 0.00337448
0.105748 0.745582 1.49078 -0.00984973 0.0106125 0.00384109
0.0977904 0.595892 1.42101 -0.00984414 0.0100815 0.00324555
0.114248 0.650095 1.52633 -0.00966301 0.0109994 0.0034257
0.130272 0.669839 1.47885 -0.0105132 0.0104062 0.00369829
0.13285 0.799756 1.46324 -0.0100908 0.0111061 0.00373317
0.102816 0.669469 1.38114 -0.00935469 0.0108764 0.00351055
0.143272 0.730844 1.43403 -0.0101177 0.0122307 0.00391449
0.142432 0.755927 1.48801 -0.00863436 0.0133782 0.00402038
0.136786 0.731164 1.5029 -0.00870026 0.012202 0.0040024
0.13202 0.515757 1.37169 -0.00860638 0.0123088 0.00371729
0.122241 0.581394 1.45669 -0.00833902 0.0127355 0.00356851
0.141284 0.686596 1.46111 -0.00861809 0.013254 0.00422843
0.148884 0.764622 1.43316 -0.00868656 0.012783 0.00439711
0.146714 0.785871 1.45183 -0.00815562 0.0129006 0.00445531
0.110448 0.737377 1.41773 -0.0079787 0.0134328 0.00417655
0.105612 0.712626 1.45453 -0.00867734 0.0131629 0.00385624
0.120372 0.780556 1.46777 -0.00772246 0.0132143 0.00438891
0.149309 0.703784 1.4858 -0.00801299 0.0132799 0.00473051
0.113703 0.620733 1.36943 -0.00795181 0.0123255 0.00374609
0.134007 0.750242 1.40668 -0.00864717 0.0128228 0.00391119
0.124565 0.809234 1.46977 -0.00913439 0.012635 0.00395436
0.0781311 0.716599 1.46425 -0.0084572 0.0108522 0.00397631
0.0886063 0.55753 1.1285 -0.00903838 0.00938437 0.00407502
0.0926877 0.673199 1.25598 -0.0094754 0.0106832 0.00388487
0.113613 0.629675 1.311 -0.00986587 0.0116218 0.00398464
0.117369 0.691848 1.412 -0.00877564 0.0117766 0.00427917
0.10841 0.488369 1.31759 -0.00889667 0.011018 0.00396183
0.125664 0.639686 1.30266 -0.00953661 0.0110165 0.00453826
0.131618 0.616354 1.30224 -0.00995423 0.0107689 0.00384592
0.10468 0.658448 1.2439 -0.00884108 0.0108918 0.00380321
0.131049 0.713148 1.34625 -0.0100866 0.0111561 0.00385112
0.130957 0.682639 1.2503 -0.0121247 0.0100699 0.00279366
0.152071 0.575234 1.22851 -0.0114842 0.011457 0.00250165
0.102174 0.648914 1.20322 -0.0104054 0.011346 0.0026938
0.112151 0.710645 1.39741 -0.0110447 0.011222 0.00348903
0.112318 0.721896 1.48437 -0.0101569 0.0114656 0.00360836
0.135522 0.622791 1.43826 -0.0108099 0.0118585 0.00353548
0.113948 0.572327 1.3731 -0.0101648 0.0121839 0.00288782
0.13559 0.639937 1.38826 -0.0100754 0.0124549 0.00339572
0.151777 0.703161 1.46732 -0.0100021 0.0128583 0.00392557
0.154569 0.750972 1.56683 -0.00900101 0.0129482 0.00413011
0.156468 0.750684 1.51553 -0.00978503 0.0126531 0.00395587
0.125391 0.645041 1.37253 -0.00966458 0.01264 0.0036076
0.14895 0.786532 1.4187 -0.00794244 0.0149597 0.00456809
0.214985 0.666517 1.482 -0.00650744 0.0164862 0.00429397
0.178737 0.822205 1.47398 -0.00596794 0.0154907 0.0044287
0.174709 0.643841 1.37883 -0.00687105 0.0153926 0.00420251
0.141606 0.654931 1.33528 -0.00838412 0.0140879 0.00371079
0.148334 0.720436 1.36045 -0.00807763 0.0140111 0.00419754
0.142441 0.688933 1.34216 -0.0077811 0.0143927 0.00404345
0.148683 0.690716 1.40434 -0.00766079 0.0140437 0.00410837
0.148107 0.783266 1.52821 -0.00707111 0.0140541 0.00458378
0.153862 0.702357 1.43939 -0.00992683 0.0125349 0.00397861
0.150112 0.743249 1.40073 -0.0099479 0.0124069 0.00370819
0.138086 0.605309 1.36669 -0.00946856 0.0129795 0.00353377
0.14713 0.696982 1.41162 -0.00843218 0.0137438 0.00443787
0.160946 0.705983 1.42426 -0.00779793 0.0139489 0.00462974
0.159308 0.585448 1.34315 -0.00864069 0.0135379 0.0040436
0.144719 0.622762 1.37571 -0.00866129 0.0133861 0.00389655
0.14896 0.67175 1.37421 -0.00894428 0.0134272 0.00380444
0.144794 0.641764 1.39127 -0.0103333 0.01363 0.00408984
0.174962 0.706512 1.40184 -0.0105496 0.0136708 0.00400643
0.227272 0.56018 1.34219 -0.00888458 0.0152504 0.00403822
0.172079 0.601243 1.13977 -0.0057459 0.0155958 0.00459418
0.155892 0.741857 1.42253 -0.00804927 0.0146375 0.00470597
0.156859 0.858126 1.48128 -0.00759736 0.0148673 0.00533047
0.152114 0.728156 1.43961 -0.00728674 0.0148069 0.00554048
0.152827 0.721208 1.40526 -0.00646138 0.0149943 0.005896
0.134843 0.526134 1.29188 -0.00580328 0.0143554 0.00500418
0.129972 0.670118 1.38795 -0.00790803 0.0129377 0.00508126
0.126555 0.70164 1.39056 -0.00740333 0.0132847 0.00549455
0.130912 0.738227 1.36226 -0.00588218 0.0130007 0.00556919
0.130141 0.614401 1.24595 -0.0050934 0.0126758 0.00518845
0.147391 0.774318 1.39222 -0.0104608 0.012368 0.00566161
0.167312 0.743675 1.45976 -0.0080145 0.0147534 0.00603079
0.175984 0.748221 1.46874 -0.0066968 0.0143634 0.00583041
0.142299 0.736672 1.32324 -0.00645651 0.0147902 0.00550843
0.155716 0.737231 1.34587 -0.00633132 0.0149403 0.00569836
0.217741 0.714704 1.33352 -0.00331592 0.0159924 0.00662582
0.200943 0.816382 1.32033 -0.00313445 0.0152059 0.00630885
0.181691 0.839793 1.41436 -0.00244255 0.0147337 0.00653066
0.155125 0.646315 1.31034 -0.00175639 0.0151539 0.00613153
0.162231 0.720965 1.43201 -0.00409239 0.0140302 0.00612738
0.149417 0.741747 1.29441 -0.00614122 0.0124926 0.0058285
0.151697 0.679982 1.22594 -0.00476764 0.0131211 0.00582141
0.173498 0.74343 1.19333 -0.00432887 0.0127349 0.00598946
0.160916 0.830496 1.35174 -0.00434047 0.0127045 0.00617635
0.167454 0.761792 1.34997 -0.00479468 0.0124543 0.00665505
0.181508 0.830238 1.39838 -0.00429577 0.0128593 0.00654369
0.151835 0.688348 1.198 -0.00218044 0.0121119 0.00618056
0.15464 0.680507 1.35743 -0.0047837 0.0118161 0.00652476
0.154536 0.771425 1.43167 -0.00406723 0.0119791 0.0068784
0.155627 0.736614 1.43959 -0.0046073 0.0118148 0.00688225
0.143562 0.691606 1.27734 -0.00428587 0.0111234 0.00627834
0.16352 0.762269 1.33983 -0.00449413 0.0116671 0.00657168
0.162199 0.840783 1.4074 -0.00400426 0.0116215 0.00669831
0.164997 0.854606 1.44368 -0.0038005 0.0116231 0.00686729
0.161481 0.807808 1.336 -0.00485202 0.0121218 0.00672805
0.169298 0.792197 1.40323 -0.00572849 0.0125878 0.00678673
0.169753 0.785581 1.41386 -0.00540555 0.0119483 0.00671362
0.167137 0.767125 1.49083 -0.00498399 0.011566 0.00676346
0.158154 0.761467 1.46552 -0.00467947 0.0121909 0.00671343
0.146446 0.655738 1.30059 -0.00377769 0.0120135 0.0063478
0.159795 0.759915 1.3396 -0.00409714 0.0118403 0.00664835
0.153731 0.807929 1.41199 -0.0054266 0.0113439 0.00616746
0.148399 0.773062 1.32768 -0.00620755 0.0110664 0.00582557
0.145366 0.75828 1.27616 -0.00386287 0.0110732 0.00574986
0.151488 0.715431 1.27712 -0.00467882 0.0103451 0.0059926
0.162194 0.707254 1.31958 -0.00452311 0.0107853 0.00639961
0.15447 0.733843 1.46127 -0.00450565 0.0108723 0.00632711
0.158468 0.760233 1.53236 -0.00351165 0.0114873 0.00645968
0.132672 0.675082 1.40547 -0.00240064 0.0119368 0.0059012
0.140547 0.724861 1.43085 -0.00415409 0.0123259 0.00609051
0.148274 0.784692 1.41119 -0.00339956 0.0122552 0.00614888
0.145117 0.671421 1.40981 -0.00272594 0.0128269 0.00621863
0.157805 0.811672 1.41166 -0.0034362 0.0129839 0.00655193
0.15717 0.841481 1.43446 -0.00358618 0.0126943 0.0066323
0.159266 0.823165 1.46239 -0.00342852 0.0123409 0.00673461
0.134707 0.730727 1.37201 -0.00353577 0.0123856 0.00634573
0.137918 0.826213 1.47916 -0.00292292 0.0124322 0.00635848
0.156542 0.757428 1.46592 -0.00564013 0.0129249 0.00605829
0.162306 0.845858 1.40998 -0.00423032 0.0131858 0.00634289
0.172051 0.805395 1.43772 -0.00366653 0.0130732 0.00636512
0.155715 0.698179 1.39669 -0.00353451 0.0145577 0.00605927
0.164119 0.757517 1.43783 -0.00386739 0.0145574 0.00638505
0.174956 0.771496 1.4638 -0.00386778 0.0146019 0.00667909
0.155533 0.777652 1.4379 -0.00461053 0.0146534 0.00647399
0.164371 0.782283 1.4166 -0.00384547 0.0149453 0.00666552
0.163351 0.809179 1.40457 -0.00408874 0.0145839 0.00627314
0.169599 0.826538 1.43927 -0.00380157 0.0150397 0.00662073
0.164622 0.869277 1.43777 -0.00294387 0.0146673 0.00679165
0.176811 0.823016 1.37989 -0.00309233 0.0144277 0.00689017
0.184085 0.796531 1.35088 -0.00296388 0.01431 0.00713495
0.188126 0.862104 1.39272 -0.00202779 0.0147539 0.00733388
0.192328 0.814663 1.40377 -0.00236543 0.0146986 0.00731874
0.188356 0.822499 1.41385 -0.00220234 0.0147611 0.00730522
0.188141 0.83166 1.42118 -0.00201038 0.0143256 0.00730754
0.19088 0.833098 1.41861 -0.00232612 0.0141292 0.0072836
0.176305 0.871268 1.46412 -0.00252385 0.0133196 0.00693782
0.164363 0.863292 1.48472 -0.00463152 0.0117623 0.00623497
0.123628 0.836131 1.55306 -0.0106098 0.00758012 0.00488832
0.110483 0.846731 1.56921 -0.0101724 0.00789428 0.00489696
0.110223 0.821691 1.54993 -0.00943458 0.00796766 0.0051768
0.144975 0.776764 1.43578 -0.00769009 0.0084936 0.0061391
0.149075 0.745775 1.42832 -0.00793523 0.00861746 0.00615478
0.132969 0.887932 1.50263 -0.00756956 0.00859432 0.00622356
0.14395 0.813974 1.50177 -0.00717357 0.00890354 0.00659369
0.148177 0.772856 1.47946 -0.00693529 0.00893752 0.00661235
0.144756 0.872091 1.51734 -0.00545905 0.00827718 0.00661552
0.145712 0.775148 1.60279 -0.00610724 0.0079573 0.00656508
0.147736 0.846687 1.56504 -0.00449496 0.00839893 0.006576
0.131202 0.883566 1.61064 -0.00453192 0.0085452 0.00652924
0.0966387 0.860793 1.64036 -0.0072287 0.00713797 0.00554106
0.0970665 0.812937 1.59954 -0.00810166 0.00615375 0.00547058
0.116176 0.759371 1.48573 -0.00742313 0.00626146 0.00571058
0.0975405 0.840899 1.46589 -0.00635615 0.00615417 0.00569163
0.126642 0.78779 1.51288 -0.00556708 0.0103145 0.00646582
0.143533 0.687627 1.49804 -0.00408338 0.0105571 0.00675276
0.124065 0.824364 1.50838 -0.0040097 0.00933356 0.00680872
0.127179 0.872429 1.52299 -0.00377681 0.008534 0.00663114
0.141884 0.804052 1.52006 -0.00392334 0.00830299 0.00649343
