0.00350197 0.156496 0.0897891 0.00025 0 0
2.82e-06 0.157602 0.129995 0.00024492 -1.761e-05 0
5.76e-05 0.18586 0.0914494 0.00131755 1.223e-05 0
0.0106322 0.219904 0.221092 -0.00136708 0.00010157 0
0.0124515 0.158113 0.201833 -0.00058215 0.00014 0.00011085
0.00359018 0.219277 0.15052 0.00058682 4.229e-05 0
0.0120718 0.241299 0.173093 0.00068147 0.00018721 0
6.979e-05 0.15948 0.137109 0.00107359 1.619e-05 0
1.236e-05 0.244002 0.140958 0.00067965 -8.227e-05 0
0.006165 0.169066 0.188971 -0.00013418 0.0001286 0
0.00012462 0.16555 0.218663 -0.00049495 7.18e-06 0
0.00018084 0.263116 0.0990425 0.00237392 5.155e-05 0
0.00867749 0.14771 0.173846 0.00025963 0.00021852 3.319e-05
0.000131 0.245637 0.183856 0.0001746 -5.485e-05 2.932e-05
0.00847359 0.163323 0.267577 -0.0010865 0.00011383 -4.996e-05
0.0026754 0.198942 0.197062 -4.35e-06 2.506e-05 -3.491e-05
0.0188581 0.219172 0.23291 -0.00124473 0.00054426 -8.855e-05
0.00294796 0.215447 0.11282 0.001425 5.12e-06 -4.963e-05
-0.0184185 0.238532 0.236373 -0.00113073 -0.00051187 0.00019505
-0.00471723 0.171141 0.266339 -0.00197277 -0.00032294 -0.00038407
-0.378199 0.463087 0.203905 -0.0009171 -0.00161615 -0.0172069
-0.193172 0.333683 0.154751 -6.902e-05 -0.00313191 -0.00681545
-0.190692 0.256571 0.0241406 0.00061556 -0.00261389 -0.00601487
-0.17317 0.250999 0.0990878 -0.00026396 -0.0022789 -0.00550851
-0.172154 0.249696 0.0793005 0.0009825 -0.00223483 -0.00586192
-0.169078 0.358607 0.119594 0.00091447 -0.00270164 -0.00554671
-0.169457 0.27012 0.159783 0.00033646 -0.00256676 -0.00543016
-0.155755 0.411032 0.156771 0.00026188 -0.00268445 -0.00523247
-0.160018 0.303365 0.177466 -5.376e-05 -0.00259818 -0.00505742
-0.167554 0.423419 0.158027 0.00058357 -0.00267067 -0.00510841
-0.171936 0.33494 0.151021 0.00117742 -0.00222447 -0.005323
-0.165538 0.35594 0.142209 0.00186937 -0.00247215 -0.00549253
-0.178878 0.373515 0.158223 0.00122316 -0.00212572 -0.00552521
-0.179446 0.277415 0.198414 0.00074283 -0.00211242 -0.00555073
-0.178129 0.408062 0.201353 0.00095288 -0.0021526 -0.00560646
-0.179909 0.31226 0.240545 0.0004572 -0.00221413 -0.00561962
-0.181953 0.398514 0.17133 0.00271379 -0.00198197 -0.00575669
-0.183727 0.311651 0.244177 0.00030757 -0.00211337 -0.00558256
-0.189004 0.396036 0.202862 0.00115905 -0.00204249 -0.00602684
-0.201297 0.317273 0.303504 -0.00127675 -0.00179307 -0.00626391
-0.183294 0.311442 0.210209 0.00122209 -0.00204188 -0.00584369
-0.198414 0.401723 0.231434 0.00075864 -0.00224973 -0.00613297
-0.190442 0.384105 0.155834 0.00278598 -0.00180545 -0.00611975
-0.182572 0.305235 0.191481 0.00183226 -0.00184357 -0.00600027
-0.184397 0.357068 0.264056 -0.00048597 -0.00180618 -0.00605075
-0.175317 0.30391 0.138838 0.00193705 -0.00103056 -0.00608664
-0.185947 0.330198 0.16167 0.00136371 -0.0018454 -0.00594743
-0.191957 0.328991 0.275098 -0.00069674 -0.00184172 -0.00619746
-0.198156 0.272429 0.181962 0.00038137 -0.00202419 -0.00607737
-0.197043 0.381427 0.0909559 0.00244701 -0.00215789 -0.00590297
-0.205827 0.353637 0.152994 0.00145351 -0.00218663 -0.0061632
-0.203489 0.268497 0.170697 0.00123919 -0.00234399 -0.00612225
-0.20753 0.412808 0.160076 0.00166224 -0.00258246 -0.00631771
-0.204041 0.32532 0.129019 0.00277913 -0.00234992 -0.00621233
-0.226442 0.302893 0.17309 0.00134415 -0.00281842 -0.00659261
-0.214981 0.412886 0.135636 0.00266261 -0.00215835 -0.00646277
-0.213203 0.285253 0.169152 0.00157713 -0.00229309 -0.00627002
-0.21874 0.32553 0.259262 -0.00092352 -0.0023478 -0.00656799
-0.204677 0.300348 0.1652 0.00110459 -0.00257812 -0.00573587
-0.204702 0.31747 0.146634 0.00141293 -0.00280216 -0.00584349
-0.20984 0.326379 0.151536 0.00237798 -0.00232364 -0.00643605
-0.205396 0.289465 0.142124 0.00186101 -0.00243761 -0.00648087
-0.208718 0.408735 0.139035 0.00221931 -0.00265565 -0.00657695
-0.199355 0.288263 0.177215 0.00186955 -0.00265066 -0.00600236
-0.199127 0.385637 0.144849 0.00223851 -0.00272808 -0.00613693
-0.194416 0.32798 0.182941 0.00175154 -0.00285243 -0.00589031
-0.18715 0.348176 0.172832 0.00143219 -0.00304824 -0.00558948
-0.18426 0.351948 0.163216 0.00130031 -0.00327971 -0.00565526
-0.18694 0.341066 0.13604 0.00144881 -0.00317264 -0.00568806
-0.19215 0.339752 0.159866 0.00130955 -0.00304104 -0.00553237
-0.181871 0.295623 0.149516 0.00110542 -0.0033557 -0.00519662
-0.186824 0.360448 0.159763 0.0014546 -0.00316891 -0.00538415
-0.19231 0.295147 0.146549 0.00129042 -0.0031836 -0.00553788
-0.198053 0.365743 0.106183 0.0032789 -0.00323804 -0.00573697
-0.197768 0.287757 0.144937 0.00166821 -0.00325319 -0.00567309
-0.205995 0.36814 0.127684 0.00272361 -0.00338178 -0.0059235
-0.200631 0.284808 0.153543 0.00256676 -0.00274433 -0.0059338
-0.213863 0.388391 0.143269 0.00230118 -0.00277924 -0.00603702
-0.217303 0.308023 0.156016 0.00245249 -0.00269347 -0.0064582
-0.209654 0.250242 0.216998 0.00150922 -0.00266074 -0.00654542
-0.194283 0.339041 0.112344 0.00321219 -0.00321447 -0.00590564
-0.204383 0.250707 0.145963 0.00255817 -0.00247136 -0.00633949
-0.20727 0.300304 0.224673 0.00041394 -0.00252138 -0.0061593
-0.210009 0.277819 0.104403 0.00270483 -0.00288802 -0.00668627
-0.208691 0.254751 0.224072 -6.569e-05 -0.00303231 -0.00638041
-0.204076 0.352497 0.132802 0.00346942 -0.00199198 -0.00647666
-0.207068 0.245053 0.130386 0.00225155 -0.00221192 -0.00646204
-0.216497 0.312552 0.171771 0.00101153 -0.00269286 -0.0068658
-0.211291 0.297111 0.191018 0.00018526 -0.00308141 -0.0062249
-0.206697 0.287089 0.110624 0.00212199 -0.00247959 -0.00637128
-0.212912 0.354712 0.122358 0.00227618 -0.00259639 -0.00649623
-0.208997 0.253764 0.200693 0.0002563 -0.00253819 -0.00645365
-0.223092 0.384287 0.130117 0.00182097 -0.00252936 -0.00666011
-0.221017 0.296777 0.17897 0.00166387 -0.00300121 -0.00645006
-0.228795 0.282815 0.162081 0.00271203 -0.00317788 -0.00672767
-0.231118 0.335697 0.189081 0.00111712 -0.00393743 -0.00668118
-0.231663 0.285085 0.0969425 0.00368994 -0.00349278 -0.00667118
-0.240069 0.233719 0.086783 0.00290069 -0.00334689 -0.00668627
-0.241087 0.361782 0.118054 0.00232556 -0.00418278 -0.00663828
-0.233163 0.287595 0.0904592 0.00307805 -0.00370777 -0.00675803
-0.236224 0.275921 0.0656727 0.00310965 -0.00362876 -0.00677928
-0.239778 0.362156 0.063397 0.00368433 -0.00427357 -0.00701537
-0.223494 0.25871 0.0205875 0.00318989 -0.00409247 -0.00664738
-0.173017 -0.124478 -1.27826 0.00066162 -0.00193704 -0.00234938
-0.0137338 -1.10635 -3.77269 0.00392881 -0.0152145 0.0043881
-0.00829168 -1.64665 -3.77987 -0.00029181 -0.0110946 0.00331066
-0.0289723 -1.62299 -3.60814 0.0017931 -0.0108814 0.00300168
-0.0371613 -1.61127 -3.3073 -0.00071162 -0.0106873 0.00275168
-0.0159464 -1.35629 -3.03868 -0.00553778 -0.00897775 0.00102766
-0.0374228 -0.803099 -2.55741 -0.0043468 -0.00431053 0.00032186
-0.0234196 -0.538649 -2.36118 -0.0064475 -0.00388148 0.00045872
-0.03241 -0.121062 -2.37374 -0.00338686 -0.00413461 0.00043155
-0.0487366 -0.164 -2.31349 -0.00422265 -0.00433294 0.00030446
-0.0524638 -0.145764 -2.24671 -0.00440915 -0.00477897 0.00016158
-0.0586313 -0.209119 -2.27751 0.00107956 -0.00316928 -0.00046346
-0.0714097 -0.311188 -2.23001 0.00172094 -0.00318456 -0.00060911
-0.0669686 -0.365521 -2.03852 -0.00179441 -0.0027613 -0.00040924
-0.0640846 -0.467692 -2.07612 0.00093205 -0.00235523 -0.00079158
-0.0708972 -0.422518 -1.98432 0.00035206 -0.00246928 -0.00084607
-0.0701734 -0.303598 -1.94033 0.00099919 -0.00270927 -0.00082982
-0.0826074 -0.318131 -1.94921 0.00092379 -0.00270177 -0.00058413
-0.0869447 -0.168028 -1.84697 -0.00095033 -0.0029375 -0.0010805
-0.0951401 -0.173072 -1.88788 0.00295192 -0.00405991 -0.00114686
-0.098307 -0.043825 -1.82768 0.00038929 -0.00316998 -0.00059734
-0.100371 -0.103459 -1.85327 0.00373103 -0.00297474 -0.00085869
-0.108108 -0.144326 -1.71753 0.00370951 -0.00418684 -0.00102134
-0.116676 -0.0922832 -1.72803 0.00409245 -0.00398573 -0.00086905
-0.113267 -0.162971 -1.67222 0.00419534 -0.0046615 -0.00115152
-0.107901 -0.21512 -1.63896 0.00386839 -0.00419206 -0.00125704
-0.103107 -0.146238 -1.65595 0.0030736 -0.00437393 -0.00103245
-0.107883 -0.204086 -1.692 -0.00054361 -0.00434709 -0.00095944
-0.107925 -0.250947 -1.71692 5.322e-05 -0.00402122 -0.00128586
-0.123095 -0.1855 -1.74447 0.00385673 -0.00438525 -0.00125782
-0.123229 -0.0914651 -1.78902 0.00537551 -0.00391601 -0.00115212
-0.113867 -0.172709 -1.75156 0.00452042 -0.00395131 -0.00112015
-0.117134 -0.18532 -2.04595 0.00356422 -0.00352183 -0.00078078
-0.00190106 -0.756266 -3.00625 0.0174014 -0.00487278 -0.00058888
0.0419438 -0.964469 -3.16627 0.0312289 -0.00339851 -0.00085959
0.0482193 -0.952453 -3.08817 0.0296898 -0.00393849 -0.00131649
0.0368443 -0.947722 -2.91246 0.0274472 -0.0033824 -0.00147431
0.040016 -0.882297 -2.87639 0.0265325 -0.00309559 -0.00144558
0.0380551 -0.826806 -2.86496 0.0272971 -0.00318186 -0.00154537
0.0397814 -0.694664 -2.86414 0.0285537 -0.00278409 -0.00154651
0.0397436 -0.722664 -2.81348 0.0281846 -0.00293422 -0.00191106
0.0334397 -0.592676 -2.88033 0.0300616 -0.00233418 -0.00192825
0.0166513 -0.663937 -2.89589 0.0313996 -0.00203472 -0.00236524
0.0215289 -0.656438 -2.86146 0.0304162 -0.00242721 -0.0021502
0.0216833 -0.655317 -2.75047 0.0284533 -0.00280422 -0.00208271
0.017969 -0.753047 -2.77082 0.0297335 -0.00252414 -0.00225452
0.00324694 -0.506074 -2.45529 0.0293899 -0.00281075 -0.00260682
-0.034116 -0.320627 -1.62643 0.0229468 -0.00215703 -0.0033318
-0.050028 -0.0350714 -1.27051 0.0191428 -0.00215703 -0.00303025
-0.0529286 0.153844 -1.15026 0.0174805 -0.00181722 -0.00315189
-0.0589513 0.158511 -1.18371 0.0188752 -0.00141813 -0.00306142
-0.0576139 0.277393 -1.16144 0.0185388 -0.00174243 -0.00295691
-0.0489906 0.220467 -1.12362 0.0178926 -0.00194273 -0.0029553
-0.0451504 0.0912873 -1.18516 0.0190006 -0.00168927 -0.00353767
0.00399886 0.053626 -0.971303 0.0225775 0.0012763 -0.00453501
0.0522421 -0.208521 -1.58571 0.0205317 0.00056782 -0.00312124
0.0506473 -0.191882 -1.52499 0.0187027 0.00041411 -0.00295725
0.0361298 -0.175325 -1.19949 0.018009 0.00070213 -0.00339225
0.0248494 0.031863 -0.901106 0.0152137 -0.00013593 -0.00284189
0.0265711 0.173104 -0.759619 0.0138778 -0.00034849 -0.00250716
0.0145221 0.288458 -0.768585 0.0153426 -0.00109881 -0.00272877
0.00399366 0.37836 -0.791192 0.0167909 -0.00052302 -0.0028054
0.00865736 0.466927 -0.863416 0.0198607 -6.914e-05 -0.00314574
0.0154117 0.453885 -0.776227 0.0186484 0.00049266 -0.00324972
0.00640143 0.415897 -0.719236 0.0179892 0.00109017 -0.00354729
0.00728022 0.331021 -0.621062 0.0151558 0.00058712 -0.0033283
0.00400814 0.338233 -0.713044 0.0179087 0.00078948 -0.00362547
-0.00704689 0.256838 -0.705839 0.0175585 0.00083889 -0.00377497
-0.00803716 0.266089 -0.748976 0.0178234 0.0009831 -0.00337315
-0.00281081 0.29846 -0.619774 0.0144217 0.00104596 -0.00337124
-0.0080597 0.27045 -0.708179 0.0166014 0.00119585 -0.00395681
-0.0182084 0.308158 -0.767916 0.0176324 0.00042712 -0.00402023
-0.0261721 0.421847 -0.71467 0.0170403 0.00087782 -0.0039671
-0.0381356 0.389814 -0.725292 0.0168098 0.00032955 -0.00385365
-0.0379558 0.483541 -0.843142 0.0211536 5.676e-05 -0.00421104
-0.0503577 0.302555 -0.649196 0.0147471 0.00051176 -0.00364256
-0.0433209 0.355432 -0.642678 0.0120103 -0.00046313 -0.00310558
-0.0433028 0.327135 -0.826986 0.0190885 -0.00073866 -0.0037991
-0.0725786 0.258039 -0.669254 0.0144121 -0.00071922 -0.00368897
-0.0680979 0.37623 -0.756685 0.0174013 -0.00014291 -0.00380717
-0.0740594 0.252892 -0.689919 0.0151584 -0.00055306 -0.00372881
-0.0777388 0.347345 -0.797585 0.01665 -0.00177088 -0.0040247
-0.0828053 0.277899 -0.68833 0.0156183 -0.00108323 -0.00425871
-0.0911739 0.427974 -0.741664 0.0169095 -0.00100966 -0.0039442
-0.0775054 0.427357 -0.764278 0.01755 -0.00036228 -0.00402208
-0.0751977 0.341272 -0.629372 0.0145651 -2.948e-05 -0.00417283
-0.0860181 0.488848 -0.808237 0.0211952 -0.0004245 -0.00438903
-0.085222 0.389201 -0.792768 0.0202533 -0.00043005 -0.00438903
-0.0903407 0.388489 -0.646589 0.0151184 -0.00014947 -0.00388046
-0.0858688 0.400248 -0.705527 0.016502 -0.00048861 -0.00380009
-0.0905798 0.298507 -0.71086 0.0166796 -0.00048147 -0.00389383
-0.0895393 0.460513 -0.827733 0.0205883 -0.00100996 -0.00394785
-0.0929041 0.366089 -0.722806 0.0179195 -0.00040292 -0.00400988
-0.0909139 0.390311 -0.70209 0.017078 -0.00107414 -0.00380009
-0.088363 0.396032 -0.634327 0.0142279 -0.00112543 -0.00354163
-0.0846752 0.273552 -0.595841 0.0109799 -0.00175632 -0.00299501
-0.0789477 0.385514 -0.573078 0.0109908 -0.00162535 -0.00266431
-0.0552041 0.319711 -0.567248 0.00874956 -0.00205122 -0.0026439
-0.0839173 0.22626 -0.691663 0.0123745 -0.00310017 -0.00309332
-0.0834453 0.398635 -0.710509 0.0151038 -0.00266159 -0.00333844
-0.0946006 0.294922 -0.612745 0.0138308 -0.00209938 -0.00335997
-0.0937005 0.406392 -0.719073 0.0157281 -0.00385369 -0.00319348
-0.0882848 0.366236 -0.70524 0.0141658 -0.00186163 -0.00335997
-0.0979028 0.285048 -0.738394 0.0150493 -0.00209492 -0.00325353
-0.0902599 0.45728 -0.782185 0.0176628 -0.00209058 -0.00335997
-0.0611011 0.347267 -0.573053 0.0110768 -0.0008543 -0.00297009
-0.0603546 0.251124 -0.486848 0.0075068 -0.00111506 -0.00242467
-0.0625408 0.293281 -0.397897 0.00506535 -0.00178801 -0.00222743
-0.0569574 0.316717 -0.420731 0.00662901 -0.00201006 -0.00224094
-0.0709989 0.217385 -0.346355 0.00319308 -0.00190682 -0.00202526
-0.0869809 0.301297 -0.34719 0.00204702 -0.0029867 -0.00208108
-0.0884296 0.329703 -0.469951 0.00785214 -0.00243969 -0.00265866
-0.0986205 0.263864 -0.510212 0.00906166 -0.00265506 -0.00285682
-0.0936543 0.39613 -0.499755 0.00907664 -0.00290706 -0.00265866
-0.102012 0.306813 -0.529381 0.00916513 -0.00275762 -0.00265866
-0.0930914 0.406215 -0.591028 0.00997841 -0.0029639 -0.00265866
-0.0969678 0.287636 -0.566784 0.00949711 -0.0030409 -0.00265866
-0.10808 0.367849 -0.549797 0.00962001 -0.00276666 -0.00282566
-0.116107 0.259041 -0.55638 0.0101013 -0.00247017 -0.00291609
-0.113517 0.37626 -0.576674 0.011304 -0.00318271 -0.00289567
-0.112663 0.272997 -0.860247 0.014886 -0.00330423 -0.00287244
-0.118889 0.0786556 -1.3771 0.0190121 -0.00189369 -0.00260713
-0.131959 0.170873 -1.00036 0.0161685 -0.00306629 -0.00223991
-0.134516 0.153587 -0.945126 0.0160609 -0.00262096 -0.00268185
-0.120848 0.304523 -0.951647 0.0182512 -0.00311381 -0.0024459
-0.118228 0.257565 -0.809536 0.014733 -0.00305862 -0.00217689
-0.135951 0.31829 -0.838145 0.0160018 -0.00302786 -0.00238796
-0.128706 0.409564 -0.884988 0.0191512 -0.00285037 -0.00254686
-0.122237 0.283208 -0.751348 0.0159271 -0.00303699 -0.00244975
-0.0998848 0.345928 -0.670061 0.0132796 -0.00215024 -0.00190076
-0.0682036 0.279626 -0.561925 0.00845425 -0.00164036 -0.00172864
-0.0946282 0.247679 -0.635324 0.0104674 -0.00168926 -0.00256312
-0.110247 0.365432 -0.721531 0.0139375 -0.00249471 -0.00274161
-0.115672 0.283049 -0.696508 0.0138893 -0.00321321 -0.00305598
-0.114517 0.254985 -0.70129 0.0140315 -0.00287878 -0.00225013
-0.0963893 0.327105 -0.675545 0.0115331 -0.00268762 -0.00167266
-0.0967699 0.249687 -0.6536 0.0100134 -0.00185635 -0.00184365
-0.106549 0.296214 -0.792081 0.0144518 -0.00491296 -0.00211773
-0.119238 0.374667 -0.601143 0.0119672 -0.00319805 -0.00221062
-0.120692 0.291547 -0.717062 0.0141075 -0.00275846 -0.00221062
-0.121868 0.359472 -0.679259 0.0132823 -0.00336136 -0.00248462
-0.109162 0.336163 -0.644111 0.0124334 -0.00236459 -0.00226921
-0.102962 0.197578 -0.533896 0.00652033 -0.00279653 -0.00167142
-0.109304 0.217942 -0.424419 0.00103706 -0.00305949 -0.00086913
-0.112856 0.192257 -0.408244 -0.00104269 -0.00388435 -0.00103514
-0.124549 0.17762 -0.451785 -0.00077403 -0.0047584 -0.00123553
-0.119594 0.246416 -0.514577 0.0057933 -0.00535446 -0.00165479
-0.0914079 -0.00744509 -1.6915 0.0145094 -0.00625411 -0.00039422
-0.0380321 -0.890248 -2.97249 0.0229433 -0.00768868 0.00012512
-0.00599851 -1.05447 -3.2258 0.0232533 -0.00690727 -0.00041027
-0.0095937 -1.0372 -3.11379 0.0239322 -0.00780276 -0.0021253
-0.00217517 -1.06125 -3.02258 0.0187592 -0.0086562 -0.00202454
-0.0086211 -0.919993 -2.92859 0.018719 -0.00673355 -0.00195636
0.00092895 -0.917662 -2.93116 0.0197795 -0.00594596 -0.0019739
-0.00193434 -0.879118 -3.01061 0.0225443 -0.00579364 -0.00243478
-0.00848103 -0.757047 -3.03003 0.0235618 -0.00601873 -0.00201784
0.00077116 -0.829133 -2.95798 0.0223353 -0.00558297 -0.00235238
0.0050791 -0.729588 -2.9618 0.0241933 -0.00560641 -0.00247649
-0.00587368 -0.80106 -2.92886 0.0243339 -0.00567352 -0.00235224
0.00229687 -0.823918 -2.92236 0.0246551 -0.00532188 -0.00226754
-0.00101637 -0.830176 -2.83164 0.0239703 -0.00513024 -0.00213426
0.0001932 -0.924564 -2.85514 0.0252121 -0.00484048 -0.00238177
0.00199843 -0.862935 -2.8691 0.0261664 -0.00468831 -0.00234188
0.00519345 -0.879111 -2.84976 0.0260276 -0.00478497 -0.00242605
0.00604002 -0.893683 -2.85191 0.0260684 -0.00465054 -0.00231056
0.00188883 -0.806442 -2.87051 0.0267163 -0.00485857 -0.0020901
-0.00843143 -0.856438 -2.85274 0.02632 -0.00462666 -0.00222779
-0.00254795 -0.793352 -2.86792 0.0268057 -0.00454824 -0.00243923
-0.0102755 -0.800438 -2.85593 0.0268744 -0.00461658 -0.0024107
-0.0101378 -0.837241 -2.85962 0.0265911 -0.00425009 -0.00241527
-0.00926131 -0.785233 -2.85647 0.0271765 -0.00458483 -0.0024091
-0.0178359 -0.906336 -2.72676 0.0237335 -0.00412533 -0.00286693
-0.0213915 -0.697672 -2.51615 0.0268628 -0.0042514 -0.00324074
-0.0976167 -0.231398 -1.30722 0.0178288 -0.00385598 -0.00376135
-0.0960198 -0.0176508 -1.19102 0.0164206 -0.00415904 -0.0034363
-0.0862764 0.178521 -1.1722 0.0166892 -0.00398326 -0.0032799
-0.100606 0.118195 -1.13955 0.0167066 -0.00354615 -0.00354941
-0.100099 0.20184 -1.12203 0.0156063 -0.00351948 -0.00345945
-0.10065 0.12865 -1.14894 0.0167121 -0.00333677 -0.00360069
-0.103309 0.0195857 -1.06014 0.0143965 -0.00320754 -0.00373233
-0.103805 0.101468 -1.13322 0.0167955 -0.00293445 -0.00339896
-0.0995654 0.00032747 -1.09919 0.0148913 -0.0030658 -0.00345234
-0.10007 -0.0924403 -1.08899 0.0142079 -0.00380905 -0.0040531
-0.0907168 0.0373815 -1.13225 0.0155328 -0.00376245 -0.00354453
-0.0881273 0.0184509 -1.14399 0.0168865 -0.00289626 -0.00347969
-0.101693 0.0961984 -1.15707 0.0172764 -0.00254948 -0.00376831
-0.0983459 0.149956 -1.12189 0.0175293 -0.00331905 -0.00374991
-0.0923542 0.116116 -1.15029 0.0179485 -0.00297132 -0.00372041
-0.091018 0.214641 -1.14096 0.0183799 -0.00249915 -0.00390308
-0.0898946 0.165255 -1.10057 0.0175167 -0.00283093 -0.00381274
-0.0897868 0.0628211 -1.05944 0.0160276 -0.00281806 -0.00387793
-0.0773818 0.162686 -1.1037 0.016304 -0.00308313 -0.00286826
-0.0904849 0.0623867 -1.11621 0.0166092 -0.00281082 -0.00342172
-0.103389 0.0704471 -1.09059 0.0172063 -0.00337717 -0.00353206
-0.0938865 0.16891 -1.07651 0.01827 -0.00384848 -0.003452
-0.0908185 0.105531 -1.13368 0.0184085 -0.00190273 -0.00343652
-0.100739 0.141825 -1.02313 0.0157746 -0.00303558 -0.00332721
-0.103284 0.196783 -0.993324 0.0151842 -0.00339971 -0.00299869
-0.0998675 0.127176 -1.07391 0.0174206 -0.00277446 -0.00333667
-0.098196 0.22807 -1.08781 0.0182423 -0.00290179 -0.00333639
-0.0969745 0.15038 -1.01426 0.0172392 -0.00267953 -0.00343675
-0.0974102 0.173779 -1.0556 0.01784 -0.00287272 -0.00345863
-0.095965 0.191569 -1.03395 0.0182211 -0.00253329 -0.00364385
-0.102148 0.152218 -1.00717 0.0175662 -0.00243821 -0.00377198
-0.105264 0.231379 -1.04481 0.0188689 -0.00237659 -0.00376643
-0.102942 0.11926 -1.08623 0.0205815 -0.00216543 -0.0041713
-0.097756 0.253992 -1.05741 0.0204268 -0.00247483 -0.00378232
-0.0782357 0.186093 -0.982901 0.0167924 -0.00239255 -0.00348723
-0.0731046 0.151213 -0.886156 0.0141897 -0.0029623 -0.00292746
-0.0419984 0.230452 -0.843902 0.0149048 -0.00139292 -0.00299371
-0.0654308 0.193489 -0.941601 0.0175025 -0.00189685 -0.0035732
-0.0814522 0.14214 -0.894047 0.0159319 -0.00221576 -0.00359729
-0.0848181 0.24904 -0.962616 0.0180518 -0.00221098 -0.00398943
-0.121613 0.196668 -0.91742 0.0148143 -0.00036978 -0.00466064
-0.0891421 0.146031 -0.830812 0.00960409 -0.00267527 -0.00379428
-0.0721523 0.152869 -0.788805 0.00578643 -0.00567031 -0.00286229
-0.0664244 0.114414 -0.786268 0.00679365 -0.00685608 -0.00272483
-0.0833648 0.14233 -0.93347 0.0135893 -0.00666416 -0.00335258
-0.0971948 0.286857 -0.934087 0.0152358 -0.00493552 -0.00352839
-0.100563 0.146877 -0.89272 0.0138067 -0.00507666 -0.00370213
-0.103724 0.268632 -1.00182 0.0166614 -0.00385649 -0.00386943
-0.109492 0.197901 -0.949441 0.0155103 -0.00395248 -0.0038517
-0.0986142 0.233177 -0.963688 0.0161419 -0.00427161 -0.00398728
-0.10811 0.193345 -0.947514 0.0169629 -0.0038399 -0.00383107
-0.0990724 0.15615 -0.870362 0.0129681 -0.00440005 -0.0031349
-0.10124 0.180318 -0.786476 0.00893996 -0.0031134 -0.00293075
-0.0886401 0.0931528 -0.759493 0.00344243 -0.00112705 -0.00279289
-0.082709 0.0676364 -0.580857 0.00043869 -0.00175444 -0.00241946
-0.0874871 0.215008 -0.744635 0.00773887 -0.00279447 -0.00283744
-0.0951956 0.165223 -0.749289 0.00954203 -0.00220501 -0.00336041
-0.0739063 0.289303 -0.859357 0.020117 -0.0043579 -0.00384957
-0.0629368 0.731733 -1.13917 0.0555066 -0.0053875 -0.00298037
-0.0798797 0.677008 -1.11675 0.0385655 -0.00512089 -0.00254219
-0.0836939 0.556383 -1.04693 0.0356085 -0.00553171 -0.00286699
-0.0815437 0.59351 -1.08399 0.0351694 -0.00467233 -0.00290102
-0.0782973 0.49494 -1.02481 0.0343259 -0.00441994 -0.00296276
-0.0751191 0.605606 -1.03462 0.0360374 -0.00426167 -0.00305616
-0.0825059 0.546534 -0.935006 0.034646 -0.00431667 -0.00337638
-0.0765968 0.637959 -0.939205 0.0362118 -0.00394129 -0.00321987
-0.0935713 0.628756 -0.881223 0.0373055 -0.00391454 -0.00369863
-0.09729 0.70413 -0.902923 0.0379658 -0.00375388 -0.00384912
-0.10359 0.744459 -0.874766 0.0394773 -0.00311596 -0.00428639
-0.112324 0.729777 -0.817622 0.0396512 -0.00216818 -0.0045261
-0.113958 0.818806 -0.763105 0.0401215 -0.00293749 -0.00429779
-0.124399 0.774912 -0.677207 0.0396761 -0.00300758 -0.00495149
-0.12724 0.82711 -0.682768 0.0399 -0.00305652 -0.00473212
-0.125484 0.883966 -0.682106 0.0407429 -0.00305192 -0.00449774
-0.155503 0.764204 -0.445862 0.0370716 -0.0018046 -0.00477325
-0.192531 1.07518 0.119646 0.0332934 -0.00202336 -0.00552902
-0.212024 1.30345 0.410973 0.0286073 -0.00279774 -0.00570304
-0.213708 1.27853 0.432422 0.0282068 -0.00285746 -0.00570304
-0.213693 1.46919 0.308029 0.0329086 -0.00345788 -0.00590366
-0.224224 1.37016 0.384727 0.0308688 -0.00366532 -0.00611913
-0.23144 1.4123 0.315025 0.0316982 -0.00364732 -0.00625556
-0.234714 1.40278 0.283002 0.0333852 -0.00350432 -0.00672013
-0.23319 1.25388 0.278573 0.0330294 -0.00357749 -0.00637692
-0.228801 1.33748 0.259462 0.0328985 -0.00393143 -0.00606977
-0.204895 1.27648 0.236796 0.0326089 -0.00332432 -0.00536597
-0.196204 1.15131 0.274215 0.033084 -0.00282652 -0.00562933
-0.192486 1.33352 0.270151 0.0314275 -0.00541739 -0.00525623
-0.206125 1.19154 0.343685 0.0226894 -0.00557069 -0.00288612
-0.151099 1.23167 0.704173 0.0148273 -0.00448292 -0.00209554
-0.157698 1.30449 0.724874 0.0166661 -0.00441544 -0.00270187
-0.162787 1.44303 0.728009 0.0175386 -0.00420944 -0.00267128
-0.162559 1.4184 0.713035 0.0183556 -0.00435762 -0.00265326
-0.165385 1.45298 0.753637 0.0200153 -0.00421447 -0.00294062
-0.175621 1.34931 0.731058 0.0215018 -0.00400992 -0.0030546
-0.174316 1.43029 0.731202 0.0222252 -0.00313423 -0.00334801
-0.181246 1.36947 0.782469 0.0225697 -0.00297954 -0.00368327
-0.182389 1.43421 0.728624 0.0249169 -0.00356188 -0.00424609
-0.191101 1.43332 0.744869 0.0257557 -0.00326195 -0.00445638
-0.195762 1.36829 0.766571 0.0250396 -0.0031429 -0.00415324
-0.155446 1.44911 0.599618 0.027159 -0.00180741 -0.0039221
-0.189633 1.41501 0.697375 0.027567 -0.00151388 -0.00517222
-0.172343 1.41844 0.507778 0.0287567 -0.00229773 -0.00502284
-0.152983 1.37785 0.386313 0.0266573 -0.00223896 -0.00451137
-0.153377 1.18669 0.548099 0.0241569 -0.00145409 -0.00451137
-0.145949 1.37256 0.513658 0.0247673 -0.00220537 -0.00396209
-0.138938 1.28996 0.524218 0.0260736 -0.0020443 -0.00431602
-0.130138 1.32355 0.425277 0.0263105 -0.00231482 -0.00358921
-0.139562 1.2638 0.557108 0.024065 -0.00275132 -0.00362471
-0.140415 1.35909 0.636137 0.0228537 -0.00297152 -0.0031025
-0.138626 1.34791 0.677427 0.0228529 -0.00300995 -0.00337873
-0.129276 1.3523 0.645331 0.0224699 -0.00293929 -0.00301932
-0.126125 1.41247 0.673419 0.0233174 -0.00307979 -0.00275151
-0.133047 1.32094 0.687285 0.0231195 -0.00343388 -0.00288951
-0.140429 1.42457 0.653596 0.0244734 -0.00300039 -0.00281787
-0.147744 1.33425 0.730309 0.0241349 -0.00314731 -0.0029755
-0.155986 1.37852 0.693347 0.0255496 -0.00290936 -0.00314788
-0.160449 1.38601 0.755929 0.0241341 -0.0026183 -0.0032009
-0.159029 1.32924 0.784085 0.0245874 -0.00240498 -0.00297864
-0.140898 1.35716 0.775805 0.0241443 -0.0024116 -0.00297864
-0.139052 1.38709 0.790797 0.0221603 -0.00244424 -0.00266321
-0.136045 1.30201 0.675882 0.0204507 -0.00281435 -0.00253047
-0.147655 1.26471 0.74046 0.0220881 -0.00321186 -0.00327442
-0.151303 1.4184 0.696181 0.023845 -0.00354759 -0.00331967
-0.158618 1.3368 0.636874 0.0258409 -0.00257314 -0.00362888
-0.161096 1.4204 0.591084 0.0255717 -0.00327841 -0.00373378
-0.159001 1.40964 0.600567 0.0258775 -0.00290375 -0.00396007
-0.170881 1.37915 0.589819 0.0253338 -0.00284614 -0.00414243
-0.171491 1.41562 0.60514 0.0259382 -0.00260565 -0.00403727
-0.168175 1.29641 0.702981 0.0238907 -0.00245223 -0.00421489
-0.162016 1.36812 0.739251 0.021738 -0.00235409 -0.00351057
-0.151459 1.27285 0.685141 0.0183472 -0.00246918 -0.00280495
-0.167782 1.22934 0.692307 0.0196464 -0.00247011 -0.00395592
-0.175 1.38592 0.675624 0.0215897 -0.0024558 -0.00396277
-0.163857 1.37297 0.642575 0.0207866 -0.00219157 -0.00396277
-0.162879 1.25641 0.567067 0.0204707 -0.00184325 -0.00388924
-0.17866 1.36122 0.609352 0.0207392 -0.00255345 -0.00414696
-0.183585 1.41541 0.618649 0.0224661 -0.00254096 -0.00437044
-0.181899 1.30229 0.672298 0.0221144 -0.00247875 -0.00421179
-0.177583 1.38465 0.649606 0.0217241 -0.00281392 -0.00397466
-0.18188 1.41123 0.619697 0.0234177 -0.00270644 -0.00415343
-0.187454 1.29748 0.671806 0.0234159 -0.0024649 -0.00423133
-0.169155 1.4037 0.617561 0.0240596 -0.00223919 -0.003918
-0.165237 1.34834 0.576365 0.0210341 -0.0023227 -0.0040274
-0.188647 1.27243 0.650009 0.0216871 -0.00143768 -0.00458004
-0.178983 1.34975 0.462502 0.0208778 -0.00041722 -0.00508612
-0.170897 1.20719 0.368335 0.0177123 0.00056246 -0.00533672
-0.192182 1.24647 0.572466 0.0198331 -0.00026107 -0.00533482
-0.195444 1.4241 0.535935 0.0242026 -0.0015016 -0.00511624
-0.195623 1.32862 0.561059 0.0246206 -0.00159317 -0.00508845
-0.183879 1.39768 0.48759 0.0255735 -0.00127549 -0.0047433
-0.197935 1.40129 0.480988 0.026246 -0.00143221 -0.00496941
-0.203016 1.36974 0.501745 0.0254239 -0.00165856 -0.00500684
-0.204948 1.44315 0.449187 0.0267972 -0.00148248 -0.0050848
-0.201846 1.23481 0.410546 0.0236941 -0.00194401 -0.00513283
-0.194948 1.17418 0.347348 0.0198466 -0.0036215 -0.00468998
-0.193752 1.21332 0.434424 0.0150425 -0.0035431 -0.00468646
-0.203624 1.00458 0.430135 0.0127996 -0.00354979 -0.00419992
-0.206066 1.12252 0.446499 0.0128775 -0.00327294 -0.00433552
-0.226145 1.33621 0.420268 0.0169102 -0.00394999 -0.00449481
-0.229305 1.24915 0.44206 0.0180628 -0.00392275 -0.00499311
-0.230048 1.4064 0.394814 0.0205634 -0.00395548 -0.00477692
-0.235291 1.39061 0.420696 0.0226783 -0.00377777 -0.00499311
-0.233583 1.34109 0.422569 0.0227427 -0.00397824 -0.00499311
-0.242845 1.38528 0.434355 0.0235105 -0.0029237 -0.00499311
-0.24048 1.30053 0.473721 0.0246332 -0.00295243 -0.00499311
-0.238852 1.37683 0.464673 0.024902 -0.00297867 -0.00499311
-0.248204 1.37614 0.418802 0.0266977 -0.00298426 -0.00499311
-0.235653 1.2705 0.486572 0.0249244 -0.00272221 -0.00519822
-0.190401 1.22323 0.272518 0.0284261 -0.00240359 -0.00555606
-0.147781 0.935698 0.0131042 0.0256938 -0.00072334 -0.00433963
-0.164779 1.04419 0.206856 0.0246776 -0.00022254 -0.0044209
-0.136951 1.13678 0.257093 0.021356 -0.00128812 -0.00301145
-0.143981 1.14844 0.410179 0.0155998 -0.00342956 -0.00177537
-0.130482 1.18558 0.449126 0.0160225 -0.00195268 -0.00330383
-0.159363 1.1896 0.516502 0.0121993 -0.00331893 -0.00283239
-0.1563 1.20036 0.519869 0.0114939 -0.00301405 -0.00270357
-0.160128 1.21747 0.510348 0.0128381 -0.0032843 -0.0030581
-0.16647 1.16114 0.500891 0.0138209 -0.00336532 -0.00304338
-0.164341 1.1762 0.480025 0.0145997 -0.0032238 -0.00262544
-0.165077 1.22904 0.501476 0.0166076 -0.00287323 -0.00276468
-0.165935 1.14693 0.537178 0.0166884 -0.00315657 -0.00323871
-0.173357 1.2952 0.504964 0.0189705 -0.00215048 -0.00325954
-0.171375 1.18588 0.595321 0.0184188 -0.00177979 -0.00320842
-0.170198 1.28964 0.588835 0.0174852 -0.00274762 -0.00253496
-0.173559 1.33946 0.56313 0.0171527 -0.00276729 -0.00246118
-0.189189 1.24971 0.552815 0.0187664 -0.00305509 -0.00327096
-0.195445 1.25786 0.502014 0.0199503 -0.0034386 -0.00355498
-0.201919 1.36814 0.474464 0.0213971 -0.002951 -0.0032002
-0.208485 1.16411 0.574129 0.0178969 -0.00266984 -0.00333381
-0.18651 1.2889 0.53063 0.0157775 -0.00259252 -0.00258521
-0.167329 1.21404 0.476825 0.0135286 -0.00102844 -0.00380143
-0.196683 1.15048 0.499743 0.0170878 -0.00258227 -0.00357877
-0.210957 1.32506 0.469755 0.0191528 -0.00300148 -0.00372877
-0.205164 1.23184 0.520425 0.0170021 -0.00258367 -0.00395409
-0.218431 1.24073 0.49669 0.0163245 -0.00261666 -0.00427161
-0.22708 1.2991 0.488151 0.0170408 -0.00233863 -0.00410428
-0.235831 1.15509 0.49896 0.0134969 -0.00266915 -0.00422861
-0.222678 1.24534 0.493433 0.0107276 -0.0029854 -0.00324815
-0.216977 1.24459 0.499129 0.0116828 -0.00389653 -0.00229622
-0.217164 1.13953 0.553311 0.014774 -0.00424439 -0.00329948
-0.217717 1.25491 0.540757 0.0140666 -0.00433809 -0.00335744
-0.215406 1.31091 0.551374 0.0156472 -0.00483369 -0.00309912
-0.226658 1.24744 0.523088 0.0157893 -0.00467096 -0.00360557
-0.226634 1.37344 0.50315 0.0170383 -0.0048154 -0.00323914
-0.230883 1.23493 0.507341 0.0163901 -0.00482599 -0.00368006
-0.246842 1.3774 0.488373 0.0187115 -0.00431045 -0.00368006
-0.244636 1.18689 0.566182 0.0174603 -0.00335817 -0.00403354
-0.241414 1.31391 0.545757 0.0188883 -0.00386953 -0.00365318
-0.244177 1.32355 0.570691 0.0189768 -0.0037797 -0.00389689
-0.241155 1.23326 0.602368 0.0178857 -0.00337429 -0.0040458
-0.238411 1.34432 0.568808 0.0198725 -0.00318215 -0.00445281
-0.25115 1.34657 0.575512 0.0204904 -0.00308131 -0.00414176
-0.246314 1.27052 0.603109 0.0193514 -0.00293014 -0.00414176
-0.249577 1.42224 0.531049 0.020918 -0.00367016 -0.00388223
-0.241271 1.36918 0.502875 0.0216993 -0.00330915 -0.00431152
-0.232331 1.27398 0.446048 0.0213797 -0.00443642 -0.00431932
-0.223854 1.36391 0.354231 0.0224986 -0.00450285 -0.0037125
-0.221867 1.25017 0.385154 0.0223603 -0.0044097 -0.00384368
-0.222727 1.27757 0.373382 0.0218193 -0.0043608 -0.00382692
-0.220448 1.27442 0.366848 0.0229009 -0.00429433 -0.0038771
-0.223672 1.28317 0.341069 0.0231046 -0.00421562 -0.00386218
-0.22505 1.2433 0.457682 0.0221769 -0.00405897 -0.00346561
-0.217254 1.20726 0.522099 0.0182505 -0.00404971 -0.00285332
-0.201669 1.21927 0.532286 0.0172028 -0.00370446 -0.0023346
-0.200905 1.11353 0.445246 0.0126483 -0.00446536 -0.00153782
-0.207289 1.12227 0.52051 0.0108579 -0.00464884 -0.00183036
-0.190905 1.23149 0.429912 0.010628 -0.00420417 -0.00248232
-0.200428 1.21768 0.438809 0.0169038 -0.00428977 -0.0031759
-0.323972 1.30643 0.506347 0.0213948 -0.00558075 -0.00869128
-0.154742 1.10429 0.178899 0.0252469 -0.00206067 -0.00484591
-0.117834 0.834666 -0.58333 0.0224456 -0.00263552 -0.00374756
-0.0955533 0.824743 -0.471843 0.0223172 -0.00296026 -0.00346026
-0.104141 0.812951 -0.0172407 0.0212288 -0.00252479 -0.00347528
-0.117147 0.862828 0.469576 0.012638 -0.00269197 -0.0033768
-0.119975 1.15655 0.508469 0.015355 -0.00295549 -0.00306816
-0.122129 1.28563 0.536721 0.0171396 -0.00297864 -0.00342977
-0.117856 1.35925 0.548179 0.0175756 -0.00295227 -0.00321414
-0.114272 1.41653 0.606292 0.0183424 -0.00283686 -0.00311556
-0.115963 1.42603 0.652621 0.019835 -0.00212935 -0.00344138
-0.126963 1.37277 0.706516 0.0196869 -0.00113092 -0.00378951
-0.121373 1.38344 0.658687 0.0218444 -0.00140594 -0.00376999
-0.123349 1.29834 0.754487 0.0196082 -0.0002317 -0.00448399
-0.119709 1.32006 0.654986 0.0228768 -0.00039495 -0.00412369
-0.130078 1.29658 0.669799 0.0227386 -0.00071797 -0.00448399
-0.132693 1.27576 0.680473 0.022442 -0.00062066 -0.00448399
-0.136081 1.32144 0.580309 0.0233447 -0.00061103 -0.00460524
-0.141537 1.41065 0.880175 0.0226705 -0.00554437 -0.00146428
0.0419554 1.05742 0.877403 0.0180621 -0.00354346 -0.00340372
0.0530463 0.938699 0.748877 0.014147 -0.00288327 -0.00270516
-0.00736999 1.12477 0.934819 0.0151953 -0.00172391 -0.0026489
0.0162806 1.31682 0.932513 0.0164117 -0.00209953 -0.00266668
-0.011076 1.41021 0.944727 0.0169531 -0.0022932 -0.00311513
-0.0261312 1.43282 0.925599 0.0166274 -0.00249634 -0.00278302
-0.0268713 1.50849 0.907789 0.0170938 -0.00273787 -0.00279692
-0.0398147 1.37964 0.894788 0.0175064 -0.00274968 -0.00313686
-0.0391396 1.44329 0.888318 0.0178109 -0.00267156 -0.00326657
-0.0497125 1.32986 0.897668 0.0188964 -0.00240881 -0.00356397
-0.0531883 1.38753 0.910779 0.019286 -0.00200208 -0.00353413
-0.0667237 1.39307 0.91883 0.019982 -0.00215118 -0.00368457
-0.0750739 1.32754 0.95755 0.0200713 -0.00127052 -0.00401411
-0.0663945 1.3085 0.908875 0.0211252 -0.00130546 -0.00428445
-0.0740798 1.43975 0.934678 0.0206778 -0.00117712 -0.00413659
-0.0873128 1.43239 0.882745 0.0200173 -0.00042163 -0.00428346
-0.100742 1.26177 0.875772 0.0189034 -0.0003059 -0.00446975
-0.0754385 1.46635 0.857769 0.0203512 -0.00069688 -0.00382196
-0.0660917 1.37885 0.76243 0.0176429 -0.00073615 -0.00377586
-0.085995 1.24609 0.670335 0.0195621 -0.00094507 -0.00446423
-0.0952359 1.33389 0.66742 0.0210443 -0.00111793 -0.0044166
-0.0888484 1.316 0.720609 0.0220056 -0.00111225 -0.00421907
-0.0871349 1.25451 0.645318 0.0218821 -0.00108508 -0.00430396
-0.0820708 1.35887 0.750381 0.0187292 -0.00264538 -0.00339875
-0.10871 1.33356 0.902045 0.0195591 -0.00386715 -0.00327553
-0.115954 1.57908 1.03129 0.0189213 -0.0033073 -0.00259607
-0.106768 1.44364 1.09775 0.0187757 -0.00222119 -0.00298248
-0.101223 1.46899 0.988416 0.0162839 -0.00471065 -0.00147982
-0.107907 1.51113 0.940667 0.0170089 -0.00525082 -0.00192549
-0.113771 1.35966 1.0173 0.0153373 -0.00606262 -0.00246178
-0.10946 1.47929 0.931173 0.0170236 -0.00522163 -0.00202004
-0.106549 1.48921 0.974063 0.01679 -0.00458413 -0.0017401
-0.111206 1.42549 0.938032 0.0172878 -0.00423143 -0.00214861
-0.115638 1.50732 0.932267 0.0197228 -0.00432792 -0.00264418
-0.123926 1.44828 0.955646 0.0180129 -0.00296961 -0.00336449
-0.125173 1.50629 1.04303 0.0176228 -0.00370538 -0.00296264
-0.0976482 1.4906 0.86562 0.0181393 -0.00396268 -0.00160079
-0.121216 1.39564 0.903652 0.0174396 -0.00419073 -0.00249038
-0.126733 1.56354 0.912985 0.018008 -0.00406698 -0.00259662
-0.145781 1.41014 0.995202 0.0175987 -0.00337479 -0.0032865
-0.164332 1.49133 0.939231 0.0120071 -0.00109579 -0.00403989
-0.127 1.40776 0.942268 0.00960995 -0.00192308 -0.00250841
-0.136559 1.36839 0.897015 0.0120095 -0.00257604 -0.00358605
-0.135048 1.49457 0.909665 0.0141561 -0.00329299 -0.0030776
-0.141104 1.52343 0.971299 0.0147876 -0.00295289 -0.00327357
-0.144441 1.44986 0.925423 0.0153282 -0.00251109 -0.00343608
-0.145974 1.55147 0.981614 0.0145604 -0.00317702 -0.0032119
-0.146298 1.51468 0.941805 0.0160945 -0.00314085 -0.00285523
-0.126967 1.44851 0.930281 0.0148024 -0.00340413 -0.00254221
-0.10478 1.55962 0.813599 0.0144869 -0.00372655 -0.00199389
-0.121799 1.40358 0.945509 0.0129124 -0.00361015 -0.00223185
-0.126625 1.36661 0.934387 0.0148611 -0.00279773 -0.00273215
-0.112168 1.47443 0.906577 0.0120333 -0.00461798 -0.00142599
-0.111459 1.32245 0.82762 0.00841138 -0.00406013 -0.00104629
-0.107091 1.32777 0.915251 0.00770275 -0.00455984 -0.00091084
-0.105137 1.47167 0.889854 0.00986166 -0.00412755 -0.00124531
-0.110182 1.40264 0.916412 0.0122002 -0.0042895 -0.00217148
-0.108554 1.41053 0.874322 0.0140256 -0.00379088 -0.00249278
-0.109874 1.52855 0.829136 0.0153134 -0.00346946 -0.00270005
-0.106028 1.38723 0.829528 0.0134328 -0.0038693 -0.00259912
-0.1002 1.47394 0.939028 0.0100994 -0.00515632 -0.00237558
-0.0993009 1.40827 0.883089 0.0124844 -0.00441269 -0.00229792
-0.102177 1.5348 0.869844 0.0140888 -0.00429001 -0.00221393
-0.102303 1.4254 0.908313 0.0139349 -0.00365995 -0.00255439
-0.10138 1.50003 0.889309 0.0146599 -0.00364454 -0.00232859
-0.10338 1.43258 0.99116 0.0138917 -0.00439578 -0.00264855
-0.108439 1.41041 0.968594 0.0157416 -0.00361552 -0.002622
-0.106573 1.50856 0.977705 0.015462 -0.00354652 -0.00243946
-0.115075 1.50578 0.906006 0.0177473 -0.0028822 -0.00225567
-0.113693 1.38661 0.94319 0.0153191 -0.0038258 -0.00309836
-0.120296 1.48522 1.00987 0.0152493 -0.00358103 -0.00254406
-0.120391 1.46768 0.942469 0.0148126 -0.00463038 -0.00213282
-0.124064 1.28809 0.857957 0.00922549 -0.007173 -0.00031838
-0.107732 1.33492 0.924344 0.00847431 -0.00618177 -0.00047508
-0.101342 1.36761 0.958695 0.00960743 -0.00631512 -0.00066659
-0.111731 1.33685 0.907073 0.0111042 -0.00625153 -0.00122424
-0.116798 1.2107 0.954577 0.00829797 -0.00657029 -0.00125669
-0.11595 1.50989 0.852037 0.0127028 -0.0070584 -0.00130024
-0.0888545 1.06999 0.808479 -0.00281699 -0.00896102 -0.00173472
-0.103183 0.849798 0.625156 -0.0249617 -0.00943193 -0.00015266
-0.110149 0.722673 0.465961 -0.0211013 -0.0110376 0.00072093
-0.104945 0.691256 0.447445 -0.018638 -0.0104075 0.00100239
-0.106482 0.573506 0.47908 -0.0202672 -0.0103428 0.00070071
-0.109765 0.679734 0.496132 -0.0203433 -0.010056 0.00062355
-0.118608 0.771104 0.519389 -0.0189167 -0.00940579 0.00043728
-0.124465 0.74674 0.568855 -0.0188854 -0.00980816 0.00048707
-0.133366 0.893309 0.640326 -0.0180827 -0.00922876 0.00028042
