-0.0194568 0.398467 0.603256 -0.0090954 -0.0018945 0.00018968
-0.0201538 0.416945 0.674661 -0.00880812 -0.00230101 0
-0.0246684 0.485908 0.723141 -0.00951131 -0.0022258 0
-0.0281185 0.49721 0.722568 -0.00977574 -0.00264874 0.00013612
-0.0288605 0.430568 0.724048 -0.00885964 -0.00242805 9.887e-05
-0.0310635 0.517221 0.767547 -0.0104418 -0.00286329 0.00033416
-0.0282323 0.444426 0.723547 -0.00938351 -0.00310826 0.0005148
-0.0181613 0.406549 0.728942 -0.00794155 -0.00362601 0.00073734
-0.0293447 0.552504 0.794731 -0.0111658 -0.00330168 0.00069587
-0.0222873 0.431256 0.78756 -0.0100111 -0.00359053 0.00075191
-0.0249721 0.482209 0.798213 -0.010655 -0.00332644 0.00081191
-0.0292773 0.506097 0.772163 -0.011015 -0.00336165 0.00078831
-0.0279945 0.441265 0.778137 -0.00997193 -0.00369588 0.00084443
-0.0284151 0.561803 0.818259 -0.0119651 -0.00319753 0.00078358
-0.0277309 0.478403 0.806342 -0.0114264 -0.00315756 0.00084931
-0.0276822 0.532344 0.839296 -0.0117653 -0.00338276 0.00066364
-0.0267703 0.566959 0.826029 -0.012143 -0.00371981 0.00089775
-0.023449 0.470152 0.842489 -0.0115966 -0.00359364 0.00096185
-0.0249525 0.568116 0.831714 -0.0122061 -0.00340376 0.00096487
-0.0276964 0.417522 0.819223 -0.0115161 -0.00369035 0.00079795
-0.0300633 0.529413 0.83051 -0.0124403 -0.00341508 0.00105541
-0.0276397 0.429459 0.810664 -0.0118034 -0.00394127 0.00089169
-0.0327931 0.502243 0.809532 -0.0116626 -0.00328248 0.00074117
-0.0331737 0.56085 0.813854 -0.0126753 -0.00335232 0.00092502
-0.0268108 0.485597 0.797729 -0.011502 -0.00372592 0.00088546
-0.0352544 0.563814 0.773484 -0.0121978 -0.00382174 0.00066364
-0.034317 0.426371 0.708454 -0.0107642 -0.00436546 0.00079709
-0.0356805 0.484704 0.645245 -0.0109043 -0.00454307 0.00088257
-0.0373471 0.380012 0.613433 -0.00944572 -0.00505577 0.00103535
-0.0455113 0.441448 0.60674 -0.00997634 -0.00475416 0.00081352
-0.0570836 0.328879 0.565685 -0.0084111 -0.00498126 0.00031141
-0.0540572 0.324232 0.427221 -0.00761523 -0.00436814 0.00034954
-0.0661242 0.170452 0.234594 -0.0044331 -0.00335462 0.0004443
-0.0600317 0.243869 0.226586 -0.00465014 -0.00329023 8.402e-05
-0.0652197 0.145061 0.204541 -0.00338702 -0.00359519 0.00048068
-0.0650906 0.213845 0.218507 -0.00408477 -0.00348452 0.00019199
-0.0601955 0.147141 0.197199 -0.0031436 -0.00369598 9.62e-05
-0.0598674 0.240707 0.231545 -0.00434387 -0.00348452 0.00018288
-0.0506278 0.165342 0.232868 -0.00396582 -0.00387721 0.00023236
-0.0374966 0.222729 0.264405 -0.00467823 -0.00394179 7.938e-05
-0.0387676 0.161255 0.24742 -0.00402338 -0.00371604 0.00014842
-0.0349029 0.241078 0.264362 -0.00464639 -0.00348452 3.655e-05
-0.0378494 0.147785 0.237478 -0.00342348 -0.00397257 0.00010569
-0.0368924 0.216222 0.227552 -0.00386965 -0.00348452 0.00013802
-0.0297229 0.14507 0.185239 -0.00324634 -0.00348452 3.384e-05
-0.0235435 0.224335 0.218728 -0.00393007 -0.00317959 -0.00010796
-0.0448869 0.102531 0.178106 -0.00294677 -0.00304651 6.44e-05
-0.0439275 0.139371 0.148268 -0.00267215 -0.00284688 -4.347e-05
-0.0404041 0.166377 0.136145 -0.0025275 -0.0032401 7.01e-06
-0.0504535 0.0692056 0.112651 -0.00140072 -0.00315273 1.393e-05
-0.0525601 0.212818 0.212801 -0.00200454 -0.0034796 -2.529e-05
-0.0558391 0.0740921 0.21202 -0.00145513 -0.00375942 -3.47e-05
-0.0564751 0.17111 0.233752 -0.00162822 -0.0035264 -0.0004843
-0.0591898 0.0981022 0.170396 -0.00102861 -0.0039987 -0.00028743
-0.0564808 0.178507 0.231548 -0.00250709 -0.0035115 -0.00019636
-0.0603499 0.0975843 0.211209 -0.00178146 -0.00337482 -0.00011068
-0.0577523 0.173689 0.209584 -0.00169639 -0.00364886 4.337e-05
-0.0615748 0.156483 0.181486 -0.00156804 -0.00392559 -0.00015304
-0.0661736 0.188878 0.21802 -0.00212143 -0.00338566 -0.00013235
-0.0676046 0.134993 0.217312 -0.00165494 -0.00328671 -0.00016433
-0.0697227 0.152096 0.240283 -0.00156804 -0.00325304 4.337e-05
-0.0670173 0.176458 0.21743 -0.00173189 -0.00328114 -0.00024053
-0.0702801 0.109516 0.209199 -0.00148339 -0.00328367 4.337e-05
-0.0650124 0.179836 0.201119 -0.00205784 -0.00342864 -0.00018915
-0.0662296 0.0849527 0.189419 -0.00156604 -0.00300527 4.337e-05
-0.0659895 0.187881 0.197212 -0.00181744 -0.00329416 4.337e-05
-0.0696316 0.0812389 0.20139 -0.00140207 -0.00331151 -1.712e-05
-0.0695359 0.263093 0.327354 -0.00246212 -0.0034547 4.337e-05
-0.0835514 -0.00068749 0.0902625 0.00034963 -0.00344137 4.337e-05
-0.0797213 0.123706 0.0672524 -0.00035134 -0.00282312 -0.00027176
-0.0928988 0.104126 0.143035 0.00017807 -0.00330466 -0.00028511
-0.0943613 0.227284 0.253508 -0.00205174 -0.0041288 -0.00016387
-0.093526 0.159034 0.311868 -0.00168285 -0.00417609 4.337e-05
-0.0874376 0.231636 0.314158 -0.00164792 -0.00440088 0.00048905
-0.0889233 0.129548 0.317948 -0.00129476 -0.00405365 0.00016247
-0.0876882 0.247044 0.331799 -0.00176905 -0.00393374 0.00037667
-0.0858992 0.135586 0.318519 -0.00122695 -0.00393374 0.00034471
-0.0876675 0.249493 0.337175 -0.00149041 -0.00410432 0.00048905
-0.0908745 0.171546 0.316317 -0.00129431 -0.00412086 0.0003398
-0.0848248 0.235833 0.324836 -0.00124287 -0.00393374 0.00033497
-0.0896623 0.201711 0.313933 -0.00139666 -0.00393374 0.00031545
-0.0876469 0.211703 0.336672 -0.00142234 -0.00393374 0.00027825
-0.0878211 0.254004 0.326828 -0.00156919 -0.00393374 0.00023782
-0.092895 0.184278 0.334485 -0.00137787 -0.00393374 0.0002517
-0.0929678 0.278071 0.334683 -0.00147764 -0.00393374 8.616e-05
-0.0969323 0.176144 0.335067 -0.00177334 -0.00364918 6.333e-05
-0.0957702 0.272036 0.359536 -0.00174479 -0.00400378 3.499e-05
-0.0939295 0.130777 0.351223 -0.00137175 -0.00381017 0.00023037
-0.0996933 0.243237 0.351828 -0.00163336 -0.00391032 0.00022658
-0.100244 0.14421 0.330811 -0.00133173 -0.00391032 0.00029889
-0.100739 0.223756 0.330996 -0.00141633 -0.00407324 4.613e-05
-0.0968337 0.215704 0.320708 -0.00079391 -0.00402235 -1.363e-05
-0.100561 0.27899 0.382182 -0.00192155 -0.00374058 6.068e-05
-0.0939523 0.20211 0.347765 -0.00118515 -0.00368183 0.00031366
-0.0876844 0.19341 0.289904 -0.00096491 -0.00338882 0.00030045
-0.0945571 0.176509 0.23394 -0.0005022 -0.00372364 0.00031079
-0.0941525 0.211186 0.293452 -0.00120731 -0.00346833 0.00020964
-0.0962451 0.172555 0.29369 -0.00137201 -0.00359103 4.01e-06
-0.0980541 0.194623 0.314498 -0.00123333 -0.0035034 -3.149e-05
-0.0974927 0.219982 0.308957 -0.00130689 -0.00370231 -0.00016958
-0.0964465 0.198401 0.317876 -0.00100779 -0.00345115 -5.417e-05
-0.0951806 0.242073 0.317531 -0.00120915 -0.00358472 -0.00014815
-0.0986743 0.146038 0.315241 -0.00074801 -0.00332191 -5.977e-05
-0.0973774 0.254067 0.328505 -0.00128629 -0.00359285 -8.196e-05
-0.0989868 0.137219 0.318522 -0.00093209 -0.00332191 -7.245e-05
-0.097933 0.266977 0.322725 -0.0012424 -0.00376262 -4.658e-05
-0.104983 0.140923 0.304221 -0.00089034 -0.00332191 -1.33e-06
-0.104623 0.268613 0.317874 -0.00128405 -0.00351885 -0.00014529
-0.107544 0.140064 0.305039 -0.00087752 -0.0035359 -5.051e-05
-0.105915 0.233167 0.325677 -0.00082676 -0.00376264 2.898e-05
-0.106559 0.190753 0.274214 0.00016671 -0.00332191 2.898e-05
-0.102571 0.248667 0.303355 -0.00092172 -0.00357996 2.898e-05
-0.105918 0.168481 0.284228 -0.00068976 -0.00352643 2.898e-05
-0.105424 0.191134 0.303052 -0.00073604 -0.00375004 2.898e-05
-0.103312 0.221847 0.284012 -0.00034704 -0.00357387 -0.00010929
-0.108822 0.204917 0.305737 -0.00071402 -0.00362817 2.898e-05
-0.104801 0.197231 0.283564 -0.00069322 -0.00350359 -4.687e-05
-0.113479 0.152998 0.281135 -0.00020952 -0.00332192 -0.00024029
-0.110979 0.23402 0.260799 -0.00029595 -0.00378248 -0.00031256
-0.110134 0.13958 0.279237 -0.00045352 -0.00342328 -0.00041521
-0.116092 0.258098 0.303137 -0.00078196 -0.00358944 -0.00055828
-0.111424 0.0978542 0.253217 -0.00090291 -0.00332192 -0.00047232
-0.112155 0.150537 0.165672 -0.00017164 -0.0035991 -0.00055358
-0.106957 0.0119026 0.073706 0.00050731 -0.00249609 -0.00033572
-0.108101 0.0520562 0.0634601 0.00064046 -0.00238123 -0.00067376
-0.115835 0.0220895 0.0435281 0.00063915 -0.00249609 -0.00055358
-0.110386 0.227404 0.175999 -0.00028703 -0.00312375 -0.00055358
-0.125615 0.0574342 0.174623 0.00060934 -0.0026394 -0.00119878
-0.126811 0.113477 0.183143 0.00163511 -0.00251996 -0.00149888
-0.118741 0.140636 0.206006 0.00182598 -0.00255563 -0.00146704
-0.121423 0.109659 0.251554 0.00093514 -0.00233356 -0.0014324
-0.125411 0.16722 0.250008 0.00199507 -0.00267792 -0.001634
-0.118771 0.143763 0.27106 0.00213692 -0.00250224 -0.00146254
-0.115249 0.176948 0.260337 0.00264257 -0.00271655 -0.00128804
-0.113643 0.164976 0.270017 0.00285866 -0.00270502 -0.00129586
-0.113058 0.194392 0.26473 0.00269584 -0.00273014 -0.00132876
-0.11616 0.209147 0.281137 0.00225741 -0.00249007 -0.00123474
-0.107798 0.180815 0.270655 0.00243458 -0.00275154 -0.00092145
-0.119366 0.171285 0.270426 0.00258429 -0.0026373 -0.00105999
-0.107876 0.221275 0.261187 0.00211857 -0.00270323 -0.00086814
-0.106933 0.124241 0.274146 0.00257098 -0.00247372 -0.00099433
-0.109214 0.247495 0.284124 0.0026365 -0.00280057 -0.00099735
-0.111505 0.11328 0.26857 0.00276374 -0.00254413 -0.00133491
-0.112695 0.225613 0.279998 0.00276219 -0.00251284 -0.00133491
-0.110583 0.166307 0.265337 0.00316637 -0.00242189 -0.00133491
-0.110044 0.1744 0.259893 0.00370571 -0.00225165 -0.00124106
-0.112402 0.20169 0.262345 0.00313854 -0.00218365 -0.00133491
-0.112657 0.131906 0.250336 0.00310731 -0.00225947 -0.00133491
-0.115962 0.248696 0.260577 0.00295612 -0.0023987 -0.00133491
-0.112087 0.12765 0.243195 0.00357314 -0.00216299 -0.00153677
-0.114774 0.247774 0.260301 0.0032572 -0.00221342 -0.00133491
-0.10929 0.114487 0.248508 0.00308342 -0.00206036 -0.00133491
-0.114189 0.188955 0.25638 0.00313634 -0.00222453 -0.00133491
-0.117342 0.141509 0.23386 0.00305168 -0.00204852 -0.00153562
-0.108886 0.178965 0.244185 0.00328343 -0.0019682 -0.00161275
-0.109693 0.150942 0.219717 0.00315713 -0.0018627 -0.00157919
-0.111261 0.126778 0.238996 0.00309437 -0.0018165 -0.00144897
-0.115895 0.194953 0.228175 0.00298711 -0.00205944 -0.00152516
-0.111596 0.115465 0.223397 0.0032926 -0.00191748 -0.00148194
-0.115733 0.211595 0.236668 0.00319536 -0.00214558 -0.00155968
-0.117291 0.110748 0.219985 0.00317799 -0.001932 -0.00154471
-0.113308 0.232159 0.238139 0.00330609 -0.00203579 -0.00180462
-0.120321 0.117285 0.230732 0.00317566 -0.00208413 -0.00166731
-0.119554 0.15949 0.237636 0.00352961 -0.00211382 -0.00180461
-0.120493 0.16515 0.221768 0.0033383 -0.00211499 -0.00175014
-0.116285 0.135251 0.244475 0.00341263 -0.0019188 -0.00173266
-0.115199 0.196928 0.224632 0.00304049 -0.00183126 -0.00185512
-0.12637 0.12055 0.231325 0.0033362 -0.00206926 -0.00167318
-0.124908 0.199442 0.224778 0.00327961 -0.00203217 -0.00180462
-0.129796 0.1394 0.223602 0.00326302 -0.00212626 -0.00180462
-0.122183 0.234303 0.222187 0.00314752 -0.00208617 -0.00186033
-0.130701 0.1241 0.231437 0.00359796 -0.0021035 -0.00180462
-0.123798 0.220439 0.235699 0.0037245 -0.00184231 -0.00222892
-0.129979 0.113607 0.218844 0.00329266 -0.00222084 -0.00169897
-0.134348 0.20875 0.229797 0.00330656 -0.00195918 -0.00205307
-0.131385 0.139155 0.214345 0.00361239 -0.00202847 -0.00202361
-0.134357 0.201067 0.225644 0.00374646 -0.00189846 -0.00222892
-0.128304 0.140844 0.210282 0.00344922 -0.0020148 -0.00222892
-0.139103 0.159412 0.236345 0.00378035 -0.00189698 -0.00239184
-0.136318 0.203738 0.215974 0.00362924 -0.00209209 -0.00242598
-0.141244 0.151812 0.237459 0.00386878 -0.00179718 -0.00249593
-0.146243 0.223262 0.22707 0.00368581 -0.00197004 -0.00286725
-0.143257 0.144666 0.242915 0.00363579 -0.00182987 -0.00255177
-0.140766 0.185145 0.180089 0.00355659 -0.00180023 -0.0027002
-0.140019 0.0970676 0.135831 0.00286141 -0.00161545 -0.00211509
-0.132858 0.184398 0.120997 0.00248787 -0.00171321 -0.00234809
-0.150652 0.148737 0.172539 0.00326852 -0.00188962 -0.00252971
-0.148214 0.35494 0.303167 0.00326852 -0.00226023 -0.00269311
-0.149766 0.160688 0.249932 0.00290633 -0.0024207 -0.00261877
-0.146326 0.261535 0.255685 0.00290349 -0.0024694 -0.00255513
-0.151576 0.177069 0.252951 0.00331295 -0.00252628 -0.00262473
-0.152154 0.242703 0.286879 0.00338283 -0.00246114 -0.00258118
-0.156462 0.166279 0.278709 0.00364516 -0.00219949 -0.00260314
-0.153116 0.273263 0.284792 0.0036712 -0.00244282 -0.00280071
-0.156834 0.193216 0.261397 0.00383671 -0.00218229 -0.00271579
-0.168473 0.326734 0.308892 0.00345274 -0.00250284 -0.0027556
-0.165873 0.236425 0.309185 0.00354048 -0.00271336 -0.00261018
-0.164221 0.303025 0.316905 0.00383197 -0.00255966 -0.00281224
-0.16311 0.284199 0.324988 0.00357256 -0.0026829 -0.00243045
-0.162744 0.219517 0.332246 0.00364641 -0.00265834 -0.00252867
-0.163255 0.290507 0.318825 0.00344144 -0.00268101 -0.00245616
-0.164826 0.189256 0.31829 0.00351348 -0.00251578 -0.00262689
-0.176118 0.290898 0.323585 0.00340256 -0.0027503 -0.00278906
-0.170344 0.184371 0.320162 0.0034581 -0.00244891 -0.00275835
-0.176336 0.321283 0.325782 0.00311779 -0.00230175 -0.00293415
-0.171447 0.2087 0.321496 0.0028642 -0.00213981 -0.0029871
-0.165654 0.341239 0.34408 0.00256241 -0.00242704 -0.00270677
-0.148047 0.29629 0.374876 0.0015766 -0.00232261 -0.00215991
-0.12497 0.342046 0.377715 0.00190322 -0.00254781 -0.00171582
-0.141163 0.38508 0.427804 0.00103922 -0.00277579 -0.00180005
-0.153242 0.32101 0.478344 0.00042061 -0.00272761 -0.00215991
-0.151899 0.441742 0.506418 0.00034496 -0.00286136 -0.00175531
-0.14342 0.336744 0.518672 0.00070274 -0.00286136 -0.00159834
-0.156 0.484673 0.571997 0.00059431 -0.00326647 -0.0018427
-0.158608 0.365947 0.551464 0.00032206 -0.00277271 -0.00215991
-0.161443 0.444348 0.597925 4.08e-06 -0.00357101 -0.00190991
-0.155699 0.419131 0.569444 0.0007807 -0.00378618 -0.00183407
-0.161027 0.416037 0.647053 0.00043107 -0.00413833 -0.00190991
-0.160798 0.476543 0.61436 0.00065895 -0.00378618 -0.00190991
-0.163625 0.417058 0.615968 0.00157581 -0.00353074 -0.00240886
-0.174591 0.513265 0.614918 0.00101266 -0.00385158 -0.00241304
-0.173842 0.390383 0.637945 0.00172698 -0.0038629 -0.0024754
-0.179842 0.521898 0.640265 0.00175322 -0.00436705 -0.00245207
-0.176683 0.407626 0.578966 0.00395888 -0.00427752 -0.00259961
-0.182059 0.488245 0.614529 0.00193489 -0.00427752 -0.00259961
-0.181089 0.384475 0.582588 0.00233316 -0.00427752 -0.00259961
-0.1827 0.463506 0.576162 0.00287215 -0.00460517 -0.00259961
-0.188019 0.445161 0.598291 0.00222569 -0.00401638 -0.00310636
-0.190543 0.3978 0.593773 0.00350896 -0.00384733 -0.00301275
-0.200534 0.512106 0.63247 0.00256912 -0.00427752 -0.00320585
-0.195759 0.381117 0.588639 0.00274732 -0.00427752 -0.00315053
-0.188972 0.480271 0.572066 0.00253127 -0.00427752 -0.00290679
-0.18415 0.345064 0.534682 0.00194933 -0.0032579 -0.00304833
-0.18852 0.435124 0.525984 0.0032462 -0.00299904 -0.00329955
-0.188626 0.434528 0.50789 0.00186362 -0.00261394 -0.00279833
-0.183821 0.31964 0.468539 0.00257949 -0.00269788 -0.00273338
-0.203826 0.429782 0.523666 0.00183865 -0.00291015 -0.00304833
-0.19521 0.386536 0.549161 0.00249468 -0.00299904 -0.00304833
-0.207467 0.489754 0.621514 0.00216382 -0.00333853 -0.00327251
-0.194808 0.369418 0.62609 0.00318334 -0.00334194 -0.00304833
-0.20865 0.456014 0.651827 0.00304163 -0.00367367 -0.00310994
-0.20514 0.369484 0.610764 0.00372167 -0.00379593 -0.00304833
-0.206387 0.419445 0.641297 0.00354074 -0.0038588 -0.00319198
-0.2103 0.461128 0.577518 0.00390501 -0.00381999 -0.00334529
-0.218773 0.458616 0.624652 0.00357014 -0.00341576 -0.00350336
-0.210082 0.405908 0.591277 0.00331227 -0.00341576 -0.00334531
-0.213197 0.427017 0.61727 0.00378156 -0.00341576 -0.00342141
-0.217037 0.458429 0.570362 0.00475734 -0.00341576 -0.00342316
-0.221054 0.429889 0.616616 0.00393989 -0.00341576 -0.00347255
-0.215196 0.456553 0.602065 0.00377588 -0.0036043 -0.00343916
-0.220435 0.381057 0.634966 0.00443052 -0.00326303 -0.00373197
-0.231128 0.488561 0.612952 0.00433387 -0.00333544 -0.00385173
-0.225065 0.369738 0.579583 0.00493093 -0.00341576 -0.0038819
-0.23247 0.475661 0.610426 0.00436438 -0.00341576 -0.00395274
-0.228842 0.369279 0.603719 0.00456239 -0.00330518 -0.00387901
-0.239777 0.415637 0.616257 0.00480015 -0.00318331 -0.00407061
-0.232883 0.454251 0.60537 0.00467017 -0.00323183 -0.0040396
-0.231039 0.374927 0.622434 0.00517897 -0.00277032 -0.00414915
-0.234521 0.479781 0.610874 0.00467533 -0.00323574 -0.00406406
-0.22883 0.360925 0.57129 0.00647154 -0.00282833 -0.00434886
-0.241477 0.527739 0.58199 0.00598295 -0.00275677 -0.00419942
-0.240958 0.377482 0.628162 0.00470416 -0.00262819 -0.0044947
-0.249598 0.455002 0.640903 0.00443467 -0.00272659 -0.00445942
-0.24334 0.401116 0.620348 0.00448555 -0.00296536 -0.00438926
-0.254633 0.432285 0.644052 0.00415728 -0.003008 -0.00438926
-0.258215 0.454612 0.594503 0.00441545 -0.00314358 -0.0045491
-0.259343 0.386151 0.638489 0.00448373 -0.00297042 -0.00438926
-0.261438 0.504497 0.612089 0.00500257 -0.00321231 -0.00438926
-0.251606 0.400113 0.618277 0.00401775 -0.00346294 -0.004236
-0.255517 0.451101 0.652888 0.00401721 -0.00322663 -0.00438926
-0.249353 0.412537 0.619038 0.00461256 -0.00306007 -0.00438926
-0.258792 0.457007 0.602707 0.00398114 -0.00304383 -0.00438926
-0.26281 0.439611 0.564215 0.00390325 -0.00346294 -0.00438926
-0.271478 0.411254 0.605119 0.004151 -0.00313513 -0.00476436
-0.258926 0.52727 0.586667 0.00346891 -0.00379456 -0.0046895
-0.265179 0.39272 0.660171 0.0034374 -0.00398909 -0.00441962
-0.254926 0.478444 0.560953 0.00333047 -0.00364045 -0.0042064
-0.24603 0.360072 0.549588 0.0036932 -0.00363168 -0.0042064
-0.250091 0.497791 0.598743 0.00223784 -0.00390416 -0.00412291
-0.237821 0.412994 0.622949 0.00136345 -0.00433516 -0.00360051
-0.246617 0.467843 0.641207 0.00190763 -0.00458626 -0.00383465
-0.254614 0.436413 0.617918 0.00297216 -0.00358351 -0.00429754
-0.256998 0.489757 0.638638 0.00310431 -0.00383698 -0.00431372
-0.254011 0.429677 0.642669 0.00337076 -0.00406466 -0.00431372
-0.266039 0.45076 0.659125 0.00363003 -0.00396261 -0.00470924
-0.268617 0.54858 0.628163 0.0037069 -0.00411688 -0.00481558
-0.272113 0.410884 0.598325 0.00501358 -0.00305892 -0.00495131
-0.292984 0.543956 0.644239 0.00327518 -0.00370236 -0.00582084
-0.297813 0.417298 0.633012 0.00353725 -0.00392241 -0.00545228
-0.285605 0.473588 0.645696 0.0033919 -0.00402395 -0.00520498
-0.267478 0.434968 0.609149 0.00371515 -0.00392241 -0.00483434
-0.269801 0.443565 0.618926 0.00398369 -0.00392241 -0.00482442
-0.273527 0.468936 0.596836 0.00336378 -0.0038194 -0.00462013
-0.276292 0.393534 0.628636 0.00403641 -0.00379436 -0.00476072
-0.283377 0.519039 0.621405 0.00380258 -0.00399051 -0.00496354
-0.282666 0.383516 0.611973 0.00385123 -0.00404793 -0.00496354
-0.284699 0.507261 0.59086 0.00440178 -0.00434721 -0.00482771
-0.275675 0.368611 0.614293 0.00418731 -0.00392241 -0.00463068
-0.284816 0.453905 0.611816 0.00382977 -0.00388406 -0.00472029
-0.286723 0.38532 0.59582 0.00417439 -0.00398432 -0.00471354
-0.291711 0.411557 0.626911 0.00439304 -0.00428371 -0.00507738
-0.293663 0.493566 0.572773 0.0051714 -0.00400195 -0.00509612
-0.29462 0.415281 0.630393 0.00438723 -0.00376951 -0.00506905
-0.294404 0.487448 0.625136 0.00420822 -0.00415621 -0.00492505
-0.290895 0.413213 0.607597 0.00442807 -0.00449081 -0.00504558
-0.301882 0.512591 0.625075 0.00370041 -0.00439779 -0.0052877
-0.296609 0.368088 0.604093 0.00440048 -0.00415811 -0.00509089
-0.299297 0.515054 0.593057 0.00468073 -0.00441226 -0.0052877
-0.29344 0.405984 0.573308 0.00427342 -0.00403707 -0.00528771
-0.291613 0.385374 0.613157 0.00419562 -0.00378954 -0.00503852
-0.290884 0.402255 0.56755 0.00393794 -0.00374342 -0.00497545
-0.293901 0.385394 0.587451 0.00345541 -0.00396649 -0.00528771
-0.308096 0.506492 0.574348 0.00356602 -0.00384901 -0.00554802
-0.308774 0.433111 0.591044 0.00417116 -0.00382024 -0.00567611
-0.306715 0.535333 0.57548 0.00398606 -0.00377989 -0.0056026
-0.299262 0.382761 0.599882 0.00426108 -0.00398852 -0.00508663
-0.308813 0.499465 0.534 0.00606248 -0.00457163 -0.00556
-0.313669 0.431609 0.564198 0.00425673 -0.0041261 -0.0055359
-0.309268 0.394636 0.614428 0.00436669 -0.00360786 -0.00567981
-0.318426 0.488448 0.604875 0.00388593 -0.00393144 -0.0055359
-0.321806 0.366187 0.579858 0.00482448 -0.00406883 -0.0059806
-0.323541 0.50271 0.553655 0.0051974 -0.00431924 -0.00601587
-0.327777 0.373357 0.6033 0.00466128 -0.00378805 -0.00608353
-0.334007 0.521726 0.610052 0.00390302 -0.00429526 -0.00625793
-0.330862 0.424665 0.565255 0.00473526 -0.00430105 -0.00616204
-0.333422 0.520997 0.575365 0.00482301 -0.00434637 -0.00613348
-0.330603 0.398214 0.589369 0.00454336 -0.00383031 -0.00604177
-0.331499 0.51219 0.562779 0.0042539 -0.00411648 -0.00604177
-0.319857 0.376933 0.554601 0.00499234 -0.00365215 -0.0057188
-0.302233 0.574489 0.594978 0.00536009 -0.0033317 -0.00525216
-0.293594 0.520238 0.66855 0.00987973 -0.00038349 -0.00443089
-0.253721 0.288159 0.707404 0.00468913 -0.00142492 -0.00387989
-0.221925 0.431924 0.830145 0.00382406 -0.00425457 -0.00278136
-0.217755 0.566672 0.773782 0.00503689 -0.00316052 -0.00280438
-0.24929 0.616118 0.760848 0.00524065 -0.00298286 -0.00365233
-0.275386 0.647196 0.737851 0.0055584 -0.00273669 -0.0042095
-0.265755 0.668025 0.707736 0.0052662 -0.00332641 -0.00393237
-0.271248 0.613444 0.741843 0.00611601 -0.00297932 -0.0039116
-0.268115 0.608545 0.749747 0.00607385 -0.00314771 -0.00398171
-0.273881 0.63481 0.755058 0.00642624 -0.00300644 -0.00428043
-0.278576 0.569486 0.758307 0.006836 -0.00313666 -0.00428043
-0.286848 0.513691 0.754504 0.00755324 -0.00300588 -0.00450718
-0.291232 0.589994 0.758533 0.0070289 -0.00310329 -0.00447681
-0.293524 0.493028 0.740674 0.0071926 -0.00310226 -0.00450034
-0.301643 0.548633 0.744564 0.00717947 -0.0031645 -0.00491169
-0.327674 0.632258 0.751732 0.00686536 -0.00326663 -0.0053451
-0.332672 0.502637 0.728924 0.00754114 -0.00306781 -0.00499632
-0.345902 0.615014 0.73116 0.00771674 -0.00301603 -0.00561877
-0.339333 0.556287 0.688144 0.00838015 -0.00293097 -0.0053652
-0.330333 0.577246 0.720874 0.0081243 -0.00287971 -0.0049515
-0.316691 0.544036 0.631282 0.00788815 -0.00276134 -0.00438305
-0.323132 0.482292 0.631022 0.0074683 -0.00330415 -0.00479998
-0.317069 0.576389 0.614652 0.00689475 -0.00317197 -0.00432286
-0.319663 0.473151 0.593534 0.00762633 -0.00309776 -0.00431835
-0.335595 0.600971 0.614836 0.0069712 -0.00276575 -0.00503646
-0.350822 0.46911 0.621557 0.00723883 -0.0030964 -0.00537025
-0.326169 0.566494 0.579269 0.00733365 -0.00287997 -0.0047758
-0.312959 0.497633 0.555028 0.00660576 -0.00299717 -0.0040543
-0.291084 0.57669 0.654403 0.00549554 -0.00242011 -0.00397624
-0.289553 0.503445 0.659754 0.00517351 -0.00269101 -0.00356376
-0.262383 0.604262 0.671773 0.00408971 -0.0030109 -0.00297507
-0.258207 0.52161 0.679682 0.00495912 -0.00320641 -0.0029276
-0.262988 0.610548 0.714147 0.00499401 -0.0027064 -0.0033044
-0.279477 0.55799 0.70838 0.00561063 -0.00228834 -0.00386987
-0.288611 0.633059 0.689827 0.00589787 -0.00275925 -0.00405448
-0.305405 0.561987 0.687882 0.00656442 -0.00185201 -0.00413734
-0.311822 0.594353 0.727678 0.00637284 -0.00204386 -0.00482423
-0.316154 0.612785 0.703486 0.00707063 -0.00180627 -0.00528915
-0.321255 0.587893 0.699839 0.00715731 -0.00195269 -0.00508501
-0.318665 0.576156 0.687785 0.00707953 -0.00209984 -0.00476795
-0.316351 0.523063 0.708128 0.00720788 -0.00212854 -0.00508501
-0.319277 0.627891 0.65213 0.00678284 -0.00225607 -0.00491199
-0.312359 0.514983 0.685721 0.00728227 -0.00258491 -0.00489937
-0.315998 0.657651 0.696244 0.00698143 -0.0021651 -0.00489937
-0.308506 0.547192 0.66905 0.0072463 -0.00235241 -0.00441355
-0.314149 0.552891 0.645723 0.00844014 -0.00269595 -0.0047662
-0.324629 0.651223 0.665188 0.00724618 -0.00224479 -0.00492378
-0.322903 0.52467 0.657774 0.00771888 -0.00216384 -0.00466488
-0.326818 0.59536 0.672368 0.00771086 -0.00201066 -0.00511478
-0.330015 0.640574 0.634655 0.00853701 -0.00198655 -0.00495766
-0.328107 0.507789 0.675507 0.00833361 -0.00203042 -0.00514906
-0.332297 0.639658 0.649957 0.00852284 -0.00182626 -0.00520766
-0.327808 0.49571 0.667956 0.00820304 -0.00199927 -0.00520766
-0.349797 0.615905 0.656794 0.0081366 -0.0018857 -0.00554631
-0.351223 0.499295 0.655258 0.0084114 -0.00209445 -0.00532574
-0.359483 0.569471 0.651693 0.00811354 -0.00142762 -0.00580017
-0.354436 0.5602 0.656068 0.00763689 -0.00235988 -0.00555657
-0.355638 0.551685 0.661243 0.009009 -0.00232799 -0.00576419
-0.334577 0.623032 0.663721 0.00840796 -0.00159278 -0.00467208
-0.320789 0.55547 0.726384 0.00735048 -0.00173077 -0.00404815
-0.292559 0.663077 0.744708 0.00572787 -0.00229802 -0.00340416
-0.290456 0.607582 0.756612 0.00658241 -0.00217794 -0.0030046
-0.281725 0.678931 0.789976 0.00526761 -0.00237299 -0.00314991
-0.267616 0.586667 0.835871 0.00500802 -0.00208622 -0.00266766
-0.266527 0.706265 0.810264 0.00515622 -0.00257549 -0.00261616
-0.267284 0.586233 0.819467 0.00575703 -0.00206563 -0.00261615
-0.266405 0.711918 0.855938 0.00495924 -0.00214864 -0.00261615
-0.274148 0.624905 0.82724 0.00564248 -0.001902 -0.00234471
-0.274784 0.664762 0.857411 0.00586122 -0.00181216 -0.0027217
-0.267283 0.736169 0.770436 0.00816741 -0.00257985 -0.00258145
-0.275906 0.623925 0.869137 0.00614453 -0.00191656 -0.00308246
-0.275049 0.753771 0.865424 0.00551303 -0.0022223 -0.00326924
-0.281123 0.618967 0.830776 0.00650557 -0.00169821 -0.00281207
-0.282468 0.695986 0.896367 0.0054563 -0.00169441 -0.00335081
-0.287408 0.706421 0.855768 0.00540184 -0.00213943 -0.00327005
-0.27812 0.606619 0.893558 0.0056241 -0.00179168 -0.00312127
-0.273975 0.739196 0.864978 0.00598499 -0.00138079 -0.00327005
-0.283896 0.628929 0.88875 0.00594364 -0.00125826 -0.00327005
-0.298437 0.754752 0.857812 0.00739393 -0.00100216 -0.0038969
-0.296229 0.725047 0.909832 0.00570038 -0.00131288 -0.00437913
-0.310111 0.665235 0.930453 0.00674673 -0.00137483 -0.00452286
-0.313443 0.80729 0.838856 0.00655803 -0.00158201 -0.0049428
-0.317413 0.629648 0.832402 0.00740881 -0.00108516 -0.00482993
-0.32985 0.691842 0.825096 0.00656082 -0.00156877 -0.00519579
-0.320322 0.621128 0.778576 0.00624605 -0.00218653 -0.00497877
-0.340759 0.654772 0.801274 0.00636772 -0.00168658 -0.00513302
-0.341944 0.628418 0.771412 0.00696875 -0.00189977 -0.00521243
-0.348692 0.688596 0.790261 0.00690187 -0.00173943 -0.00573773
-0.349799 0.618829 0.771133 0.00689649 -0.00156748 -0.0054981
-0.347918 0.697745 0.734329 0.00936104 -0.00152048 -0.00583654
-0.365285 0.719009 0.744849 0.00766922 -0.00168968 -0.00592429
-0.362884 0.61767 0.739895 0.00867445 -0.00165818 -0.00579949
-0.369431 0.698115 0.758665 0.00783185 -0.00130228 -0.00589909
-0.328385 0.376819 0.353472 0.0104817 -0.00375681 -0.00503439
-0.221638 -1.62447 -2.57735 0.0283553 -0.00514666 -0.00077944
-0.107218 -1.39629 -2.68162 0.0290332 -0.0022675 -0.00030942
-0.101378 -1.06678 -2.5094 0.0296079 -0.00033204 -0.00102925
-0.0875285 0.319599 -1.16489 0.0337717 0.00136612 -0.00297723
-0.111798 0.179588 -0.64482 0.0295465 0.00119272 -0.00426393
-0.119319 0.0726731 -0.491489 0.028353 0.0016122 -0.00468051
-0.126156 -0.128778 -0.444629 0.0294429 0.00203751 -0.00515425
-0.146519 -0.0895045 -0.358284 0.0288782 0.00203965 -0.00516557
-0.134634 -0.164293 -0.301242 0.0277371 0.0008699 -0.00524394
-0.150969 -0.0345355 -0.258629 0.0269198 0.0017102 -0.00525086
-0.149501 0.0126692 -0.32147 0.0266096 0.00090588 -0.00481548
-0.147728 0.163556 -0.307139 0.0261119 0.00112056 -0.00475171
-0.156934 0.319394 -0.329558 0.0263077 0.00079499 -0.00480232
-0.166695 0.331757 -0.329575 0.0268583 0.00068134 -0.00512171
-0.164639 0.409716 -0.335553 0.0264309 0.00043518 -0.00475706
-0.162529 0.251657 -0.31084 0.0266747 0.00095452 -0.00486241
-0.167585 0.288246 -0.305218 0.0259067 0.00043623 -0.00475706
-0.164564 0.081335 -0.300566 0.0261998 0.001132 -0.00497502
-0.175415 0.0969682 -0.265476 0.0251122 0.00111526 -0.00545002
-0.186175 0.0826148 -0.29783 0.0271089 0.00122441 -0.00531454
-0.184605 0.0319574 -0.255624 0.0263951 0.00039072 -0.0051926
-0.202627 0.0287271 -0.113593 0.0334425 0.00632155 -0.0070976
-0.236223 -0.0208311 0.14134 0.0341917 0.0124505 -0.00919317
-0.295292 0.362217 0.209577 0.0195987 0.00854584 -0.00576893
-0.263776 0.780342 0.579282 0.0185262 0.00794501 -0.00516547
-0.212547 0.682006 0.720531 0.0158965 0.00767899 -0.00484527
-0.21284 0.74293 0.741815 0.0161892 0.00732078 -0.00460763
-0.219449 0.59847 0.700204 0.0187629 0.00761751 -0.0051408
-0.228405 0.642277 0.696949 0.018868 0.00690923 -0.00546509
-0.22729 0.547411 0.656198 0.0204394 0.00746493 -0.00565345
-0.23595 0.614275 0.681295 0.0200133 0.00679165 -0.00592958
-0.241897 0.597489 0.598893 0.0219185 0.00660716 -0.00604709
-0.239269 0.623728 0.573742 0.0219364 0.0073023 -0.00604709
-0.250277 0.692173 0.49894 0.0219571 0.00803827 -0.00666032
-0.246538 0.640115 0.59735 0.0205437 0.00778874 -0.00686889
-0.267416 0.683523 0.539998 0.0225888 0.00849284 -0.00702182
-0.253371 0.679562 0.495185 0.0212737 0.00727798 -0.00679451
-0.251767 0.574893 0.517084 0.0213873 0.0078369 -0.00662283
-0.254752 0.623423 0.511362 0.020397 0.00708644 -0.00631848
-0.250823 0.505763 0.482071 0.0216294 0.0070888 -0.00632184
-0.263218 0.610387 0.453867 0.0217963 0.00773418 -0.00662283
-0.264836 0.51686 0.428834 0.023519 0.00810963 -0.00650123
-0.27155 0.640401 0.520793 0.0217742 0.00749149 -0.00669482
-0.272135 0.56937 0.487156 0.0218816 0.00809615 -0.00675369
-0.265618 0.658814 0.529219 0.0211911 0.00649718 -0.00654191
-0.270316 0.585514 0.508016 0.0217334 0.00796699 -0.0065683
-0.265836 0.633217 0.514225 0.021285 0.00697328 -0.00642754
-0.264667 0.586999 0.462634 0.0216158 0.00713702 -0.00645115
-0.259964 0.602888 0.518395 0.0212248 0.00755037 -0.00648166
-0.271298 0.646563 0.506501 0.0208773 0.00741063 -0.00685358
-0.260596 0.55794 0.47965 0.0226178 0.00728813 -0.00659684
-0.287416 0.667633 0.514353 0.0218359 0.00753585 -0.00706296
-0.285967 0.556716 0.521885 0.0215155 0.00734138 -0.00692184
-0.290103 0.625778 0.500216 0.0227188 0.00806911 -0.00724293
-0.289449 0.670514 0.438221 0.0242939 0.00842727 -0.00724293
-0.284564 0.58625 0.484155 0.0235919 0.00799036 -0.00724293
-0.290565 0.676235 0.536793 0.0224469 0.00777065 -0.00737819
-0.293395 0.582072 0.479307 0.0242306 0.00767632 -0.0073816
-0.301785 0.677479 0.479656 0.024177 0.00777348 -0.00760434
-0.294457 0.596237 0.417467 0.0248475 0.0076957 -0.00753656
-0.294069 0.619537 0.456858 0.0240668 0.00829998 -0.00752626
-0.301281 0.67009 0.422958 0.0241075 0.00835868 -0.00749605
-0.295658 0.584855 0.453129 0.0238528 0.00815118 -0.00757526
-0.30108 0.719531 0.358883 0.0260591 0.00881891 -0.00780273
-0.301182 0.565932 0.337105 0.0264709 0.00832593 -0.00771966
-0.300857 0.657683 0.336395 0.0269614 0.00700519 -0.00789137
-0.299883 0.532025 0.324861 0.0256213 0.00782464 -0.00767652
-0.300498 0.620822 0.324427 0.0265345 0.00785911 -0.0079243
-0.324828 0.591617 0.314537 0.0259644 0.00799187 -0.00834884
-0.273846 0.193199 -0.0982692 0.0245664 0.00549047 -0.00756773
-0.240478 -0.508553 -1.42027 0.041297 0.00450369 -0.00558183
-0.213867 -0.533576 -1.4688 0.0430761 0.00565133 -0.00566078
-0.241176 -0.339029 -1.42407 0.0432376 0.00750947 -0.00630831
-0.269755 -0.28487 -1.23034 0.041935 0.00765482 -0.00637039
-0.29797 0.583024 -0.280199 0.033189 0.00706855 -0.00599151
-0.302438 0.328761 -0.099436 0.030477 0.0056233 -0.00632786
-0.315855 0.299821 -0.0558202 0.0308667 0.00641859 -0.00669689
-0.334253 0.262434 -0.0740592 0.0314425 0.0067584 -0.00695306
-0.33531 0.209829 -0.0491497 0.0312054 0.00603136 -0.00748138
-0.344703 0.341897 -0.0473735 0.0307523 0.00593942 -0.00736316
-0.355136 0.309406 -0.109778 0.0337342 0.00619747 -0.00784351
-0.366558 0.481743 -0.0963356 0.0316853 0.00595681 -0.00773395
-0.366421 0.469694 -0.0932375 0.0323175 0.00629802 -0.0077718
-0.367945 0.495905 -0.0845485 0.032453 0.00552722 -0.00790298
-0.369476 0.606263 -0.146888 0.0333063 0.00526286 -0.00789338
-0.37494 0.394419 -0.105498 0.0327451 0.00617588 -0.00799839
-0.381501 0.483495 -0.105939 0.0329322 0.00683929 -0.0083207
-0.362919 0.333162 -0.0915725 0.0327138 0.00610062 -0.00817232
-0.37205 0.38457 -0.0844553 0.0322726 0.00653921 -0.00791804
-0.364304 0.273416 -0.104714 0.0322576 0.00551238 -0.0077249
-0.377237 0.383444 -0.0596749 0.0311715 0.00563938 -0.0079986
-0.36696 0.309627 -0.0707793 0.0309887 0.00561966 -0.00793815
-0.37181 0.447701 -0.0548823 0.0316676 0.00610639 -0.00782299
-0.367616 0.40873 -0.0686955 0.0322335 0.00642659 -0.00750851
-0.37607 0.545484 -0.0327711 0.0314086 0.00566932 -0.00760997
-0.38806 0.445723 -0.0601004 0.0321518 0.00548406 -0.0076633
-0.397587 0.465204 -0.0516206 0.0329137 0.0059752 -0.00818428
-0.398275 0.498141 -0.0728114 0.0326323 0.0056154 -0.0079867
-0.376416 0.419319 -0.126949 0.0352358 0.00581826 -0.00801009
-0.393997 0.466905 -0.0570306 0.0326487 0.00589418 -0.0081854
-0.380098 0.324878 -0.0898161 0.0341081 0.00651805 -0.00827853
-0.400788 0.437915 -0.0912024 0.0339259 0.00585106 -0.00849196
-0.402827 0.365518 -0.0967885 0.0334551 0.00600027 -0.00856581
-0.394682 0.375931 -0.0671954 0.0341725 0.00608697 -0.00876996
-0.401713 0.35976 -0.148686 0.0352732 0.00647783 -0.00915015
-0.357051 -0.0125321 -1.13046 0.114561 0.0128752 -0.0139233
-0.27474 0.44255 -0.781188 0.101756 0.0162728 -0.011813
-0.280894 0.404398 -0.684035 0.0985183 0.0139822 -0.0109795
-0.282165 0.54139 -0.650567 0.098666 0.0140003 -0.0107876
-0.295226 0.514482 -0.628199 0.0991901 0.0131591 -0.0107287
-0.314529 0.499831 -0.659446 0.101113 0.0140365 -0.0118171
-0.31097 0.472396 -0.630338 0.100634 0.0143534 -0.0115514
-0.32681 0.530183 -0.573366 0.1009 0.0141115 -0.0117313
-0.324016 0.557747 -0.543302 0.0985219 0.013725 -0.0115038
-0.326374 0.481273 -0.511199 0.100691 0.0130273 -0.0115891
-0.352768 0.619016 -0.469006 0.10029 0.0140179 -0.0116804
-0.364763 0.67246 -0.436786 0.114259 0.0134732 -0.0121639
-0.467325 1.27119 0.105871 0.144581 0.0181589 -0.0140608
-0.468604 1.17452 0.369259 0.125868 0.0193264 -0.0123807
-0.522402 1.69867 0.947768 0.111024 0.0192231 -0.0137873
-0.529529 1.57406 1.09092 0.11408 0.020044 -0.0147175
-0.516048 1.6619 1.15802 0.113814 0.0191306 -0.0141314
-0.520566 1.61767 1.15542 0.114826 0.0195254 -0.0145753
-0.529553 1.69975 1.1481 0.114081 0.0190788 -0.0147818
-0.537516 1.7129 1.15315 0.114924 0.0200485 -0.01527
-0.531838 1.75987 1.1913 0.114607 0.0198167 -0.0151057
-0.528753 1.84836 1.19944 0.11536 0.0200662 -0.0153691
-0.544676 1.86327 1.26027 0.115134 0.0213848 -0.0157757
-0.553172 1.87764 1.21852 0.118024 0.0211002 -0.0160734
-0.555819 1.83451 1.2522 0.116999 0.0216807 -0.0163392
-0.566414 1.8025 1.26801 0.116669 0.0223858 -0.0164403
-0.590482 1.82136 1.26344 0.115065 0.021529 -0.0169615
-0.576224 1.70533 1.24196 0.115501 0.0209345 -0.0167921
-0.579553 1.65782 1.24514 0.115772 0.0206547 -0.0169277
-0.587913 1.75351 1.20853 0.115884 0.0204468 -0.0169115
-0.592804 1.64646 1.26033 0.114957 0.0210975 -0.0168021
-0.61106 1.82903 1.16743 0.115774 0.021444 -0.0171816
-0.616064 1.71676 1.20697 0.11557 0.0206485 -0.0170719
-0.64604 1.91066 1.31014 0.113769 0.021543 -0.017177
-0.658265 1.75001 1.3413 0.113907 0.0212638 -0.0170759
-0.668132 1.85039 1.26726 0.116735 0.0222459 -0.0180068
-0.686276 1.8835 1.31271 0.114513 0.0212181 -0.0175028
-0.689875 1.76716 1.30057 0.115785 0.0220315 -0.0178464
-0.687935 1.90531 1.32136 0.115369 0.0221096 -0.0180743
-0.683144 1.7599 1.35622 0.113845 0.0215184 -0.0177709
-0.691501 1.89316 1.39019 0.112926 0.0212577 -0.0176872
-0.688736 1.8423 1.33551 0.11394 0.0214478 -0.0172488
-0.689355 1.83609 1.30882 0.11589 0.0217714 -0.0177807
-0.691123 1.95207 1.36431 0.113312 0.021416 -0.0177668
-0.68527 1.81708 1.3231 0.116267 0.0205774 -0.0176872
-0.698886 1.9498 1.34465 0.115677 0.0214784 -0.0176782
-0.701235 1.8423 1.38864 0.114779 0.0208623 -0.0175384
-0.700539 1.89274 1.4085 0.114574 0.0210597 -0.0177582
-0.711037 1.97015 1.34247 0.1165 0.0215468 -0.0178856
-0.715517 1.86169 1.36803 0.116327 0.0215056 -0.018099
-0.715836 1.93422 1.40017 0.116482 0.0214389 -0.0179571
-0.710741 1.90191 1.39267 0.115632 0.0211455 -0.0176872
-0.716002 1.81771 1.37587 0.115983 0.0214686 -0.0175931
-0.71381 1.89797 1.35321 0.115133 0.021636 -0.0176219
-0.717428 1.7933 1.33489 0.11631 0.0218495 -0.0179967
-0.727089 1.91977 1.38676 0.114853 0.0218191 -0.018175
-0.722816 1.86841 1.40991 0.114517 0.0214732 -0.0177495
-0.713175 1.97378 1.44817 0.114079 0.0212991 -0.0175959
-0.712872 1.86567 1.47513 0.113497 0.0215226 -0.0174922
-0.706898 1.94697 1.44939 0.116228 0.02059 -0.0172956
-0.715106 1.976 1.47585 0.115116 0.0203489 -0.017059
-0.703748 1.96013 1.51316 0.114528 0.0205346 -0.0171157
-0.712454 2.01119 1.57743 0.112634 0.021718 -0.0172785
-0.720695 2.03331 1.53567 0.113084 0.0214717 -0.0174147
-0.719634 1.91601 1.50577 0.116236 0.0203517 -0.0176613
-0.738743 1.99249 1.55499 0.113476 0.0211846 -0.0176538
-0.740448 1.89415 1.47357 0.115173 0.0205561 -0.0178209
-0.733631 1.90438 1.45321 0.114755 0.0209536 -0.0180197
-0.751985 2.00201 1.47514 0.112336 0.0207778 -0.0181621
-0.742648 1.86646 1.46832 0.11504 0.0202923 -0.0179007
-0.746596 1.96863 1.51268 0.112871 0.0204561 -0.0178856
-0.739034 1.92319 1.47754 0.113433 0.020162 -0.0177129
-0.737998 1.87804 1.51725 0.114165 0.020526 -0.0177724
-0.745736 2.03319 1.47734 0.114284 0.0206331 -0.0176528
-0.731601 1.90565 1.5677 0.112153 0.0202142 -0.0176528
-0.732471 2.01784 1.59945 0.111138 0.0198288 -0.0173763
-0.723362 1.96864 1.61081 0.11028 0.0197874 -0.0176528
-0.714821 2.05675 1.64758 0.108661 0.0192962 -0.0170695
-0.69688 1.9854 1.65655 0.107236 0.0192068 -0.0161461
-0.717091 2.08159 1.68667 0.106706 0.0203232 -0.0165517
-0.707082 1.98855 1.71091 0.107208 0.0197673 -0.0167871
