0.00682207 0.00856361 0.121167 -0.00022225 0 0
0 0.0263632 0.108358 -0.00059874 0 0
0.0118176 0 0.105823 0 0.0003753 0
0.0192817 2.841e-05 0.17917 -0.00038196 0.00071903 -0.00018397
0.00735912 0.0344098 0.144493 -0.00052601 0.0002709 -6.772e-05
0.00151568 0.0292021 0.12475 -0.00072532 4.723e-05 -0.00013789
0.00522344 0.0157707 0.153663 -0.00072532 0.0002494 -6.81e-05
-0.00046504 0.0282568 0.175375 -0.0009184 -0.00012174 -5.856e-05
-0.00234123 0.0315024 0.118883 -0.00072532 4.348e-05 -0.00010126
0.00275899 0.0182712 0.127416 -0.00072532 0.00015996 -7.332e-05
0.0067505 0.00824028 0.164606 -0.00045431 0.00016906 -8.249e-05
0.00155885 0.0352022 0.127174 -0.00078752 6.763e-05 -0.00015647
6.411e-05 0.0281703 0.122127 -0.00066121 -5.068e-05 -8.825e-05
0.0113883 0.00229026 0.237441 -0.00024748 0.00030296 -8.034e-05
-0.00161624 0.0249537 0.194403 -0.00050297 -3.304e-05 -0.00016751
0.00236227 0.0249524 0.174317 -0.00055051 -0.00011919 -0.00013743
0.00357887 0.0249479 0.177428 -0.00054656 -5.015e-05 -0.0001087
0.00348113 0.00862004 0.222481 -0.00048519 6.864e-05 -0.00015424
-0.00110891 0.0347233 0.221081 -0.00072532 4.667e-05 -0.00012788
-0.00154222 0.0193254 0.192386 -0.00030471 -0.00022355 -0.00014018
0.00771522 0.020333 0.276522 -0.00072532 7.843e-05 -9.906e-05
0.00517437 0.024966 0.26661 -0.00051339 3.639e-05 -0.00015154
0.00194937 0.0431367 0.221351 -0.00052148 -0.00030839 -0.00020378
0.00865788 0.0147622 0.312724 -0.00065131 0.0002308 -0.00014189
0.00162438 0.0314943 0.268854 -0.00039908 -0.00019392 -0.00024929
0.00374024 0.0263048 0.224703 -0.00021681 -0.00040492 -0.00025307
0.0100083 -0.00319485 0.216077 0.00701731 -1.523e-05 -0.00052058
-0.0239202 0.111737 0.231723 0.00543179 -0.00174948 -0.00015108
-0.00176857 0.123818 0.276559 0.00473311 -0.00165456 0.0002642
0.0293336 0.107501 0.214785 0.00895329 -0.00121449 0.0012688
-0.00903001 0.101944 0.183552 0.00407723 -0.00153141 0.00047136
-0.00200557 0.0597567 0.3086 0.0044886 -0.00173564 0.00053193
-0.00380145 0.13124 0.338092 0.0052853 -0.0023892 0.00082005
0.0119612 0.130262 0.321887 0.00531019 -0.0027559 0.00085861
0.026127 -0.00464883 0.238174 0.00846605 -0.00229677 0.00181954
0.0497393 0.163727 0.256818 0.00798135 -0.00398595 0.00227687
0.0663403 0.163723 0.277085 0.00739739 -0.00422223 0.00247076
0.105348 0.0671604 0.313813 0.0106001 -0.00295371 0.00337809
0.0954934 0.135723 0.373325 0.00850584 -0.00364068 0.00308949
0.0991323 0.153174 0.390708 0.00938041 -0.00443865 0.00305882
0.10446 0.134791 0.421676 0.00962625 -0.0045952 0.00285174
0.103631 0.178519 0.388053 0.0102541 -0.00511148 0.00300044
0.121397 0.0438936 0.324735 0.0134779 -0.00416344 0.00326382
0.0836346 0.0710362 0.339651 0.00768928 -0.00558904 0.00250187
0.0768643 0.103731 0.335663 0.00782911 -0.00604206 0.00243686
0.0892806 0.0735034 0.370506 0.00805502 -0.00614176 0.00242206
0.0907663 0.125962 0.367703 0.00931914 -0.00661573 0.00240765
0.0917183 0.0441733 0.397334 0.0125282 -0.00612015 0.00232246
0.0594167 0.110721 0.410002 0.0079358 -0.00604536 0.00192432
0.0624773 0.128581 0.387491 0.00816601 -0.00684228 0.00211413
0.0656945 0.117212 0.387224 0.0088641 -0.00714737 0.00224593
0.10343 -0.00129277 0.390165 0.0133837 -0.00715593 0.00239583
0.0347711 0.0984775 0.330933 0.00448776 -0.0053897 0.00176801
0.0441951 0.103551 0.342384 0.00540867 -0.00642205 0.00208398
0.0615691 0.0664789 0.359363 0.00621247 -0.00705721 0.00239564
0.0538858 0.00555705 0.482333 0.0121695 -0.00498835 0.00272049
0.0667037 0.0608557 0.439737 0.00390229 -0.00571308 0.00261056
0.0788815 0.0814524 0.318377 0.00213772 -0.00543156 0.00236449
0.107364 -0.010464 0.409136 0.00983015 -0.00424193 0.00348327
0.0735217 0.124147 0.4753 0.00834678 -0.00491616 0.00336621
0.0454103 0.186725 0.466819 0.00753584 -0.00605019 0.00266944
0.0465228 0.132363 0.500866 0.00840572 -0.00596895 0.00280549
0.0721395 0.0288925 0.51162 0.0128866 -0.00530851 0.00358975
0.0298669 0.123457 0.435501 0.00760877 -0.00552681 0.00306427
0.0381279 0.135653 0.440025 0.00792319 -0.0062229 0.00320736
0.0769579 0.076665 0.15683 0.0153872 -0.00733513 0.00433439
0.08997 0.074093 0.13692 0.00991509 -0.00682625 0.00439635
0.0980239 0.0949824 0.217917 0.0103072 -0.00734087 0.00461119
0.101768 0.107525 0.240524 0.0112547 -0.00770711 0.00475401
0.106489 0.112359 0.238283 0.0121167 -0.00779857 0.00460398
0.124422 0.049601 0.201094 0.0153708 -0.00605667 0.00433439
0.0808175 0.129794 0.26463 0.0108711 -0.00680262 0.00424853
0.0851545 0.162174 0.276321 0.0123466 -0.00789987 0.00404373
0.0848105 0.158508 0.267608 0.0132303 -0.00847163 0.00403988
0.0728932 0.0816598 0.199438 0.0170604 -0.00856175 0.00420034
0.0158808 0.131374 0.255183 0.0100065 -0.00868405 0.00318285
0.0208143 0.136006 0.284199 0.00968997 -0.00961844 0.00325944
0.026709 0.109666 0.307176 0.0106046 -0.009913 0.00341206
0.0413637 0.128274 0.304302 0.0117846 -0.0105072 0.00364784
0.0523081 0.0220174 0.379782 0.0155831 -0.00955593 0.00384102
0.0133673 0.150323 0.364442 0.0112401 -0.00799775 0.00350498
-0.0152989 0.192375 0.295547 0.0101584 -0.0104177 0.00300402
-0.00553608 0.0896429 0.163036 0.0140202 -0.00985558 0.003447
-0.0370156 0.135783 0.218495 0.00994879 -0.00931361 0.00303553
-0.0313438 0.128059 0.277726 0.0105193 -0.00967901 0.00297628
0.0150167 0.0569167 0.208525 0.0146458 -0.00908316 0.003447
-0.027704 0.129052 0.230915 0.0105626 -0.00927006 0.00292627
-0.0375286 0.113911 0.310858 0.00986295 -0.010612 0.00270714
-0.0291316 0.0889811 0.391597 0.0109749 -0.0113917 0.00271646
-0.0172599 0.181896 0.381805 0.0121049 -0.0117673 0.00265288
0.0112119 0.100706 0.452565 0.0202972 -0.00900427 0.00303639
0.00258424 0.197921 0.455168 0.0162756 -0.00957007 0.00303639
-0.00185807 0.184593 0.462659 0.0105684 -0.0102769 0.00310014
0.059906 0.083209 0.272224 0.0146711 -0.00990462 0.0037907
0.041905 0.120848 0.285826 0.0110161 -0.0111017 0.00377853
0.0507695 0.127214 0.338585 0.0119998 -0.0118107 0.00396919
0.0672935 0.0867781 0.351689 0.0122101 -0.0121126 0.00430521
0.0832971 -0.0102557 0.160667 0.0131934 -0.0115146 0.00469788
0.0692906 0.056584 0.265887 0.0113314 -0.0113915 0.00449759
0.0672035 0.112113 0.326388 0.0117712 -0.0120203 0.00423867
0.0661581 0.112131 0.337093 0.0117379 -0.0120459 0.00423867
0.101284 0.0683578 0.139448 0.0148931 -0.0117619 0.00485388
0.0676994 0.0947978 0.232017 0.0111009 -0.0124372 0.00461117
0.0710091 0.120361 0.239498 0.0111009 -0.0123429 0.00448265
0.0824195 0.109866 0.241527 0.0115362 -0.0121934 0.0043857
0.0798041 0.0215804 0.129681 0.0120216 -0.0113538 0.00500315
0.0588983 0.0888656 0.257398 0.0107723 -0.0114864 0.00474439
0.0575173 0.0887387 0.239448 0.0114274 -0.0119397 0.00460307
0.0551074 0.0935002 0.247634 0.0113492 -0.0123208 0.00466126
0.0494682 0.0886993 0.24836 0.0116719 -0.0123989 0.00466126
0.0567155 0.016204 0.214232 0.0133626 -0.0113127 0.00466126
0.050372 0.136346 0.237562 0.0128645 -0.0116045 0.00466126
0.0502255 0.142254 0.268198 0.0127055 -0.0119741 0.00466126
0.0430303 0.114289 0.283856 0.0128163 -0.0125464 0.00466126
0.0343022 0.0963092 0.387534 0.0132374 -0.0127855 0.00486849
0.0607439 0.135038 0.317251 0.0179997 -0.0115727 0.00483613
0.0330047 0.158 0.353443 0.0160319 -0.0133304 0.00466127
0.0351823 0.13809 0.393632 0.0144221 -0.0133954 0.00466127
0.0638183 0.0743212 0.186622 0.0174236 -0.0125909 0.0049063
0.0279436 -0.00712349 0.278603 0.0121804 -0.0125394 0.00466127
0.00391627 0.079724 0.397468 0.012212 -0.0126238 0.00454121
0.0125865 0.134866 0.391525 0.0133 -0.0131942 0.00466127
0.0307686 0.00046838 0.224519 0.0138417 -0.011864 0.00466127
0.0257228 0.159216 0.277905 0.0145814 -0.0134525 0.00476201
0.0236119 0.164862 0.315338 0.0142934 -0.0136545 0.00479338
0.0146288 0.0790136 0.264073 0.0143312 -0.0131175 0.0049972
0.00992368 0.127608 0.2534 0.0142399 -0.0140734 0.00529523
0.0122854 0.123347 0.28736 0.0142224 -0.0146737 0.00547543
0.0271784 -0.0170998 0.281681 0.0160863 -0.0130305 0.00584939
0.0223668 0.0989428 0.250638 0.0159224 -0.014407 0.0058641
0.0193029 0.103475 0.2749 0.0148636 -0.0145944 0.00577173
0.0159001 0.0990015 0.303347 0.0153609 -0.0147321 0.00566519
0.0298706 0.0476475 0.369438 0.0170469 -0.0125207 0.00546826
0.0269451 0.152871 0.381554 0.0154252 -0.013267 0.00543018
0.0309431 0.192836 0.403306 0.0154875 -0.0144376 0.00520248
0.0293294 0.16572 0.39719 0.0154252 -0.0148755 0.00520248
0.0364589 0.154371 0.399256 0.0154252 -0.0147397 0.00520248
0.0559727 0.024427 0.349651 0.0170418 -0.0137709 0.00545852
0.0528154 0.156705 0.448717 0.014012 -0.0163067 0.00559008
0.0324064 0.161735 0.442742 0.0136334 -0.0152443 0.00527958
0.030143 0.13096 0.434218 0.0135557 -0.0161699 0.00520249
0.0769369 0.0254747 0.484977 0.0153146 -0.0138117 0.00498287
0.0680112 0.169035 0.492067 0.0141198 -0.0153784 0.00488209
0.0687725 0.17615 0.498013 0.0140227 -0.0160566 0.00481341
0.0782366 0.0803658 0.459504 0.0132834 -0.0144207 0.00514781
0.0778873 0.151322 0.461226 0.0125433 -0.0151827 0.00530696
0.0699515 0.137084 0.483386 0.0119061 -0.0156019 0.00517649
0.0609907 0.114212 0.498385 0.0117998 -0.015469 0.00492953
0.0562965 0.107191 0.476801 0.0123722 -0.0157606 0.00473121
0.0759571 -0.00674767 0.359725 0.016101 -0.0133333 0.00467588
0.0631009 0.118664 0.41604 0.0124935 -0.0146895 0.00428743
0.0626988 0.187496 0.472893 0.012304 -0.0159576 0.0044592
0.0690921 0.169254 0.461623 0.0131461 -0.0165482 0.00457991
0.062908 0.149952 0.478623 0.0136728 -0.0157686 0.00444593
0.0652365 0.0980424 0.353332 0.0187724 -0.0147622 0.00461599
0.0364315 0.110441 0.505925 0.0120522 -0.0149382 0.00443736
0.0394508 0.13479 0.503695 0.0122946 -0.0148323 0.00410269
0.0259954 0.111036 0.503381 0.0130492 -0.0148108 0.00389364
0.0390202 0.0111242 0.382402 0.0161377 -0.0164792 0.00484351
-0.00979207 0.086135 0.408753 0.01218 -0.0141212 0.00389364
0.00877569 0.12203 0.454377 0.0129505 -0.0149191 0.00399342
0.00415025 0.110525 0.463143 0.0128743 -0.0143785 0.00377435
0.029595 0.0329593 0.370594 0.0161689 -0.0134776 0.00389364
-0.0145121 0.129761 0.366117 0.0131 -0.0105829 0.00306272
-0.0289976 0.155626 0.432693 0.0109297 -0.0111774 0.00283101
-0.0370728 0.137088 0.473855 0.0111974 -0.011317 0.00292232
-0.0423852 0.132982 0.530212 0.0119359 -0.011974 0.00272858
-0.00890895 0.0979753 0.436227 0.0171279 -0.0111404 0.00318132
-0.0171105 0.120837 0.370402 0.0139953 -0.0102045 0.00289743
-0.0269999 0.123522 0.445313 0.0110339 -0.0107638 0.00271884
-0.0873569 0.00067619 0.170594 0.00247788 -0.00807762 0.00166295
-0.0944389 -0.0634953 0.0192923 0.0019058 -0.00796958 0.00086708
-0.103359 -0.0573226 0.0860681 0.00250974 -0.00831599 0.00088345
-0.0873181 -0.00217775 0.0720759 0.00281396 -0.00850233 0.00095604
-0.0652945 -0.0421013 0.0707404 0.00445624 -0.00787151 0.00088371
-0.0659471 -0.0388378 0.0867767 0.00383517 -0.00827047 0.00071167
-0.0611571 -0.018466 0.0819631 0.00651219 -0.009513 0.00098112
-0.059191 0.052349 0.164492 0.00747452 -0.0111868 0.00071167
-0.055198 0.127824 0.15554 0.00708976 -0.0111706 0.00106743
-0.0486848 0.0804496 0.16348 0.00684705 -0.011383 0.0010158
-0.0437938 0.0626102 0.171551 0.00667044 -0.0118796 0.00131529
-0.0406561 0.04272 0.209448 0.00625791 -0.0117237 0.00131979
-0.0340372 0.0404223 0.202957 0.00720958 -0.0126994 0.00154632
-0.0376925 -0.00144283 0.231996 0.0071952 -0.0133069 0.00165296
-0.0384839 0.0625763 0.265553 0.0078361 -0.0139169 0.00173423
-0.0290966 0.115709 0.257418 0.00806267 -0.014281 0.00173603
-0.0351363 0.0941999 0.259624 0.00813167 -0.014434 0.00177405
-0.0395926 0.0701298 0.274237 0.00769056 -0.014453 0.00167132
-0.0341869 0.102256 0.240107 0.00813167 -0.0139739 0.00162285
-0.0416188 0.0574853 0.270686 0.00772104 -0.0136704 0.00160202
-0.0295362 0.12499 0.274482 0.00813168 -0.0140799 0.00153659
-0.0236116 0.112651 0.286947 0.00813168 -0.0141824 0.00153659
-0.0317147 0.0844147 0.265454 0.00801777 -0.0140763 0.00169006
-0.0314422 0.0644768 0.266946 0.00826536 -0.0140881 0.00169345
-0.0236588 0.0498725 0.314476 0.00806903 -0.0139011 0.00196945
0.00014883 0.0828816 0.160157 0.0142723 -0.0137748 0.00238586
-0.00487665 0.158753 0.294395 0.0100355 -0.0146009 0.00236195
-0.0124193 0.177347 0.355021 0.0083556 -0.0137039 0.00223128
0.0311952 0.0941568 0.226649 0.0135621 -0.0126081 0.0029192
0.0142826 0.108011 0.248642 0.0105382 -0.0134749 0.00298808
0.0123885 0.121597 0.306059 0.0115667 -0.0140753 0.00306889
0.00953635 0.113213 0.377793 0.0129533 -0.0142309 0.00320535
0.0120179 0.146555 0.379789 0.0131681 -0.0145627 0.00320044
0.0136115 0.0633872 0.30897 0.0158705 -0.0132616 0.00322871
0.0128838 0.16762 0.258165 0.0156198 -0.0144436 0.00325645
0.0289119 0.186381 0.292944 0.0156696 -0.0150115 0.00350868
0.0298864 0.147094 0.377167 0.0162336 -0.0159944 0.00356852
0.0512935 0.0798501 0.398262 0.017284 -0.0149142 0.00405857
0.0326082 0.225128 0.276291 0.0148617 -0.015624 0.00386024
0.0350874 0.204746 0.333146 0.0155908 -0.0162686 0.00391899
0.0510477 0.0672775 0.293012 0.0165124 -0.0158449 0.00427216
0.0357505 0.173707 0.270148 0.0180528 -0.0165678 0.00444082
0.0391563 0.175641 0.359257 0.0189156 -0.0174219 0.00423068
0.0386371 0.167322 0.403375 0.0199601 -0.0184351 0.00441711
0.0415022 0.179817 0.398066 0.0205234 -0.0186068 0.00461993
0.0577798 0.123943 0.346801 0.0233349 -0.0173173 0.00466682
0.0627624 0.210281 0.420216 0.0198661 -0.0169845 0.00499515
0.077245 0.278082 0.425786 0.0207722 -0.0187476 0.00515015
0.0888254 0.268015 0.422408 0.0209152 -0.0192963 0.00544038
0.0923848 0.250744 0.433318 0.0210318 -0.019335 0.00567194
0.0876282 0.142651 0.345903 0.0218621 -0.0188865 0.00571343
0.0628044 0.221507 0.399792 0.0173713 -0.0192316 0.00554683
0.0770583 0.229276 0.501164 0.0172127 -0.0193425 0.0054457
0.0766835 0.196311 0.473434 0.0185338 -0.0203442 0.0056587
0.0537604 0.109687 0.291098 0.0225876 -0.0208688 0.00573402
0.0523969 0.192579 0.406281 0.0185772 -0.0197235 0.00540322
0.0689219 0.223741 0.447319 0.0195169 -0.0210274 0.00585445
0.0781849 0.119344 0.300319 0.0218302 -0.0191229 0.00589562
0.0687052 0.21907 0.386245 0.0197592 -0.0216598 0.00572027
0.0812887 0.246833 0.437555 0.0202714 -0.0224374 0.00556164
0.0693114 0.202352 0.472549 0.019913 -0.0221431 0.00532601
0.064444 0.162577 0.275003 0.022512 -0.019154 0.00556163
0.080845 0.22975 0.315819 0.0178613 -0.0199693 0.00556163
0.0813029 0.258327 0.348882 0.0181456 -0.0203585 0.00541376
0.0834964 0.238089 0.359186 0.018437 -0.0203204 0.00553275
0.0864845 0.237861 0.385246 0.0199914 -0.0215009 0.00564121
0.0612642 0.141172 0.181956 0.0214893 -0.0217391 0.00580651
0.0771249 0.196925 0.261916 0.0201987 -0.0212305 0.00603143
0.084503 0.214807 0.319213 0.019892 -0.021679 0.00614984
0.0875831 0.221795 0.316277 0.0205332 -0.0219914 0.00591582
0.0701877 0.126334 0.239039 0.0222566 -0.0209155 0.00554516
0.0806636 0.25881 0.171229 0.0196262 -0.0205926 0.00569971
0.0715093 0.254808 0.243189 0.0206351 -0.0210511 0.00552772
0.0823497 0.137944 0.251401 0.0213664 -0.0198313 0.00589401
0.0654445 0.24287 0.287618 0.0203956 -0.0218047 0.00563169
0.053862 0.250493 0.338131 0.0209372 -0.0217165 0.00514646
0.0257377 0.129535 0.16373 0.0222716 -0.0218289 0.0050218
0.0274689 0.263016 0.202297 0.0208275 -0.0212306 0.0047658
0.0394936 0.231574 0.368118 0.021711 -0.0209039 0.00468504
0.0452834 0.260253 0.404185 0.0230214 -0.0213982 0.00486642
0.0437396 0.194351 0.176949 0.0255476 -0.0219318 0.00496728
0.0650996 0.254041 0.315923 0.0234308 -0.0211075 0.00534538
0.0742968 0.273729 0.359648 0.0230381 -0.0219967 0.00559398
0.0842319 0.240327 0.390699 0.0234305 -0.0216558 0.00566119
0.0730759 0.171331 0.153298 0.0237846 -0.021739 0.00564932
0.0627616 0.246931 0.257506 0.0217273 -0.0220923 0.00566514
0.0846836 0.254458 0.297574 0.0215502 -0.0224152 0.0058649
0.0987233 0.228373 0.341078 0.0221975 -0.0224623 0.00589882
0.105042 0.240449 0.362943 0.022692 -0.0222543 0.00600383
0.132753 0.133942 0.299657 0.0235553 -0.0197696 0.00589489
0.090215 0.307042 0.279789 0.022522 -0.0209361 0.00553167
0.0894996 0.296416 0.317238 0.0233012 -0.0217769 0.00560538
0.113017 0.263493 0.325724 0.0234136 -0.0220893 0.00565942
0.112649 0.190417 0.386276 0.0226087 -0.0216636 0.00543871
0.0957818 0.190353 0.259377 0.0228296 -0.0213484 0.00461108
0.115709 0.231172 0.280352 0.0220972 -0.0211598 0.00515917
0.122232 0.235622 0.316983 0.0228242 -0.0215521 0.0056326
0.111906 0.119749 0.175675 0.0238408 -0.0202902 0.0051587
0.108334 0.234879 0.256691 0.0220597 -0.0209566 0.00567274
0.122831 0.248624 0.303852 0.0231872 -0.021286 0.00599016
0.115833 0.238038 0.318834 0.0234485 -0.0210635 0.00577841
0.117723 0.154846 0.0814559 0.0273201 -0.0221288 0.00576395
0.125229 0.282263 0.268617 0.0227664 -0.0209254 0.00604634
0.129001 0.302642 0.321143 0.0228078 -0.0208214 0.00588079
0.126163 0.279029 0.323671 0.0227254 -0.0208446 0.00581102
0.122301 0.23124 0.320695 0.0232558 -0.0206246 0.00573432
0.131795 0.0824556 0.19175 0.024178 -0.0184201 0.00572937
0.118927 0.244359 0.329172 0.0211044 -0.0195374 0.00576962
0.113411 0.274642 0.376152 0.0217615 -0.0199484 0.00584588
0.11956 0.280103 0.380262 0.0218707 -0.0198945 0.00591724
0.117377 0.257081 0.374515 0.0224027 -0.0198941 0.00588137
0.118906 0.174336 0.267224 0.0247987 -0.0184682 0.00556896
0.10227 0.23424 0.416875 0.0214214 -0.0190889 0.00591501
0.0940149 0.288464 0.457023 0.0207293 -0.0192303 0.00568818
0.0903679 0.24169 0.47191 0.021717 -0.0192041 0.00551203
0.0943113 0.150804 0.329981 0.0238081 -0.0172898 0.00558296
0.0937168 0.329806 0.383127 0.0232825 -0.0202525 0.00551203
0.0816979 0.322013 0.419741 0.0244407 -0.0205081 0.0054598
0.0977813 0.182282 0.25688 0.0246756 -0.0198169 0.00567767
0.0948268 0.267343 0.356717 0.0233786 -0.0207042 0.00598488
0.100105 0.23048 0.40838 0.0235339 -0.0200463 0.00605791
0.120637 0.130494 0.241672 0.0232739 -0.0198771 0.00573886
0.133342 0.257697 0.312606 0.0230381 -0.0213925 0.00640076
0.115671 0.229635 0.477748 0.0231823 -0.0205922 0.00613989
0.123403 0.331617 0.481009 0.0240865 -0.0202695 0.00585238
0.149961 0.261256 0.299051 0.0251576 -0.021907 0.00626536
0.127846 0.295839 0.352821 0.023666 -0.021044 0.00616211
0.118382 0.278334 0.381451 0.0233585 -0.0212008 0.00608103
0.130543 0.166151 0.172437 0.0252147 -0.0214702 0.00607593
0.117458 0.216691 0.292624 0.0233847 -0.0210154 0.00616211
0.125548 0.252962 0.36299 0.022714 -0.0217142 0.00640395
0.126647 0.12343 0.354764 0.0237354 -0.0201847 0.0062176
0.111178 0.259541 0.386217 0.0227339 -0.0208572 0.00600277
0.113276 0.340071 0.428973 0.0230302 -0.021279 0.00617396
0.125961 0.306191 0.434421 0.0233494 -0.0215668 0.00639506
0.128731 0.281795 0.427367 0.0234904 -0.0220718 0.00661835
0.12759 0.170088 0.3292 0.0258109 -0.02152 0.00693519
0.132569 0.249691 0.38696 0.0228127 -0.0231532 0.00698268
0.154871 0.284766 0.431918 0.0227134 -0.0231061 0.00713431
0.168131 0.256489 0.43587 0.0231696 -0.0229456 0.00723118
0.178897 0.249512 0.425293 0.0234552 -0.0229411 0.00713535
0.170674 0.177583 0.21976 0.024775 -0.0235352 0.00729259
0.179267 0.23943 0.304598 0.0226438 -0.022559 0.00732674
0.163972 0.252467 0.313106 0.0232907 -0.0225129 0.00692087
0.142065 0.124573 0.239441 0.0241518 -0.0224629 0.00650644
0.150037 0.26562 0.25078 0.0236302 -0.0227081 0.00672274
0.168424 0.246628 0.294774 0.0237785 -0.0219605 0.006996
0.171183 0.242875 0.280771 0.0237292 -0.0229573 0.00686587
0.153009 0.132894 0.129804 0.0255841 -0.0231005 0.00672565
0.152509 0.271059 0.172895 0.0231765 -0.0235292 0.00670449
0.158428 0.271115 0.226076 0.0235493 -0.0240031 0.00664378
0.158592 0.225333 0.223392 0.0244693 -0.0235014 0.00675866
0.158302 0.126387 0.243029 0.0264612 -0.0225073 0.00632891
0.137948 0.281441 0.272964 0.0248484 -0.0234345 0.00639437
0.13966 0.327387 0.303524 0.0252334 -0.0242473 0.00607529
0.149882 0.289325 0.289859 0.0253606 -0.0238633 0.00620489
0.156759 0.261154 0.276887 0.02617 -0.024067 0.00627073
0.155381 0.183468 0.180118 0.0286958 -0.0233571 0.00607529
0.158776 0.231011 0.309374 0.0259829 -0.0249766 0.00648265
0.144908 0.246859 0.291069 0.0254046 -0.0240657 0.00607529
0.148638 0.124119 0.167228 0.0254888 -0.0237712 0.00676349
0.131823 0.237085 0.1933 0.0263133 -0.0247013 0.00622422
0.143045 0.279893 0.277195 0.0262852 -0.0248098 0.00599355
0.141379 0.259925 0.315509 0.0267563 -0.0244629 0.00568019
0.107677 0.211287 0.120577 0.0273508 -0.0246688 0.00560943
0.11991 0.21421 0.225261 0.0257881 -0.0244248 0.00595311
0.124834 0.246072 0.239768 0.0263181 -0.0249402 0.00614739
0.117224 0.23956 0.253824 0.026651 -0.0248881 0.0058529
0.108803 0.208113 0.278452 0.0245203 -0.0243942 0.00596791
0.00719085 0.0649674 -0.186559 0.0114218 -0.0198997 0.00415173
-0.0607982 -0.0160746 0.0344251 0.012283 -0.0188638 0.00343483
-0.0375374 0.150253 0.0624064 0.0142019 -0.0194756 0.00360908
0.00737476 0.18056 0.04225 0.0154081 -0.0206164 0.00428753
0.010914 0.163863 0.0435604 0.0157429 -0.0208484 0.00453762
0.0253179 0.168892 0.0515913 0.015995 -0.0212251 0.00477269
0.0289962 0.166728 0.0454661 0.0160103 -0.021387 0.00461026
0.0416362 0.113296 0.0512527 0.0169 -0.0212541 0.00523961
0.0459918 0.136229 0.0425027 0.0169191 -0.0235934 0.00546254
0.0306442 0.124034 0.120259 0.0163444 -0.0226977 0.00519366
0.0536864 0.205054 0.114838 0.0168153 -0.0236131 0.005439
0.0647464 0.178116 0.131492 0.017217 -0.0243472 0.00546893
0.074001 0.173127 0.120243 0.017217 -0.0242386 0.00561556
0.0715731 0.142647 0.133002 0.0170685 -0.0255859 0.00557239
0.0628858 0.133158 0.146025 0.0170376 -0.0244296 0.00599474
0.0793955 0.234526 0.143722 0.017057 -0.024863 0.00594897
0.0884914 0.189366 0.167316 0.0166179 -0.0240016 0.00590953
0.0903876 0.207515 0.12385 0.0172222 -0.0250003 0.00633753
0.0941956 0.154717 0.159264 0.0169738 -0.0252486 0.00644492
0.105483 0.248259 0.149456 0.0174654 -0.0251666 0.00647668
0.107188 0.212347 0.115856 0.0187184 -0.0238664 0.00654811
0.0996249 0.158376 0.152827 0.0173758 -0.0253618 0.00676081
0.10378 0.227152 0.122006 0.0173799 -0.0250105 0.0065272
0.117143 0.220209 0.140793 0.0171695 -0.0257684 0.00689862
0.115463 0.174512 0.144609 0.0176922 -0.0260822 0.0069654
0.154867 0.122298 -0.0018186 0.0213623 -0.0243544 0.00688451
0.160549 0.218222 0.00299472 0.0184048 -0.0234645 0.0071681
0.13821 0.173633 0.171503 0.017827 -0.0244784 0.00735254
0.121096 0.238511 0.178319 0.0184569 -0.0238823 0.00710828
0.126028 0.178771 0.0474766 0.022077 -0.0238671 0.00662607
0.0865987 0.165999 0.112345 0.0158123 -0.0221393 0.00612392
0.0866304 0.17844 0.125696 0.0159097 -0.0218824 0.00606429
0.0685204 0.145741 0.193994 0.0167865 -0.0225105 0.00591674
0.0558333 0.174339 0.229018 0.0175701 -0.0224692 0.00575147
0.0849012 0.116269 0.0481643 0.0188806 -0.0228859 0.00618911
0.0604031 0.223366 0.118234 0.0176946 -0.0222472 0.00581118
0.0455554 0.235568 0.172544 0.0173292 -0.0226098 0.00567335
0.0770796 0.163415 0.0808389 0.0214382 -0.0207376 0.00563132
0.0815944 0.227846 0.208391 0.0173717 -0.0217319 0.00603132
0.0925701 0.268334 0.231504 0.0187366 -0.022537 0.00648068
0.112398 0.188866 0.168286 0.0223107 -0.0226829 0.00688972
0.0784264 0.228382 0.154262 0.0186064 -0.0226107 0.00668726
0.0848923 0.203145 0.189558 0.0180371 -0.0227785 0.00671712
0.0570735 0.151782 0.25906 0.0184414 -0.0227602 0.00683745
0.0820287 0.163524 0.0212641 0.0214707 -0.0223449 0.00661648
0.0454932 0.174023 0.036947 0.0172312 -0.0216297 0.00610701
0.0497838 0.188984 0.0742609 0.0168284 -0.0218974 0.00634258
0.0529308 0.201591 0.151512 0.0183828 -0.0226035 0.00647913
0.0497667 0.224048 0.246919 0.0188154 -0.0226112 0.00655773
0.0496475 0.207526 0.179603 0.0226852 -0.0217579 0.00659102
0.00943219 0.256409 0.247493 0.0185584 -0.0223409 0.0060311
0.018853 0.29695 0.27512 0.0182626 -0.0228431 0.00604097
0.0291178 0.272437 0.260924 0.0192132 -0.0233431 0.00610701
0.0680369 0.181905 0.120301 0.0223903 -0.0219342 0.00644999
0.0405333 0.234767 0.28318 0.0183371 -0.0216732 0.00656754
0.0489113 0.246962 0.311009 0.0179205 -0.0226141 0.00660059
0.0550962 0.227255 0.335804 0.0185816 -0.0233171 0.00702995
0.0558635 0.251485 0.366586 0.0193213 -0.0236965 0.00719394
0.0844327 0.203101 0.275846 0.0221396 -0.0245733 0.00757049
0.0649101 0.249264 0.352889 0.0168877 -0.0234306 0.00702995
0.0618257 0.275996 0.340438 0.0174694 -0.0239695 0.00745681
0.0664272 0.262471 0.317503 0.0172987 -0.0243789 0.00756084
0.0639912 0.178771 0.0848853 0.0235858 -0.0239622 0.00737644
0.0546831 0.245823 0.226409 0.0194156 -0.0237821 0.00737527
0.0641335 0.266632 0.257341 0.0189576 -0.0240766 0.00734023
0.0722964 0.249393 0.295414 0.0197586 -0.0248744 0.00759375
0.0678836 0.266321 0.301015 0.0204803 -0.0251266 0.00766945
0.0761341 0.150332 0.205961 0.0227392 -0.0245198 0.00725902
0.0339537 0.2746 0.237941 0.0207287 -0.0241635 0.00670451
0.0441775 0.259501 0.271181 0.0210259 -0.024619 0.00689749
0.0269931 0.135854 -0.00738216 0.0232601 -0.0262719 0.00607842
0.0221712 0.263819 0.107993 0.0196864 -0.0248629 0.00623323
0.0285694 0.245313 0.217333 0.019864 -0.0252851 0.00670022
0.0724324 0.16526 0.0837715 0.0245847 -0.0233252 0.0061559
0.0504121 0.275421 0.220673 0.0203851 -0.0243199 0.00656477
0.0495768 0.285034 0.268935 0.0199444 -0.0247597 0.006616
0.0509582 0.262613 0.323018 0.0206699 -0.0254029 0.00714995
0.0306023 0.192619 0.162524 0.0239898 -0.0262603 0.00672406
0.0236523 0.289504 0.322652 0.0198127 -0.0257735 0.00680302
0.0425064 0.302803 0.378337 0.0196984 -0.0264572 0.00719023
0.0297306 0.205896 0.121533 0.0247404 -0.0261813 0.00685717
0.0225236 0.257259 0.258856 0.0196044 -0.025483 0.00704671
0.0321903 0.28986 0.336039 0.0200582 -0.0264804 0.00743664
0.0271357 0.146554 0.19804 0.0230705 -0.0246492 0.00695523
0.0485225 0.257948 0.265442 0.0205878 -0.0260707 0.0079328
0.0498297 0.322764 0.334415 0.0207721 -0.0263174 0.00771133
0.0606651 0.289743 0.354554 0.0212376 -0.0265048 0.00771133
0.037023 0.182682 0.331991 0.0238956 -0.024855 0.00721908
0.0559514 0.320853 0.336524 0.0211267 -0.0254719 0.00763739
0.0543811 0.302735 0.381462 0.0199331 -0.0241738 0.00758006
0.0656248 0.299845 0.374388 0.0196623 -0.0248346 0.00767729
0.0736099 0.302837 0.362188 0.019664 -0.0253302 0.00801536
0.0624294 0.199455 0.230587 0.0240527 -0.0228607 0.00730982
0.0427641 0.252797 0.2859 0.0231251 -0.0250753 0.00770601
0.0607923 0.338753 0.34441 0.0215187 -0.0269011 0.00775961
0.0521906 0.182138 0.103058 0.0233415 -0.0266234 0.00751112
0.0404637 0.260392 0.160516 0.0221588 -0.0271334 0.00761977
0.0553705 0.284055 0.239829 0.0204277 -0.0273967 0.00768154
0.0723172 0.26294 0.267127 0.0206548 -0.0270457 0.00776846
0.0801824 0.246673 0.281865 0.0211025 -0.0273472 0.00783565
0.0834041 0.144541 0.139059 0.0251368 -0.0266671 0.00795481
0.067644 0.274045 0.264708 0.0239142 -0.0266804 0.00786324
0.0805665 0.31385 0.325732 0.02189 -0.0268499 0.00782133
0.0775529 0.308151 0.322943 0.0223508 -0.0270509 0.00790043
0.0852359 0.299365 0.321491 0.0224717 -0.0270936 0.00798789
0.0597589 0.191203 0.0908701 0.0262899 -0.0245786 0.00733619
0.0578458 0.31265 0.278453 0.0221805 -0.0274788 0.00762544
0.0717771 0.338291 0.321225 0.0222577 -0.0276251 0.00794744
0.0578015 0.307185 0.320027 0.0225327 -0.0278286 0.0077044
0.0165184 0.152921 0.225202 0.0243307 -0.0257242 0.0070432
0.0113579 0.30242 0.357031 0.0203805 -0.0271514 0.00716542
0.0280218 0.357286 0.366669 0.0220091 -0.0282982 0.00739302
0.0255899 0.233686 0.0375136 0.0274813 -0.0271672 0.00629769
0.0308877 0.265986 0.187577 0.0235764 -0.0251821 0.00668879
0.0282933 0.288814 0.274407 0.0236365 -0.0262208 0.00690255
0.0310884 0.252464 0.301637 0.0235827 -0.0267167 0.00686269
0.0127594 0.179676 0.141144 0.0270638 -0.0262515 0.00634328
0.0107066 0.283553 0.292367 0.022575 -0.0272185 0.00691002
0.0237847 0.331529 0.328529 0.022668 -0.0275191 0.00716996
0.0440287 0.320717 0.33886 0.0224724 -0.0279981 0.00754284
0.044005 0.296199 0.365502 0.0224539 -0.0275871 0.00769786
0.0685797 0.2633 0.217321 0.0239981 -0.0278684 0.00753834
0.0437572 0.341487 0.322846 0.0225033 -0.0268071 0.0074051
0.0403845 0.335924 0.371319 0.0219535 -0.0267144 0.00722318
0.0497621 0.306997 0.333859 0.0227247 -0.0275595 0.00759036
0.0170247 0.174657 0.174617 0.02449 -0.0275595 0.00656679
0.0193978 0.2703 0.275481 0.0226138 -0.0269175 0.00702796
0.0293861 0.301003 0.314513 0.0222871 -0.0274354 0.00735568
0.0464072 0.294654 0.329563 0.0225414 -0.0275343 0.00755429
0.0406035 0.253746 0.344762 0.0224528 -0.027462 0.00743847
0.0286619 0.246765 0.163885 0.0259554 -0.0243013 0.0063105
0.0189977 0.340371 0.312564 0.0220175 -0.025643 0.00657668
0.013788 0.340825 0.375886 0.0203051 -0.0258556 0.00659745
0.0249978 0.34049 0.361427 0.0220982 -0.0266848 0.00664922
0.0277486 0.313879 0.37611 0.0220996 -0.0272087 0.00702235
0.0170041 0.181015 0.237103 0.0250113 -0.0264474 0.00664082
0.0194976 0.354543 0.317771 0.0233545 -0.0262342 0.0070322
0.0241549 0.360574 0.396284 0.0226959 -0.0258212 0.00695681
0.0351905 0.340572 0.389449 0.0228063 -0.0267362 0.00713423
0.0251929 0.214951 0.355395 0.0253493 -0.0245821 0.006961
0.0146053 0.305566 0.402722 0.0220552 -0.0255075 0.0071217
0.0146948 0.362643 0.443252 0.0210521 -0.0248041 0.00705826
0.0213303 0.235633 0.215035 0.0246245 -0.0218969 0.00631517
-0.00172693 0.256259 0.244658 0.0221092 -0.0249599 0.00666356
-0.00718112 0.313056 0.3273 0.0222375 -0.0242038 0.0064312
0.00928887 0.155236 0.157359 0.0259244 -0.0228053 0.00624734
0.00232605 0.27528 0.196086 0.0215174 -0.0253498 0.00686745
0.00942705 0.321027 0.28007 0.0219603 -0.0248743 0.00706668
-0.0018244 0.170278 0.168191 0.0237288 -0.0215313 0.00640157
-0.0226975 0.277919 0.263761 0.0229589 -0.0239647 0.0065359
-0.0057639 0.327764 0.369332 0.0223301 -0.0246456 0.0063477
0.00473948 0.321466 0.396505 0.0228351 -0.0251222 0.00651717
0.00077133 0.243491 0.265402 0.0266569 -0.0238297 0.00650007
-0.0001112 0.336109 0.40038 0.0240348 -0.0245723 0.00697889
0.00884999 0.396056 0.459691 0.0244065 -0.0252974 0.00699906
-0.00100725 0.251506 0.283768 0.0252396 -0.02241 0.0059636
-0.00936487 0.350723 0.380186 0.0237712 -0.0239829 0.00625806
0.00951246 0.397998 0.471984 0.0237683 -0.0248236 0.00660904
0.0137084 0.368622 0.490359 0.0235581 -0.0251597 0.00675125
0.0179223 0.351053 0.485418 0.0236959 -0.0252649 0.00675125
-0.0136912 0.179525 0.383053 0.0257381 -0.0234514 0.00598219
-0.0102061 0.346385 0.554015 0.0210731 -0.0238481 0.00665195
-0.00406735 0.392496 0.58257 0.0212022 -0.0239673 0.00674132
0.0123628 0.379489 0.57379 0.0214555 -0.0248199 0.00687033
0.0160274 0.330731 0.57527 0.0224762 -0.0238641 0.0069387
0.027618 0.210718 0.321874 0.0263082 -0.0220162 0.00573371
0.0147522 0.347944 0.454413 0.0227045 -0.0247009 0.00616407
0.0329509 0.348177 0.549874 0.0206306 -0.0259584 0.00639902
0.0397612 0.34072 0.515713 0.0220948 -0.0265183 0.00639902
0.0368879 0.331823 0.494246 0.0222401 -0.0262492 0.00656349
0.0456867 0.331116 0.492542 0.0222035 -0.0263503 0.00693396
0.0532495 0.327625 0.492876 0.0224133 -0.0267335 0.00711248
0.0501543 0.317892 0.520689 0.021661 -0.0262577 0.00696571
0.0415898 0.287965 0.495799 0.0221966 -0.0264549 0.00720516
0.0483777 0.387429 0.498754 0.0222834 -0.0268654 0.00704518
0.0517691 0.362499 0.514391 0.0220555 -0.0269139 0.00720944
0.0523243 0.319391 0.526674 0.0210354 -0.0265631 0.00711787
0.0445923 0.303626 0.524532 0.0208581 -0.0263733 0.00704362
0.044025 0.315348 0.483418 0.0216155 -0.0266516 0.00725057
0.0402515 0.264702 0.482437 0.0221898 -0.0263475 0.00749364
0.0301116 0.323679 0.487458 0.0212861 -0.026355 0.00710179
0.0255585 0.365908 0.462319 0.0214118 -0.0264956 0.00714062
-0.0493386 0.192385 0.0470764 0.012938 -0.023701 0.00588475
-0.0615848 0.168635 0.011276 0.0155025 -0.0237608 0.00586191
-0.0756701 0.12398 0.232324 0.0138428 -0.0241839 0.00576897
-0.0707284 0.236232 0.212984 0.0136537 -0.0233394 0.00566639
-0.0676359 0.187484 0.273966 0.0130342 -0.0235329 0.00563202
-0.0795239 0.163155 0.33613 0.0140564 -0.0226637 0.00538546
-0.0737444 0.241745 0.267122 0.0138506 -0.0228576 0.00525763
-0.0726847 0.213108 0.301866 0.0136271 -0.0215038 0.00531181
-0.0783106 0.186731 0.315388 0.0144866 -0.0225651 0.00525861
-0.0764722 0.228399 0.345628 0.0137166 -0.0228055 0.00506963
-0.0804626 0.242026 0.279176 0.0144126 -0.0230162 0.00499268
-0.0710945 0.235429 0.27715 0.0151853 -0.0233415 0.00515288
-0.0688226 0.179496 0.356044 0.015464 -0.0226179 0.00545929
-0.0663231 0.285333 0.309482 0.0157291 -0.0229496 0.00514272
-0.0754002 0.228711 0.330594 0.0147863 -0.0226499 0.00498334
-0.0760859 0.202946 0.366397 0.0153169 -0.0227869 0.00526744
-0.0770812 0.292687 0.356728 0.0148361 -0.0224855 0.00484474
-0.0807492 0.265798 0.331246 0.0159514 -0.0231527 0.00470774
-0.0819794 0.220042 0.349992 0.0157617 -0.0236391 0.00492447
