-0.00181158 0.0404382 0.172373 -0.00141006 7.705e-05 0.00021199
0.00021568 0.0277237 0.171901 -0.00115982 0 0.00010182
-0.00666738 0.00751988 0.128309 -0.00037992 0 0.00020187
0.00631946 0.0967072 0.249351 -0.00228087 0.00058333 0.00014516
0.00704815 0.0358056 0.223553 -0.00130396 0.00058333 0.00012212
-0.00217294 0.0223903 0.184947 -0.00098562 0.00033333 0.00040418
0.00810165 0.0726072 0.25703 -0.00199317 0.00074052 0.00024724
0.00540882 0.0511533 0.249685 -0.00161815 0.00079562 0.00022127
-0.00658852 0.0163923 0.210737 -0.00088576 0.00033333 0.00021457
-0.00814758 0.0726817 0.256239 -0.00210847 0.00047548 0.00031655
-0.00462805 0.0513257 0.23704 -0.0015646 0.00042699 0.00028744
-0.0113482 0.0224024 0.20713 -0.00109761 0.00033333 0.00032537
-0.00936766 0.0750312 0.275189 -0.00219453 0.00058333 0.00030008
-0.0106081 0.054593 0.250433 -0.00177841 0.00058333 0.00023876
-0.0108069 0.0247606 0.208053 -0.00119665 0.00026127 0.00035207
-0.00720612 0.0760224 0.274404 -0.00231438 0.00058333 0.00033083
-0.0109088 0.0475117 0.267437 -0.00172896 0.00069986 0.00021741
-0.0208052 0.0227847 0.225881 -0.00110945 0.00058333 0.00031695
-0.0203275 0.0925637 0.305198 -0.00269342 0.00086703 0.00035418
-0.0197643 0.0392875 0.259817 -0.00144145 0.00058333 0.00017881
-0.022172 0.0220841 0.240451 -0.00118826 0.00037699 0.00022553
-0.0203561 0.0877379 0.298801 -0.00229329 0.00075639 0.00026663
-0.0219647 0.024048 0.249325 -0.00138408 0.00058333 0.00027189
-0.0250442 0.0265976 0.253304 -0.00168838 0.00058333 0.00040198
-0.0192378 0.0701418 0.24117 -0.00142139 0.00033333 0.00054744
-0.0184634 0.0220702 0.257233 -0.00131159 0.00058333 0.00054744
0.0304328 0.0238806 0.263486 0.00024827 0.00179316 0.0015436
0.0424937 0.0152892 0.275239 -0.0012995 0.00160697 0.00135799
0.0515193 0.0435946 0.314824 -0.00104011 0.00207155 0.00125969
0.0566103 0.00958391 0.305156 -0.00038913 0.00231625 0.00108519
0.0958449 -0.00713275 0.2913 0.00097371 0.00393768 0.00210554
0.0792089 -0.0659546 0.245282 0.00136152 0.00352321 0.00150937
0.0822055 -0.022049 0.275122 0.00030528 0.00352321 0.00170942
0.0947841 0.0224997 0.282457 -0.00015574 0.00369763 0.00189089
0.0958239 -0.0256819 0.264738 0.00013204 0.00352321 0.00190872
0.121709 -0.00460426 0.143917 0.00115431 0.00440651 0.0024867
0.104559 -0.0341827 0.0999735 0.00077299 0.00366371 0.00221115
0.0997494 -0.0213659 0.142982 0.00051215 0.00321821 0.00197636
0.125061 0.0216499 0.204054 0.0007255 0.00432801 0.002369
0.105435 -0.0270374 0.191197 -0.00112126 0.00447278 0.00214969
0.117214 -0.0241038 0.17954 -0.00054678 0.0044881 0.00230815
0.121468 0.0180295 0.212241 -0.00076833 0.00460895 0.00225573
0.131879 -0.0308823 0.138018 0.00142649 0.00482534 0.00262321
0.081156 -0.0843029 0.11835 -0.00119849 0.00347223 0.00266055
0.0690631 -0.0519773 0.0786426 -0.00082113 0.00318046 0.0022755
0.0700724 0.0296619 0.153446 -0.00091088 0.0038435 0.00205833
0.0678888 -0.0408652 0.128346 0.00011006 0.00350493 0.00199272
0.0959862 -0.0115946 0.121957 0.00066379 0.00496397 0.00199252
0.0517335 -0.0437859 0.0871508 1.02e-05 0.0029883 0.00174423
0.05606 -0.0432333 0.116666 0.00015036 0.0033182 0.00174423
0.0750657 0.00458687 0.14675 0.00026873 0.00364319 0.00217515
0.0614874 -0.0603668 0.107454 -0.00092398 0.00249173 0.00207809
0.0847266 -0.0232105 0.136009 -0.00058073 0.00320278 0.00199213
0.101918 -0.0341887 0.138505 0.00035575 0.003314 0.00246454
0.0696911 -0.0665725 0.123619 -0.00062487 0.00302453 0.00240707
0.0668612 -0.0451658 0.121445 -0.00012116 0.00313472 0.00209774
0.0657026 -0.00385454 0.153153 -0.0001586 0.00315079 0.00203668
0.0598214 -0.0685161 0.140253 0.00080295 0.00307251 0.00204894
0.0442031 -0.0500033 0.0613274 0.00073441 0.00328563 0.00194948
-0.0163564 -0.0588705 0.0319226 -0.00120587 0.00168081 0.0015927
0.0044287 -0.0201719 0.0377134 -0.00101382 0.00203077 0.00160337
0.0117245 -0.0510027 0.0824626 0.00174784 0.00275333 0.00139923
-0.0107074 -0.0849639 0.0745176 0.00085848 0.00287848 0.00174939
0.0170635 -0.0226992 0.140889 0.00029363 0.0036634 0.00138774
0.00333294 -0.0774091 0.131424 0.00104845 0.00283794 0.00165706
-0.00020432 -0.103872 0.123632 0.00149914 0.00287848 0.00161367
0.0289026 -0.0467207 0.160353 0.00107638 0.00404968 0.00174939
0.00238644 -0.107073 0.096207 0.00126395 0.00270977 0.00158526
0.00274407 -0.0930079 0.0958694 0.0014475 0.00265968 0.00137997
0.00911455 -0.0185502 0.187613 0.00081863 0.00301144 0.0010901
0.0278885 -0.0863947 0.151779 0.00172622 0.00370281 0.00174939
-0.014318 -0.0833626 0.165527 -0.00127011 0.00271817 0.00174938
-0.0130463 -0.0364172 0.159955 -0.00033393 0.00269749 0.00129547
-0.00451473 0.00613262 0.227429 -0.00055461 0.00304546 0.00098922
-0.0118136 -0.0951862 0.120961 0.00138847 0.00279143 0.00121695
-0.0595386 -0.0667119 0.0951998 -0.00032716 0.00246699 0.0010627
-0.0516355 -0.0497582 0.0698148 -4.583e-05 0.0020602 0.00105309
-0.0260716 -0.0172478 0.133627 -4.583e-05 0.00246699 0.00103655
-0.0481561 -0.0947715 0.0890058 -0.00089753 0.00175033 0.00104036
-0.0362692 -0.0684301 0.0887288 -4.092e-05 0.00210527 0.00113686
-0.0474043 -0.00417285 0.178767 -0.00034296 0.00260674 0.00074591
-0.00937103 -0.0702503 0.0866749 -9.509e-05 0.00313488 0.00155613
-0.0364965 -0.175772 0.0304465 0.00101182 0.00190139 0.00143588
-0.0303981 -0.111042 0.0349229 0.00101182 0.00191942 0.00136999
-0.0340758 -0.0349965 0.118901 0.00067486 0.00247398 0.00102943
-0.00758444 -0.0323632 0.15008 0.00188966 0.00359124 0.00187454
-0.0116044 -0.106505 0.137683 0.00111365 0.00317164 0.00146825
0.00071225 -0.110798 0.113826 0.00155039 0.0025138 0.00141671
0.00195127 -0.0814592 0.106756 0.0016513 0.0025138 0.00184094
-0.0117768 -0.0435395 0.140169 0.00152047 0.00273187 0.00168029
0.00642189 -0.0942093 0.0871139 0.00142591 0.00347308 0.00184094
-0.0188303 -0.0887801 0.0320688 0.00065993 0.00205649 0.00184094
-0.00588788 -0.0882037 0.0349793 0.00113246 0.0020132 0.00184094
-0.00977057 -0.026831 0.097947 0.00093915 0.0025138 0.00170202
0.0123793 -0.0475293 0.13943 0.00182432 0.00310484 0.00184094
0.0109221 -0.0595176 0.0654046 8.724e-05 0.00159477 0.0015512
0.00534218 -0.056214 0.0584473 -3.738e-05 0.00191656 0.00166384
-0.00448541 -0.0307701 0.0917862 1.569e-05 0.00263635 0.00110799
-0.0307905 -0.052626 0.128424 0.00082963 0.00272485 0.00099544
0.00358875 -0.0552411 0.0946324 0.00169165 0.00329593 0.00153946
0.00166439 -0.0778968 0.0754722 -0.00078773 0.00190795 0.0017603
0.00286675 -0.0809808 0.0701244 1.729e-05 0.0022737 0.00169756
0.0124148 0.00182365 0.0991753 7.604e-05 0.00335857 0.00159094
-0.0264684 -0.111808 0.103596 0.00027755 0.00287625 0.00169546
-0.0239026 -0.119888 0.108698 0.00063326 0.00290661 0.0016273
-0.0160102 -0.0588154 0.0450609 0.0009516 0.00263067 0.00170139
-0.0233483 -0.116089 0.129533 -0.00110231 0.00272174 0.00200803
-0.0108205 -0.0683453 0.189364 -0.00052023 0.00256282 0.00184094
-0.00971168 -0.0911407 0.19748 -0.00060807 0.00307728 0.00184094
-0.011313 -0.128352 0.201585 -0.00033371 0.00305327 0.00184094
0.0179807 -0.0864769 0.212979 -0.00054848 0.00335998 0.00202375
0.0233899 -0.113479 0.18428 -0.00100379 0.00323555 0.00218049
0.0230455 -0.0827465 0.186272 -0.00072922 0.00325035 0.00206582
0.0339951 -0.0162234 0.170915 -0.00301164 0.00364177 0.00184094
0.0237108 -0.0876871 0.178104 -0.00300763 0.00332428 0.0020134
0.0233762 -0.0765356 0.155657 -0.00233558 0.00355611 0.00184094
0.0341632 -0.0633168 0.147389 -0.00216813 0.00335438 0.00184094
0.0325889 -0.08926 0.144136 -0.00233558 0.00335895 0.00215759
0.0550915 -0.0681504 0.0858054 -0.00136588 0.00321245 0.00253307
0.0516416 -0.179838 0.107883 -0.00152334 0.00306182 0.00254484
0.0467306 -0.150316 0.105895 -0.00154733 0.00306182 0.00258797
0.04422 -0.0943488 0.121902 -0.00170132 0.00306182 0.00250309
0.0502111 -0.0964073 0.166423 -0.00156687 0.00397162 0.00222644
0.0302771 -0.114215 0.16089 -0.00226672 0.00423935 0.00221482
0.0211094 -0.0849735 0.169756 -0.00239209 0.00445572 0.00221482
0.0174926 0.00635818 0.233046 -0.00250982 0.00487058 0.00221482
0.0272989 -0.0339914 0.170387 -0.00081142 0.00411502 0.00227119
0.0285599 -0.0717548 0.20456 -0.00302527 0.0049882 0.00269711
0.0226227 -0.0999817 0.236767 -0.00390576 0.00486076 0.0024269
0.0294491 -0.0222771 0.270763 -0.00399924 0.00506221 0.00263296
0.0254099 -0.0554131 0.284861 -0.00350876 0.005061 0.0026795
0.0439926 -0.0854034 0.138926 -0.00137407 0.00550609 0.00249338
0.0121556 -0.104978 0.13118 -0.00207495 0.0046533 0.00235591
0.0154064 -0.0837804 0.137714 -0.00229743 0.00450777 0.00234887
0.00322782 0.00808888 0.171562 -0.00230051 0.00463278 0.00234378
0.00164276 -0.0578202 0.221023 -0.00395307 0.00550269 0.0025734
-0.0194608 -0.0646219 0.214829 -0.00355723 0.00561704 0.00229482
-0.030423 0.0160258 0.29223 -0.00431234 0.00568974 0.00228186
-0.0335202 -0.0308466 0.211552 -0.00204347 0.00473901 0.00214851
-0.0381783 -0.0890097 0.261685 -0.00285909 0.00523048 0.00221482
-0.0358002 -0.101326 0.260928 -0.00288277 0.00573478 0.00237378
-0.0433069 -0.0748148 0.340682 -0.00552066 0.00698141 0.00252464
-0.0431757 -0.0662502 0.274284 -0.00446248 0.00720211 0.00242727
-0.0333814 -0.101195 0.336828 -0.00577906 0.0083399 0.00235932
-0.0336628 -0.0768898 0.31017 -0.00515021 0.00847072 0.00221482
-0.0335046 -0.015507 0.211116 -0.0018539 0.00663834 0.00233033
-0.0336502 -0.0635942 0.227237 -0.00355197 0.00649524 0.00226916
-0.050104 -0.0824781 0.232132 -0.00349977 0.0059388 0.00212735
-0.0709844 -0.00742589 0.360222 -0.00459612 0.0072912 0.00196789
-0.0859094 -0.0958956 0.372688 -0.0043723 0.00727989 0.00160735
-0.0652922 -0.0642887 0.205591 -0.00271985 0.00625214 0.00213341
-0.0482625 -0.17352 0.308256 -0.00469151 0.0066889 0.00232563
-0.0482334 -0.154752 0.273886 -0.00413326 0.00682203 0.00235855
-0.0576127 -0.0596898 0.306098 -0.00387409 0.00683436 0.00213598
-0.0626179 -0.0336667 0.289115 -0.00286236 0.00707914 0.00232982
-0.0749217 -0.12258 0.305631 -0.00246235 0.00681775 0.00192862
-0.0537806 -0.0925356 0.27503 -0.00258682 0.00662821 0.00203256
-0.0537318 -0.052466 0.266483 -0.00275178 0.00616671 0.00205146
-0.0722852 -0.00208155 0.325082 -0.00349777 0.00647639 0.00162243
-0.0584974 -0.0555038 0.217452 -0.00258362 0.00615116 0.00199994
-0.0679341 -0.145698 0.287634 -0.00328222 0.00648357 0.00199476
-0.0677292 -0.142704 0.277042 -0.00302507 0.00586375 0.00209434
-0.0267988 -0.0458029 0.261569 -0.00288061 0.00532784 0.00241469
-0.0253357 -0.127422 0.350985 -0.00665888 0.00634326 0.00259421
-0.0331547 -0.0809366 0.334429 -0.00539168 0.00615588 0.00257953
-0.0645704 -0.0215018 0.223024 -0.00322673 0.00585191 0.00241469
-0.0746069 -0.0665984 0.243888 -0.00200513 0.00530721 0.00220299
-0.0843398 -0.104455 0.296994 -0.00332527 0.00572267 0.00214139
-0.0968815 -0.0413962 0.305533 -0.00346647 0.00592743 0.002071
-0.0927376 -0.0979486 0.298133 -0.00330823 0.00597236 0.00222656
-0.0734695 -0.24948 -0.0507903 -0.017352 0.00598417 0.00241469
-0.0505176 -0.0741824 -0.114342 -0.0210076 0.00752006 0.00214459
-0.0632626 -0.115314 -0.0891906 -0.0177922 0.00729642 0.00199136
-0.0655492 -0.160788 -0.122626 -0.0165406 0.00715355 0.00173353
-0.0746115 -0.130733 -0.127162 -0.0154804 0.00672647 0.00164884
-0.0857538 -0.103243 -0.0971697 -0.0151239 0.00690479 0.00152479
-0.0908951 -0.0652039 -0.0586031 -0.01327 0.00730298 0.00151406
-0.0795631 -0.159033 -0.0583882 -0.0140428 0.00736423 0.00153491
-0.0801151 -0.143443 -0.0696108 -0.0139466 0.00736423 0.0013054
-0.0801969 -0.136338 -0.0803401 -0.0140119 0.00752143 0.00120821
-0.0854159 -0.0367602 -0.0130118 -0.0139445 0.00788516 0.00144615
-0.0908526 -0.140302 -0.0253042 -0.0134286 0.0075979 0.00131944
-0.0878978 -0.146832 -0.0678729 -0.0129049 0.00770129 0.00106753
-0.0674025 -0.0821012 -0.0780492 -0.011983 0.00739868 0.00135426
-0.0611648 -0.0171108 0.0362854 -0.0140659 0.00743396 0.00172226
-0.072315 -0.151118 -0.0100497 -0.0124384 0.00693275 0.00133764
-0.0891904 -0.122144 -0.0404267 -0.0117193 0.00650147 0.00125891
-0.0946553 -0.0762525 -0.0651513 -0.0125543 0.00690645 0.0011607
-0.106967 0.00236651 0.00921868 -0.0126613 0.00739416 0.00116296
-0.11269 -0.0638141 -0.0299415 -0.0120748 0.00768839 0.00114606
-0.113054 -0.0468081 -0.0605471 -0.0106109 0.0070016 0.00121308
-0.107545 -0.0352689 0.00383202 -0.0123604 0.0074073 0.00135148
-0.102356 -4.93e-06 0.06074 -0.0115681 0.00767678 0.00145771
-0.119928 -0.171528 -0.00109502 -0.0115299 0.00722439 0.00120415
-0.119363 -0.139713 -0.042573 -0.0119432 0.00730963 0.00115653
-0.140795 0.0607848 -0.00751733 -0.00478942 0.00533443 0.00152845
-0.144734 -0.0356707 0.107345 -0.00842989 0.00811851 0.00127778
-0.137809 -0.0491932 0.121104 -0.0092092 0.00847905 0.00130646
-0.13727 0.0479403 0.220461 -0.00990617 0.00901683 0.00155106
-0.138141 -0.0311035 -0.0593551 -0.00522055 0.00788204 0.00148838
-0.137244 -0.0449972 -0.0281208 -0.00644789 0.00757102 0.00136491
-0.146705 0.00240981 0.0766749 -0.00811979 0.009311 0.00136052
-0.144239 0.0440641 0.0158741 -0.00591893 0.00858548 0.00137369
-0.132649 -0.0902855 0.106648 -0.00724427 0.00891505 0.00144817
-0.12374 -0.0749394 0.170074 -0.00882947 0.00977871 0.00147524
-0.128543 -0.0633666 0.177633 -0.0084342 0.0104606 0.00158131
-0.128375 -0.0223821 0.146649 -0.00718403 0.0101723 0.00170849
-0.118501 -0.0727907 0.174947 -0.00749415 0.010482 0.00180019
-0.115544 -0.030986 0.1835 -0.00755738 0.0109687 0.00183794
-0.108246 0.00922478 0.104324 -0.00704432 0.0117795 0.00181665
-0.0940335 -0.0809041 0.168697 -0.0107466 0.0127384 0.00168657
-0.103137 0.00340428 0.252916 -0.0100551 0.01242 0.00153553
-0.107832 0.0226597 0.361179 -0.0101176 0.0122732 0.00159303
-0.10424 -0.0659186 0.331084 -0.00948111 0.0118476 0.00156755
-0.116601 -0.00949429 0.158019 -0.00899482 0.0117388 0.00130136
-0.116162 -0.0942445 0.228808 -0.00963593 0.0118394 0.00146122
-0.0928784 -0.106569 0.253767 -0.00951029 0.011413 0.00152472
-0.0840646 -0.0386658 0.282161 -0.00941169 0.0117745 0.00149893
-0.0881969 0.0397932 0.235472 -0.00781668 0.0119872 0.00180743
-0.0788293 -0.0407314 0.239067 -0.00721636 0.0114753 0.00167073
-0.058258 -0.0547055 0.246734 -0.00711524 0.0114745 0.00176965
-0.0522191 0.0586016 0.187929 -0.00612627 0.0114959 0.00239744
-0.0322721 -0.0266556 0.182503 -0.00639726 0.0106949 0.002185
-0.0213584 -0.0601993 0.15838 -0.00596463 0.0105579 0.00208457
-0.0184044 0.0174499 0.212947 -0.00636492 0.0103359 0.00220568
-0.044463 0.0605771 0.148732 -0.00466899 0.0100106 0.00245715
-0.0589617 -0.0129022 0.172515 -0.00445602 0.00864513 0.00215796
-0.0378535 -0.0568761 0.101316 -0.00525886 0.00822799 0.00211156
-0.0562548 -0.00572443 -0.0247508 -0.00316322 0.00748463 0.00209939
-0.027741 -0.0189158 0.0579222 -0.00471447 0.00781898 0.00211032
0.00236452 -0.00723774 0.103008 -0.00443316 0.00644959 0.00246262
0.00258936 0.0277257 0.108875 -0.00387724 0.00623355 0.00238198
-0.00013526 0.0340009 0.0928785 -0.00375847 0.0057053 0.00235027
0.00155568 0.033069 -0.0907515 -0.00054649 0.00654111 0.00226687
-0.00655596 0.00436852 0.0308111 -0.00309712 0.00588062 0.00239078
0.00426092 -0.0228543 0.0273701 -0.00289692 0.00519221 0.00237816
0.00828037 -0.0020893 0.0152515 -0.00265373 0.00470931 0.00222599
0.00299381 0.0862987 0.0866813 -0.00330389 0.00503849 0.00205697
-0.0207898 0.0277667 0.0178787 -0.00103922 0.00450132 0.00201762
0.00318068 -0.0544629 0.0193668 -0.00180368 0.00443912 0.00211578
-0.004356 -0.0580026 0.0337824 -0.00247243 0.00400878 0.00204832
-0.00422011 0.00758464 0.0422378 -0.00233629 0.00332824 0.00191404
-0.0150835 0.0685702 0.0938363 -0.00264635 0.00290684 0.00182788
-0.0362409 0.0345946 -0.0756053 -0.00087835 0.00304303 0.00157994
-0.0285762 0.00745945 -0.0145568 -0.00330341 0.00318409 0.00208538
-0.0320432 -9.492e-05 0.0343657 -0.00430878 0.00301186 0.00192922
-0.0382091 0.0169151 0.0349788 -0.00387349 0.0025203 0.0020808
-0.0302956 0.0985778 0.107035 -0.00405456 0.00287552 0.00197071
-0.0457855 -0.00169788 -0.0897227 -0.00049669 0.00299503 0.00191431
-0.0252533 -0.00083452 -0.0226981 -0.0046939 0.00295533 0.00209541
-0.0209421 -0.00912586 0.00157069 -0.00493843 0.00328526 0.00209546
-0.0232082 0.0677709 0.0731779 -0.0041952 0.00295731 0.00208907
-0.0252355 0.0582863 0.102319 -0.00347263 0.00261506 0.00189908
-0.0313126 -0.00042528 -0.0949963 -0.00252806 0.00191118 0.00159407
0.0116475 -0.00805488 -0.152425 -0.0039832 0.00314248 0.00164525
0.00341698 -0.00565267 -0.143906 -0.00341127 0.00284761 0.00178738
-0.0292145 0.0557929 -0.170078 -0.00240904 0.00188954 0.00162587
-0.0236613 0.00528092 -0.0928292 -0.00244774 0.00144098 0.00172185
-0.0106251 -0.0190035 -0.0725164 -0.00261957 0.00109593 0.00167344
-0.00483657 0.0219829 -0.0555334 -0.00226935 0.00102108 0.00163645
-0.0119283 0.0354064 -0.024666 -0.00258131 0.00092998 0.00151092
-0.0265661 0.0370034 -0.0774581 -0.00103208 0.00086477 0.00130952
-0.0202942 0.0272034 -0.0412807 -0.00493857 0.00057362 0.00181347
-0.00051541 0.00114129 0.0639142 -0.00724769 0.00024972 0.00215367
-0.0110383 0.0314071 0.0727127 -0.00697801 -3.782e-05 0.00221159
-0.0333058 0.0842 0.0970334 -0.00651851 0.00049588 0.00184911
-0.0136489 0.0154201 0.143045 -0.00759619 0.00032696 0.00205553
-0.00373987 0.025906 0.183416 -0.00846417 0.00066046 0.00204323
-0.00418723 0.0928777 0.269566 -0.00814308 0.00070794 0.00193257
-0.00016285 0.0674599 0.298286 -0.0081162 0.00076123 0.00213474
-0.0229425 0.0813747 0.063813 -0.00230893 -0.00048806 0.00185935
-0.0157736 0.0586677 0.153144 -0.00424937 8.918e-05 0.00234401
-0.0153202 0.0448246 0.180274 -0.00480606 0.00020504 0.00224899
-0.0341587 0.0712521 0.0423422 -0.00335113 0.0002678 0.00185087
-0.0298363 0.0418279 0.0816959 -0.00335113 0.00047658 0.00189151
-0.0286573 0.0921947 0.1766 -0.00421269 0.00061188 0.00191657
-0.0357262 0.0904226 0.0921385 -0.00286454 0.00098646 0.00155645
-0.0109323 0.0516447 0.119542 -0.00297922 0.00151194 0.00221666
-0.0132209 0.0547239 0.150711 -0.00389721 0.00144142 0.00208786
-0.0160533 0.089776 0.0414311 -0.00107513 0.00089167 0.0023662
-0.0136653 0.0536778 0.140572 -0.00356047 0.00151194 0.0022227
0.00158333 0.0753544 0.21873 -0.00551732 0.00151194 0.00195997
0.00858992 0.118769 0.258297 -0.00515989 0.00151194 0.00228112
-0.0324312 0.0808416 0.0511536 -0.00152679 0.00083415 0.00201781
-0.0313782 0.06318 0.229824 -0.00557473 0.00144575 0.00218845
-0.0154602 0.0555949 0.222285 -0.00556821 0.00127537 0.00218545
-0.00056306 0.112448 0.282939 -0.00609352 0.00099175 0.00226223
-0.0140921 0.10945 0.122582 -0.00362942 0.00063117 0.00176713
-0.00227919 0.0838579 0.16266 -0.00406446 0.00103218 0.00220257
-0.00359623 0.0902294 0.212105 -0.00463182 0.00051366 0.00204658
-0.00552025 0.114893 0.222802 -0.00499528 0.00015328 0.00199184
-0.00136922 0.121956 0.10393 -0.00261696 0.0005205 0.00205891
0.00098887 0.0911307 0.26141 -0.00610323 0.00120346 0.00227039
0.00773741 0.0674907 0.302247 -0.00758056 0.00138292 0.00224569
-0.0144618 0.0633508 0.112363 -0.0048567 0.00088503 0.00194129
-0.0150939 0.0638455 0.117883 -0.00577174 0.00087233 0.0020337
-0.00737852 0.0785929 0.185689 -0.00647784 0.00057273 0.00211114
7.285e-05 0.14423 0.331364 -0.00725515 0.00133527 0.00221348
0.00598695 0.0944678 0.352823 -0.00735593 0.00131795 0.00224077
-0.0176513 0.0913296 0.125208 -0.0039146 0.00093409 0.00197822
-0.00263062 0.0703616 0.217836 -0.00577313 0.00150278 0.00229698
-5.254e-05 0.0867503 0.249733 -0.00616953 0.00159796 0.00220667
0.00754823 0.138051 0.327479 -0.00712928 0.00169359 0.00197825
0.00034802 0.15744 0.3203 -0.00705086 0.00164321 0.0023662
-0.0121491 0.0766183 0.438364 -0.00844611 0.00187336 0.0023662
-0.00292948 0.101195 0.411336 -0.00809672 0.00163868 0.0022942
0.00034313 0.139045 0.413322 -0.00786714 0.00145375 0.0023662
0.0106393 0.159163 0.402498 -0.00731535 0.00154693 0.0023662
0.0294691 0.194912 0.44251 -0.00714565 0.00281476 0.00261681
0.0710179 0.0756909 0.121147 -0.00198172 0.00291423 0.00277003
0.0500852 0.0418728 0.210928 -0.00461066 0.00282341 0.00244639
0.0376099 0.113295 0.193699 -0.00337405 0.00264815 0.00205248
0.0216045 0.0871095 0.299888 -0.00767393 0.00323353 0.00229883
0.031679 0.147121 0.325606 -0.0074752 0.00369888 0.00239533
0.033587 0.139363 0.376393 -0.00737948 0.00373585 0.0023682
0.0170524 0.0527434 0.138934 -0.00471648 0.00277344 0.00219384
-0.00072406 0.0826574 0.0581291 -0.00442425 0.00239033 0.00214188
0.0116294 0.0907754 0.149802 -0.00420198 0.00328131 0.00174715
0.0119961 0.113153 0.261525 -0.00492448 0.003218 0.00176406
0.014271 0.0691823 0.272635 -0.00483307 0.00319713 0.00180542
0.00262989 0.112391 0.174695 -0.00330975 0.00279541 0.00173825
0.0227952 0.0717842 0.231426 -0.00346139 0.00295859 0.00166726
0.0252292 0.0800987 0.269532 -0.00360238 0.00276667 0.00174394
0.0116795 0.100998 0.113873 -0.00251415 0.00225739 0.00140624
0.0190316 0.0761631 0.217065 -0.0033884 0.00210332 0.00126368
0.0233291 0.0698853 0.216048 -0.00302256 0.00208618 0.00125389
0.0267973 0.0914104 0.22166 -0.00324204 0.0018726 0.00147046
0.00825464 0.125373 0.184833 -0.00268898 0.00177381 0.00138472
0.013871 0.0794041 0.186891 -0.00274813 0.00204187 0.00124195
0.0143942 0.0829209 0.186224 -0.0024201 0.00169903 0.0014573
0.0180368 0.110543 0.212359 -0.00312939 0.00173509 0.00122824
0.0252365 0.11043 0.228688 -0.00362009 0.00175563 0.00150311
0.0226768 0.0999634 0.0608739 -0.00070722 0.00128895 0.00192329
0.0225138 0.0786362 0.181358 -0.00301597 0.00199376 0.00126276
0.0225442 0.0707339 0.190809 -0.00308609 0.00178734 0.00152061
0.0220104 0.106053 0.235531 -0.00417942 0.00095586 0.00154669
0.0246245 0.103772 0.096501 -0.00227144 0.00183421 0.00140334
0.0138645 0.0654603 0.187336 -0.00340519 0.00182955 0.00153054
0.0138849 0.0790806 0.198597 -0.00376345 0.00187187 0.0014746
-0.0265571 -0.0934162 -0.0752053 -0.0157425 0.00310942 0.00174479
-0.029404 -0.03504 -0.165016 -0.0172287 0.00321061 0.0019086
-0.0387102 0.166916 0.140573 -0.0111955 0.00295586 0.00199525
-0.0377601 0.0994062 0.257644 -0.0100047 0.00293121 0.0018411
-0.036645 -0.0269954 0.103662 -0.00822833 0.00181523 0.00145602
-0.0371483 0.00927995 0.0991566 -0.0080366 0.00172217 0.00147636
-0.0298941 0.029345 0.0988598 -0.00783613 0.00215617 0.0013262
-0.0234803 0.0356897 0.110472 -0.00782902 0.0017436 0.00127254
-0.0238099 0.0363603 0.189832 -0.00934376 0.00289752 0.00131613
-0.0298535 0.115354 0.237568 -0.0087263 0.00289841 0.00144833
-0.0371123 0.0535505 0.22916 -0.00867091 0.00282104 0.00127787
-0.0390573 0.0909678 0.108199 -0.00529621 0.00196277 0.00132681
-0.0352378 0.0925711 0.144813 -0.00670017 0.002133 0.00148031
-0.0332878 0.0867798 0.157357 -0.00703722 0.00186857 0.00142007
-0.033205 0.138551 0.236664 -0.00834239 0.00272117 0.00146506
-0.035196 0.0575319 0.219257 -0.00830248 0.00241361 0.00138136
-0.0361055 0.0685528 0.208094 -0.00807442 0.00206854 0.00136988
-0.0359039 0.0811191 0.225184 -0.00859007 0.00251995 0.00142765
-0.0361984 0.154263 0.303878 -0.00993499 0.00251099 0.0016141
-0.0339258 0.0339365 0.220182 -0.00781821 0.00235262 0.001399
-0.0382439 0.0512789 0.167438 -0.00677138 0.00177116 0.00147951
-0.0466226 0.12642 0.256205 -0.00852428 0.00226971 0.00147951
-0.0432884 0.152901 0.28379 -0.00881437 0.00275779 0.00147951
-0.0346227 0.0426156 0.225373 -0.00817298 0.00238887 0.00147951
-0.0323923 0.117369 0.215066 -0.00788552 0.00266308 0.00144093
-0.0477692 0.110186 0.0329161 -0.00328378 0.00177116 0.00123747
-0.052181 0.0261242 0.16657 -0.00773613 0.00152116 0.00127718
-0.0441046 0.0879975 0.237266 -0.00797989 0.0020441 0.00127718
-0.0540486 0.107945 0.274003 -0.00787742 0.00278909 0.00117281
-0.0684385 0.0445529 0.0441974 -0.00339416 0.00217596 0.00079606
-0.0668772 0.083279 0.0777169 -0.00599413 0.00216524 0.00091055
-0.0573742 0.0704529 0.10497 -0.0059527 0.00197379 0.00088869
-0.0782617 0.170499 0.159018 -0.00387055 0.00220091 0.0011331
-0.0788408 0.0705843 0.324463 -0.0102552 0.00403178 0.00111099
-0.0716795 0.0110237 0.258239 -0.0106561 0.00361569 0.0010496
-0.0750845 0.0397462 0.253642 -0.00994103 0.00355008 0.00112531
-0.0550854 0.12237 0.330222 -0.0102681 0.00377579 0.00124205
-0.0693903 0.0655263 -0.00172007 -0.00807049 0.00240799 0.00092603
-0.0600224 0.0309572 0.0411431 -0.0111985 0.00336481 0.00092867
-0.0624503 0.0435261 0.0858125 -0.0104917 0.00273177 0.00082112
-0.0328862 0.153429 0.0062927 -0.00705723 0.00260281 0.00091056
-0.0218959 0.0520032 0.173189 -0.0100983 0.00289653 0.00116164
-0.0226579 0.0520285 0.191602 -0.00929293 0.00243524 0.00094474
-0.0410384 0.0520445 0.180539 -0.00927097 0.0020441 0.00088924
-0.0514442 0.109086 0.01838 -0.00463514 0.00123442 0.00138367
-0.04998 0.0775671 -0.00393765 -0.00476268 0.00178261 0.00138367
-0.0493701 0.0339258 0.0337235 -0.00597278 0.00193109 0.00111287
-0.0548685 0.0979618 0.0851563 -0.00544811 0.00147338 0.00108259
-0.0493824 0.150213 0.170891 -0.00596543 0.00212158 0.00138367
-0.0505199 0.0666472 0.016584 -0.00262369 0.00193758 0.00109863
-0.044239 0.0846247 0.0378562 -0.00458109 0.00185318 0.00089898
-0.0665479 0.125117 0.261822 -0.00782586 0.00177341 0.00072335
-0.0645199 0.0304237 -0.064931 -0.00111982 0.00213147 0.00077499
-0.109451 -0.0109578 -0.16309 -0.00432294 0.00251408 0.00071413
-0.0887034 0.0499377 0.058148 -0.00549832 0.00321811 0.00066137
-0.0821719 0.0253574 0.129102 -0.00513197 0.00321811 0.00089455
-0.0703579 0.024978 0.0983396 -0.00438698 0.00321811 0.00064333
-0.0691321 0.0443344 -0.0355445 -0.00205415 0.00358631 0.00051098
-0.0620489 0.0434447 -0.0296392 -0.00291745 0.0030518 0.00051098
-0.0579055 0.0638334 -0.017426 -0.00341582 0.00327217 0.0005058
-0.0555758 0.141599 0.086196 -0.00433974 0.0033534 0.0006851
-0.0725399 0.080457 0.0109111 -0.00172396 0.00227693 0.00068401
-0.054713 0.0645946 0.0693121 -0.00296885 0.0032225 0.00073895
-0.0522282 0.0610716 0.0739538 -0.00321386 0.00308828 0.00076077
-0.0423281 0.0779744 0.0784183 -0.00329797 0.00304554 0.00076077
-0.0608822 0.0717061 -0.0242842 -0.0009247 0.00268059 0.00109693
-0.0426376 0.073744 0.0760528 -0.00280654 0.00358841 0.00068639
-0.0217136 0.0733823 0.0764864 -0.00297679 0.00375064 0.00073093
-0.0257306 0.0933469 0.0760109 -0.00277383 0.00351765 0.00094961
-0.0319306 0.116394 0.0892237 -0.00288509 0.00313312 0.00073425
-0.0314187 0.0721058 -0.0269597 -0.00080336 0.00323848 0.00111014
-0.0254957 0.0511036 -0.0207592 -0.00099349 0.00274943 0.00053658
-0.0232623 0.0462374 0.0240624 -0.00180193 0.00348601 0.00059129
-0.0441461 0.0595448 -0.0135769 -0.00134786 0.00311903 0.00063787
-0.0411404 0.0678925 0.0492259 -0.00294364 0.00310206 0.00052958
-0.0350211 0.0580912 0.0246318 -0.00194935 0.00254688 0.00052958
-0.0429107 0.133438 0.132971 -0.00336322 0.00306221 0.0006811
-0.0425256 0.0546491 0.0147773 -0.00063905 0.00282606 0.00059507
-0.0116308 0.061827 0.0548917 -0.00173052 0.00344153 0.00033202
-0.011706 0.0529075 0.0642235 -0.00193814 0.00287691 0.00032061
0.00388799 0.0649288 0.0446932 -0.00114874 0.00241388 0.00058352
0.00143721 0.0903687 0.0834922 -0.00110691 0.00251894 0.00052958
-0.00096888 0.0510427 -0.0131699 0.0003344 0.00215588 8.629e-05
-0.00422478 0.039253 0.0200657 -0.00047416 0.00245841 0.00013878
-0.00275917 0.0573292 0.0823292 -0.00156108 0.00265307 0.00012293
-0.0169955 0.0937654 0.0897126 -0.00215774 0.0030369 0.00022148
0.0020579 0.0775617 0.129469 -0.00271958 0.00408484 0.00017539
0.00284948 0.077107 0.126103 -0.00245605 0.00389144 0.00025346
0.00064661 0.0998867 0.11785 -0.00245715 0.00330243 0.00023361
-0.00469132 0.109189 0.119573 -0.00261543 0.00311123 0.0001468
-0.0203292 0.154964 0.166203 -0.00357496 0.00385321 0.0001934
-0.00181892 0.078717 0.0329889 -0.00191998 0.00407456 0.00022989
-0.00409869 0.0563986 0.132468 -0.00282222 0.00411629 0.00020578
0.00496099 0.0694717 0.116479 -0.00222412 0.00364832 0.00026206
0.0111537 0.0993311 0.159871 -0.00274672 0.00403854 0.00038763
0.0157033 0.0751984 0.0105056 -0.00191475 0.00419863 0.00057022
-0.0022124 0.0722504 0.0826797 -0.00210506 0.0041487 0.00035303
0.010089 0.0811972 0.0994477 -0.00232156 0.00415769 0.00032412
-0.00257574 0.107194 0.0298261 -0.00210428 0.00382116 0.00022192
-0.00270382 0.0891604 0.145898 -0.00294701 0.00363705 0.00025808
-0.00989182 0.0820129 0.163549 -0.00313773 0.00408711 0.00027187
-0.00321964 0.101056 0.176097 -0.00302678 0.00395659 0.00014337
-0.0425608 0.104877 0.0785892 -0.0023865 0.00262222 0.00045622
-0.0399173 0.10609 0.230211 -0.00351108 0.00322463 0.00054409
-0.0233005 0.105581 0.242443 -0.00328909 0.00317864 0.00050805
-0.0337542 0.156916 0.147097 -0.00153274 0.00297104 0.00090769
-0.022803 0.163913 0.485247 -0.00791774 0.00416515 0.00106367
-0.0260681 0.160267 0.496799 -0.00806033 0.00432546 0.00111674
-0.017932 0.193529 0.503069 -0.00783535 0.00361911 0.00113938
-0.0198576 0.188966 0.458317 -0.00591686 0.00416169 0.00085228
-0.0372041 0.165412 0.2145 -0.00368557 0.00307621 0.00071709
-0.0246224 0.0789072 0.287097 -0.00778742 0.00394705 0.00050175
-0.0049971 0.105138 0.21725 -0.0059913 0.00398641 0.00044843
-0.00724045 0.137925 0.283629 -0.00656889 0.00433215 0.00076295
-0.0150522 0.14493 0.112868 -0.00235857 0.00274289 0.00108621
-0.0012931 0.139472 0.202078 -0.00391925 0.00440312 0.0006701
0.00247039 0.136054 0.335039 -0.00645353 0.00537814 0.00018871
-0.00142251 0.138513 0.164639 -0.00365848 0.0048728 0.00055635
-0.0116151 0.151661 0.365069 -0.00708272 0.00575229 0.0004622
0.00306929 0.146504 0.40035 -0.00716142 0.00562295 0.00040598
-0.00274772 0.173988 0.455092 -0.00770795 0.00563717 0.00043636
-0.0312464 0.168413 0.25216 -0.00430429 0.00448146 0.00047911
-0.00573365 0.132821 0.277915 -0.00416878 0.00500721 0.00056036
-0.00193394 0.110229 0.377711 -0.00551806 0.00572935 0.00039989
-0.00013807 0.147649 0.392166 -0.00624457 0.00521163 0.00047236
0.0111039 0.174603 0.384373 -0.00610643 0.00538896 0.00042922
-0.00687842 0.157721 0.249579 -0.00320977 0.00450507 0.0005112
0.00773073 0.128691 0.209415 -0.00294164 0.00433636 0.00053536
0.00273356 0.101744 0.296292 -0.00325304 0.00441191 0.00046311
-0.00795476 0.130176 0.172315 -0.00142794 0.00377401 0.00086919
-0.00907484 0.107027 0.254449 -0.00309176 0.00447623 0.0004042
-0.00529552 0.101608 0.329015 -0.00344542 0.00440982 0.00051853
-0.00127852 0.138316 0.362152 -0.00404273 0.00505035 0.00061443
-0.00409707 0.149704 0.366546 -0.00394384 0.00524261 0.00054733
-0.00597302 0.176677 0.393606 -0.00409943 0.0050412 0.0005558
0.0250875 0.170426 0.283214 -0.00106859 0.00457768 0.00075431
-0.019281 0.10716 0.381125 -0.00630007 0.00436417 0.00050315
-0.0194309 0.125446 0.362439 -0.00617336 0.00459933 0.00044919
-0.0370362 0.11525 0.143579 -0.00324543 0.00420462 0.00062155
-0.0562406 0.0981683 0.153165 -0.0033927 0.00356773 0.00056825
-0.0565617 0.104467 0.202953 -0.00400168 0.0034492 0.00039102
-0.0381329 0.138818 0.259727 -0.00412914 0.0037421 0.00056825
-0.0408626 0.18423 0.250473 -0.00555084 0.00399242 0.00044032
-0.0509984 0.127967 0.226644 -0.00341287 0.00316111 0.00033219
-0.0393298 0.12299 0.290656 -0.00370609 0.00385566 0.00027259
-0.0463809 0.121679 0.168422 -0.00252233 0.00280581 0.00051443
-0.0302112 0.0989354 0.247829 -0.00375516 0.00389452 9.188e-05
-0.0301544 0.1132 0.271304 -0.00365466 0.00432867 0.000156
-0.022432 0.159146 0.340879 -0.00466392 0.00472438 0.0002061
-0.0221288 0.148262 0.360588 -0.00468523 0.0044995 0.00028988
-0.0280925 0.167994 0.131058 -0.00212251 0.00364506 0.0007305
-0.0410718 0.0918739 0.191089 -0.00261666 0.00358152 5.702e-05
-0.0233059 0.0752876 0.247295 -0.00286862 0.0040742 0.00015751
-0.0159469 0.133372 0.314459 -0.00443261 0.00421171 0.00017838
-0.0157641 0.163735 0.127866 -0.00156013 0.00387582 0.00017838
0.00098842 0.135192 0.23703 -0.00426599 0.00571017 -6.67e-05
0.0041136 0.127581 0.308679 -0.00436428 0.006395 -3.394e-05
-0.0186524 0.176981 0.193556 -0.00349422 0.0054444 -0.00025881
-0.0277437 0.119145 0.28287 -0.00424974 0.0054444 -4.959e-05
-0.018563 0.102768 0.350692 -0.00436415 0.00593654 -0.00018201
-0.0152649 0.0895988 0.142151 -0.00175147 0.00442773 -0.00018201
0.0163537 0.155104 0.373626 -0.00456935 0.00656247 -0.00034679
0.0070312 0.139222 0.458619 -0.0054363 0.00616422 -0.00042933
0.00713484 0.146062 0.448064 -0.00548342 0.00578803 -0.00042933
-0.0368108 0.148561 0.276145 -0.00374902 0.00504117 0.00028439
-0.036435 0.0708109 0.361327 -0.00662351 0.00489648 0.00010196
-0.0251874 0.108783 0.414137 -0.00711521 0.00564402 3.867e-05
-0.0158442 0.146492 0.423957 -0.00687849 0.00566984 9.104e-05
-0.0183581 0.189667 0.41147 -0.00617744 0.00557601 0.00017196
-0.0547527 0.0258507 0.170779 -0.0109271 0.00509869 0.00073648
-0.0382481 0.0651943 0.105119 -0.0130368 0.0058585 0.00111236
-0.0318638 0.10468 0.131688 -0.0101429 0.00594667 0.00118266
-0.022751 0.126686 0.124632 -0.0094272 0.00600691 0.00110884
-0.0290258 0.122034 0.0875197 -0.00675731 0.00489522 0.0008965
-0.0332308 0.095237 0.0980909 -0.00694279 0.00462642 0.00095804
-0.0370976 0.0756845 0.183818 -0.00892446 0.00432265 0.00079622
-0.034287 0.1498 0.278854 -0.00810697 0.00557371 0.00110906
-0.0386085 0.126032 0.348572 -0.00826515 0.00588408 0.00087499
-0.0422125 0.0274809 0.316752 -0.00810697 0.00522662 0.00057566
-0.0507039 0.116143 0.202905 -0.00547279 0.00526903 0.0007025
-0.0597849 0.161924 0.261001 -0.00674993 0.00501915 0.00029818
-0.0765421 0.138478 0.252485 -0.00692086 0.00530348 6.701e-05
-0.0897237 0.161891 0.253681 -0.00763114 0.0043321 0.00010877
-0.0945151 0.18023 0.281248 -0.00913573 0.00363248 3.317e-05
-0.0815289 0.159615 0.33559 -0.0102047 0.00397245 8.865e-05
-0.076978 0.169381 0.338969 -0.00965824 0.00508487 6.71e-06
-0.0840191 0.182306 0.421102 -0.0106467 0.00507912 -5.805e-05
-0.0775366 0.0250791 0.359736 -0.00994644 0.00467034 -0.00025084
-0.0896714 0.0337986 0.315458 -0.00948425 0.0045741 -0.0004304
-0.0875659 0.10066 0.32426 -0.00952554 0.00479179 -0.0001248
-0.077272 0.182314 0.366441 -0.00949867 0.00527875 -4.31e-06
-0.0817276 0.0776814 0.326888 -0.00831059 0.00446667 -0.00012486
-0.0808742 0.128776 0.339247 -0.00904034 0.00489685 -0.0001737
-0.077689 0.16663 0.376436 -0.00960283 0.00484156 -0.00028717
-0.0941925 0.201168 0.392638 -0.00974096 0.0050084 -0.00014639
-0.0936404 0.127472 0.33667 -0.00881879 0.0050084 -0.00025642
-0.103705 0.147329 0.249441 -0.00696589 0.0045188 -0.00023153
-0.10307 0.14726 0.28451 -0.0078037 0.00441333 -0.00023153
-0.115475 0.1472 0.317208 -0.00842916 0.00422186 -0.00045809
-0.125626 0.0983614 0.290644 -0.00859019 0.00438537 -0.00053789
-0.128843 0.111972 0.27104 -0.00846515 0.0038121 -0.00038501
