0.0184812 0.0610536 0.164083 -0.00144285 0 0.00083719
0.0265269 0.204031 0.268903 -0.0026789 0.00054769 0.00127979
0.0139178 0.01719 0.195222 -0.00117072 0.00021901 0.00090299
0.0180169 0.047691 0.2132 -0.00150846 0.00041998 0.00073389
0.0251737 0.177171 0.294102 -0.00279158 0.00072164 0.00132488
0.0180861 -0.00309927 0.228671 -0.00163873 0.00026317 0.00093164
0.0182766 0.0235786 0.217265 -0.00172608 0.00041998 0.00100792
0.0234717 0.199702 0.281796 -0.00240246 0.00053123 0.00147584
0.0130091 0.160602 0.261148 -0.00293436 0.00028485 0.00126895
0.0184155 0.0499032 0.217067 -0.00180464 0.00041998 0.00107136
0.0311065 0.185538 0.284667 -0.00323236 0.00070896 0.00147266
0.0333042 0.236346 0.337694 -0.00382346 0.0010788 0.00157471
0.019108 0.021152 0.27495 -0.00220541 0.00056069 0.00143109
0.0341019 0.0847963 0.297623 -0.00241486 0.00079975 0.00148279
0.0315103 0.151016 0.366742 -0.00322691 0.00134036 0.00172647
0.0199083 -0.0189521 0.26928 -0.00193892 0.00094682 0.00148946
0.0319892 0.107917 0.351507 -0.00296129 0.0012361 0.00194221
0.0234382 0.178917 0.407367 -0.00403055 0.00094682 0.00193277
0.0331432 0.0149804 0.337869 -0.00217075 0.00112523 0.0018677
0.0382913 0.180338 0.406987 -0.00331724 0.00094682 0.00221977
0.0265802 0.240717 0.415339 -0.00366898 0.00094682 0.00216186
0.037991 0.0254296 0.339031 -0.00165965 0.00122593 0.00196353
0.0384949 0.177172 0.460664 -0.00307581 0.00137297 0.00224455
0.0499396 0.128213 0.549984 -0.00437232 0.00214646 0.00168104
0.0475208 0.011961 0.4569 -0.00275748 0.00179912 0.00156665
0.0388961 0.219472 0.536318 -0.0050148 0.00160688 0.00238176
0.0137485 0.13299 0.288573 -0.00320518 0.00083777 0.00223268
0.0273565 0.104438 0.504637 -0.00560453 0.00121321 0.00254117
0.0222542 0.234955 0.595731 -0.00619235 0.00109138 0.00298912
0.0119101 0.0426131 0.402637 -0.00268163 0.00112778 0.0029849
0.0399454 0.150379 0.541516 -0.00525927 0.00201771 0.00313458
0.0311196 0.257956 0.65263 -0.00676892 0.00202358 0.00348171
0.0358605 0.0594264 0.587074 -0.00553205 0.00204343 0.00370125
0.0313967 0.234269 0.680392 -0.00694411 0.00222507 0.00396625
0.0111971 0.187986 0.541144 -0.00649865 0.00227445 0.00355689
0.0290247 0.0720225 0.515113 -0.0054839 0.00204343 0.00324902
0.0343393 0.160658 0.550824 -0.00576377 0.00204343 0.00316922
0.0147153 0.306077 0.685846 -0.00727521 0.00249175 0.003766
-0.0118854 0.0708311 0.484074 -0.00544905 0.00179185 0.0034147
-0.0157745 0.170292 0.460612 -0.00405744 0.00177311 0.00327628
-0.0180119 0.261348 0.533883 -0.00527374 0.00194899 0.00356023
-0.0551301 0.0180199 0.338946 -0.00225978 0.00140363 0.00302445
-0.031244 0.153372 0.446741 -0.00411108 0.0021932 0.0033172
-0.0379292 0.186506 0.447224 -0.00390174 0.00162863 0.00356653
-0.0433149 0.0159635 0.291704 -0.00207901 0.00174146 0.00340985
0.00369516 0.171885 0.380983 -0.00409549 0.00240637 0.00324451
0.00605905 0.313665 0.500419 -0.00565591 0.00300026 0.00403887
0.00152015 0.0658861 0.374142 -0.00298277 0.00266272 0.00404327
0.00444241 0.239053 0.489837 -0.00553249 0.00308287 0.00451657
-0.0175968 0.135496 0.344427 -0.00339013 0.00248295 0.00420478
0.00043949 0.0660956 0.396783 -0.00308525 0.00276319 0.00366355
0.00971946 0.209275 0.507738 -0.00520223 0.00334684 0.00422826
0.00217986 0.0560007 0.447352 -0.00387572 0.00318994 0.00419419
0.0029827 0.174253 0.531727 -0.00520437 0.00380835 0.00468376
-0.0281619 0.150449 0.357438 -0.00301162 0.00255617 0.00432185
-0.00864337 0.0741625 0.378869 -0.00338557 0.00267508 0.00414873
0.00225291 0.218077 0.512645 -0.00519582 0.00347672 0.0046201
0.00734299 0.0541077 0.428841 -0.00356096 0.0034749 0.00427309
-0.00092682 0.150907 0.347722 -0.00227363 0.00331777 0.00420368
-0.0180633 0.124245 0.426647 -0.00280235 0.00261347 0.00345379
-0.0153771 0.24952 0.546939 -0.00489755 0.00296767 0.00400642
-0.0142949 0.107231 0.498571 -0.00395844 0.00301612 0.00400209
-0.0136216 0.173497 0.579913 -0.00579218 0.00377795 0.00422713
0.00058635 0.115797 0.625139 -0.0059636 0.00357034 0.00366179
0.0292386 0.245075 0.65911 -0.00683794 0.00418703 0.00402251
0.0303167 0.106135 0.638683 -0.00615873 0.00398772 0.003962
0.00272123 0.136821 0.677786 -0.00628401 0.00362238 0.00406273
-0.0143214 0.222356 0.675086 -0.00706289 0.00376501 0.00397487
0.00897576 0.114494 0.703214 -0.00681149 0.00430433 0.0039998
0.00609336 0.294977 0.80394 -0.00809719 0.00426861 0.00446236
0.00592949 0.171668 0.799197 -0.00766535 0.00464159 0.00404847
0.0146143 0.175144 0.810067 -0.00835226 0.00483685 0.00379568
0.0321707 0.0898378 0.770136 -0.0071627 0.00500073 0.00356419
0.0441495 0.152512 0.787686 -0.00709407 0.00547391 0.00384215
0.00541291 0.2059 0.669901 -0.00672658 0.00489964 0.00384218
0.00196619 0.146477 0.653959 -0.00599049 0.00388427 0.00308631
0.037551 0.18057 0.522193 -0.0047661 0.00349321 0.0029589
0.0390897 0.253316 0.649102 -0.00552116 0.00441019 0.00346258
0.0381516 0.0269931 0.608331 -0.00371025 0.00443522 0.00338049
0.0281598 0.168858 0.572854 -0.00519197 0.00468024 0.00369039
0.0357589 0.144194 0.517405 -0.00532301 0.00438331 0.00353362
0.0249036 0.240154 0.635175 -0.00642369 0.00466065 0.00405167
0.0195068 0.062606 0.591956 -0.00483633 0.00438331 0.00394736
0.0130643 0.131696 0.659868 -0.00540398 0.00491755 0.00421717
-0.0122052 0.130982 0.36373 -0.00183471 0.00344341 0.00359934
-0.0127788 0.056186 0.338369 -0.00135365 0.00288881 0.00282429
-0.010205 0.182096 0.478197 -0.00312588 0.00357682 0.00323195
-0.00117834 0.0431596 0.398738 -0.00165696 0.00317409 0.00264211
-0.0229792 0.129971 0.337611 -0.00224973 0.00312503 0.003321
-0.00364422 0.183485 0.408557 -0.00244686 0.00280385 0.00270753
-0.00719661 0.300688 0.705979 -0.00473619 0.00391392 0.00324359
-0.0174566 0.0567679 0.538289 -0.00255784 0.00322859 0.00314108
-0.0320104 0.124346 0.394416 -0.0018761 0.0027478 0.00370194
-0.0186934 0.102211 0.399942 -0.00302057 0.00252811 0.00322102
-0.0259707 0.217078 0.547106 -0.00543359 0.00331132 0.00380497
-0.0295337 0.0563774 0.370122 -0.00242617 0.00296319 0.00338931
0.0062202 0.106987 0.439953 -0.00308404 0.00294728 0.00320921
-0.00193887 0.256171 0.610516 -0.0055333 0.00405134 0.00327952
-0.0127295 0.0560786 0.612518 -0.00476843 0.00416576 0.00317489
-0.00199095 0.084272 0.619964 -0.00340501 0.00412532 0.0033799
-0.00106478 0.198208 0.575896 -0.00475674 0.00418898 0.00344282
-0.0067827 0.144293 0.658123 -0.0059373 0.00363324 0.00257775
-0.011653 0.247977 0.775717 -0.00675459 0.00435796 0.00318401
-0.00925066 0.144938 0.653881 -0.00628482 0.00442618 0.00321389
0.0102511 0.122023 0.618613 -0.00558538 0.00436386 0.00309519
0.0181984 0.213225 0.63051 -0.00492659 0.00444146 0.00299896
0.0266097 0.218175 0.49778 -0.00356519 0.00528096 0.00294857
0.0310166 0.103627 0.503044 -0.00317094 0.0039885 0.00283257
0.0435718 0.231289 0.692146 -0.00503523 0.00518102 0.00366414
0.0435914 0.175084 0.704251 -0.00492842 0.00525406 0.00379668
0.0520783 0.0249163 0.481705 -0.00264272 0.00554743 0.0037416
0.0717688 0.196035 0.593444 -0.00440752 0.00562545 0.00338792
0.054716 0.305331 0.694158 -0.00634581 0.00578063 0.00387363
0.0568235 0.130581 0.67931 -0.00528491 0.00589417 0.00373223
0.0654638 0.211388 0.609064 -0.00400201 0.00626881 0.00391604
0.0711046 0.148361 0.581967 -0.00496435 0.00612418 0.00349739
0.0428061 0.227868 0.694889 -0.00574051 0.0057379 0.003845
0.0328603 0.162122 0.690254 -0.00547726 0.00563496 0.00403787
0.0424668 0.0503957 0.650497 -0.00489386 0.00650944 0.00424792
0.0507626 0.197217 0.631155 -0.00523298 0.00658923 0.00386581
0.0508171 0.153571 0.627566 -0.00443804 0.00602833 0.00338702
0.045531 0.256472 0.784265 -0.0056748 0.00622093 0.00373557
0.0573029 0.0717161 0.526341 -0.00259034 0.006685 0.0039056
0.0333318 0.262112 0.743712 -0.00573091 0.00606897 0.00337116
0.0124775 0.323873 0.959608 -0.00738703 0.0070741 0.00361365
0.0235985 0.0237432 0.728828 -0.00499578 0.00650898 0.00331855
0.0335709 0.122432 0.701455 -0.00417945 0.00580013 0.00267865
0.0294833 0.21444 0.893081 -0.00582203 0.00626263 0.00303035
0.028806 0.0203725 0.8764 -0.00539822 0.0067831 0.00316841
0.0220807 0.229104 1.0024 -0.00682688 0.00744336 0.00326042
0.032961 0.028667 0.742976 -0.00392508 0.00647064 0.00321171
0.0503362 0.15614 0.77999 -0.00405125 0.00648641 0.00288835
0.0339646 0.28586 0.983853 -0.00602541 0.00757302 0.00345768
0.0387112 0.122633 0.902455 -0.00472136 0.00709036 0.00350974
0.0466156 0.234008 0.905475 -0.00539238 0.00753859 0.00354382
0.0587786 0.159127 0.920439 -0.00531499 0.00758185 0.00292639
0.0551454 0.26016 1.1665 -0.00731063 0.00877661 0.00334839
0.0345207 0.131037 1.13214 -0.00612075 0.0084304 0.00320625
0.0531868 0.0179465 0.982879 -0.00449698 0.00894019 0.00322399
0.059447 0.17319 1.07582 -0.00491649 0.00871695 0.00274508
0.0693139 0.235366 1.20188 -0.00738116 0.00812358 0.00253352
0.0485633 0.32379 1.31319 -0.00950171 0.00852555 0.00332686
0.0494534 0.104009 1.14053 -0.00653887 0.00902157 0.00286181
0.0586807 0.234457 1.1502 -0.00731952 0.00969139 0.00273865
0.0358028 0.288587 1.27761 -0.00870614 0.00994752 0.00305875
0.0445084 0.0199513 1.07272 -0.00618424 0.01021 0.00252386
0.0522332 0.212675 1.17553 -0.00791585 0.00983739 0.0022446
0.0381994 0.268875 1.20849 -0.00837842 0.00998516 0.00256235
0.071738 0.0536445 1.01494 -0.00481516 0.0104327 0.00235194
0.0521977 0.254813 1.13135 -0.00684684 0.00993165 0.0023447
0.0344065 0.282394 1.21172 -0.0081903 0.0100046 0.00242648
0.0452121 0.10178 1.1515 -0.00731779 0.010658 0.00230842
0.0303751 0.305145 1.27743 -0.0088016 0.010205 0.00241735
0.0353902 0.0821075 0.887745 -0.00354397 0.00961528 0.00237706
0.0426665 0.173489 0.976266 -0.00442394 0.01 0.00186928
0.00858293 0.349299 1.21084 -0.00909902 0.0107902 0.00222094
0.0261851 0.208683 1.16537 -0.00823536 0.01082 0.00188726
0.0403017 0.221644 1.21336 -0.00761803 0.0110442 0.00229936
0.00052128 0.280727 1.1448 -0.00794982 0.0101431 0.00179338
0.023541 0.231593 1.20035 -0.00844397 0.00949667 0.0015698
0.0497787 0.21266 1.2341 -0.00966139 0.00988737 0.00141373
0.0232757 0.323236 1.37194 -0.0110903 0.0099442 0.00206745
0.0262021 0.0791213 1.32234 -0.0104202 0.0101482 0.00196872
0.0205001 0.170358 1.34911 -0.0107531 0.0107236 0.00196654
0.0604279 0.145227 1.27555 -0.00923532 0.0114161 0.00179209
0.0422927 0.365486 1.39997 -0.0113263 0.0108072 0.00218934
0.0225774 0.138862 1.19215 -0.00769329 0.0124644 0.00153468
0.0500327 0.157289 1.22383 -0.00802061 0.0123499 0.00151749
0.0392587 0.383901 1.40312 -0.0103139 0.0115713 0.0021297
0.0133993 0.194732 1.39052 -0.00984732 0.0115713 0.00166059
0.00428352 0.134077 1.3637 -0.00887493 0.0119381 0.00183623
-0.0291622 0.34135 1.46507 -0.0107417 0.0108465 0.0020633
-0.0161861 0.106183 1.37454 -0.0101053 0.0113218 0.00178213
-0.0223579 0.216827 1.41711 -0.00985989 0.0109288 0.00199207
-0.00373278 0.282386 1.42599 -0.00974512 0.0109497 0.00166256
0.0349686 0.112674 1.35621 -0.00978025 0.0112007 0.00165849
0.0258136 0.402575 1.448 -0.010089 0.0110835 0.00225517
0.0179755 0.435653 1.6941 -0.0117818 0.0109127 0.00164575
-0.0407257 0.0478361 1.64926 -0.0103328 0.00994769 0.0008671
-0.0506282 0.00704411 1.5011 -0.00996381 0.00904919 0.00124732
-0.0154516 0.110943 1.4421 -0.0111642 0.00970957 0.00172369
-0.0250793 0.294236 1.46994 -0.0112683 0.00953954 0.00148977
-0.00577266 0.30502 1.39063 -0.0111593 0.00953954 0.0017325
0.020197 0.270138 1.39178 -0.0108165 0.0101445 0.00140578
0.00356483 0.450601 1.5013 -0.0116883 0.00998787 0.00162895
-0.0135742 0.284485 1.45101 -0.0108096 0.00953954 0.00151286
0.00141901 0.216772 1.4404 -0.0102865 0.0105188 0.00122778
-0.0204711 0.335177 1.54621 -0.0109632 0.0101218 0.00142804
-0.0209148 0.208245 1.46668 -0.0106502 0.00966356 0.00111966
-0.00140424 0.0990405 1.43987 -0.0100021 0.0108217 0.00105472
-0.0142657 0.251564 1.52505 -0.0117453 0.00983802 0.00124974
0.00940678 0.0497393 1.3833 -0.00986244 0.0111031 0.00087254
-0.013668 0.271419 1.4683 -0.0115607 0.0101583 0.00132653
-0.0172151 0.299899 1.43989 -0.0112476 0.0103088 0.00137708
0.0220388 0.193647 1.38439 -0.0110036 0.0106014 0.00099033
-0.002798 0.418528 1.30289 -0.0122311 0.0104478 0.00165951
0.00794666 0.281143 1.27773 -0.0111963 0.0109394 0.00107693
-0.00795185 0.446191 1.38658 -0.0122926 0.0103768 0.00135377
0.00028926 0.215732 1.32178 -0.0117962 0.0102573 0.00127613
-0.00466357 0.232361 1.21169 -0.0107257 0.010656 0.00124152
0.026816 0.183909 1.20491 -0.0106174 0.0109666 0.00087382
0.0130188 0.315979 1.37895 -0.0115171 0.0103768 0.00137077
0.00869902 0.197191 1.33723 -0.0111622 0.0102947 0.00145109
0.0146872 0.164672 1.36104 -0.0113844 0.0106144 0.00117581
0.0187004 0.267742 1.30252 -0.0122031 0.0102428 0.00129384
0.0106382 0.228038 1.2874 -0.0106429 0.0104894 0.00014195
0.038255 0.281472 1.31867 -0.0109789 0.011334 0.00042703
0.033481 0.334287 1.45757 -0.0107283 0.0106536 0.00135555
0.05472 0.302992 1.47149 -0.0105377 0.0109456 0.00128679
0.0370758 0.46229 1.64848 -0.0116217 0.0107329 0.0014299
0.0570087 0.124488 1.37884 -0.00876246 0.0117199 0.0015351
0.0809923 0.256729 1.42148 -0.0110294 0.0119784 0.00171648
0.0652085 0.352302 1.56776 -0.0124364 0.0115441 0.00178389
0.0844152 0.123877 1.49736 -0.0109463 0.0117027 0.00175576
0.0613281 0.254882 1.48184 -0.0108832 0.0116779 0.00186494
0.0742477 0.253289 1.47924 -0.0111594 0.0124224 0.00168204
0.0768902 0.504167 1.67864 -0.0133544 0.0127084 0.00207121
0.0717498 0.329449 1.68556 -0.0125074 0.0119014 0.00181944
0.0764042 0.0961714 1.20138 -0.00570149 0.0130645 0.00127789
0.0924908 0.282761 1.25739 -0.00751145 0.012416 0.00155253
0.0756051 0.3938 1.44977 -0.0100852 0.0117987 0.00135899
0.0819167 0.191924 1.45968 -0.00929923 0.0122018 0.00149264
0.0659703 0.412846 1.58414 -0.0109982 0.0116249 0.00169879
0.0480953 0.218383 1.45221 -0.00981279 0.0110003 0.00143832
0.0700859 0.209153 1.35003 -0.00985495 0.0124728 0.00157422
0.0641882 0.421059 1.5423 -0.011193 0.0114022 0.00189109
0.0612103 0.163994 1.32428 -0.00893563 0.0130956 0.00144973
0.0766407 0.290555 1.36375 -0.01028 0.0126666 0.00161766
0.0603473 0.413681 1.54894 -0.0117191 0.0120804 0.0017942
0.0265069 0.232769 1.1741 -0.00637009 0.0123876 0.00090252
0.0262108 0.26893 1.06997 -0.006866 0.0116318 0.0007975
0.0359158 0.461191 1.5261 -0.0115404 0.011163 0.00145199
0.0456646 0.248632 1.53255 -0.0101191 0.0108011 0.00139669
0.0515124 0.197575 1.51617 -0.0101041 0.0113622 0.00157654
0.0516202 0.284906 1.38862 -0.00989906 0.0116122 0.00164763
0.0531873 0.18813 1.33075 -0.00967858 0.0119543 0.00130406
0.0534484 0.285228 1.37501 -0.0092618 0.0116122 0.00139266
0.0426527 0.42648 1.50761 -0.0106557 0.0111344 0.00155525
0.0552481 0.190311 1.43087 -0.00950837 0.0121172 0.00130685
0.0522466 0.260079 1.30147 -0.00923803 0.0130228 0.00167227
0.0815698 0.302524 1.3258 -0.0102168 0.0125347 0.00142424
0.0734979 0.432187 1.52688 -0.011451 0.0121897 0.00194176
0.0806024 0.237439 1.4505 -0.0105384 0.0126658 0.00167939
0.0802204 0.184291 1.25968 -0.00954569 0.0131798 0.00150588
0.0967961 0.303591 1.36328 -0.0080921 0.0131783 0.00163049
0.0887395 0.448466 1.52094 -0.0113273 0.0119824 0.00207297
0.0938562 0.12569 1.26909 -0.00782096 0.0131596 0.00128508
0.114777 0.246628 1.34623 -0.00838219 0.0134793 0.00126002
0.101208 0.399964 1.46587 -0.0102753 0.0124711 0.00195192
0.0973302 0.161595 1.2651 -0.00764591 0.013353 0.00121194
0.103306 0.321638 1.38451 -0.00915294 0.0133332 0.00155144
0.103294 0.524231 1.55631 -0.0123068 0.0125639 0.00216675
0.0908184 0.208404 1.49644 -0.0100808 0.0126746 0.00179331
0.0949373 0.276725 1.39164 -0.00995923 0.0124608 0.00203866
0.10855 0.241829 1.39858 -0.0101092 0.0120877 0.00150174
0.0937905 0.350108 1.55082 -0.0105118 0.0124271 0.00184933
0.0872017 0.272386 1.55869 -0.0112772 0.011865 0.00199316
0.0964257 0.153229 1.3525 -0.0112148 0.0128519 0.00172419
0.10441 0.345173 1.4413 -0.00937294 0.0132884 0.00174793
0.0853655 0.411827 1.54388 -0.010863 0.0121131 0.00200842
0.100818 0.187182 1.50939 -0.0100589 0.0125384 0.00169785
0.0967992 0.308167 1.55432 -0.0104782 0.0127736 0.00195305
0.109692 0.303915 1.37675 -0.0114556 0.0125175 0.00190077
0.100907 0.290581 1.41783 -0.00964584 0.0129501 0.00154052
0.108167 0.304481 1.47532 -0.0103407 0.0127139 0.0015433
0.0970155 0.420128 1.61779 -0.0123719 0.0126684 0.00192733
0.0974317 0.234848 1.52778 -0.0109604 0.0127203 0.00183216
0.0931842 0.29589 1.41908 -0.0103944 0.0129524 0.00193725
0.107265 0.237426 1.42226 -0.011649 0.0126293 0.00167705
0.10489 0.319126 1.48958 -0.00989815 0.0135618 0.00213456
0.112804 0.31394 1.49568 -0.0111817 0.0131612 0.00218084
0.120667 0.291753 1.40592 -0.0105747 0.0128954 0.00214808
0.142261 0.237094 1.37443 -0.0088797 0.0144418 0.0016569
0.112212 0.382857 1.54394 -0.0110347 0.0133879 0.00207693
0.139435 0.225226 1.26474 -0.00916306 0.014343 0.00164893
0.134241 0.265764 1.35272 -0.00977128 0.0146312 0.00185232
0.107198 0.437071 1.53354 -0.0117277 0.0137264 0.00225993
0.108062 0.228144 1.4551 -0.0108716 0.0133368 0.00191895
0.116924 0.239947 1.30339 -0.00806439 0.0142885 0.00189629
0.127011 0.238169 1.33392 -0.00913015 0.0137306 0.00145794
0.121577 0.257184 1.35927 -0.0097162 0.013688 0.0013091
0.101045 0.462559 1.56574 -0.0119522 0.0133352 0.00189627
0.0873767 0.241206 1.52842 -0.010468 0.0124691 0.00152223
0.0892044 0.24965 1.48553 -0.00950335 0.0136367 0.00181209
0.122991 0.20756 1.51409 -0.0114766 0.0125077 0.00131817
0.104536 0.298865 1.56199 -0.0116016 0.0129066 0.00161746
0.110599 0.286119 1.34714 -0.00970695 0.0133986 0.00152866
0.111381 0.241394 1.44016 -0.0108644 0.0133861 0.00154267
0.0919694 0.414803 1.62837 -0.0134952 0.0131213 0.00201225
0.0911589 0.21814 1.57102 -0.0120604 0.0127612 0.00169728
0.10566 0.188889 1.52578 -0.0109718 0.0135182 0.00173157
0.115762 0.274474 1.33749 -0.00968404 0.0143719 0.00185045
0.11096 0.320129 1.40545 -0.0106664 0.0141035 0.0015083
0.0871457 0.468963 1.62885 -0.0125476 0.0130651 0.00202809
0.091689 0.265481 1.59844 -0.0118815 0.0129266 0.00170267
0.0963072 0.265812 1.4759 -0.0109063 0.0131266 0.00174894
0.0967399 0.240707 1.48779 -0.0111524 0.0130555 0.00155613
0.0912606 0.371693 1.65079 -0.0137808 0.0128652 0.00214472
0.0875596 0.241101 1.58067 -0.01272 0.0129158 0.00218721
0.0998931 0.254842 1.46752 -0.0118889 0.0121692 0.00183592
0.120437 0.275779 1.42591 -0.0108184 0.0131223 0.00159601
0.114525 0.43783 1.64341 -0.0128083 0.0133855 0.00206185
0.110608 0.212662 1.37993 -0.0098112 0.0131887 0.00121882
0.117017 0.314954 1.45329 -0.0108674 0.0134906 0.00164024
0.10015 0.458046 1.57121 -0.0116051 0.0129844 0.00209097
0.102786 0.226564 1.5289 -0.0115743 0.0129465 0.0019506
0.0900077 0.355613 1.62024 -0.0123878 0.0130475 0.00223078
0.0898105 0.280248 1.46648 -0.0111384 0.0121258 0.00192255
0.116576 0.18142 1.38691 -0.00920428 0.0133502 0.00130335
0.12972 0.231373 1.38711 -0.00862712 0.0142712 0.00156579
0.121631 0.40081 1.5637 -0.0110031 0.0129133 0.00207906
0.126218 0.233292 1.48794 -0.0103216 0.0138389 0.00189335
0.116175 0.338794 1.33599 -0.00938133 0.0134791 0.00244593
0.113862 0.256341 1.20359 -0.00716196 0.0135949 0.00157528
0.139605 0.313036 1.36635 -0.010429 0.013812 0.00187625
0.110255 0.440583 1.61629 -0.012264 0.0134111 0.00210203
0.11477 0.103606 1.11998 -0.00478403 0.0139383 0.00129035
0.112378 0.257409 1.31623 -0.00826678 0.01427 0.00148084
0.118331 0.360078 1.52457 -0.0101802 0.0129495 0.00200158
0.136736 0.0746423 1.38865 -0.00888505 0.0146303 0.00166714
0.12954 0.238227 1.39468 -0.00843136 0.0143463 0.00152221
0.105642 0.364936 1.53782 -0.00975594 0.0127367 0.00190137
0.122359 0.137755 1.18854 -0.00548136 0.0141305 0.00152221
0.130867 0.232105 1.27048 -0.00692143 0.0143833 0.00152221
0.125853 0.376512 1.45848 -0.00873649 0.0141761 0.00152221
0.132452 0.215021 1.4408 -0.00785946 0.0143606 0.00152221
0.118421 0.242198 1.50348 -0.00837456 0.0143556 0.00170359
0.116843 0.23104 1.40399 -0.00729873 0.0147377 0.00137406
0.1482 0.14109 1.35769 -0.0074694 0.0149435 0.00119996
0.11151 0.331945 1.48508 -0.00841371 0.0141684 0.00148994
0.0744604 0.190855 1.43015 -0.00747347 0.0126274 0.0012931
0.0994922 0.164975 1.38427 -0.00774037 0.0137152 0.0011913
0.092443 0.263756 1.33726 -0.00738682 0.0143165 0.00131117
0.109796 0.194532 1.33922 -0.00829388 0.014091 0.00107986
0.0828838 0.348896 1.52212 -0.0096533 0.0133468 0.0014468
0.0633037 0.189933 1.46263 -0.00892303 0.0127194 0.00110629
0.0630627 0.197524 1.36576 -0.0072321 0.0138743 0.00110891
0.102667 0.198495 1.34976 -0.00798376 0.0141852 0.00076903
0.091087 0.321618 1.50259 -0.00885909 0.0137895 0.00138427
0.0819261 0.184071 1.39169 -0.00699547 0.0141929 0.00131659
0.126464 0.165627 1.23998 -0.00465734 0.0149502 0.00165864
0.128207 0.233677 1.27088 -0.00623198 0.0141117 0.0015367
0.114691 0.332635 1.40252 -0.00832154 0.0140318 0.00150157
0.0957961 0.349861 1.52462 -0.00984743 0.012712 0.00148756
0.103486 0.136591 1.37907 -0.00780089 0.0144417 0.00120008
0.109185 0.219899 1.4252 -0.0079488 0.0144169 0.00153712
0.0805301 0.335207 1.53594 -0.00921258 0.0132017 0.00154551
0.0974182 0.0978089 1.45696 -0.00783615 0.0138985 0.00130477
0.104571 0.248993 1.4568 -0.00811 0.0140421 0.00142006
0.0911757 0.37817 1.57892 -0.0102483 0.0125699 0.00146102
0.0784876 0.145867 1.49838 -0.00824436 0.0127968 0.0011321
0.0951393 0.185865 1.42055 -0.00812862 0.0139608 0.00116533
0.0964964 0.276576 1.45633 -0.00880793 0.0138628 0.00142412
0.0881296 0.377166 1.57339 -0.0101135 0.0127094 0.00155162
0.0887468 0.158899 1.46655 -0.00885282 0.0131103 0.00127953
0.0969872 0.250687 1.44877 -0.00854609 0.0138777 0.00153112
0.0942266 0.400893 1.56935 -0.00945202 0.0129133 0.00153965
0.091714 0.148761 1.48173 -0.00787701 0.0130924 0.00133855
0.0909336 0.268397 1.52257 -0.00882076 0.0128883 0.00168604
0.0912169 0.326534 1.60194 -0.00985726 0.0123803 0.00166684
0.103772 0.110539 1.42664 -0.00840641 0.0146728 0.00140227
0.109377 0.283835 1.4318 -0.00727365 0.013647 0.00181059
0.108139 0.270258 1.45732 -0.00815358 0.0132315 0.001483
0.119138 0.210864 1.42278 -0.00805691 0.013847 0.00152263
0.101755 0.272796 1.24128 -0.00576936 0.0138828 0.00132068
0.121975 0.239954 1.28161 -0.00733694 0.0142656 0.00119123
0.103972 0.369859 1.47488 -0.00904514 0.0137237 0.00151116
0.110154 0.13208 1.18101 -0.00596711 0.0145423 0.00074262
0.142939 0.241457 1.31235 -0.0071721 0.016014 0.00123645
0.100652 0.372518 1.37733 -0.00772867 0.0138905 0.00097173
0.10614 0.180284 1.35602 -0.00859795 0.0135449 0.00073848
0.106752 0.190204 1.20636 -0.00533288 0.014088 0.00093629
0.12668 0.131822 1.24617 -0.00647217 0.0141915 0.00036169
0.118864 0.279799 1.44261 -0.00793865 0.0148486 0.00098162
0.136583 0.194998 1.21254 -0.00561612 0.0148474 0.00097729
0.155849 0.246869 1.32358 -0.00741848 0.0155426 0.00097468
0.12693 0.43931 1.49814 -0.00919967 0.0140451 0.00137359
0.10265 0.253125 1.47347 -0.00800188 0.0136069 0.00111518
0.115853 0.224795 1.32731 -0.00647488 0.0147318 0.00111437
0.124464 0.199181 1.37012 -0.00760164 0.0147652 0.00091792
0.114299 0.334813 1.51325 -0.00856666 0.0137375 0.00086414
0.110911 0.168718 1.45795 -0.00813292 0.0136961 0.00091384
0.110976 0.25307 1.55643 -0.00888336 0.0140035 0.00108457
0.0742126 0.20439 1.23703 -0.00490499 0.0130911 0.00019608
0.102679 0.145497 1.26805 -0.00740574 0.014079 0.00011553
0.103833 0.296773 1.46413 -0.00829668 0.0140903 0.00069703
0.119864 0.209322 1.41268 -0.00808052 0.0143483 0.00062852
0.128891 0.189635 1.38269 -0.0079559 0.0150376 0.00072781
0.100622 0.235913 1.15831 -0.00586145 0.0137656 0.00033718
0.0889188 0.200748 1.24832 -0.00645674 0.0132086 -0.00030629
0.116045 0.241491 1.28137 -0.00751439 0.0141868 0.0001585
0.103011 0.408706 1.54676 -0.009922 0.0133164 0.00086102
0.099205 0.159291 1.39504 -0.00804613 0.013505 0.00040386
0.122734 0.144603 1.3156 -0.00743798 0.0142681 0.00053259
0.110855 0.250319 1.47926 -0.00816697 0.0143251 0.00076905
0.0986523 0.224107 1.4757 -0.0074026 0.0137003 0.00079147
0.0976854 0.116737 1.23661 -0.00609891 0.0145266 0.00030318
0.0967949 0.33131 1.435 -0.00874171 0.0135085 0.0004435
0.0918035 0.344449 1.4265 -0.00820256 0.0131516 0.00065613
0.116299 0.188174 1.35507 -0.00767861 0.0146297 0.00048704
0.0978922 0.387731 1.54222 -0.00940403 0.0132253 0.00095702
0.0593511 0.165973 1.33347 -0.00745441 0.0139482 0.00054498
0.104091 0.20303 1.31516 -0.00716889 0.0148657 0.00064235
0.0933957 0.281306 1.47902 -0.00831776 0.0138193 0.00089456
0.083541 0.235552 1.49798 -0.00882434 0.0124433 0.00086105
0.0934154 0.166134 1.45104 -0.00818078 0.0140236 0.00066251
0.0897239 0.284448 1.31698 -0.00705293 0.0146964 0.00067484
0.109828 0.168637 1.29428 -0.00770087 0.0147155 0.00030766
0.114426 0.198175 1.05018 -0.00695799 0.013534 0.00042907
0.0864036 0.236624 1.01995 -0.00555433 0.012611 0.00012903
0.128252 0.277948 1.41902 -0.00687057 0.0142744 2.974e-05
0.114698 0.328933 1.57415 -0.00774558 0.0138048 0.0005761
0.0360235 0.269491 1.27541 -0.0055095 0.011631 0.00038037
0.0818855 0.291987 1.29666 -0.00586667 0.0131136 7.745e-05
0.0971016 0.348852 1.46247 -0.00752896 0.0129435 0.00047266
0.0978648 0.177689 1.34318 -0.00686541 0.0130089 0.00068852
0.0908264 0.257458 1.42165 -0.00717145 0.0130754 0.00069794
0.0942685 0.260915 1.13052 -0.00531062 0.0136571 0.00042231
0.119764 0.229278 1.166 -0.00495431 0.0132344 -0.00013145
0.098091 0.359791 1.28264 -0.00467398 0.0134492 0.00031645
0.117644 0.199374 1.19435 -0.00423302 0.0132412 0.0006517
0.125304 0.170439 0.900475 -0.00036235 0.0130694 0.00100127
0.12542 0.348608 1.06237 -0.00308589 0.0134258 0.00093546
0.107641 0.430536 1.25972 -0.00420639 0.0131768 0.00087836
0.127674 0.189813 1.13867 -0.00404563 0.0133486 0.00097101
0.109791 0.270934 1.27092 -0.00463886 0.0133866 0.00087836
0.118867 0.236731 1.174 -0.00451559 0.0145268 0.00122353
0.141069 0.187914 1.15927 -0.0037454 0.0144519 0.00092705
0.121828 0.312664 1.31955 -0.00557539 0.014376 0.00126429
0.135266 0.185722 1.17331 -0.00340104 0.0141196 0.00120474
0.139568 0.288299 1.13626 -0.00411041 0.0140069 0.00120539
0.155135 0.236508 1.0946 -0.00277991 0.0135491 0.00095377
0.130171 0.372631 1.28946 -0.00537791 0.0138315 0.00132977
0.121573 0.238407 1.28509 -0.0046749 0.0132438 0.00103011
0.126643 0.216394 1.27505 -0.0045124 0.0138016 0.0012324
0.120808 0.243483 1.02987 -0.00232082 0.013679 0.00159406
0.136276 0.23139 1.11981 -0.0036794 0.0134885 0.00105444
0.147406 0.336471 1.33277 -0.00598379 0.0143162 0.00138667
0.143665 0.205873 1.2659 -0.00481489 0.0136755 0.00143374
0.147849 0.231136 1.11957 -0.00471303 0.0145337 0.00169426
0.1619 0.242596 1.11849 -0.00507927 0.0141652 0.00137935
0.136979 0.258061 1.26927 -0.00512218 0.0141723 0.00137935
0.126229 0.340919 1.26808 -0.00605061 0.0139664 0.00137935
0.159018 0.204871 1.12735 -0.00440644 0.0147933 0.00151157
0.123377 0.40321 1.3468 -0.00655044 0.0139431 0.00158707
0.130521 0.175749 1.1199 -0.00375116 0.0145296 0.0016526
0.15423 0.214988 1.11932 -0.0041396 0.0145198 0.00131881
0.148362 0.343727 1.28568 -0.00500326 0.0141613 0.00137935
0.143224 0.153735 1.09149 -0.00295152 0.0138602 0.00165748
0.165241 0.200228 1.09951 -0.00389063 0.0140609 0.00190003
0.138887 0.389697 1.43053 -0.00719831 0.0137145 0.00185999
0.138915 0.213659 1.17977 -0.0045744 0.0136867 0.00188177
0.142585 0.234159 1.13249 -0.00391921 0.014264 0.00129875
0.12256 0.364016 1.35097 -0.00571691 0.0135563 0.00131742
0.0951077 0.199415 1.30583 -0.00445305 0.0125074 0.00150234
0.107739 0.214312 1.17414 -0.00440049 0.013076 0.00166844
0.13063 0.248807 1.15115 -0.00435392 0.0136133 0.00166844
0.11819 0.38099 1.34113 -0.00539735 0.0136533 0.00166844
0.117849 0.220005 1.20038 -0.00453362 0.0133725 0.00166844
0.113355 0.260457 1.27947 -0.00462352 0.0132732 0.00183778
0.0997539 0.296811 1.20343 -0.0040455 0.0131372 0.00166844
0.106379 0.204488 1.13199 -0.00391347 0.0127567 0.0013788
0.0947487 0.355839 1.26815 -0.00527069 0.0124782 0.0014941
0.0811085 0.270366 1.37156 -0.00550068 0.0122658 0.00158248
0.0920587 0.208575 1.28254 -0.00457352 0.0129034 0.00181674
0.116933 0.29881 1.14433 -0.00464254 0.0134981 0.00205429
0.12236 0.211297 1.09132 -0.00415016 0.0136492 0.0013479
0.10433 0.376107 1.37428 -0.00633866 0.0131435 0.00154469
0.0786893 0.234345 1.2635 -0.00462761 0.0123398 0.00178175
0.100839 0.205512 0.947527 -0.0035693 0.0113594 0.00151284
0.113467 0.395866 1.24795 -0.00518512 0.0126322 0.00145766
0.10291 0.343293 1.3372 -0.00552366 0.0120694 0.00170039
0.115768 0.127425 1.2021 -0.00365098 0.0132018 0.00165763
0.145198 0.24185 1.12036 -0.0020863 0.0140575 0.00214903
0.155936 0.185708 1.07297 -0.00312523 0.0138521 0.00162895
0.127319 0.360196 1.25932 -0.00442729 0.0138512 0.00170291
0.112472 0.225985 1.22196 -0.00409769 0.0125982 0.00162975
0.141491 0.237965 1.11266 -0.00462689 0.014072 0.00188624
0.155259 0.244189 1.0692 -0.00441067 0.0138886 0.00139834
0.103303 0.36771 1.27046 -0.00488376 0.0131882 0.00153829
0.115172 0.206785 0.877359 0.00059128 0.0116317 0.001534
0.131036 0.244379 0.923773 0.00015396 0.0126456 0.00120915
0.119123 0.378396 1.19628 -0.00272091 0.0138101 0.00173433
0.13014 0.193432 1.1226 -0.00248231 0.0135502 0.00177649
0.111417 0.348347 1.25201 -0.00343698 0.0133902 0.00175806
0.130777 0.222094 1.00428 -0.00283413 0.0118694 0.0014328
0.153046 0.164211 0.989184 -0.00171778 0.0132765 0.00126489
0.134074 0.314188 1.19969 -0.0026175 0.0131669 0.00149693
0.13614 0.2135 1.01363 -1.402e-05 0.0135789 0.00167705
0.158544 0.21017 1.02144 -0.00119692 0.0132331 0.00153544
0.133937 0.37476 1.21246 -0.00279858 0.0132248 0.00174016
0.114634 0.252246 1.21164 -0.00296239 0.0121238 0.00178167
0.112126 0.235446 1.0656 -0.00151133 0.0142349 0.00207842
0.107308 0.246667 1.08183 -0.00240718 0.013509 0.00118317
0.119699 0.226083 1.05699 -0.00153751 0.0127147 0.00100682
0.100799 0.451195 1.32911 -0.00485114 0.0132458 0.00152477
0.0936222 0.200846 1.27775 -0.00397828 0.0124436 0.00165842
0.0932604 0.267015 1.13303 -0.0026089 0.0138825 0.00189539
0.126165 0.218986 1.0102 -0.0011434 0.0124392 0.00145452
0.100479 0.334348 1.23144 -0.00298243 0.012286 0.00173936
0.09156 0.23066 1.00923 -0.00212565 0.0107123 0.00163502
0.0946273 0.250819 1.15986 -0.00455582 0.011513 0.00114643
0.0759686 0.381017 1.36039 -0.00502865 0.0120159 0.00126489
0.0584471 0.239614 1.31378 -0.00444682 0.0110353 0.00149744
0.0855091 0.13369 1.03736 -0.00304642 0.0119688 0.00126489
0.113996 0.356428 1.1661 -0.00274893 0.0126595 0.00153875
0.0943748 0.397654 1.35917 -0.00445372 0.0119733 0.00126489
0.0815324 0.151639 1.32323 -0.00386008 0.0117206 0.00152068
0.0801678 0.269295 1.34925 -0.0047972 0.0126431 0.00166307
0.0999153 0.501836 1.60079 -0.00727811 0.0107802 0.00170802
0.10588 0.403102 1.93359 -0.0072431 0.0099119 0.00105019
0.0794224 0.0932862 1.90296 -0.00484792 0.00967432 0.00078035
0.0327007 0.00709364 1.71158 -0.00370827 0.00896756 0.00113057
0.0726922 0.130631 1.44308 -0.00488861 0.0100414 0.00121266
0.0831331 0.253406 1.45022 -0.00532404 0.0103551 0.00124587
0.0714449 0.411823 1.54093 -0.00601839 0.0102775 0.00150159
0.0573509 0.472629 1.5911 -0.00668913 0.00949103 0.00167602
0.0771232 0.329212 1.51061 -0.00486111 0.0098481 0.00141211
0.0716272 0.437247 1.63639 -0.00600782 0.0098481 0.0015374
0.0723692 0.329555 1.59955 -0.00618844 0.00942085 0.00128047
0.0812631 0.168479 1.50013 -0.00509132 0.0106724 0.00128047
0.0783425 0.287469 1.65961 -0.00645748 0.00975396 0.0015488
0.0708367 0.188309 1.61499 -0.00542239 0.00964488 0.00143856
0.0755338 0.0763845 1.54965 -0.00547579 0.0103363 0.0011818
0.0697233 0.267427 1.63017 -0.00645777 0.00987147 0.00137515
0.0760555 0.281518 1.57319 -0.00612801 0.0100493 0.00108787
0.0790356 0.220198 1.53257 -0.00581001 0.0111649 0.00129951
0.0756123 0.370444 1.60953 -0.00707153 0.0098913 0.00135122
0.0899913 0.272755 1.51202 -0.00588819 0.0107141 0.00111587
0.0953852 0.292781 1.5035 -0.00608257 0.0111861 0.00099292
0.0931041 0.35133 1.58526 -0.00659122 0.0108618 0.00125846
0.0909994 0.325774 1.58871 -0.00626489 0.0103948 0.00121121
0.0940746 0.147356 1.52013 -0.0052971 0.0113989 0.00125045
0.0827012 0.325143 1.56816 -0.00537096 0.0105089 0.00125299
0.0898474 0.125874 1.44686 -0.00454903 0.0120041 0.00098901
0.109011 0.162174 1.43179 -0.00439294 0.0123582 0.00101215
0.107664 0.312276 1.54964 -0.00623777 0.0113985 0.00112094
0.110393 0.161993 1.38779 -0.00368129 0.0118164 0.00123268
0.118694 0.241484 1.40734 -0.00464965 0.0122027 0.00084534
0.113203 0.414265 1.57148 -0.00523151 0.011834 0.00124097
