0.0025068 0.198905 0.0946978 0.0006865 0.00019608 -2.699e-05
-0.0168433 0.239315 0.0896669 0.00085556 0 0.0003391
-0.0142467 0.229033 0.100118 0.00130723 0 0.00030385
-0.0141908 0.178741 0.115163 0.00133354 -5.05e-05 0.00033716
-0.0150676 0.213818 0.118928 0.00133694 -0.00025 0.00021701
0.00428112 0.223962 0.0987277 0.00131095 0 -0.00022831
0.00430969 0.15289 0.120891 0.00162692 0 -0.00021336
0.00513059 0.196629 0.135827 0.00187345 0 -0.00021483
0.00063984 0.21475 0.103864 0.00180073 0 -3.636e-05
0.00207285 0.156644 0.121933 0.00185603 0 -0.00017499
-0.00606557 0.225696 0.123155 0.00209945 -9.536e-05 7.282e-05
-0.0274399 0.192411 0.0824859 0.00205826 -0.00067498 0.00037207
-0.0215791 0.160448 0.111765 0.00233549 -0.00071226 0.00028593
-0.0281101 0.199908 0.0694137 0.00126914 -0.00040619 0.00043341
-0.0316245 0.118353 0.0559423 0.0022389 -0.00058393 0.00015863
-0.0143134 0.0347182 0.0712729 0.00154352 -0.00020102 -3.27e-05
0.00392981 0.110657 0.0906715 0.00186686 0.00010355 -0.00018473
0.00701623 0.122045 0.110053 0.00211416 0 -0.0002455
0.00560264 0.195836 0.100799 0.00188493 -7.702e-05 -0.00027912
-0.0182938 0.178736 0.073556 0.0021297 -0.00040307 0.00018106
0.0111866 0.203021 0.0759604 0.00519487 0 -0.00047509
0.0335328 0.518213 0.0258286 0.0228779 0.00129815 -0.00077189
0.0296708 0.515566 0.0659973 0.0192282 0.00083552 -0.00046866
0.0370549 0.423944 0.124233 0.0190659 0.00103056 -0.00044247
0.0271929 0.453256 0.141242 0.0201282 0.00077809 -0.00038952
0.0269888 0.530993 0.0973175 0.0211775 0.00090609 -0.00043351
0.0288554 0.453325 0.0961716 0.0220672 0.00084625 -0.00053645
0.0303928 0.559683 0.113932 0.0234446 0.00082535 -0.0004858
0.0412888 0.620143 0.135239 0.0235003 0.00123547 -0.00064185
0.0318689 0.561155 0.172939 0.0238243 0.00106559 -0.00050118
0.0268051 0.595288 0.216093 0.0228938 0.0006258 -0.0007006
0.039087 0.644457 0.286835 0.0262363 0.00079167 -0.00103459
0.0277478 0.559807 0.312343 0.0274248 0.00108089 -0.00081242
0.0251265 0.631417 0.269141 0.0275367 0.0012403 -0.00053357
0.0113903 0.592774 0.250972 0.0274975 0.00134084 -0.00024022
0.0100889 0.614717 0.279273 0.0283057 0.00226552 -0.00039758
0.0116875 0.667709 0.267293 0.0294443 0.00196494 -0.00043965
0.0172646 0.610039 0.266646 0.0295927 0.00186466 -0.00051919
0.00033221 0.697986 0.242738 0.0304882 0.00237562 -5.867e-05
0.00265083 0.610252 0.21575 0.0309498 0.00269379 -0.00074635
-0.00312983 0.684458 0.213068 0.0317598 0.00280328 -0.00044137
0.00243145 0.607107 0.247771 0.0316263 0.00285003 -0.00042851
-0.0132302 0.690221 0.216837 0.0318436 0.00290637 -0.00047288
0.0013962 0.634471 0.216466 0.0320384 0.00275611 -0.00069554
-0.0146872 0.589739 0.210897 0.0317832 0.00293516 -0.00034252
-0.0127338 0.697621 0.224039 0.0320253 0.00385424 -0.00033573
-0.014109 0.67693 0.230745 0.0329287 0.00358368 -0.00023002
-0.00517397 0.657901 0.193326 0.0329746 0.00311057 -0.00059457
-0.00378232 0.611246 0.151085 0.0344238 0.00346072 -0.00079384
0.00996617 0.705817 0.128202 0.0351047 0.00387147 -0.0010456
0.00924507 0.796126 0.13354 0.0352617 0.0037694 -0.00060795
0.00092658 0.682876 0.15175 0.0363968 0.00391964 -0.0005998
0.0117291 0.736733 0.177651 0.037168 0.00433164 -0.00050105
0.0181297 0.697801 0.143751 0.037504 0.00389412 -0.00052614
0.00703956 0.659473 0.131777 0.036662 0.00334015 -7.809e-05
0.0112267 0.691324 0.138722 0.0366166 0.00312584 -0.00011305
0.00841684 0.694562 0.106444 0.0367833 0.00347111 -0.00047713
-0.00444678 0.625076 0.127675 0.0384637 0.0031523 -0.0008625
-0.00634546 0.692042 0.115411 0.0399303 0.00362844 -0.00068049
-0.00449975 0.69618 0.0214252 0.0413232 0.00404431 -0.00063658
-0.109159 0.657221 0.0888099 0.0421349 0.00409126 -0.00128816
-0.0274023 0.692654 -0.041535 0.0491264 0.00406624 -0.00070176
-0.0349628 0.78791 0.00024925 0.0495168 0.00406624 -0.00109022
-0.0391936 0.761297 -0.0504238 0.0494212 0.00394075 -0.00064708
-0.0436891 0.687588 -0.0487597 0.0523356 0.00406624 -0.0011182
-0.0445942 0.811109 -0.0712403 0.0542514 0.00406624 -0.00089905
-0.0511512 0.778377 -0.0811081 0.0539618 0.00471221 -0.00108486
-0.0438203 0.719481 -0.0426146 0.0542838 0.00471221 -0.00086223
-0.0536927 0.772471 -0.0827647 0.0553238 0.00496221 -0.00045325
-0.0604836 0.718919 -0.142451 0.057414 0.00530522 -0.00058702
-0.0663898 0.777843 -0.150776 0.0591812 0.00519767 -0.00053167
-0.0695829 0.836971 -0.173784 0.0603531 0.00490024 -2.043e-05
-0.0651516 0.764671 -0.171828 0.0608933 0.00505426 -6.509e-05
-0.0745281 0.814706 -0.179026 0.0616347 0.00513149 0.00023769
-0.0784661 0.784728 -0.191129 0.0631042 0.00505527 0.00036434
-0.0663731 0.758809 -0.259067 0.0651692 0.00577615 -4.334e-05
-0.0683464 0.818985 -0.307496 0.0664129 0.00542717 -3.635e-05
-0.0759616 0.703972 -0.337533 0.0699088 0.00547351 -0.00034039
-0.0862687 0.80976 -0.37004 0.0720479 0.00502602 0.00036142
-0.0828496 0.730191 -0.370492 0.0724117 0.0054201 0.00047994
-0.0888908 0.658346 -0.428134 0.0757848 0.00563923 0.0002664
-0.089993 0.750374 -0.425601 0.0773972 0.00511036 0.00027936
-0.0869743 0.786975 -0.487832 0.0788851 0.00497291 0.00044888
-0.0899023 0.731555 -0.445379 0.0797968 0.00533933 0.0005868
-0.093125 0.82298 -0.485049 0.080054 0.00532537 0.00057355
-0.0986692 0.755589 -0.512112 0.0820284 0.00587048 0.00051709
-0.0923635 0.763341 -0.528692 0.0830352 0.00543151 0.00043856
-0.0919906 0.799857 -0.543335 0.0813865 0.00521534 0.00071686
-0.0971369 0.752508 -0.464997 0.0772408 0.00528075 0.00057577
-0.0874669 0.784504 -0.433045 0.0764375 0.00551902 0.0005669
-0.0897006 0.78801 -0.435091 0.077433 0.00567198 0.00061876
-0.0808261 0.744453 -0.473133 0.0787998 0.00540215 0.00068734
-0.0654433 0.561072 -0.584832 0.0821365 0.00584126 -0.00015283
0.030246 0.340695 -0.940199 0.0842674 0.00525012 -0.00046165
0.0337087 0.343541 -0.822575 0.0856768 0.00531083 -0.00105463
0.0133967 0.159937 -0.97158 0.0838858 0.00533013 -0.00131533
0.0363814 0.172551 -0.960467 0.0853193 0.00490559 -0.00107168
0.03961 0.155745 -1.06186 0.0855531 0.00448408 -0.0010649
0.0385743 0.0101194 -0.994635 0.0863522 0.00506906 -0.00089925
0.023929 0.0430004 -1.01364 0.0868387 0.00506094 -0.00074596
0.012071 -0.0951441 -1.16137 0.0868186 0.00560407 -0.00095315
0.0318338 0.0215641 -1.05798 0.0884702 0.00522777 -0.00083478
0.0377844 0.0322504 -1.11887 0.0891402 0.00504657 -0.0009926
0.0325177 0.00498883 -1.14774 0.088844 0.00519401 -0.00099564
0.0403093 -0.101394 -1.16423 0.0894478 0.0050181 -0.00079808
0.0506006 0.0873547 -1.09668 0.0906518 0.00476315 -0.00109815
0.0554005 0.0890436 -1.17897 0.0903142 0.00447911 -0.00102607
0.0488981 0.0139611 -1.15688 0.0905017 0.00471702 -0.00061515
0.0501729 0.0360605 -1.16796 0.0905687 0.00473544 -0.00092576
0.0511776 -0.0657126 -1.25935 0.0907928 0.00499939 -0.00058674
0.0685314 -0.0194907 -1.1727 0.0914216 0.00464534 -0.00092623
0.0571267 -0.0245033 -1.16214 0.0919654 0.00472932 -0.00085577
0.0508093 0.00248456 -1.26393 0.0914151 0.00506253 -0.0006385
0.0505944 -0.19444 -1.28548 0.0931623 0.00487785 -0.0006612
0.0583063 -0.0226004 -1.24442 0.0944863 0.00432942 -0.00044596
0.0510869 -0.0342359 -1.32534 0.0941103 0.00473359 -0.00058286
0.0610727 -0.120977 -1.25174 0.0945142 0.00457468 -0.0006012
0.0533092 -0.0531106 -1.25849 0.0949173 0.00472561 -0.00031619
0.0568879 -0.104823 -1.29216 0.0949391 0.00432942 -0.00019449
0.0604326 0.0192495 -1.26071 0.0948438 0.00432942 1.487e-05
0.0672421 -0.032743 -1.32871 0.094689 0.00441812 -0.00021577
0.0630513 -0.109045 -1.268 0.0953567 0.00460649 -0.00028066
0.0607167 -0.166964 -1.34702 0.0957077 0.00451415 -0.00047625
0.0642942 0.0120641 -1.27831 0.0962811 0.00432942 -0.00015102
0.0614426 -0.0094026 -1.35556 0.0960383 0.00432942 -0.00025142
0.0644285 -0.116012 -1.3329 0.096793 0.00432942 -0.00026732
0.072853 -0.179217 -1.38731 0.0971589 0.0040879 -0.0007429
0.0619859 -0.05416 -1.30409 0.0982741 0.00388146 -0.00041846
0.0429238 0.0787776 -1.40617 0.0980105 0.00436871 -0.00037293
0.0468764 -0.0743675 -1.40603 0.0978749 0.0042714 -4.687e-05
0.0637327 -0.0364076 -1.34965 0.0985053 0.00393444 -0.00023782
0.0644699 -0.0111946 -1.45741 0.0977374 0.0042966 -0.00034487
0.0622518 -0.236214 -1.4649 0.0992881 0.00438228 -0.00109506
0.0681875 -0.127254 -1.37843 0.100712 0.00415983 -0.00066543
0.0564917 -0.115826 -1.44225 0.100335 0.00440068 -0.0005466
0.0603211 -0.155702 -1.38726 0.100827 0.00440068 -0.0004866
0.04862 -0.228458 -1.46914 0.100496 0.00424477 -0.00021021
0.0555417 -0.0678843 -1.43571 0.101092 0.00429347 -0.00059169
0.0537941 -0.109045 -1.50159 0.100818 0.00436133 -0.00057631
0.058413 -0.12409 -1.45064 0.101727 0.00434854 -0.00045474
0.0520031 -0.0740525 -1.49692 0.101379 0.00428419 -0.00082944
0.0522537 -0.174871 -1.5252 0.101099 0.00393444 -0.0002854
0.0657759 -0.256024 -1.44699 0.100764 0.00361639 -0.00026261
0.0723039 -0.263238 -1.72004 0.103315 0.00384558 0.0001505
0.0528063 -0.160322 -1.71455 0.103896 0.00370908 0.00041052
0.0526677 -0.132949 -1.62299 0.104243 0.0036584 0.00047917
0.0581647 -0.116303 -1.6339 0.104621 0.0039608 0.00035098
0.0475132 -0.148636 -1.67252 0.103929 0.00376702 0.00073258
0.0689794 -0.192584 -1.63608 0.104511 0.00391628 0.00010849
0.0525909 -0.207904 -1.66643 0.104663 0.00388872 0.00059765
0.0771296 -0.134936 -1.59116 0.10474 0.00386288 -0.00018952
0.0332623 -0.111195 -1.66538 0.105067 0.00400128 0.00133594
0.0679674 -0.191135 -1.69157 0.105082 0.00392289 9.616e-05
0.0801703 -0.163728 -1.6095 0.105353 0.00378882 -2.182e-05
0.0817992 -0.13566 -1.65438 0.10562 0.00369055 7.567e-05
0.085078 -0.13694 -1.69829 0.105412 0.00379288 -6.551e-05
0.0877077 -0.141904 -1.66201 0.105699 0.00371896 -8.752e-05
0.0857284 -0.178403 -1.67877 0.105302 0.00369381 1.289e-05
0.0797614 -0.0666776 -1.6078 0.105484 0.00357848 0.00057716
0.0818092 -0.0520056 -1.68279 0.104705 0.00341348 7.655e-05
0.0820332 -0.124665 -1.65825 0.105632 0.0036332 0.00017045
0.0811045 -0.202618 -1.76006 0.105965 0.00355152 0.00017358
0.0728857 -0.157372 -1.7251 0.105549 0.00366416 0.00060246
0.042265 -0.128078 -1.80037 0.106261 0.00343803 0.00154733
0.0411394 -0.133361 -1.68179 0.105463 0.00278352 0.00171466
0.0282207 -0.233455 -1.76508 0.105279 0.00323498 0.00179368
0.0527618 -0.134474 -1.73495 0.106161 0.00337518 0.00132208
0.0527096 -0.135235 -1.84782 0.106723 0.00339672 0.00155036
0.0523846 -0.19008 -1.78442 0.106592 0.00330841 0.00151856
0.0525182 -0.158858 -1.78758 0.106173 0.00323677 0.00158819
0.0521195 -0.190871 -1.76668 0.104848 0.00295509 0.00165189
0.104935 -0.169952 -1.64222 0.104371 0.00279591 0.00065283
0.112729 -0.0904607 -1.62714 0.104581 0.00280197 0.00033701
0.115264 -0.0992655 -1.68993 0.103538 0.00266787 0.00068688
0.115025 -0.176288 -1.62434 0.103838 0.00249114 0.00047891
0.0976072 -0.143688 -1.65266 0.104612 0.0027107 0.00138954
0.0721034 -0.116977 -1.69177 0.103676 0.0025708 0.00200978
0.102949 -0.183168 -1.68163 0.104109 0.00260353 0.00123404
0.11524 -0.182303 -1.62672 0.10427 0.00249046 0.0014496
0.115388 -0.136943 -1.63158 0.104347 0.0026183 0.00131785
0.124065 -0.168061 -1.73508 0.103695 0.00299106 0.00017341
0.115646 -0.19329 -1.7036 0.104556 0.00329867 0.00011414
0.121995 -0.157734 -1.67788 0.104945 0.00320741 7.718e-05
0.118404 -0.137697 -1.71473 0.103902 0.0030947 -0.00015769
0.115566 -0.165492 -1.71703 0.103845 0.00316929 0.00017341
0.12328 -0.163897 -1.66424 0.104835 0.00310704 7.575e-05
0.118135 -0.137928 -1.66486 0.103629 0.00308277 -9.17e-06
0.121904 -0.193276 -1.69614 0.102505 0.00303844 0.00017341
0.128372 -0.232762 -1.64552 0.102672 0.00310879 -6.965e-05
0.128432 -0.205557 -1.6345 0.102638 0.00300093 -9.108e-05
0.12177 -0.246978 -1.739 0.101912 0.00370529 -0.00029916
0.123983 -0.272912 -1.67708 0.101767 0.00347394 -7.659e-05
0.122261 -0.264355 -1.63899 0.101939 0.00325018 -0.00016205
0.115832 -0.242308 -1.72213 0.100848 0.00355605 -0.00027115
0.115899 -0.276246 -1.67373 0.101035 0.0036774 -0.00028005
0.115319 -0.273307 -1.68211 0.10263 0.00298335 0.00011726
0.115644 -0.176461 -1.73938 0.101444 0.00328557 4.423e-05
0.115658 -0.264553 -1.75255 0.101077 0.00335373 -0.00023084
0.112105 -0.259018 -1.72314 0.101642 0.00332907 3.617e-05
0.115662 -0.262906 -1.77618 0.101697 0.00335158 -0.00029272
0.115777 -0.356288 -1.7661 0.101915 0.00346185 -0.0002753
0.11098 -0.199517 -1.69466 0.102028 0.00321553 -2.826e-05
0.0996429 -0.255398 -1.74375 0.101512 0.00335686 -0.0002757
0.106625 -0.27949 -1.71918 0.102737 0.00337384 -0.00046383
0.0996452 -0.282567 -1.77515 0.10193 0.00333999 -0.0001953
0.11241 -0.169649 -1.69371 0.102753 0.00315169 -0.00017591
0.106689 -0.228886 -1.75071 0.102125 0.00355849 -0.00034448
0.106954 -0.277016 -1.70472 0.103138 0.00338293 -0.000298
0.10325 -0.219274 -1.7237 0.102888 0.00350475 -0.00038469
0.110178 -0.31874 -1.78916 0.102938 0.00404429 -0.00058272
0.110973 -0.217249 -1.70449 0.10345 0.00348584 -0.00025355
0.107036 -0.243796 -1.76405 0.102573 0.0037361 -0.0004185
0.106485 -0.283725 -1.73847 0.102938 0.00397218 -0.00034949
0.10955 -0.302929 -1.78091 0.102411 0.00381832 -0.00058272
0.113679 -0.162856 -1.73049 0.103389 0.00357631 -0.00058272
0.113033 -0.214985 -1.79818 0.10259 0.0038987 -0.00058272
0.100115 -0.280462 -1.75793 0.103081 0.00388911 -0.00017316
0.107365 -0.262386 -1.7428 0.103463 0.00380038 -0.00058272
0.103044 -0.304829 -1.81115 0.102185 0.00358039 -8.426e-05
0.112066 -0.262342 -1.74412 0.102963 0.00385689 -0.00058272
0.103165 -0.24894 -1.78844 0.102493 0.00368496 -0.00025089
0.0971688 -0.366507 -1.83259 0.101932 0.00377101 -0.00023439
0.0998209 -0.213988 -1.76944 0.10317 0.00353635 -0.00015201
0.100212 -0.230598 -1.83362 0.102507 0.00389207 -0.00020228
0.0984766 -0.337957 -1.83329 0.103202 0.00420772 -0.00014789
0.104986 -0.249886 -1.78515 0.102824 0.00365013 -0.00058272
0.10018 -0.306056 -1.81809 0.102744 0.00386078 -0.00033373
0.100226 -0.336643 -1.7822 0.103391 0.00395614 -0.00058272
0.100202 -0.359647 -1.86013 0.102968 0.00383257 -0.00033024
0.100242 -0.223584 -1.82619 0.102957 0.00388484 -0.00010618
0.110149 -0.281918 -1.86133 0.102757 0.00399155 -0.00046856
0.103468 -0.373544 -1.84891 0.102747 0.004026 -0.00058272
0.106753 -0.231462 -1.8173 0.103476 0.00392278 -0.00035395
0.0962594 -0.289224 -1.91047 0.103543 0.00383177 -0.00020684
0.100202 -0.293682 -1.84916 0.103563 0.00387626 -0.00024588
0.10005 -0.277719 -1.85363 0.103418 0.00370352 -0.00025097
0.0946259 -0.306607 -1.93202 0.103418 0.00370352 -0.00030889
0.0977308 -0.32291 -1.83193 0.102883 0.0036306 -4.792e-05
0.100164 -0.391025 -1.90566 0.102469 0.00380992 -8.313e-05
0.092044 -0.555096 -2.0296 0.102719 0.00332046 2.481e-05
0.0950824 -0.316833 -1.89271 0.103333 0.00361488 0.00032824
0.10003 -0.34258 -1.90396 0.103482 0.00368781 0.00025629
0.100177 -0.346728 -1.97461 0.1035 0.00381336 -4.618e-05
0.108049 -0.437393 -1.95357 0.104026 0.00385008 -0.00027363
0.10739 -0.269306 -1.89874 0.103676 0.00362887 -8.313e-05
0.0997841 -0.313512 -1.97005 0.103671 0.00352357 -0.00013672
0.104975 -0.447991 -1.95683 0.104153 0.00391191 -0.00010714
0.110144 -0.284897 -1.89083 0.103171 0.00376331 -8.742e-05
0.110667 -0.295991 -1.89678 0.102183 0.0039265 -0.00040663
0.111681 -0.330358 -1.85273 0.1035 0.00364213 -0.00040663
0.0996982 -0.452312 -1.96586 0.104069 0.00334734 0.00028255
0.109616 -0.379372 -1.93816 0.104887 0.00344547 3.169e-05
0.106446 -0.349071 -1.99595 0.105085 0.00380085 -9.577e-05
0.105701 -0.415064 -1.97971 0.105871 0.00333029 0.00026907
0.113456 -0.270965 -1.92686 0.104971 0.00300254 8.325e-05
0.106355 -0.277686 -1.98953 0.105117 0.00344547 0.00030501
0.116606 -0.442912 -2.01233 0.105083 0.00304076 8.325e-05
0.115684 -0.293738 -1.92552 0.104918 0.00293627 0.00057972
0.11189 -0.301987 -2.01778 0.104949 0.0030789 0.00025603
0.114208 -0.428248 -2.02324 0.106135 0.00317443 0.00023235
0.112603 -0.351646 -1.98516 0.106348 0.00331972 0.00025504
0.10014 -0.347251 -2.02365 0.105259 0.00374946 0.00045645
0.10034 -0.401578 -1.9757 0.106391 0.00398376 0.00027775
0.100166 -0.352239 -1.99426 0.105982 0.00382232 0.00040616
0.10473 -0.384633 -2.01059 0.106182 0.00349099 0.00040629
0.102965 -0.345932 -1.94871 0.105798 0.0032839 0.00089653
0.0994791 -0.337206 -1.98224 0.105398 0.00338025 0.00086896
0.0999004 -0.3691 -2.00417 0.106435 0.00371044 0.00058487
0.0990075 -0.385192 -2.0301 0.105902 0.00295195 0.000516
0.103822 -0.365797 -1.98676 0.106287 0.00348638 0.00044227
0.106025 -0.356206 -2.06339 0.105534 0.00336023 0.00011712
0.0997921 -0.406744 -2.03778 0.10627 0.00355818 0.00037878
0.0993316 -0.455558 -2.09318 0.106077 0.00316579 0.0007514
0.102017 -0.339187 -2.03721 0.106187 0.00344215 0.00087791
0.104106 -0.387992 -2.07355 0.105505 0.00364374 0.00054804
0.103363 -0.3469 -2.00703 0.106138 0.00336383 0.00058927
0.102394 -0.303061 -2.05768 0.105881 0.00351024 0.00058384
0.10428 -0.470206 -2.10314 0.105854 0.00315855 0.00055186
0.0995103 -0.345399 -2.01123 0.105898 0.00331616 0.0012482
0.121055 -0.353451 -2.02383 0.105493 0.00339125 0.00030039
0.123976 -0.38914 -2.04296 0.106143 0.00330037 0.00026503
0.0986923 -0.453393 -2.05174 0.105966 0.00262551 0.0016645
0.0994967 -0.296904 -2.0219 0.105933 0.00320147 0.00145402
0.113062 -0.358244 -2.06877 0.106142 0.00315544 0.00061337
0.11953 -0.411824 -2.004 0.106715 0.00306997 0.00024926
0.10697 -0.338349 -2.04238 0.106538 0.00310373 0.00060713
0.0820229 -0.432394 -2.11369 0.105786 0.00283934 0.00137225
0.0990137 -0.374017 -2.02043 0.106022 0.0029024 0.0015177
0.109291 -0.370604 -2.03712 0.106063 0.00306505 0.00105561
0.111873 -0.381631 -2.0558 0.105974 0.00318158 0.00089129
0.114626 -0.369266 -2.01216 0.10682 0.00295365 0.00072259
0.0989448 -0.393947 -2.0541 0.105963 0.00286837 0.00145921
0.0897238 -0.274336 -2.00608 0.106002 0.00277501 0.00202583
0.0989018 -0.305714 -1.96275 0.104629 0.00272389 0.00174317
0.103378 -0.407457 -2.00117 0.10515 0.00318625 0.0011752
0.116536 -0.293732 -2.02909 0.105017 0.00303879 0.00033209
0.114114 -0.358556 -2.1697 0.106001 0.00310764 0.00033209
0.114465 -0.357115 -2.07817 0.105644 0.00319384 0.0007172
0.12198 -0.555604 -2.08996 0.103348 0.00354512 0.00033209
0.124503 -0.577771 -2.12821 0.102585 0.00310233 0.00084035
0.128227 -0.532946 -2.0233 0.103169 0.00296341 0.00071716
0.123369 -0.566402 -2.04173 0.0975298 0.00294379 0.00011329
0.127539 -0.539132 -2.03228 0.0985853 0.00341655 -0.00021205
0.121614 -0.540323 -2.04089 0.101155 0.0029731 0.00070897
0.120296 -0.382524 -2.01928 0.101524 0.00292971 0.00100026
0.131512 -0.38185 -2.06584 0.101189 0.00288477 0.00046984
0.124445 -0.39724 -2.00578 0.101696 0.00264524 0.00081719
0.115955 -0.351208 -2.01761 0.101696 0.00284001 0.00046984
0.110238 -0.436729 -2.10611 0.10077 0.00314661 0.00046984
0.121486 -0.455721 -2.00579 0.102111 0.00315414 0.00046984
0.11295 -0.389162 -2.01887 0.102118 0.00325888 0.00046984
0.116121 -0.459199 -2.10949 0.102247 0.0032495 0.00021984
0.121433 -0.459861 -2.06526 0.102807 0.00320449 0.00021984
0.102601 -0.473548 -2.16994 0.100978 0.00367316 0.00046984
0.0916285 -0.446455 -2.18245 0.100825 0.00373852 0.00046984
0.0851434 -0.326486 -1.82964 0.101457 0.00423807 -0.00065178
0.0271995 -1.13892 -2.18728 0.0885793 0.00419025 0.00072747
0.0129691 -0.988347 -2.39672 0.0915106 0.00357842 0.00127802
0.0234266 -0.769808 -2.66424 0.094704 0.00338084 0.00121968
-0.00802224 -1.00155 -2.58523 0.0959909 0.00176644 0.0022708
0.0019309 -0.924979 -2.61394 0.0966409 0.00147426 0.00258357
0.00240194 -0.92132 -2.66365 0.0984316 0.00154459 0.00267803
0.00100884 -0.867771 -2.66622 0.099161 0.00159795 0.00276332
0.0067867 -0.851969 -2.61341 0.0974711 0.00206033 0.00259808
0.0114418 -0.773708 -2.49296 0.0980882 0.00258057 0.00214985
0.0216479 -0.769891 -2.47045 0.0988348 0.00252907 0.00194941
0.0444522 -0.777139 -2.47887 0.098958 0.00353594 0.00073181
0.0462473 -0.801672 -2.45735 0.0979909 0.0032714 0.00073181
0.0663347 -0.819732 -2.35149 0.0966536 0.0038072 0.00073181
0.0703334 -0.768612 -2.3832 0.0988202 0.00363256 0.00073181
0.062001 -0.785698 -2.42309 0.098586 0.00316137 0.00049676
0.0852499 -0.754718 -2.41189 0.0989749 0.00301354 -3.756e-05
0.101684 -0.737083 -2.37441 0.0990573 0.00303377 -0.00016674
0.0893271 -0.695071 -2.38055 0.0990573 0.00332546 0.00020984
0.0921439 -0.780559 -2.43639 0.0983326 0.00344532 -0.00015143
0.103819 -0.735338 -2.371 0.0989645 0.00324588 -0.00015143
0.100036 -0.735521 -2.35234 0.0989362 0.00312909 9.857e-05
0.0996786 -0.746762 -2.36831 0.0990574 0.00318142 -0.00015143
0.097496 -0.749317 -2.3693 0.0991235 0.00318142 -0.00015143
0.102773 -0.75527 -2.37618 0.0992087 0.00318142 -0.00034677
0.104711 -0.746689 -2.36635 0.0994401 0.00336014 -0.00055098
0.0916073 -0.737481 -2.37382 0.099217 0.00328303 9.857e-05
0.102777 -0.740582 -2.37524 0.0995487 0.00324859 -0.00043547
0.102816 -0.727164 -2.3744 0.0994791 0.00326372 -0.00033527
0.10337 -0.726583 -2.3595 0.0990574 0.00309018 -0.00050532
0.102789 -0.72436 -2.35866 0.0990574 0.00309018 -0.0005285
0.104283 -0.718657 -2.31068 0.0992206 0.00342537 -0.00024275
0.106964 -0.723038 -2.28909 0.0990574 0.00346979 -0.0004077
0.0999155 -0.726733 -2.33918 0.0986563 0.0034536 -0.00020298
0.0995633 -0.728997 -2.41287 0.0974819 0.00319516 -0.000316
0.109902 -0.774991 -2.3182 0.09747 0.00336622 -0.00047861
0.108495 -0.762815 -2.38582 0.0980672 0.00315357 -0.00039436
0.105133 -0.789221 -2.44327 0.0963085 0.00342661 -0.00053704
0.0936551 -0.701843 -2.53613 0.0941957 0.00309018 -9.98e-05
0.112101 -0.609958 -2.19711 0.0953783 0.00309018 -0.00024891
0.117971 -0.648346 -2.12417 0.0951079 0.00309018 -0.00033019
0.102796 -0.704124 -2.24093 0.0947154 0.00270913 0.00024258
0.0782994 -0.662278 -2.24557 0.0922044 0.00267553 0.0006127
0.00068383 -0.752933 -2.19292 0.0918001 0.00235257 0.0019075
0.0176274 -0.857781 -2.22596 0.0906832 0.00227283 0.00189855
-0.00499946 -0.72362 -2.25856 0.0917883 0.00274955 0.00144476
-0.00668323 -0.561863 -1.87368 0.0937139 0.00303183 0.00172926
-0.0122094 -0.663287 -2.10221 0.0921524 0.00229382 0.00181639
-0.00061946 -0.674039 -2.17377 0.0908022 0.00170487 0.00255039
0.0210569 -0.711273 -2.19838 0.0923256 0.00162665 0.00234761
0.0448144 -0.6125 -2.1431 0.0957874 0.00203317 0.00224666
0.0496438 -0.592996 -2.12522 0.0954172 0.00169946 0.00224666
0.0376052 -0.583378 -2.17941 0.095082 0.00189474 0.00224666
0.0415656 -0.631264 -2.151 0.0956387 0.00198508 0.00216839
0.0433109 -0.675611 -2.19663 0.0951 0.00184915 0.00208187
0.0513251 -0.573911 -2.12056 0.0951515 0.0022514 0.00197993
0.0379354 -0.608268 -2.15402 0.092888 0.00218167 0.00209461
0.0372118 -0.662611 -2.07943 0.0936549 0.00163425 0.00224666
0.0374749 -0.69432 -2.15165 0.0936645 0.00173456 0.00188557
0.0496208 -0.593386 -2.07715 0.0935032 0.00194715 0.00196263
0.0377376 -0.580498 -2.13878 0.0899131 0.00200246 0.00177895
0.0375627 -0.691519 -2.14649 0.089987 0.0019358 0.00169707
0.0458025 -0.592995 -2.05631 0.091121 0.00139362 0.00206446
0.0448058 -0.592815 -2.04783 0.0906614 0.00179016 0.00197191
0.0432577 -0.586216 -2.07413 0.0901484 0.00198606 0.00187622
0.0435564 -0.671145 -2.08032 0.0903673 0.00199698 0.00181116
0.0797719 -0.545027 -2.02982 0.0900477 0.00193724 0.00102943
0.0577909 -0.498368 -1.99612 0.0880563 0.00191125 0.0017978
0.101921 -0.516629 -1.95355 0.0834364 0.00214391 0.00035493
0.0795209 -0.642326 -2.06805 0.0865019 0.00155225 0.00073565
0.0836995 -0.557191 -1.96265 0.0857143 0.00214757 0.00027006
0.0646752 -0.553902 -1.96031 0.0844845 0.00221075 0.00068689
0.07812 -0.643229 -2.02617 0.0853892 0.00196456 -6.456e-05
0.0803472 -0.585609 -1.95309 0.0857607 0.00245979 -0.00020775
0.0797259 -0.566243 -1.93132 0.0857898 0.00269837 -0.00044418
0.0737529 -0.537115 -1.93087 0.0849042 0.00282224 -0.00070246
0.074933 -0.655505 -2.00742 0.0853406 0.00269291 -0.00066011
0.0768804 -0.614271 -1.95039 0.08541 0.0029541 -0.00060818
0.0724937 -0.610854 -1.91663 0.0856437 0.00289124 -0.00054858
0.0721241 -0.603894 -1.96275 0.0854356 0.00286826 -0.0005781
0.0705363 -0.57564 -1.97813 0.0850298 0.00285137 -0.00054945
0.0698316 -0.757204 -2.04196 0.0857178 0.0029631 -0.00118321
0.0680928 -0.593328 -2.02256 0.0868595 0.00346891 -0.00083695
0.0645551 -0.561452 -2.01118 0.086502 0.00350152 -0.00069255
0.0642346 -0.504705 -1.97724 0.0854343 0.00358289 -0.00104123
0.061957 -0.562076 -1.94821 0.085682 0.00365324 -0.00102944
0.0631187 -0.670704 -2.03786 0.086242 0.00301887 -0.00142161
0.0706019 -0.573862 -1.94386 0.0853081 0.00322548 -0.00135085
0.0599097 -0.523832 -1.92826 0.0853369 0.00356237 -0.0011695
0.0585727 -0.708064 -2.0273 0.086277 0.00295671 -0.00152082
0.05456 -0.634318 -1.92564 0.0861637 0.00386369 -0.00106587
0.0543099 -0.625046 -1.9009 0.0859317 0.00386621 -0.00132851
0.0627231 -0.575018 -1.85546 0.085574 0.00405836 -0.00144393
0.0579379 -0.598743 -1.82192 0.0859746 0.0041905 -0.0017365
0.0519054 -0.645849 -1.88998 0.0869252 0.00414183 -0.00208658
0.0479989 -0.519523 -1.90866 0.0877182 0.00422032 -0.00188591
0.0406512 -0.480714 -1.90616 0.0861804 0.00428634 -0.00203887
0.043611 -0.606169 -1.97047 0.0869663 0.00457585 -0.00239109
0.0340886 -0.593053 -1.94569 0.0881827 0.00485212 -0.00232203
0.0285672 -0.570112 -1.95234 0.088313 0.00481266 -0.0022529
0.0284672 -0.589805 -1.97426 0.0863954 0.00427286 -0.00218836
0.0280703 -0.6584 -1.92871 0.0870993 0.00438719 -0.00227937
0.0301988 -0.668453 -1.99172 0.0861484 0.0046455 -0.00240935
0.0320726 -0.642641 -1.98164 0.0872341 0.00466962 -0.00220861
0.0277349 -0.660436 -1.93974 0.0877143 0.00461757 -0.00216658
0.0457092 -0.543084 -1.98234 0.0882589 0.00442805 -0.00222005
0.04465 -0.588959 -2.01791 0.0870815 0.00416538 -0.00213374
0.0404249 -0.520835 -1.93775 0.0853668 0.00405987 -0.00229024
0.0375298 -0.581766 -1.91121 0.0849876 0.00373362 -0.00154854
0.0411937 -0.688818 -1.94809 0.0866154 0.00393114 -0.00121049
0.0402242 -0.71634 -2.07171 0.0873049 0.00354009 -0.00159008
0.0556296 -0.658133 -1.99487 0.0872687 0.00353886 -0.00075746
0.0496978 -0.705811 -2.04063 0.0873126 0.0033824 -0.00166829
0.0448523 -0.734488 -2.00673 0.0878998 0.00388069 -0.00166829
0.0398791 -0.736545 -2.09251 0.0884876 0.00352806 -0.00166829
0.0441603 -0.584193 -2.01096 0.0889152 0.00398337 -0.00106854
0.0251396 -0.610784 -2.04867 0.0917894 0.00437139 -0.00095369
0.0257798 -0.621037 -2.01216 0.0937507 0.00457969 -0.00072058
0.00847242 -0.576865 -2.01316 0.0933448 0.00462278 -0.00097223
0.015556 -0.652998 -2.10533 0.0918392 0.00445311 -0.00068111
0.0232029 -0.659657 -2.05308 0.092918 0.0045966 -0.00086622
0.0182387 -0.643923 -2.04553 0.0931777 0.00420692 -0.0003636
0.026689 -0.659547 -2.04061 0.0928186 0.00441673 -0.00086622
0.0208905 -0.652204 -1.9907 0.0931117 0.00439668 -0.00086622
0.0207226 -0.700662 -2.10292 0.0920267 0.00429083 -0.00086622
0.0145589 -0.647984 -2.02858 0.0925282 0.00451102 -0.00027693
0.0114345 -0.628537 -2.01303 0.092083 0.00431359 -0.00040779
0.0145696 -0.696572 -2.12164 0.0920448 0.00425262 -0.00047404
0.0219354 -0.633575 -2.044 0.0925023 0.00461273 -0.0004769
0.0229884 -0.611238 -2.01683 0.092008 0.00423661 -0.00041366
0.0372246 -0.538464 -2.04396 0.0917741 0.00413669 -0.00017967
0.0367062 -0.627006 -2.0745 0.0910903 0.00373517 0.0001448
0.0402788 -0.590637 -1.95652 0.090496 0.00391204 0.00037418
0.0526147 -0.511903 -1.97659 0.0874167 0.00374605 4.381e-05
0.0460503 -0.711619 -2.02344 0.0869005 0.0030512 -1.529e-05
0.0465992 -0.690985 -2.02193 0.0883404 0.00352378 7.221e-05
0.0550483 -0.693286 -2.04688 0.0889269 0.00322722 -0.00010154
0.0610003 -0.68986 -2.0516 0.0857622 0.00343585 -0.00064176
0.0300765 -0.717048 -2.2789 0.078973 0.00535183 -0.00222902
0.0140647 -0.582273 -2.10526 0.0785077 0.00492217 -0.00215347
0.0282334 -0.543085 -2.00824 0.0773408 0.00520861 -0.00216138
0.00616034 -0.551067 -2.02737 0.066303 0.00512855 -0.00170176
-0.0194384 -0.609486 -2.21575 0.0513543 0.00638167 -0.00228452
-0.00839666 -0.610636 -2.25545 0.0481095 0.00849124 -0.00237818
-0.0181981 -0.658446 -2.19997 0.0466078 0.0100276 -0.00304909
-0.036781 -0.662211 -2.21228 0.046636 0.00901024 -0.00324671
-0.0303128 -0.753083 -2.14371 0.0461797 0.00883856 -0.00308494
-0.0289521 -0.753653 -2.14748 0.046775 0.00916339 -0.00299804
-0.0275198 -0.742427 -2.19556 0.0469542 0.00890077 -0.00311437
-0.0269087 -0.779227 -2.16022 0.0474188 0.00916539 -0.00321399
-0.0361842 -0.775517 -2.20198 0.0473985 0.00922971 -0.00320207
-0.0288407 -0.704366 -2.15036 0.0472632 0.00889237 -0.00314112
-0.0267749 -0.653225 -2.17744 0.0472904 0.00920006 -0.00304737
-0.0239064 -0.666441 -2.16133 0.0477239 0.00930287 -0.00326362
-0.0256806 -0.704887 -2.12078 0.0477487 0.00939709 -0.00325035
-0.0184156 -0.737026 -2.14892 0.0489775 0.00947288 -0.00323789
-0.0181308 -0.668234 -2.11439 0.0480025 0.00951032 -0.00319305
-0.022537 -0.70034 -2.12654 0.0482984 0.00968669 -0.00343514
-0.0279721 -0.705448 -2.172 0.047889 0.0100943 -0.00342635
-0.0352066 -0.829803 -2.14805 0.0480845 0.00984429 -0.00347539
-0.0349606 -0.715723 -2.11581 0.0484224 0.00998023 -0.00344463
-0.0348556 -0.661627 -2.17255 0.0482786 0.00999813 -0.00329789
-0.0373541 -0.714566 -2.13723 0.0468009 0.00932835 -0.00337572
-0.0353177 -0.726565 -2.11888 0.0474741 0.00903302 -0.00329454
-0.0310044 -0.708784 -2.1462 0.047462 0.00933829 -0.00337994
-0.0362767 -0.691212 -2.2142 0.0472684 0.0100132 -0.00333446
-0.0364069 -0.819388 -2.20877 0.0479274 0.00983415 -0.00341244
-0.0372602 -0.713631 -2.16776 0.0483296 0.010011 -0.0033889
-0.0427322 -0.684973 -2.23121 0.0477729 0.010188 -0.00337371
-0.0381644 -0.779441 -2.19063 0.0478223 0.0103128 -0.00332521
-0.0402562 -0.794699 -2.20643 0.0486176 0.0103322 -0.00346187
-0.0414697 -0.679945 -2.21157 0.0484994 0.0106427 -0.00345256
-0.0458919 -0.736547 -2.24946 0.0485888 0.0107402 -0.00337432
-0.0454527 -0.772392 -2.20632 0.0485024 0.0107827 -0.00356372
-0.0513824 -0.720605 -2.21784 0.0482692 0.0108085 -0.0034264
-0.0522136 -0.748384 -2.29141 0.0480276 0.0103225 -0.00357818
-0.048083 -0.767959 -2.24446 0.0489245 0.0110736 -0.0035494
-0.0512188 -0.669459 -2.20203 0.0491594 0.0109244 -0.00355375
-0.0483396 -0.615603 -2.24147 0.0484418 0.011449 -0.00385468
-0.0502977 -0.72726 -2.22283 0.0485909 0.0114836 -0.00374055
-0.0624846 -0.805643 -2.26908 0.0496201 0.0110232 -0.00378272
-0.0488638 -0.738027 -2.21229 0.0499449 0.0106973 -0.00374929
-0.0537128 -0.703733 -2.26126 0.0496169 0.011234 -0.00383974
-0.0598301 -0.85886 -2.25988 0.0505917 0.0106308 -0.00390499
-0.0570358 -0.756167 -2.23499 0.0507025 0.0111468 -0.00383009
-0.0596966 -0.73472 -2.2728 0.0499333 0.0114099 -0.00383107
-0.067607 -0.787125 -2.25451 0.0490415 0.0109948 -0.00381507
-0.0527412 -0.752085 -2.21715 0.049537 0.0108993 -0.00380461
-0.0502585 -0.704393 -2.27428 0.0493215 0.0114202 -0.00384608
-0.0529114 -0.814834 -2.26202 0.0504121 0.0109826 -0.00388332
-0.0489771 -0.710041 -2.23049 0.0503319 0.0112638 -0.00376763
-0.0532608 -0.699772 -2.19195 0.0503834 0.0108919 -0.00328172
-0.0438887 -0.650019 -2.17007 0.0512859 0.010359 -0.00319788
-0.0381712 -0.588171 -2.12341 0.0509938 0.009254 -0.00304163
-0.0750848 -0.646985 -2.03102 0.0528732 0.00849508 -0.00388014
-0.0764102 -0.625539 -2.03495 0.0552806 0.00917361 -0.00405493
-0.101459 -0.478144 -1.72498 0.0579218 0.00862416 -0.00435894
-0.0723403 -0.599916 -1.73892 0.0589907 0.00870814 -0.00359263
-0.0445821 -0.596137 -1.87408 0.061203 0.00802862 -0.00287534
-0.0151491 -0.622318 -1.65563 0.064456 0.00869322 -0.0029916
-0.00627906 -0.63011 -1.58937 0.0655886 0.00866745 -0.00369589
-0.0053628 -0.570663 -1.59566 0.0652783 0.00805351 -0.00342028
0.00791758 -0.498264 -1.60326 0.0658219 0.0072961 -0.00298234
0.0075148 -0.593269 -1.62043 0.0670673 0.00748727 -0.00310989
0.02711 -0.490905 -1.65385 0.0665561 0.00721887 -0.00334376
0.111657 -0.396245 -1.38404 0.0718951 0.00609055 -0.00345798
0.0967622 -0.269971 -1.4724 0.0750878 0.00661726 -0.0034163
0.0840342 -0.471161 -1.72291 0.077476 0.00556122 -0.00240366
0.0818854 -0.50754 -1.71811 0.0777817 0.00602877 -0.00255581
0.0828717 -0.525429 -1.72654 0.078243 0.00602329 -0.00245081
0.0839024 -0.56226 -1.74886 0.0781471 0.00607023 -0.0023173
0.0813025 -0.688419 -1.74633 0.0790503 0.00621116 -0.00245082
0.0781195 -0.706617 -1.72347 0.079468 0.00647211 -0.00232957
0.0817109 -0.581348 -1.65475 0.079518 0.00647211 -0.00213515
0.0681568 -0.640925 -1.7161 0.0799797 0.00667044 -0.00251938
0.043496 -0.640467 -1.69605 0.0801444 0.00671618 -0.00268935
0.0538876 -0.586256 -1.68981 0.0801076 0.00670517 -0.00247468
0.0526706 -0.532724 -1.68162 0.0796697 0.00693203 -0.0025534
0.0435686 -0.513031 -1.70541 0.079594 0.00669861 -0.00257707
0.0438442 -0.546629 -1.69913 0.0799014 0.00701367 -0.00250899
0.0493901 -0.539183 -1.68917 0.0801745 0.0070776 -0.00237781
0.0477846 -0.520194 -1.67511 0.0802686 0.00703197 -0.00235055
0.0367412 -0.540847 -1.67485 0.079966 0.00681742 -0.0021577
0.0301803 -0.376158 -1.21855 0.0845416 0.0064457 -0.00102524
0.0809654 0.928556 -0.754348 0.085567 0.00483816 -0.00033379
