-1e-08 0.0280049 0.213805 -0.00073054 0 0
0 0.0856324 0.0312499 0.0016599 0 0
-0.00041756 0.0339994 0.108382 0.00086519 0 -0.00023892
-0.00530044 -0.0646216 0.14128 0.0016017 0 0
-0.0181212 0.114817 0.0696769 0.00158018 0.00011386 0
-0.0169185 0.00117338 0.150099 0.00119276 0.00033042 -0.00018992
-0.0179821 0.0088101 0.136031 0.00145575 0.0003558 0
-0.0181578 0.115675 0.0793032 0.00206711 0.00035013 0
-1e-08 -0.0206541 0.172816 0.00142412 0 0
1e-08 0.126014 0.0869541 0.00225314 0 0
-0.0175076 0.0464509 0.161715 0.00138686 0.00031097 0
-0.019063 -0.00438601 0.177007 0.00238573 0.00033669 0
-0.0185688 0.179966 0.138685 0.00157701 0.00031645 0.0001085
-0.0193581 0.0375281 0.188388 0.00266025 0.00037675 5.699e-05
-0.0185816 0.119615 0.14022 0.00212449 0.0003267 0
-0.0161547 0.0841511 0.154999 0.00195311 0.00027231 0
-0.0186571 -0.0348195 0.255644 0.00174681 0.00036975 0
-0.01736 0.149926 0.185397 0.00170804 0.00030638 0
-0.0397829 0.118808 0.200946 0.00145845 0.00025 -0.00017758
-0.0591226 0.0293242 0.265868 0.00105349 -0.00068519 -0.00132477
-0.0701173 0.215561 0.32258 0.0012086 -0.00040197 -0.00151175
-0.0610983 0.183519 0.346631 0.00171125 -0.0005663 -0.00128544
-0.0490527 0.178704 0.34273 0.000986 -0.00068519 -0.00108322
-0.047993 0.221252 0.316991 0.00121416 -0.00056646 -0.00115113
-0.0526322 0.116987 0.351 0.00138639 -0.00021744 -0.00096479
-0.0487719 0.259271 0.316918 0.00058081 -0.00039343 -0.00100966
-0.0627145 0.117209 0.411254 0.00039254 -8.147e-05 -0.00069662
-0.0576819 0.159919 0.44631 0.00052454 5.429e-05 -0.00056182
-0.0570781 0.338477 0.406972 -0.0001269 -0.00017985 -0.00043432
-0.0652738 0.14142 0.491287 -8.325e-05 0.00012983 -0.0005233
-0.0577325 0.283027 0.408451 -0.00015608 -0.00014114 -0.00043432
-0.0655693 0.20275 0.445885 -0.00031292 1.986e-05 -0.00059867
-0.0611844 0.123179 0.438534 6.729e-05 0.00012493 -0.00043432
-0.0570246 0.272295 0.322135 0.00050805 0.00015096 -0.00043432
-0.0596484 0.0946394 0.463347 -0.00030203 0.00028552 -0.00043432
-0.0488334 0.210952 0.40514 -0.00028549 1.045e-05 -0.00013172
-0.0561408 0.20437 0.46813 -0.00107893 0.00021271 -0.00018432
-0.0552566 0.147323 0.448405 -0.00050771 0.00010017 -0.00012802
-0.0511068 0.255881 0.390758 -0.00090528 0.0001184 -0.00033052
-0.0598588 0.114502 0.546683 -0.00115424 0.00023272 -0.00018432
-0.0549663 0.271391 0.40885 -0.00012667 -5.47e-05 1.149e-05
-0.0492487 0.239222 0.410793 -0.00023888 -0.00018525 -1.78e-05
-0.0532292 0.0840075 0.482217 -8.331e-05 6.84e-06 -1.78e-05
-0.0536549 0.301021 0.396354 -0.00035806 -0.00027613 6.429e-05
-0.0387197 0.18632 0.419401 -0.00017714 0.00016483 5.826e-05
-0.0387419 0.123267 0.409271 4.993e-05 -9.736e-05 0.00013563
-0.0387051 0.165388 0.308109 -0.00015102 7.221e-05 6.344e-05
-0.0549645 0.0546618 0.496611 -0.0007917 0.00010088 0.00017374
-0.0389595 0.232758 0.337616 -0.00028847 -5.873e-05 -1.78e-05
-0.0527995 0.122123 0.444063 -0.00029453 5.902e-05 3.794e-05
-0.0472986 0.204514 0.37401 -2.903e-05 0.0001718 -1.78e-05
-0.0554606 0.228653 0.343279 0.000514 -5.355e-05 -1.78e-05
-0.0458983 0.11791 0.428593 -0.0005837 4.685e-05 9.157e-05
-0.0538557 0.24583 0.312943 8.597e-05 -6.53e-06 -8.126e-05
-0.0559011 0.10586 0.454337 -0.00072948 7.456e-05 0.00016137
-0.0462057 0.178737 0.346998 0.00015201 0.00017188 8.581e-05
-0.0585827 0.164427 0.405892 0.00046852 0.00042245 -1.78e-05
-0.0572801 0.148805 0.455142 0.00118225 0.00048753 -1.78e-05
-0.0646578 0.349597 0.625453 0.0003603 0.00105668 -0.00032164
-0.061395 0.340303 0.623273 0.00061524 0.00093546 -0.00047358
-0.0551525 0.26751 0.596033 0.0016663 0.00086912 -0.00076423
-0.047418 0.444996 0.500233 0.00074681 0.00058074 -0.00070407
-0.0535853 0.297561 0.611051 -3.921e-05 0.00043639 -0.00057164
-0.0592199 0.329353 0.608122 -5.105e-05 0.00052785 -0.00057164
-0.0504473 0.441629 0.549952 -0.00045805 0.00073752 -0.0007131
-0.060119 0.219506 0.670781 -0.00059289 0.00081142 -0.00069508
-0.051798 0.328849 0.470666 0.00022038 0.00072253 -0.00057164
-0.0553666 0.256198 0.541345 -0.00031413 0.00065483 -0.0005026
-0.0517558 0.23845 0.56733 -0.00072622 0.00053726 -0.00032164
-0.0556708 0.313864 0.593454 -0.00133356 0.00046643 -0.00057164
-0.0600757 0.224879 0.640308 -0.00095092 0.00081299 -0.00022565
-0.0551095 0.387426 0.548781 -0.00119434 0.00056264 -0.00032164
-0.0569787 0.258644 0.576579 -0.00070687 0.00053254 -0.00032164
-0.0521126 0.25366 0.591778 -0.00050385 0.00066517 4.018e-05
-0.048522 0.441646 0.497673 -0.00077133 0.00036124 -9.038e-05
-0.0561995 0.244256 0.633653 -0.00084912 0.00044518 -0.00018347
-0.0500739 0.347869 0.523085 -0.0006683 0.00033564 -9.038e-05
-0.0585186 0.271149 0.572474 -0.00024406 0.00044992 -0.00026865
-0.056255 0.274228 0.553197 0.00019382 0.00041611 -3.558e-05
-0.0558056 0.331263 0.504683 0.00028263 0.00050796 -0.0002353
-0.0531684 0.17517 0.593291 4.873e-05 0.00078077 -9.038e-05
-0.0389762 0.324885 0.480771 7.575e-05 0.00051727 5.483e-05
-0.0357245 0.264172 0.501411 0.0002782 0.00065968 -9.038e-05
-0.0464142 0.203946 0.666907 5.365e-05 5.17e-05 0.00021278
-0.0504808 0.461729 0.628317 -0.0010399 -0.00014617 0.00022896
-0.0526039 0.315798 0.789273 -0.00271051 -6.392e-05 0.00025637
-0.0441851 0.410964 0.63561 -0.0010281 0.00019735 0.0002342
-0.0474407 0.402556 0.63536 -0.00046275 5.64e-05 0.00015962
-0.0561732 0.301308 0.675558 -0.00032316 0.00043368 0.00022556
-0.0575572 0.431829 0.593401 9e-08 0.00033586 0.00010084
-0.0468985 0.242763 0.938312 1.704e-05 0.00061596 0.00025871
-0.0422096 0.415895 0.716364 0.00257052 -0.00141263 0.00036125
-0.0561341 0.376278 0.521804 0.00108003 -0.00016807 7.141e-05
-0.0548417 0.259663 0.590571 0.00055965 -0.00016087 9.705e-05
-0.0526028 0.258414 0.619165 0.00068359 1.48e-06 0.00015962
-0.0484863 0.376958 0.567005 0.00065386 0.0001085 9.706e-05
-0.0494063 0.258596 0.651111 0.00061865 0.0001708 0.0003873
-0.0482273 0.428517 0.56297 0.00049017 0.00036321 0.00022059
-0.0480758 0.347745 0.66217 0.00056656 1.581e-05 0.00050428
-0.04671 0.390166 0.565638 0.00099659 0.00031172 0.00037779
-0.046333 0.353878 0.570436 0.00033766 0.00028917 0.00011848
-0.0485774 0.122466 0.58229 0.00114729 0.00062595 0.00025336
-0.0638712 0.320638 0.473425 0.00222255 0.00029087 0.0002617
-0.072555 0.485031 0.528628 0.00151735 0.0001296 0.00022976
-0.0786232 0.294524 0.660075 0.00115588 0.0001782 0.00042713
-0.0826543 0.402526 0.6411 0.00092545 -0.00017594 0.0004796
-0.0760664 0.41345 0.638884 0.00071919 -0.00039471 0.0003896
-0.0731804 0.251143 0.777673 0.00290288 0.0005324 0.00044485
-0.0768396 0.432134 0.59375 0.00132928 -0.00012528 0.00044491
-0.0818635 0.353094 0.658711 0.0003584 -0.00032598 0.00010718
-0.0763855 0.341742 0.62526 0.00125765 -0.0004647 0.00036503
-0.0808398 0.410095 0.598874 0.00391527 -0.00024993 0.0002111
-0.0798978 0.319634 0.619911 0.00277189 -0.00037136 0.000287
-0.0749056 0.297515 0.617731 0.00180985 -0.00041368 0.00036437
-0.0703353 0.377732 0.584342 0.00085354 -0.00022935 0.00023974
-0.0845123 0.275528 0.802187 0.00256921 -0.00068439 0.00031905
-0.0780245 0.446728 0.588286 0.00077507 -0.0006428 0.00050075
-0.0734649 0.397448 0.61245 0.00120727 -0.00038101 0.00063557
-0.070042 0.304028 0.907565 0.00102507 6.597e-05 0.00069119
-0.0852789 0.528611 0.668457 0.00283258 -0.00047478 0.00081057
-0.0877471 0.39279 0.798014 0.00283997 -0.00105488 0.00074162
-0.0871244 0.185725 1.04432 0.00056341 -0.00175874 0.00093136
-0.0797119 0.517642 0.870838 0.00225085 -0.00293347 0.00114294
-0.062759 0.592907 0.783705 0.00183806 -0.00327091 0.00063344
-0.0619332 0.382163 0.92496 0.0018457 -0.00284148 0.00070194
-0.0781991 0.499881 0.765295 0.00315326 -0.0027212 0.00062788
-0.0809852 0.366635 0.891878 0.00253061 -0.00279211 0.00054956
-0.08692 0.360537 0.8146 0.00337655 -0.00187923 0.00096213
-0.0812562 0.438322 0.873122 0.00100843 -0.0034722 0.00054956
-0.0807678 0.300254 0.881324 0.00318666 -0.00224374 0.00054956
-0.0887963 0.486135 0.780183 0.00334643 -0.00276721 0.00054956
-0.0861518 0.379443 0.897336 0.00326947 -0.00188018 0.00079956
-0.0872787 0.50271 0.818126 0.0035791 -0.00247167 0.00092702
-0.0965101 0.443972 0.89662 0.00393913 -0.00106262 0.00098293
-0.0937492 0.364192 0.825794 0.00487263 -0.00155957 0.00114843
-0.0914474 0.551519 0.739917 0.00459864 -0.00241147 0.00104121
-0.10267 0.389368 0.87328 0.00455569 -0.00131121 0.00112027
-0.103803 0.488389 0.771234 0.00495086 -0.00162644 0.00120518
-0.104726 0.464939 0.845794 0.00479577 -0.00068451 0.0013359
-0.0982475 0.414984 0.904176 0.00431095 -0.00072194 0.00130628
-0.0963677 0.48869 0.836489 0.00409411 -0.00161196 0.00130747
-0.0932963 0.335293 0.907908 0.00449331 -0.00074704 0.00116133
-0.0798302 0.43299 0.694452 0.00422292 -0.00234673 0.00109125
-0.0710494 0.447559 0.694965 0.00441931 -0.00258136 0.00090034
-0.0796785 0.362575 0.854647 0.00350035 -0.00244605 0.00121127
-0.080053 0.476876 0.688551 0.00362973 -0.0024866 0.00101867
-0.07965 0.379507 0.858768 0.00420998 -0.00222076 0.00118658
-0.0796349 0.45385 0.713954 0.0044888 -0.00231944 0.0012017
-0.0977118 0.416454 0.782399 0.00436079 -0.00199552 0.00108339
-0.09731 0.395231 0.832837 0.00480378 -0.00187942 0.00133626
-0.0959395 0.534467 0.784662 0.00544908 -0.00117146 0.00165946
-0.101417 0.414035 0.957492 0.00401041 -0.00080843 0.00170162
-0.107222 0.511363 0.779169 0.00556379 -0.00129199 0.00139253
-0.110281 0.444357 0.730849 0.00580409 -0.00211606 0.00138768
-0.104479 0.383992 0.858914 0.00486615 -0.00162315 0.00149395
-0.0937642 0.465983 0.883803 0.00366096 -0.00213485 0.0019176
-0.0914577 0.484292 0.859876 0.00445348 -0.00122954 0.0018256
-0.0926772 0.37377 0.966222 0.00484838 -0.00116316 0.00202965
-0.101136 0.505197 0.839204 0.00608208 -0.00221355 0.00245347
-0.103453 0.582814 0.835001 0.00560019 -0.00224433 0.00236701
-0.0805265 0.35587 1.05058 0.00414133 -0.00136427 0.00251572
-0.088356 0.632752 0.975845 0.00533057 -0.0013239 0.00288859
-0.0904495 0.841067 0.808411 0.00585256 -0.00165473 0.00265924
-0.0872092 0.562749 0.873206 0.00578739 -0.00140212 0.00253664
-0.0850574 0.411296 0.924838 0.00587969 -0.00120204 0.00264118
-0.0844727 0.527172 0.816209 0.00470709 -0.00161448 0.00229034
-0.0763244 0.401818 0.980509 0.00297609 -0.00227831 0.00226927
-0.0743582 0.389329 1.0357 0.00351148 -0.00162377 0.00245419
-0.0880882 0.596662 1.02025 0.00291891 -0.00185128 0.00270755
-0.0773499 0.503766 1.10065 0.00195974 -0.00134429 0.00258056
-0.0899557 0.612463 0.978796 0.00521129 -0.00153558 0.00294469
-0.0851972 0.769535 0.944029 0.00508387 -0.00193413 0.00304559
-0.0861011 0.580703 1.07868 0.00339665 -0.0016987 0.00310794
-0.0886332 0.660555 0.933324 0.00463099 -0.00197429 0.00297692
-0.0856378 0.593608 0.886108 0.00428107 -0.00278314 0.00286161
-0.0932516 0.392118 1.06709 0.00435291 -0.00122182 0.0027673
-0.0898891 0.597678 0.868025 0.00591992 -0.00211235 0.00291829
-0.103115 0.534442 0.904214 0.00578154 -0.00168423 0.00274402
-0.0963023 0.482748 0.989475 0.00583719 -0.00151788 0.00286167
-0.102945 0.656599 0.891731 0.00604863 -0.00132429 0.00273426
-0.106282 0.49821 1.01328 0.00489703 -0.00135598 0.00290909
-0.113747 0.645778 0.899053 0.00611746 -0.00154398 0.00287683
-0.105159 0.532626 1.01532 0.00552766 -0.00129231 0.00294668
-0.10643 0.646931 0.891181 0.00634258 -0.00127556 0.00295305
-0.104919 0.534771 0.909332 0.00629473 -0.00197846 0.00300148
-0.0964696 0.376807 1.07164 0.00543405 -0.00162992 0.0031102
-0.101278 0.765774 0.963354 0.0064073 -0.00147451 0.00320988
-0.108712 0.799653 0.849557 0.00704672 -0.00142893 0.00313916
-0.102047 0.559499 0.959713 0.00650283 -0.00106481 0.00288556
-0.109438 0.603666 0.857291 0.00710141 -0.00119541 0.00292606
-0.109846 0.555484 0.803104 0.0067193 -0.0014709 0.00298569
-0.0998864 0.482061 0.855606 0.00594759 -0.00170442 0.0029212
-0.0892109 0.416579 0.922993 0.00574533 -0.00159343 0.00321637
-0.0994301 0.611495 0.85753 0.00676864 -0.00156427 0.00311331
-0.0997761 0.518079 0.928525 0.00668127 -0.00126225 0.00302911
-0.105439 0.626437 0.861693 0.00690282 -0.00133432 0.00309636
-0.0917801 0.597372 0.816529 0.00680121 -0.00121732 0.00318819
-0.0804888 0.465691 0.947628 0.00682645 -0.00085124 0.00346647
-0.0688542 0.665348 0.414272 0.00726946 -0.00182189 0.0033013
-0.0601228 0.26627 0.240742 0.00484489 -0.00085647 0.00296752
-0.0756026 0.170256 0.519636 0.00769457 -0.00053148 0.00316349
-0.0712371 0.505638 0.434065 0.00813922 -0.00068526 0.00355906
-0.084631 0.542003 0.362912 0.00911629 -0.00139611 0.00324782
-0.0890249 0.295754 0.471132 0.00793299 -0.00167002 0.00307652
-0.0878921 0.311003 0.463257 0.00757831 -0.00116354 0.00309985
-0.088847 0.3466 0.398569 0.00828521 -0.00110459 0.00318215
-0.0896153 0.230115 0.517699 0.00737567 -0.00094053 0.00308368
-0.0859639 0.405935 0.371297 0.00746786 -0.00100201 0.00309842
-0.0833905 0.302839 0.430367 0.00736923 -0.00076073 0.00283797
-0.0803581 0.363618 0.429701 0.00776779 -0.00098091 0.0028346
-0.0767199 0.426342 0.34971 0.00717867 -0.00055822 0.00285766
-0.0729905 0.321983 0.455884 0.00790039 -0.00086581 0.00293275
-0.0865488 0.420794 0.37152 0.00659369 -0.00084295 0.00260492
-0.0809445 0.370819 0.4451 0.00858228 -0.00062103 0.00279819
-0.0922023 0.357422 0.57668 0.00901893 -0.00103677 0.00308216
-0.102032 0.537829 0.567202 0.00799058 -0.00100145 0.00281489
-0.0938237 0.405261 0.556561 0.00709062 -0.00104758 0.0025132
-0.0957574 0.269306 0.601971 0.00767895 -0.00166214 0.00293518
-0.105601 0.543629 0.427898 0.00877181 -0.00150699 0.00316482
-0.0952587 0.443853 0.376869 0.00879469 -0.00140207 0.00297158
-0.0921121 0.143495 0.610932 0.0081787 -0.00156305 0.00300428
-0.0985302 0.413241 0.61133 0.00922955 -0.0019112 0.00349779
-0.109128 0.787615 0.642061 0.0095739 -0.00213414 0.00358993
-0.111216 0.701213 0.68739 0.00796231 -0.00128741 0.00307448
-0.0904731 0.488516 0.901901 -0.00068054 -0.00525676 0.00268295
-0.112457 0.385076 1.00516 0.00253955 -0.00491619 0.00318629
-0.111856 0.611718 0.861872 0.00376173 -0.00463341 0.003511
-0.12358 0.545061 0.85619 0.00455034 -0.00480844 0.00342025
-0.134986 0.488659 0.916929 0.00589229 -0.00310469 0.00361617
-0.144751 0.61562 0.849399 0.00699788 -0.00371064 0.00387144
-0.131928 0.520192 0.830201 0.00679674 -0.0038871 0.00366863
-0.118829 0.386537 0.844646 0.00748221 -0.00299071 0.00386496
-0.145154 0.761412 0.803909 0.00800963 -0.00331469 0.00407663
-0.131955 0.747465 0.790697 0.00776074 -0.00370599 0.00379262
-0.140421 0.547342 0.827584 0.00818314 -0.0031123 0.00330862
-0.156642 0.637219 0.700645 0.00652088 -0.00328722 0.00298227
-0.136388 0.555549 0.752959 0.00534398 -0.00368521 0.00325708
-0.135125 0.393877 0.908124 0.00467263 -0.00388131 0.00320652
-0.127523 0.550411 0.783944 0.00559217 -0.00375613 0.00347119
-0.128635 0.427289 0.890575 0.00453193 -0.00423246 0.00287743
-0.156379 0.550641 0.768334 0.00614787 -0.00349464 0.00324487
-0.144616 0.556976 0.689346 0.0052926 -0.00336106 0.00269384
-0.164528 0.458265 0.892633 0.00587859 -0.00327282 0.00299467
-0.155081 0.683991 0.723617 0.00585998 -0.00299486 0.00286759
-0.169891 0.603408 0.719787 0.0062426 -0.00301235 0.00275057
-0.19138 0.48441 0.821172 0.00669098 -0.00329247 0.00296826
-0.193809 0.675891 0.760041 0.00724649 -0.00402086 0.00317985
-0.192842 0.543396 0.791099 0.00685623 -0.00358285 0.00316369
-0.191278 0.543237 0.79619 0.00710699 -0.00358285 0.00335982
-0.191614 0.566747 0.706269 0.00770425 -0.00358285 0.00304879
-0.177851 0.296489 0.71002 0.00699859 -0.00358285 0.00303049
-0.172286 0.65293 0.884042 0.00385009 -0.00409867 0.00364791
-0.200283 0.577606 1.23685 -0.00412509 -0.00689927 0.00358793
-0.214724 0.565852 1.20656 -0.0021668 -0.0073904 0.00377638
-0.187977 0.930904 1.00892 0.00102892 -0.0071194 0.00440675
-0.19728 0.646276 1.07356 0.0017915 -0.00610335 0.00377638
-0.204796 0.580792 1.01418 0.00391521 -0.00577211 0.00347511
-0.202479 0.699246 0.915371 0.00285847 -0.00605971 0.0035818
-0.19228 0.598319 0.952279 0.00169499 -0.00628056 0.0032276
-0.197607 0.480023 0.997603 0.00190344 -0.00643812 0.00310849
-0.182638 0.605382 0.882914 0.00252007 -0.00604321 0.0032203
-0.204054 0.447612 1.06562 0.0014435 -0.00516223 0.00279201
-0.193634 0.564563 0.919911 0.00167884 -0.00601315 0.00295713
-0.191588 0.566488 0.973304 0.00118701 -0.00601581 0.00282416
-0.187341 0.539868 0.964039 0.00219993 -0.0057711 0.00295099
-0.181686 0.76891 0.808945 0.00413317 -0.00534232 0.00343392
-0.197695 0.501443 1.00118 0.00161288 -0.0046886 0.00314623
-0.1846 0.705325 0.784091 0.00473284 -0.00485894 0.00348217
-0.195388 0.605163 0.787784 0.00498199 -0.00396264 0.00307485
-0.20217 0.500635 0.877406 0.00535278 -0.00400244 0.00305943
-0.211798 0.698042 0.976356 0.00421974 -0.00510057 0.00368673
-0.212423 0.440905 1.12311 0.00199247 -0.00408799 0.00302678
-0.200654 0.753211 0.887569 0.00514567 -0.00522315 0.00357532
-0.193617 0.590363 0.893407 0.00457933 -0.00426686 0.00340435
-0.19862 0.547152 0.943167 0.00441754 -0.00466679 0.00319772
-0.19928 0.869219 0.822534 0.00495015 -0.00442622 0.00333586
-0.187511 0.552401 0.939836 0.00459127 -0.00427079 0.0033155
-0.181985 0.610019 0.860089 0.0042674 -0.00320618 0.00283559
-0.166586 0.666476 0.740077 0.00418605 -0.0039516 0.00286983
-0.186322 0.47217 1.00455 0.00222249 -0.00394691 0.00277145
-0.18496 0.611246 0.912288 0.00331478 -0.00416168 0.00313151
-0.184584 0.54543 0.931014 0.00289434 -0.00492717 0.00269256
-0.196615 0.499573 0.971717 0.0031757 -0.00461288 0.00284461
-0.184663 0.647988 0.870586 0.00314771 -0.00520094 0.00290528
-0.19081 0.512196 1.0212 0.00182876 -0.00498336 0.00274589
-0.188539 0.704993 1.03882 0.00022451 -0.00537213 0.00389275
-0.206941 0.56278 1.08257 0.00151733 -0.00347751 0.00272356
-0.189532 0.518607 1.1036 0.00385018 -0.0044315 0.00315869
-0.200365 0.90354 0.878293 0.00588973 -0.00386769 0.0030274
-0.193465 0.733987 0.850928 0.0042234 -0.00500881 0.00317381
-0.186019 0.534802 0.973054 0.00272091 -0.00508666 0.00288156
-0.189381 0.621335 0.860607 0.00403637 -0.00446736 0.0031977
-0.177169 0.571394 0.853082 0.00341375 -0.00550436 0.00305579
-0.198806 0.423238 1.0091 0.00395849 -0.00385837 0.00284631
-0.204489 0.690297 0.802217 0.00640861 -0.00365162 0.00332015
-0.200726 0.520113 0.822567 0.00484661 -0.00460807 0.00285963
-0.199877 0.463103 0.984894 0.0044032 -0.00536755 0.00281609
-0.207139 0.775828 0.828653 0.00592449 -0.00489787 0.00299765
-0.202401 0.611843 0.966881 0.0049517 -0.00482254 0.00315663
-0.220457 0.756396 0.903972 0.00615508 -0.00443859 0.00317833
-0.224143 0.760221 0.915555 0.00590193 -0.00529514 0.00307685
-0.212419 0.550915 1.02102 0.00441213 -0.00506339 0.00301895
-0.219387 0.80268 0.898454 0.00515469 -0.00524775 0.00314823
-0.207992 0.615704 0.889612 0.00495295 -0.00444866 0.00287493
-0.209157 0.536162 0.894334 0.00536925 -0.00438866 0.0030568
-0.223901 0.645296 0.83115 0.0055302 -0.00461733 0.00290406
-0.208981 0.449951 0.983537 0.00483987 -0.00455107 0.00286761
-0.223718 0.75712 0.779555 0.0073826 -0.00427553 0.00296964
-0.215749 0.478428 0.888949 0.00659472 -0.00487118 0.00289121
-0.211963 0.622161 0.796353 0.00600346 -0.0043108 0.00266945
-0.21981 0.723423 0.779504 0.00586664 -0.00470053 0.00282339
-0.211718 0.533742 0.921024 0.00536283 -0.00435863 0.00302535
-0.22224 0.747786 0.766831 0.00620982 -0.004947 0.00304476
-0.215742 0.518619 0.858056 0.0059232 -0.00404512 0.00278247
-0.220149 0.576373 0.770158 0.00662096 -0.00459496 0.00288104
-0.217025 0.5545 0.768694 0.00616705 -0.00429511 0.00276616
-0.216667 0.440494 0.902306 0.00600731 -0.0043845 0.00291438
-0.207985 0.675367 0.757851 0.00665344 -0.00429512 0.00300101
-0.207785 0.516238 0.869178 0.00616546 -0.00404512 0.00300723
-0.207886 0.650833 0.827285 0.0066424 -0.00385855 0.00299983
-0.196491 0.82062 0.779336 0.00729194 -0.00372445 0.00278626
-0.204954 0.633051 0.909791 0.00694839 -0.00302166 0.00280702
-0.205902 0.746049 0.763624 0.00788694 -0.00371164 0.00283207
-0.207596 0.605962 0.76537 0.00791084 -0.00371164 0.00278727
-0.208281 0.47738 0.815573 0.00663187 -0.00330998 0.00292009
-0.206341 0.689537 0.714599 0.0079511 -0.00349065 0.00264085
-0.206872 0.503085 0.81634 0.00728104 -0.00331737 0.00262049
-0.204851 0.560202 0.803899 0.00724124 -0.0030196 0.00267095
-0.202252 0.623418 0.73428 0.0087759 -0.00289439 0.00268534
-0.205253 0.275556 0.894096 0.00794804 -0.00315604 0.00251006
-0.194033 0.368624 1.13695 0.00749493 -0.00377642 0.00281191
-0.209653 1.06047 1.01345 0.00603976 -0.0033194 0.00263172
-0.206883 1.22201 0.948665 0.00653829 -0.00381132 0.00251006
-0.218213 1.03781 0.931211 0.00661245 -0.00420478 0.00251006
-0.2307 0.705952 0.900453 0.00739661 -0.00367138 0.00251006
-0.217955 0.565566 0.710878 0.00823024 -0.00315465 0.0017347
-0.209523 0.330847 0.676261 0.00743662 -0.00350748 0.00206357
-0.199449 0.26896 0.697788 0.00644614 -0.00301693 0.00209427
-0.204806 0.265838 0.692584 0.00643086 -0.00340911 0.00223779
-0.209073 0.33132 0.778179 0.00671048 -0.00313192 0.00218939
-0.215493 0.567175 0.743583 0.0075025 -0.00304873 0.00239184
-0.210034 0.700181 0.724105 0.00772734 -0.00278924 0.00214733
-0.219963 0.733641 0.790542 0.00739905 -0.00267547 0.00231009
-0.219887 0.898194 0.723154 0.00811287 -0.00312873 0.00218701
-0.219898 0.808417 0.743835 0.0075296 -0.00281341 0.00212462
-0.221963 0.597883 0.770961 0.00918324 -0.00357112 0.00256286
-0.220409 0.669703 0.721486 0.0082239 -0.00312873 0.00229502
-0.222724 0.456472 0.767514 0.00832532 -0.0037714 0.00235534
-0.219303 0.419109 0.805952 0.00767227 -0.00335993 0.00245873
-0.205419 0.55104 0.724052 0.00816168 -0.00325527 0.0024004
-0.203891 0.36367 0.856448 0.00774863 -0.00305955 0.00246717
-0.211887 0.750165 0.712441 0.00869642 -0.00316307 0.00265533
-0.209227 0.638877 0.725557 0.00862534 -0.00315511 0.00257106
-0.211632 0.582377 0.726739 0.00878357 -0.0027002 0.00251053
-0.224766 0.730628 0.605679 0.0101581 -0.00267168 0.00230137
-0.206966 0.6589 0.609192 0.0093903 -0.00264091 0.00224968
-0.212136 0.493025 0.731478 0.00875488 -0.00320526 0.00251927
-0.213248 0.64167 0.721755 0.00749092 -0.0031694 0.00289396
-0.229253 0.514123 0.873695 0.00830786 -0.00357769 0.00295793
-0.238267 0.612838 0.842934 0.00834514 -0.00359428 0.00284931
-0.225688 0.744502 0.952 0.0078524 -0.00368747 0.00274243
-0.219531 0.69106 0.828308 0.00971118 -0.00362518 0.00264787
-0.224123 0.597447 0.965901 0.00827048 -0.0033945 0.00295041
-0.221258 0.835961 0.805996 0.00915166 -0.00360311 0.00293344
-0.224103 0.724074 0.844699 0.00936324 -0.00449585 0.00264192
-0.222195 0.702035 0.843499 0.00927508 -0.00408683 0.0027791
-0.216544 0.839012 0.764223 0.00873022 -0.00340668 0.00261019
-0.222368 0.543186 0.904735 0.00807245 -0.00348048 0.00283436
-0.223263 0.711609 0.731587 0.00872432 -0.00348048 0.00275082
-0.213036 0.60693 0.764416 0.00817038 -0.00362429 0.00251034
-0.215875 0.488887 0.758361 0.0085781 -0.00354384 0.00235415
-0.211817 0.641742 0.714273 0.00820578 -0.00359375 0.00231192
-0.208776 0.451273 0.818781 0.00739444 -0.00348048 0.00225596
-0.193278 0.627651 0.647329 0.00785016 -0.00293356 0.002101
-0.202814 0.516636 0.740352 0.00837426 -0.00301687 0.00241126
-0.205056 0.683586 0.62434 0.00892996 -0.00268281 0.00226704
-0.218067 0.562697 0.748193 0.00899805 -0.00326415 0.00242463
-0.221946 0.598367 0.664854 0.00932813 -0.0028965 0.00219425
-0.225381 0.591922 0.575919 0.00936615 -0.00307226 0.00189525
-0.220356 0.503513 0.695357 0.00809925 -0.00337246 0.00226221
-0.219123 0.503279 0.700906 0.00776292 -0.0038362 0.00251825
-0.213977 0.629308 0.613343 0.00805766 -0.0036314 0.00218318
-0.217535 0.464246 0.713574 0.00811086 -0.0033417 0.00237277
-0.220168 0.609604 0.683718 0.00839339 -0.00304678 0.00246749
-0.21318 0.637151 0.645436 0.00863822 -0.00300624 0.00235798
-0.217346 0.504253 0.741324 0.00845325 -0.00297931 0.00238418
-0.212886 0.329316 0.870875 0.00962177 -0.00277749 0.00241453
-0.208551 0.492201 1.03293 0.0112779 -0.00096227 0.00253942
-0.208639 0.940458 0.975031 0.0110851 -0.00050157 0.00270289
-0.217313 1.38954 0.725227 0.0108819 -0.00154731 0.00276456
-0.227224 1.22977 0.624501 0.0106017 -0.0017863 0.0027331
-0.229915 0.655313 0.668164 0.00936179 -0.00260507 0.00248541
-0.222404 0.466902 0.595123 0.0100861 -0.00298446 0.00241771
-0.234104 0.349972 0.573412 0.00899919 -0.00270165 0.00201179
-0.224815 0.155413 0.64785 0.00880876 -0.00240894 0.00200084
-0.224193 0.33263 0.569903 0.00910629 -0.00195327 0.00216381
-0.235295 0.337612 0.614987 0.00933876 -0.0020845 0.0021518
-0.235964 0.567138 0.56241 0.00937755 -0.00187595 0.00208155
-0.236254 0.69683 0.596275 0.00941091 -0.00156792 0.002244
-0.239422 0.772961 0.573878 0.011131 -0.00205189 0.00201497
-0.248953 0.759975 0.57517 0.0113017 -0.00240627 0.00201497
-0.251048 0.758275 0.586797 0.0106147 -0.0023217 0.00201497
-0.240632 0.622669 0.603246 0.0105441 -0.00176077 0.00201497
-0.245987 0.605753 0.569291 0.0103892 -0.00202509 0.00214885
-0.248876 0.406146 0.493588 0.0110803 -0.00189971 0.00218814
-0.233627 0.207326 0.414019 0.0128175 -0.00167773 0.00201497
-0.231213 0.372672 0.244626 0.0126923 -0.0006185 0.00167673
-0.240008 0.345316 0.246739 0.0113231 -0.00121761 0.00161849
-0.23944 0.209972 0.41411 0.0104377 -0.00027121 0.00143805
-0.241504 0.517733 0.38183 0.0109569 -0.00018634 0.00120254
-0.24142 0.476891 0.385338 0.0107617 -0.00025407 0.00106678
-0.238302 0.364048 0.475023 0.0106144 -0.0001499 0.00146129
-0.246726 0.635468 0.388175 0.0110809 -0.00052883 0.00142337
-0.236744 0.442066 0.348008 0.00985751 -0.00022993 0.00131904
-0.220889 0.293791 0.378318 0.00921367 0.00015371 0.00109112
-0.227734 0.461026 0.260946 0.0100024 0.00026413 0.00086028
-0.227265 0.231403 0.348572 0.00968732 5.7e-07 0.00086274
-0.21991 0.364021 0.312161 0.00873396 -0.00033708 0.00088393
-0.224291 0.307248 0.376048 0.00897612 -9.953e-05 0.00083458
-0.234115 0.334067 0.361673 0.00977831 -0.00021734 0.00084412
-0.238919 0.50395 0.323104 0.00995178 -0.00044269 0.0008162
-0.242285 0.32585 0.432116 0.0101111 -0.00050005 0.00094642
-0.239936 0.502007 0.369486 0.0105639 -0.00049858 0.00089769
-0.243107 0.479141 0.392088 0.00978269 -0.00052091 0.00095088
-0.230442 0.336081 0.411822 0.00971306 -0.00062836 0.00117326
-0.232933 0.503873 0.316356 0.00954941 -0.00063734 0.00095337
-0.241501 0.32506 0.421718 0.00952572 -0.00080552 0.0010799
-0.237273 0.441946 0.321083 0.0100331 -0.00055186 0.00097261
-0.244582 0.340037 0.395617 0.00970755 -0.00063511 0.00109514
-0.233736 0.34135 0.364262 0.00999988 -0.00051358 0.00111462
-0.228774 0.411746 0.352707 0.00885529 -0.00059219 0.00096881
-0.236846 0.290562 0.503365 0.0088379 -0.00035761 0.00092941
-0.225303 0.577041 0.487267 0.00864863 -0.00011943 0.00076484
-0.228026 0.502247 0.610877 0.00791767 3.253e-05 0.0007696
-0.235546 0.605619 0.584754 0.0079615 0.00031612 0.00078462
-0.242442 0.605045 0.616662 0.00798796 1.625e-05 0.00059529
-0.23102 0.488473 0.636511 0.00882948 0.000155 0.00126001
-0.229917 0.652562 0.628835 0.00909936 -0.00084214 0.00133051
-0.244433 0.458766 0.843117 0.00885525 -0.00033056 0.00131375
-0.248358 0.731135 0.79099 0.00876531 -0.00060058 0.00150703
-0.249507 0.793928 0.681213 0.00923577 -0.00071651 0.00124127
-0.245418 0.552294 0.77478 0.00959933 -0.00051322 0.00162971
-0.238801 0.747466 0.647694 0.0101095 -1.453e-05 0.00169051
-0.24477 0.567866 0.629104 0.0105879 -8.083e-05 0.00133493
-0.240119 0.412872 0.651703 0.0107552 0.00027648 0.00154902
-0.235639 0.63095 0.478805 0.00969515 0.00074508 0.00155033
-0.220653 0.42771 0.491979 0.00919049 0.00035141 0.00116603
-0.217675 0.459531 0.453003 0.00994843 0.00087287 0.00075707
-0.225349 0.563422 0.433598 0.0102395 0.00028674 0.00059349
-0.220075 0.419263 0.574232 0.00950314 0.00012983 0.00071608
-0.220913 0.582702 0.521864 0.00953921 -6.548e-05 0.00091705
-0.230548 0.449735 0.761826 0.00803626 -5.937e-05 0.00094885
-0.244577 0.685432 0.684988 0.00855026 -0.00057499 0.00058686
-0.256617 0.588671 0.774614 0.00864289 -0.00077646 0.00056975
-0.255695 0.635437 0.740687 0.00900576 -0.00065776 0.00082898
-0.260633 0.625268 0.699813 0.00922606 -0.00047849 0.00058509
-0.26791 0.550194 0.766232 0.00958086 -0.00053913 0.00087384
-0.266404 0.654924 0.696142 0.00935795 -0.00062179 0.00060565
-0.26033 0.469221 0.791887 0.00876207 -0.00037027 0.00093963
-0.263313 0.484707 0.920721 0.00793121 0.00037194 0.00130576
-0.25703 0.90021 0.793257 0.00825386 0.00052233 0.00067149
-0.264131 0.703055 0.844401 0.00795253 0.0004691 0.00070404
-0.268664 0.656734 0.841308 0.00827784 2.787e-05 0.00099541
-0.289395 0.767866 0.983801 0.00773704 -0.00054333 0.00105169
-0.28341 0.650291 1.06303 0.00901857 -0.00152314 0.00141188
-0.294521 0.839949 0.924888 0.00871037 -0.00081133 0.00119299
-0.295358 0.59795 1.03097 0.00900115 -0.00116121 0.00134324
-0.292552 0.784915 0.898437 0.00903095 -0.00094659 0.00120505
-0.302532 0.724447 0.913549 0.00833809 -0.00134323 0.00109172
-0.293901 0.630295 0.924693 0.00797441 -0.00122767 0.00105033
-0.293426 0.698621 0.730219 0.00887163 -0.0013829 0.0004051
-0.289107 0.659146 0.784782 0.0087258 -0.0019053 0.00035325
-0.28032 0.54942 0.882151 0.00800374 -0.00103419 0.00062736
-0.273719 0.734716 0.787676 0.00837066 -0.00102762 0.00042112
-0.287452 0.542584 0.990106 0.00725296 -0.00078772 0.00083857
-0.276323 0.747501 0.867215 0.00733595 -0.00156716 0.00090446
-0.27247 0.719275 0.885653 0.00692703 -0.00118134 0.00053112
-0.266319 0.622929 0.8859 0.00712791 -0.00135608 0.00094355
-0.276789 0.765335 0.837561 0.00708468 -0.00160786 0.0004297
-0.273137 0.573273 0.949057 0.0073044 -0.00155287 0.00081965
-0.263893 0.746209 0.848842 0.00743859 -0.00133766 0.00091392
-0.259567 0.678548 0.860943 0.0078527 -0.00093634 0.00093728
-0.269672 0.588781 0.893252 0.0083372 -0.00129164 0.00105491
-0.273385 0.780469 0.883981 0.0076233 -0.00155713 0.00076121
-0.282717 0.572738 0.964338 0.0071492 -0.00132962 0.00091976
-0.278475 0.749898 0.863993 0.00753697 -0.00157606 0.00075001
-0.28468 0.734775 0.891399 0.00764744 -0.00110868 0.00050818
-0.278774 0.595042 1.02189 0.00756441 -0.00071044 0.00071866
-0.286531 0.87688 0.869797 0.00773358 -0.00122225 0.00058791
-0.290915 0.67981 0.968344 0.00713286 -0.00089433 0.00056812
-0.279122 0.673894 0.904232 0.00801973 -0.00080207 0.00049419
-0.263535 0.719578 0.895391 0.00692956 -0.0003683 0.00040053
-0.259658 0.483052 1.00024 0.00635385 0.00021428 0.00011105
-0.264514 0.818219 0.850007 0.00726593 -5.114e-05 8.539e-05
-0.271544 0.542056 0.949798 0.00639668 0.0004877 7.861e-05
-0.270298 0.721599 0.846856 0.00754052 -0.00038305 8.168e-05
-0.283449 0.620663 0.90331 0.00773824 -0.00078345 0.00017126
-0.298869 0.685363 0.85945 0.00821185 -0.0006923 -5.777e-05
-0.288954 0.76406 0.890703 0.00774798 -0.00070814 5.794e-05
-0.286008 0.63629 0.984599 0.00785135 -0.00030119 0.00015244
-0.287626 0.759368 0.891448 0.0074943 -0.00039615 0.00013618
-0.292582 0.615245 0.978817 0.00801022 -0.00024244 0.00028115
-0.290023 0.749161 0.869914 0.00805689 -0.00046904 0.00034762
-0.294111 0.634522 0.969605 0.00844809 -0.00026973 0.00031819
-0.293201 0.574126 0.805581 0.00941809 -0.00106228 0.00087055
-0.315369 0.518004 0.456645 0.0101979 -0.002196 0.0011496
-0.325845 0.311054 0.626874 0.0102576 -0.00260221 0.00108609
-0.335771 0.562822 0.528782 0.01097 -0.00238304 0.00119661
-0.329066 0.549561 0.56436 0.0108748 -0.00220529 0.00108177
-0.302752 0.404718 0.855826 0.010164 -0.0013083 0.00084778
-0.297613 0.842857 0.852914 0.00921852 -0.00073731 0.00082456
-0.286449 0.770864 0.827428 0.00861591 -0.00071989 0.00047174
-0.271489 0.555706 0.829753 0.00969396 -0.00101919 0.0008923
-0.283561 0.745605 0.724587 0.00914394 -0.00111221 0.00045403
-0.28008 0.508093 0.785883 0.00911287 -0.00114951 0.00088517
-0.28533 0.642704 0.691544 0.0091247 -0.0010622 0.00040612
-0.282544 0.461323 0.77045 0.008853 -0.00072651 0.00073895
-0.284275 0.603207 0.651966 0.00896432 -0.00055696 0.00041212
-0.286433 0.480249 0.75924 0.00891468 -0.00061906 0.00051559
-0.27256 0.593044 0.668989 0.0090112 -0.00034599 0.00074549
-0.278958 0.593321 0.68405 0.00941937 0.00014786 0.00047293
-0.285176 0.558543 0.754662 0.00973295 0.00015004 0.00066691
-0.288853 0.708326 0.721714 0.0102512 -1.121e-05 0.00075743
-0.301322 0.563194 0.936251 0.0113696 -0.00065312 0.00108456
-0.305477 0.716939 0.895892 0.010666 -0.0017658 0.00090555
-0.295804 0.789961 0.871045 0.00984307 -0.00074772 0.00068203
-0.28694 0.572376 0.826738 0.00992273 -0.00063223 0.00079607
-0.276302 0.798713 0.65932 0.00931587 -0.00028254 0.00039307
-0.282051 0.515283 0.817485 0.0091392 -0.00037087 0.00054515
-0.282146 0.684545 0.705827 0.00910891 -0.00063216 0.00036087
-0.289358 0.625915 0.591634 0.00888912 -0.00011786 -0.00031788
-0.279189 0.332259 0.748473 0.00749608 -0.00019693 -0.00012289
-0.274883 0.535885 0.64151 0.00845528 -0.00050069 5.11e-06
-0.288009 0.436342 0.796637 0.00796606 -0.00036379 2.827e-05
-0.289341 0.559365 0.719664 0.00851488 -0.00057441 -4.199e-05
-0.28481 0.637927 0.701549 0.00841281 -0.00039639 -0.00015826
-0.292303 0.511976 0.801433 0.00809358 1.38e-06 -5.386e-05
-0.292022 0.737417 0.677935 0.00843521 -0.00028694 -0.00031788
-0.289445 0.525443 0.804808 0.0086943 -0.00021737 0.00011413
-0.286519 0.664111 0.667982 0.00899068 -0.00028376 0.00013115
-0.289376 0.535432 0.707707 0.00939807 -3.624e-05 0.00013231
-0.279453 0.388849 0.880713 0.0093418 0.0003339 0.00048972
-0.279221 0.738459 0.71027 0.00952989 9.282e-05 0.00022966
-0.281508 0.618218 0.727708 0.00925494 0.00038384 -0.00012509
-0.276211 0.55251 0.745174 0.00900773 0.00064681 -6.545e-05
-0.282744 0.680816 0.69639 0.00907266 0.00039259 -0.00031375
-0.28788 0.501858 0.812357 0.00894933 0.00047966 -0.00029716
-0.291919 0.665306 0.742772 0.00905484 0.0002422 -0.00022189
-0.288207 0.566746 0.761194 0.00852243 0.0009324 -0.00013005
-0.291451 0.491107 0.814569 0.00886248 0.00056255 -0.00013005
-0.29644 0.695185 0.727578 0.00881701 6.658e-05 -0.000245
-0.295485 0.476925 0.855061 0.00846452 0.00035597 -0.00018084
-0.299766 0.686625 0.756535 0.00895628 0.00024004 -0.00016853
-0.308991 0.58665 0.849751 0.00873877 0.00018336 -6.52e-05
-0.304253 0.662643 0.807474 0.00904566 -0.00018532 0.00029851
-0.301678 0.651381 0.818803 0.00898246 0.00023446 -1.143e-05
-0.299393 0.455897 0.988709 0.00911936 0.00062809 0.00017747
-0.305049 0.882269 1.0946 0.00796645 -0.00032737 0.00011366
-0.305655 1.00522 1.34309 0.0039995 -0.00105211 0.00018411
-0.31216 0.824261 1.42742 0.00570885 -0.00083983 0.00040321
-0.319032 0.978227 1.22693 0.00709613 -0.00187553 0.00017204
-0.321168 0.768446 1.32941 0.00781871 -0.00088446 0.00029981
-0.324297 0.846707 1.17443 0.00751778 -0.00124823 0.00042197
-0.300918 0.59181 1.43995 0.00651741 -0.00021086 0.00045089
-0.29454 0.870359 1.1674 0.00795846 -0.00037867 0.00038941
-0.279194 0.78312 0.9777 0.00728076 -0.00014643 -0.00049887
-0.270051 0.723814 1.21277 0.00742975 0.00033614 -0.00041477
-0.26838 0.799468 1.10366 0.00728578 -9.76e-05 -0.0006007
-0.271181 0.833516 1.05573 0.00674987 0.00028751 -0.00067676
-0.277737 0.693777 1.17086 0.00794729 0.0005768 -0.00092613
-0.284844 0.874935 1.05591 0.00690381 -5.33e-05 -0.00103221
-0.293937 0.725475 1.24877 0.00767445 0.0009329 -0.00119833
-0.290242 0.857064 1.11831 0.00758784 0.00015294 -0.00097253
-0.288626 0.842609 1.1267 0.00647947 0.00055172 -0.00111104
-0.284453 0.723002 1.23603 0.00729558 0.0005212 -0.00098501
-0.272562 0.902696 1.05159 0.00585818 0.00048182 -0.00114918
-0.276736 0.653087 1.27283 0.00782483 0.00130059 -0.00123259
-0.273231 0.656824 1.35594 0.00674618 0.00078808 -0.00073364
-0.285097 1.11974 1.06088 0.00633101 -0.00030272 -0.0006738
-0.284227 0.910423 1.11426 0.0051236 -0.00017845 -0.00108026
-0.287974 0.748836 1.22001 0.00704414 -0.00026611 -0.00083026
-0.283538 0.844677 1.10045 0.00571537 -0.00065666 -0.00071697
-0.285791 0.584276 1.29286 0.00671105 -0.00024193 -0.00054882
-0.278585 0.827793 1.06474 0.00750231 -0.00051031 -0.00065294
-0.278867 0.724281 1.10551 0.00729901 -0.00014361 -0.00065282
-0.276296 0.619312 1.16813 0.00760935 3.9e-06 -0.00018392
-0.279224 0.866558 1.02896 0.00759777 -0.00033248 -0.00044957
-0.277692 0.652037 1.08933 0.00868624 -0.00035445 -0.00062968
-0.279455 0.744065 0.905884 0.00973529 -9.104e-05 -0.00122371
-0.274506 0.774448 0.959556 0.00833583 -0.00028567 -0.00114883
-0.281665 0.652753 1.05748 0.00896986 -0.00021607 -0.00096415
-0.264748 0.821761 0.958906 0.00828017 -0.00034589 -0.00078061
-0.274509 0.637679 1.1264 0.00888747 -0.00032296 -0.00078061
-0.27512 0.776144 1.0038 0.00871595 -0.00010735 -0.00083356
-0.27912 0.692599 1.07159 0.00849076 -0.00028621 -0.00105097
-0.263871 0.686291 1.02453 0.00805402 -0.00011562 -0.00078061
-0.276124 0.759567 1.01271 0.00764652 -0.00013737 -0.00109643
-0.260745 0.668236 1.0738 0.00782817 -9.077e-05 -0.00098731
-0.274861 0.810355 1.00707 0.00675725 -0.00021668 -0.00121506
-0.266226 0.688827 1.09962 0.00766782 0.00026578 -0.00099844
-0.262822 0.845975 0.976047 0.00701983 0.0001874 -0.00096506
-0.257829 0.630558 1.11448 0.0061019 0.00073389 -0.0012442
-0.256677 0.818179 0.969576 0.00635246 0.00049144 -0.00103145
-0.264875 0.516677 0.840706 0.00686717 -9e-06 -0.00103245
-0.265594 0.60512 0.971411 0.00617174 -7.1e-06 -0.00135306
-0.266175 0.713955 0.918362 0.00750914 0.00026367 -0.00135306
-0.262695 0.624326 0.96167 0.00684194 -5.365e-05 -0.00135306
-0.258197 0.770217 0.876433 0.00688097 9.262e-05 -0.0016141
-0.270233 0.578235 1.00786 0.00686912 -4.75e-05 -0.00146627
-0.270442 0.81042 0.886684 0.00748098 6.034e-05 -0.00143889
