0.00865868 0.0545282 0.125475 -0.00093438 -0.00040748 -0.00019142
0.0145232 0.0724318 0.157509 -0.00093438 -0.00055433 -0.00015155
0.00376281 0.0591128 0.179199 -0.00108748 -0.00055433 0
0.00227895 0.0501714 0.145452 -0.00105831 -0.00018092 0
0.00468699 0.0738911 0.186645 -0.0011893 -0.00043809 8.02e-06
0.00295472 0.0491386 0.16705 -0.00107939 -0.00037825 -2.217e-05
-0.00245944 0.0448328 0.130898 -0.00093438 -0.00073524 4.13e-05
-0.00078252 0.0878694 0.178776 -0.00120935 -0.00040378 7.999e-05
0.00390003 0.076451 0.178839 -0.00124697 -0.00037802 -4.568e-05
-0.0040341 0.049051 0.138628 -0.00082279 -4.911e-05 0.00019428
-0.00789457 0.0788276 0.145781 -0.00062795 0.00019803 0.00010014
-0.014148 0.0736906 0.167708 -0.00076679 5.336e-05 0.00033822
-0.0151762 0.0424094 0.148941 -0.00081945 -3.408e-05 0.0002648
-0.0129498 0.0696897 0.135382 -0.00078698 -6.995e-05 0.00034164
-0.0001324 0.0909602 0.177045 -0.00078425 -5.023e-05 4.952e-05
-0.00371078 0.0566496 0.167359 -0.00093438 -7.381e-05 9.386e-05
-0.00538775 0.0530667 0.127533 -0.00068438 -0.00019736 0.00010195
-0.00023415 0.0908046 0.137433 -0.00066556 -1.71e-05 1.697e-05
-0.00595346 0.0855186 0.177726 -0.00081674 2.515e-05 7e-05
-0.0047323 0.0395419 0.156387 -0.00093438 -0.00012497 6.26e-05
-0.00756309 0.0563655 0.119231 -0.00093438 -0.00021926 0.00010714
-0.00689476 0.100773 0.159404 -0.0008139 2.591e-05 8.182e-05
-0.00184435 0.061029 0.182821 -0.00103378 0.00014221 7.708e-05
-0.00383963 0.039645 0.105357 -0.00068438 -0.00017486 0.00034548
-0.00207146 0.0908454 0.116886 -0.0007851 -4.601e-05 0.00042171
0.00143477 0.0918818 0.177335 -0.00108114 -3.69e-06 0.00038655
0.00600903 0.111519 -0.0622644 0.00716753 -0.00055433 0.00114333
0.0144969 0.110354 -0.0416987 0.00652479 -0.00018806 0.00155133
0.0157771 0.105505 0.0622453 0.00505268 -0.00026809 0.00148391
0.00770912 0.0801429 0.0352985 0.00443008 -0.00022283 0.00113636
0.0108237 0.129738 0.0272139 0.00423908 -0.00024198 0.00131805
0.0181336 0.163141 -0.0566797 0.0052816 -0.00025677 0.00124795
0.0168825 0.0783187 0.0399769 0.00436557 -9.771e-05 0.00153657
0.0102186 0.0966748 0.103634 0.00396597 -0.00043432 0.00136197
0.00887163 0.106427 -0.0259413 0.00518671 -0.00064881 0.00105145
0.00496606 0.127984 0.0478081 0.00411926 -0.00039822 0.00128189
0.00314673 0.154494 0.100852 0.0039022 -0.00051977 0.0013281
-0.00753405 0.124835 0.0891879 0.00373895 -0.00066616 0.00130894
0.00517181 0.144944 -0.0360855 0.00584155 -0.00079078 0.00154557
0.0126854 0.114193 -0.0274483 0.00511751 -0.00080565 0.00170363
-0.00515234 0.166841 0.0725785 0.00411215 -0.00082176 0.0015209
0.00224624 0.145396 0.102323 0.00396259 -0.00093726 0.00151572
0.0130285 0.127989 -0.0298026 0.00637893 -0.00082848 0.0014936
0.0131188 0.0835944 0.0302819 0.00528921 -0.00072205 0.00159808
0.00713114 0.11347 0.0861455 0.00461611 -0.00082848 0.00156374
0.0234171 0.108672 0.139388 0.00434327 -0.00082848 0.00156705
0.024835 0.0959988 0.0940709 0.00450461 -0.00116371 0.0016981
0.032446 0.137447 -0.0593451 0.00647849 -0.0011145 0.0016655
0.0369517 0.156531 -0.0267623 0.00602669 -0.00091141 0.00162015
0.0353196 0.148978 0.0209923 0.00554594 -0.0006828 0.00139298
0.0153494 0.0680111 -0.0420298 0.00615667 -0.00076457 0.00141626
0.0258248 0.0641777 0.0158081 0.00499162 -0.0006274 0.0014589
0.0320134 0.0495171 -0.0018557 0.00484677 -0.00092423 0.00151137
0.0379792 0.0805656 -0.00106786 0.00492336 -0.00086051 0.0018002
0.0465141 0.120932 0.0441888 0.00482305 -0.00116544 0.00178027
0.0625092 0.0947343 -0.0670944 0.00561853 -0.00116245 0.00177752
0.0612995 0.107915 -0.0343786 0.00485813 -0.00110282 0.00202752
0.0527476 0.162999 0.0253778 0.0041253 -0.00106875 0.00202752
0.0456634 0.143526 0.0797416 0.0043689 -0.00116601 0.00177752
0.0627729 0.104603 -0.060074 0.00676446 -0.00108616 0.00202752
0.0430251 0.106977 7.744e-05 0.00549717 -0.00068488 0.00202752
0.036236 0.149783 0.0572287 0.00458429 -0.00082687 0.00169575
0.0231619 0.123068 0.0963934 0.00442159 -0.00137651 0.00154046
0.034461 0.119176 -0.00780622 0.00575156 -0.0016938 0.00159405
0.0426388 0.139289 0.00741553 0.0050719 -0.00087727 0.00183579
0.042008 0.179813 0.0786124 0.00437789 -0.00128032 0.00186183
0.0301035 0.13976 0.0233869 0.00630159 -0.00209049 0.00135226
0.0439598 0.154696 0.0418667 0.00557718 -0.00110454 0.00185055
0.033251 0.146821 0.106574 0.00431061 -0.00131715 0.0016001
0.0233222 0.126291 0.0919391 0.00362456 -0.00122873 0.00172754
0.0334758 0.154027 0.125698 0.00357175 -0.0011858 0.00187908
0.0498073 0.114752 0.0424059 0.00443293 -0.00108879 0.00202752
0.0455565 0.134205 0.105522 0.0036896 -0.00064717 0.00202752
0.0348471 0.161881 0.170514 0.00373505 -0.00084154 0.0016566
0.0402542 0.125733 0.0648975 0.00491993 -0.00117811 0.00175428
0.0345719 0.158463 0.0662027 0.00456755 -0.00069924 0.00190895
0.0328198 0.197705 0.121383 0.00452802 -0.00096316 0.00180265
0.0307775 0.168643 0.157142 0.00452104 -0.00092434 0.00162621
0.0325507 0.138608 0.129202 0.00461296 -0.00121559 0.00167071
0.0332847 0.133875 0.0617837 0.0045774 -0.00109154 0.00163462
0.0320162 0.128142 0.136627 0.00412716 -0.00109154 0.00166596
0.0315826 0.130629 0.159493 0.00415973 -0.00109154 0.00172181
0.0296249 0.152128 0.12939 0.00432787 -0.00123382 0.0015579
0.0343596 0.149532 0.0467877 0.0054426 -0.00109154 0.00164915
0.0360093 0.153421 0.115693 0.00419442 -0.00074629 0.00169701
0.0299702 0.184771 0.156512 0.00402466 -0.00083358 0.0018011
0.0322382 0.161398 0.178556 0.00402232 -0.00098509 0.00164883
0.0389556 0.160926 0.0402469 0.00534366 -0.00143078 0.00181269
0.0408446 0.130448 0.10508 0.00467403 -0.00067063 0.00183989
0.0352522 0.13924 0.161154 0.00452841 -0.00099315 0.00182936
0.0377014 0.130363 0.197403 0.00462725 -0.00124379 0.0017375
0.0379424 0.126482 0.0785252 0.00502858 -0.00124168 0.00160978
0.0348179 0.16868 0.147855 0.00423987 -0.00113119 0.00186474
0.0337972 0.194742 0.158579 0.00424374 -0.00063723 0.00182985
0.0342123 0.186352 0.170866 0.00431887 -0.00071473 0.00177578
0.0291115 0.163867 0.157999 0.00460617 -0.00134212 0.00159574
0.0253397 0.130296 0.0944967 0.00536873 -0.00112439 0.00120494
0.0226254 0.170425 0.12251 0.00464976 -0.0007669 0.00157176
0.0168644 0.199927 0.17898 0.00445866 -0.00055226 0.00124498
0.0227608 0.11008 0.136248 0.00469162 -0.00098528 0.00112136
0.026947 0.139683 0.174836 0.00415449 -0.00057614 0.0013068
0.0212987 0.139464 0.215828 0.00433332 -0.00112439 0.00121383
0.0171379 0.170332 0.201273 0.00444904 -0.00087439 0.00142134
0.00546136 0.176996 0.148954 0.00426924 -0.00062692 0.00146395
0.0134009 0.159941 0.183452 0.00391625 -0.00065858 0.00139416
0.00485801 0.192064 0.226046 0.00364659 -0.00066894 0.00114391
0.0145815 0.172083 0.277091 0.00363245 -0.00090025 0.00106689
0.00758553 0.182517 0.248337 0.00363021 -0.00111654 0.00100286
0.0120913 0.169018 0.187749 0.00445578 -0.00108578 0.00095858
0.00252726 0.161148 0.183522 0.00384205 -0.00074333 0.00108985
-0.00768528 0.193469 0.263183 0.00360308 -0.0007936 0.00082533
-0.00112048 0.16462 0.284332 0.00330598 -0.00082556 0.00082968
0.00035505 0.149137 0.265052 0.00351671 -0.00098151 0.00091641
-0.00194578 0.155847 0.183863 0.0036871 -0.00091203 0.00079341
-0.00767088 0.174818 0.227936 0.00336233 -0.00078978 0.00080558
-0.00939759 0.193622 0.271229 0.00355063 -0.00080046 0.0007795
-0.00131049 0.140377 0.186943 0.00388693 -0.00070956 0.00076515
-0.0040033 0.160207 0.283605 0.00353587 -0.00078333 0.00089265
0.0140004 0.176456 0.277475 0.00378213 -0.00104247 0.00077736
0.00806107 0.130449 0.170211 0.00400689 -0.00078333 0.00078688
0.00521072 0.211452 0.270869 0.00301015 -0.00078333 0.00086279
0.00749228 0.214535 0.303532 0.00298365 -0.00091306 0.00086953
0.00316854 0.136273 0.199897 0.0030768 -0.00065554 0.00085032
-0.00061953 0.166971 0.267422 0.00273359 -0.00033101 0.00062152
-0.00344586 0.166562 0.303281 0.00272608 -0.00052041 0.00053783
0.00728813 0.132771 0.328027 0.00270797 -0.00067801 0.00031254
0.00925082 0.137065 0.19471 0.00244496 -0.00043562 0.00072388
-0.00140321 0.14351 0.278373 0.00185389 -0.0006551 0.00056629
-0.00501498 0.179448 0.342949 0.00167931 -0.00061998 0.00038346
0.00962595 0.15302 0.269692 0.00261103 -0.00038467 0.00034059
-0.0030333 0.150799 0.29265 0.00176009 -0.00052413 0.00043637
-0.00389921 0.20763 0.408448 0.00071535 -0.00077413 0.00062436
0.0050664 0.172513 0.34987 0.0018587 -0.00064959 0.00080678
0.00159148 0.184171 0.421123 -7.418e-05 -0.00032383 0.00078131
-0.00431657 0.214 0.437935 -0.00018159 -0.00077413 0.00063621
-0.00624904 0.193518 0.446594 -0.00020392 -0.00052413 0.00059728
-0.00048633 0.188706 0.290228 0.00168371 -0.00052413 0.00019838
0.00319689 0.121577 0.414706 0.000773 -0.00043042 0.00041471
0.0105315 0.143636 0.540691 0.00040357 -0.00058577 0.00047444
0.0101902 0.203147 0.521681 0.00013747 -0.00077413 0.0007007
0.00951081 0.261765 0.56573 0.00011671 -0.00066637 0.00063221
0.00880509 0.253586 0.344961 0.00246064 -0.00023799 8.35e-05
-0.00883154 0.172076 0.38748 0.00115933 -0.00038641 0.00018438
-0.0109399 0.220861 0.475812 0.00079493 -0.00060362 0.00023639
-0.0137646 0.196747 0.551508 0.00097673 -0.00086757 0.00024565
-0.00403766 0.163967 0.296806 0.0013214 -0.00082248 0.00013427
-0.00828229 0.144439 0.443975 0.00089591 -0.00062294 0.000195
-0.00641931 0.228355 0.49988 0.00054206 -0.00061133 0.00016318
-0.00457445 0.212979 0.531632 0.0004634 -0.00094219 0.00013444
-0.00277156 0.236571 0.490937 0.00075187 -0.00101562 8.917e-05
-0.00134016 0.23059 0.357882 0.00180184 -0.00024367 0.00012505
-0.00780755 0.225358 0.431648 0.00122042 -0.00026323 0.0001663
-0.0108699 0.204545 0.512048 0.0010387 -0.0003662 0.00028056
-0.00774296 0.174943 0.386564 0.00186868 -0.00059263 0.00013214
-0.0113398 0.200943 0.442429 0.00144179 -0.00052283 0.00012106
-0.0133664 0.216124 0.534241 0.00123182 -0.00078085 0.00020147
-0.00987603 0.213032 0.512387 0.00112009 -0.00078085 0.00014486
-0.00750846 0.246358 0.485178 0.00126821 -0.00078085 0.00010944
-0.00626123 0.258308 0.3554 0.00202069 -0.0005863 0.00011161
-0.011871 0.235516 0.461353 0.0012597 -0.00047207 0.00018867
-0.0109389 0.254165 0.486159 0.00110605 -0.00053085 -5.11e-06
-0.0101772 0.228161 0.530468 0.00145545 -0.00060115 0.00011284
-0.0132106 0.180205 0.418767 0.0030865 -0.0009595 5.914e-05
-0.0113093 0.203446 0.526606 0.00067734 -0.00078085 7.936e-05
-0.0119675 0.246571 0.625208 -0.00024561 -0.00095795 -2.278e-05
-0.015518 0.251488 0.640438 -0.00018571 -0.00112144 1.724e-05
-0.0129626 0.252269 0.649295 5.07e-05 -0.00113505 -9.058e-05
0.00293623 0.195883 0.55639 0.00083882 -0.00100242 -0.00033123
-0.00091249 0.178605 0.662395 -0.00373845 -0.00038531 -7.622e-05
-0.0120861 0.237249 0.755744 -0.00367754 -0.00121933 -0.00011179
-0.0156185 0.240677 0.75435 -0.00351543 -0.00079052 3.748e-05
-0.0110651 0.226212 0.763766 -0.00368486 -0.00079052 -3.697e-05
-0.00200257 0.188799 0.793514 -0.00392118 -0.00121444 -0.00024414
-0.0113525 0.217888 0.779077 -0.00373862 -0.00109738 -4.451e-05
-0.00963415 0.227244 0.770135 -0.00385877 -0.00075076 -2.095e-05
-0.0125283 0.212414 0.797574 -0.00403431 -0.00102192 -9.36e-06
-0.0122292 0.188746 0.821509 -0.00416923 -0.00127287 -0.00013829
-0.0203295 0.203701 0.783701 -0.00428431 -0.0013996 -8.067e-05
-0.0168887 0.22132 0.804683 -0.00403431 -0.00102092 -0.00010095
-0.0251518 0.222762 0.829494 -0.00403431 -0.00137136 -0.0001444
-0.0140392 0.209417 0.900701 -0.00428431 -0.00163685 -0.00028701
-0.0144503 0.222956 0.877822 -0.00388489 -0.00163364 -0.00024702
-0.017913 0.231101 0.87301 -0.00403431 -0.00163364 -0.00029373
-0.0191796 0.237215 0.879038 -0.00403431 -0.00163364 -0.00025847
-0.027046 0.229245 0.852396 -0.00395594 -0.00145831 -0.000313
-0.0310752 0.206012 0.840416 -0.00436919 -0.00196257 -0.00027474
-0.056054 0.186573 0.856648 -0.00450673 -0.00235117 -0.0004907
-0.0449561 0.216579 0.886704 -0.00449048 -0.0020566 -0.00022134
-0.0362137 0.195731 0.919018 -0.00338869 -0.00274727 -0.00050409
-0.0364261 0.201416 0.83576 -0.00340182 -0.00257583 -0.00050587
-0.0557375 0.282014 0.877963 -0.00331517 -0.00309977 -0.0007029
-0.0660143 0.27836 0.898915 -0.00363515 -0.00284282 -0.00079577
-0.047774 0.232396 1.03287 -0.0041393 -0.00272182 -0.00066493
-0.0433693 0.217078 0.9729 -0.00368727 -0.00258667 -0.0006584
-0.0506094 0.255012 0.973214 -0.00357297 -0.00229416 -0.00083004
-0.0776661 0.280547 0.727256 -0.00316314 0.00083332 -0.00255291
-0.105915 0.180477 0.990092 -0.00538975 0.00250291 -0.0029658
-0.108116 0.185862 1.10533 -0.00537102 0.00169054 -0.00291508
-0.107418 0.197535 1.08994 -0.00608891 0.0005228 -0.00312894
-0.100465 0.251452 0.910661 -0.00595952 0.00067268 -0.0032994
-0.0671113 0.312077 1.09684 -0.00382006 0.00111417 -0.00297653
-0.0610141 0.257685 1.20632 -0.00239398 0.00079737 -0.00303208
-0.0688586 0.145221 1.24339 -0.00665826 0.00066963 -0.00326675
-0.0856527 0.149499 1.45468 -0.00938552 0.00040019 -0.00328165
-0.105493 0.236899 1.43006 -0.00918458 3.309e-05 -0.00325976
-0.09118 0.310125 1.23497 -0.0117093 0.00040019 -0.00376314
-0.119087 0.324708 1.3745 -0.0120393 2.482e-05 -0.00434371
-0.132595 0.359636 1.42157 -0.0117692 7.749e-05 -0.00444333
-0.140995 0.306261 1.49224 -0.0114049 -0.00039071 -0.00431434
-0.131865 0.265223 1.43689 -0.0116556 -0.00126536 -0.00419393
-0.122442 0.24209 1.10506 -0.00973677 0.00061897 -0.00369239
-0.170932 0.191392 0.870234 -0.00605076 0.00131088 -0.0031197
-0.161593 0.0857808 0.865923 -0.0044563 0.00144748 -0.00286751
-0.138569 0.101688 0.721667 -0.00457774 0.001282 -0.00299104
-0.154482 0.0900896 0.836349 -0.00611916 0.00214918 -0.00320264
-0.151198 0.171323 0.918972 -0.00594325 0.00229521 -0.00308751
-0.128282 0.191611 0.711754 -0.00307306 0.00229406 -0.002966
-0.151958 0.246881 0.747722 -0.00381208 0.0024287 -0.00302012
-0.15889 0.272246 0.898806 -0.0046999 0.00235986 -0.00318085
-0.142743 0.276713 0.965509 -0.00504021 0.00125943 -0.00323538
-0.148004 0.317979 0.943487 -0.00559083 0.00104665 -0.00314489
-0.139091 0.293559 0.694906 -0.0037289 0.00230841 -0.00334788
-0.147259 0.230696 0.875508 -0.0052736 0.00284507 -0.00327564
-0.150007 0.204922 1.00941 -0.00508991 0.00254228 -0.00326073
-0.153141 0.17167 0.977466 -0.00500616 0.00188427 -0.00333517
-0.159398 0.209742 0.956533 -0.00519999 0.00202394 -0.00321147
-0.147099 0.198935 0.712942 -0.00448854 0.00209188 -0.00327773
-0.142238 0.168918 0.843825 -0.00523049 0.0023007 -0.00299962
-0.129792 0.225565 0.899499 -0.0045805 0.00202223 -0.0030668
-0.119964 0.22849 0.856001 -0.00403303 0.00225901 -0.00292386
-0.125889 0.194724 0.931898 -0.00402671 0.0023502 -0.00279351
-0.139256 0.198154 0.723279 -0.00360908 0.00158613 -0.00298838
-0.163215 0.239144 0.814615 -0.00481339 0.00187655 -0.00331707
-0.181872 0.305998 0.906351 -0.00455879 0.00214382 -0.00363565
-0.179441 0.278861 0.959668 -0.00478625 0.00157197 -0.00359617
-0.154686 0.273279 0.743536 -0.00368624 0.00231805 -0.00378043
-0.164708 0.241378 0.804283 -0.00412371 0.00335231 -0.00371498
-0.168385 0.245683 0.915185 -0.00430824 0.0026458 -0.00372508
-0.173181 0.228682 0.887688 -0.00422716 0.00178104 -0.00358994
-0.156751 0.236957 0.613562 -0.00252597 0.00242667 -0.00383197
-0.163908 0.233546 0.710921 -0.00281924 0.00270624 -0.00380775
-0.171279 0.251666 0.769852 -0.00329158 0.00292094 -0.00392044
-0.178352 0.232924 0.867453 -0.0034369 0.00248736 -0.00371072
-0.148159 0.251911 0.559282 -0.00145056 0.00166332 -0.00374458
-0.176163 0.242125 0.739067 -0.0032982 0.0031653 -0.00413198
-0.185333 0.25629 0.819278 -0.00378694 0.0025651 -0.00419742
-0.16978 0.239018 0.876159 -0.00389624 0.00136128 -0.0042522
-0.177307 0.259252 0.876487 -0.00411031 0.00108152 -0.00411746
-0.150224 0.30607 0.624745 -0.00257483 0.00211496 -0.00419446
-0.141265 0.2257 0.689912 -0.00226298 0.00304387 -0.00365255
-0.146195 0.142149 0.728386 -0.0024436 0.00279015 -0.00365399
-0.151944 0.0951467 0.798156 -0.00288043 0.00240033 -0.0035275
-0.149232 0.164789 0.6494 -0.00271444 0.00191743 -0.00389178
-0.181588 0.222631 0.830315 -0.00379958 0.00212312 -0.00418954
-0.192958 0.302646 0.959238 -0.00350299 0.0022541 -0.00440814
-0.187734 0.322983 0.994587 -0.003555 0.00091711 -0.00442678
-0.155089 0.405338 0.611363 -0.00094079 0.0012486 -0.00412101
-0.186044 0.332815 0.755099 -0.00222072 0.00293625 -0.00429887
-0.212918 0.336247 0.844948 -0.00183035 0.00284948 -0.00459486
-0.186729 0.286165 0.935147 -0.00132595 0.00196775 -0.0040546
-0.172665 0.224209 0.894208 -0.00172845 0.00166568 -0.00360308
-0.129335 0.249155 0.591965 0.00114407 0.00105962 -0.00333912
-0.173451 0.177187 0.731071 -0.00163082 0.00264974 -0.00350168
-0.193406 0.254523 0.818411 -0.00215625 0.00275244 -0.003926
-0.179319 0.245397 0.857017 -0.00318453 0.00226696 -0.00360254
-0.154245 0.22856 0.698457 -0.00430914 0.00224093 -0.00310225
-0.143794 0.211526 0.807058 -0.00495195 0.00105001 -0.00255245
-0.148836 0.242297 0.872466 -0.00525162 0.0001251 -0.00231763
-0.150318 0.246317 0.841647 -0.00509327 0.00012553 -0.00297938
-0.150758 0.275504 0.692966 -0.00357706 0.0011601 -0.0034563
-0.149857 0.274887 0.796013 -0.00475643 0.00171008 -0.00355528
-0.176464 0.245452 0.853336 -0.00489189 0.00108711 -0.00357661
-0.155539 0.23957 0.527349 0.00144981 0.00168955 -0.00378483
-0.159312 0.159154 0.589461 0.00083171 0.00158842 -0.0035382
-0.177231 0.204993 0.771803 -0.00141576 0.00257316 -0.00366622
-0.14853 0.23369 0.621859 -0.00054878 0.0007391 -0.00362065
-0.148006 0.230725 0.662712 -0.00247575 0.00144952 -0.00368004
-0.137391 0.255117 0.699639 -0.00282201 0.00040812 -0.00348526
-0.156753 0.266128 0.812026 -0.00321473 0.00083023 -0.00379062
-0.153101 0.267014 0.804593 -0.00292896 -0.00048073 -0.0037458
-0.126916 0.307405 0.583323 -0.00117907 -0.00035465 -0.00369326
-0.14487 0.282229 0.766588 -0.00379591 -0.00043549 -0.00371095
-0.156139 0.305818 0.861016 -0.00372898 -0.00018614 -0.00375971
-0.122388 0.264641 0.672083 -0.00104919 -0.00031369 -0.00367729
-0.116013 0.215202 0.79692 -0.00426505 0.00031014 -0.00334131
-0.128717 0.246269 0.992899 -0.00436457 -0.00044945 -0.00349895
-0.125993 0.232635 0.68418 -0.00212974 -0.00034877 -0.00374491
-0.13377 0.241412 0.7687 -0.00256191 0.00042079 -0.00363407
-0.141453 0.267004 0.841433 -0.00220019 0.00053175 -0.00355104
-0.135334 0.289091 0.753909 -0.00150727 0.00134378 -0.00313625
-0.13839 0.34044 0.715073 5.365e-05 0.00058245 -0.00326811
-0.0997577 0.344433 0.464684 0.00330481 0.00153321 -0.00327704
-0.113585 0.269739 0.580182 0.00114707 0.00165767 -0.00310387
-0.11313 0.300823 0.691878 0.0003611 0.00098824 -0.0029661
-0.104096 0.293794 0.657771 0.00053655 0.00039571 -0.00288577
-0.118145 0.331412 0.691567 0.0005758 0.00053734 -0.0030939
-0.0872409 0.280352 0.549355 0.00165818 0.00043009 -0.00321079
-0.0984767 0.263914 0.595912 0.00065979 0.00119304 -0.00296486
-0.105963 0.283232 0.658734 0.00051234 0.00090625 -0.00314397
-0.116074 0.258234 0.707065 0.00047131 0.0003691 -0.00337504
-0.122261 0.300575 0.699409 0.00074533 0.00068854 -0.00341348
-0.0992836 0.299808 0.521062 0.00186253 0.00131071 -0.00330531
-0.110856 0.312031 0.624491 0.0011051 0.0020087 -0.00325532
-0.116819 0.344531 0.7884 0.00159559 0.00360473 -0.00334411
-0.0932798 0.311451 0.567092 0.00127724 0.00134705 -0.00334099
-0.0942401 0.315619 0.606109 0.00114093 0.0017764 -0.00335457
-0.0942671 0.289766 0.573002 0.00128364 0.00113708 -0.00296015
-0.109764 0.314928 0.592673 0.00108254 0.00078999 -0.00320839
-0.115824 0.360082 0.640603 0.00121628 0.00096838 -0.00346666
-0.104927 0.319011 0.602786 0.00472043 0.0028843 -0.00333504
-0.0804258 0.323358 0.526097 0.00294685 0.00219031 -0.00278631
-0.105069 0.323049 0.625921 0.00357512 0.0028843 -0.00343861
-0.110041 0.227051 0.585578 0.00311394 0.00164415 -0.00366596
-0.0986057 0.242706 0.560322 0.00158194 0.00147385 -0.00342344
-0.115223 0.308074 0.674698 0.00189111 0.00268597 -0.0036604
-0.112659 0.292004 0.665569 0.0012259 0.00100174 -0.00377903
-0.0927713 0.334388 0.498556 0.0025572 0.00122066 -0.00370712
-0.107104 0.319303 0.619244 0.00181635 0.00162952 -0.00376382
-0.101213 0.339504 0.633674 0.00171348 0.00094435 -0.00377951
-0.104365 0.339113 0.639883 0.00139984 0.00069237 -0.00375217
-0.107253 0.337625 0.613923 0.00148391 0.00018897 -0.00379853
-0.0896831 0.314282 0.574174 0.00196045 0.00063253 -0.00376709
-0.0945293 0.288804 0.530433 0.00176521 0.00061541 -0.00332419
-0.115798 0.365603 0.649813 0.00234428 0.00114248 -0.00351157
-0.122261 0.364236 0.722309 0.00262501 0.00151763 -0.00364852
-0.108315 0.308117 0.594004 0.00469275 0.00142938 -0.0038262
-0.068577 0.338265 0.556826 0.00440613 0.00276135 -0.0034535
-0.0838476 0.199311 0.610305 0.00415568 0.00283086 -0.00343565
-0.12521 0.150377 0.696167 0.00404197 0.0016312 -0.00376378
-0.109928 0.244918 0.507836 0.00457266 0.00118047 -0.00379637
-0.121144 0.278672 0.625182 0.00325036 0.00118047 -0.00401064
-0.126256 0.43754 0.700889 0.00336845 0.00118047 -0.00423432
-0.130193 0.421479 0.753676 0.00323446 0.00055618 -0.00417799
-0.115744 0.455776 0.569911 0.00431462 0.00077504 -0.00419454
-0.115901 0.372175 0.519582 0.00278607 0.00055618 -0.00399923
-0.135318 0.44046 0.654523 0.00325129 0.00158969 -0.004047
-0.0937479 0.330632 0.567001 0.00433447 0.00131983 -0.00382903
-0.101197 0.254065 0.518669 0.00265532 0.000943 -0.00362602
-0.106743 0.304402 0.59992 0.00369382 0.00115933 -0.00377642
-0.11191 0.282604 0.612398 0.0035631 0.00136217 -0.00372155
-0.117133 0.302068 0.604721 0.003736 0.00143827 -0.00363539
-0.104102 0.290307 0.527094 0.00306758 0.000943 -0.00350905
-0.114825 0.362896 0.599501 0.00334135 0.00160791 -0.00370801
-0.112558 0.401501 0.643421 0.0036972 0.00160164 -0.0037709
-0.121432 0.396239 0.660019 0.0038744 0.00199418 -0.00388657
-0.134952 0.368626 0.678773 0.00365768 0.00144294 -0.00414204
-0.13073 0.356179 0.638489 0.00376149 0.00102198 -0.00389315
-0.131309 0.376169 0.673765 0.00375837 0.00152627 -0.00390372
-0.132971 0.349262 0.678866 0.00364092 0.00134935 -0.00388959
-0.138505 0.328105 0.682502 0.00365102 0.0021165 -0.00392007
-0.136485 0.329944 0.696799 0.00356879 0.00152486 -0.00399464
-0.141015 0.313166 0.713492 0.00355759 0.00146872 -0.0041031
-0.136481 0.361447 0.685705 0.00402868 0.00136761 -0.0040089
-0.139664 0.367012 0.691169 0.00392501 0.00154185 -0.00402173
-0.127907 0.33397 0.633744 0.00356179 0.00097701 -0.0040788
-0.132351 0.372179 0.603848 0.00361259 0.00094119 -0.00400063
-0.135978 0.403229 0.670044 0.00400294 0.0014579 -0.0041869
-0.138128 0.369349 0.709837 0.00407307 0.00119986 -0.00404225
-0.131063 0.328367 0.655356 0.00385128 0.00070623 -0.00397968
-0.131164 0.362015 0.621305 0.00371309 0.00046824 -0.00412245
-0.147528 0.38769 0.669636 0.00416617 0.00085329 -0.00423921
-0.147928 0.340222 0.683527 0.00403618 0.0004702 -0.00418216
-0.139818 0.320699 0.608508 0.00369355 0.00024606 -0.00427414
-0.140302 0.372095 0.618445 0.00393296 0.00037766 -0.00429165
-0.122692 0.337831 0.539805 0.0044196 0.00127882 -0.00394367
-0.122358 0.303247 0.635346 0.00447015 0.00196081 -0.00375254
-0.12146 0.315311 0.567935 0.00431429 0.00127882 -0.00369448
-0.126974 0.394673 0.629358 0.00471884 0.0010732 -0.00390689
-0.110227 0.344705 0.440728 0.00401838 0.00088625 -0.00382667
-0.110311 0.299618 0.539061 0.00485907 0.00180502 -0.00369728
-0.109591 0.303093 0.551931 0.00410885 0.00118679 -0.00353505
-0.109504 0.347749 0.516661 0.00367016 0.00077294 -0.00358369
-0.127643 0.379194 0.552831 0.00375318 0.00086327 -0.00398257
-0.0976311 0.35994 0.417523 0.0049539 0.0009718 -0.00372748
-0.109878 0.30125 0.548339 0.00459361 0.00170655 -0.00356109
-0.125272 0.320725 0.594139 0.00459248 0.00125174 -0.00373047
-0.118277 0.334529 0.558916 0.00432155 0.00070422 -0.00377173
-0.10553 0.35578 0.436592 0.00424953 0.00111455 -0.00368461
-0.109721 0.362689 0.573271 0.00476305 0.00160868 -0.00357239
-0.123193 0.345312 0.639549 0.00466207 0.00135389 -0.00381282
-0.109856 0.352218 0.591277 0.00464263 0.00058739 -0.0038727
-0.130994 0.385621 0.655766 0.00487806 0.00118406 -0.00399113
-0.111347 0.347436 0.555587 0.00484295 0.00167932 -0.00425563
-0.134395 0.344702 0.63694 0.00397076 0.00231022 -0.00421888
-0.104973 0.364506 0.644318 0.00377985 0.00253802 -0.00391331
-0.111384 0.263122 0.648847 0.00431355 0.00184446 -0.00395343
-0.150742 0.265655 0.629001 0.00354743 0.00138352 -0.00446574
-0.131733 0.371848 0.565416 0.00403219 0.00155995 -0.00434616
-0.131658 0.350049 0.594456 0.00368854 0.00215222 -0.00441711
-0.132964 0.440594 0.646704 0.00400101 0.00203706 -0.00445272
-0.120534 0.383165 0.49633 0.00452335 0.00091695 -0.00424715
-0.137154 0.368722 0.623789 0.00458387 0.00210705 -0.00437926
-0.131962 0.382645 0.625508 0.00441561 0.00099616 -0.00427493
-0.138329 0.396368 0.579727 0.0047081 0.00101016 -0.00414666
-0.135136 0.414077 0.640894 0.00504103 0.00138352 -0.00430096
-0.110535 0.352463 0.505148 0.0055181 0.00163199 -0.00415602
-0.093688 0.291706 0.553771 0.00449552 0.00233777 -0.00388749
-0.110584 0.228873 0.600362 0.00489705 0.00176611 -0.00392395
-0.114566 0.227202 0.451693 0.00375657 0.00095648 -0.00359492
-0.116561 0.33479 0.571604 0.00395765 0.00156197 -0.00398672
-0.131089 0.363257 0.691749 0.00457473 0.00156598 -0.00439432
-0.115363 0.358556 0.492345 0.00520166 0.00058977 -0.00426562
-0.110419 0.39031 0.569406 0.00389123 0.00162701 -0.00402319
-0.119595 0.391152 0.680316 0.00396971 0.00133047 -0.00438841
-0.118007 0.363923 0.618644 0.00389895 0.00065665 -0.0041874
-0.112437 0.384001 0.482541 0.00427549 0.00056409 -0.00430763
-0.123314 0.33102 0.557016 0.00414613 0.00142294 -0.00402329
-0.123849 0.323173 0.583402 0.00409546 0.00132869 -0.00408444
-0.111352 0.266004 0.51309 0.00297165 0.000745 -0.00404566
-0.0668778 0.33846 0.435086 0.00296621 0.00162925 -0.00514617
-0.0663646 0.358296 0.511191 0.00396009 0.00486312 -0.0048246
-0.0614878 0.357033 0.610253 0.00354213 0.00501482 -0.0040772
-0.058069 0.311507 0.445607 0.00369617 0.00304872 -0.00388147
-0.0614862 0.370562 0.524016 0.00369848 0.00443959 -0.00373814
-0.0735156 0.360088 0.550849 0.00396622 0.0043795 -0.00393919
-0.073027 0.393875 0.524877 0.0041058 0.00396087 -0.00391952
-0.0660193 0.380155 0.369021 0.00379682 0.00297596 -0.00406591
-0.0772283 0.307909 0.505994 0.00372614 0.0041026 -0.00387102
-0.0825341 0.297851 0.508625 0.0034875 0.00389979 -0.00382938
-0.0780891 0.329418 0.535325 0.00408652 0.00441053 -0.0038429
-0.060912 0.284897 0.415802 0.0041135 0.00312138 -0.00396219
-0.0607291 0.275164 0.385337 0.00376672 0.00305608 -0.00389922
-0.0750052 0.328398 0.4807 0.00446206 0.003916 -0.00389207
-0.0784103 0.344025 0.537898 0.00458677 0.00427682 -0.0037717
-0.0684551 0.314066 0.482581 0.00444059 0.00415576 -0.00359288
-0.0678117 0.341195 0.380965 0.00384736 0.00327332 -0.00376653
-0.0592293 0.309137 0.491254 0.00431442 0.00426551 -0.00341793
-0.0513479 0.339244 0.501892 0.00293198 0.00286247 -0.0033843
-0.0624019 0.317847 0.350351 0.00403298 0.00255924 -0.00351977
-0.0539311 0.27323 0.42458 0.00304287 0.00365968 -0.00321125
-0.0590456 0.262213 0.482522 0.00306937 0.00331229 -0.00322519
-0.0548742 0.285948 0.339157 0.00337785 0.00297094 -0.00351904
-0.0584718 0.284205 0.411524 0.00318169 0.00328815 -0.00340693
-0.0598377 0.333726 0.534378 0.00385752 0.00415143 -0.00346304
-0.0474017 0.319046 0.526955 0.0037479 0.00372793 -0.00341429
-0.0401539 0.365856 0.472032 0.00360254 0.00303815 -0.00330225
-0.0440025 0.384385 0.349992 0.00388836 0.00311208 -0.00358132
-0.0359778 0.335099 0.447897 0.00342297 0.00374927 -0.0030719
-0.0515716 0.359328 0.562064 0.00370349 0.00429962 -0.0032733
-0.0461233 0.323965 0.507482 0.00345595 0.00367144 -0.00332411
-0.0526453 0.381369 0.543526 0.00407409 0.00400059 -0.00345877
-0.0416647 0.332548 0.408341 0.00424036 0.00351361 -0.00349994
-0.0377514 0.305598 0.474894 0.00358047 0.00433438 -0.00320464
-0.0360256 0.315431 0.57001 0.00342854 0.00448991 -0.00325013
-0.0385617 0.318063 0.524476 0.00339574 0.00378522 -0.00317634
-0.0332902 0.379634 0.565278 0.00369041 0.0044967 -0.00321036
-0.0246793 0.341383 0.362686 0.00369802 0.00317509 -0.00310155
-0.0303726 0.328062 0.506499 0.00400347 0.00443718 -0.00318866
-0.0391208 0.296881 0.518312 0.00343608 0.00391737 -0.0031218
-0.0335662 0.3301 0.52118 0.00396345 0.00367144 -0.00332017
-0.0213149 0.295765 0.431308 0.0049289 0.0032126 -0.00321727
-0.0188623 0.300691 0.412279 0.00387664 0.00355798 -0.00347924
-0.0594846 0.367837 0.595263 0.00316554 0.0054237 -0.00365647
-0.0479832 0.344557 0.66955 0.00274154 0.00451474 -0.00358724
-0.0220264 0.344528 0.470728 0.00248411 0.00348388 -0.00339634
-0.0107139 0.342472 0.520288 0.00279481 0.00517532 -0.00340272
-0.034421 0.265117 0.626597 0.00258823 0.00518224 -0.00344118
-0.0224454 0.263839 0.46686 0.00250758 0.00365268 -0.00325042
-0.0451568 0.312115 0.593799 0.00293654 0.00511125 -0.00343005
-0.0544374 0.334963 0.661422 0.00286709 0.00450388 -0.00358213
-0.0310165 0.354123 0.4228 0.00328278 0.00350831 -0.00342439
-0.0357431 0.388856 0.559249 0.00355736 0.00488888 -0.00345048
-0.041303 0.374465 0.654436 0.0033277 0.00491996 -0.0036347
-0.0369754 0.367182 0.597494 0.00326598 0.00436039 -0.00363866
-0.0395635 0.39977 0.639221 0.00336597 0.00483287 -0.00330077
-0.023896 0.379538 0.526115 0.00387986 0.00443895 -0.00347461
-0.0247026 0.337448 0.627501 0.00355688 0.0055099 -0.00347746
-0.0261788 0.287067 0.631384 0.00324437 0.00491831 -0.00344175
-0.0225351 0.294937 0.60953 0.00323634 0.00491483 -0.00339514
-0.0176655 0.291173 0.468999 0.002985 0.00430843 -0.00331469
-0.0284382 0.319058 0.611263 0.00377238 0.00526916 -0.00335877
-0.030361 0.324668 0.607168 0.00334996 0.00479795 -0.003396
-0.0298726 0.374763 0.601656 0.00332495 0.00476728 -0.00348047
-0.0238862 0.395239 0.516094 0.00360404 0.00435278 -0.00329082
-0.0339651 0.354286 0.573751 0.00314914 0.00536397 -0.00364896
-0.0328575 0.357695 0.653636 0.00330983 0.00512051 -0.00349539
-0.0170984 0.324562 0.606167 0.00353086 0.00460684 -0.00346767
-0.0194111 0.356148 0.592489 0.00366216 0.00459987 -0.00346122
-0.0124515 0.357481 0.445773 0.00395191 0.00423288 -0.00333257
-0.0231807 0.36574 0.538804 0.00432233 0.00489548 -0.00335463
-0.0269232 0.372848 0.649972 0.00412137 0.00507785 -0.00348955
-0.0264082 0.349871 0.522204 0.00445196 0.00439788 -0.00363902
-0.03144 0.346529 0.562699 0.00439512 0.00501707 -0.00336705
-0.0337908 0.363708 0.658905 0.00374394 0.00466176 -0.00355044
-0.022017 0.371686 0.458444 0.00466674 0.00374198 -0.00349339
-0.0229053 0.353028 0.559374 0.00408812 0.00488371 -0.00343369
-0.0323635 0.391664 0.643062 0.00381787 0.00483623 -0.00359801
-0.0291542 0.370543 0.619593 0.00387553 0.00413784 -0.00344057
-0.0317562 0.418203 0.61709 0.00432616 0.00445538 -0.00346379
-0.00777055 0.366445 0.478064 0.00558116 0.00463732 -0.00292293
-0.0227605 0.394428 0.531994 0.00499516 0.00474015 -0.00307523
0.0101419 0.394121 0.529708 0.00602348 0.00420221 -0.00296362
-0.00112049 0.277571 0.551306 0.0051268 0.00360152 -0.00283662
0.0151023 0.335024 0.534624 0.00547284 0.00417543 -0.00294736
-0.00489031 0.273198 0.470778 0.00460323 0.00409146 -0.00323325
-0.0143801 0.321497 0.573974 0.00375645 0.0049119 -0.0033512
-0.0235848 0.375275 0.652974 0.00390182 0.00492736 -0.00343251
-0.0164422 0.377069 0.526024 0.00528497 0.0041943 -0.00331135
-0.010761 0.392134 0.516034 0.00477152 0.00449126 -0.00289453
-0.0148694 0.44273 0.59204 0.00447561 0.00502847 -0.00296372
-0.016424 0.394441 0.630669 0.00424355 0.0045641 -0.00302911
-0.00163975 0.386016 0.4668 0.00483204 0.00404318 -0.00296421
-0.0146579 0.350654 0.534192 0.00488923 0.00481689 -0.00288679
-0.0194144 0.370809 0.595507 0.00471363 0.00505051 -0.00330523
-0.012777 0.332127 0.610573 0.0046216 0.00432033 -0.00337441
0.00017734 0.357491 0.461258 0.00498081 0.00423943 -0.0031539
-0.0147221 0.364522 0.559226 0.00477923 0.00494385 -0.00297483
-0.0212995 0.38631 0.628953 0.0045584 0.00482518 -0.00301911
-0.0231535 0.396015 0.604932 0.00475199 0.00432036 -0.00310219
-0.0325442 0.450907 0.63166 0.00474782 0.00455615 -0.00314903
-0.0372147 0.438748 0.638661 0.00463005 0.00457499 -0.00328089
-0.0260827 0.395885 0.660401 0.00461192 0.00383353 -0.00329415
-0.0331721 0.379528 0.642668 0.00427054 0.00387109 -0.00331024
-0.0289121 0.400696 0.65364 0.00413449 0.00461775 -0.00317701
-0.028204 0.377619 0.665577 0.00409115 0.00544752 -0.00278603
-0.0207203 0.340315 0.652607 0.00351587 0.00642756 -0.00267881
-0.0224018 0.315836 0.622629 0.00355082 0.00631318 -0.00250456
-0.0329126 0.359668 0.643697 0.00362838 0.00599228 -0.00250456
-0.0307231 0.353376 0.680459 0.00359007 0.00610688 -0.00250456
-0.034274 0.335598 0.69841 0.0034865 0.00546308 -0.00259571
-0.0398607 0.355878 0.586144 0.00310893 0.00546047 -0.00236433
-0.0341366 0.377926 0.615398 0.00328439 0.00567203 -0.00228016
-0.0301935 0.337998 0.652959 0.00300956 0.00538 -0.00231026
-0.0268023 0.332882 0.599082 0.00273018 0.00517988 -0.0022974
-0.0186406 0.363225 0.560486 0.00224955 0.00439075 -0.00249883
-0.0266895 0.360662 0.589454 0.00277409 0.00478835 -0.00224662
-0.0416616 0.368556 0.611292 0.00265544 0.00518107 -0.00245398
-0.0472855 0.356381 0.631262 0.00284871 0.00517635 -0.00278667
-0.0372869 0.361232 0.6468 0.00320026 0.00500741 -0.0025594
-0.0365089 0.345622 0.615618 0.00305464 0.00438136 -0.00261346
-0.0406402 0.388673 0.614044 0.00324777 0.0046273 -0.00260776
-0.0437706 0.395484 0.64688 0.00320276 0.00480812 -0.00248561
-0.0401758 0.355133 0.65395 0.0030077 0.00463016 -0.0023714
-0.0394377 0.364421 0.600305 0.00302636 0.00407365 -0.00230665
-0.0288681 0.409858 0.615315 0.00322026 0.00494571 -0.00234639
-0.0264509 0.35734 0.620946 0.0031333 0.00519571 -0.00218838
-0.0278238 0.320632 0.579817 0.00259179 0.0042377 -0.00221911
-0.0316736 0.379296 0.573015 0.0029892 0.00434025 -0.00234763
-0.0366132 0.376151 0.629667 0.00306215 0.00494498 -0.00235221
-0.031646 0.321981 0.62873 0.00242806 0.00457501 -0.00223998
