-0.00732245 0.0907396 0.197026 -0.00169803 0 0.00020122
-0.0218171 0.113477 0.211794 -0.00134131 -0.00058193 0.00062547
-0.0263598 0.185955 0.276531 -0.00239377 -0.0008649 0.00045559
-0.0109192 0.10012 0.231652 -0.00205689 -3.69e-05 0.00055152
-0.00780701 0.0868961 0.243829 -0.00210782 0.0002747 0.00048126
-0.0120205 0.140946 0.28172 -0.00280194 7.564e-05 0.00055132
-0.0138613 0.0710642 0.187103 -0.00139425 2.173e-05 0.0005603
-0.00140227 0.0854324 0.202323 -0.00207632 0.0003642 0.00045555
-0.00877605 0.16473 0.277865 -0.00291333 0.00020269 0.00040461
-0.0141177 0.142491 0.254505 -0.00271574 0.00010668 0.00056727
-0.0118182 0.109312 0.229714 -0.00210063 0.00012675 0.00053303
-0.00827064 0.182597 0.314662 -0.00321412 9.21e-05 0.00043949
-0.00974799 0.190931 0.327609 -0.00359137 2.082e-05 0.00053721
-0.0134136 0.117208 0.282879 -0.00273963 -0.00011146 0.00048886
-0.0160957 0.133578 0.318444 -0.00312601 -0.00015324 0.00053805
-0.0262919 0.203445 0.347475 -0.00468575 -4.24e-06 0.00070556
-0.0176554 0.131343 0.287203 -0.00352653 4.932e-05 0.00065382
-0.0132027 0.134406 0.297999 -0.00326616 0.00037427 0.00030062
-0.0142805 0.202748 0.354777 -0.00410417 4.573e-05 0.00075706
-0.0200599 0.145786 0.282925 -0.00332455 -0.00012094 0.00066619
-0.0146136 0.121565 0.282109 -0.00264673 -0.00011657 0.00046402
-0.016049 0.18902 0.309579 -0.00370021 -8.076e-05 0.00050811
-0.0245632 0.18243 0.296759 -0.00373634 -0.00039447 0.00068292
-0.0172109 0.11527 0.254506 -0.00278933 2.409e-05 0.00051299
-0.0190602 0.129123 0.258174 -0.0031462 -1.41e-06 0.00042119
-0.0220984 0.182057 0.300515 -0.00405578 -0.00021828 0.00054506
-0.0239061 0.123304 0.263512 -0.00340375 -0.0004192 0.00069389
-0.031445 0.134441 0.283352 -0.00283367 -0.00096456 0.00070159
-0.0380424 0.175618 0.317384 -0.00342086 -0.00125948 0.00076573
-0.0310168 0.116466 0.27614 -0.00271914 -0.00098944 0.0006992
-0.0272888 0.145492 0.301628 -0.00327862 -0.00085793 0.00069419
-0.0250456 0.18819 0.331864 -0.00396839 -0.00088561 0.00070404
-0.0256079 0.137122 0.285351 -0.00322024 -0.00087027 0.00074756
-0.0267467 0.155618 0.294064 -0.00328566 -0.00082463 0.00072604
-0.0231251 0.206811 0.342949 -0.00403865 -0.00078999 0.0007383
-0.0213305 0.15629 0.308307 -0.00341315 -0.00073628 0.00074353
-0.0186652 0.158097 0.328195 -0.00336953 -0.0006442 0.00078768
-0.0194241 0.208734 0.361526 -0.00391222 -0.00098403 0.0008258
-0.0122223 0.141664 0.315569 -0.00342763 -0.00038024 0.00075135
-0.0125604 0.15632 0.324495 -0.00354842 -0.00042252 0.00077709
-0.0168084 0.202777 0.344298 -0.00420297 -0.00052591 0.00075667
-0.00808153 0.116653 0.27723 -0.00308879 5.144e-05 0.00075351
-0.017068 0.177403 0.305836 -0.00400932 0.00010182 0.00090179
-0.020275 0.122139 0.24831 -0.00384929 -0.00034385 0.00091573
-0.0127315 0.142158 0.266964 -0.00397538 -0.00010794 0.00078304
-0.0291244 0.195145 0.314919 -0.0041578 -0.00114527 0.00079022
-0.0138733 0.145498 0.282513 -0.00387561 -0.00037204 0.00071584
-0.00357918 0.128863 0.268325 -0.00338817 0.00032298 0.00063789
-0.0106451 0.197684 0.313075 -0.0045532 0.00016723 0.00077414
-0.0076808 0.141907 0.275091 -0.00351315 0.00110037 0.00070636
-0.0108876 0.113621 0.224462 -0.00368444 0.0014261 0.00065571
-0.00706553 0.227489 0.311808 -0.00518374 -8.109e-05 0.00079525
0.00150462 0.151162 0.291207 -0.00450157 0.00088018 0.00050564
0.00015555 0.135258 0.277935 -0.00409279 0.00082008 0.00055568
1.718e-05 0.209168 0.349362 -0.00508804 0.00056962 0.00045964
-0.00255385 0.161867 0.318966 -0.00433829 0.00030618 0.00071306
-0.00075262 0.143043 0.302072 -0.00412568 0.00055871 0.00054028
-0.00529294 0.196153 0.329896 -0.00463372 0.00033196 0.00073036
-0.0115438 0.187296 0.319236 -0.0043385 -0.00031459 0.00071648
0.00019419 0.135802 0.301183 -0.0038913 0.00017185 0.00075978
0.00047518 0.171953 0.336274 -0.00452362 0.00032787 0.00074914
0.00133787 0.225049 0.384774 -0.00529503 0.00015487 0.00046736
-0.00715904 0.158536 0.331286 -0.00362608 -0.00048685 0.00077934
-0.00767878 0.156555 0.34943 -0.00365228 -0.00037382 0.00077234
-0.00685469 0.213107 0.383078 -0.00489237 -0.00037772 0.00081944
-0.00881051 0.139422 0.279381 -0.00306516 -0.00046479 0.00071411
-0.00652642 0.146744 0.337616 -0.00389701 2.719e-05 0.00086171
0.00071714 0.217238 0.389356 -0.00518277 0.00027453 0.00050269
-6.08e-06 0.163146 0.341635 -0.00442059 0.00027406 0.00056974
0.00020781 0.189472 0.362742 -0.0045142 4.597e-05 0.0005075
1.083e-05 0.205093 0.38529 -0.00507557 -1.945e-05 0.00050339
-0.00566296 0.150828 0.329171 -0.00427321 2.703e-05 0.00083046
-0.00324367 0.152614 0.308087 -0.00368819 8.845e-05 0.00053038
0.00632617 0.218984 0.388402 -0.00507462 0.00024917 0.00056817
0.0020445 0.155713 0.324055 -0.00414642 0.00023798 0.00061396
0.00160146 0.152545 0.316728 -0.00421906 0.00032399 0.00066046
0.0045036 0.229471 0.398971 -0.00534422 6.074e-05 0.00064044
0.00279966 0.160536 0.331842 -0.0045811 0.00043051 0.0005994
-1.176e-05 0.204578 0.384839 -0.00500977 0.00016246 0.00072365
-0.00718037 0.187937 0.367833 -0.00464531 -0.00027791 0.00080313
0.00705785 0.139593 0.288892 -0.00417267 0.00054512 0.00058359
0.00750157 0.20116 0.357176 -0.0051054 0.00060833 0.00064802
0.00474672 0.149801 0.29779 -0.00396187 0.00026652 0.00052749
0.0154745 0.182865 0.348545 -0.00456379 0.00034152 0.00078946
0.0112597 0.22814 0.385951 -0.00521703 9.765e-05 0.00086728
0.0001567 0.1599 0.342351 -0.00458503 -0.00016022 0.00091181
0.00512409 0.152435 0.305921 -0.00340975 0.00010618 0.0007209
-0.0149259 0.130811 0.313492 -0.0022994 -0.00048819 0.00092018
-0.00934792 0.151303 0.291304 -0.0033453 -0.00010082 0.00086401
-0.0186609 0.202431 0.312668 -0.00416626 -0.00070191 0.00089207
-0.0167508 0.164558 0.300043 -0.00378986 -0.00079801 0.00077704
-0.0156067 0.133821 0.308413 -0.00328437 -0.00075011 0.00077581
-0.0144882 0.178977 0.328131 -0.00385557 -0.00065898 0.00083704
-0.00756449 0.156777 0.302208 -0.00425341 -9.038e-05 0.00074946
-0.00242172 0.0966736 0.255315 -0.00379915 0.00057467 0.00065558
0.00076335 0.18042 0.31789 -0.00492769 0.00062425 0.00057968
0.00827907 0.162202 0.294323 -0.00442117 0.00067756 0.00047345
0.00192385 0.134802 0.285931 -0.00413546 0.00054222 0.00065555
0.00950705 0.201322 0.340899 -0.0051246 0.00091046 0.00058658
0.0054839 0.214522 0.348804 -0.00513529 0.0007097 0.0005622
-0.00517947 0.159913 0.309908 -0.00396648 6.775e-05 0.00073307
-0.00496395 0.152087 0.283774 -0.00350016 -2.245e-05 0.00073469
-0.0124598 0.193918 0.329943 -0.00462595 -0.00011168 0.00085034
-0.00090276 0.111437 0.251803 -0.00314036 0.0004616 0.00056057
0.00200345 0.135019 0.288481 -0.00375907 0.00069516 0.00048278
-0.00111424 0.207237 0.355264 -0.0048212 0.00057206 0.00059672
-0.00137319 0.137556 0.27652 -0.00395033 0.00044076 0.00075004
0.0068022 0.136649 0.258658 -0.00390475 0.00076866 0.00055458
-0.00088978 0.219748 0.331175 -0.00479559 0.0004501 0.00079086
-0.0111818 0.161941 0.308731 -0.00376738 -5.334e-05 0.00082567
0.00058752 0.140758 0.277339 -0.00340308 0.00022721 0.00071389
0.00057994 0.218333 0.38483 -0.0052409 0.00033568 0.00084235
0.00594695 0.154909 0.331258 -0.00449296 0.00074015 0.00062722
-0.00097239 0.150976 0.319121 -0.00405915 0.00075236 0.00055002
-0.0019656 0.223531 0.371577 -0.00516894 0.00037354 0.00077658
-0.00032186 0.14041 0.278084 -0.00373552 0.00038766 0.00067752
0.00041099 0.150969 0.313076 -0.00431441 0.00050615 0.00076885
-0.0008427 0.221509 0.394644 -0.00540143 9.955e-05 0.00051881
0.00195424 0.1418 0.31132 -0.00420081 0.00065808 0.00057146
0.00221189 0.150788 0.308162 -0.00398955 0.00046622 0.00045612
-0.00613854 0.218099 0.365029 -0.00487835 2.957e-05 0.00083856
-0.00076176 0.175525 0.336312 -0.0048991 0.00010953 0.00083384
-0.00735243 0.151973 0.330997 -0.00398725 4.86e-06 0.00072109
0.00079279 0.19994 0.37478 -0.00513155 0.00067527 0.00063426
-0.00157304 0.203669 0.376149 -0.00520115 0.00055366 0.00060946
0.00745944 0.152095 0.344219 -0.00465383 0.00080334 0.000675
0.00321336 0.200876 0.367399 -0.00514957 0.00086377 0.00058544
0.0023858 0.207676 0.346816 -0.00531285 0.00090164 0.00060234
0.0128911 0.154625 0.328257 -0.00501444 0.00132736 0.00058942
0.0078689 0.216589 0.386739 -0.00574595 0.00123564 0.00063017
-0.00174887 0.19992 0.37042 -0.00546293 0.00097519 0.00066031
-0.00284787 0.139922 0.301028 -0.00362834 -3.401e-05 0.00057234
-0.0065288 0.198115 0.368814 -0.00479166 0.00037659 0.00071106
-0.00392972 0.168902 0.326946 -0.00442654 0.00018143 0.00064294
-0.00109359 0.140512 0.317773 -0.00448042 0.00017429 0.00073874
0.0011885 0.205864 0.372124 -0.00544153 0.00051676 0.00065001
-5.318e-05 0.164258 0.322148 -0.00490006 0.00040482 0.00066925
0.00904103 0.1401 0.327179 -0.00503312 0.00149672 0.00079855
0.00210334 0.224321 0.382716 -0.0057853 0.00112443 0.00060589
0.0062864 0.182126 0.333579 -0.00529574 0.00111646 0.00059539
0.00799019 0.154867 0.296531 -0.00460016 0.00135354 0.00062666
0.0152643 0.233317 0.384273 -0.00626006 0.00180569 0.00067178
0.0156421 0.189723 0.345572 -0.00575589 0.00168299 0.00071355
0.0175779 0.153882 0.335062 -0.00551386 0.00187743 0.0008115
0.0173541 0.206639 0.379881 -0.00589914 0.00196677 0.00073141
0.0165147 0.217988 0.389428 -0.0062168 0.0018894 0.0008026
0.0147352 0.15578 0.346622 -0.00592914 0.00189532 0.00104928
0.0211251 0.17306 0.371795 -0.00586795 0.00203474 0.00080262
0.0179341 0.23878 0.415401 -0.00655461 0.00195293 0.00080462
0.0144071 0.170011 0.364822 -0.00574419 0.00171978 0.00092595
0.0126298 0.161459 0.328849 -0.00507594 0.00163056 0.0008478
0.0117062 0.239173 0.404468 -0.00641838 0.00178757 0.0008562
0.00462999 0.219498 0.395287 -0.00628447 0.00156874 0.00087902
-0.00086285 0.17666 0.374482 -0.0056332 0.00138348 0.00074724
0.00235341 0.184282 0.368886 -0.0055295 0.00147353 0.00079377
0.00828918 0.239929 0.425488 -0.00661277 0.00153832 0.00081918
0.00380103 0.185692 0.396096 -0.00602789 0.00140926 0.00086738
0.00761345 0.173004 0.394029 -0.00575889 0.00151587 0.00076586
0.00475863 0.233651 0.448428 -0.00659228 0.00144466 0.00080616
-0.00236909 0.209132 0.397145 -0.00617335 0.00122918 0.00076098
0.00232129 0.166229 0.380692 -0.00552126 0.00140252 0.00071922
0.00591509 0.222387 0.424189 -0.00614379 0.00151845 0.00070705
-0.00148513 0.237352 0.410778 -0.00657699 0.00145404 0.00074109
0.00987821 0.18481 0.364889 -0.006095 0.00183534 0.00080979
0.0100087 0.241781 0.410983 -0.00620067 0.00182654 0.00082076
0.00736877 0.22618 0.404016 -0.00599053 0.00166927 0.00080689
0.00946725 0.171515 0.369945 -0.0053381 0.00181658 0.00078834
0.0102633 0.201116 0.394024 -0.00593899 0.0019335 0.0008849
0.0110862 0.255856 0.44714 -0.00682466 0.00204145 0.00097262
0.0048431 0.182993 0.398592 -0.00599281 0.00186393 0.00088983
0.00854933 0.188073 0.399706 -0.0059233 0.00205126 0.00087842
0.00535631 0.252465 0.435276 -0.00668037 0.00213113 0.00087338
0.00570114 0.188413 0.354962 -0.00582415 0.00203934 0.0009662
0.0019779 0.174752 0.317021 -0.00526972 0.00166011 0.00099368
0.0105052 0.276509 0.416301 -0.00664891 0.00222235 0.00083907
0.00781887 0.222877 0.36187 -0.00561529 0.00184849 0.00062886
-0.00016961 0.170741 0.32374 -0.00499164 0.00193837 0.00061071
-0.0029905 0.217241 0.371363 -0.00571087 0.0016677 0.00066546
0.010301 0.21651 0.37209 -0.00592952 0.00200839 0.00066538
0.010101 0.15514 0.310202 -0.00487951 0.00199609 0.0007197
0.00797129 0.200049 0.357839 -0.00553386 0.0020287 0.00076447
0.00524367 0.240307 0.385933 -0.00613722 0.00192126 0.00060112
-0.00364068 0.194974 0.368059 -0.00577194 0.00181001 0.00084528
0.00018578 0.252359 0.435766 -0.00646903 0.00164559 0.0007711
-0.00399007 0.213566 0.402809 -0.00589676 0.00177277 0.00078847
-0.0012241 0.181838 0.38757 -0.00547893 0.00170177 0.000897
-0.00427988 0.232659 0.393539 -0.00592869 0.00191535 0.00076039
-0.00229153 0.24268 0.408095 -0.00616856 0.00180583 0.00063478
0.00621861 0.187989 0.348055 -0.00503441 0.00186031 0.00078432
0.0102159 0.240599 0.423056 -0.006023 0.00195076 0.00079876
0.00698785 0.26321 0.438599 -0.0065646 0.00180962 0.00086358
0.00826973 0.198479 0.388076 -0.00538122 0.00177235 0.000794
0.00135826 0.220456 0.384731 -0.0052577 0.00137442 0.00078498
-0.00893341 0.282941 0.435838 -0.00603697 0.00042015 0.00085611
-0.00260187 0.200009 0.374486 -0.00509863 0.00136689 0.0005559
0.0103508 0.197196 0.375157 -0.00518714 0.00230494 0.00065846
-0.00065888 0.266311 0.423818 -0.00616722 0.00164021 0.00075225
-0.00496191 0.217374 0.360648 -0.00498728 0.00070852 0.00076397
0.00617801 0.176889 0.340352 -0.00483596 0.00156885 0.00062119
0.0106963 0.230578 0.357535 -0.00533887 0.00185385 0.00062998
0.00730603 0.223629 0.319172 -0.00461737 0.00178662 0.00065724
0.00683997 0.15849 0.272583 -0.00355402 0.00138492 0.00062951
0.0114962 0.132908 0.286352 -0.00390126 0.00153639 0.00076499
0.00856551 0.155783 0.278892 -0.00365911 0.00163703 0.00071054
0.0114312 0.175379 0.313543 -0.00413241 0.00173125 0.00082245
0.0077389 0.13653 0.263373 -0.00361315 0.0015611 0.00080849
0.00723056 0.139761 0.272433 -0.00374138 0.00167945 0.00084521
0.0062985 0.195122 0.335197 -0.00486461 0.00195184 0.00093497
0.00141705 0.247931 0.374001 -0.00574466 0.00175408 0.00102346
0.00442908 0.191318 0.362493 -0.0048723 0.00155513 0.00100244
0.0149139 0.181429 0.346373 -0.00501606 0.00194112 0.00080624
-0.00212224 0.233797 0.391994 -0.00518467 0.00114015 0.00103213
-0.00523722 0.243649 0.407897 -0.00542362 0.00087095 0.00085794
-0.00074234 0.165129 0.355442 -0.00488686 0.00171443 0.00082308
-0.00253435 0.158574 0.324372 -0.00497871 0.00234297 0.00072524
-0.00396111 0.226412 0.383151 -0.00561313 0.00190916 0.00085841
-0.00288003 0.162927 0.334878 -0.0045195 0.00139761 0.00081024
0.00212972 0.168255 0.359897 -0.0045797 0.00156241 0.00075863
0.00629023 0.222317 0.396942 -0.00529747 0.00202881 0.00084805
-0.002557 0.214342 0.350022 -0.00513927 0.0018758 0.00087982
0.00040935 0.153531 0.276721 -0.00445046 0.00182226 0.00083452
0.0118311 0.257602 0.38694 -0.0060633 0.0017711 0.00094468
0.0123708 0.208176 0.368265 -0.00535229 0.00168989 0.00092396
0.0118905 0.166761 0.321967 -0.00475103 0.00189241 0.00077095
0.00886564 0.232381 0.374418 -0.0062877 0.00199283 0.00091101
0.00734809 0.174995 0.340243 -0.00556811 0.00186549 0.00102202
0.011025 0.162767 0.329035 -0.00536727 0.00208076 0.00097343
0.00601078 0.22559 0.389069 -0.00588017 0.00197027 0.00082051
0.00789515 0.229464 0.394293 -0.00589503 0.00170733 0.00098699
0.00979533 0.183512 0.351881 -0.00528264 0.00180981 0.00104805
-0.00584442 0.203732 0.357918 -0.00571089 0.00154261 0.00106623
4.825e-05 0.276011 0.420441 -0.00647598 0.00135179 0.00115579
0.00474893 0.206623 0.397587 -0.00593496 0.00142531 0.00106388
0.0223525 0.186465 0.358565 -0.00538079 0.00145572 0.00122307
0.0188191 0.248995 0.392617 -0.00618052 0.00215497 0.00118881
0.0109002 0.227125 0.382517 -0.00577372 0.00186432 0.00113133
0.0216293 0.190843 0.338699 -0.00532265 0.00189461 0.00120406
0.015096 0.255947 0.405764 -0.0063447 0.00192575 0.00116787
0.0155182 0.246084 0.399031 -0.00634807 0.00206937 0.00108378
0.0182149 0.195488 0.384761 -0.00590359 0.0021944 0.0011441
0.0161551 0.22918 0.395895 -0.00600684 0.0022435 0.00111222
0.0143015 0.276264 0.44396 -0.0067736 0.00198526 0.00112829
0.0179513 0.20037 0.384414 -0.00582225 0.00195205 0.00118633
0.0151804 0.199171 0.376965 -0.00554838 0.00209841 0.00113298
0.0146367 0.277567 0.428676 -0.00637703 0.00211953 0.00114444
0.0123682 0.253199 0.390651 -0.00619582 0.00183277 0.00113274
0.0154302 0.202 0.378047 -0.0059346 0.0020567 0.00104442
0.0138533 0.246884 0.395037 -0.0059075 0.00207536 0.00103628
0.0087451 0.264339 0.40454 -0.00622966 0.0019815 0.00121657
0.016168 0.182496 0.340361 -0.00564123 0.00211378 0.0011043
0.0180345 0.229342 0.38316 -0.00616521 0.00246807 0.00108391
0.00890883 0.275767 0.431402 -0.00665331 0.00235475 0.00106287
0.0133389 0.218644 0.369588 -0.00599031 0.00237391 0.00106703
0.0163326 0.227244 0.378955 -0.00624397 0.00240254 0.0010747
0.0110375 0.285084 0.438615 -0.00695162 0.00211628 0.00115093
0.00925302 0.226794 0.373279 -0.00617364 0.00208872 0.00107667
0.0107008 0.200816 0.349459 -0.00589531 0.00209808 0.00099831
0.00871232 0.278038 0.441775 -0.00681724 0.0022263 0.00104465
0.00394572 0.25601 0.403987 -0.00642608 0.00182785 0.00111145
0.00280848 0.217386 0.375001 -0.00557221 0.00147736 0.00106426
0.00404262 0.275703 0.414989 -0.00636474 0.0016691 0.00127943
0.00175258 0.249215 0.397479 -0.00640338 0.00193272 0.00119498
0.00942914 0.205379 0.368683 -0.00590025 0.00212273 0.00107625
0.0034372 0.282636 0.426915 -0.00693427 0.00203499 0.00119833
0.0017501 0.250571 0.391409 -0.00636573 0.0016139 0.00114618
0.00167679 0.208551 0.379587 -0.00575765 0.001661 0.00113622
-0.00349494 0.246634 0.361756 -0.00581851 0.00192274 0.0010475
-0.0126077 0.205105 0.30285 -0.00337821 0.00103853 0.00125431
-0.00839679 0.142728 0.276661 -0.00303758 0.00171551 0.00073921
-0.0132983 0.158645 0.301725 -0.0038278 0.00168823 0.00097269
0.00322234 0.235518 0.390365 -0.00553779 0.00205847 0.00121428
0.00552989 0.168097 0.352034 -0.0051256 0.00198357 0.00125504
0.00039234 0.19086 0.379431 -0.00527495 0.0016651 0.00114093
0.00043059 0.27327 0.446397 -0.00650525 0.0014908 0.00135648
0.00433599 0.235024 0.432791 -0.00674406 0.00156782 0.00140296
0.00387697 0.218949 0.431184 -0.00657241 0.00145023 0.0014167
0.00169964 0.274087 0.475629 -0.00723162 0.00171025 0.00122422
0.00315647 0.209182 0.393498 -0.00630541 0.00162343 0.00141128
0.0119706 0.175172 0.350771 -0.00552351 0.00185849 0.00137143
0.00780078 0.227489 0.403317 -0.00613362 0.00186899 0.00135844
0.00423073 0.248012 0.408301 -0.00657922 0.00165245 0.0014351
-0.00284035 0.176811 0.358953 -0.00596172 0.00146568 0.0014249
-0.00789022 0.228953 0.395827 -0.00637503 0.00163685 0.0011898
-0.00701101 0.252294 0.420902 -0.00694607 0.00157938 0.00141294
-0.0103772 0.168265 0.335408 -0.00580602 0.00166171 0.00132818
-0.0137899 0.206919 0.365069 -0.00650369 0.0017137 0.00122323
-0.0155182 0.243414 0.387547 -0.00710782 0.00155351 0.00135335
-0.0223119 0.171455 0.316114 -0.00626351 0.00133574 0.00133097
-0.0229277 0.202917 0.349651 -0.00696645 0.00137922 0.00141617
-0.0127264 0.252715 0.405702 -0.0076687 0.0014519 0.00155961
-0.0114902 0.180523 0.366941 -0.00674971 0.00134309 0.00165859
-0.0105682 0.18836 0.360102 -0.00651531 0.00171718 0.00170487
-0.00867455 0.257597 0.417327 -0.00730354 0.00175309 0.00148848
-0.00422956 0.198118 0.391368 -0.00686189 0.00175788 0.00173166
-0.00432726 0.186927 0.379138 -0.00650113 0.0018075 0.0016077
-0.0092113 0.269826 0.436037 -0.00764313 0.00167413 0.00154449
-0.00776289 0.204339 0.389763 -0.00708078 0.00146383 0.00180256
-5.31e-06 0.186294 0.362485 -0.00672965 0.00177899 0.00145654
-0.00460844 0.265294 0.447179 -0.00777984 0.0019146 0.001526
-0.0056086 0.257912 0.431514 -0.00769586 0.00187367 0.00158403
-0.00207043 0.202878 0.404659 -0.00709387 0.00175909 0.00153526
0.00227872 0.240518 0.448369 -0.00758556 0.00199464 0.00157327
0.00088383 0.297617 0.494487 -0.00866979 0.00221216 0.00157423
0.0014633 0.194447 0.414688 -0.00748205 0.0021011 0.00165093
0.00628763 0.192656 0.425602 -0.00730739 0.00212873 0.00161423
-0.00835765 0.265834 0.478336 -0.00809051 0.00206472 0.00163207
-0.00728346 0.235906 0.439915 -0.00784311 0.00191477 0.00159756
-0.00128287 0.198114 0.419216 -0.00741806 0.00198921 0.00155924
-0.00535843 0.275861 0.473832 -0.00831809 0.00211906 0.00159926
-0.0112092 0.274502 0.475642 -0.00857767 0.00224049 0.00162964
-0.00137392 0.207744 0.43639 -0.00768105 0.00213586 0.00159928
-0.00482516 0.240824 0.450241 -0.00756994 0.00221123 0.00154507
-0.0107934 0.300872 0.510842 -0.00891129 0.00226826 0.00157229
-0.0132105 0.223297 0.456212 -0.00794796 0.00201317 0.00160076
-0.00268053 0.214673 0.459626 -0.00766536 0.00222022 0.0016232
-0.00477274 0.253284 0.480089 -0.00814029 0.00230521 0.00161321
-0.00524698 0.305457 0.51653 -0.00913162 0.00231666 0.00166565
-0.00976616 0.233974 0.448455 -0.00831418 0.00200216 0.00164052
-0.00541357 0.222546 0.434546 -0.00791265 0.00214902 0.00163428
-0.00552319 0.298997 0.506837 -0.00901804 0.00219234 0.00172848
-0.0156688 0.234316 0.452876 -0.00836869 0.00187692 0.00179649
-0.0080222 0.21758 0.426035 -0.00773798 0.00216361 0.00175268
-0.00877767 0.284072 0.499449 -0.00893685 0.00222451 0.00173135
-0.0118553 0.294315 0.498185 -0.00892125 0.00224464 0.00178485
-0.00631662 0.230489 0.451087 -0.00829369 0.0023547 0.0016797
-0.0111893 0.258605 0.4508 -0.00817501 0.00242303 0.00171248
-0.00603829 0.316006 0.475596 -0.00907332 0.00263191 0.00177679
-0.00238455 0.218983 0.414298 -0.00781035 0.00258609 0.00172805
-0.00572648 0.2169 0.435674 -0.00789543 0.00272595 0.00168094
-0.00788419 0.283343 0.482801 -0.00880146 0.00262277 0.00168746
-0.0075071 0.25223 0.469562 -0.00873144 0.00243296 0.00204708
-0.0122651 0.219389 0.458254 -0.00824827 0.00230856 0.0017417
-0.0128877 0.267547 0.478383 -0.0086744 0.00221273 0.00171877
-0.0031584 0.311234 0.501514 -0.00941483 0.0025672 0.00166042
-0.00276075 0.215441 0.431101 -0.00832975 0.00244411 0.00170121
-0.00602494 0.233541 0.45504 -0.00827189 0.00235984 0.00166826
-0.0110218 0.307057 0.508046 -0.00917731 0.0023739 0.00170858
-0.010844 0.243485 0.451196 -0.00828576 0.00223435 0.00165339
-0.010199 0.257259 0.486102 -0.00862097 0.00227244 0.00167511
-0.0140167 0.32575 0.526835 -0.00928426 0.00235482 0.00172172
-0.0141795 0.242775 0.468161 -0.00856631 0.00247725 0.0017411
-0.00757983 0.237272 0.459395 -0.00824479 0.00264667 0.00165715
-0.00663648 0.302321 0.510333 -0.00896348 0.00261182 0.00173426
-0.00627843 0.26096 0.477004 -0.00884718 0.0026431 0.00179966
-0.00054127 0.216434 0.446403 -0.00800746 0.00260869 0.00163456
-0.0017461 0.277939 0.481886 -0.00857265 0.00272093 0.00174459
-0.00628674 0.285687 0.479782 -0.00881918 0.00251679 0.00172096
-0.00662433 0.222275 0.420633 -0.00793753 0.00207677 0.00159326
-0.015369 0.253741 0.428033 -0.0077726 0.00199019 0.00148485
-0.00665191 0.302633 0.499793 -0.00907405 0.00259121 0.00176446
-0.00486538 0.250384 0.453678 -0.00870062 0.00245742 0.00177607
-0.00916948 0.210727 0.420514 -0.00792144 0.00223828 0.00166125
-0.00182885 0.270511 0.483696 -0.00914424 0.00305023 0.00152266
-0.00403489 0.269079 0.458906 -0.00901489 0.00279597 0.00163973
-0.00346351 0.21147 0.415365 -0.00801892 0.0028405 0.00157933
-0.00632932 0.261888 0.455541 -0.00833789 0.00251457 0.0016426
-0.016162 0.337451 0.500858 -0.00903455 0.00174791 0.00173992
-0.0113769 0.234276 0.426873 -0.00795499 0.00187874 0.00163965
-0.00535673 0.257507 0.463165 -0.00866948 0.00260594 0.00165563
-0.0044589 0.318483 0.517119 -0.00978396 0.00310524 0.00187753
-0.00956578 0.240644 0.472712 -0.00916786 0.00269816 0.00176222
0.00035777 0.234848 0.473448 -0.0087294 0.0029714 0.0018928
-0.00482656 0.28616 0.491917 -0.00913985 0.00310605 0.00162579
-0.0121919 0.330349 0.497188 -0.00981795 0.0029157 0.00168479
-0.0056194 0.241357 0.440465 -0.00896339 0.00279181 0.00196457
-0.0103316 0.25356 0.461492 -0.00913858 0.00293747 0.00177635
-0.0144097 0.328624 0.519469 -0.00998592 0.00283038 0.00181772
-0.00526401 0.234391 0.435108 -0.00911686 0.00290387 0.00166588
-0.00525132 0.247367 0.479356 -0.00904179 0.00299555 0.00194663
-0.0123031 0.330199 0.54899 -0.0103837 0.00303914 0.00197403
-0.0131151 0.249662 0.462298 -0.00926653 0.00284211 0.00173684
-0.00599782 0.260406 0.475235 -0.00932794 0.00301108 0.00191113
-0.0102758 0.339186 0.55646 -0.0107878 0.00297583 0.00207579
-0.0114174 0.245996 0.454997 -0.00933582 0.00263106 0.00217631
-0.00333371 0.229474 0.417712 -0.0089375 0.00271917 0.00201267
-0.00444866 0.329731 0.518281 -0.0104029 0.00290109 0.00206106
-0.00446584 0.302625 0.508631 -0.0102873 0.00264396 0.00212123
-0.00120055 0.23138 0.45431 -0.00919889 0.00282589 0.0020949
0.00273938 0.273236 0.481817 -0.00983383 0.00293714 0.00206623
-0.00669355 0.325601 0.534463 -0.0107567 0.00292979 0.00231684
-0.00567902 0.222329 0.468925 -0.00963073 0.00271912 0.00216047
0.00312564 0.235821 0.478979 -0.010088 0.00299736 0.00222089
-0.00307301 0.33409 0.571537 -0.0112821 0.00304626 0.00209805
-0.00779639 0.297032 0.52578 -0.0108017 0.00270482 0.00229662
0.00120088 0.308647 0.510677 -0.0105329 0.00286563 0.00238699
-0.00234732 0.341259 0.563538 -0.0114794 0.0029634 0.00223382
-0.00996195 0.324591 0.565526 -0.0115466 0.00288321 0.00228641
-0.0113527 0.248573 0.519761 -0.010625 0.00268798 0.00226737
-0.00283677 0.292181 0.568159 -0.0112893 0.00273856 0.0024964
-0.00481539 0.321949 0.55042 -0.0111758 0.00256496 0.00235419
-0.0177916 0.23959 0.458438 -0.00804191 0.00230772 0.00195584
0.00050062 0.213887 0.5247 -0.00935693 0.00261747 0.0021296
-0.00189328 0.22047 0.562322 -0.0103415 0.00298297 0.00221175
-0.00441919 0.295324 0.590976 -0.0109841 0.00282638 0.00227386
-0.00770365 0.257959 0.551729 -0.0105428 0.00276842 0.00235344
-0.00125416 0.23812 0.584203 -0.0109698 0.00290205 0.00269367
-0.00194101 0.304165 0.621372 -0.0112842 0.00287374 0.0025851
0.00065206 0.353723 0.614041 -0.0118435 0.00279466 0.002408
-0.00114391 0.273526 0.5755 -0.0109609 0.0027653 0.00263047
0.0048043 0.275942 0.59511 -0.0107936 0.00263686 0.0024437
0.00258982 0.335523 0.634719 -0.0117226 0.00284906 0.00262953
-0.00993372 0.250499 0.587536 -0.0109741 0.00266466 0.0025834
-0.00587407 0.235741 0.583429 -0.0106473 0.00262412 0.00248657
-0.00683306 0.307592 0.613877 -0.0112506 0.0025538 0.00228981
-0.00406759 0.319886 0.605888 -0.0119753 0.00275984 0.00250918
-0.00341925 0.231784 0.589026 -0.0113936 0.00276269 0.00252754
-0.00054116 0.211949 0.578919 -0.0114012 0.00271226 0.00242213
-0.00887407 0.307084 0.625697 -0.0118271 0.00278963 0.0024051
-0.0145505 0.329884 0.610489 -0.0117666 0.0021514 0.00250054
-0.0128572 0.251062 0.56925 -0.0107813 0.00173179 0.00224406
-0.0164463 0.256249 0.433279 -0.010121 0.00168249 0.00216264
-0.0192561 0.297511 0.464749 -0.00955838 0.00153727 0.00201834
-0.0228163 0.211767 0.435501 -0.00892801 0.00161297 0.00206083
-0.021931 0.254376 0.451092 -0.00935064 0.00176654 0.00204953
-0.0132676 0.290607 0.531744 -0.0107413 0.00231403 0.0023181
-0.0109666 0.215263 0.513468 -0.00983552 0.0022923 0.00238477
-0.0182675 0.191933 0.489957 -0.00910035 0.00193326 0.00209784
-0.0173651 0.253623 0.515012 -0.010392 0.00274534 0.00226178
-0.0207105 0.281598 0.513455 -0.0106974 0.00247519 0.00229863
-0.0315602 0.187072 0.422735 -0.00987132 0.0020275 0.0020256
-0.0323665 0.209536 0.423432 -0.0103509 0.00175857 0.00199921
-0.036796 0.30068 0.506541 -0.0112673 0.00152714 0.00222218
-0.0391722 0.224547 0.450274 -0.0104571 0.00139783 0.0021189
-0.0345333 0.215629 0.429397 -0.0101155 0.00160697 0.00209815
-0.0337113 0.286741 0.506872 -0.0117653 0.00171817 0.00228102
-0.0385631 0.234612 0.450908 -0.0111592 0.00150801 0.00221628
-0.0408073 0.189279 0.427789 -0.0108767 0.00136795 0.00209621
-0.0416586 0.275339 0.524844 -0.0122776 0.00126568 0.00234791
-0.0444604 0.256494 0.5103 -0.0121017 0.00086883 0.00235854
-0.0498975 0.219694 0.469779 -0.0106253 0.00024873 0.00227517
-0.0426782 0.262534 0.49951 -0.0111298 0.00069923 0.00229345
-0.0342144 0.299895 0.524584 -0.0113358 0.00102772 0.00230408
-0.0254563 0.203617 0.484739 -0.0102278 0.0016986 0.00224969
-0.0341176 0.21668 0.525888 -0.010219 0.000529 0.00228441
-0.0292986 0.275274 0.564578 -0.0118451 0.00145567 0.00242214
-0.0290125 0.261486 0.55615 -0.0118854 0.00114075 0.00273181
-0.0299724 0.229839 0.532083 -0.0113152 0.0009661 0.00272514
-0.0305881 0.254264 0.513909 -0.0118352 0.00107506 0.00270198
-0.0283465 0.328179 0.566457 -0.0126137 0.00108595 0.00275608
-0.0292003 0.271577 0.554292 -0.0121686 0.00063255 0.00279447
-0.0292703 0.248628 0.550025 -0.0123656 0.00085284 0.00270296
-0.0299196 0.332532 0.626761 -0.0131731 0.00099069 0.00284225
-0.0286167 0.270509 0.602831 -0.0129894 0.00075654 0.00282898
-0.028479 0.2565 0.620476 -0.0134442 0.00096003 0.00288338
-0.0260343 0.267357 0.651744 -0.0136636 0.00081162 0.0027713
-0.0195552 0.310151 0.648001 -0.0135867 0.00121037 0.00288115
-0.0263716 0.239138 0.600498 -0.0125728 0.0005306 0.00266642
-0.0268218 0.242017 0.577318 -0.012464 0.00116303 0.00260641
-0.0221611 0.343111 0.622854 -0.0135452 0.00119354 0.00287166
-0.0222054 0.279782 0.603026 -0.0132542 0.00127727 0.00293529
-0.0209556 0.245636 0.59638 -0.0126481 0.00103806 0.00295911
-0.0202749 0.288819 0.622937 -0.0137143 0.00110539 0.00293934
-0.0206441 0.318528 0.632428 -0.0140451 0.00114267 0.00293878
-0.0208543 0.247324 0.600374 -0.0131992 0.00104666 0.00292934
-0.0260665 0.234281 0.577255 -0.0127645 0.00111639 0.0025795
-0.0247572 0.311538 0.613494 -0.013872 0.00149143 0.00284022
-0.0274961 0.272344 0.58563 -0.0134533 0.00115188 0.00273034
-0.0220485 0.224896 0.577729 -0.0132047 0.00113733 0.0028264
-0.0245939 0.285388 0.619814 -0.0136746 0.00119464 0.00310546
-0.0228384 0.294766 0.597284 -0.0135397 0.00116647 0.00301642
-0.022069 0.226078 0.586057 -0.0135604 0.00127968 0.00288965
-0.0253313 0.260601 0.597593 -0.013888 0.0016494 0.00280693
-0.0254341 0.330551 0.62521 -0.0144255 0.00157281 0.00285865
-0.0200448 0.261371 0.571468 -0.0131695 0.0010753 0.00306347
-0.0242291 0.238847 0.561392 -0.0128003 0.00089975 0.00282392
-0.0256745 0.322391 0.618334 -0.0136536 0.00101178 0.00300449
-0.0300617 0.269076 0.579793 -0.0134794 0.00114716 0.00273954
-0.0278458 0.225193 0.557519 -0.0132798 0.00121666 0.0026
-0.0194629 0.319123 0.63628 -0.0141589 0.00146794 0.00301224
-0.0200473 0.291031 0.608754 -0.0136631 0.00108867 0.00305282
-0.0317938 0.224052 0.568717 -0.0127297 0.00080131 0.00277105
-0.0215787 0.278606 0.592567 -0.013449 0.00127301 0.00297875
-0.0209672 0.337424 0.629308 -0.0141177 0.00131353 0.00300868
-0.0271908 0.255027 0.575625 -0.0131486 0.00105184 0.00303429
-0.0295031 0.258733 0.579262 -0.012822 0.001263 0.00300855
-0.0307486 0.355549 0.627671 -0.0140324 0.00119886 0.00303042
-0.0329904 0.282595 0.578393 -0.0135106 0.00131124 0.00307925
-0.023471 0.23451 0.563766 -0.0135715 0.00135897 0.00287188
-0.0325825 0.289395 0.609595 -0.0140743 0.00138561 0.00292379
-0.0316313 0.324919 0.630535 -0.014149 0.00115048 0.00307714
-0.0385573 0.243614 0.575782 -0.0132712 0.00096861 0.00307672
-0.0328197 0.246855 0.558585 -0.0134834 0.00130013 0.00265595
-0.0297069 0.337776 0.64079 -0.0143841 0.00121208 0.00286309
-0.0306455 0.279325 0.579917 -0.0134727 0.00095267 0.00317337
-0.0235927 0.264819 0.548512 -0.01297 0.0007221 0.00288481
-0.0279334 0.336637 0.624539 -0.0140308 0.00105924 0.00305151
-0.0257381 0.352322 0.649828 -0.0141643 0.00055646 0.00313419
-0.0286969 0.260789 0.57386 -0.0129418 0.00091654 0.00303254
-0.0283605 0.296177 0.583527 -0.013599 0.00120833 0.00293547
-0.0274318 0.348721 0.635437 -0.0137983 0.00060063 0.00313752
-0.0262286 0.248393 0.557776 -0.0131645 0.00095378 0.00298744
-0.0237064 0.278574 0.598866 -0.0137941 0.00167583 0.00277556
-0.0216113 0.369982 0.6611 -0.0147653 0.00171314 0.00293567
-0.0253452 0.274549 0.577834 -0.0134182 0.00138886 0.00296288
-0.0255782 0.278129 0.578832 -0.0131835 0.00098349 0.0027433
-0.0254144 0.373747 0.658191 -0.0145515 0.00130265 0.00288511
-0.0263705 0.289604 0.569787 -0.0133806 0.00101274 0.00302804
-0.0291098 0.265145 0.56572 -0.0133827 0.00088143 0.00265266
-0.0287407 0.3405 0.629985 -0.0140746 0.00100301 0.00304765
-0.030953 0.346979 0.639036 -0.0143102 0.00098546 0.00308302
-0.0313828 0.271292 0.59349 -0.0134401 0.00084722 0.00288005
-0.0269399 0.313094 0.645375 -0.0142752 0.0009107 0.00303457
-0.0277812 0.345738 0.645545 -0.0143362 0.00091598 0.00312662
-0.0293586 0.264959 0.603922 -0.0140488 0.00076631 0.0030794
-0.0268947 0.297213 0.624061 -0.0139081 0.00082821 0.0029266
-0.031991 0.379046 0.712255 -0.0152058 0.00090411 0.00301428
-0.0310992 0.309701 0.608944 -0.0139978 0.00078599 0.00306044
-0.0241842 0.272422 0.591276 -0.0139424 0.0010976 0.00286081
-0.0232002 0.35445 0.687221 -0.0152304 0.00131577 0.00289332
-0.0299241 0.325358 0.613401 -0.0143101 0.00106111 0.00306681
-0.0314098 0.269523 0.569995 -0.013651 0.00092636 0.00271396
-0.0313668 0.333397 0.626212 -0.0145953 0.00160077 0.00273258
-0.0290846 0.339757 0.623312 -0.0148173 0.00133812 0.00304843
-0.0359208 0.248079 0.55873 -0.0136539 0.00141804 0.00302192
-0.0315936 0.283744 0.592303 -0.0138292 0.0008576 0.00285131
-0.0265415 0.336936 0.628834 -0.0144214 0.00139302 0.00313533
-0.0308203 0.253422 0.571389 -0.0141371 0.00110439 0.00299518
-0.0349147 0.250911 0.576396 -0.014376 0.00108757 0.00267882
-0.0334311 0.377863 0.664043 -0.0151464 0.00104595 0.00300167
-0.0348505 0.315661 0.587594 -0.013694 0.00049368 0.00309513
-0.031832 0.267953 0.570311 -0.0141139 0.00095756 0.00264739
-0.027533 0.356082 0.690857 -0.016226 0.00120856 0.00307732
-0.0259725 0.320114 0.607349 -0.0146176 0.00070805 0.00314238
-0.0304402 0.244264 0.551862 -0.0142226 0.00078062 0.00290858
-0.0278895 0.329567 0.648616 -0.0151902 0.00086024 0.00308859
-0.0257226 0.340883 0.628832 -0.0144917 0.00089012 0.00314723
-0.0296125 0.243481 0.571454 -0.0137759 0.00089598 0.00317746
-0.0242099 0.254106 0.586009 -0.0145118 0.00123389 0.0029754
-0.0228048 0.346428 0.675113 -0.015711 0.00129934 0.00311235
-0.02759 0.291163 0.589133 -0.0142564 0.00110967 0.00318755
-0.0279088 0.246057 0.557687 -0.0142672 0.00119202 0.00280333
-0.0279611 0.344805 0.655094 -0.0155201 0.00115002 0.00316956
-0.0274529 0.36739 0.644828 -0.015449 0.00117877 0.00318333
-0.0342921 0.275802 0.592242 -0.0142333 0.00076722 0.00318826
-0.0244974 0.27756 0.593503 -0.0139946 0.00092187 0.00318805
-0.0248298 0.355851 0.683714 -0.0155983 0.00111188 0.00314185
-0.0319163 0.277115 0.594104 -0.0143218 0.00069885 0.00318797
-0.026186 0.254192 0.561802 -0.0138344 0.00137883 0.00292565
-0.0286267 0.354894 0.67604 -0.0153023 0.00087195 0.00311492
-0.0335947 0.336775 0.657356 -0.0155472 0.00073399 0.0033135
-0.0363464 0.264455 0.60909 -0.0143817 0.00050255 0.00313498
-0.0331222 0.300633 0.631872 -0.014357 0.00043954 0.00323773
-0.030717 0.357963 0.675851 -0.0157397 0.00082745 0.00324715
-0.0325069 0.298634 0.598267 -0.0147475 0.0005518 0.00318979
-0.0309766 0.265646 0.581778 -0.0147945 0.0007447 0.00305308
-0.0352364 0.318644 0.614341 -0.0154708 0.00100886 0.00315981
-0.0342782 0.280031 0.575202 -0.0152159 0.0008458 0.00341263
-0.0303607 0.22617 0.557149 -0.014887 0.00093053 0.00310043
-0.0316374 0.312693 0.639965 -0.0158401 0.00094138 0.00319092
-0.0350418 0.331966 0.623927 -0.0159701 0.00106588 0.00331363
-0.029424 0.254197 0.577298 -0.0154851 0.00087251 0.00315457
-0.0309814 0.291536 0.58308 -0.0154149 0.00091195 0.00309224
-0.0275275 0.367348 0.672536 -0.0169808 0.00098563 0.00313524
-0.0324022 0.286495 0.626562 -0.0166127 0.00082451 0.00358188
-0.0278857 0.250739 0.588443 -0.0155269 0.00068743 0.00312612
-0.0335557 0.325986 0.661887 -0.0164161 0.00074534 0.00328502
-0.0306559 0.307582 0.641645 -0.017169 0.00079803 0.00349453
-0.0357901 0.228117 0.587621 -0.0158209 0.00067686 0.00301868
-0.0334527 0.295929 0.663344 -0.0167821 0.00064769 0.00350717
-0.0379123 0.325233 0.630185 -0.0165992 0.00075636 0.00344373
-0.040873 0.259559 0.603558 -0.0164541 0.00052474 0.00341136
-0.0375159 0.26738 0.613722 -0.01629 0.00075621 0.0031893
-0.0375518 0.35337 0.704079 -0.0178368 0.00068368 0.00325604
-0.0372873 0.268421 0.576077 -0.0162169 0.00067432 0.00336649
-0.0346944 0.238248 0.542315 -0.01683 0.00052129 0.0031194
-0.0388676 0.341288 0.694686 -0.0188419 0.0004804 0.00326025
-0.0361434 0.305289 0.643125 -0.0182945 0.0004184 0.0033882
-0.0409701 0.220909 0.54569 -0.0158392 0.00026532 0.00336226
-0.0443292 0.260915 0.591631 -0.0166201 0.00040117 0.00310948
-0.0357991 0.314912 0.632819 -0.0179174 0.00047096 0.00320617
-0.0372179 0.24275 0.596216 -0.0170893 0.00025361 0.00349334
-0.0358903 0.249036 0.572283 -0.0161548 0.00050296 0.00321488
-0.0264663 0.360539 0.6448 -0.0181577 0.00044299 0.00339309
-0.0281713 0.25583 0.588215 -0.0170542 0.0002982 0.00368581
-0.0269815 0.230028 0.586007 -0.0170276 0.00042467 0.003274
-0.0279452 0.282001 0.625996 -0.0165224 0.00067232 0.00350316
-0.0331816 0.359372 0.569632 -0.0127471 0.00017191 0.00294108
-0.0264002 0.316637 0.637608 -0.0139204 -0.00032091 0.00292145
-0.0260679 0.255313 0.674031 -0.0155599 -5.546e-05 0.00326596
-0.0268365 0.326914 0.659905 -0.0158302 0.00033411 0.00313076
-0.0302387 0.225414 0.646663 -0.0164194 1.229e-05 0.00321529
-0.0310858 0.216353 0.618422 -0.0151841 -3.245e-05 0.00295931
-0.0299806 0.293098 0.612848 -0.0151783 0.00011348 0.00331521
-0.0262739 0.293657 0.584226 -0.0151339 0.00019646 0.00332699
-0.0298343 0.205138 0.539782 -0.0145158 -0.00036931 0.0032531
-0.0277508 0.248024 0.586856 -0.015144 -0.00018976 0.00331101
-0.0282368 0.325504 0.635434 -0.0160827 -0.00024188 0.00378332
-0.0317409 0.255845 0.569325 -0.0150503 -0.00047457 0.00381054
-0.0333781 0.246581 0.569751 -0.0148456 -0.0004955 0.003662
-0.028407 0.324024 0.640061 -0.0162334 -0.00048814 0.00382426
-0.0353369 0.245547 0.579102 -0.0146741 -0.00102644 0.00387887
-0.0351276 0.253727 0.619887 -0.014566 -0.00171002 0.00384034
-0.0355115 0.284124 0.614138 -0.0150352 -0.00096479 0.00371721
-0.027651 0.31427 0.591589 -0.0156615 -0.0004325 0.0038254
-0.0226781 0.252388 0.5656 -0.0152207 -0.0006886 0.00402001
-0.0276237 0.238438 0.632799 -0.0152683 -0.00148284 0.00369976
-0.0313575 0.304897 0.691344 -0.0163326 -0.00170364 0.00404199
-0.0317784 0.264442 0.588348 -0.014712 -0.00139923 0.00396413
-0.0250943 0.236233 0.582592 -0.0144881 -0.00137888 0.00391816
-0.0273818 0.287737 0.627473 -0.014969 -0.00118043 0.00395361
-0.0237574 0.318216 0.603725 -0.0154326 -0.00077237 0.00398277
-0.0256792 0.248301 0.570697 -0.0145575 -0.00067306 0.00384597
-0.0290802 0.265368 0.589014 -0.0145208 -0.00078802 0.00378786
-0.0286287 0.340725 0.662069 -0.0161885 -0.0009687 0.00400053
-0.0312389 0.264493 0.588345 -0.0148411 -0.00079472 0.00399763
-0.0258079 0.249067 0.612203 -0.0152866 -0.00078409 0.00386366
-0.0266306 0.352592 0.685676 -0.0162266 -0.00089553 0.00405662
-0.021162 0.415033 0.671789 -0.016367 -0.00127229 0.00426311
-0.013466 0.275169 0.623231 -0.0161914 -0.00095394 0.00407975
-0.0164246 0.207833 0.638356 -0.0166921 -0.00093328 0.00419162
