-0.0149999 0.0481441 -0.366815 -0.00058631 0.00068996 0
-0.0182347 0.0221421 -0.404127 -0.00050127 0.00056943 7.779e-05
-0.0182779 0.13223 -0.229766 -0.0008759 0.00070909 0
0.022605 0.451398 0.363042 -0.00317226 0.00079624 -0.00051571
0.0394081 0.622725 1.31172 -0.0116846 0.00092696 -0.00043389
0.0506994 0.937241 1.4483 -0.0111147 0.00120926 -0.00085158
0.0553237 1.10464 1.70079 -0.0102542 0.00099588 -0.00079105
0.0580935 1.18434 1.69912 -0.0103433 0.00088466 -0.00076802
0.067902 1.10955 1.70744 -0.00986072 0.00093716 -0.00113043
0.0549276 1.15388 1.69709 -0.00959602 0.00103829 -0.00077209
0.0565622 1.05331 1.71941 -0.00989602 0.00088411 -0.00081996
0.0565636 1.04142 1.65422 -0.0119647 0.00068321 -0.00083509
0.053674 0.910862 1.62153 -0.0117327 0.00101224 -0.00117054
0.0423473 0.943923 1.58694 -0.0117036 0.00082307 -0.00070851
0.0437825 0.839024 1.56017 -0.0102733 0.00101528 -0.00064399
0.0542835 0.980743 1.55823 -0.0097848 0.00104579 -0.00107598
0.050337 0.963809 1.5572 -0.00994033 0.00100444 -0.00104583
0.0552217 0.921201 1.56606 -0.0103307 0.00128879 -0.0011822
0.0538145 0.93456 1.55577 -0.0103226 0.00103428 -0.00116862
0.028175 1.04857 1.6013 -0.00945606 0.00084812 -0.00083509
-0.00424944 1.00012 1.59322 -0.00914636 0.00099967 -0.00128241
-0.00781103 0.909088 1.60127 -0.00889662 0.00113709 -0.00128241
0.0102599 0.97007 1.61826 -0.00722269 0.00148376 -0.00134106
0.0360481 1.3774 2.33563 -0.00351389 0.00181398 -0.00226104
0.0504524 1.7761 2.70822 0.00113236 0.00135493 -0.00105148
0.0262582 1.7209 2.09029 0.00074698 0.00101459 -0.00087851
0.016671 1.73182 2.1713 0.00050291 0.001354 -0.00080616
0.0261091 1.60219 2.18282 0.00091145 0.00161765 -0.00161427
0.0244127 1.4267 2.13702 0.00032838 0.00145019 -0.00102683
0.0243173 1.55583 2.16161 0.00132436 0.00193294 -0.00173293
0.0254961 1.46203 2.18597 0.00164 0.00193089 -0.00125521
0.0148342 1.32308 2.10935 0.00099098 0.00147142 -0.00095156
0.0244008 1.49232 2.14128 0.0025243 0.00197487 -0.00134063
0.0164081 1.51425 2.18382 0.00259647 0.0023564 -0.00142659
0.0207575 1.45448 2.15868 0.00210876 0.00198413 -0.00134928
0.0155104 1.42722 2.11302 0.00144104 0.00186223 -0.00116276
0.0109967 1.62331 2.15402 0.00274767 0.0024298 -0.00173293
0.0126497 1.59734 2.17183 0.00275941 0.00261981 -0.00173293
0.00395475 1.43689 2.13318 0.00163728 0.00169078 -0.0013864
0.00588864 1.61127 2.15616 0.00292098 0.00256767 -0.00173293
0.0120421 1.59695 2.17738 0.00319944 0.00236826 -0.00173293
-0.00756377 1.44463 2.18931 0.00235192 0.00265393 -0.00130722
-0.00361291 1.53769 2.13901 0.00272494 0.00256767 -0.00162283
-0.00241824 1.56421 2.18013 0.00321976 0.00267771 -0.00173293
-0.00688557 1.43082 2.1677 0.00252023 0.00265699 -0.00173293
-0.00760153 1.51132 2.13289 0.00278639 0.00256767 -0.00181978
-0.00680879 1.60524 2.17392 0.00325481 0.00263084 -0.00183901
-0.00890052 1.46295 2.17834 0.00239698 0.00256767 -0.00178113
-0.0105594 1.51799 2.11964 0.00270803 0.00256767 -0.00166105
0.00302741 1.63665 2.17486 0.00370699 0.00256767 -0.00162962
-0.00948321 1.53973 2.17735 0.00333763 0.00256767 -0.0019985
-0.00811633 1.48767 2.12331 0.00275064 0.00256767 -0.00189947
-0.00630127 1.62968 2.16577 0.0036218 0.00261846 -0.00189845
-0.0142953 1.53259 2.16843 0.00327854 0.00256767 -0.00187487
-0.0149128 1.44264 2.10117 0.00305303 0.00236899 -0.00186503
-0.0126089 1.5981 2.13894 0.00362631 0.00246932 -0.00199668
-0.0176154 1.53304 2.13847 0.00389215 0.00230634 -0.00199221
-0.031015 1.37683 2.097 0.00221205 0.0024238 -0.00156832
-0.0332685 1.60642 2.1269 0.00389338 0.00276394 -0.00218207
-0.0387465 1.55816 2.16331 0.00379846 0.00293422 -0.00209007
-0.0388156 1.42315 2.10501 0.00252534 0.00288135 -0.00156006
-0.0278026 1.61259 2.12931 0.00377105 0.00302122 -0.00215799
-0.0343667 1.59774 2.14055 0.00424166 0.00291475 -0.00217848
-0.0392966 1.4134 2.10224 0.00335515 0.00256767 -0.00184282
-0.0395577 1.55676 2.10864 0.0038293 0.00279497 -0.00217049
-0.0443533 1.56302 2.1526 0.00412655 0.00275339 -0.0023484
-0.0631042 1.45256 2.12617 0.00360716 0.0030989 -0.00225096
-0.0561036 1.59168 2.13037 0.0041539 0.00317736 -0.00255413
-0.0557856 1.60251 2.15781 0.00447063 0.00328078 -0.00262084
-0.0664056 1.49758 2.16155 0.00383194 0.00321519 -0.00235622
-0.0655462 1.57979 2.12358 0.00412152 0.00332125 -0.00270855
-0.0655909 1.6142 2.15322 0.00458645 0.0032195 -0.0027561
-0.0766194 1.51162 2.15063 0.00438703 0.00326855 -0.00262944
-0.0767469 1.5341 2.146 0.00415448 0.00346876 -0.00271195
-0.0752707 1.62624 2.16435 0.00463586 0.00344678 -0.00296864
-0.0760937 1.5932 2.18413 0.00466054 0.00327717 -0.00294737
-0.0854338 1.49963 2.16599 0.00371677 0.00343609 -0.00282312
-0.0825563 1.64706 2.16657 0.00467838 0.00349644 -0.00279091
-0.0839028 1.62855 2.18245 0.00477309 0.00367255 -0.00296552
-0.0923875 1.51092 2.17871 0.00377432 0.00375837 -0.00284893
-0.085311 1.61829 2.16231 0.00475891 0.00355814 -0.00313049
-0.0800684 1.63669 2.16343 0.00515569 0.00347947 -0.00307573
-0.0867858 1.53033 2.18103 0.00439435 0.00343491 -0.00289733
-0.0877725 1.58456 2.17542 0.00445717 0.00349279 -0.00323511
-0.0920179 1.80401 2.27229 0.00542906 0.00361775 -0.00338265
-0.100628 1.62365 2.22817 0.00434673 0.00371142 -0.00288275
-0.0907385 1.66655 2.18466 0.0047981 0.00334744 -0.0023655
-0.0916684 1.70456 2.21438 0.00493134 0.00351986 -0.00281776
-0.100508 1.66115 2.22555 0.00492836 0.00359551 -0.00294355
-0.103064 1.55023 2.16782 0.00391396 0.0037265 -0.00302931
-0.0943559 1.70531 2.17717 0.00484335 0.00375908 -0.00294737
-0.100962 1.61845 2.20667 0.00460031 0.00373015 -0.00304356
-0.100746 1.57703 2.15572 0.00422455 0.00375756 -0.00295478
-0.0890396 1.72924 2.19894 0.0052682 0.00372635 -0.00312996
-0.110009 1.63401 2.20966 0.00494326 0.00384767 -0.00311768
-0.116648 1.58368 2.16744 0.00441168 0.00395839 -0.00335026
-0.102233 1.73443 2.18805 0.00505911 0.00406292 -0.00301803
-0.102732 1.64974 2.21573 0.0049543 0.00390562 -0.00325271
-0.11261 1.58675 2.18692 0.00423214 0.00403182 -0.00354279
-0.112654 1.72067 2.19758 0.00511088 0.00414187 -0.00347811
-0.109616 1.6658 2.18877 0.00536429 0.00404396 -0.00347815
-0.123084 1.55506 2.17765 0.00440493 0.00417393 -0.00353467
-0.122975 1.70344 2.17109 0.00575828 0.00430181 -0.00340892
-0.119607 1.66235 2.19995 0.00582691 0.00421446 -0.00347761
-0.115126 1.51454 2.17992 0.00471588 0.00367731 -0.00300169
-0.118692 1.64965 2.15439 0.0054459 0.00392727 -0.00314643
-0.112701 1.6708 2.18671 0.00576584 0.00409896 -0.00331799
-0.122428 1.53425 2.1464 0.00465504 0.00407027 -0.00334766
-0.122816 1.6675 2.15352 0.00533228 0.00411219 -0.00348008
-0.123318 1.68476 2.17675 0.0054047 0.00435924 -0.00355684
-0.123209 1.57897 2.17982 0.00473265 0.00425291 -0.00354899
-0.122799 1.59879 2.12564 0.00535394 0.00442446 -0.0033633
-0.114351 1.71537 2.15428 0.00618038 0.00410507 -0.00329475
-0.118819 1.58896 2.18854 0.00530748 0.00421108 -0.0036145
-0.117358 1.60443 2.1452 0.00534984 0.00426698 -0.0036402
-0.123978 1.68558 2.15643 0.00572356 0.00462206 -0.00364469
-0.130783 1.60299 2.18359 0.00528481 0.00438745 -0.00378518
-0.129215 1.6016 2.14894 0.00540341 0.00459915 -0.00371206
-0.123608 1.71111 2.17557 0.00604254 0.00444418 -0.00377056
-0.131682 1.60365 2.18852 0.00524003 0.00448172 -0.00372104
-0.129828 1.61053 2.15247 0.00533338 0.0045465 -0.00377058
-0.122272 1.7083 2.17187 0.00598065 0.00456521 -0.00368351
-0.129184 1.62308 2.18437 0.00548655 0.00455855 -0.00361203
-0.120822 1.59773 2.13356 0.00571054 0.00452427 -0.00372006
-0.119601 1.73116 2.16154 0.00629751 0.00456118 -0.00357878
-0.128833 1.61539 2.1673 0.00576362 0.00449403 -0.00361659
-0.133464 1.59912 2.11373 0.00577385 0.00454803 -0.00362097
-0.124081 1.70749 2.13258 0.00681668 0.00449883 -0.00341276
-0.140137 1.58154 2.16927 0.00570647 0.00451935 -0.00366061
-0.142637 1.6417 2.11044 0.00648024 0.00475556 -0.00353651
-0.140049 1.68434 2.15236 0.00659589 0.00474907 -0.00356281
-0.140652 1.57634 2.15489 0.00579976 0.0048798 -0.00369296
-0.140289 1.68091 2.10536 0.0064438 0.00474882 -0.00362472
-0.135318 1.70544 2.15357 0.00683963 0.00483861 -0.00369259
-0.143801 1.59258 2.1577 0.00591282 0.00470719 -0.00366102
-0.14346 1.71168 2.11899 0.00698756 0.00467274 -0.00356137
-0.138216 1.70879 2.14376 0.00719478 0.00460326 -0.00364201
-0.149995 1.56203 2.13061 0.00610107 0.00480831 -0.00372895
-0.143528 1.699 2.1024 0.00707629 0.00494967 -0.00375734
-0.136022 1.68214 2.13868 0.00716866 0.00482893 -0.00367097
-0.145226 1.54227 2.121 0.0060236 0.00481067 -0.00360045
-0.142674 1.7131 2.1036 0.00734624 0.00498175 -0.00344977
-0.129369 1.68652 2.12114 0.00751625 0.00456779 -0.0033354
-0.141955 1.58291 2.13936 0.00694544 0.00438836 -0.00334453
-0.134369 1.67146 2.14601 0.00713223 0.00439607 -0.0036743
-0.130504 1.73875 2.18744 0.0072866 0.00469175 -0.00343633
-0.14296 1.62901 2.18152 0.00655034 0.00441288 -0.00370961
-0.123131 1.63831 2.09147 0.00722665 0.00438185 -0.00347494
-0.122367 1.70082 2.12759 0.00745433 0.00434357 -0.00331779
-0.1281 1.61788 2.13597 0.00679075 0.00439005 -0.00340359
-0.139583 1.64621 2.08477 0.00688975 0.00466393 -0.00347837
-0.126353 1.73111 2.12468 0.00754043 0.0045011 -0.00332229
-0.134897 1.58174 2.12218 0.00684623 0.00443059 -0.00368956
-0.132907 1.6924 2.08756 0.0071243 0.00483308 -0.00313637
-0.121601 1.73865 2.15676 0.00769106 0.00413743 -0.00299254
-0.125337 1.58829 2.09108 0.00799059 0.00339245 -0.00268498
-0.127605 1.71073 2.11942 0.00806927 0.00346005 -0.00233312
-0.123558 1.74124 2.15688 0.00814404 0.00381981 -0.00239944
-0.132279 1.62212 2.12613 0.00781854 0.00367883 -0.00276726
-0.128334 1.69845 2.11604 0.00780619 0.00407329 -0.0028249
-0.123608 1.74988 2.1668 0.00778576 0.00398834 -0.00295201
-0.137832 1.63046 2.16831 0.00711255 0.00394799 -0.0030792
-0.137758 1.73582 2.13022 0.00753246 0.00414188 -0.00301795
-0.130744 1.74998 2.15918 0.00757499 0.00410099 -0.00303799
-0.137059 1.6194 2.12112 0.00766525 0.00390889 -0.00285166
-0.126989 1.71738 2.11009 0.00791158 0.00384655 -0.00267823
-0.128316 1.72425 2.1308 0.00801003 0.00382398 -0.00264545
-0.138564 1.56222 2.13306 0.007426 0.00388288 -0.00275504
-0.138879 1.69904 2.12269 0.00786097 0.00400003 -0.00296398
-0.143011 1.74 2.16767 0.00777722 0.00398645 -0.00271339
-0.1331 1.60298 2.15931 0.00679891 0.00387949 -0.00309388
-0.13531 1.70838 2.13713 0.00729066 0.00375908 -0.00274009
-0.138596 1.77122 2.16607 0.00745413 0.00398331 -0.00288762
-0.141036 1.6519 2.17472 0.00669413 0.00400421 -0.00274983
-0.136758 1.75146 2.13527 0.00737731 0.00369952 -0.00256131
-0.138222 1.78751 2.17129 0.00750376 0.0040647 -0.00289998
-0.154609 1.67725 2.19137 0.00693282 0.0040694 -0.00267125
-0.15915 1.70017 2.15819 0.00712289 0.00426829 -0.00270866
-0.146559 1.80529 2.17721 0.00769072 0.00437217 -0.00307962
-0.151194 1.70625 2.19902 0.00738449 0.00436254 -0.00312069
-0.161213 1.65153 2.15207 0.00710971 0.00451996 -0.00330916
-0.152178 1.80065 2.16113 0.00774508 0.00454571 -0.00339189
-0.153616 1.7461 2.17369 0.00762716 0.0045511 -0.00330797
-0.162255 1.63979 2.13922 0.00698869 0.00459183 -0.00362846
-0.156315 1.78496 2.1155 0.00762259 0.00475344 -0.00339156
-0.151655 1.75059 2.11466 0.00800772 0.00479536 -0.00342229
-0.150149 1.55943 2.01447 0.00781989 0.00434186 -0.00329119
-0.148669 1.68118 2.02454 0.00844952 0.00445447 -0.00325762
-0.153579 1.6744 2.07146 0.00811519 0.00443538 -0.00368322
-0.169762 1.55242 2.03469 0.00781581 0.00485919 -0.0035842
-0.155213 1.70085 2.06192 0.00841162 0.00468187 -0.00354144
-0.157986 1.68192 2.08606 0.00830658 0.00473287 -0.00373339
-0.169927 1.59108 2.0346 0.00768059 0.00481363 -0.0038023
-0.15892 1.72028 2.03645 0.0084074 0.00482306 -0.00359369
-0.159295 1.68738 2.05557 0.00851767 0.00470304 -0.00369728
-0.154314 1.58571 2.05903 0.00763083 0.00467818 -0.00365335
-0.15753 1.71478 2.07078 0.00844751 0.00471432 -0.00361748
-0.165297 1.69571 2.09312 0.00871133 0.00483983 -0.00388509
-0.18341 1.5932 2.08363 0.00792028 0.00482849 -0.00360687
-0.198365 1.71214 2.06541 0.00864326 0.00510527 -0.00391175
-0.207962 1.72955 2.09844 0.00875289 0.00581036 -0.00379724
-0.212447 1.64121 2.10657 0.0079245 0.00586983 -0.0044522
-0.213259 1.68124 2.0732 0.00817527 0.00581637 -0.00425503
-0.203191 1.7545 2.0925 0.00868776 0.00586049 -0.00426011
-0.202501 1.67316 2.15316 0.00793772 0.00528071 -0.00443814
-0.175503 1.75922 2.40781 0.00588718 0.00497542 -0.00472279
-0.191091 1.92267 2.41626 0.00595427 0.00478644 -0.0044659
-0.201205 1.86999 2.44197 0.00500574 0.00505184 -0.0048325
-0.19291 1.83921 2.47035 0.00460448 0.00480529 -0.00482442
-0.195762 1.971 2.48627 0.00474494 0.00490433 -0.00461676
-0.187597 1.96261 2.53144 0.00480299 0.00466161 -0.00494327
-0.182333 2.04837 2.66004 0.00456535 0.00419201 -0.00447137
-0.175671 2.28892 2.79569 0.00420509 0.00497561 -0.00459963
-0.201165 2.41117 3.00922 0.00123894 0.00668082 -0.00456669
-0.203626 2.40447 3.17188 -0.00125657 0.00756901 -0.00462136
-0.215272 2.4298 3.17666 -0.00114848 0.00766466 -0.00471557
-0.214504 2.47904 3.2304 -0.00116169 0.00786161 -0.00481696
-0.204215 2.41478 3.2444 -0.00145486 0.00761161 -0.00410455
-0.193916 2.23807 3.21249 -0.00166894 0.00740005 -0.00386084
-0.178025 2.27901 3.24603 -0.0015133 0.00689135 -0.0036189
-0.17464 2.24614 3.27624 -0.00085092 0.00689135 -0.00367084
-0.19057 2.2462 3.28634 0.00013214 0.00696046 -0.00371089
-0.252794 2.18527 3.21579 0.00161965 0.00707433 -0.00444816
-0.234578 2.26178 3.22587 0.00218707 0.00693468 -0.00383749
-0.202288 2.26126 3.22577 0.00219623 0.00667575 -0.00360861
-0.220045 2.24898 3.2594 0.00291095 0.00644373 -0.00362782
-0.223332 2.26073 3.21191 0.00247244 0.00667479 -0.00371209
-0.223084 2.3035 3.23405 0.00267266 0.0065887 -0.00376018
-0.240121 2.30074 3.25955 0.00297434 0.00644178 -0.00376253
-0.23878 2.25783 3.25591 0.00282413 0.00656266 -0.00368118
-0.248248 2.32354 3.24692 0.00273574 0.00684014 -0.00369331
-0.23847 2.30106 3.27503 0.00298864 0.00678331 -0.00388504
-0.256489 2.23901 3.25353 0.00330469 0.00726156 -0.00401633
-0.261569 2.28776 3.21469 0.00358534 0.00730226 -0.00401789
-0.248883 2.29905 3.25779 0.00362823 0.00766945 -0.00414921
-0.265266 2.26126 3.26309 0.00369121 0.00745615 -0.00393471
-0.258283 2.25797 3.17493 0.00463165 0.00669897 -0.00383238
-0.243631 2.32028 3.19986 0.00475197 0.00625478 -0.00367235
-0.250207 2.25547 3.18174 0.00488213 0.00600527 -0.00352208
-0.247834 2.27156 3.15694 0.00500992 0.00621796 -0.00340924
-0.249712 2.31024 3.20014 0.00510232 0.00608283 -0.00348841
-0.261494 2.24877 3.17999 0.00516274 0.00624888 -0.00359584
-0.260868 2.31326 3.20287 0.00461659 0.00654762 -0.00363955
-0.264159 2.29289 3.22519 0.00476142 0.0066415 -0.00370023
-0.272518 2.23618 3.20678 0.0049106 0.00690784 -0.00372424
-0.268422 2.29509 3.20435 0.00513334 0.00683845 -0.00363833
-0.27005 2.30124 3.24269 0.00539741 0.00705249 -0.00351628
-0.270544 2.23681 3.16928 0.00586615 0.00664836 -0.00338393
-0.249061 2.30608 3.10916 0.00640201 0.00541793 -0.0032644
-0.231132 2.15595 2.84039 0.0067208 0.00452996 -0.0032118
-0.218929 1.99704 2.69257 0.00639655 0.00419385 -0.00278288
-0.209446 2.07857 2.68738 0.00580475 0.00403906 -0.00267656
-0.211037 2.02623 2.71485 0.00631163 0.00435617 -0.00284123
-0.212284 1.94365 2.68205 0.00594072 0.00381791 -0.00264605
-0.217586 2.05875 2.67405 0.00645389 0.00426606 -0.00259072
-0.218792 2.07636 2.71537 0.0066387 0.00411996 -0.00252243
-0.23801 2.03078 2.69696 0.00650969 0.00436851 -0.00287127
-0.230391 2.10035 2.68269 0.00647046 0.00455909 -0.00299722
-0.228225 2.13092 2.72656 0.00629868 0.00450668 -0.00285549
-0.224384 2.02743 2.65655 0.0067456 0.0044644 -0.00278821
-0.193099 1.86341 2.42892 0.00355608 0.00344617 -0.00240711
-0.128933 1.84612 2.54751 0.002012 0.00173936 -0.00221133
-0.138008 2.04094 2.66925 0.00318305 0.0024124 -0.00256583
-0.165753 2.04368 2.68831 0.00310074 0.00287683 -0.00278437
-0.188402 1.99059 2.71043 0.00338555 0.00365239 -0.00293265
-0.19369 2.15389 2.77192 0.00392948 0.00387362 -0.00321593
-0.216743 2.13487 2.84963 0.00445047 0.00473119 -0.00322214
-0.228758 2.12425 2.83836 0.00487153 0.00497292 -0.00357098
-0.218605 2.19586 2.86032 0.00521487 0.00508132 -0.003469
-0.226191 2.12969 2.86832 0.00577456 0.00470488 -0.00326738
-0.214452 2.16119 2.83292 0.00573645 0.00467333 -0.00316727
-0.212246 2.17046 2.86637 0.00583526 0.00506126 -0.00330951
-0.227901 2.1174 2.87256 0.0054646 0.00507421 -0.0033675
-0.241589 2.10508 2.84782 0.00563741 0.00507337 -0.00338149
-0.24363 2.19129 2.89043 0.00524789 0.00561313 -0.00364662
-0.254179 2.15361 2.90737 0.00543892 0.00574439 -0.00385686
-0.258209 2.12357 2.8757 0.00584745 0.00568127 -0.00385362
-0.263214 2.21678 2.91207 0.00544063 0.00623997 -0.00391924
-0.26485 2.18792 2.97955 0.00529021 0.00646078 -0.00396246
-0.259277 2.21039 2.99465 0.004915 0.00602035 -0.00371776
-0.260288 2.2745 3.17774 0.00394229 0.0072639 -0.00384551
-0.269174 2.24895 3.20332 0.00415846 0.00724953 -0.00378047
-0.286806 2.26509 3.17374 0.00393228 0.00754108 -0.00374656
-0.284675 2.31767 3.2861 0.00364409 0.00768552 -0.00374705
-0.289611 2.26326 3.29303 0.00392649 0.00754143 -0.00362794
-0.297094 2.28634 3.2727 0.00379902 0.0077237 -0.00354182
-0.305628 2.3316 3.35942 0.0037875 0.00828845 -0.00369209
-0.318229 2.26927 3.34127 0.00395008 0.00823204 -0.00370746
-0.291578 2.31086 3.30269 0.003805 0.00761731 -0.00352326
-0.29065 2.33841 3.39718 0.004135 0.00810916 -0.00343131
-0.301371 2.2853 3.45066 0.00399876 0.0086333 -0.00358573
-0.317374 2.35859 3.44398 0.00424215 0.00845002 -0.00354257
-0.306818 2.34815 3.441 0.00430405 0.00868737 -0.00365911
-0.324533 2.3068 3.44743 0.00442748 0.00860731 -0.00347241
-0.320052 2.34878 3.44081 0.00446931 0.0086658 -0.00360765
-0.322369 2.37721 3.47742 0.00446931 0.00886603 -0.00372113
-0.333033 2.34848 3.47803 0.00466599 0.00908806 -0.00403612
-0.338339 2.32249 3.45708 0.00432774 0.00898206 -0.00408429
-0.335405 2.37128 3.48029 0.00433832 0.00925067 -0.00404836
-0.33666 2.35367 3.48549 0.00452521 0.00914901 -0.00393684
-0.342354 2.32069 3.44826 0.00453666 0.00897139 -0.00409719
-0.34041 2.36933 3.45795 0.00446931 0.00901847 -0.00405991
-0.341177 2.36027 3.46926 0.00446931 0.00917733 -0.00419558
-0.343252 2.32838 3.45645 0.00473912 0.00909739 -0.00431077
-0.346224 2.35442 3.43415 0.00458898 0.00912452 -0.00420762
-0.346003 2.3822 3.46281 0.0046755 0.009254 -0.00420025
-0.361732 2.34321 3.46389 0.00453995 0.00941387 -0.00424501
-0.350761 2.34145 3.43078 0.00443267 0.00878747 -0.00410452
-0.349786 2.39108 3.47852 0.00466695 0.00930321 -0.00415876
-0.35879 2.36252 3.49874 0.00463548 0.00926433 -0.00409549
-0.368142 2.33737 3.48111 0.00479987 0.00916534 -0.00397719
-0.365149 2.40133 3.50409 0.00483935 0.00931823 -0.00392395
-0.37364 2.38211 3.52296 0.00500785 0.00957486 -0.00405098
-0.397196 2.34562 3.51905 0.00500299 0.0099827 -0.00428913
-0.394039 2.40201 3.50816 0.00512455 0.0100325 -0.00431327
-0.391629 2.40143 3.52313 0.00518067 0.00996232 -0.00434263
-0.409227 2.36201 3.51351 0.00501699 0.0100471 -0.00430377
-0.379474 2.41047 3.51527 0.00490337 0.00958437 -0.00417798
-0.355798 2.38406 3.40806 0.00376349 0.00722159 -0.0033832
-0.299029 2.06137 3.04699 -0.00273518 0.00491087 -0.002244
-0.316524 2.17579 3.32912 -0.00385162 0.00664978 -0.00316838
-0.344449 2.2454 3.49307 -0.00305787 0.00798249 -0.00336713
-0.37469 2.26894 3.57153 -0.00121233 0.00872059 -0.00354301
-0.370209 2.39051 3.68076 -0.0002991 0.00796118 -0.00349201
-0.377329 2.37894 3.7303 -8.187e-05 0.00723388 -0.00364875
-0.386952 2.37536 3.72225 7.207e-05 0.00770628 -0.00370972
-0.365424 2.44388 3.77801 -0.00030155 0.0073685 -0.00361787
-0.368391 2.39472 3.80664 -0.00019651 0.00736189 -0.00338743
-0.358999 2.37547 3.81172 -0.00023863 0.00718964 -0.00301836
-0.361671 2.4276 3.81449 -0.00039824 0.00727179 -0.00333494
-0.361959 2.40513 3.82924 6.03e-06 0.00743826 -0.00342227
-0.373521 2.38541 3.84224 0.0003306 0.00743826 -0.0033503
-0.375333 2.38514 3.78507 0.00056605 0.00743826 -0.00336409
-0.367412 2.42587 3.82911 0.00043292 0.00743826 -0.00344806
-0.371618 2.41306 3.84703 0.00068432 0.00743826 -0.00360064
-0.36625 2.3858 3.78544 0.0011241 0.00765122 -0.00346183
-0.353806 2.43461 3.78879 0.00070728 0.00743826 -0.00328722
-0.355676 2.43061 3.82122 0.0008272 0.00743826 -0.00337232
-0.369364 2.39755 3.81742 0.00104169 0.00758204 -0.00325993
-0.369684 2.42656 3.82201 0.00087866 0.00743826 -0.00323544
-0.369727 2.42239 3.81801 0.00074336 0.00743826 -0.00333939
-0.363592 2.41381 3.8293 0.00105066 0.00743826 -0.00326165
-0.376159 2.38014 3.80514 0.00124279 0.00743826 -0.00328466
-0.37501 2.41833 3.80965 0.00109694 0.00758965 -0.00338079
-0.362877 2.42244 3.80318 0.00122579 0.00743826 -0.00339096
-0.371428 2.37989 3.78338 0.00152903 0.00780091 -0.00318621
-0.361395 2.41062 3.79256 0.0013643 0.0075813 -0.00317668
-0.35964 2.43016 3.80971 0.00144507 0.00743826 -0.00315537
-0.366581 2.40386 3.80819 0.00152824 0.00755214 -0.00313143
-0.379621 2.37222 3.76861 0.00172969 0.00816402 -0.00311144
-0.366934 2.42435 3.77108 0.00180561 0.00760701 -0.00299245
-0.365102 2.40772 3.79578 0.00214011 0.00771647 -0.00311989
-0.375918 2.37261 3.80304 0.00226998 0.00774353 -0.00290745
-0.381959 2.43107 3.82422 0.00211447 0.00786094 -0.00310215
-0.377677 2.42892 3.81703 0.00212296 0.00777876 -0.00320426
-0.351272 2.34986 3.409 0.00544014 0.00812682 -0.00261929
-0.33698 2.36543 3.45229 0.00517212 0.00818884 -0.00259485
-0.313029 2.38874 3.55391 0.00527229 0.00682519 -0.002007
-0.336408 2.35269 3.5312 0.00556602 0.00745196 -0.00204576
-0.345507 2.38081 3.50764 0.00556346 0.0083143 -0.00207678
-0.34388 2.40508 3.53472 0.0056546 0.00826082 -0.00213203
-0.338321 2.35809 3.48706 0.00600408 0.00787645 -0.0021466
-0.322978 2.38463 3.48025 0.00557041 0.00698678 -0.00183532
-0.339702 2.4258 3.58859 0.00521423 0.00810722 -0.00244845
-0.363385 2.38774 3.62944 0.00477151 0.00812326 -0.00251676
-0.364668 2.37466 3.53951 0.00493701 0.008718 -0.00227226
-0.329768 2.42167 3.59293 0.00477087 0.00788508 -0.00176534
-0.302752 2.36152 3.58819 0.00484451 0.00698286 -0.00131386
-0.296959 2.39823 3.61305 0.00445351 0.00685862 -0.00129574
-0.315696 2.40378 3.67024 0.00436886 0.00732668 -0.00169367
-0.345892 2.36005 3.64933 0.00488782 0.0076537 -0.00173489
-0.354185 2.41354 3.66719 0.00487249 0.00785873 -0.00187267
-0.354692 2.42769 3.67074 0.00521788 0.00810873 -0.00232127
-0.370737 2.39182 3.67569 0.00542638 0.00810873 -0.0021333
-0.377995 2.39193 3.64598 0.00540869 0.00810873 -0.00234005
-0.377041 2.44448 3.71014 0.00472447 0.00845715 -0.00268391
-0.336132 2.40766 3.68064 0.0049479 0.00746971 -0.00180428
-0.342187 2.38504 3.63901 0.00445287 0.00778606 -0.00167364
-0.350332 2.43659 3.6606 0.00460581 0.00810873 -0.00216303
-0.361188 2.42255 3.62688 0.00521812 0.00810873 -0.00242252
-0.376936 2.36385 3.57405 0.00542115 0.00842417 -0.00247734
-0.382569 2.4295 3.5663 0.00589871 0.0089449 -0.00246701
-0.371685 2.4062 3.58957 0.00586847 0.00900895 -0.00281051
-0.390974 2.37862 3.62637 0.00594765 0.0086053 -0.00247057
-0.390888 2.39978 3.61945 0.00581563 0.00834628 -0.00241656
-0.3796 2.4427 3.6543 0.00555455 0.00884266 -0.00289711
-0.383778 2.42264 3.65709 0.00530663 0.00886833 -0.00290286
-0.405841 2.3996 3.64517 0.00509668 0.00900895 -0.00289647
-0.379836 2.46908 3.60165 0.00535336 0.00853922 -0.0030473
-0.369904 2.41897 3.60999 0.00502487 0.00900895 -0.00293335
-0.352685 2.36253 3.54664 0.00480049 0.00843413 -0.00263542
-0.333074 2.40734 3.55255 0.00443787 0.00808609 -0.00270572
-0.332924 2.36964 3.56147 0.00445504 0.00736736 -0.00229172
-0.343388 2.35165 3.54251 0.00451651 0.00836858 -0.00279965
-0.334951 2.41019 3.58255 0.00479813 0.00836858 -0.00291061
-0.357825 2.36535 3.6008 0.00475814 0.00836858 -0.00287528
-0.368545 2.36555 3.58581 0.0047761 0.00867832 -0.00278591
-0.354617 2.42021 3.61465 0.00455812 0.00834973 -0.0028943
-0.352274 2.37471 3.61251 0.00472214 0.00829148 -0.00267253
-0.345704 2.37077 3.56339 0.00485977 0.00786997 -0.00244582
-0.332738 2.42047 3.60721 0.00464112 0.00757281 -0.0024521
-0.336459 2.37403 3.55983 0.00517591 0.00747446 -0.00239448
-0.326577 2.36132 3.49797 0.00504985 0.00800156 -0.00220485
-0.289062 2.39283 3.56406 0.00479049 0.00715782 -0.00198952
-0.319545 2.37089 3.59997 0.00469592 0.00751251 -0.00227955
-0.353109 2.3627 3.56855 0.00504369 0.00847587 -0.0026469
-0.333818 2.40448 3.49277 0.00514798 0.00863024 -0.0026683
-0.317596 2.27138 3.25027 0.00422795 0.00647826 -0.00248265
-0.356888 2.25488 3.08274 0.00213934 0.00661621 -0.00307037
-0.289337 2.23218 3.08118 0.00365699 0.00580198 -0.00213864
-0.268258 2.25712 3.05767 0.00458443 0.00541245 -0.00195493
-0.294328 2.19724 2.98377 0.00582473 0.00467764 -0.00209028
-0.311456 2.29462 3.12245 0.00505092 0.00597527 -0.00227028
-0.304307 2.29329 3.08602 0.00534983 0.00559876 -0.0023241
-0.304202 2.23018 3.01803 0.00612655 0.0045789 -0.00220972
-0.294128 2.26687 2.96648 0.006321 0.00456068 -0.00213607
-0.295202 2.29358 3.02432 0.00651908 0.0047123 -0.00221353
-0.303785 2.2577 3.01039 0.00645414 0.00462501 -0.00222291
-0.303263 2.17221 2.8553 0.00631701 0.00460093 -0.00208137
-0.26764 2.18273 2.85785 0.00623787 0.00426786 -0.00193609
-0.268167 2.15825 2.86934 0.0061001 0.00437898 -0.0019048
-0.286524 2.09386 2.83879 0.0058047 0.00428452 -0.00174147
-0.289675 2.19293 2.87321 0.00606319 0.00461549 -0.00191279
-0.290728 2.18038 2.8967 0.00641938 0.00453076 -0.00215658
-0.303756 2.09604 2.87328 0.0062958 0.00474847 -0.00197641
-0.299591 2.17599 2.84603 0.00603972 0.00447894 -0.00200013
-0.300171 2.19931 2.87065 0.00595055 0.00473529 -0.00203031
-0.299478 2.16611 2.88161 0.00629305 0.00450345 -0.00194739
-0.277342 2.1035 2.79057 0.00579087 0.0041268 -0.0014259
-0.265545 2.18661 2.84748 0.00610971 0.00392984 -0.00120477
-0.278208 2.17182 2.86942 0.00566151 0.00422749 -0.001635
-0.281327 2.13111 2.8872 0.00578604 0.00391771 -0.00105593
-0.26762 2.19486 2.85545 0.00565658 0.00391771 -0.00111879
-0.272839 2.19404 2.87586 0.00538909 0.00426446 -0.00146469
-0.272857 2.16729 2.88382 0.00563712 0.00446372 -0.00136766
-0.29275 2.1219 2.89739 0.00587197 0.00391771 -0.00142923
-0.296417 2.22414 2.90916 0.00546961 0.00433718 -0.0014298
-0.289384 2.31894 3.03963 0.00330081 0.00599712 -0.0017398
-0.293755 2.70107 2.99781 0.00569583 0.0041412 -0.00172011
-0.315913 3.06141 3.02826 0.00897783 0.00345295 -0.00087479
-0.313411 3.3556 3.13157 0.0107045 0.0037276 -0.00052983
-0.317301 3.46243 3.14341 0.0111036 0.00294255 -0.00049567
-0.325344 3.54105 3.10755 0.0119601 0.00320081 -0.0005064
-0.335914 3.74712 3.13616 0.0125689 0.00353646 -0.00109228
-0.338944 3.76943 3.16772 0.0134146 0.00360927 -0.00161931
-0.341174 3.78186 3.10839 0.0145346 0.00330916 -0.0015226
-0.327835 3.93249 3.05713 0.016711 0.00411256 -0.00149655
-0.33608 3.99742 3.04965 0.0180843 0.00458409 -0.00205041
-0.34595 3.93558 3.05948 0.0187203 0.00507726 -0.00235984
-0.358335 3.89144 3.02563 0.0190594 0.00506466 -0.00213354
-0.343378 4.05641 3.05468 0.0189954 0.00530336 -0.00233692
-0.340156 3.99857 3.03578 0.0192464 0.00506466 -0.00202831
-0.339939 3.92393 3.01136 0.0199814 0.00488036 -0.00204116
-0.325187 4.12374 3.03448 0.0200833 0.00495355 -0.00212775
-0.319658 4.19089 3.00917 0.0238489 0.00491403 -0.00197918
-0.322446 4.03054 3.00356 0.0246565 0.00549237 -0.00186182
-0.307629 4.29305 3.03009 0.0258059 0.00480609 -0.00203611
-0.297739 4.29611 3.07573 0.0262631 0.00438905 -0.00186171
-0.311898 4.21305 3.03857 0.0263354 0.00506873 -0.0019953
-0.31087 4.28923 3.02016 0.0268669 0.00498997 -0.00209603
-0.304451 4.3347 3.06248 0.0268489 0.00487969 -0.00209078
-0.294516 3.92629 3.01639 0.0273527 0.00468001 -0.00193028
-0.278866 3.43013 2.98267 0.0246005 0.00555773 -0.00153367
-0.232824 3.35556 3.08541 0.0238316 0.00424791 -0.00095959
-0.222325 3.13827 3.0951 0.0211735 0.00403108 -0.00108084
-0.227406 2.88101 2.99417 0.0198216 0.0044111 -0.00106137
-0.259678 3.33772 2.97112 0.019776 0.00452679 -0.00157322
-0.274216 3.61291 2.95298 0.0191982 0.00415208 -0.00171714
-0.278394 3.60062 2.9886 0.0204982 0.00452888 -0.00164219
-0.277392 3.69982 2.97125 0.0217996 0.00463362 -0.00171352
-0.259286 3.68462 3.05954 0.020974 0.00426657 -0.00171143
-0.262272 3.70949 3.03989 0.0213052 0.00377117 -0.0013832
-0.213738 3.30244 3.24276 0.0181751 0.00323082 -0.00083676
-0.23651 3.55183 3.20118 0.0203892 0.00373953 -0.00145037
-0.252806 3.52834 3.16325 0.0205424 0.00387712 -0.00166059
-0.254118 3.4015 3.19071 0.0205302 0.00366618 -0.00130882
-0.275232 3.69407 3.14671 0.0218896 0.00425834 -0.00160989
-0.287515 3.70591 3.16518 0.0210344 0.0039249 -0.00157685
-0.287141 3.63246 3.14429 0.0212679 0.00401156 -0.00146264
-0.286561 3.74502 3.10949 0.0214161 0.00392554 -0.00140188
-0.283746 3.75901 3.15363 0.0220451 0.00389514 -0.00152422
-0.286075 3.57089 3.21706 0.021265 0.00368132 -0.00136677
-0.291528 3.68678 3.18397 0.0224236 0.00427077 -0.00148095
-0.288006 3.75694 3.16137 0.0223385 0.00432822 -0.00150893
-0.280603 3.61328 3.17465 0.0217237 0.00418577 -0.00161551
-0.28746 3.70552 3.12734 0.0228142 0.00428155 -0.00140598
-0.287217 3.75671 3.13604 0.022835 0.00406044 -0.00146809
-0.297533 3.68118 3.09756 0.022626 0.00380917 -0.00144887
-0.282696 3.7798 3.09979 0.0229353 0.00367924 -0.00145892
-0.297493 3.73379 3.10592 0.022601 0.00378932 -0.00148109
-0.307343 3.66869 3.0565 0.0233442 0.00407515 -0.00145672
-0.300756 3.81128 3.0489 0.0239672 0.00432385 -0.0015884
-0.297628 3.76057 3.07865 0.0239104 0.00422728 -0.00183442
-0.318988 3.74569 3.06784 0.0240248 0.00416534 -0.00178507
-0.308646 3.94643 3.06218 0.0232083 0.00403123 -0.00193908
-0.306979 3.95864 3.04267 0.0201171 0.00363471 -0.00162016
-0.301935 3.82799 3.06025 0.016158 0.00333274 -0.00136205
-0.287665 3.75326 3.00488 0.0103831 0.00195786 -0.00087289
-0.297174 3.53258 3.02443 0.00062783 0.00475318 -0.00118947
-0.282037 3.06805 3.16272 -0.0106833 0.00383716 -0.00080396
-0.293795 3.14406 3.14157 -0.0086555 0.00370468 -0.0007821
-0.29564 3.27047 3.1691 -0.00760953 0.00422773 -0.00093326
-0.294133 3.30089 3.16299 -0.00703865 0.00401604 -0.00096249
-0.27538 3.1959 3.13848 -0.00976084 0.00428896 -0.00093663
-0.294048 3.17716 3.16197 -0.0129911 0.00478547 -0.0017991
-0.423553 2.58315 3.13005 -0.0256601 0.00954034 -0.00504016
-0.238415 2.20477 3.27297 -0.0234278 0.00191607 0.00050928
-0.231907 2.37742 3.27393 -0.0207767 0.00190999 0.0001521
-0.24692 2.39015 3.27649 -0.0207185 0.00190999 2.152e-05
-0.263748 2.3865 3.21676 -0.0205432 0.00211579 -0.00020576
-0.2741 2.5554 3.23587 -0.0202197 0.00273783 -0.00058934
-0.284386 2.56871 3.25414 -0.0198092 0.00288412 -0.00086188
-0.289429 2.45393 3.20048 -0.0200225 0.0029292 -0.00082719
-0.287968 2.55359 3.20035 -0.0203292 0.00276286 -0.00081641
-0.300509 2.56904 3.25204 -0.0199616 0.00301836 -0.00071258
-0.295709 2.40499 3.2293 -0.0200377 0.00286032 -0.00053529
-0.299129 2.55803 3.22817 -0.0200437 0.00274536 -0.00056666
-0.312893 2.72158 3.26296 -0.0189184 0.00315928 -0.00100387
-0.323246 2.69197 3.3144 -0.0179074 0.00347402 -0.00103712
-0.328918 2.78212 3.32254 -0.0179169 0.00367009 -0.00115321
-0.336222 2.85389 3.36583 -0.0174352 0.00352154 -0.00107175
-0.337817 2.79926 3.36152 -0.0174364 0.00354904 -0.00089715
-0.327353 2.75465 3.34586 -0.0175063 0.00340211 -0.00048508
-0.318391 2.86592 3.41214 -0.0178491 0.00297999 -0.00063288
-0.330658 2.76432 3.43409 -0.0176368 0.00318586 -0.00031018
-0.373035 2.93093 3.38166 -0.0181712 0.00349483 -0.00035739
-0.382977 3.00301 3.35259 -0.0178199 0.00336857 -0.00049029
-0.405056 2.99895 3.29836 -0.0164562 0.00416637 -0.00057914
-0.401353 3.14778 3.31151 -0.015956 0.00376747 -0.00089397
-0.397807 3.15848 3.38236 -0.0155897 0.00409538 -0.00117399
-0.408063 3.07884 3.36726 -0.014997 0.00421045 -0.00129298
-0.407119 3.23152 3.3823 -0.0151424 0.00433778 -0.001141
-0.416622 3.1978 3.38999 -0.0148039 0.00469355 -0.00126678
-0.407434 3.18766 3.34408 -0.0137578 0.00426386 -0.00123008
-0.430313 3.50873 3.34326 -0.0119122 0.00458306 -0.00214395
-0.461135 4.26836 3.21633 0.00919516 0.00546459 -0.00281591
-0.453788 4.24237 3.19989 0.0148241 0.00530235 -0.00222275
-0.431827 4.33595 3.21744 0.0132293 0.00466891 -0.00238086
-0.432118 4.29435 3.23993 0.0132186 0.00397336 -0.00244807
-0.447852 4.23723 3.20399 0.0134563 0.00414417 -0.00261821
-0.424794 4.32477 3.20365 0.013697 0.00404493 -0.0023348
-0.423892 4.25692 3.20367 0.0140443 0.00361443 -0.00190773
-0.389156 4.17733 3.17073 0.0123001 0.00274 -0.00125347
-0.334036 4.18 3.25253 0.014437 0.00203425 -0.00085844
-0.333832 4.18394 3.25471 0.0140989 0.00183944 -0.00072395
-0.3294 4.11891 3.21797 0.0142124 0.00142088 -0.00072697
-0.332247 4.22676 3.24319 0.0143609 0.00149709 -0.00081729
-0.332714 4.20276 3.25713 0.0147417 0.00173974 -0.00075843
-0.342684 4.17597 3.23471 0.0149911 0.00142688 -0.00090439
-0.352116 4.33415 3.2678 0.0153922 0.0013021 -0.00097516
-0.3373 4.28166 3.25574 0.015431 0.00129481 -0.00087301
-0.282754 3.73525 3.28296 0.0133275 0.00099969 0.00033126
-0.256239 3.58488 3.28958 0.0121649 0.00041751 0.00085693
-0.260311 3.50055 3.24859 0.0117635 9.338e-05 0.0003193
-0.246377 3.32029 3.17402 0.0113929 0.00023535 0.00035671
-0.263372 3.13427 3.04054 0.0109225 0.00025088 0.00096615
-0.260937 3.09093 3.03024 0.01058 9.707e-05 0.00078263
-0.238224 2.90122 3.06469 0.00910797 0.00081788 0.00065682
-0.197112 2.77533 3.11024 0.00805862 -0.00035037 0.00085901
-0.217378 3.23571 3.10228 0.0082366 -0.00054697 0.00072297
-0.231755 3.33308 3.05452 0.00855867 -3.252e-05 0.00067043
-0.207661 3.32921 3.08352 0.00949584 -0.00021042 0.00118338
-0.183512 3.03485 3.1328 0.00618621 0.00020945 0.00119243
-0.124744 2.65536 3.31302 0.00359271 -3.252e-05 0.00172105
-0.110279 2.47442 3.13778 0.00506262 -3.252e-05 0.00176523
-0.0918202 2.52022 3.12629 0.0049454 -0.00016095 0.00187631
-0.0978053 2.43778 3.08372 0.00467911 -0.00028252 0.00176286
-0.153946 2.3848 3.06598 0.00541286 -0.00034651 0.00187273
-0.17454 2.42979 3.06281 0.00506786 -0.00028252 0.0011685
-0.161648 2.41324 3.0931 0.00508264 -8.393e-05 0.00125248
-0.163637 2.35406 3.00878 0.00614543 -0.00028252 0.00156574
-0.0562149 2.01412 2.28451 0.00331428 3.92e-05 0.00099858
-0.0380368 1.82745 2.27294 0.00390449 -0.00022404 0.00197374
-0.024166 1.55127 2.03342 0.0031941 -0.00037029 0.00253323
-0.0202799 1.77328 2.09857 0.00425601 -0.00042068 0.00211287
-0.0195285 1.74873 2.13377 0.00430148 -0.00028917 0.00218065
-0.0366514 1.61033 2.07031 0.00427383 -0.00042987 0.00264336
-0.0425303 1.80189 2.02896 0.00638717 0.00038141 0.00173209
-0.034508 1.8238 2.06469 0.00620909 0.0002233 0.00166359
-0.0371725 1.77275 2.08032 0.00572752 0.00011872 0.00167134
-0.049791 1.73553 2.03887 0.00570835 0.00017979 0.00179869
-0.0467353 1.87367 2.06292 0.00616507 0.0003524 0.00158289
-0.0497387 1.81407 2.06416 0.00645661 0.00060958 0.00146259
-0.0578579 1.67295 2.03026 0.00598398 0.00050739 0.00149913
-0.0433275 1.80317 2.00597 0.00665985 0.00074558 0.00122961
-0.0378084 1.73697 2.01718 0.00658737 0.00066293 0.00122961
-0.0482273 1.57469 1.87523 0.00652527 5.669e-05 0.00133193
-0.0409359 1.75267 1.90731 0.00753353 0.00033093 0.00141998
-0.0385178 1.7214 1.93118 0.00749056 0.00022738 0.00141673
-0.0480845 1.62624 1.91492 0.00675358 8.452e-05 0.00160299
-0.0418902 1.72434 1.87625 0.00769138 0.00043014 0.0011365
-0.03357 1.75568 1.91615 0.00763234 0.00011177 0.00139319
-0.0277074 1.56173 1.92333 0.00657903 0.00013008 0.00158402
-0.0247862 1.51819 1.79871 0.00484287 -0.00020344 0.00172665
-0.0158445 1.68797 1.89119 0.00619456 -0.00016843 0.00156224
-0.0108158 1.65264 1.88291 0.00643355 -0.00024252 0.00165316
-0.0295107 1.48828 1.8038 0.00529195 -0.00038819 0.00163987
-0.0120614 1.64176 1.78405 0.00610497 -0.00019553 0.00154895
0.0045056 1.64979 1.81509 0.00709098 -0.00051088 0.00179446
0.00075373 1.49072 1.77119 0.00603107 -0.0005459 0.00186931
0.00190693 1.5326 1.73613 0.0064419 -0.00064586 0.00177898
-0.011071 1.53532 1.53232 0.00720434 -0.00048284 0.00172329
-0.0152074 1.17879 1.06578 0.00070133 -0.00068052 0.00114609
-0.032963 1.12996 1.16675 -0.00647206 -0.00058128 0.00074913
-0.0260446 1.19871 1.33265 -0.00242932 -0.00078834 0.00083551
0.035128 1.28499 1.61987 0.00276761 -0.00231747 0.001526
0.0298323 1.26594 1.4903 0.00381836 -0.0025425 0.00175024
0.0384891 1.4923 1.50914 0.00560527 -0.00172877 0.00221279
0.0410412 1.52361 1.55981 0.00563811 -0.00181954 0.00226235
0.0349459 1.43442 1.54641 0.00533908 -0.00190122 0.00226235
0.0319094 1.39204 1.49788 0.00493857 -0.00253247 0.00190485
0.048978 1.53476 1.56705 0.00598271 -0.00191173 0.00212394
0.0419338 1.35661 1.59619 0.00506186 -0.0018049 0.0022888
0.0332767 1.30253 1.47773 0.00466501 -0.00247303 0.00228054
0.050797 1.4785 1.5311 0.00632972 -0.00198247 0.00220152
0.0297949 1.32786 1.2473 0.00712253 -0.00157004 0.00212305
0.00040399 1.13087 1.11468 0.00768947 -0.00182718 0.00238475
-0.0065929 1.33753 1.36806 0.00751219 -0.00125207 0.00259141
0.00477221 1.38349 1.58895 0.00689086 -0.00147265 0.00259104
-0.00269935 1.36552 1.5622 0.00634296 -0.00212401 0.00273253
0.00428629 1.51407 1.48925 0.00808158 -0.00180827 0.0025967
0.00840146 1.55992 1.51971 0.00822385 -0.00125207 0.00265622
0.00442567 1.47034 1.52848 0.0077115 -0.00162567 0.00262779
0.00178074 1.46024 1.45252 0.00807596 -0.00153023 0.00282512
0.00386386 1.50905 1.33517 0.00992554 -0.00106675 0.0029041
0.00190479 1.33829 1.15027 0.0101613 -0.00099423 0.00285244
-0.0303039 0.964058 0.776049 0.0072152 -0.00108107 0.00296898
-0.0232462 1.12751 0.985328 0.00856287 -0.00126514 0.00292097
-0.0277694 1.14443 1.11473 0.0090071 -0.00104357 0.00266248
-0.0261835 1.13206 1.36234 0.0081947 -0.00080936 0.002361
-0.0225567 1.46056 1.41933 0.00878887 -0.00084016 0.00192359
-0.0356871 1.49973 1.59464 0.0064756 -0.00061102 0.00119482
-0.0637845 1.65836 2.20703 0.00422072 -4.73e-05 0.00130273
-0.0868211 2.01058 2.54151 0.00420609 0.00016084 0.00140263
-0.0572768 2.21382 2.73653 0.00466479 0.00034773 0.00097199
-0.00639985 2.25894 2.80135 -0.00022343 0.00048573 0.00015394
-0.10818 2.10042 3.18986 -0.00512359 0.00121294 -0.00041696
-0.0522483 2.29072 3.76811 -0.00773535 0.00207297 -0.0010284
0.0471156 2.30567 3.9419 -0.0103025 0.00243278 -0.00113347
0.0503311 2.25509 3.95789 -0.012574 0.00348802 -0.00161706
-0.066977 2.34537 4.2797 -0.01421 0.00338187 -0.00241417
0.0306845 2.34798 4.45824 -0.0179198 0.00330073 -0.00202141
0.0707791 2.2394 4.48908 -0.025436 0.00336915 -0.00129206
0.0908935 2.26331 4.6466 -0.0262167 0.00252319 -0.00089162
0.0896782 2.45899 4.79165 -0.0218821 0.00294351 -0.00079774
0.0867952 2.69394 5.10132 -0.0109111 0.00292764 -0.00121917
0.0557383 2.83516 5.1889 -0.00244978 0.00175723 -0.00135921
0.0290852 4.2816 4.93797 -0.00417145 0.00222881 -0.00061055
-0.146076 5.22428 4.46946 -0.00761071 0.00252154 0.00219018
-0.112225 4.60874 3.95783 -0.0201541 -0.00117753 0.0040121
