0 0.0399629 0.0802765 0 0 0
3e-08 0.0838939 0.113826 -0.00059865 0 0
0 0.0413317 0.0762046 -0.00068553 0 0
0 0.0171398 0.118152 -0.0002144 0 0
0.0121085 0.132896 0.164111 -0.00133158 8.776e-05 0.00026617
0.00970284 0.0448442 0.130325 -0.0007119 8.284e-05 0.00031994
0.0100916 0.0867855 0.16221 -0.00072528 0.00010246 0.00024256
0.00282878 0.137251 0.177087 -0.00117197 0 0.00017851
0.00098771 0.0669265 0.201555 -0.00056804 -0.00018267 0.00016118
0.0104224 0.167141 0.213998 -0.00130836 -3.73e-05 0.00038087
0.00490692 0.077997 0.174187 -0.00079558 -0.00031441 0.00033148
-8.779e-05 0.108563 0.223183 -0.00112228 -0.00011554 0.00022976
0.00043813 0.144448 0.190973 -0.00146241 -0.00035917 0.00053035
-0.0002754 0.0716878 0.16942 -0.00119728 -0.00036083 0.00052363
0.00062242 0.0821316 0.184853 -0.00130836 -0.00028893 0.00057887
-0.00107767 0.0586334 0.192056 -0.00043981 -0.00030359 0.00043868
-0.0028427 0.13704 0.191965 -0.00159163 -0.0004211 0.00070541
-0.0015432 0.0621579 0.177325 -0.00065355 -0.00034616 0.00056559
0.0008525 0.102386 0.221671 -0.00032746 -0.00013996 0.00055495
0.00327657 0.173577 0.241396 -0.00080519 0.00053162 0.00048639
-0.0044668 0.0723238 0.226327 -7.857e-05 -0.00030781 0.00053325
-0.00978669 0.158963 0.242113 -0.00070834 -0.00047267 0.00059671
-0.0102498 0.118519 0.22205 -0.00097855 -0.00047267 0.0007505
0.00044942 0.108328 0.271495 -0.0007102 0.00027899 0.00039928
-0.00608933 0.148159 0.244177 -0.00195796 -0.00047267 0.00077029
-0.00593991 0.0744866 0.197921 -0.00113181 -0.00025844 0.00042392
-0.0061644 0.119848 0.183515 -0.00206928 -0.00047267 0.00051392
-0.00546548 0.0424738 0.141599 -0.00101471 -0.00032017 0.00017163
-0.00594895 0.107481 0.17434 -0.00217208 -0.00055394 0.00029811
-0.00776148 0.0884852 0.149334 -0.00192366 -0.00047267 0.0003027
-0.00697059 0.0885995 0.176153 -0.00175542 -0.00047267 0.0002885
-0.00712148 0.103211 0.166152 -0.00198462 -0.00047267 0.00036518
-0.00871178 0.0496964 0.164777 -0.00113171 -0.00047267 0.00031274
-0.00765081 0.125556 0.176147 -0.00233901 -0.00053597 0.00032621
-0.0107102 0.0397038 0.146614 -0.00095127 -0.00047267 0.00025537
-0.0114336 0.113557 0.15917 -0.0020024 -0.00047267 0.00032849
-0.011986 0.0557698 0.10126 -0.00141937 -0.00047267 0.00027659
-0.00979784 0.0345531 0.134836 -0.00083896 -0.00047267 0.00025812
-0.0109821 0.110204 0.145745 -0.00208817 -0.00070298 0.00040029
-0.00578961 0.0381103 0.120444 -0.000927 -0.00062754 0.00031016
-0.00572889 0.109424 0.146533 -0.00219308 -0.00060267 0.00036433
-0.0057325 0.0647153 0.10908 -0.00161764 -0.00063094 0.00035208
-0.00566868 0.0676452 0.127941 -0.00152946 -0.00060213 0.00037526
-0.00567452 0.0724955 0.109237 -0.00171885 -0.00061963 0.0003906
-0.00580242 0.0348329 0.127075 -0.0009881 -0.00047267 0.00024691
-0.00448439 0.102743 0.128688 -0.00217403 -0.00047267 0.00024076
-0.00578709 0.0395688 0.105721 -0.00119158 -0.00047267 0.00025149
-0.00564767 0.0870013 0.0926187 -0.0018145 -0.00055708 0.00036411
-0.00573062 0.0490811 0.0798621 -0.00145811 -0.00056347 0.00028494
-0.00579173 0.0559054 0.116353 -0.00149939 -0.00060261 0.00028692
-0.0057873 0.0608836 0.0848771 -0.00159333 -0.00059386 0.00028834
-0.00333087 0.0511585 0.114261 -0.0015126 -0.00047267 0.00022455
-0.00205131 0.0718057 0.089353 -0.00184659 -0.00062559 0.00034512
-0.00264465 0.0316491 0.0920836 -0.00115826 -0.00047267 0.00023757
-0.00229459 0.099038 0.104688 -0.00217403 -0.00047267 0.00027957
-0.0050627 0.0346033 0.059695 -0.00127187 -0.00047267 0.00026267
-0.00298454 0.0598889 0.0907753 -0.00168782 -0.00047267 0.00025244
-0.00645974 0.0819875 0.0722937 -0.00192403 -0.00047267 0.0002784
-0.00424456 0.0339208 0.09168 -0.00118418 -0.00047267 0.00025288
-0.00328816 0.0812499 0.0892717 -0.00188053 -0.00060452 0.00038716
-0.0043372 0.0374244 0.0526513 -0.00127652 -0.00059117 0.00031122
-0.00575023 0.0569723 0.0964172 -0.0015834 -0.00063526 0.00028784
-0.00733223 0.0663756 0.072414 -0.00185991 -0.00067964 0.00031172
-0.00063893 0.0533345 0.0942295 -0.00165201 -0.00069406 0.00026343
0.00018773 0.0798618 0.0836023 -0.0021146 -0.000786 0.00036315
-0.00467931 0.036519 0.0849682 -0.00127922 -0.000673 0.00027392
-0.00448925 0.0896445 0.0993922 -0.0021601 -0.00067918 0.00028543
-0.00303136 0.0474967 0.0668912 -0.00145566 -0.00065133 0.00025288
-0.00445153 0.045083 0.0972106 -0.00142279 -0.00062121 0.00021167
-0.00690577 0.0851783 0.0698358 -0.00221406 -0.00065095 0.00020906
-0.00549605 0.0378437 0.0837088 -0.00138451 -0.00071223 0.00022805
-0.0055227 0.07815 0.0755259 -0.00209252 -0.00077843 0.00024318
-0.00628009 0.0469438 0.0517852 -0.00146407 -0.00068483 0.00021457
-0.00371013 0.0615035 0.0735588 -0.00198817 -0.00077488 0.00023761
0.0040088 0.0604265 0.0463679 -0.00188986 -0.00076956 0.00021546
0.00081304 0.0452432 0.0841646 -0.00160247 -0.00086746 0.00025569
-0.00069543 0.097323 0.0772541 -0.00246708 -0.00075387 0.00023923
-0.00402161 0.036333 0.0599198 -0.0015795 -0.00071786 0.00025839
-0.00467741 0.0589524 0.0793609 -0.00184503 -0.00072862 0.00026652
-0.00594044 0.0622407 0.0493093 -0.00209313 -0.00080184 0.00023204
-0.00437557 0.0296842 0.0620056 -0.00141244 -0.00086615 0.00021605
-0.00358848 0.0844949 0.0696019 -0.00231701 -0.00080984 0.00027639
-0.00509481 0.0347254 0.0356877 -0.00144725 -0.00089118 0.00019632
-0.00764436 0.0591793 0.0702191 -0.00180951 -0.00075459 0.00026569
-0.00373188 0.0718067 0.0410375 -0.00224895 -0.00079362 0.00022967
-0.00487145 0.0334916 0.0456019 -0.00143979 -0.00065088 0.00020347
3.389e-05 0.0753749 0.0586521 -0.0020812 -0.00070785 0.00024404
0.00424868 0.0228136 0.0301621 -0.00151123 -0.00073205 0.0002967
0.00413131 0.0495516 0.0476821 -0.00188446 -0.00082023 0.00027592
-0.00144349 0.0381625 0.011153 -0.00170905 -0.00079075 0.00030505
0.00423345 0.0403642 0.0379301 -0.00178236 -0.00077873 0.00030032
0.0042919 0.0612169 0.0225282 -0.00190503 -0.00082409 0.00037333
0.00428943 0.0361352 0.0259818 -0.00161201 -0.00081995 0.00033743
0.00038516 0.047812 0.00456653 -0.00210086 -0.0006443 0.00044324
0.00436811 0.00987667 0.018435 -0.00144788 -0.00079654 0.0003542
0.00191047 0.0614496 0.0374743 -0.00209563 -0.00083839 0.0004013
-0.00084401 0.0143921 0.00172835 -0.00129586 -0.00083468 0.00035457
0.00444231 0.0348796 0.0388323 -0.00149818 -0.00053178 0.00036518
0.00721772 0.0615675 0.0265418 -0.00195984 -0.00080988 0.00046012
0.0044394 0.0281215 0.0226085 -0.00142184 -0.00084813 0.0004377
0.00059024 0.050261 0.018665 -0.00202781 -0.00089238 0.00042362
-0.0028005 0.00916069 0.0208585 -0.00148031 -0.00078515 0.0003569
0.00215483 0.0596152 0.0343827 -0.00187245 -0.00074903 0.00038534
0.00049205 0.0233647 0.0211103 -0.00166221 -0.00083258 0.00034574
-0.00028967 0.0437058 0.0447538 -0.00197519 -0.00085608 0.00042434
-0.0011623 0.060276 0.0219173 -0.00214906 -0.00084643 0.00039673
-0.00384491 0.0239623 0.0171528 -0.00173738 -0.00082408 0.00032531
-0.00520291 0.0536202 0.0398247 -0.0020014 -0.00083725 0.00025734
-0.00290219 0.0601157 0.0276208 -0.00260142 -0.00080447 0.00028844
-0.0045558 0.0134805 0.0395587 -0.00179736 -0.00070461 0.00029337
-0.00523816 0.0797606 0.046653 -0.00241938 -0.00067544 0.00035563
-0.00571972 0.0338505 0.0101508 -0.00171225 -0.00077703 0.00032558
-0.00950336 0.0454853 0.00080608 -0.00214387 -0.00085434 0.00032015
-0.0103236 0.0228274 0.0125844 -0.00181875 -0.00085956 0.00029313
-0.00809883 0.0165701 -0.0218062 -0.00166384 -0.00091091 0.00030013
-0.0045382 0.00708528 0.0135759 -0.00157456 -0.00065398 0.00030626
-0.00481868 0.0627658 0.0210562 -0.00230694 -0.00077693 0.00028188
-0.00524977 0.0271138 -0.0128873 -0.00218272 -0.00091515 0.00027327
-0.00198952 0.0315626 0.0161369 -0.00188112 -0.00084016 0.00022855
-0.00589902 0.0688647 0.0008995 -0.00272496 -0.00086332 0.00028001
-0.00586498 0.00926182 -0.01052 -0.00204608 -0.00072839 0.00018938
-0.00577824 0.0260729 -0.0184326 -0.00238984 -0.00060563 0.00019338
-0.00747695 -0.00068743 0.0136599 -0.00148775 -0.00058721 0.00020457
-0.00589427 0.055999 0.0238559 -0.00237707 -0.00081926 0.00023104
-0.00577096 0.038484 -0.00264643 -0.00199831 -0.000614 0.0002128
-0.00590974 0.0384129 0.0197975 -0.00213482 -0.00088856 0.0002369
-0.00467292 0.0292381 -0.00202485 -0.0020656 -0.00086276 0.00022003
-0.00035941 0.0157998 0.0386514 -0.00187287 -0.00050553 0.00019743
0.00036639 0.0714134 0.0378239 -0.00268853 -0.00067269 0.0002555
0.00128309 0.0258461 0.0154642 -0.00209724 -0.00060489 0.0002169
0.00140453 0.0408003 0.0443014 -0.00218633 -0.00057191 0.0002214
0.00174185 0.0695165 0.0275321 -0.00246433 -0.00065931 0.00031522
0.00423677 0.0354634 0.0380044 -0.00174091 -0.00060135 0.00026486
-0.00238696 0.0684374 0.0230083 -0.00244611 -0.00080743 0.00030942
0.00422941 0.0322084 0.0168665 -0.00171639 -0.00084299 0.00030933
0.00423628 0.0417099 0.0335506 -0.00207902 -0.00075456 0.00028508
0.00121275 0.0363075 -0.00140312 -0.00225003 -0.00083907 0.00027195
0.00191846 0.0143054 0.0269469 -0.00182214 -0.00081114 0.00022648
0.00399489 0.0585132 0.0371077 -0.00243514 -0.00080208 0.00018109
-0.00055677 0.0478937 0.0112654 -0.00247743 -0.00086729 0.00022289
0.00419723 0.0327037 0.0226421 -0.00162317 -0.00061554 0.0002288
0.00633877 0.084348 0.0543522 -0.00277586 -0.00053752 0.00020657
0.0100058 0.0337789 0.0293244 -0.00198254 -0.00061505 0.00026465
0.00903779 0.048242 0.0559929 -0.00194084 -0.00051685 0.00027683
0.00104171 0.0698778 0.018883 -0.00253319 -0.00059221 0.00020625
0.00186884 0.0217915 0.0322521 -0.00181753 -0.00059466 0.00022468
0.00411063 0.0632021 0.0543911 -0.00248355 -0.00076328 0.00024251
0.00420574 0.0408325 0.0197506 -0.00235131 -0.00075731 0.00027749
0.0103347 0.0452401 0.0455843 -0.00233242 -0.00062573 0.00030988
0.0042176 0.0416022 0.0218467 -0.00238995 -0.00067056 0.00027296
0.00422842 0.0447092 0.0479295 -0.00231938 -0.00065473 0.00026482
0.00427411 0.0651427 0.044965 -0.00259031 -0.00055531 0.00026889
0.00427397 0.0369162 0.0566738 -0.00174905 -0.00045164 0.00023694
0.00427482 0.0858126 0.0633021 -0.00274531 -0.00053856 0.00030511
0.00449613 0.0373677 0.0404349 -0.00185253 -0.00053856 0.00042294
0.00435645 0.0582887 0.0528178 -0.00207176 -0.00053856 0.00035662
-0.00402789 0.05852 0.017417 -0.00227902 -0.00053856 0.00028366
-0.00361081 0.0276824 0.0330019 -0.00180549 -0.00053856 0.00026632
-0.00678591 0.0628334 0.00968409 -0.00249143 -0.00070318 0.0003424
-0.0011801 0.017551 0.016619 -0.00187596 -0.00073906 0.00038466
-0.00815446 0.0556217 0.0224171 -0.00255528 -0.00081003 0.00038727
-0.00707304 0.0365612 -0.0338171 -0.00246242 -0.00081459 0.00039092
-0.00202179 0.0258388 -0.00066144 -0.00214787 -0.00076669 0.00035067
0.00021998 0.0456242 0.0234087 -0.002526 -0.00075355 0.00039383
0.00118145 0.0499089 -0.0369308 -0.00237299 -0.00090286 0.00036413
0.00137849 0.017071 -0.00121414 -0.00159619 -0.00077352 0.00036376
-0.00077488 0.0628937 0.00511358 -0.0024902 -0.00081554 0.00039765
-0.00448569 0.0159724 -0.0419032 -0.00236503 -0.00078416 0.000363
-0.00256857 0.0387432 -0.0274193 -0.00237031 -0.00069757 0.00026233
0.00184125 0.0176963 -0.0209916 -0.00202136 -0.00073784 0.0004064
0.00442097 0.0384866 0.0221044 -0.00205616 -0.00053856 0.00035844
0.00449412 0.0475819 -0.0233958 -0.0023034 -0.00053856 0.00040494
0.00452256 0.0258523 0.0168026 -0.00172369 -0.00053856 0.00040437
0.00727077 0.0711796 0.0237915 -0.00247855 -0.00069234 0.00041912
0.00448057 0.0363926 0.00510711 -0.00165486 -0.00053856 0.00037482
0.00440396 0.0550338 0.0354891 -0.00194587 -0.00053856 0.00035967
0.00445776 0.0343444 0.00316512 -0.00187869 -0.00053856 0.00037266
0.00838963 0.0392585 0.0266974 -0.00159092 -0.00069589 0.00048516
-0.00015155 0.0618556 -0.00567605 -0.00225367 -0.00078383 0.00050746
-0.00012983 0.0195664 -0.0237449 -0.00169733 -0.00086695 0.00049942
-0.00052211 0.0519355 7.27e-05 -0.00234417 -0.00084997 0.000522
-0.00317928 0.0452772 -0.0369923 -0.00234768 -0.00075393 0.00042044
-0.00178583 0.0128553 0.00083981 -0.00180738 -0.00077039 0.00043046
-0.00482637 0.0518811 0.0175753 -0.00228809 -0.00093676 0.00052304
-0.00350641 0.0252554 -0.0375332 -0.00201152 -0.00100555 0.0005233
0.00142839 0.0156066 0.0179616 -0.00142675 -0.00062154 0.00040853
0.00473428 0.0645537 0.011021 -0.0021521 -0.000612 0.00058726
0.00470881 0.0450338 -0.00094221 -0.00199479 -0.00063052 0.00056352
0.00464821 0.0443218 0.00818789 -0.00190768 -0.00057318 0.00050314
0.00455861 0.0375661 -0.0122953 -0.00208558 -0.00062367 0.00046013
0.00452838 0.00758433 0.0222075 -0.00162928 -0.00042242 0.00035833
0.00469997 0.0616241 -0.00061915 -0.00222943 -0.00072664 0.00060354
0.00226565 0.00769841 -0.0450401 -0.00195117 -0.00093976 0.00059644
0.00255384 0.0283844 0.00430894 -0.00196709 -0.00088209 0.000678
0.00512125 0.0505798 0.00088457 -0.00239166 -0.00081412 0.00089326
0.0216372 0.0275637 0.0213153 -0.00158617 -0.00054777 0.00082153
0.023864 0.0784532 0.0381549 -0.00214928 -0.00038504 0.00090583
0.0177948 0.0581806 0.0358354 -0.00199215 -0.00038504 0.0006999
0.0299103 0.0687638 0.0938931 -0.00194869 3.128e-05 0.00090365
0.0278444 0.133417 0.119939 -0.00305383 -0.00038504 0.0011884
0.0328695 0.0844193 0.103215 -0.00245646 -0.00027422 0.00113523
0.0362997 0.115556 0.163873 -0.00289201 -6.066e-05 0.00124258
0.0456231 0.161875 0.185855 -0.00410462 -0.00014603 0.00148817
0.055309 0.113554 0.166717 -0.00340339 -0.00029186 0.00147904
0.0581935 0.136654 0.168489 -0.00385166 -0.00032842 0.00167101
0.0817665 0.142616 0.222741 -0.00388436 -0.00038504 0.00204832
0.0898146 0.189712 0.267755 -0.00414248 -0.00083949 0.00235413
0.0985348 0.194377 0.236033 -0.00436234 -0.00051281 0.00254636
0.102204 0.18671 0.303879 -0.00449219 -0.0003137 0.00233101
0.127547 0.29179 0.394378 -0.00645666 -0.00058139 0.00260236
0.132447 0.256054 0.406337 -0.00580118 -0.00060748 0.00251045
0.124131 0.299015 0.516545 -0.00711227 -0.00183 0.00275289
0.128592 0.284475 0.405613 -0.00578622 -0.0016423 0.00305888
0.131489 0.182938 0.326545 -0.00378461 -0.00149688 0.00317024
0.126534 0.167542 0.256775 -0.00409873 -0.00160394 0.00316832
0.122574 -0.0154615 0.0489558 -0.00155573 -0.00182063 0.00281297
0.144184 0.174569 0.295862 -0.00137167 0.00161794 0.00318922
0.12324 0.117281 0.354997 -0.00160261 0.00157364 0.00273781
0.13118 0.161915 0.352857 -0.00227242 0.00132461 0.00310785
0.1158 0.119204 0.327527 -0.00194321 0.00128996 0.00266023
0.115149 0.149354 0.352461 -0.00157063 0.0011056 0.00284954
0.1207 0.171631 0.336731 -0.00220521 0.00124055 0.00278851
0.113887 0.135289 0.369026 -0.00164056 0.00115942 0.00270057
0.115758 0.177747 0.379578 -0.00218968 0.00111955 0.00272385
0.108857 0.145058 0.321968 -0.00251753 0.00083608 0.00240321
0.135704 0.196737 0.378237 -0.00276831 0.00168509 0.00268835
0.125598 0.149345 0.396898 -0.0022017 0.00154136 0.00214817
0.134396 0.190811 0.414089 -0.0027327 0.00157083 0.00240241
0.124964 0.160373 0.369511 -0.00250669 0.00143647 0.00232565
0.116838 0.150726 0.408179 -0.00212064 0.00139523 0.00204526
0.126107 0.209424 0.392726 -0.00309175 0.00161491 0.00218889
0.122791 0.14044 0.400951 -0.00194509 0.00182406 0.00190985
0.128531 0.217889 0.410932 -0.00244631 0.00182406 0.00208403
0.117875 0.168923 0.400221 -0.00243501 0.00185214 0.00188229
0.115423 0.179156 0.448309 -0.00236441 0.00184604 0.00175922
0.122254 0.229938 0.417091 -0.00287465 0.00193088 0.0018104
0.110279 0.156472 0.419554 -0.0019651 0.00199943 0.00163124
0.0960343 0.0966678 0.346881 -0.00071829 0.00136248 0.00171777
0.0803501 0.0395459 0.257135 0.00102731 0.0011685 0.0011046
0.111693 0.176994 0.442827 -0.00011715 0.00270253 0.00147076
0.103728 0.188403 0.437667 -0.00030531 0.0026177 0.00148299
0.100631 0.149571 0.46611 -0.00080969 0.00230672 0.00131627
0.120747 0.210043 0.445918 -0.00136919 0.00262333 0.00144059
0.114031 0.188423 0.415934 -0.00150879 0.00270252 0.00126244
0.114931 0.178126 0.460256 -0.00059064 0.00267843 0.00104797
0.123835 0.233148 0.470093 -0.0017024 0.00296393 0.00131892
0.109663 0.153748 0.47377 -0.00127001 0.00289954 0.00123772
0.110384 0.21684 0.497037 -0.00139263 0.00284437 0.00132545
0.0980106 0.212559 0.448318 -0.00150427 0.00292638 0.0012537
0.0914613 0.161698 0.467034 -0.00131851 0.00257518 0.00107652
0.100025 0.237531 0.445432 -0.0016921 0.00269274 0.0011922
0.0951203 0.175855 0.454398 -0.0012839 0.00255411 0.00120533
0.099163 0.231532 0.486294 -0.00159908 0.00270671 0.00121136
0.101326 0.203984 0.442544 -0.00155937 0.00269176 0.00106834
0.10089 0.199393 0.469786 -0.00062681 0.00241309 0.00118484
0.103297 0.262049 0.452797 -0.00164949 0.00253867 0.00151623
0.0935069 0.161802 0.445858 -0.00087403 0.00236428 0.00144716
0.0968242 0.225952 0.494189 -0.00103702 0.00266806 0.00147007
0.0931069 0.202449 0.439701 -0.00135928 0.00266453 0.00128777
0.0848881 0.172159 0.480847 -0.0009408 0.00241599 0.00121485
0.0868054 0.23507 0.45863 -0.00182528 0.00247588 0.00105368
0.07747 0.163292 0.421684 -0.00126257 0.00245282 0.00086645
0.090471 0.2039 0.469867 -0.00142596 0.00238086 0.00099778
0.0903411 0.209761 0.412901 -0.00175602 0.00231997 0.0011156
0.0865051 0.145452 0.417407 -0.0008853 0.00212868 0.00131702
0.0956986 0.218678 0.446504 -0.00151023 0.00239841 0.00115382
0.0959573 0.164297 0.417883 -0.00162325 0.00243789 0.0012531
0.086413 0.14865 0.482395 -0.001148 0.00235376 0.00131332
0.0926462 0.214771 0.408516 -0.00192286 0.00246499 0.0012235
0.0790789 0.145259 0.399418 -0.00121903 0.00214925 0.00105666
0.090114 0.174111 0.426527 -0.00133445 0.00216788 0.00101351
0.0827796 0.173394 0.396427 -0.00180615 0.00228581 0.00105783
0.0791323 0.160977 0.444373 -0.00126289 0.00228999 0.00094948
0.0905907 0.258291 0.463648 -0.00120022 0.00232664 0.00129658
0.0929182 0.187112 0.420006 -0.00080113 0.00231493 0.00121166
0.0858215 0.202405 0.456595 -0.00089886 0.00216587 0.00122413
0.0970285 0.196237 0.428134 -0.0013537 0.00261339 0.00179182
0.102766 0.143338 0.452439 -0.00092128 0.00264096 0.00179182
0.0966803 0.207895 0.410056 -0.00160966 0.00246497 0.00163266
0.091122 0.14315 0.377432 -0.00140361 0.00226284 0.00162012
0.0778392 0.0414977 0.310185 0.00017996 0.00167571 0.00144709
0.106097 0.320985 0.452006 0.00175974 0.00447029 0.00201853
0.0978231 0.194376 0.513002 0.00067285 0.00445451 0.00202553
0.0977593 0.240965 0.544505 0.00036889 0.00424456 0.0020256
0.0976437 0.197546 0.465173 -0.00029975 0.00357374 0.00199292
0.0923122 0.189756 0.487931 0.00058711 0.00339618 0.00187611
0.097692 0.259932 0.501719 -0.00051432 0.0035584 0.00203641
0.0921094 0.181118 0.507359 -4.835e-05 0.00368886 0.0018228
0.089897 0.200029 0.558142 -4.089e-05 0.00380381 0.001736
0.0920588 0.275414 0.512401 -0.00080659 0.00390065 0.00166264
0.0881039 0.189041 0.534812 -0.00033786 0.00393278 0.00161234
0.0837286 0.275081 0.555525 -0.00068686 0.0040439 0.00141531
0.0838799 0.255146 0.51821 -0.0004728 0.00371182 0.00164395
0.0801588 0.252921 0.566557 -0.00035684 0.00408964 0.00153249
0.0774971 0.253536 0.530823 -0.00036504 0.0035401 0.00163965
0.0812311 0.260289 0.606594 -0.00035924 0.00407659 0.00158926
0.0802441 0.286571 0.599909 -0.00070226 0.00407752 0.00136039
0.0764121 0.273802 0.674075 -0.00102675 0.00410791 0.00161137
0.0838397 0.351239 0.627269 -0.00088372 0.00412576 0.00164397
0.0754778 0.272581 0.664929 0.00025537 0.00424717 0.00152986
0.0870973 0.354973 0.71136 -0.00076923 0.00436855 0.00151671
0.0751869 0.311421 0.634629 -0.0008601 0.00420043 0.00163969
0.0687395 0.306734 0.632601 -0.0013558 0.00354944 0.00150119
0.0686526 0.329833 0.617015 -0.0014214 0.00377106 0.00158461
0.0793206 0.29068 0.672052 -0.00094648 0.00387874 0.00167196
0.0812696 0.323074 0.605718 -0.00111569 0.00353856 0.00185216
0.0794475 0.280274 0.65578 -0.00075745 0.00374129 0.00167027
0.0794566 0.317779 0.593796 -0.00131311 0.00394167 0.00166384
0.0695 0.238299 0.632285 -0.00046347 0.00355189 0.00168512
0.0809225 0.308341 0.617362 -0.00147109 0.00374189 0.00173768
0.0837897 0.267158 0.575395 -0.00124272 0.00347604 0.00198387
0.0838868 0.274177 0.640463 -0.00055622 0.00388768 0.00203688
0.0722859 0.299576 0.551331 -0.00181368 0.00325361 0.00163868
0.0744917 0.23926 0.526727 -0.0016736 0.00327203 0.00179201
0.0834731 0.302215 0.519099 -0.00238313 0.00341307 0.00180709
0.0778415 0.213425 0.485314 -0.001944 0.00335577 0.00177126
0.0768418 0.266558 0.522606 -0.00179529 0.00352183 0.001677
0.0825062 0.266208 0.493172 -0.002328 0.00406014 0.00131886
0.074081 0.207215 0.552539 -0.00108638 0.00422372 0.0016768
0.0833866 0.302102 0.556135 -0.00195708 0.00396659 0.00178395
0.0836546 0.205617 0.517633 -0.00155932 0.00382835 0.00187696
0.0791569 0.259008 0.536515 -0.00165524 0.0040573 0.00189667
0.073961 0.228682 0.502963 -0.00161719 0.00428882 0.00168057
0.0730501 0.270694 0.517115 -0.0020422 0.00413938 0.00149234
0.0631974 0.214442 0.54002 -0.00112986 0.00408326 0.00168154
0.0576634 0.278614 0.555708 -0.00131704 0.00384337 0.00182239
0.061988 0.274525 0.500695 -0.00120057 0.00392419 0.00179389
0.057173 0.246575 0.560592 -0.00081514 0.00428627 0.00179839
0.0600626 0.323348 0.534224 -0.00125321 0.00411327 0.00175729
0.0600333 0.236968 0.539533 -0.00071795 0.00404574 0.0018085
0.0486978 0.348501 0.554037 -0.00043416 0.00394863 0.00185164
0.031011 0.423357 0.704127 -0.0003629 0.00707237 0.00196741
0.0126132 0.288084 0.79049 0.00171077 0.00679012 0.00247776
0.00586091 0.297716 0.795473 0.00220053 0.00657717 0.00241671
0.0176305 0.35593 0.739032 0.00111817 0.00630962 0.00222776
0.0219077 0.347969 0.633356 0.000188 0.0056844 0.00218896
0.0293434 0.313689 0.676158 0.00090261 0.00557787 0.00192923
0.027609 0.426429 0.679683 -4.8e-05 0.0053717 0.00201818
0.0347979 0.372904 0.659559 5.631e-05 0.00506458 0.00189134
0.0272434 0.368359 0.761854 0.00092194 0.00562637 0.0019201
0.026609 0.429255 0.760008 0.00052754 0.00581477 0.00182194
0.0313455 0.383032 0.725834 0.00049742 0.00595565 0.00172192
0.0269045 0.383168 0.828207 0.00147866 0.00563238 0.00157889
0.0345949 0.443283 0.784543 0.00054664 0.00542157 0.00176909
0.0377988 0.391508 0.828296 0.00140109 0.00562298 0.00200107
0.0344905 0.39468 0.82176 0.00158032 0.00561369 0.00200538
0.0373911 0.438983 0.762189 0.00095593 0.00566309 0.00206924
0.0387066 0.401887 0.759818 0.00106311 0.00576956 0.0020737
0.0343767 0.39464 0.841143 0.00219821 0.00528927 0.00206025
0.0378161 0.457573 0.795498 0.00075329 0.00537167 0.00208768
0.0343706 0.396892 0.783867 0.00112313 0.0054316 0.00198114
0.032549 0.408966 0.871047 0.00146503 0.00575768 0.00206414
0.0454576 0.461965 0.819819 0.00074508 0.0059362 0.00187992
0.0383457 0.393273 0.852609 0.00160188 0.00586372 0.00192467
0.0492548 0.424912 0.835404 0.0014776 0.00606007 0.00222776
0.0465438 0.386139 0.782297 0.00127102 0.00600121 0.00247776
0.0368237 0.388856 0.833711 0.00208895 0.00588486 0.00207339
0.0360564 0.455301 0.784409 0.00124225 0.00616045 0.00218673
0.0293897 0.417827 0.744254 0.00165315 0.00572606 0.00215006
0.0322951 0.399076 0.784138 0.00113931 0.00567765 0.00195768
0.0272864 0.420345 0.735897 0.00085666 0.00570278 0.00191026
0.0153146 0.204045 0.639047 0.00185668 0.00442323 0.00202774
0.0253838 0.421666 0.676977 0.00529014 0.00592684 0.00217823
0.0258213 0.529504 0.931842 0.00433824 0.00880308 0.00233049
0.00799362 0.419073 0.930782 0.00465762 0.00766469 0.00240301
0.0240074 0.483312 0.909015 0.00367083 0.00745661 0.00232247
0.0185009 0.420373 0.859203 0.00387306 0.00735266 0.00256537
0.0127433 0.400314 0.884882 0.0039102 0.00744138 0.00241844
0.0194131 0.468683 0.879148 0.00320717 0.00758714 0.00215989
0.0207934 0.428392 0.860079 0.0031973 0.00782274 0.00214935
0.0208082 0.445385 0.892918 0.00332674 0.00793338 0.00223908
0.0181976 0.443257 0.941811 0.00418162 0.00820935 0.00215434
0.023234 0.512214 0.99867 0.00424988 0.00813368 0.00204592
0.0231392 0.526524 0.924026 0.00387726 0.00835101 0.00207741
0.0183756 0.490952 1.00233 0.00504532 0.00873589 0.00211026
0.0311768 0.544222 0.954989 0.00398288 0.00835859 0.00207343
0.026941 0.477081 0.930993 0.00399862 0.00787361 0.00216483
0.0242568 0.48367 1.03936 0.00443368 0.00862489 0.00237257
0.0298925 0.525923 0.910442 0.00345428 0.00832713 0.00224982
0.0309035 0.477458 0.963256 0.00347994 0.00788112 0.00256537
0.0296134 0.508653 0.997586 0.00349174 0.00753668 0.00256537
0.0274031 0.507908 0.90523 0.00331157 0.00682912 0.00256537
0.0220859 0.537208 1.02197 0.00397436 0.00717392 0.00256537
0.0180141 0.615071 0.935972 0.00577693 0.00826121 0.00284884
0.0451691 0.555298 1.04741 0.00554635 0.00780571 0.00309632
0.0212279 0.662243 1.09324 0.00622112 0.00769701 0.00352443
0.00673349 0.623618 1.15384 0.00697517 0.00769097 0.00352531
0.0173072 0.706802 1.19123 0.00709783 0.00752332 0.00385112
0.0209852 0.704626 1.18392 0.00673547 0.00764737 0.00390637
0.017078 0.669786 1.23667 0.00737175 0.0073058 0.00372078
0.020486 0.831566 1.3649 0.00766689 0.00724347 0.00409818
0.0199666 0.826513 1.44075 0.00781245 0.00712745 0.00444723
0.0310762 0.863639 1.58998 0.00620919 0.0071246 0.00398476
0.032737 0.933646 1.65046 0.00331754 0.00650799 0.00409127
0.0387322 0.958344 1.64022 0.00303056 0.00664256 0.00418187
0.0206294 0.907758 1.72366 0.00176997 0.00679882 0.00391454
0.0213386 0.881668 1.73202 0.0010171 0.00673086 0.00351482
0.0186788 0.766399 1.60452 0.00204394 0.00676848 0.00405998
0.0176976 0.690224 1.60455 0.00280082 0.00656392 0.00415422
0.0292007 0.738684 1.59247 0.00274247 0.00642032 0.00440422
0.0262441 0.69798 1.55396 0.00305248 0.00668442 0.00456126
0.0208524 0.702264 1.59873 0.00407101 0.00664415 0.00454249
0.0312987 0.834841 1.59709 0.00382917 0.00642082 0.00491918
0.0286735 0.740702 1.56906 0.00449377 0.00633758 0.00499557
0.0282635 0.763363 1.58169 0.00488616 0.00607829 0.00509129
0.0238985 0.774876 1.53237 0.00458452 0.00635055 0.00503518
0.0140372 0.737035 1.54914 0.00447717 0.00622781 0.00487473
0.0140772 0.734239 1.52684 0.00407616 0.00637993 0.00506803
0.00590466 0.67322 1.52306 0.0045686 0.00610908 0.00495014
0.0104715 0.755666 1.51719 0.00375932 0.0061502 0.0052493
0.00680573 0.695498 1.47984 0.00461468 0.00621784 0.00486956
-0.00808627 0.768883 1.52403 0.00513408 0.00609664 0.00481748
0.00195484 0.882768 1.47652 0.00678462 0.00638504 0.00488972
0.00564469 0.765155 1.51107 0.00725585 0.00600054 0.00496663
-0.0012478 0.725363 1.41864 0.00618282 0.00605439 0.00490583
-0.00334637 0.652731 1.12957 0.00375547 0.00512518 0.00468639
-0.00963043 0.40784 0.970021 0.0054841 0.00498117 0.00402308
0.0012968 0.712312 1.25146 0.00808889 0.00787551 0.00457288
0.0149818 0.769545 1.3511 0.00702536 0.00852923 0.0045364
7.501e-05 0.667945 1.37243 0.00744224 0.00828381 0.00423486
-0.00293213 0.711904 1.41398 0.00713628 0.00805522 0.00406097
0.0111765 0.733219 1.39501 0.00685565 0.00782488 0.0038472
0.0108673 0.704144 1.47539 0.00692573 0.0079246 0.00387098
0.0136214 0.798584 1.4775 0.00610165 0.00804424 0.00379614
0.018668 0.710209 1.47527 0.00698435 0.00797211 0.00388337
0.0188543 0.783295 1.5339 0.00688067 0.00836012 0.00411894
0.00312063 0.744393 1.46816 0.00671244 0.00850428 0.00405369
-0.00744712 0.760191 1.47517 0.0066591 0.00765781 0.00385039
-0.00090439 0.812003 1.39783 0.00589122 0.00769246 0.00400056
-0.00946525 0.71807 1.42909 0.00650578 0.00755074 0.00393859
0.00105779 0.828185 1.44595 0.00613113 0.0077857 0.00402837
-0.00232624 0.728377 1.47034 0.00640978 0.00760573 0.0037728
-0.0154517 0.782219 1.49748 0.00626607 0.00766054 0.00366111
-0.00686828 0.753747 1.46156 0.00519097 0.0082693 0.0036592
-0.0136883 0.712495 1.47352 0.00628789 0.00803208 0.00373957
-0.00658751 0.810979 1.49645 0.00532186 0.00820505 0.00402194
-0.00190463 0.743342 1.49263 0.00560963 0.00814269 0.00413697
-0.0055446 0.800912 1.55189 0.00561148 0.00801172 0.00417486
-0.00808922 0.807114 1.46351 0.00536142 0.0084905 0.00451094
-0.0195534 0.749747 1.48031 0.00542469 0.00783202 0.00411861
-0.0142523 0.84336 1.49689 0.0048544 0.00791466 0.00441388
-0.00288206 0.771823 1.49278 0.00519778 0.008045 0.00408342
-0.0117475 0.815521 1.51017 0.00540402 0.0080561 0.004029
-0.0124452 0.764095 1.47947 0.00582279 0.00815976 0.00375809
-0.0183394 0.776359 1.51539 0.00534078 0.0077566 0.00382746
-0.0279976 0.832712 1.44291 0.0048535 0.00849117 0.00409266
-0.0302751 0.71657 1.46279 0.0059733 0.00837189 0.00405914
-0.032187 0.751876 1.50934 0.0059693 0.00845714 0.00438299
-0.0294443 0.826754 1.47845 0.00561323 0.00831745 0.00451093
-0.0302552 0.754699 1.50296 0.00609299 0.00806378 0.00436889
-0.0326668 0.886067 1.54998 0.00512831 0.00844615 0.00469876
-0.0273206 0.815479 1.47968 0.00590555 0.00786411 0.00438858
-0.0279591 0.794303 1.56061 0.00675172 0.00717671 0.00442093
-0.0188118 0.876926 1.5887 0.00620872 0.00834133 0.00442273
-0.015622 0.838795 1.56354 0.00728478 0.00856951 0.00416384
-0.00622794 0.947463 1.56809 0.0125135 0.0086958 0.0043307
0.00152623 0.982547 1.54317 0.0131 0.00872325 0.00449478
-0.00856756 0.938138 1.58284 0.0132719 0.00847704 0.00447709
-0.00860313 0.969113 1.54342 0.0123682 0.00897402 0.00462303
-0.0260883 0.903771 1.53325 0.0117449 0.00786011 0.0043506
-0.0232116 1.00483 1.46119 0.0117293 0.00818567 0.00427651
-0.00982702 0.931485 1.37812 0.0127619 0.00732627 0.00415123
-0.0214895 1.03323 1.47205 0.012231 0.00773398 0.00416852
-0.0176875 0.966457 1.46922 0.0124004 0.00748872 0.00435926
-0.0273551 1.00464 1.5257 0.0128591 0.00797934 0.00411112
-0.00416355 1.02947 1.49331 0.0120227 0.00830759 0.00422232
0.0187888 0.959714 1.45712 0.0119273 0.00776207 0.00420792
-0.00419313 1.08039 1.55175 0.0126235 0.00799583 0.00460058
-0.0155555 0.972066 1.53093 0.0130963 0.00809736 0.0045494
-0.03012 1.03514 1.57007 0.013135 0.00747481 0.00469455
-0.0236053 1.03254 1.53654 0.0139236 0.00749784 0.00470521
-0.0201552 1.07823 1.61608 0.0139603 0.00739233 0.00458496
-0.0113488 1.12106 1.63266 0.014878 0.00727993 0.00465463
-0.00926352 1.17343 1.67373 0.0149479 0.00668051 0.00464298
-0.0115526 1.09842 1.55973 0.0149459 0.00690151 0.00423947
-0.0206512 1.09636 1.56421 0.0149252 0.00679397 0.0043454
-0.0234638 1.10033 1.53839 0.0143096 0.00700552 0.0047265
-0.023542 1.05794 1.5928 0.0153205 0.00697293 0.00434631
-0.0361615 1.19594 1.60275 0.0149038 0.00750659 0.00417851
-0.0369039 1.067 1.53552 0.0148617 0.00716577 0.00427498
-0.0540573 1.12156 1.51884 0.0140525 0.00651855 0.00411938
-0.0428942 1.08495 1.46392 0.0140157 0.00625585 0.00405762
-0.0384291 1.07684 1.50896 0.0143306 0.0060813 0.00429326
-0.0299778 1.06234 1.48991 0.0142054 0.00642271 0.00449021
-0.0313907 1.11335 1.58318 0.0138734 0.00660568 0.00449021
-0.0258882 1.12608 1.56047 0.014311 0.00687841 0.00449021
-0.0283067 1.05546 1.58829 0.0140262 0.00623179 0.00384831
-0.0297832 1.21107 1.67968 0.0128985 0.00642958 0.00397181
-0.0111573 1.16515 1.62255 0.0126712 0.00662368 0.00408835
-0.0128717 1.09749 1.53704 0.0134667 0.00633612 0.00427267
-0.0254505 1.12474 1.4688 0.012972 0.00713308 0.00432219
-0.0253687 1.07897 1.51782 0.0130237 0.00635143 0.00400067
-0.0242193 1.185 1.51733 0.0127752 0.00640284 0.00411966
-0.0275691 1.1086 1.5121 0.0134634 0.00642256 0.00398244
-0.0395997 1.14928 1.47919 0.0137239 0.00679492 0.00430254
-0.0364688 1.0448 1.48841 0.0147819 0.00602229 0.00431001
-0.0347068 1.07774 1.47636 0.0140046 0.00624358 0.00415972
-0.0423738 1.07221 1.52078 0.0148309 0.00592482 0.00407857
-0.0405954 1.16123 1.51106 0.0133827 0.0066419 0.00411421
-0.0451546 1.1047 1.60961 0.0145687 0.00657699 0.00391885
-0.053925 1.27658 1.69402 0.0141686 0.00675897 0.00380625
-0.0447791 1.205 1.65063 0.0139024 0.00678661 0.00396973
-0.0541974 1.18846 1.62251 0.0139959 0.0065747 0.00398962
-0.0487314 1.21198 1.58599 0.0133344 0.00667435 0.0043988
-0.0550946 1.11683 1.59643 0.0143276 0.00617599 0.00409061
-0.0485427 1.22817 1.65984 0.0140361 0.00619008 0.0043988
-0.0491234 1.17859 1.61033 0.0138538 0.00668023 0.00400712
-0.06402 1.22702 1.71911 0.0133324 0.0066384 0.0040778
-0.0638625 1.31555 1.7632 0.0125424 0.0061016 0.00402545
-0.0496692 1.27572 1.77569 0.012648 0.00622713 0.00369017
-0.0469069 1.34622 1.83226 0.0118564 0.00617345 0.00395742
-0.0486971 1.23971 1.72658 0.0126164 0.00611556 0.00397193
-0.0520541 1.26251 1.72374 0.0124132 0.00597633 0.00409247
-0.0588748 1.24738 1.63917 0.0117492 0.00617982 0.00431162
-0.0541884 1.0325 1.57222 0.0128246 0.00513051 0.0039832
-0.0332117 1.04986 1.40269 0.015709 0.0059243 0.00362402
-0.0349815 1.33618 1.74527 0.0150228 0.00934099 0.0043988
-0.0572635 1.1985 1.78249 0.0143865 0.00841234 0.00406308
-0.0428376 1.25684 1.75256 0.0142356 0.00838134 0.0043988
-0.0453797 1.13762 1.73102 0.0142742 0.00801935 0.00404018
-0.0379248 1.16932 1.73217 0.0140349 0.00780406 0.00422276
-0.0373332 1.18563 1.68103 0.0135456 0.00805434 0.00396514
-0.0439102 1.15465 1.69798 0.0141774 0.00755254 0.00387043
-0.0326493 1.25262 1.68406 0.0135815 0.0077471 0.00398269
-0.0332356 1.14416 1.68772 0.013813 0.00748385 0.00406743
-0.0319392 1.27371 1.73751 0.013288 0.00758804 0.00429961
-0.0372759 1.21765 1.68978 0.0132183 0.00769338 0.0041488
-0.0398484 1.19157 1.7485 0.0139802 0.00780655 0.00419444
-0.0331311 1.29931 1.7735 0.013264 0.0086507 0.00425931
-0.0351639 1.22295 1.79291 0.0133654 0.00821479 0.0040284
-0.0402444 1.35085 1.93904 0.0124795 0.00815438 0.00405251
-0.0353352 1.26465 1.75558 0.0127708 0.00836788 0.00419826
-0.0494612 1.22895 1.83234 0.013598 0.00787306 0.00429701
-0.0465594 1.29057 1.84869 0.0137675 0.00775132 0.00426534
-0.042027 1.32344 1.82541 0.0127395 0.0080276 0.0043988
-0.0405096 1.26121 1.87846 0.0130734 0.00723823 0.0043988
-0.0369423 1.3474 1.89568 0.012945 0.00747271 0.00452213
-0.0273227 1.31584 1.83453 0.0130356 0.00760376 0.00462616
-0.0279784 1.30789 1.89691 0.0136804 0.00791254 0.0043665
-0.0301201 1.38355 1.93659 0.0128528 0.00823084 0.0047141
-0.0240371 1.30826 1.95669 0.0131301 0.00795133 0.0044932
-0.0214478 1.42451 2.03258 0.0128423 0.00811255 0.00432662
-0.018348 1.41152 1.96873 0.0125756 0.0077571 0.00464973
-0.0229326 1.33625 1.99299 0.0137912 0.00731194 0.00470446
-0.0230951 1.45955 2.0989 0.0120793 0.00767364 0.00463484
-0.0130115 1.39846 2.00991 0.0120771 0.00724069 0.00465514
-0.0276525 1.33817 1.92332 0.0123691 0.00692724 0.00468196
-0.0362731 1.38482 1.86258 0.012169 0.00714257 0.0045788
-0.0409574 1.3247 1.89922 0.0123828 0.00712871 0.0047998
-0.0447175 1.32611 1.8506 0.0131055 0.00745846 0.00483777
-0.0412089 1.32822 1.91891 0.0130967 0.00719916 0.00480607
-0.0404351 1.34672 1.90979 0.0127669 0.0074281 0.00477314
-0.0432505 1.36433 1.98493 0.0130978 0.00755407 0.00468288
-0.0411535 1.51341 2.10736 0.0114593 0.00845671 0.00499905
-0.0360469 1.33127 1.92219 0.0128741 0.00829002 0.00476357
-0.0299363 1.32023 1.94246 0.0135751 0.0078379 0.00476712
-0.0341891 1.37843 1.90836 0.0132066 0.00782213 0.00454268
-0.0238814 1.43176 1.88233 0.0126633 0.00753688 0.00483361
-0.0195297 1.35933 1.9113 0.0138313 0.00775088 0.00489012
-0.0206685 1.49117 1.95664 0.013478 0.00814129 0.00509118
-0.0207506 1.44284 1.94165 0.013941 0.00757653 0.00500782
-0.0229877 1.49992 2.01782 0.0135552 0.00682908 0.00507374
-0.0276243 1.54244 2.09556 0.0126975 0.00709721 0.00490488
-0.0305835 1.49975 2.09388 0.0123997 0.00566939 0.00476443
-0.0343785 1.65114 2.26086 0.0107958 0.00707493 0.00455103
-0.0330809 1.56898 2.20387 0.0108738 0.00622195 0.00444411
-0.0397267 1.66975 2.31143 0.00930911 0.00595244 0.00460786
-0.0500319 1.67809 2.29696 0.00967953 0.00599397 0.00463691
-0.0679845 1.65348 2.28485 0.0116751 0.00646725 0.0039148
-0.08438 1.72872 2.33217 0.0107311 0.0068381 0.00378162
-0.0843213 1.62993 2.26261 0.0118148 0.00632446 0.0040474
-0.0811988 1.692 2.31492 0.0103888 0.00620735 0.0036913
-0.0706231 1.62404 2.17497 0.0118664 0.00599921 0.00417563
-0.0688664 1.61668 2.22951 0.0125209 0.00615969 0.00402777
-0.0690714 1.74113 2.28406 0.011536 0.0053178 0.00392805
-0.061654 1.65044 2.23653 0.0114155 0.00494739 0.00371739
-0.0707276 1.71591 2.28057 0.0116477 0.00520936 0.00365224
-0.0727106 1.81468 2.42515 0.00830644 0.005179 0.00339895
-0.0372513 1.6618 2.37256 0.0067654 0.00383386 0.00322279
-0.0400772 1.59779 2.23402 0.00922879 0.0036421 0.00342781
-0.0331554 1.55099 2.14828 0.00960621 0.00426347 0.00357052
-0.0284006 1.48623 2.1303 0.0107507 0.00448745 0.00378982
-0.0197209 1.56066 2.11726 0.0109776 0.00467426 0.00449932
-0.0230945 1.5002 2.12255 0.0120016 0.00499616 0.00439325
-0.0279679 1.60029 2.17655 0.0128336 0.00488205 0.0043564
-0.0125892 1.69459 2.23889 0.0122843 0.00537805 0.00418286
-0.000365 1.61798 2.25964 0.0127388 0.00485259 0.00394486
-0.00717783 1.57995 2.20965 0.0129219 0.00463473 0.00406679
-0.0116335 1.5539 2.12279 0.0131975 0.00477659 0.00414549
-0.0122572 1.47545 2.08364 0.0140938 0.0044138 0.00404424
0.00065349 1.70475 2.27037 0.0129704 0.00559867 0.00344075
0.0219285 1.58171 2.17503 0.0150604 0.0056038 0.00365103
0.00358174 1.64586 2.2418 0.0142006 0.00519467 0.00335071
0.0053141 1.80194 2.38504 0.0118155 0.00467399 0.00303597
-0.0190363 1.61746 2.26181 0.0137644 0.0046732 0.00347771
-0.0294558 1.69266 2.2826 0.013332 0.00436878 0.0030215
-0.0328166 1.74412 2.27486 0.0124936 0.00382553 0.00291643
-0.0415949 1.63706 2.22028 0.0135347 0.00284752 0.00303129
-0.0309318 1.72566 2.29539 0.0129113 0.00336416 0.00261905
-0.0356014 1.59982 2.16936 0.0134041 0.00243971 0.00306422
