-0.0144863 0.00772832 0.0798019 -0.00028411 0 0
-0.0177704 0.12943 0.114386 -0.00046892 0.00025014 0.00025477
-0.0735945 -0.075367 0.0151989 0.00183773 -0.00041144 -0.00030232
-0.0530666 0.0388589 0.0900967 0.00164341 -0.00033766 9.88e-06
-0.0424035 0.0896645 0.0901871 0.00118188 -0.00015702 0.00018506
-0.0451723 -0.0477068 0.0816549 0.00112624 -0.00021471 0.00025436
-0.0322254 0.147345 0.135167 0.00088125 -4.827e-05 0.00020256
-0.0354427 0.0341077 0.0867251 0.00091814 1.352e-05 0.00018116
-0.0403245 0.0586197 0.0994592 0.00092057 2.567e-05 0.00017952
-0.0326828 0.159908 0.13893 0.00076699 -0.00017166 0.00019778
-0.0405188 0.0554057 0.113373 0.00094598 9.765e-05 0.00011957
-0.0286534 0.161841 0.157971 0.00076983 7.426e-05 0.0001545
-0.0472811 -0.0193756 0.0914295 0.00101808 0.00020604 1.737e-05
-0.0387175 0.115953 0.162399 0.00091791 0.00021783 -7.74e-05
-0.0394886 0.0635773 0.154614 0.00098443 0.00027602 -1.944e-05
-0.0311128 0.0340947 0.161767 0.00099412 0.00012688 7.142e-05
-0.0204299 0.24224 0.192362 0.00062627 0.00029956 1.22e-06
-0.0529354 -0.0979145 0.115042 0.00083055 0.00032189 6.808e-05
-0.101746 -0.00847814 0.158149 0.00024671 0.00103491 -0.00048476
-0.099715 -0.0476167 0.12008 0.00071279 0.00059373 -0.00048198
-0.151428 -0.322918 0.0187632 0.00044469 1.91e-05 -0.0006543
-0.138717 -0.350541 0.00965353 -7.2e-07 6.753e-05 -0.00045969
-0.102384 -0.0205107 0.0836471 0.00057236 0.00032087 -0.00034778
-0.10413 -0.120397 0.0635849 0.00046823 0.00036803 -7.318e-05
-0.114752 -0.126618 0.0510806 0.0004654 0.00043386 -0.00040977
-0.100968 0.12589 0.124081 1.177e-05 0.00068693 -0.00042851
-0.108079 -0.0667136 0.058857 -9.216e-05 0.00061225 -0.00042007
-0.0940901 -0.0392102 0.108659 -0.00010096 0.00069682 -0.0001491
-0.0921742 0.0339698 0.123898 -0.00045882 0.00070107 -0.00010898
-0.0985683 -0.219281 0.0870362 -0.00014823 0.00057385 -0.00034638
-0.0866315 -0.0381039 0.135217 -0.00033745 0.00057179 -0.00016456
-0.0943609 -0.180085 0.0917364 -0.00034426 0.00063002 -0.00020779
-0.0911241 -0.220535 0.0989802 -0.0004665 0.00082273 -0.00021938
-0.0771289 -0.0303089 0.132619 -0.00065861 0.00102103 -0.0006547
-0.0888897 -0.198152 0.0806424 -0.0004842 0.00099541 -0.00032523
-0.0852983 0.00410057 0.139741 -0.00065984 0.0011508 -0.00054988
-0.0921392 -0.0711741 0.0881413 -0.00088294 0.0009961 -0.00029626
-0.0924467 -0.0991846 0.0814137 -0.00080625 0.00104617 -0.00030743
-0.0810664 0.0716246 0.141638 -0.00117245 0.0009388 -0.00029527
-0.0928175 -0.166587 0.0743887 -0.00110715 0.00121961 -0.00029103
-0.087609 -0.0780017 0.115924 -0.00105583 0.00144607 -0.00045597
-0.0873583 -0.0847014 0.122154 -0.00106792 0.00147651 -0.00059075
-0.0866762 -0.168113 0.105582 -0.00119352 0.00128356 -0.0006157
-0.0969633 -0.101792 0.0242761 -0.00062604 0.00141068 -0.00072105
-0.154799 -0.203696 -0.0682446 -0.00138871 0.00141228 -0.00105499
-0.147299 -0.226372 -0.0225186 -0.00127834 0.0017874 -0.0009173
-0.122432 0.00454284 0.0654254 -0.00168249 0.00173285 -0.00081792
-0.134098 -0.233247 -0.0193219 -0.00151358 0.0016195 -0.00081792
-0.107671 -0.120564 0.0447978 -0.00159769 0.0019629 -0.00081792
-0.108835 -0.0337001 0.0748384 -0.0016541 0.00174116 -0.00081792
-0.106638 -0.199021 0.0394382 -0.00164383 0.00168837 -0.00058441
-0.104829 0.0101113 0.0948488 -0.00172398 0.00177996 -0.00081792
-0.113395 -0.196763 0.0579004 -0.0017213 0.00175633 -0.00081792
-0.116947 -0.194588 0.0683296 -0.00160529 0.00173292 -0.00066576
-0.107441 -0.0146751 0.116171 -0.00178263 0.00190985 -0.00081792
-0.116762 -0.214126 0.0777828 -0.00143474 0.00174848 -0.00081792
-0.105003 -0.0442402 0.123138 -0.00130043 0.00182035 -0.00081792
-0.103838 -0.0423458 0.107029 -0.0016265 0.00185164 -0.00081792
-0.104526 -0.165638 0.0807667 -0.0014401 0.0017312 -0.00081792
-0.0980615 0.01771 0.113165 -0.00170528 0.00170413 -0.000658
-0.112542 -0.239143 0.0570306 -0.0014401 0.00188467 -0.00081792
-0.108198 -0.0864256 0.106163 -0.0014401 0.00178808 -0.00067951
-0.099394 -0.107174 0.0637721 -0.00135891 0.00172231 -0.00081792
-0.108777 -0.139337 0.0756834 -0.0014401 0.00193815 -0.0006732
-0.109222 -0.00063934 0.101841 -0.0014401 0.00225239 -0.00094734
-0.114999 -0.216364 0.0554981 -0.0011957 0.00192952 -0.00081792
-0.106755 -0.0117608 0.159646 -0.0014401 0.00205449 -0.00080134
-0.114567 -0.0699507 0.112177 -0.00151277 0.00204991 -0.00070646
-0.124572 -0.152777 0.102832 -0.00122689 0.00221095 -0.00083628
-0.112306 0.0385194 0.150902 -0.00163666 0.00202373 -0.0006899
-0.123646 -0.176485 0.0797212 -0.00161378 0.00218855 -0.00074172
-0.118083 -0.0228437 0.132384 -0.00177297 0.00217923 -0.00086487
-0.126856 -0.124534 0.0844573 -0.00179392 0.00217629 -0.00081996
-0.135767 -0.241447 0.070873 -0.00154201 0.00225478 -0.00109944
-0.0938242 -0.114036 0.088913 -0.00147749 0.00220843 -0.00064724
-0.121416 -0.12693 0.0556153 -0.00383716 0.00257481 -0.00101649
-0.134416 0.0742185 0.0954431 -0.00392701 0.00321169 -0.00116862
-0.140601 -0.0242419 0.0702626 -0.00401976 0.00302463 -0.00147387
-0.139311 -0.0951354 0.0750243 -0.00372751 0.0031567 -0.00153281
-0.139547 0.0641974 0.122107 -0.00414693 0.00321584 -0.00150375
-0.147191 -0.183335 0.055216 -0.00396476 0.00296811 -0.00164515
-0.144318 -0.0409425 0.126244 -0.00393272 0.00324616 -0.00160496
-0.155649 -0.0620292 0.123254 -0.00372751 0.00312769 -0.00162589
-0.162749 -0.142104 0.116955 -0.00394092 0.00312184 -0.00160889
-0.146778 0.0156227 0.140794 -0.00430674 0.00314734 -0.00147808
-0.16553 -0.233155 0.0373124 -0.00347752 0.00344361 -0.00150213
-0.171832 0.0159053 0.121831 -0.00401858 0.00368901 -0.00163102
-0.172527 -0.0485335 0.106056 -0.00406672 0.00381738 -0.00180626
-0.178149 -0.134423 0.0746504 -0.00428441 0.00388629 -0.00202013
-0.173829 0.0210305 0.124288 -0.00441689 0.00388157 -0.00196401
-0.176712 -0.192999 0.0758656 -0.00423566 0.0040993 -0.00208257
-0.168586 0.00779582 0.139928 -0.00423566 0.00399578 -0.00198804
-0.19074 -0.112496 0.0925573 -0.00417635 0.0042551 -0.00211308
-0.190579 -0.132353 0.0971839 -0.00409303 0.00418364 -0.00207332
-0.186785 0.0340503 0.146228 -0.00432226 0.00407158 -0.00184315
-0.20573 -0.120114 0.085656 -0.00423566 0.00378297 -0.00184319
-0.0787899 0.101696 0.0183211 0.00281133 0.00087395 -0.00167459
-0.0238944 0.187926 -0.0487345 0.00722111 -0.00382292 -0.00163903
-0.0425109 0.159382 0.0720954 0.00356882 -0.00179172 -0.00147832
-0.108878 0.0301405 -0.0261714 0.00254939 -0.00072003 -0.00174321
-0.129994 -0.00649716 0.0467765 0.00097777 -0.00058828 -0.00174676
-0.119564 -0.110195 0.0662642 0.00111371 -0.0003853 -0.00177582
-0.121049 -0.293116 0.0542739 0.00091687 -0.000163 -0.00163903
-0.107029 -0.088581 0.0734345 0.001061 -0.00010365 -0.00177301
-0.122982 -0.250158 0.0487646 0.00073998 -7.313e-05 -0.0015253
-0.107365 -0.0652597 0.0693939 0.00097777 -4.193e-05 -0.00149682
-0.109416 -0.0124796 0.066041 0.00097777 -1.105e-05 -0.00157488
-0.116712 -0.0600369 0.0451101 0.00065304 -6.636e-05 -0.00164922
-0.107477 0.110359 0.0660827 0.00089236 0.00029554 -0.00142784
-0.125797 -0.104681 0.0249523 0.00044759 0.00028004 -0.00154585
-0.112633 -0.0164876 0.0620339 0.00088395 0.0004461 -0.00163952
-0.101502 0.0269851 0.06725 0.00079128 0.00048449 -0.00148808
-0.117666 -0.210962 0.0359429 0.00047803 0.00058805 -0.00160061
-0.0980621 -0.0397927 0.0878289 0.00086781 0.00058805 -0.00151913
-0.110029 -0.157009 0.0645432 0.00097777 0.00058805 -0.00142895
-0.110907 -0.159135 0.0733348 0.00087542 0.00058805 -0.00158629
-0.11173 0.0299394 0.0811837 0.00066528 0.00092966 -0.00152157
-0.113959 -0.13425 0.0532333 0.00061842 0.00058805 -0.00167838
-0.110529 -0.0162646 0.0659249 0.00066651 0.00074741 -0.00161337
-0.12624 -0.00982391 0.0401907 0.00043137 0.00076234 -0.00155045
-0.142149 -0.170054 0.0224532 0.00032193 0.00074139 -0.00163296
-0.119327 0.0292974 0.0698191 0.00053858 0.00130173 -0.00164511
-0.124287 -0.167624 0.0281844 0.00043866 0.00058805 -0.00144233
-0.117874 -0.0863966 0.0475873 0.00034274 0.00076151 -0.00168873
-0.129771 -0.054507 0.0608057 0.00041013 0.00120018 -0.00199778
-0.127857 -0.223016 0.0338172 0.00038583 0.00093494 -0.00170734
-0.12203 -0.00618989 0.0563476 7.678e-05 0.00157073 -0.00172325
-0.12449 -0.341846 -0.0467532 -0.00054285 0.00106077 -0.00144186
-0.126293 0.0569788 -0.0254384 -0.00087108 0.00158557 -0.00198968
-0.109655 0.134004 0.00139061 -0.00059597 0.00159069 -0.00164354
-0.118219 -0.0635654 -0.0373186 -0.00094193 0.00151917 -0.00174959
-0.108208 0.113573 0.00692049 -0.00050504 0.00166905 -0.00178469
-0.11515 -0.0677603 -0.0417345 -0.00073686 0.00131649 -0.0016842
-0.106504 -0.0181856 -0.00286689 -0.00062839 0.00162816 -0.00164708
-0.105541 -0.0313627 0.00421274 -0.00054488 0.0017923 -0.0016482
-0.120851 -0.181649 -0.022916 -0.00027238 0.00162361 -0.00172479
-0.126549 0.0096452 -0.00976725 -0.00027539 0.00162364 -0.00218593
-0.134495 -0.0804006 -0.0261759 -0.00091821 0.00182303 -0.00185205
-0.127158 0.0923898 0.01967 -0.0005297 0.00183061 -0.00168336
-0.130887 -0.132978 -0.0220327 -0.00077737 0.00166196 -0.00168231
-0.124446 0.0198257 0.00420246 -0.00053185 0.00166817 -0.00163736
-0.142738 -0.00430797 -0.0168318 -0.00042004 0.00208873 -0.0018545
-0.136777 -0.0971684 0.00447646 -0.00032696 0.00206256 -0.00202165
-0.123585 0.0941098 0.0578509 -0.00021251 0.00210763 -0.00180003
-0.138857 -0.102013 0.0192958 0.00012931 0.00226651 -0.00194349
-0.134552 0.0755319 0.0710199 -0.00013442 0.00243974 -0.00205086
-0.146262 0.0048823 0.0448166 7.976e-05 0.00234664 -0.00202711
-0.168663 -0.020741 0.03153 -0.00013442 0.00234664 -0.00239798
-0.157147 0.14789 0.0810513 -0.00022562 0.00289832 -0.00249314
-0.157519 -0.0708782 0.0482629 -0.00022581 0.00225019 -0.00232275
-0.149983 0.0337992 0.0853156 -0.00013442 0.00263409 -0.00216258
-0.151846 -0.0198799 0.0631957 -0.00042382 0.00249068 -0.00212287
-0.153122 -0.0623256 0.0674159 -0.00013442 0.00234664 -0.00229396
-0.153316 0.0713782 0.0727354 -0.00037668 0.00279739 -0.00221172
-0.15572 -0.125648 0.0206545 -0.00074396 0.0026951 -0.00233993
-0.151384 0.0853055 0.0457545 -0.00083619 0.00309319 -0.00228526
-0.156878 -0.0376611 0.0408503 -0.00084898 0.0030204 -0.00231358
-0.154592 0.0103598 0.0566779 -0.00082869 0.00319843 -0.00221038
-0.152845 0.0218507 0.0350198 -0.0009409 0.00313918 -0.00207043
-0.159152 -0.100385 0.0317031 -0.00065535 0.00294719 -0.00223272
-0.154547 0.0849513 0.0848648 -0.00060007 0.00346927 -0.00222649
-0.160059 -0.116824 0.0457955 -0.00074315 0.00309953 -0.00227969
-0.153529 -0.00949588 0.0975194 -0.00034888 0.00346927 -0.00223999
-0.158119 0.0473903 0.104926 -0.00037661 0.00346927 -0.00232455
-0.161342 -0.0230434 0.106856 -0.00026598 0.00346927 -0.00233151
-0.165564 0.101451 0.110249 -0.00069479 0.00378483 -0.00234239
-0.167195 -0.0700318 0.0552246 -0.00087194 0.00337581 -0.00239397
-0.164632 0.0859671 0.0910477 -0.00088462 0.0035914 -0.00217083
-0.180966 -0.11569 0.0146841 -0.00134531 0.00338728 -0.00225693
-0.165527 -0.0377469 0.0386852 -0.00102416 0.00341414 -0.0022322
-0.164664 0.00526776 0.0422547 -0.00131792 0.00353895 -0.00225129
-0.171611 -0.125537 0.0237359 -0.0010794 0.00323528 -0.00238922
-0.174389 0.0895866 0.0942147 -0.00078038 0.00372186 -0.00230579
-0.175892 -0.0648949 0.0434683 -0.00101221 0.00335795 -0.00242429
-0.181752 0.0263241 0.096901 -0.00060837 0.00391029 -0.00244234
-0.178754 0.0579252 0.0886113 -0.0008407 0.00382746 -0.00233445
-0.197904 -0.0608138 0.0237758 -0.00171045 0.00386106 -0.0024744
-0.197761 0.077498 0.0478826 -0.00281652 0.00408147 -0.00236196
-0.206822 -0.239635 -0.00257688 -0.00252347 0.00418823 -0.00222378
-0.197479 -0.0789369 0.0575587 -0.00264292 0.00420505 -0.00242433
-0.216942 -0.221195 -0.0489924 -0.00317689 0.00437938 -0.00231914
-0.210624 -0.194288 -0.0243571 -0.00311986 0.00437938 -0.00251459
-0.208716 -0.0398855 0.0142789 -0.00317156 0.00431349 -0.00254283
-0.217519 -0.228823 -0.0213074 -0.00300454 0.00437938 -0.00252237
-0.209751 0.00805877 0.0401056 -0.00283504 0.00437938 -0.00246468
-0.234238 -0.127066 -0.0311039 -0.00299054 0.00437938 -0.00254462
-0.217588 -0.0459061 0.017279 -0.00314522 0.00458161 -0.00246675
-0.208972 -0.0316531 0.00462873 -0.00336272 0.00443387 -0.00246008
-0.224643 -0.209536 -0.0180372 -0.00308487 0.00448047 -0.00222718
-0.215598 -0.0353436 0.0430726 -0.00332217 0.0045376 -0.00247538
-0.226061 -0.268057 -0.0141248 -0.00323489 0.00443268 -0.00241941
-0.220723 -0.159619 0.0270234 -0.00335685 0.00453378 -0.00256585
-0.22873 -0.11328 -0.018772 -0.00351475 0.00459054 -0.00250835
-0.223521 -0.24802 -0.0363236 -0.00346076 0.00496346 -0.00246298
-0.227394 -0.00905841 0.0247022 -0.00363865 0.00496346 -0.00265672
-0.198452 -0.179797 -0.0135813 -0.00355027 0.00609603 -0.00351953
-0.220381 -0.0527118 -0.0145444 -0.00271287 0.00502155 -0.00251722
-0.239601 -0.0250229 -0.0264267 -0.0013236 0.00416691 -0.00285675
-0.24039 -0.122529 0.0275231 -0.0014902 0.00449399 -0.00304371
-0.219196 0.0447036 0.0848936 -0.00178417 0.0048891 -0.00284154
-0.238494 -0.179082 0.0218285 -0.00199676 0.00451081 -0.00297428
-0.232301 -0.0606751 0.0726193 -0.00192518 0.0050273 -0.00301005
-0.228936 0.0251803 0.130441 -0.0022907 0.00500359 -0.00291173
-0.23218 -0.0206424 0.145015 -0.00234775 0.00472654 -0.00285506
-0.226019 0.0728004 0.15233 -0.00274954 0.00494619 -0.00279896
-0.246873 -0.190438 0.0768213 -0.00224316 0.00463547 -0.0028598
-0.221797 -0.0726426 0.0999901 -0.00135582 0.00456334 -0.00288121
-0.198229 -0.0751324 0.0552256 0.00028057 0.00372278 -0.00249267
-0.225863 -0.0219382 0.0435621 -0.00117915 0.00434008 -0.00256254
-0.240971 0.209877 0.0953158 -0.0030066 0.00484463 -0.00266818
-0.251664 -0.0695826 0.0125872 -0.0026107 0.00500467 -0.00265143
-0.240918 0.121754 0.0600778 -0.00249299 0.00516955 -0.00275789
-0.248806 -0.0343442 0.0170501 -0.00238485 0.00465085 -0.00276976
-0.249509 -0.070699 0.028338 -0.00207532 0.00505184 -0.00289703
-0.233911 0.0448881 0.0618958 -0.00212423 0.00502622 -0.00271699
-0.227729 -0.121394 0.0264542 -0.00192889 0.00488483 -0.00284688
-0.222424 0.0825794 0.111078 -0.00205927 0.00512194 -0.0028717
-0.235076 -0.0445709 0.0738524 -0.00148598 0.00470435 -0.00289837
-0.233159 0.0879715 0.13489 -0.0021371 0.00472601 -0.00283047
-0.268038 0.0427958 0.0717998 -0.00244137 0.00501328 -0.00307605
-0.260385 0.199195 0.124111 -0.00288428 0.00483501 -0.0031155
-0.255108 0.0790873 0.102895 -0.00295672 0.0049879 -0.00298746
-0.252386 -0.135047 0.0668885 -0.00286416 0.00507265 -0.00305231
-0.246037 0.0336785 0.0605878 -0.00332185 0.00475809 -0.00274744
-0.265118 -0.32469 -0.31211 -0.00219223 0.00503599 -0.00362028
-0.276239 -0.266134 -0.246341 -0.00372982 0.00499395 -0.00351818
-0.258584 -0.0464518 -0.138897 -0.00326186 0.00476618 -0.00366876
-0.268035 -0.144243 -0.155742 -0.00351859 0.0048469 -0.00370497
-0.26594 -0.155703 -0.150509 -0.00347423 0.00477082 -0.00379711
-0.264083 0.0112591 -0.131877 -0.00344108 0.00523139 -0.00371052
-0.268403 -0.151892 -0.159624 -0.00400999 0.00509314 -0.00376236
-0.254451 0.0278408 -0.0989163 -0.00305139 0.00492887 -0.00370822
-0.264449 -0.168366 -0.163581 -0.00377183 0.00503918 -0.00378524
-0.259878 -0.0818654 -0.109573 -0.0033256 0.00534718 -0.00373109
-0.257229 -0.109276 -0.121875 -0.0035187 0.00534256 -0.00384644
-0.263437 -0.24612 -0.118359 -0.0035187 0.00533197 -0.00380109
-0.257194 -0.0563033 -0.0969534 -0.0035187 0.00545128 -0.00379375
-0.273445 -0.230187 -0.138732 -0.00382963 0.00536756 -0.00382366
-0.263809 -0.103145 -0.0899716 -0.00351871 0.00554632 -0.00379045
-0.26201 -0.0344039 -0.0770938 -0.0032687 0.00538997 -0.00377215
-0.268038 -0.119418 -0.0861245 -0.00310143 0.00529632 -0.00381085
-0.263344 0.0406516 -0.0557548 -0.00317134 0.0056261 -0.00370738
-0.27752 -0.126282 -0.0841793 -0.00318655 0.0053817 -0.00380801
-0.259865 0.0285462 -0.0517014 -0.00326871 0.00554632 -0.00370192
-0.269746 -0.144085 -0.0929576 -0.00330474 0.00554632 -0.00374798
-0.268893 -0.0727739 -0.0465222 -0.00228481 0.00515867 -0.00374436
-0.257094 0.0110728 -0.0152037 -0.00277286 0.00539851 -0.00374525
-0.275181 -0.208508 -0.0511097 -0.00276746 0.00540292 -0.00391968
-0.264359 -0.0247447 0.0101838 -0.00246341 0.00554633 -0.00391362
-0.265773 -0.0406944 -0.0183531 -0.00265852 0.00554633 -0.00395646
-0.265247 -0.0659427 -0.0205048 -0.00280854 0.00554633 -0.00400516
-0.264866 0.0597925 -0.0277733 -0.00306908 0.00568966 -0.00384178
-0.264417 -0.173837 -0.051409 -0.00311951 0.0053443 -0.00381833
-0.26431 0.02003 -0.0207819 -0.0032495 0.00554633 -0.00369935
-0.264339 -0.115572 -0.064039 -0.003079 0.00544479 -0.00375516
-0.261031 -0.0986125 -0.0388629 -0.00285117 0.00528349 -0.00383359
-0.257507 0.0316289 -0.0239608 -0.00291022 0.00534274 -0.00381125
-0.270124 -0.188585 -0.0634798 -0.00263086 0.00534938 -0.00386452
-0.26562 0.00626628 0.00396762 -0.0028001 0.0056413 -0.00387239
-0.270506 -0.0469673 -0.0297103 -0.00268824 0.0056413 -0.00387773
-0.264323 -0.127096 -0.0545611 -0.00280358 0.0056413 -0.00389998
-0.263439 0.112494 -0.00942664 -0.00302945 0.00547747 -0.00385588
-0.28106 -0.0876136 -0.0760122 -0.0034896 0.00543476 -0.00384438
-0.27116 -0.108678 -0.0464094 -0.0032006 0.00569658 -0.00384566
-0.263715 0.00441113 -0.023295 -0.00326108 0.0056413 -0.00360674
-0.269598 -0.23066 -0.0758782 -0.0035601 0.0053195 -0.00343304
-0.261441 -0.0313916 -0.0378999 -0.00317155 0.00551573 -0.0036911
-0.268407 -0.180328 -0.0863774 -0.00347019 0.00542146 -0.0037218
-0.258824 -0.0877673 -0.0596098 -0.00317991 0.00544588 -0.00378338
-0.261861 -0.00972431 -0.0479398 -0.00337103 0.00569356 -0.00377901
-0.263482 -0.15242 -0.0735137 -0.0035278 0.00553328 -0.00386224
-0.255612 0.0309589 -0.0312333 -0.00335043 0.00572971 -0.00368417
-0.265757 -0.102745 -0.112278 -0.00346759 0.00572229 -0.00386864
-0.258663 -0.0566435 -0.062357 -0.00339769 0.00549639 -0.00382777
-0.261932 -0.00431888 -0.0695248 -0.0034055 0.00564612 -0.00397281
-0.264971 -0.182328 -0.093915 -0.00337344 0.00549639 -0.00393447
-0.256713 0.0172443 -0.0155951 -0.00309175 0.00575458 -0.00386535
-0.266261 -0.165715 -0.073154 -0.00307811 0.0056858 -0.00395487
-0.273978 -0.0850332 -0.0513899 -0.00339203 0.00558481 -0.00393106
-0.268324 0.0134154 -0.0285112 -0.00344284 0.00565138 -0.00383414
-0.278046 -0.195854 -0.0862088 -0.00369819 0.00549639 -0.00387223
-0.270473 -0.0002752 -0.0348047 -0.00345766 0.00566423 -0.00385403
-0.27965 -0.114635 -0.0992196 -0.00372651 0.0056021 -0.00375753
-0.284197 -0.159338 -0.0942705 -0.00354593 0.00551526 -0.00381561
-0.265748 -0.0108929 -0.078251 -0.00304156 0.00573627 -0.00374836
-0.265192 -0.207539 -0.152258 -0.0037118 0.00503587 -0.00374269
-0.249287 0.00871173 -0.0674203 -0.003464 0.00560775 -0.00347075
-0.266996 -0.128001 -0.131078 -0.00385226 0.00553898 -0.00363421
-0.256215 -0.0445553 -0.0918732 -0.0032603 0.00547244 -0.00376395
-0.266472 -0.0513323 -0.0949662 -0.0035555 0.00564317 -0.00378911
-0.270479 -0.21589 -0.133155 -0.00382393 0.00582697 -0.00389236
-0.287961 -0.133147 -0.254111 -0.00587196 0.00789434 -0.00411956
-0.325268 -0.339416 -0.370005 -0.00635217 0.00850906 -0.00407106
-0.344358 -0.411787 -0.67372 -0.00857454 0.00761358 -0.00418424
-0.396644 -0.542895 -0.651883 -0.00901236 0.00833282 -0.00458382
-0.393917 -0.659936 -0.605547 -0.00942505 0.00904393 -0.00471249
-0.365913 -0.344562 -0.461615 -0.00860749 0.00822341 -0.00446427
-0.363241 -0.515742 -0.394762 -0.00694697 0.00805001 -0.00442141
-0.352019 -0.368867 -0.342007 -0.00688674 0.00837116 -0.00453696
-0.35779 -0.331825 -0.352121 -0.00676705 0.00844681 -0.00421598
-0.370419 -0.450329 -0.388517 -0.0068887 0.00856194 -0.00453297
-0.361521 -0.198645 -0.248848 -0.0060408 0.00755431 -0.00429859
-0.362043 -0.296052 -0.298503 -0.00662089 0.00734721 -0.00413424
-0.368494 -0.296412 -0.300585 -0.00675251 0.00791352 -0.00439577
-0.356632 -0.22212 -0.286643 -0.00640957 0.00776364 -0.00435315
-0.39136 -0.573488 -0.397137 -0.00712684 0.0076071 -0.0046619
-0.382258 -0.372845 -0.324022 -0.0069295 0.00798471 -0.00432044
-0.359131 -0.212533 -0.2798 -0.0066521 0.00715764 -0.00388581
-0.393994 -0.560882 -0.411244 -0.00762034 0.00763026 -0.00465152
-0.354649 -0.291141 -0.284627 -0.00639911 0.00745084 -0.00416524
-0.362542 -0.347187 -0.299439 -0.00674964 0.00748109 -0.00427521
-0.371781 -0.439315 -0.332436 -0.0069914 0.00783693 -0.00449442
-0.366815 -0.220054 -0.295941 -0.00658777 0.00790282 -0.00431451
-0.379755 -0.446619 -0.338165 -0.00648437 0.00728485 -0.0042515
-0.359272 -0.214885 -0.23561 -0.00579949 0.00719518 -0.00438566
-0.382918 -0.338574 -0.302232 -0.00639015 0.00776678 -0.00442982
-0.359234 -0.205775 -0.228894 -0.0056244 0.00713854 -0.00441823
-0.358453 -0.179642 -0.243851 -0.00595143 0.00706335 -0.00423772
-0.379424 -0.459481 -0.302535 -0.00605683 0.00742869 -0.00434167
-0.354236 -0.286199 -0.246911 -0.00556536 0.00716117 -0.00425198
-0.359742 -0.310393 -0.255794 -0.00588634 0.00723655 -0.00410589
-0.37595 -0.456465 -0.293786 -0.00625965 0.00790018 -0.00453424
-0.364674 -0.201874 -0.232939 -0.00595143 0.00721437 -0.00436902
-0.378101 -0.41619 -0.298681 -0.00595387 0.00725079 -0.00434811
-0.362055 -0.27467 -0.206639 -0.0053753 0.00714213 -0.00423244
-0.361054 -0.201264 -0.224108 -0.0056079 0.00714213 -0.00421488
-0.389567 -0.383464 -0.313151 -0.00532605 0.00711807 -0.00412955
-0.374674 -0.118703 -0.206727 -0.00558603 0.00644912 -0.00444455
-0.363996 -0.231661 -0.230474 -0.00546936 0.00657199 -0.00431496
-0.364993 -0.36491 -0.243927 -0.00552004 0.00665507 -0.00409512
-0.369957 -0.16597 -0.253485 -0.00517515 0.00765297 -0.00411073
-0.388205 -0.439225 -0.313422 -0.00578827 0.00758357 -0.00406066
-0.370737 -0.325906 -0.239275 -0.00546455 0.00709829 -0.00429801
-0.346167 -0.392307 -0.30302 -0.0057913 0.00725829 -0.00386785
-0.312654 -0.357575 -0.353929 -0.00558214 0.00747469 -0.00371312
-0.313989 0.0447311 -0.32023 -0.00577395 0.00747268 -0.00393927
-0.317167 -0.248748 -0.416029 -0.00501086 0.00799406 -0.00391349
-0.28448 -0.0487084 -0.34657 -0.00246181 0.00729302 -0.00385487
-0.300802 -0.1079 -0.380907 -0.00346996 0.00765997 -0.00402426
-0.314555 -0.197464 -0.420973 -0.00374625 0.00821647 -0.00408635
-0.374268 -0.0139129 -0.347876 -0.00532067 0.00838908 -0.00438883
-0.396301 -0.574289 -0.406561 -0.00540766 0.00877681 -0.00476915
-0.375572 -0.415417 -0.284665 -0.00497413 0.0083018 -0.00473128
-0.388626 -0.559531 -0.33492 -0.00526269 0.00866758 -0.00482739
-0.391634 -0.563823 -0.340095 -0.00551406 0.0089167 -0.00520227
-0.378462 -0.242504 -0.254007 -0.00492544 0.00807763 -0.00470378
-0.414384 -0.420823 -0.37932 -0.00515143 0.00862851 -0.00465989
-0.403686 -0.195663 -0.272723 -0.00491298 0.00714321 -0.00453569
-0.390288 -0.0759626 -0.24207 -0.00524161 0.00687323 -0.00450666
-0.395735 -0.26165 -0.290754 -0.00515914 0.00740982 -0.00425639
-0.376761 -0.106581 -0.212705 -0.0048312 0.0070202 -0.00445899
-0.394399 -0.343809 -0.320528 -0.00539832 0.00787551 -0.00447838
-0.386324 -0.340301 -0.301463 -0.00451745 0.00762173 -0.00434911
-0.380242 -0.295533 -0.299096 -0.00363555 0.00763674 -0.00437554
-0.400003 -0.458724 -0.331091 -0.00406037 0.00785935 -0.00458006
-0.404971 -0.281643 -0.458186 -0.00315833 0.00852714 -0.00448512
-0.416668 -0.43492 -0.462776 -0.00326053 0.00817209 -0.00413341
-0.366901 -0.151591 -0.275893 -0.00383816 0.00682042 -0.0043837
-0.381507 -0.23693 -0.347489 -0.00433938 0.00791817 -0.00431398
-0.398098 -0.305028 -0.366834 -0.00435259 0.00838696 -0.00460921
-0.377352 -0.133407 -0.303328 -0.00438023 0.00758665 -0.00448964
-0.392054 -0.375541 -0.363018 -0.00456157 0.00800414 -0.00438167
-0.369883 -0.18811 -0.243417 -0.00418127 0.00726036 -0.00448372
-0.377283 -0.308606 -0.293461 -0.0043306 0.00747301 -0.00462669
-0.375494 -0.416783 -0.302707 -0.00416752 0.00769048 -0.00438417
-0.366598 -0.192139 -0.233205 -0.00397464 0.00749483 -0.00457679
-0.381501 -0.419789 -0.296481 -0.00400864 0.00788451 -0.0044485
-0.361037 -0.231182 -0.182462 -0.00369288 0.00666994 -0.0046679
-0.374957 -0.196121 -0.213221 -0.00386779 0.00702525 -0.00458333
-0.391915 -0.312943 -0.258299 -0.00364915 0.00753771 -0.00460074
-0.352215 -0.136429 -0.0954861 -0.00327599 0.00688528 -0.00501849
-0.339452 0.00739858 -0.020335 -0.00337298 0.00686895 -0.00494621
-0.352921 -0.176746 -0.091446 -0.00379776 0.00699815 -0.00492357
-0.349504 -0.243369 -0.104145 -0.00381835 0.00671765 -0.00472425
-0.342289 -0.159579 -0.114461 -0.00364561 0.00669567 -0.00469113
-0.359666 -0.479284 -0.186101 -0.00350887 0.00691874 -0.00432892
-0.336006 -0.211227 -0.108457 -0.00345972 0.00652891 -0.00455124
-0.371826 -0.399106 -0.279309 -0.0041881 0.00729677 -0.0047306
-0.435347 -0.447942 -0.517075 -0.00338083 0.00773364 -0.00494963
-0.364807 -0.260715 -0.285766 -0.00359943 0.00520807 -0.0045668
-0.379081 -0.219522 -0.289118 -0.00406434 0.00546237 -0.00485337
-0.395954 -0.367187 -0.366344 -0.00428919 0.00721444 -0.00479109
-0.373683 -0.108901 -0.276606 -0.00389397 0.00684071 -0.00503467
-0.394555 -0.363633 -0.358968 -0.00395774 0.00753446 -0.00471577
-0.381638 -0.335142 -0.263715 -0.00358469 0.00685229 -0.00496562
-0.367108 -0.218171 -0.206966 -0.00344506 0.00635316 -0.00493482
-0.382927 -0.420208 -0.274629 -0.00365835 0.00708349 -0.00478762
-0.374361 -0.205822 -0.151232 -0.00403596 0.006741 -0.00488188
-0.385263 -0.347471 -0.205957 -0.0041303 0.00636904 -0.00451416
-0.397367 -0.328755 -0.21284 -0.00407401 0.00690855 -0.00489417
-0.377441 -0.116651 -0.104872 -0.00437545 0.0069497 -0.00499786
-0.37978 -0.204699 -0.132263 -0.00422989 0.00669019 -0.0050296
-0.370666 -0.172999 -0.120682 -0.00416599 0.00668218 -0.00494288
-0.398998 -0.224938 -0.314137 -0.00263219 0.0080405 -0.0049845
-0.414321 -0.436973 -0.310087 -0.0036983 0.0075908 -0.00513505
-0.381924 -0.153166 -0.18193 -0.00359723 0.00674059 -0.00502051
-0.394695 -0.338926 -0.256902 -0.00324811 0.00793331 -0.00470606
-0.38275 -0.371251 -0.200344 -0.00323505 0.00697211 -0.00464177
-0.367909 -0.145156 -0.137309 -0.00351271 0.00653845 -0.0049914
-0.379826 -0.357681 -0.194714 -0.00300274 0.00679854 -0.0045232
-0.359167 -0.195232 -0.110381 -0.00295187 0.00650439 -0.00481012
-0.355916 -0.123745 -0.105313 -0.00284248 0.00655018 -0.00453185
-0.363542 -0.27355 -0.120472 -0.00295187 0.00622188 -0.00438858
-0.359356 -0.109584 -0.0552821 -0.00350477 0.00603461 -0.00419286
-0.369797 -0.203774 -0.0962381 -0.00374423 0.00578118 -0.00425315
-0.35584 -0.0731713 -0.0666176 -0.00351859 0.00603461 -0.00432049
-0.368449 -0.232249 -0.123094 -0.00384573 0.00609703 -0.0043598
-0.371925 -0.381195 -0.150835 -0.00390135 0.00600359 -0.00417134
-0.33566 -0.246459 -0.146081 -0.00409684 0.00602426 -0.00393846
-0.341002 -0.42204 -0.280148 -0.0024716 0.0062326 -0.00378705
-0.345464 -0.101967 -0.200322 -0.00344878 0.00646825 -0.00446248
-0.336026 0.0124413 -0.185457 -0.00433631 0.00618904 -0.00423791
-0.332498 -0.177809 -0.249114 -0.00387693 0.00561144 -0.00393846
-0.324838 0.0341523 -0.262394 -0.00423019 0.00540011 -0.00373458
-0.335133 -0.203341 -0.282984 -0.00416817 0.00515139 -0.00363564
-0.319582 -0.108945 -0.188063 -0.0041494 0.00513981 -0.0039041
-0.330871 -0.235507 -0.281811 -0.00445596 0.00538636 -0.00350455
-0.321583 -0.223339 -0.229729 -0.00370446 0.00529452 -0.00389157
-0.316656 -0.174526 -0.230678 -0.00414919 0.00542145 -0.00374792
-0.32699 -0.32702 -0.259604 -0.00390721 0.00561398 -0.0035207
-0.306128 -0.080156 -0.184478 -0.00385784 0.00536004 -0.00378967
-0.320426 -0.271558 -0.218817 -0.00365825 0.00558328 -0.00389498
-0.307407 -0.138431 -0.181721 -0.00380818 0.00582282 -0.00413979
-0.318967 -0.132869 -0.239054 -0.00369801 0.00591644 -0.00383667
-0.320438 -0.137636 -0.225429 -0.00315645 0.00615777 -0.00412465
-0.319873 -0.0195917 -0.170559 -0.00372903 0.0060908 -0.00416798
-0.342288 -0.18366 -0.242289 -0.00286179 0.00604272 -0.00440058
-0.323961 -0.00022584 -0.129533 -0.00384521 0.00551429 -0.00430786
-0.318971 -0.13197 -0.162222 -0.00395033 0.00585836 -0.00428647
-0.314971 -0.246654 -0.179861 -0.00395033 0.00556145 -0.00400876
-0.316832 -0.0947801 -0.164204 -0.00426753 0.00567708 -0.00406195
-0.33486 -0.330612 -0.23577 -0.00437589 0.00585676 -0.00391149
-0.31419 -0.0996968 -0.161077 -0.00395033 0.0055188 -0.00410219
-0.333756 -0.270456 -0.252508 -0.0036406 0.00612604 -0.00402758
-0.32058 -0.142356 -0.192387 -0.00337981 0.00587922 -0.00420872
-0.3155 -0.0425994 -0.180926 -0.00299209 0.0060171 -0.00426523
-0.317588 -0.143993 -0.185575 -0.00383584 0.00581412 -0.00443698
-0.311408 0.0374322 -0.147789 -0.00395033 0.00601412 -0.00430163
-0.333691 -0.207293 -0.236338 -0.00395033 0.00593629 -0.00420929
-0.32073 -0.14186 -0.202968 -0.00266719 0.00571962 -0.00433861
-0.320743 -0.122277 -0.217717 -0.00186259 0.00562197 -0.00430618
-0.328077 -0.312261 -0.266004 -0.00183095 0.00579243 -0.00417722
-0.30617 -0.104037 -0.18459 -0.00208893 0.00554812 -0.00429696
-0.320423 -0.170177 -0.224595 -0.00217388 0.00583054 -0.00428662
-0.329191 -0.217734 -0.214591 -0.002036 0.00570755 -0.00430551
-0.312248 0.00874973 -0.129671 -0.00295213 0.00583627 -0.00447607
-0.319939 -0.141106 -0.167972 -0.00298111 0.00583627 -0.00448756
-0.311318 -0.00382622 -0.111 -0.00349539 0.00566128 -0.00430676
-0.319526 -0.15117 -0.186333 -0.00344062 0.00544107 -0.00423407
-0.31537 -0.126631 -0.182254 -0.00286069 0.00550378 -0.00413974
-0.309864 -0.0883646 -0.161509 -0.00323334 0.00548822 -0.00408826
-0.325322 -0.261528 -0.203109 -0.00291311 0.00547929 -0.00409478
-0.313042 -0.0795566 -0.187271 -0.00279027 0.00544446 -0.00403094
-0.332598 -0.30349 -0.272402 -0.00260697 0.00569156 -0.00374652
-0.304914 -0.0450918 -0.185609 -0.00224984 0.00530518 -0.00402151
-0.30985 -0.142751 -0.242738 -0.00242686 0.0057509 -0.0040457
-0.307697 -0.0962715 -0.191268 -0.00259344 0.00569503 -0.00425172
-0.30658 -0.0562293 -0.220253 -0.00283606 0.00576665 -0.00410192
-0.308538 -0.161239 -0.23483 -0.00232408 0.00575995 -0.00422703
-0.301643 0.017328 -0.147152 -0.00270923 0.00548825 -0.00410785
-0.320677 -0.178914 -0.229383 -0.00212377 0.00592115 -0.00442929
-0.326061 -0.0930691 -0.17366 -0.00243882 0.00573571 -0.00431703
-0.310729 -0.00729318 -0.135054 -0.00305339 0.00543858 -0.00430093
-0.328022 -0.237648 -0.208403 -0.00258627 0.00567977 -0.00423484
-0.308556 -0.106676 -0.12876 -0.00258627 0.00574797 -0.00433178
-0.308587 -0.122198 -0.15796 -0.00240692 0.00592238 -0.00445078
-0.322043 -0.209261 -0.210074 -0.00205012 0.00599298 -0.00432399
-0.311924 0.0253877 -0.136174 -0.00258627 0.00582812 -0.0044274
-0.321747 -0.124737 -0.199546 -0.00273128 0.0057153 -0.00441194
-0.327374 -0.173328 -0.209947 -0.00250365 0.00560643 -0.00444338
-0.319989 0.00171238 -0.155851 -0.00310779 0.00532312 -0.00436383
-0.334588 -0.250081 -0.227242 -0.00272104 0.00551592 -0.00419814
-0.317301 -0.0709218 -0.163364 -0.00200787 0.0053967 -0.00444324
-0.326834 -0.160954 -0.245804 -0.0023187 0.00569629 -0.00434017
-0.32071 -0.17776 -0.219183 -0.0022655 0.00564945 -0.0044775
-0.319894 -0.0324306 -0.179434 -0.00262497 0.00568518 -0.00417416
-0.320083 -0.24786 -0.242988 -0.00228357 0.00572196 -0.00426091
-0.315626 -0.0172851 -0.18771 -0.00237152 0.00583238 -0.00442494
-0.329612 -0.200162 -0.26269 -0.00232589 0.00604044 -0.00443503
-0.321273 -0.119446 -0.200725 -0.00220966 0.00588412 -0.0045912
-0.32115 -0.0576037 -0.186788 -0.00228017 0.00599296 -0.00450908
-0.336905 -0.22892 -0.226937 -0.00214656 0.00590807 -0.00476724
-0.329734 -0.00660393 -0.147564 -0.00289752 0.00591186 -0.0047976
-0.334259 -0.196188 -0.213016 -0.00276033 0.00618321 -0.00479548
-0.308874 -0.0834919 -0.163511 -0.00216245 0.0056573 -0.00443042
-0.327818 -0.129867 -0.244523 -0.00213245 0.00619431 -0.00437446
-0.322276 -0.151688 -0.182985 -0.00309263 0.00564868 -0.00452072
-0.313163 0.0215737 -0.154338 -0.00297045 0.00602686 -0.00447573
-0.329228 -0.22531 -0.241 -0.00231398 0.00613987 -0.0044638
-0.31292 -0.0179925 -0.156765 -0.00232427 0.00609249 -0.00462358
-0.318876 -0.0811253 -0.190734 -0.00258204 0.00605022 -0.00472027
-0.316525 -0.124234 -0.186339 -0.00205315 0.00610789 -0.00473309
-0.319211 -0.0357014 -0.189383 -0.00186354 0.00638434 -0.00471932
-0.334781 -0.22948 -0.236439 -0.00202534 0.00639221 -0.00475311
-0.326058 -0.0104723 -0.17103 -0.00216975 0.00615626 -0.00476551
-0.336881 -0.209758 -0.247612 -0.00189933 0.00629325 -0.00471214
-0.337968 -0.135317 -0.212826 -0.00178466 0.00628367 -0.00482135
-0.339547 0.0129416 -0.159977 -0.00242538 0.00627331 -0.00473166
-0.345376 -0.160463 -0.191279 -0.00271267 0.00551487 -0.00485495
-0.332872 0.00138601 -0.152829 -0.00240417 0.00583515 -0.00481845
-0.341323 -0.128536 -0.21755 -0.00225986 0.0060183 -0.0047996
-0.335192 -0.113811 -0.183051 -0.00239235 0.00573025 -0.00477722
-0.27816 -0.0458566 -0.339562 0.00125506 0.00168599 -0.00431921
-0.351014 -0.507169 -1.33669 0.0133581 -0.00705811 -0.0056002
-0.241265 -0.0503969 -1.05355 0.00857517 -0.00400544 -0.00423419
-0.234942 -0.0725827 -0.449758 0.00367272 -0.00151924 -0.00400706
-0.213208 -0.0871848 -0.675543 0.00665879 -0.00151056 -0.00411252
-0.222169 -0.228182 -0.743152 0.0065319 -0.00099014 -0.00423394
-0.20541 -0.222812 -0.707361 0.00649892 -0.00090067 -0.00411762
-0.208476 -0.108016 -0.835048 0.00954324 -0.00206372 -0.00420891
-0.201052 -0.34932 -0.969254 0.0131673 -0.00332301 -0.00485424
-0.170685 -0.101607 -0.86391 0.0110501 -0.00267155 -0.00415696
-0.189679 -0.245466 -0.956534 0.0106685 -0.00243835 -0.00431814
-0.182571 -0.266027 -0.922292 0.0106778 -0.00179586 -0.00445165
-0.181013 -0.063953 -0.896263 0.0101084 -0.00200304 -0.00404857
-0.194758 -0.357383 -1.00475 0.0107451 -0.00201932 -0.00467346
-0.181167 -0.0817347 -0.901665 0.00977509 -0.00136918 -0.00432297
-0.192768 -0.165097 -0.932017 0.00942802 -0.00094819 -0.00442271
-0.193931 -0.345589 -0.957309 0.00984382 -0.00059516 -0.004717
-0.168595 -0.0492374 -0.790618 0.00943088 -0.00065235 -0.00434655
-0.178558 -0.174528 -0.666186 0.00746049 -0.00053339 -0.00422646
-0.170562 -0.146385 -0.584849 0.00725095 -0.00040695 -0.00432533
-0.174122 -0.0774741 -0.33377 0.00229113 0.00068276 -0.00425149
-0.180107 -0.251985 -0.375133 0.00250379 0.00047692 -0.00414221
-0.174499 -0.0140125 -0.292398 0.00191567 0.00066098 -0.00438212
-0.183695 -0.222788 -0.404902 0.00171277 0.00064503 -0.00420543
-0.168704 -0.0823653 -0.329825 0.00157997 0.00095809 -0.00433472
-0.172895 -0.036012 -0.321598 0.00152863 0.00113635 -0.00428379
-0.179241 -0.278088 -0.384656 0.00159269 0.00105909 -0.00419142
-0.175575 -0.0362809 -0.292807 0.00153103 0.00097771 -0.0043466
-0.178519 -0.118359 -0.353576 0.00165942 0.0012573 -0.00448123
-0.176794 -0.213519 -0.34167 0.0018062 0.00147334 -0.00440286
-0.177801 -0.00126445 -0.271302 0.00129019 0.00177248 -0.00455566
-0.232227 -0.24065 -0.315644 0.0010752 0.00268886 -0.00464773
-0.227281 -0.0384221 -0.232173 0.00014892 0.00269036 -0.00457099
-0.230799 -0.0684994 -0.293012 0.00019883 0.00280686 -0.00452409
-0.221109 -0.236004 -0.316612 2.168e-05 0.00241855 -0.00419843
-0.191539 -0.0638441 -0.32355 0.00032509 0.00206052 -0.00406298
-0.220939 -0.164883 -0.33671 0.0001287 0.00224934 -0.00432751
-0.215275 -0.0562853 -0.311039 0.00049864 0.00241285 -0.00430815
-0.222221 -0.105724 -0.292893 0.00013574 0.00277945 -0.00453311
-0.224058 -0.247553 -0.311257 0.00052777 0.00300978 -0.00458818
-0.198051 -0.0123167 -0.207229 0.00031039 0.00276326 -0.00444518
-0.217052 -0.196182 -0.248097 0.00057354 0.00288808 -0.00460095
-0.217197 -0.0595684 -0.208215 0.00028059 0.00299454 -0.00458827
-0.217246 -0.0373541 -0.253812 -4.87e-06 0.00309001 -0.00462086
-0.225795 -0.172441 -0.280077 0.00021927 0.0030619 -0.00464237
-0.217021 0.034126 -0.204789 -0.00019519 0.00290313 -0.00454318
-0.232922 -0.187953 -0.261237 0.00015903 0.00297876 -0.00461391
-0.222687 -0.111345 -0.258515 0.00059011 0.00313643 -0.00447705
-0.229783 -0.0836444 -0.301074 0.0010361 0.00305005 -0.00472782
-0.241196 -0.23283 -0.2703 0.00082034 0.00330651 -0.0048016
-0.220415 0.0133368 -0.184134 0.00035603 0.00337588 -0.00473236
-0.22041 -0.126413 -0.248694 0.00033756 0.00336897 -0.00481084
-0.217243 -0.0446873 -0.196889 0.00028227 0.00319604 -0.00465804
-0.221335 -0.0214809 -0.229713 0.00048898 0.00332177 -0.00477083
-0.231294 -0.139242 -0.240318 0.00069528 0.00334016 -0.00478538
-0.219514 0.0540358 -0.169681 0.00040661 0.00329208 -0.0047787
-0.214889 -0.115895 -0.191211 0.00031149 0.0031931 -0.00494271
-0.213645 -0.140888 -0.219902 0.00051282 0.0033117 -0.00478658
-0.227135 -0.0540562 -0.328203 0.00093414 0.00321839 -0.00455267
-0.238128 -0.111183 -0.243929 -0.00046144 0.00323889 -0.00468243
-0.220772 -0.0186352 -0.184315 -0.00061887 0.0030809 -0.00461234
-0.227437 -0.15944 -0.256503 0.00021746 0.00330071 -0.00463068
-0.224238 -0.14726 -0.228044 0.00019776 0.00356018 -0.00499609
-0.236335 -0.0430405 -0.217245 9.707e-05 0.00333545 -0.00475479
-0.259494 -0.205 -0.254139 0.00039413 0.00309291 -0.00490586
-0.253551 0.0267248 -0.175943 -0.00065009 0.00318228 -0.00492236
-0.262277 -0.0870242 -0.213984 -0.00078061 0.00372052 -0.00496999
-0.236879 -0.036953 -0.182475 -0.00053765 0.00343936 -0.00483646
-0.228663 -0.0256385 -0.180566 -0.00085361 0.00289882 -0.00478826
-0.247805 -0.234653 -0.240869 -0.00122013 0.00368614 -0.00491792
-0.234594 -0.0144591 -0.203585 -0.00086037 0.00342775 -0.00475755
-0.260842 -0.210799 -0.272881 -0.00129316 0.0038701 -0.00478509
-0.239549 -0.133269 -0.228207 -0.00089142 0.00383942 -0.00478068
-0.242158 -0.0674147 -0.233896 -0.00105254 0.00380284 -0.00480001
-0.237954 -0.273828 -0.281957 -0.00022372 0.00376203 -0.00445937
-0.229266 -0.048902 -0.24493 -0.00032989 0.00343674 -0.00451361
-0.251642 -0.156069 -0.316743 -0.00046299 0.00404412 -0.00455674
-0.233727 0.0151956 -0.237546 -0.0006086 0.00419054 -0.00473545
-0.241233 -0.0601246 -0.247608 -0.0007649 0.00421799 -0.00476555
-0.245901 -0.129831 -0.259715 -0.00026643 0.00416282 -0.00483042
-0.241171 -0.00347491 -0.217084 -0.00076837 0.00389839 -0.00476665
-0.282999 -0.248452 -0.296481 -0.00048896 0.00434011 -0.00509333
-0.271518 -0.0892995 -0.23023 -0.00081386 0.00405929 -0.00501502
-0.268397 -0.0930118 -0.238682 -0.00107197 0.00377337 -0.00493281
-0.271722 -0.230054 -0.274524 -0.00043716 0.0042305 -0.00518742
-0.267822 -0.0272453 -0.235204 -0.000373 0.00408081 -0.00511241
-0.30257 -0.160046 -0.206237 -0.00102388 0.00351778 -0.00545983
-0.268315 -0.0271288 -0.189997 -0.00180991 0.00277145 -0.00512816
-0.276938 -0.119564 -0.308281 -0.00067545 0.00456857 -0.00512413
-0.277646 -0.149746 -0.270124 -0.00090012 0.00434142 -0.00519121
-0.273693 -0.0407497 -0.27887 -0.00110072 0.00448079 -0.00499532
-0.284975 -0.210715 -0.313878 -0.00126748 0.00441167 -0.00507933
-0.259591 0.00119657 -0.350378 -0.00065202 0.00347774 -0.00474112
-0.312033 -0.0690374 -0.34065 -0.00154131 0.00392699 -0.00495354
-0.306814 -0.418684 -0.346795 -0.00177242 0.00416018 -0.00457823
-0.293581 -0.213618 -0.255453 -0.00199645 0.0032067 -0.00483339
-0.31171 -0.460097 -0.297369 -0.00218684 0.00372333 -0.00460965
-0.258996 -0.480951 -0.393303 -0.00235813 0.00371993 -0.00382058
-0.194753 -0.762341 -1.13969 -0.00849239 0.00244729 -0.00424745
-0.283696 -0.128507 -0.342333 -0.00291732 0.00012336 -0.00480005
-0.359118 -0.173525 -0.437346 -0.00115562 0.00134713 -0.00546559
-0.395277 -0.384844 -0.343575 -0.00290963 0.00170185 -0.00629711
-0.336571 -0.157492 -0.299054 -0.00211801 0.00200586 -0.00548484
-0.354344 -0.185846 -0.141926 -0.00088539 0.00198922 -0.00579406
-0.346423 -0.163123 -0.00641344 -0.00077558 0.00173202 -0.00586198
-0.302495 -0.10051 -0.0132378 -0.00084705 0.00183909 -0.00528294
-0.322412 -0.363223 -0.073786 -0.00034945 0.00213142 -0.00537368
-0.333467 -0.208417 -0.0402235 -0.00092205 0.00204213 -0.00565787
