0.0128773 0.125482 0.0594682 -0.0015758 0 0.00023902
0.0150357 0.206632 0.0450843 -0.00142723 0 8.891e-05
0.0161957 0.114541 0.0340288 -0.00057209 -0.00012319 0.00014766
0.00454401 0.232867 0.078918 -0.00244668 -5.117e-05 7.858e-05
0.00490854 0.123688 0.0576552 -0.00081172 -0.00013181 0.00024858
0.0057172 0.224877 0.0662931 -0.00134926 0 0.00023103
0.0122719 0.156194 0.0481142 -0.0002966 -0.00014138 0.00052317
0.0164466 0.241706 0.0816095 -0.00198566 -0.00022297 0.00021244
0.0152514 0.158451 0.0853417 -0.00155033 -0.00038295 0.0001622
0.0156911 0.169599 0.0807472 -0.00125971 -9.833e-05 0.00027828
0.0187351 0.235064 0.0588144 -0.00146709 -6.971e-05 0.00020621
0.021851 0.120741 0.0520981 -0.00103811 0 0.00080793
0.0188212 0.219263 0.056089 -0.00153109 -0.00035245 0.00029897
0.0115835 0.145469 0.0395217 -0.00108852 -0.00012663 0.00062929
0.0216732 0.155939 0.0726481 -0.00124633 0 6.538e-05
0.0184249 0.181931 0.0736974 -0.00177205 -0.00036676 0.00017222
0.0258555 0.128215 0.0717858 -0.00088259 -0.00030581 0.00027593
0.0213169 0.210164 0.0631875 -0.00154204 -0.00038212 0.00010854
0.0215683 0.117314 0.0732153 -0.00159368 -0.00034575 0.00016422
0.0187964 0.216832 0.0587339 -0.00157182 -0.00025729 0.00015249
0.0123855 0.130192 0.0482903 -0.00106654 -0.00013002 -1.914e-05
0.0171483 0.196842 0.0507399 -0.00138791 0 4.59e-05
0.0211209 0.156735 0.0565735 -0.0010892 -0.00033864 -5.165e-05
0.0285037 0.202355 0.0460682 -0.00067767 -0.00062583 0.00020447
0.0181879 0.177152 0.0821792 -0.00209612 -0.00018189 8.651e-05
0.0178922 0.199709 0.0680482 -0.00154177 -0.00025 0.00048725
0.0147359 0.21685 0.0938647 -0.00294647 0 0.00082154
0.0151886 0.203691 0.0546332 -0.00136077 -6.631e-05 0.00079415
0.0167973 0.191044 0.0672121 -0.00255704 -0.00019452 0.00071018
0.0202458 0.168267 0.0497861 -0.00140259 -0.00014448 0.00085212
0.0171435 0.174399 0.073955 -0.00241185 -7.308e-05 0.00077304
0.0178088 0.192093 0.0430977 -0.00127114 -8.6e-05 0.00100854
0.0211357 0.168306 0.0452092 -0.00081458 -0.0001471 0.00110005
0.015565 0.223596 0.0539502 -0.00166035 -6.04e-05 0.00110005
0.0182039 0.188894 0.050718 -0.00175474 -6.423e-05 0.00110005
0.017654 0.252815 0.0428401 -0.00134149 -0.00011368 0.00110005
0.0240405 0.180099 0.0288208 -0.00102043 0 0.00121957
0.0226317 0.219839 0.0406339 -0.00121273 0 0.00110005
0.0244682 0.193911 0.0357417 -0.00165099 0 0.0014349
0.0244071 0.234129 0.0381898 -0.00132307 0 0.00139887
0.0251316 0.188791 0.0295207 -0.0013614 0 0.00175499
0.031799 0.194331 0.0436216 -0.00184915 0.00010011 0.00147436
0.0243363 0.192423 0.0630932 -0.00240073 0.00013993 0.00136556
0.0282346 0.1893 0.0183728 -0.00078752 0 0.00158196
0.0281278 0.258862 0.00792552 -0.00090826 0 0.00168661
0.0335709 0.165297 0.0212996 -0.0001562 0 0.00161861
0.0239995 0.293582 0.032695 -0.00153854 0.00016017 0.00167277
0.0281838 0.140765 0.0333864 -0.00028303 0.00019117 0.00186046
0.0262972 0.265854 0.0520621 -0.00153319 0.00023531 0.00152068
0.0305641 0.15979 0.0131847 -6.745e-05 0.00016363 0.00165906
0.0321167 0.288535 0.0230475 -0.00079577 0.0001662 0.00180857
0.031653 0.167521 0.0383116 -0.00125476 0.00020992 0.0017539
0.0306852 0.293785 0.00600897 -0.00097599 0.00022165 0.00186874
0.0283575 0.157418 0.020494 -0.00095749 0.00032457 0.00188082
0.0295534 0.258571 0.0137025 -0.00109535 0.00036338 0.00188786
0.0312452 0.181521 0.0157399 -0.00091827 0.00039501 0.00170002
0.0290513 0.28559 -0.00875545 -0.00046901 0.00040311 0.00174141
0.03338 0.171376 0.0155794 -0.00065514 0.00050531 0.00182771
0.0274841 0.276916 0.0283582 -0.00130944 0.00040589 0.00200593
0.0287972 0.204455 0.00604723 -0.00010123 0.00031671 0.0020144
0.0311475 0.251431 0.014477 -0.00024076 0.00033045 0.00227551
0.0321481 0.2256 0.00914699 -4.796e-05 0.00032498 0.00219647
0.0307059 0.239112 0.00709428 -0.00035123 0.00033111 0.00215731
0.0312225 0.26477 -0.011567 -0.00020589 0.00044132 0.00218533
0.02649 0.214385 0.0142189 -0.0009337 0.00043213 0.00207998
0.028171 0.244154 -0.0153867 -0.00022986 0.00037451 0.00194179
0.0286943 0.233436 0.0212466 -0.00108714 0.00016836 0.00218907
0.0314237 0.227397 0.0162034 -0.00065259 0.00050531 0.00227551
0.0313001 0.190954 0.0338342 -0.00096419 0.00050531 0.00210292
0.0215433 0.29727 0.0417128 -0.00233024 0.00050531 0.00184886
0.0193394 0.173054 0.0138734 0.00013795 0.00033782 0.00194615
0.0251229 0.278142 0.00388773 -0.00040931 0.00028612 0.00218008
0.0314367 0.201501 0.0157509 2.529e-05 0.00029216 0.00227551
0.0335914 0.268603 0.0126607 -0.00057541 0.00033525 0.00227551
0.0323255 0.234899 0.00166298 -0.00050144 0.00030646 0.00208582
0.0342097 0.220392 0.00116674 -0.00059958 0.00035481 0.00201939
0.0305795 0.253197 0.00174619 -0.00075606 0.00038911 0.00203725
0.0339046 0.209674 0.00298003 -0.00037592 0.00050531 0.00219865
0.0325737 0.242499 0.00388385 -0.00061406 0.0003905 0.00227551
0.0328876 0.212969 0.010401 -0.00086422 0.00050531 0.00227551
0.0296243 0.255396 0.0410413 -0.00225082 0.00050531 0.0019383
0.0329511 0.216422 0.00541254 -0.00014189 0.00050531 0.00227551
0.0342717 0.285977 0.00468694 -0.00014189 0.00050531 0.00227551
0.037015 0.206107 0.00589706 -0.00033427 0.00050531 0.00227551
0.0291266 0.303964 0.00341903 -0.00091982 0.00039748 0.00227551
0.0306506 0.170839 0.0115379 -0.00053011 0.00050531 0.0020823
0.0305664 0.291186 -0.0167295 -0.00032713 0.00032304 0.00202551
0.0353397 0.189572 0.00151529 -5.558e-05 0.00050531 0.00227551
0.040359 0.300675 -0.00811802 -0.00042571 0.00050531 0.00202551
0.0419277 0.211042 -0.00417345 -5.558e-05 0.00025531 0.00242359
0.0340635 0.311699 -0.00869619 -0.00026171 0.00050531 0.00227551
0.0332988 0.237194 -0.0145783 0.00040448 0.00050531 0.00239404
0.0375919 0.248663 0.0182004 2.628e-05 0.00068903 0.00227551
0.0363673 0.323522 0.00720836 -0.00097777 0.00050531 0.0027019
0.0373213 0.22155 0.0293888 -0.00155301 0.00062488 0.00227498
0.0381767 0.314346 -0.0101145 -0.00058822 0.00050531 0.00233666
0.0396583 0.240367 -0.00743193 -0.00020536 0.00050531 0.00258328
0.0417154 0.301079 -0.00590192 -0.00060548 0.00050531 0.00239538
0.0462021 0.22225 -0.00219434 -0.00020536 0.00069988 0.00251762
0.0453968 0.350938 -0.00438667 -0.00078322 0.00050531 0.00243131
0.0519032 0.210599 0.0196118 -0.0015558 0.00078416 0.00251921
0.0415323 0.356625 -0.0133508 -0.00040425 0.00050531 0.00267905
0.0456127 0.229133 0.00213664 -2.915e-05 0.00050531 0.00263453
0.0441139 0.339168 -0.00653466 -0.00026392 0.00050531 0.00266037
0.0474067 0.238771 0.00255456 -0.00020536 0.00063013 0.00257297
0.0398262 0.345842 -0.00187055 -0.00093104 0.00050531 0.00249159
0.0460527 0.241978 -0.00740889 -0.00033167 0.00050531 0.00246674
0.0455593 0.343717 -0.024755 -0.00023202 0.00050531 0.00277883
0.0435644 0.229973 -0.0147955 -0.00045189 0.00074755 0.00254203
0.0414957 0.32764 -0.0224866 -0.00065513 0.00050531 0.00271055
0.044833 0.258987 -0.0160433 -0.00026484 0.00060132 0.0027956
0.0406864 0.354598 0.00594544 -0.0018502 0.00078553 0.00270722
0.0436402 0.26117 -0.0378907 -0.00030743 0.00066175 0.00312639
0.0312318 0.249369 -0.0827711 -7.622e-05 0.00059306 0.00324912
0.0128605 0.303459 -0.035113 -0.00132278 0.00019505 0.00299333
0.0137378 0.224088 -0.00035871 -0.00051346 7.678e-05 0.00304272
0.00957752 0.319925 0.0208117 -0.00236466 0.00011042 0.00316284
0.0140628 0.244888 -0.0200884 -0.00120246 0.00027627 0.0032633
0.0201188 0.356388 -0.01484 -0.00156806 0.00027261 0.00372311
0.0256414 0.263279 -0.0140318 -0.00123882 0.00038823 0.00332103
0.0255186 0.368739 -0.017922 -0.00142826 0.00025028 0.00372311
0.0356236 0.30101 0.00957819 -0.00208623 0.00035851 0.00370429
0.033067 0.416129 -0.0201467 -0.001207 0.0001308 0.00392031
0.0349933 0.301351 0.0251293 -0.00224838 0.00054274 0.00374655
0.0355284 0.373464 -0.0186459 -0.00090913 0.00032934 0.00405315
0.0381321 0.313115 0.0309068 -0.00235678 0.00044945 0.00390182
0.0418543 0.337497 -0.0283086 -0.00082515 0.00020535 0.00408073
0.0496597 0.336355 -0.0263249 -0.00060033 0.00036876 0.00427164
0.0566515 0.318618 -0.0188315 -0.00087139 0.0002589 0.00437546
0.0513542 0.374616 -0.0318742 -0.00133137 0.00033852 0.00426981
0.0524812 0.296058 -0.00372612 -0.00147526 0.00061419 0.00420534
0.0529808 0.391285 0.0122823 -0.00292909 0.00053209 0.00420428
0.0521039 0.30991 -0.0147349 -0.0007741 0.00053209 0.00427439
0.054036 0.404091 -0.0133858 -0.0012411 0.00043406 0.00431852
0.058175 0.339237 -0.0159252 -0.00103862 0.00053209 0.00447259
0.0580519 0.341975 0.00487318 -0.00209194 0.00061517 0.00431366
0.0547533 0.368023 -0.0199343 -0.00081993 0.00053209 0.00441437
0.0608445 0.329508 -0.0115712 -0.00089266 0.00053209 0.00442514
0.0560118 0.366029 -0.026124 -0.00137921 0.00053209 0.00441575
0.054069 0.346341 -0.00620128 -0.00160451 0.0006621 0.00445166
0.0607049 0.367883 -0.025322 -0.00158451 0.00075066 0.00460729
0.0582656 0.331905 0.0125107 -0.00246926 0.00069105 0.00427683
0.0640677 0.376127 -0.0320749 -0.00105688 0.00067033 0.00464366
0.0643889 0.339578 -0.0238401 -0.00089193 0.00068594 0.00431607
0.0615598 0.38937 -0.0386016 -0.00105479 0.00083803 0.00429942
0.0578673 0.340043 0.0056265 -0.00271276 0.00104656 0.00422606
0.0569476 0.404271 -0.0248805 -0.00069708 0.0007916 0.00429079
0.0618094 0.332044 -0.0182369 -0.00082907 0.00074986 0.00424049
0.0573807 0.397662 -0.0278772 -0.00106453 0.00099687 0.00464926
0.0598056 0.331819 -0.0211699 -0.00106453 0.00096088 0.00449667
0.0594099 0.397063 -0.0325631 -0.00106453 0.00093848 0.00452712
0.0630724 0.31606 -0.0216562 -0.00100903 0.00101952 0.00441878
0.0668167 0.387041 -0.0427855 -0.00062005 0.00080491 0.00443414
0.0672557 0.324522 -0.0241573 -0.00071854 0.00095366 0.0044309
0.0637679 0.396807 -0.030037 -0.00090676 0.00102277 0.00436979
0.0712478 0.344469 -0.0261443 -0.00059946 0.00105425 0.0046012
0.0621749 0.407458 -0.0330026 -0.00085058 0.00107821 0.00454913
0.0647589 0.361222 -0.0148437 -0.00073923 0.00098759 0.00455434
0.060759 0.396043 -0.0297874 -0.00054744 0.00092126 0.00427211
0.0687057 0.374028 -0.0201555 -0.00093815 0.0010966 0.00464361
0.0652858 0.374174 -0.0276836 -0.00127102 0.00113419 0.00451437
0.0626441 0.371908 -0.024737 -0.00146077 0.0011919 0.00434641
0.0635293 0.351116 -0.0227117 -0.00250667 0.00111869 0.00441396
0.0665362 0.383303 -0.0386193 -0.00113922 0.00117361 0.00442769
0.0653284 0.339283 -0.0366463 -0.00110138 0.00115537 0.00451891
0.0634566 0.383023 -0.0430921 -0.00112827 0.00130872 0.00449668
0.0571535 0.342455 -0.01063 -0.0021139 0.0011117 0.00435846
0.0594195 0.432581 -0.0437018 -0.00103209 0.0009421 0.00459288
0.0563315 0.316869 -0.011443 -0.0017291 0.00141577 0.00445226
0.0577338 0.434684 -0.0367904 -0.00086951 0.0009421 0.00468907
0.0606192 0.318637 -0.0352459 -0.00108825 0.00117317 0.00446849
0.0632712 0.412163 -0.0629169 -0.0012286 0.00125569 0.00448702
0.0675038 0.346685 -0.0816969 -0.00077436 0.00157274 0.00434131
0.0605416 0.405335 -0.0430914 -0.00161518 0.00136935 0.00435024
0.0718401 0.333497 -0.0426227 -0.0010542 0.00128135 0.00453119
0.0705845 0.354079 -0.028809 -0.00092028 0.0012341 0.00455083
0.0643928 0.439075 -0.0664003 -0.00065493 0.00124177 0.00459234
0.0635147 0.333915 -0.025653 -0.00122654 0.00131111 0.00449141
0.0609053 0.419306 -0.0327593 -0.00128138 0.00132241 0.00457142
0.0728609 0.321751 -0.0279744 -0.00076625 0.00105629 0.00457445
0.0677256 0.443518 -0.0464147 -0.00138623 0.00141106 0.00463435
0.0690258 0.303871 -0.0569413 -0.00075774 0.00140489 0.00438033
0.0641305 0.437812 -0.0501501 -0.00148769 0.00123706 0.00465671
0.0696971 0.318875 -0.0389651 -0.00083359 0.00116294 0.0045285
0.0677857 0.414696 -0.0407607 -0.00093577 0.00120861 0.00439982
0.0707454 0.312475 -0.0357294 -0.00087933 0.00127335 0.00456541
0.0688331 0.375886 -0.0392823 -0.00075983 0.00134447 0.00471668
0.0612756 0.353262 -0.0388581 -0.00077768 0.00126384 0.00457902
0.0645226 0.433817 -0.0386451 -0.00135342 0.00128828 0.00484533
0.0673309 0.33375 -0.0416834 -0.00076529 0.00118461 0.00479739
0.0678827 0.427414 -0.0526857 -0.00101267 0.0012466 0.00481315
0.0636393 0.361728 -0.0563993 -0.00095194 0.00122357 0.00468294
0.0654837 0.386349 -0.0501012 -0.00108953 0.00126971 0.00487247
0.0667725 0.440311 -0.0834623 -0.00126817 0.00139884 0.00489108
0.0650417 0.355719 -0.0594663 -0.00090003 0.00147505 0.00467805
0.0627009 0.430872 -0.0564978 -0.00099531 0.00120194 0.00459749
0.0680707 0.30917 -0.0403479 -0.00134984 0.00127425 0.00447911
0.0643437 0.458809 -0.0763262 -0.00090919 0.00134789 0.00467041
0.0665784 0.321312 -0.0431805 -0.00094591 0.00081797 0.00443966
0.0633002 0.438262 -0.0360383 -0.00232017 0.0010422 0.00460224
0.0660938 0.344607 -0.0301292 -0.00229086 0.00107676 0.00439997
0.0624092 0.40439 -0.0388491 -0.00104671 0.00097142 0.00462505
0.0615288 0.413123 -0.0360508 -0.00178398 0.00103618 0.00426366
0.0648346 0.356689 -0.0315757 -0.00140119 0.00104163 0.00446504
0.059508 0.441213 -0.0355772 -0.00212614 0.00080692 0.00460271
0.0681754 0.33628 -0.0360799 -0.00136064 0.00103188 0.00447651
0.05618 0.473675 -0.0258571 -0.00236862 0.00098305 0.0045723
0.0694914 0.329143 -0.00795541 -0.0033826 0.00117776 0.00445986
0.0630184 0.394778 -0.026343 -0.00242207 0.00102557 0.00432816
0.0694039 0.400319 -0.0642225 -0.00182856 0.00104758 0.00484022
0.0684684 0.399199 -0.0377982 -0.00229968 0.00106398 0.00484517
0.0689417 0.415734 0.00632796 -0.00437786 0.00115338 0.00478101
0.0659814 0.359399 0.002829 -0.00334645 0.0011073 0.00463863
0.0687767 0.461606 -0.0359996 -0.00315667 0.00080156 0.00498572
0.0703913 0.335763 -0.0611291 -0.00128451 0.00099847 0.00487289
0.0590663 0.422739 -0.0533271 -0.00215432 0.00103426 0.00462444
0.0696632 0.367999 -0.0547254 -0.00195531 0.00113897 0.00471174
0.068339 0.451772 -0.0494126 -0.00245941 0.00122054 0.00487241
0.0684378 0.363003 -0.0497654 -0.00239534 0.00108705 0.00462708
0.0635725 0.453149 -0.0703053 -0.0025374 0.00136566 0.00513283
0.0694145 0.367212 -0.072104 -0.00201138 0.00129838 0.00490403
0.0629567 0.441827 -0.0555127 -0.00243446 0.00124911 0.00482206
0.0677042 0.326748 -0.0520772 -0.0023116 0.0012201 0.00478787
0.0633104 0.462077 -0.0615881 -0.00245498 0.00126724 0.00484497
0.0654344 0.362684 -0.0493313 -0.00316921 0.00108705 0.00470315
0.0518928 0.490278 -0.0714989 -0.00230837 0.00121109 0.00524616
0.062281 0.323826 -0.0362844 -0.00179973 0.00139453 0.00483515
0.061398 0.454048 -0.0143183 -0.00388638 0.001401 0.00519129
0.0678148 0.354341 -0.064439 -0.0015939 0.00128691 0.00497515
0.0597291 0.453579 -0.0607778 -0.00250568 0.00138749 0.00502893
0.0636257 0.354365 -0.0617185 -0.00213698 0.0012172 0.00481216
0.0627362 0.467534 -0.0974678 -0.00177549 0.00140338 0.00512182
0.0667321 0.341338 -0.0782218 -0.00188073 0.00138438 0.00473324
0.0615727 0.429193 -0.055302 -0.00247399 0.0013943 0.00481723
0.0666706 0.376653 -0.0649357 -0.0016791 0.0012242 0.00485561
0.0557655 0.445445 -0.0712681 -0.00150627 0.00125962 0.00492534
0.0546084 0.380106 -0.0512396 -0.00192778 0.00139924 0.00492299
0.0542454 0.348434 -0.0418518 -0.00136149 0.00145018 0.00478006
0.0509656 0.440887 -0.0500149 -0.00201374 0.00130187 0.00502932
0.0500774 0.363686 -0.0714384 -0.00157153 0.00153271 0.00468857
0.0516768 0.415757 -0.0428222 -0.0030651 0.00145076 0.00481287
0.0562241 0.358711 -0.0605857 -0.0014016 0.00126103 0.00481351
0.0582602 0.38504 -0.0775019 -0.00177007 0.00128045 0.00487503
0.0533445 0.39327 -0.0692502 -0.00171896 0.001307 0.00487984
0.0560285 0.382464 -0.0819944 -0.00160038 0.00140872 0.00492889
0.0502923 0.373753 -0.0386407 -0.00196048 0.00147947 0.00476963
0.0441891 0.408011 -0.0621578 -0.00130866 0.00117136 0.0049564
0.0522202 0.368416 -0.0646101 -0.00091488 0.0012424 0.0049505
0.0521416 0.394703 -0.0569016 -0.00150842 0.00133649 0.00508661
0.0503111 0.396088 -0.037581 -0.00327112 0.00132645 0.00491742
0.0525778 0.357115 -0.0957259 -0.00151472 0.00141193 0.00501448
0.0539394 0.433793 -0.109082 -0.00129856 0.00173411 0.00507572
0.0546054 0.340027 -0.0852098 -0.00155492 0.00135728 0.00482151
0.0534671 0.398838 -0.0789896 -0.00154627 0.00131711 0.00487549
0.0545333 0.347561 -0.0772932 -0.00134325 0.00149188 0.0049536
0.0405161 0.385401 -0.0356719 -0.00290112 0.00164253 0.00479595
0.0464104 0.381547 -0.0806609 -0.00119867 0.00122938 0.00497127
0.0460972 0.343909 -0.0716423 -0.00094753 0.00148698 0.00490789
0.0528595 0.4449 -0.0900134 -0.00178618 0.001274 0.00506401
0.0540995 0.344218 -0.0858888 -0.00173169 0.0015884 0.00508808
0.0495618 0.454108 -0.0958769 -0.0021852 0.00146764 0.00518286
0.0471769 0.338028 -0.118847 -0.00149653 0.0017591 0.00477646
0.0428347 0.461853 -0.102252 -0.00243471 0.00136462 0.00526628
0.0483248 0.315475 -0.0895625 -0.00158795 0.00141873 0.00488044
0.0420104 0.433099 -0.08899 -0.001898 0.00134292 0.00489878
0.0481364 0.343387 -0.0945976 -0.00133553 0.00153322 0.00499507
0.0392132 0.388959 -0.0711723 -0.00257669 0.0014217 0.00514727
0.0380397 0.417311 -0.0931513 -0.00183795 0.00117905 0.00512983
0.0409635 0.342573 -0.0732423 -0.0017445 0.00117905 0.0048396
0.0385597 0.432363 -0.0950376 -0.00190589 0.00117905 0.00478461
0.0527252 0.327148 -0.091344 -0.00149912 0.00131157 0.00507552
0.046397 0.446761 -0.0685802 -0.00363686 0.00117905 0.00515859
0.052303 0.354322 -0.109598 -0.00214485 0.00117905 0.00497961
0.0436959 0.386967 -0.0978324 -0.00225269 0.00130004 0.00476451
0.042859 0.405338 -0.116491 -0.00157036 0.00134281 0.00497643
0.0513138 0.369522 -0.0911316 -0.00206419 0.00148497 0.00519458
0.0447053 0.414667 -0.0956545 -0.0023483 0.00129212 0.00514249
0.0513625 0.339246 -0.0623494 -0.00320982 0.00161456 0.00496224
0.0479946 0.456711 -0.107996 -0.00259136 0.00128053 0.00522046
0.0481661 0.391744 -0.109599 -0.00215013 0.00117906 0.00500834
0.0478482 0.378263 -0.113677 -0.0018115 0.00139664 0.00482867
0.0432946 0.459275 -0.104552 -0.00226004 0.00133075 0.00529353
0.0462614 0.330631 -0.0943299 -0.00195786 0.00117905 0.00517004
0.04322 0.46316 -0.100467 -0.00269208 0.00117905 0.00522576
0.0522239 0.323406 -0.113174 -0.00178491 0.00117906 0.00479356
0.0444577 0.441491 -0.110351 -0.00327246 0.00129836 0.00499172
0.0535647 0.331935 -0.147409 -0.00187791 0.00153778 0.00502711
0.0472795 0.441445 -0.108478 -0.00334714 0.00121517 0.00504148
0.0527145 0.348639 -0.116826 -0.0024332 0.0012669 0.00475173
0.0472072 0.428813 -0.114294 -0.0025662 0.00131402 0.00512004
0.0477937 0.373772 -0.108363 -0.00210421 0.00125664 0.00488883
0.0393959 0.476034 -0.108203 -0.00235169 0.00137544 0.00519001
0.0442314 0.32525 -0.0645283 -0.00303103 0.00155977 0.00504125
0.043172 0.490492 -0.11795 -0.00241373 0.00126994 0.00540104
0.0502942 0.348345 -0.127653 -0.00191029 0.00135935 0.00467017
0.0493763 0.430914 -0.116558 -0.00244573 0.00135227 0.00494202
0.0537771 0.34926 -0.121155 -0.00263426 0.00127163 0.00497268
0.0488991 0.417379 -0.114588 -0.00256585 0.00125098 0.00497347
0.0548661 0.356556 -0.11283 -0.00215967 0.00136547 0.00496573
0.0521347 0.369094 -0.108474 -0.00168472 0.00129909 0.00512336
0.0477807 0.472644 -0.119576 -0.00238067 0.00134053 0.00508299
0.0487086 0.351967 -0.109689 -0.00180606 0.00136633 0.00501822
0.0518682 0.478419 -0.108828 -0.00230498 0.00128763 0.00551481
0.0559931 0.34436 -0.104109 -0.00200366 0.00126985 0.00519611
0.0537561 0.451079 -0.117047 -0.00311318 0.00134242 0.00515409
0.0533899 0.322656 -0.101201 -0.00337692 0.00132745 0.00504652
0.0555072 0.448793 -0.146944 -0.00243828 0.00117796 0.00533811
0.0649702 0.34053 -0.131158 -0.00231252 0.00113054 0.0049968
0.0579252 0.449811 -0.130453 -0.00252784 0.00087009 0.00549545
0.0554624 0.34206 -0.115524 -0.00213191 0.0013762 0.00522408
0.0475284 0.494481 -0.0973081 -0.00412639 0.00114511 0.00545674
0.0524544 0.331096 -0.129623 -0.00188098 0.00117758 0.00509242
0.0458577 0.442606 -0.111364 -0.00226726 0.00101616 0.00520565
0.0543221 0.364121 -0.0894816 -0.00360057 0.00121562 0.00516485
0.0586446 0.419216 -0.119059 -0.00208679 0.00087009 0.00536812
0.0582585 0.425246 -0.107386 -0.00455343 0.00099557 0.00576511
0.0582151 0.379118 -0.141101 -0.00170048 0.00100978 0.00524038
0.0532937 0.471062 -0.156988 -0.00256159 0.00089276 0.00564292
0.0609478 0.319655 -0.122313 -0.00271021 0.00123058 0.00528318
0.0550963 0.448459 -0.112882 -0.00298234 0.00108632 0.00552163
0.0673339 0.33295 -0.119787 -0.00224116 0.00103719 0.00544443
0.0599952 0.456937 -0.0685446 -0.0048251 0.00108507 0.00559141
0.0615161 0.356276 -0.0955424 -0.00423373 0.00125859 0.00526355
0.0560748 0.434122 -0.126988 -0.0025981 0.00094307 0.00558507
0.0525748 0.392759 -0.131062 -0.00264694 0.0009718 0.00526199
0.0515138 0.422286 -0.104772 -0.00389108 0.00096603 0.00548868
0.0558997 0.400902 -0.132466 -0.00270623 0.00095445 0.00561363
0.052882 0.403454 -0.116872 -0.00335227 0.00081079 0.00551621
0.0584187 0.384796 -0.0990654 -0.00456762 0.00101348 0.00531154
0.0646169 0.395819 -0.120929 -0.00297776 0.00085255 0.00570804
0.0581159 0.446125 -0.131131 -0.00325786 0.00094317 0.00564058
0.0618108 0.368486 -0.104918 -0.00299037 0.0009989 0.00539395
0.0584893 0.465911 -0.0698574 -0.00447006 0.00088237 0.00563715
0.0201848 0.381798 -0.113576 -0.00336555 0.00069363 0.00528243
0.00990628 0.447944 -0.0943191 -0.00345284 0.00039151 0.00557925
0.0406036 0.359265 -0.101655 -0.00380733 0.00056676 0.00601126
0.0603686 0.347859 -0.066692 -0.00434447 0.00077326 0.00591091
0.0550896 0.502707 -0.123683 -0.00350145 0.00068351 0.00643591
0.0556636 0.390951 -0.103319 -0.0045095 0.00064554 0.00651372
0.0502334 0.448719 -0.113422 -0.00399938 0.00032207 0.00592522
0.0462199 0.582048 -0.141676 -0.00321835 0.00028796 0.00629165
0.0511875 0.438346 -0.106168 -0.00355205 0.00042238 0.00607189
0.0439641 0.561148 -0.111472 -0.00389071 0.00024877 0.00617629
0.054204 0.458962 -0.123741 -0.003136 0.00039981 0.00623135
0.0368193 0.508143 -0.126941 -0.00370974 0.0002147 0.00605718
0.0388125 0.535867 -0.100972 -0.00483186 0.00025099 0.00641085
0.0423203 0.401065 -0.111115 -0.0031659 0.00053039 0.00583967
0.0386708 0.560335 -0.12646 -0.00375427 0.00039738 0.00654957
0.0438384 0.387482 -0.0857733 -0.0038187 0.00062252 0.00609202
0.0419591 0.52039 -0.129826 -0.00257249 0.00058999 0.00657072
0.0444442 0.489918 -0.129086 -0.00324287 0.00060712 0.00660202
0.0401004 0.461606 -0.120944 -0.00296254 0.00073673 0.00641268
0.0388833 0.571578 -0.130072 -0.00253789 0.00061361 0.00654366
0.036554 0.441351 -0.120022 -0.00233067 0.00062418 0.0062228
0.0400461 0.553607 -0.139768 -0.00284545 0.0006605 0.0064382
0.0442166 0.442633 -0.150335 -0.00219737 0.00066633 0.00605317
0.0408808 0.483699 -0.0885847 -0.00407206 0.00079476 0.00623895
0.0362082 0.533448 -0.143117 -0.0021209 0.00045167 0.00645826
0.0391826 0.447549 -0.116592 -0.00187174 0.00082388 0.00634621
0.0320349 0.555094 -0.136404 -0.0020242 0.0005047 0.00657333
0.0351131 0.446653 -0.121003 -0.00194604 0.00049987 0.00651609
0.0266509 0.577006 -0.111265 -0.00403673 0.00033347 0.00667394
0.0278064 0.417071 -0.130643 -0.00256219 0.00043888 0.00617166
0.0194748 0.574532 -0.157537 -0.00256219 0.00021182 0.00649914
0.0261102 0.423294 -0.130466 -0.00256219 0.00074621 0.00622618
0.0254408 0.533829 -0.128935 -0.0028471 0.00032014 0.00640101
0.0313954 0.515006 -0.133241 -0.00334278 0.00042898 0.00662431
0.0297462 0.500865 -0.146145 -0.00249104 0.00013852 0.00645527
0.0280851 0.570087 -0.130161 -0.00403923 0.00013852 0.00675848
0.0310495 0.432806 -0.102487 -0.00367907 0.00060161 0.00645659
0.0238661 0.583106 -0.147046 -0.0024403 0.00030518 0.00671509
0.0337216 0.460803 -0.147564 -0.0024966 0.00046885 0.00666906
0.0286499 0.579388 -0.171404 -0.0023557 0.00022399 0.00663483
0.0359523 0.431462 -0.137584 -0.00264965 0.00043505 0.00629458
0.0330462 0.555551 -0.134505 -0.00314624 0.0002657 0.0064409
0.0356005 0.470037 -0.135796 -0.00242503 0.00013852 0.00640632
0.0337487 0.513618 -0.12519 -0.00231981 0.00028178 0.00651513
0.0293655 0.554432 -0.102493 -0.00381031 0.00044339 0.00661243
0.0298534 0.469858 -0.0918618 -0.00369155 0.0004754 0.00644943
0.027814 0.533889 -0.145098 -0.00229102 0.00029185 0.00658518
0.0273643 0.473906 -0.149372 -0.00212524 0.00035523 0.0063139
0.0262187 0.553771 -0.152991 -0.00256505 0.00034614 0.00654775
0.0305678 0.453986 -0.134218 -0.00246871 0.00038786 0.00631431
0.0260398 0.57896 -0.133413 -0.00277228 0.00013852 0.00657537
0.0294682 0.437219 -0.113249 -0.00289574 0.00013852 0.00637185
0.0293197 0.56086 -0.113382 -0.00357728 0.00013852 0.00643323
0.0332607 0.442094 -0.130781 -0.00306666 0.0002055 0.00639491
0.0362457 0.559468 -0.130003 -0.00351645 0.00010525 0.00650077
0.0392446 0.462904 -0.144502 -0.00272961 0.00027592 0.00637036
0.0337116 0.491785 -0.130294 -0.00301837 0.00011602 0.00638381
0.0279381 0.590669 -0.117422 -0.00390194 0.00013217 0.00659073
0.0375865 0.452902 -0.132162 -0.00223072 0.00014983 0.0063695
0.0325166 0.592748 -0.119971 -0.00385149 -0.00017738 0.00652807
0.0282997 0.465428 -0.154448 -0.00270391 -0.00017908 0.00614533
0.033333 0.505706 -0.122757 -0.00363342 -1.661e-05 0.00618061
0.0280229 0.556503 -0.143936 -0.00355462 -0.0001675 0.00624105
0.0373514 0.459364 -0.121537 -0.00324483 3.511e-05 0.00628445
0.0250967 0.607994 -0.131967 -0.00444846 -0.00028492 0.00637322
0.0229245 0.453389 -0.121785 -0.004039 -0.00030671 0.00586104
0.0115214 0.575689 -0.104238 -0.00576378 -0.00073979 0.00586868
0.0198453 0.521897 -0.111226 -0.00509119 -0.00071608 0.00571498
0.00852052 0.514413 -0.112616 -0.00531863 -0.00084892 0.00558407
0.0158798 0.580109 -0.109798 -0.0060075 -0.00102071 0.00619538
0.0131743 0.470735 -0.128267 -0.00478795 -0.00083224 0.00592453
0.0145443 0.607462 -0.156879 -0.0046803 -0.00099078 0.00596483
0.0174137 0.486972 -0.125187 -0.0055219 -0.00087529 0.00617906
0.0112763 0.60278 -0.115593 -0.0054415 -0.00079511 0.00624507
0.014517 0.487751 -0.111924 -0.00458164 -0.00083845 0.00627011
0.0104188 0.597357 -0.13502 -0.00471807 -0.00108222 0.00627903
0.0140752 0.470654 -0.124926 -0.00458051 -0.00069435 0.0064506
0.0147551 0.575433 -0.140102 -0.00441703 -0.00097281 0.00645681
0.0201548 0.476518 -0.124442 -0.00399425 -0.00070941 0.00652637
0.0152573 0.578257 -0.135961 -0.00431998 -0.00100961 0.00657633
0.0227648 0.495502 -0.126581 -0.00423114 -0.00085596 0.00656961
0.0197148 0.598009 -0.110677 -0.00543809 -0.00076556 0.00686642
0.0202699 0.581515 -0.165086 -0.00327394 -0.00089807 0.0067475
0.0162075 0.476234 -0.13736 -0.00416857 -0.00080998 0.00643029
0.0224997 0.597571 -0.142836 -0.00460421 -0.00072089 0.00688932
0.0312905 0.45941 -0.105461 -0.00571553 -0.00075143 0.00651895
0.0222984 0.589441 -0.158105 -0.00404182 -0.00067306 0.00687032
0.0312653 0.528759 -0.165817 -0.00418677 -0.00072749 0.00696438
0.0239521 0.542863 -0.140342 -0.00475182 -0.0004874 0.00668985
0.025254 0.525083 -0.14011 -0.00514943 -0.00072749 0.00700109
0.0260276 0.532511 -0.137891 -0.00505056 -0.00059084 0.00676195
0.0244234 0.546525 -0.180895 -0.00398273 -0.00062568 0.00687807
0.0225187 0.502919 -0.162733 -0.00357931 -0.00066371 0.00679903
0.0153773 0.600015 -0.172851 -0.00411749 -0.00081678 0.00665811
0.0143332 0.524545 -0.158458 -0.00442621 -0.00068556 0.00680929
0.019328 0.578856 -0.139579 -0.00532051 -0.00053967 0.00673064
0.0210844 0.503888 -0.163392 -0.00387142 -0.00032467 0.00676228
0.0167369 0.594584 -0.173035 -0.00444665 -0.00059989 0.00692035
0.0194418 0.495277 -0.149331 -0.00465134 -0.0004777 0.0067351
0.0205174 0.565834 -0.17614 -0.00401255 -0.00055769 0.00696896
0.0243138 0.497754 -0.155176 -0.00444217 -0.00045454 0.00696113
0.0283737 0.556441 -0.162006 -0.00466477 -0.00065923 0.00694999
0.0260542 0.469285 -0.124691 -0.00541464 -0.00049448 0.00685782
0.0196522 0.620915 -0.110136 -0.00591614 -0.00062133 0.00713101
0.0199804 0.516755 -0.178639 -0.00325508 -0.00050451 0.0071006
0.0242831 0.590676 -0.163264 -0.00357858 -0.0003108 0.00780717
0.0216799 0.587008 -0.157014 -0.0045625 -0.00073049 0.00796901
0.0268863 0.601014 -0.188861 -0.00341256 -0.00081029 0.00801089
0.0262747 0.571273 -0.16666 -0.00491098 -0.00083117 0.00779096
0.0272107 0.54852 -0.151407 -0.00475827 -0.0007255 0.00782949
0.0308104 0.574328 -0.166217 -0.00506737 -0.00118678 0.00786682
0.025829 0.565929 -0.185319 -0.00382352 -0.00106748 0.00776032
0.0357822 0.579395 -0.18382 -0.00458659 -0.00118147 0.0079183
0.030021 0.533486 -0.156995 -0.00499501 -0.00088737 0.00778671
0.0334439 0.644593 -0.177431 -0.00485323 -0.00112561 0.00834004
0.0255417 0.535255 -0.159916 -0.00446334 -0.00104136 0.00789817
0.0259509 0.649998 -0.15986 -0.00493806 -0.00117265 0.0081949
0.0372308 0.527771 -0.159746 -0.00441 -0.00079398 0.00844331
0.0314052 0.670509 -0.178276 -0.00490087 -0.00099989 0.00855218
0.030177 0.521588 -0.173435 -0.00482447 -0.00082249 0.00796929
0.0296274 0.626846 -0.191318 -0.00478237 -0.00099989 0.0083225
0.0330947 0.526391 -0.203532 -0.00378033 -0.00097829 0.00826736
0.0356217 0.614592 -0.170601 -0.00542708 -0.00094613 0.00861266
0.037147 0.504558 -0.190604 -0.00375425 -0.00084992 0.00848822
0.0406975 0.644183 -0.169963 -0.00452576 -0.00083194 0.00857095
0.0347448 0.560812 -0.179729 -0.00397055 -0.00071108 0.00838371
0.028906 0.655064 -0.130452 -0.00478379 -0.00084537 0.00847851
-0.0005817 0.532721 -0.118642 -0.00502796 -0.00081008 0.0082189
-0.0100921 0.574337 -0.0504134 -0.00641511 -0.00070486 0.00828905
0.0283257 0.56059 -0.0986636 -0.00442258 -0.00049282 0.00846745
0.0354499 0.491675 -0.0935616 -0.0044594 -0.00024654 0.00861325
0.0429186 0.522888 -0.102057 -0.00475386 -0.00037018 0.00880262
0.0538937 0.651683 -0.185049 -0.00298328 -0.00090181 0.0103063
0.0567482 0.574623 -0.103739 -0.00523483 -0.00026404 0.0097341
0.0573906 0.663631 -0.146294 -0.00441068 -0.00018627 0.010354
0.0602745 0.595487 -0.10526 -0.00517916 -0.00032502 0.0100137
0.0519494 0.781395 -0.160388 -0.00393907 -0.00073084 0.010354
0.0479412 0.622547 -0.151675 -0.0032709 -0.00039805 0.00979949
0.0519805 0.709212 -0.141653 -0.0036841 -0.00039805 0.0104379
0.0560257 0.647577 -0.144705 -0.00395658 -0.00046347 0.0102601
0.0555334 0.64146 -0.133426 -0.00445503 -0.00055247 0.0101902
0.052811 0.75232 -0.171465 -0.00426841 -0.00083392 0.0103132
0.0538621 0.559798 -0.136511 -0.00467752 -0.00057166 0.0100816
0.0563264 0.769488 -0.15966 -0.00483328 -0.00091305 0.0106103
0.0574007 0.584937 -0.108561 -0.00590477 -0.00071264 0.0102267
0.05741 0.742851 -0.147844 -0.00436302 -0.00056676 0.0105721
0.0594442 0.638116 -0.168361 -0.00379408 -0.000671 0.0105125
0.0494497 0.681755 -0.142041 -0.00439228 -0.0006083 0.0102284
0.038851 0.720617 -0.111956 -0.0061425 -0.0006835 0.0103588
0.0401741 0.632487 -0.145576 -0.00333814 -0.00071626 0.010271
0.0460105 0.797035 -0.101077 -0.00574781 -0.00077766 0.0108603
0.0509976 0.653949 -0.149315 -0.00350389 -0.00066354 0.0106103
0.0490609 0.759647 -0.136579 -0.0045017 -0.00102629 0.0106103
0.0525714 0.71023 -0.181133 -0.00373224 -0.00136713 0.0108603
0.0546089 0.665547 -0.145182 -0.00433311 -0.00090972 0.0108603
0.051416 0.784842 -0.174146 -0.00498167 -0.00100579 0.0111848
0.0579079 0.646267 -0.128092 -0.00544419 -0.00090523 0.010861
0.0539528 0.793671 -0.148119 -0.00457152 -0.00082809 0.0110968
0.0558352 0.637016 -0.134498 -0.00457152 -0.0009127 0.0107037
0.0455647 0.814824 -0.155349 -0.0045065 -0.00121334 0.01095
0.0512386 0.641011 -0.119578 -0.00483601 -0.00086253 0.0107264
0.0501351 0.764914 -0.0924643 -0.00608271 -0.00089039 0.0106907
0.0511586 0.748375 -0.121213 -0.00535499 -0.00094209 0.0110587
0.0545751 0.763184 -0.118094 -0.0049785 -0.00096755 0.0113138
0.0619315 0.747981 -0.137132 -0.00512044 -0.00092391 0.0112468
0.0609285 0.735926 -0.126818 -0.00578457 -0.00095763 0.0112468
0.0543905 0.781362 -0.162121 -0.00521619 -0.00107684 0.0110977
0.0539936 0.682698 -0.138738 -0.00513627 -0.00083076 0.0108644
0.0495616 0.827757 -0.141906 -0.00526563 -0.00100445 0.0108828
0.052768 0.701646 -0.106188 -0.00669992 -0.00081479 0.0108418
0.044936 0.861385 -0.160584 -0.00486026 -0.00100636 0.0107673
0.0518402 0.696096 -0.143596 -0.00482042 -0.00065755 0.011043
0.0598521 0.828867 -0.1383 -0.00596955 -0.00077099 0.0114968
0.0536556 0.773411 -0.172941 -0.00554684 -0.00084594 0.0114968
0.0562659 0.796867 -0.13106 -0.00645007 -0.00083556 0.0114968
0.0599012 0.756688 -0.159364 -0.0057613 -0.00078775 0.0112468
0.0565436 0.762565 -0.150353 -0.00606034 -0.00065433 0.0112468
0.0577387 0.765077 -0.143564 -0.00597977 -0.00072453 0.0114968
0.0644327 0.697329 -0.132304 -0.00569216 -0.00096331 0.0114968
0.0563575 0.89681 -0.169242 -0.00630211 -0.00078884 0.0117919
0.0615735 0.736107 -0.158917 -0.00550635 -0.00093384 0.0114968
0.0602591 0.849669 -0.149638 -0.00615017 -0.00077032 0.0118114
0.0638413 0.760049 -0.180068 -0.00526064 -0.0008082 0.0117889
0.0597713 0.867284 -0.153816 -0.00647221 -0.00089333 0.0123677
0.0622773 0.809096 -0.17903 -0.00544366 -0.00089333 0.0123845
0.0559532 0.812793 -0.124674 -0.00726917 -0.00089333 0.0126589
0.0555996 0.930024 -0.211005 -0.0043747 -0.00121226 0.0132492
0.0655016 0.723 -0.149444 -0.00630874 -0.00103451 0.0124029
0.0629273 0.904981 -0.159002 -0.00763704 -0.00138057 0.0132724
0.0544819 0.757549 -0.160652 -0.00675184 -0.00103849 0.0125986
0.0576759 0.899736 -0.158876 -0.00780411 -0.00105821 0.0128924
0.0609439 0.775639 -0.197258 -0.00563766 -0.00091189 0.0125986
0.0630795 0.874685 -0.182516 -0.00639913 -0.00105508 0.0125986
0.0612417 0.831647 -0.18738 -0.00676939 -0.00105876 0.0133919
0.0653069 0.881718 -0.18861 -0.00624841 -0.00111071 0.0129427
0.0576353 0.859518 -0.195136 -0.00644454 -0.00090828 0.0125986
0.0544666 0.863438 -0.177575 -0.00663409 -0.00116683 0.0130981
0.0567151 0.815408 -0.190792 -0.0061656 -0.00100251 0.0125986
0.058782 0.870948 -0.187193 -0.00681542 -0.00081543 0.0125986
0.0571269 0.849321 -0.217082 -0.0065784 -0.00138642 0.0130802
0.060487 0.854644 -0.176151 -0.00684456 -0.00088816 0.0129645
0.0595686 0.825598 -0.17869 -0.00648816 -0.00098067 0.0125196
0.0445911 0.938139 -0.177547 -0.00717472 -0.00119082 0.0127672
0.0532802 0.801519 -0.178753 -0.00619362 -0.00114525 0.0129495
0.0508307 0.890949 -0.190231 -0.00640592 -0.0012893 0.0132991
0.0499744 0.901813 -0.220726 -0.00591662 -0.00117134 0.0132991
0.0445699 0.850449 -0.19645 -0.00640617 -0.00130289 0.0127925
0.0332703 0.967837 -0.274307 -0.00464302 -0.00172416 0.0136615
0.0502555 0.748101 -0.163083 -0.00744764 -0.00127523 0.0127187
0.0503185 0.922038 -0.191231 -0.00829 -0.00203213 0.0132991
0.0427079 0.777671 -0.186394 -0.0065944 -0.00168489 0.0129231
0.0538463 0.865591 -0.172464 -0.00869438 -0.00190011 0.0132991
0.0431464 0.83583 -0.174598 -0.0101243 -0.0018408 0.0132991
0.0451754 0.80822 -0.208083 -0.00574251 -0.00177466 0.0129018
0.044277 0.881445 -0.196904 -0.00689404 -0.00154394 0.0132991
0.050135 0.824869 -0.196162 -0.00675031 -0.0016621 0.0134243
0.0468837 0.921955 -0.22309 -0.00822358 -0.00162205 0.0137396
0.0565788 0.801802 -0.185612 -0.00752985 -0.00168618 0.0132991
0.0540982 0.881423 -0.202322 -0.0104484 -0.00196673 0.0137666
0.0578009 0.77604 -0.213923 -0.00669904 -0.00135587 0.0132991
0.0446451 0.892337 -0.237516 -0.0084294 -0.00175808 0.0138266
0.0505678 0.822041 -0.19904 -0.0077218 -0.00139157 0.0134076
0.0540782 0.859958 -0.235289 -0.00887161 -0.00186427 0.0134289
0.0506468 0.809097 -0.18508 -0.00740511 -0.00146787 0.0132991
0.0400795 0.919628 -0.223166 -0.0076294 -0.00161861 0.0134966
0.046203 0.762185 -0.178114 -0.00858761 -0.00143394 0.0131056
0.0492016 0.939663 -0.238918 -0.00998548 -0.00165854 0.0132991
0.0598749 0.774579 -0.204268 -0.00989626 -0.00150701 0.0129383
0.0550395 0.930615 -0.212392 -0.00990635 -0.00167852 0.0128365
0.0538308 0.843215 -0.219943 -0.00928486 -0.0017201 0.0128365
0.0600302 0.849893 -0.196093 -0.00725612 -0.00119558 0.0128365
0.0469206 0.954981 -0.227916 -0.00722405 -0.0011916 0.0138062
0.0565525 0.823402 -0.23309 -0.00559707 -0.00104358 0.0131724
0.0428351 0.914951 -0.182117 -0.0106065 -0.00133522 0.013058
0.0483053 0.779055 -0.18549 -0.00729269 -0.00130786 0.0126636
0.0386006 0.945361 -0.203339 -0.00945669 -0.00103731 0.0132564
0.0445482 0.852248 -0.200751 -0.00733852 -0.00088569 0.0123983
0.0371815 0.917168 -0.197822 -0.00740901 -0.00081746 0.0126957
0.04095 0.907585 -0.231897 -0.00843392 -0.00081622 0.0133586
0.0432059 0.86027 -0.172274 -0.0073966 -0.00085636 0.0122111
0.0383284 0.886451 -0.200121 -0.0110778 -0.00111509 0.0123503
0.047392 0.857019 -0.24067 -0.00580771 -0.00069039 0.0127107
0.0437497 0.90549 -0.221741 -0.0091297 -0.00123157 0.012417
0.0574708 0.775358 -0.199033 -0.00908093 -0.00106234 0.0119338
0.047505 0.987286 -0.270029 -0.0100707 -0.00147738 0.012494
0.0425817 0.767884 -0.196348 -0.0113117 -0.00152892 0.0109449
0.0286911 0.934598 -0.180281 -0.0128218 -0.00214245 0.0113087
0.0217588 0.818892 -0.202194 -0.0121744 -0.00234737 0.0107642
0.021286 0.815584 -0.194298 -0.0126264 -0.0025279 0.0106421
0.0174784 0.94686 -0.217735 -0.0134148 -0.0025279 0.0115239
0.017374 0.806204 -0.22599 -0.013495 -0.00268977 0.0105289
0.0168207 0.834923 -0.255707 -0.0128123 -0.00296383 0.0105256
0.00736583 0.945516 -0.233695 -0.0138436 -0.00296383 0.0111384
0.0142461 0.852745 -0.249754 -0.0136528 -0.00280795 0.0107029
0.0101486 0.809805 -0.22152 -0.0129996 -0.00262707 0.0107029
-0.00143216 0.925106 -0.211612 -0.0147342 -0.00263931 0.0114228
0.0059999 0.769443 -0.241075 -0.0127022 -0.00300726 0.0109427
0.00458333 0.856453 -0.231479 -0.0134685 -0.00260323 0.0114054
0.0115202 0.83923 -0.231182 -0.0140374 -0.00280697 0.0111711
0.022096 0.807893 -0.279235 -0.0125219 -0.00281539 0.0101144
0.0275294 0.918379 -0.261315 -0.0144455 -0.00258831 0.0107774
0.0150503 0.904233 -0.248131 -0.0141331 -0.00259535 0.0104253
0.0156465 0.820622 -0.226244 -0.0134504 -0.00224992 0.0104577
0.0119278 0.916149 -0.258029 -0.0143675 -0.00231696 0.0108644
0.014958 0.78863 -0.257279 -0.0129388 -0.00218471 0.0104294
0.00693401 0.906643 -0.263157 -0.0143233 -0.00250415 0.0104382
0.0166271 0.738548 -0.246556 -0.0130037 -0.00214106 0.0102927
