0 0.132034 -0.0251762 -0.00044434 0 0
-0.00397169 0.124627 0.0008584 -0.0007939 -0.00020598 0.00058241
0.0126888 0.272956 0.0461381 -0.00153643 0 0.00100467
0.00137775 0.200672 -0.00351191 -0.00118741 -0.00028758 0.00122102
-0.010415 0.132564 0.00683961 6.94e-05 -8.664e-05 0.00097069
-0.0129921 0.226678 -0.00324565 -7.103e-05 0 0.00119856
-0.0045381 0.23422 0.00046926 -9.769e-05 0.0003494 0.00132889
-0.0126453 0.12766 -0.00859952 -0.00052911 0.00023828 0.00080108
-0.0167583 0.199928 0.0231171 -0.0010766 -4.271e-05 0.0011357
-0.00032898 0.269169 0.00591583 -0.0007891 2.938e-05 0.00132802
-0.0108053 0.161256 0.00344007 6.11e-05 4.423e-05 0.00092303
-0.019024 0.187339 -0.00227179 -0.00013212 -7.518e-05 0.00075079
-0.0182477 0.312674 0.00461423 -0.00058777 2.546e-05 0.0011568
-0.0107682 0.163054 0.00289252 -3.714e-05 -0.000178 0.0009399
-0.0236151 0.169336 0.00908722 -0.00051253 -0.00038321 0.00068855
-0.00646663 0.284619 0.026709 -0.0014456 0.00012545 0.00102977
-0.0251726 0.153891 -0.00471506 -0.00038012 -0.0001854 0.00078582
-0.0366187 0.194387 0.0168077 -0.00093822 -0.00073179 0.00051399
-0.0129465 0.318523 -0.00050774 -0.00076619 0.00033545 0.00041218
-0.00575222 0.24777 0.00751257 -0.00111332 0.00044569 0.00100476
-0.027888 0.209773 0.0155042 -0.00029659 -1.479e-05 0.00072461
0.00859405 0.258737 0.0380691 -0.00104215 0.00055945 0.00097102
-0.00195047 0.222463 0.00436063 -0.00171522 0.00063229 0.00110162
-0.0163436 0.211759 0.0313526 -0.00157933 0.00036128 0.00057825
-0.00765156 0.325531 0.0506044 -0.00208963 0.00055945 0.00076752
-0.00448899 0.310715 0.0331937 -0.00184165 0.00030945 0.0010402
-0.0259411 0.211328 0.0258162 -0.00153448 -0.00010132 0.00077084
-0.0156795 0.300764 0.0876222 -0.00228278 0.00029967 0.00113714
-0.0003788 0.332332 0.0361687 -0.00245746 0.00077654 0.00108128
-0.00689474 0.230872 0.0318715 -0.00223931 0.00043851 0.00083442
-0.021301 0.302665 0.0594342 -0.00214374 0.00048546 0.00104667
-0.0246928 0.291193 0.0280538 -0.00247297 0.00093744 0.00116631
-0.0320921 0.204754 0.00940044 -0.00105742 -2.36e-05 0.00073968
-0.0277354 0.300126 0.015244 -0.00118723 0.00033138 0.0005713
-0.00779409 0.367363 0.0950489 -0.00362236 0.00130139 0.00060107
0.0165128 0.24602 0.086123 -0.00090939 0.00207215 0
0.0134723 0.350084 0.206216 -0.00177891 0.00045433 0.00051497
0.0169438 0.345696 0.170007 -0.00132045 0.00099166 0.00061406
0.0182611 0.258243 0.191035 -0.00126556 0.0022597 0.00116922
0.00601315 0.278023 0.204087 -0.00175406 0.00138563 0.00057414
0.016513 0.38716 0.276403 -0.00340951 0.00202361 0.00049639
0.0161912 0.304962 0.240822 -0.00291127 0.00160788 0.00040598
0.00579046 0.304694 0.228813 -0.00210301 0.00064518 0.00018639
0.00429987 0.40784 0.222102 -0.00282878 0.00147016 0.00045784
0.00414534 0.296019 0.163784 -0.00223642 0.00082293 0.00042118
0.0108795 0.342318 0.197744 -0.00198932 0.00048412 0.00053184
0.032757 0.444013 0.260072 -0.00337892 0.00118059 0.00067846
0.0328785 0.29934 0.213704 -0.00275103 0.00094727 0.00085097
0.0116675 0.30686 0.189252 -0.00150502 0.00047624 0.00052435
0.0380656 0.407043 0.259519 -0.00292284 0.00101621 0.00111794
0.0410749 0.291628 0.192994 -0.00260101 0.00125081 0.00074902
0.0130881 0.285673 0.185468 -0.00215183 0.00086613 5.449e-05
0.0209447 0.383418 0.220309 -0.00291662 0.00086613 0.00060911
0.0406886 0.332004 0.247692 -0.0029143 0.00125518 0.00093565
0.0260054 0.323221 0.222523 -0.00227891 0.00146388 0.00055113
0.0262898 0.391342 0.206297 -0.00303355 0.0014194 0.00073713
0.0262025 0.33562 0.222349 -0.00367831 0.00193094 0.0006088
0.0257526 0.353277 0.241465 -0.00414905 0.00116871 0.00048276
0.0345376 0.351464 0.184027 -0.00388402 0.00182522 0.00081628
0.0164773 0.260857 0.186782 -0.00337153 0.00074878 0.00042274
0.0158189 0.352307 0.173548 -0.00289876 0.00115739 0.0003401
0.0514746 0.406927 0.209178 -0.00364475 0.00248968 0.00113104
0.0298388 0.317087 0.215968 -0.00342281 0.00189535 0.00082662
0.0301664 0.375215 0.190797 -0.00284986 0.00172717 0.00105408
0.0554385 0.398358 0.247578 -0.00453155 0.00265836 0.00161697
0.0404573 0.280405 0.219477 -0.00292156 0.00239738 0.00103509
0.0479962 0.341514 0.277449 -0.00440633 0.00194579 0.00131139
0.0542809 0.406316 0.28075 -0.00528546 0.00223894 0.00156204
0.0369728 0.305338 0.205327 -0.00308141 0.00162215 0.00108586
0.0286056 0.35362 0.254768 -0.00324237 0.00119189 0.00087934
0.044122 0.366103 0.234219 -0.00372704 0.00187878 0.00152596
0.0209673 0.281391 0.188188 -0.00313077 0.00117788 0.00101973
0.0037987 0.271977 0.216452 -0.00343829 0.0006089 0.0004103
0.00281855 0.410569 0.197919 -0.00334866 0.00069777 0.0007774
0.0128093 0.320196 0.176054 -0.00325257 0.0009148 0.00111752
0.0106475 0.27716 0.194498 -0.00213226 0.00053937 0.00084249
0.0231475 0.389699 0.252547 -0.00360225 0.00090578 0.00152118
0.0361831 0.314979 0.162872 -0.00245034 0.00125818 0.001593
0.0438657 0.292006 0.21808 -0.00338092 0.00081291 0.00157394
0.0504093 0.414928 0.24752 -0.0045285 0.00133794 0.00212892
0.0463098 0.311729 0.214989 -0.00416097 0.00123173 0.00205621
0.0364097 0.318844 0.228282 -0.00359981 0.00160251 0.00164866
0.0367575 0.419822 0.270969 -0.0044838 0.00156374 0.00178624
0.0294948 0.332448 0.210471 -0.00402155 0.0012921 0.00119517
0.0176011 0.373718 0.242159 -0.00420159 0.00127407 0.00086943
0.0272137 0.448782 0.245114 -0.00492894 0.00152296 0.00115818
0.0179739 0.344307 0.201444 -0.00428951 0.00161036 0.00103515
0.0132699 0.351354 0.207647 -0.00409365 0.0013263 0.0007209
0.0249168 0.434423 0.19679 -0.00444151 0.00178684 0.00136549
0.0170929 0.312191 0.180205 -0.00392849 0.00185317 0.00092667
0.0212994 0.349724 0.223064 -0.00392258 0.00127251 0.00085099
0.0346411 0.43054 0.200677 -0.00448835 0.00193219 0.00152595
0.0341678 0.327981 0.22332 -0.00503914 0.00231857 0.00135952
0.0282367 0.291873 0.214641 -0.00357245 0.00193219 0.00084989
0.0288268 0.413462 0.251268 -0.00545431 0.00168773 0.00113003
0.0306137 0.398593 0.245902 -0.00600673 0.00220006 0.00125989
0.0224667 0.379466 0.254211 -0.00502879 0.00219275 0.00086252
0.0304714 0.437218 0.296278 -0.00635116 0.0022118 0.00115691
0.0464603 0.484854 0.287065 -0.00690627 0.00285578 0.00124914
0.0309011 0.378772 0.274939 -0.00580498 0.00298531 0.00086269
0.0289212 0.417633 0.316166 -0.00618008 0.00257152 0.00112307
0.0331259 0.501813 0.347865 -0.00786109 0.00331018 0.00142035
0.0211421 0.369376 0.223748 -0.00460952 0.00190599 0.00091178
0.0090342 0.417943 0.276334 -0.00297226 0.00138602 0.00017104
0.00819322 0.433748 0.237128 -0.0041883 0.00207702 0.00069722
-0.00439544 0.349264 0.20892 -0.00245908 0.00125104 0.00019509
0.00358103 0.389127 0.261432 -0.00351887 0.00103116 0.00034509
0.0206801 0.398881 0.235923 -0.00408568 0.00175724 0.00059378
0.0179408 0.312378 0.206823 -0.00391945 0.00209068 0.00066944
0.00303196 0.343739 0.196201 -0.00322023 0.00209068 0.0001142
0.0190351 0.431885 0.220011 -0.00425292 0.00207304 0.00047725
0.0139977 0.34037 0.197862 -0.00425734 0.00269357 0.00071106
0.00805079 0.417895 0.292299 -0.00576649 0.00206584 0.00067729
0.0129562 0.472241 0.266127 -0.00592891 0.00278752 0.00101239
0.00361754 0.395467 0.213298 -0.00494674 0.00199723 0.00027643
0.0128039 0.426026 0.290001 -0.00566725 0.00212111 0.00092614
0.0197864 0.462068 0.251737 -0.00538156 0.00354661 0.00130456
0.0159839 0.360183 0.261437 -0.00612991 0.00360222 0.00099309
0.00795594 0.386527 0.235845 -0.00583286 0.00267577 0.00037237
0.0351823 0.516982 0.281282 -0.0076789 0.00331104 0.00079397
0.0202284 0.444033 0.239906 -0.00743786 0.00318501 0.00062131
0.0199064 0.444396 0.27992 -0.00800096 0.00285091 0.00049163
0.0353833 0.578001 0.339873 -0.00966282 0.0039441 0.00092004
0.0460954 0.459816 0.293603 -0.00867755 0.00388566 0.00122392
0.0411584 0.432597 0.275615 -0.00735002 0.00310795 0.00082078
0.0661061 0.592636 0.388066 -0.0108528 0.00384416 0.00079492
0.0744198 0.478399 0.297835 -0.00872047 0.00380975 0.00153901
0.0711939 0.41246 0.338635 -0.00835763 0.00395246 0.00122839
0.0701807 0.514849 0.397464 -0.0101013 0.00438717 0.00142081
0.0687169 0.48576 0.276057 -0.00834637 0.00502868 0.00178413
0.0448798 0.446243 0.318731 -0.00897276 0.00413593 0.00096808
0.0624963 0.555063 0.366323 -0.0103089 0.00439366 0.00154852
0.0792464 0.522301 0.335711 -0.0105281 0.0050927 0.00176543
0.0545156 0.45011 0.296639 -0.0080356 0.00452137 0.00158101
0.0624521 0.52239 0.365487 -0.00967834 0.00450738 0.00179979
0.0626421 0.603965 0.390183 -0.0113312 0.00484317 0.00172258
0.0554876 0.488633 0.309779 -0.00843442 0.00505967 0.00173524
0.0526091 0.522643 0.402176 -0.0106414 0.00426561 0.0014799
0.0540022 0.545685 0.360136 -0.0113846 0.00430721 0.00167305
0.0650796 0.407421 0.298056 -0.00871962 0.0047724 0.00146558
0.0577964 0.467528 0.30812 -0.00955943 0.00446254 0.00124807
0.0639776 0.548354 0.305996 -0.0101964 0.00457772 0.00136956
0.0625897 0.434335 0.306 -0.0102681 0.00456608 0.00140606
0.0648712 0.478757 0.346219 -0.0100115 0.00432993 0.00132454
0.0671616 0.576505 0.379524 -0.0107169 0.00461551 0.00167145
0.0534582 0.442751 0.281725 -0.00880951 0.00430992 0.0014852
0.0564951 0.488757 0.309417 -0.00839911 0.0039044 0.00151186
0.0660557 0.564058 0.306516 -0.00882377 0.00430766 0.00207789
0.0604598 0.446407 0.309572 -0.0090971 0.00409674 0.00163108
0.0575649 0.510889 0.398602 -0.0105308 0.00462296 0.00154794
0.0545502 0.539244 0.371035 -0.0107758 0.00482535 0.00187781
0.0498756 0.461492 0.348959 -0.0101703 0.0039899 0.00167147
0.0550107 0.564055 0.433524 -0.0116318 0.00378313 0.00170443
0.0595644 0.596557 0.441016 -0.012438 0.00488652 0.00225578
0.0594494 0.495556 0.447832 -0.0114832 0.005191 0.00209407
0.0543602 0.546606 0.45323 -0.0113861 0.004625 0.00177691
0.0700941 0.676849 0.512553 -0.0137428 0.00509277 0.00227511
0.0800028 0.570597 0.531585 -0.0134341 0.00577194 0.0025317
0.0746542 0.544754 0.489691 -0.0113326 0.00556046 0.00195999
0.0812212 0.604376 0.48862 -0.0126354 0.00511854 0.00224388
0.0805883 0.488312 0.428419 -0.0116747 0.00507339 0.00267842
0.0858186 0.50976 0.451003 -0.0113738 0.00530504 0.00210682
0.0980915 0.672798 0.478569 -0.0130891 0.00648614 0.00195636
0.10208 0.56232 0.420729 -0.0130822 0.00686939 0.00194095
0.0934986 0.545392 0.478228 -0.0134928 0.00535826 0.00201341
0.0979384 0.667043 0.539991 -0.0147284 0.00593186 0.00251082
0.0985535 0.607618 0.463364 -0.0143143 0.00569812 0.00256543
0.107733 0.578461 0.533482 -0.0131191 0.00447245 0.00241268
0.12094 0.61738 0.53894 -0.0132014 0.00522344 0.00243278
0.0978691 0.47922 0.457908 -0.013144 0.00505008 0.00243596
0.0928811 0.488461 0.488392 -0.0131467 0.00522857 0.00218954
0.0986452 0.5951 0.523861 -0.0150212 0.00549402 0.00230319
0.0996118 0.58348 0.449601 -0.0135715 0.0059585 0.00199687
0.0909742 0.501822 0.466488 -0.0139984 0.00557072 0.00230173
0.0989026 0.579863 0.544183 -0.01523 0.00574328 0.00220175
0.114275 0.679139 0.545374 -0.0163134 0.00719866 0.00244517
0.104063 0.549231 0.488128 -0.015005 0.00623496 0.00269146
0.103791 0.618248 0.578679 -0.0154049 0.00611985 0.00245084
0.113591 0.663633 0.541169 -0.0157404 0.00668587 0.00245745
0.114071 0.479383 0.473724 -0.0138784 0.00573973 0.00227075
0.0730427 0.380794 0.397502 -0.0108053 0.00459829 0.00209781
0.0864461 0.559342 0.369681 -0.011065 0.00437613 0.0023762
0.0862573 0.564606 0.408433 -0.0130708 0.00545418 0.00277593
0.100938 0.474739 0.448352 -0.0122728 0.00636435 0.00252323
0.0863527 0.590218 0.532828 -0.0143946 0.00594863 0.00265646
0.0949154 0.581247 0.474976 -0.0143946 0.00608116 0.00284856
0.102202 0.478562 0.460529 -0.012393 0.0053976 0.0030772
0.0997538 0.624715 0.538547 -0.0141042 0.00680654 0.00271529
0.115146 0.639402 0.527804 -0.0146805 0.00656556 0.00334368
0.120808 0.497179 0.538556 -0.0131701 0.00660363 0.00319524
0.108321 0.497262 0.538559 -0.0129877 0.00580062 0.00277133
0.108571 0.681155 0.53865 -0.0130816 0.00445152 0.00305285
0.128325 0.734772 0.559191 -0.015862 0.00395013 0.0042379
0.138341 0.585405 0.554913 -0.0147472 0.00422239 0.00416756
0.134458 0.570973 0.617412 -0.0137009 0.00443976 0.00357602
0.129448 0.665092 0.643429 -0.0153884 0.00515586 0.00352538
0.131555 0.619476 0.562724 -0.0133567 0.00475374 0.0037432
0.151185 0.553203 0.603782 -0.012861 0.00490736 0.00357217
0.140957 0.625437 0.647053 -0.0138889 0.00609552 0.00371882
0.139889 0.54857 0.606923 -0.0140443 0.00589333 0.00362261
0.130478 0.635069 0.638419 -0.0149723 0.00571494 0.00361329
0.149211 0.759203 0.636297 -0.015873 0.00566455 0.00395876
0.156013 0.576124 0.613753 -0.0155728 0.00604861 0.00441335
0.142016 0.587817 0.644124 -0.0152559 0.0048429 0.0036635
0.130819 0.698598 0.626731 -0.0153872 0.00447884 0.0038055
0.121926 0.609154 0.615245 -0.0164329 0.00477113 0.00358152
0.109208 0.580021 0.609096 -0.0149457 0.00385227 0.00307749
0.124506 0.701217 0.710125 -0.0173378 0.00543713 0.00332748
0.122864 0.667997 0.626802 -0.0165432 0.00565832 0.00321993
0.120507 0.571256 0.571956 -0.0143137 0.0041169 0.00368886
0.121929 0.655064 0.649458 -0.015603 0.00341823 0.00387041
0.118869 0.7215 0.644571 -0.0160885 0.00449601 0.00429016
0.141865 0.5504 0.540997 -0.0134622 0.00425901 0.00472877
0.126994 0.570248 0.571953 -0.0133367 0.00458378 0.00406121
0.12502 0.629966 0.630986 -0.0145066 0.00428051 0.00381476
0.128957 0.669844 0.59617 -0.0151719 0.00529945 0.00404838
0.13605 0.551204 0.538733 -0.0127408 0.00412547 0.0041536
0.131887 0.627594 0.571342 -0.0137525 0.00408403 0.00423627
0.147636 0.683273 0.610514 -0.0155226 0.00499901 0.00423743
0.131128 0.582542 0.557906 -0.0135309 0.00403887 0.00384821
0.130867 0.632209 0.631819 -0.0142746 0.00406282 0.00359973
0.161893 0.665153 0.644085 -0.015794 0.00536674 0.00384076
0.15526 0.532386 0.620013 -0.0141845 0.00492544 0.00393364
0.150809 0.568031 0.559066 -0.0128457 0.00481554 0.00402289
0.176266 0.667829 0.623137 -0.0143416 0.00528654 0.00389294
0.167072 0.597901 0.581069 -0.0142417 0.00533876 0.00443302
0.152032 0.560124 0.594715 -0.0136268 0.00466838 0.00401629
0.167954 0.632226 0.65506 -0.0152166 0.00496749 0.00425582
0.202406 0.660799 0.696366 -0.0157593 0.00621643 0.00401089
0.195061 0.543567 0.602914 -0.0144573 0.00622787 0.00395177
0.17709 0.601547 0.625714 -0.0143955 0.00469794 0.00378747
0.196653 0.702614 0.683478 -0.0161415 0.00610984 0.00386291
0.193539 0.592586 0.63373 -0.0152167 0.00597263 0.00398947
0.165858 0.608715 0.653662 -0.0148183 0.00500501 0.0037939
0.191457 0.694006 0.688228 -0.0160019 0.00569188 0.00342717
0.201581 0.607541 0.601612 -0.0163395 0.00550661 0.00294923
0.157056 0.544339 0.61852 -0.0153773 0.00549439 0.00197385
0.186869 0.601234 0.697084 -0.0174066 0.00612964 0.00278414
0.189036 0.606144 0.643593 -0.0170691 0.0059391 0.00302731
0.155412 0.560927 0.688359 -0.0170963 0.00586081 0.00289738
0.164995 0.659222 0.729598 -0.0179978 0.00605371 0.00297655
0.179619 0.677474 0.698701 -0.0184048 0.00747365 0.00324272
0.172527 0.569422 0.698781 -0.0181837 0.00673404 0.00349887
0.15687 0.631944 0.74456 -0.0186621 0.00626433 0.00359275
0.177208 0.726478 0.735172 -0.0183788 0.00660021 0.00402887
0.180986 0.589597 0.67947 -0.0174146 0.00683495 0.00403823
0.172987 0.663904 0.719117 -0.0169852 0.00684532 0.00395095
0.183562 0.772318 0.755369 -0.0183812 0.00674681 0.00398252
0.18114 0.598817 0.675834 -0.0183876 0.00527461 0.00432991
0.175257 0.63457 0.676177 -0.0165777 0.00579255 0.00393672
0.191304 0.731047 0.746878 -0.0170258 0.00538592 0.00446775
0.200031 0.668987 0.728934 -0.0176657 0.00638448 0.00427824
0.194171 0.574066 0.693999 -0.0173899 0.00628665 0.00446792
0.189421 0.665259 0.716786 -0.0167727 0.00588565 0.0041083
0.203655 0.75244 0.749154 -0.0182468 0.00664396 0.00395037
0.196172 0.624178 0.69859 -0.0172088 0.00596364 0.00435917
0.185708 0.639152 0.72123 -0.0167005 0.00582317 0.00421313
0.211612 0.711761 0.807923 -0.0188815 0.00675794 0.00452418
0.209267 0.628548 0.696981 -0.0171503 0.00695753 0.00436489
0.193183 0.685396 0.729569 -0.0167819 0.00633099 0.00437488
0.207726 0.79223 0.756959 -0.0180781 0.00666766 0.00415745
0.208643 0.639835 0.700787 -0.0171605 0.00651329 0.00415421
0.196516 0.602584 0.716079 -0.0175393 0.00674492 0.00415131
0.207036 0.732966 0.779896 -0.0187287 0.00720161 0.00380114
0.209461 0.656346 0.676793 -0.0170728 0.00722574 0.00382231
0.194551 0.645874 0.743432 -0.0184033 0.0061242 0.00408052
0.210347 0.727125 0.788151 -0.01864 0.00677641 0.00441035
0.215874 0.73033 0.835796 -0.017416 0.00748669 0.00430474
0.213724 0.629561 0.752958 -0.0171168 0.00813239 0.00418636
0.198927 0.622755 0.757264 -0.0167824 0.0080123 0.00419055
0.187553 0.488652 0.552353 -0.0106521 0.006003 0.00433175
0.181118 0.657111 0.587135 -0.00909474 0.00567801 0.0039391
0.194046 0.503952 0.569749 -0.0102202 0.00619039 0.00370926
0.18408 0.569532 0.615077 -0.011196 0.00640387 0.00369064
0.174278 0.676755 0.690307 -0.0137201 0.00785287 0.00364856
0.174904 0.564061 0.640022 -0.0143107 0.00743326 0.0038744
0.156058 0.601569 0.641625 -0.0136909 0.00738099 0.00337389
0.156754 0.719985 0.716755 -0.0151479 0.00795096 0.00328656
0.153009 0.627435 0.648301 -0.0154488 0.00745351 0.0037459
0.149157 0.58815 0.688715 -0.0146745 0.00687723 0.0035222
0.155924 0.680584 0.729966 -0.0154906 0.00727629 0.00360597
0.128731 0.670448 0.707532 -0.0167048 0.00679947 0.0033097
0.136519 0.578162 0.646555 -0.0153885 0.00727085 0.00345337
0.135719 0.624313 0.695986 -0.0150116 0.00644264 0.00303247
0.142184 0.726244 0.721583 -0.0163317 0.0071758 0.00311784
0.141355 0.5991 0.648177 -0.0161092 0.00792459 0.00339379
0.136215 0.598048 0.657438 -0.0145622 0.00706009 0.00325624
0.142851 0.669863 0.729291 -0.0162325 0.00796729 0.00348511
0.149946 0.715823 0.692185 -0.017207 0.00769525 0.00327979
0.159542 0.601117 0.706942 -0.0167834 0.00811514 0.00359526
0.161711 0.71069 0.734011 -0.0163446 0.00721002 0.00363037
0.156481 0.727523 0.738466 -0.0185381 0.00812154 0.00363164
0.162907 0.625231 0.697461 -0.016152 0.00759797 0.00352301
0.179026 0.708942 0.764549 -0.0172745 0.00740586 0.00374568
0.19546 0.717848 0.69427 -0.018123 0.00758079 0.0037419
0.179477 0.599318 0.67275 -0.0169043 0.00777205 0.00321948
0.179534 0.645588 0.749546 -0.0166872 0.00812263 0.00316239
0.171367 0.769316 0.787206 -0.0183542 0.00883546 0.00339735
0.167812 0.635936 0.727775 -0.0185446 0.00814732 0.0036586
0.17081 0.622162 0.713241 -0.0173312 0.00756829 0.00354596
0.182076 0.73698 0.760192 -0.0173174 0.00781572 0.0037757
0.176586 0.64807 0.676445 -0.016382 0.00792304 0.00374609
0.169601 0.62874 0.726806 -0.0165533 0.00804854 0.00354858
0.166534 0.752091 0.774462 -0.0174809 0.00802062 0.00349028
0.160034 0.628668 0.697005 -0.0177938 0.00765102 0.00345764
0.159953 0.619574 0.646105 -0.015653 0.00694742 0.00351634
0.166915 0.78212 0.758525 -0.0178721 0.00775426 0.00367321
0.154636 0.679331 0.710644 -0.0179242 0.00786836 0.00371729
0.151869 0.633818 0.736493 -0.0176593 0.00754645 0.00362105
0.1641 0.756931 0.772078 -0.018388 0.00820566 0.0035305
0.162886 0.654999 0.699185 -0.0177207 0.00792483 0.0037239
0.136477 0.635389 0.709219 -0.0174619 0.00751205 0.00310044
0.141192 0.757853 0.782938 -0.0196163 0.00768051 0.00315963
0.151768 0.688637 0.686035 -0.0176008 0.00694816 0.00343619
0.162328 0.610777 0.737157 -0.0172542 0.00764938 0.00348959
0.173566 0.733002 0.779201 -0.0182486 0.00738868 0.00401015
0.177474 0.630316 0.714592 -0.0179441 0.00762186 0.0040847
0.171229 0.622462 0.701633 -0.0167474 0.00721062 0.00422274
0.181664 0.747835 0.79256 -0.0187531 0.00777071 0.00390132
0.173123 0.682873 0.738511 -0.0184904 0.00804576 0.0039593
0.173829 0.669141 0.763833 -0.0188308 0.00783758 0.00376303
0.186111 0.804219 0.794594 -0.0193202 0.00821137 0.00403052
0.189838 0.676561 0.758715 -0.018986 0.00762052 0.00385915
0.173165 0.663429 0.750748 -0.0183773 0.00836565 0.00362008
0.187203 0.769126 0.82739 -0.0192833 0.00748318 0.00377378
0.178799 0.753952 0.767752 -0.0191747 0.00811335 0.00352485
0.178226 0.645054 0.753929 -0.0185239 0.0083492 0.00369028
0.179988 0.682384 0.804516 -0.0193322 0.00838615 0.00372245
0.175888 0.786937 0.823934 -0.0205695 0.0081209 0.00365715
0.18099 0.663067 0.778926 -0.0201245 0.00852801 0.00390169
0.16859 0.680942 0.808681 -0.020254 0.00851632 0.00370776
0.163631 0.792654 0.8064 -0.0198249 0.00857091 0.00341676
0.170519 0.782848 0.805632 -0.0207379 0.00844867 0.00342906
0.164316 0.687867 0.779199 -0.0203241 0.00761746 0.00387777
0.16419 0.770868 0.778285 -0.019246 0.00762804 0.00373738
0.175868 0.84622 0.864158 -0.0213636 0.00792845 0.0037962
0.166689 0.67707 0.797074 -0.0195218 0.00782422 0.00385323
0.173987 0.70224 0.813947 -0.0199228 0.00783029 0.00408429
0.184564 0.817614 0.840218 -0.0211685 0.00812324 0.00377434
0.18029 0.685737 0.776274 -0.0202917 0.00800474 0.00407155
0.178771 0.68562 0.790564 -0.0198117 0.00832737 0.00429912
0.179597 0.8306 0.826333 -0.0212802 0.00970806 0.0039658
0.182561 0.700545 0.739825 -0.0198297 0.0085501 0.00419624
0.177691 0.715036 0.810315 -0.0207629 0.00841966 0.00378341
0.194536 0.868239 0.827082 -0.0208494 0.0088065 0.00403986
0.207359 0.759031 0.801242 -0.0207775 0.00895905 0.00393922
0.196489 0.720744 0.842473 -0.0204776 0.00842269 0.00387407
0.20868 0.844542 0.880136 -0.0211205 0.00896829 0.00451053
0.217915 0.78306 0.835225 -0.0211026 0.00967093 0.00415266
0.194081 0.679053 0.84319 -0.0209817 0.00916937 0.0036569
0.194428 0.765206 0.857051 -0.0211741 0.00882039 0.00385254
0.197114 0.799139 0.820262 -0.0220362 0.00951126 0.00389785
0.19021 0.691544 0.826001 -0.0215271 0.00941384 0.00396194
0.183431 0.787149 0.864294 -0.0215281 0.0088147 0.00399173
0.211153 0.867578 0.872403 -0.0224532 0.00893731 0.0042803
0.197498 0.749547 0.842811 -0.0216866 0.00918515 0.00439699
0.19827 0.75519 0.842869 -0.0211804 0.00893455 0.00436944
0.202288 0.899135 0.896209 -0.0212288 0.0087952 0.00412621
0.199004 0.785837 0.831731 -0.0221874 0.00953796 0.00412623
0.191049 0.724162 0.847532 -0.0206161 0.00938031 0.00412981
0.20599 0.809879 0.918388 -0.0222741 0.00892006 0.00428686
0.210336 0.762075 0.84471 -0.0220595 0.00937502 0.0039756
0.192484 0.680503 0.853406 -0.0216439 0.00871061 0.00389296
0.202899 0.78342 0.865116 -0.0211467 0.00905348 0.0036872
0.217447 0.86031 0.857425 -0.0224016 0.0100902 0.00424429
0.20242 0.75645 0.819494 -0.0212628 0.00906057 0.00406181
0.209975 0.848967 0.888915 -0.0216039 0.00909519 0.0039984
0.245305 0.899308 0.874302 -0.0228802 0.00991599 0.00435876
0.229688 0.747091 0.844063 -0.0215477 0.00940835 0.00420776
0.21158 0.784738 0.865037 -0.0211927 0.00919583 0.00419529
0.244521 0.887226 0.916661 -0.0229365 0.00976142 0.00448357
0.222521 0.764501 0.8541 -0.0224991 0.0100306 0.00418597
0.208273 0.788718 0.871858 -0.0219522 0.00954169 0.00367257
0.240837 0.889552 0.89092 -0.0230549 0.008434 0.00419392
0.252904 0.892367 0.8748 -0.0239703 0.0108438 0.00449584
0.231853 0.813826 0.871852 -0.0234587 0.010397 0.0045935
0.24384 0.912193 0.892286 -0.02354 0.0103511 0.00482029
0.262902 0.936514 0.871162 -0.0238744 0.0106291 0.00497659
0.24645 0.78924 0.884032 -0.0236545 0.0109519 0.00488799
0.224837 0.832941 0.866267 -0.0235301 0.00975889 0.00415873
0.205968 0.942405 0.833178 -0.0253619 0.00920404 0.00400708
0.21106 0.816086 0.786258 -0.02531 0.0100833 0.00431829
0.209164 0.863858 0.854972 -0.024378 0.0102314 0.00410843
0.215971 0.983676 0.898903 -0.0249139 0.0105939 0.00426825
0.2187 0.875004 0.857826 -0.0241979 0.0108728 0.00443173
0.218863 0.802792 0.879297 -0.0241918 0.0101999 0.00426634
0.218962 0.949095 0.9203 -0.0239768 0.0104164 0.00455601
0.223082 0.889359 0.866656 -0.0236098 0.0113017 0.0046965
0.214518 0.830927 0.866135 -0.0229749 0.0108716 0.00426302
0.217523 0.933795 0.944446 -0.024452 0.0103072 0.00425806
0.220856 0.848108 0.883817 -0.0240191 0.0115518 0.0046524
0.214181 0.844809 0.881824 -0.023345 0.01069 0.00432738
0.220393 0.977288 0.945807 -0.0252463 0.0104486 0.00431405
0.214152 0.889114 0.889764 -0.0249059 0.0109013 0.00431711
0.211677 0.800414 0.896732 -0.0241214 0.0105466 0.00440551
0.207048 0.892622 0.925914 -0.0237505 0.0100806 0.00433597
0.231786 0.997483 0.950941 -0.0249076 0.0110085 0.00460284
0.230864 0.888031 0.900382 -0.0242251 0.0112678 0.00451416
0.22132 0.841186 0.923436 -0.0247059 0.0109677 0.0047613
0.229481 0.914262 0.941902 -0.0232752 0.010317 0.00483407
0.226789 0.999771 0.948134 -0.0249534 0.0117499 0.00465099
0.233417 0.817508 0.912048 -0.0244644 0.0107592 0.00489528
0.230722 0.817581 0.906536 -0.0238595 0.010525 0.00485264
0.238616 0.93397 0.963378 -0.0246452 0.0106776 0.00511581
0.238484 0.883751 0.857558 -0.0239035 0.0101593 0.00481497
0.233873 0.879807 0.890854 -0.0233544 0.0086942 0.00416256
0.286292 0.945351 0.944982 -0.0236806 0.0105595 0.00458001
0.288909 0.876639 0.908769 -0.0233967 0.0107592 0.00529784
0.268623 0.881766 0.930012 -0.022873 0.0104898 0.00513299
0.297575 0.973362 0.98225 -0.0241843 0.0106771 0.00493483
0.314643 0.915309 0.904702 -0.0234194 0.0117699 0.00507302
0.275992 0.849607 0.924365 -0.0231793 0.0112033 0.0049266
0.290896 0.929379 0.959786 -0.0235101 0.0106274 0.00509007
0.331586 0.954606 0.957158 -0.0251794 0.0108007 0.00560491
0.310429 0.832679 0.901952 -0.0231567 0.011324 0.00616187
0.325645 0.898071 0.946415 -0.0230837 0.0113054 0.00624035
0.339009 0.97805 0.963775 -0.0246558 0.01124 0.00595151
0.311267 0.833198 0.889437 -0.0226388 0.0109181 0.0057765
0.302561 0.875339 0.918412 -0.0229533 0.0106697 0.00591795
0.330884 1.00206 0.960962 -0.0238657 0.0112286 0.00590269
0.325942 0.878408 0.878298 -0.0239012 0.0112769 0.00615623
0.29949 0.846845 0.926918 -0.0241034 0.0108555 0.00605372
0.285505 0.770758 0.806436 -0.0232389 0.0103378 0.00546161
0.283545 0.85396 0.735435 -0.0226606 0.00891164 0.00553517
0.306937 0.944287 0.825168 -0.0221343 0.0102238 0.00645068
0.312178 0.759844 0.831174 -0.0222213 0.0113774 0.00664268
0.312991 0.809408 0.862023 -0.0221848 0.0112916 0.00688497
0.308039 0.948896 0.921564 -0.0231382 0.0114056 0.00710461
0.306204 0.838438 0.853007 -0.0231981 0.0106019 0.00689543
0.296561 0.754383 0.853151 -0.0232971 0.0102483 0.00618465
0.303138 0.866203 0.908157 -0.0234129 0.0102621 0.0063131
0.317845 0.9537 0.929266 -0.0248893 0.0117934 0.00653831
0.311334 0.817668 0.874336 -0.0242157 0.0120169 0.00614586
0.313067 0.871084 0.875327 -0.0242909 0.0120982 0.00586119
0.326982 1.0236 0.926613 -0.0247492 0.012717 0.00610303
0.330432 0.962566 0.9211 -0.0253644 0.0125858 0.00637855
0.316456 0.833256 0.871647 -0.0240599 0.0118901 0.00619869
0.311845 0.915605 0.912549 -0.0247922 0.0112792 0.0062673
0.328971 1.00656 0.940458 -0.0242166 0.012524 0.00626883
0.308132 0.860519 0.868234 -0.0239948 0.0118001 0.00623659
0.306777 0.887775 0.899689 -0.0238617 0.011292 0.00591524
0.333418 1.00479 0.959584 -0.0252247 0.0124983 0.00616341
0.31377 0.855567 0.89541 -0.0250198 0.0113064 0.00617083
0.305373 0.912785 0.901944 -0.0240061 0.011734 0.00582381
0.327318 1.0383 0.985005 -0.025907 0.0129685 0.00566027
0.327332 0.918433 0.926421 -0.0254646 0.0134632 0.0057143
0.295673 0.895637 0.902594 -0.0243054 0.0118398 0.0054995
0.333691 1.01134 0.969994 -0.0258818 0.0120038 0.00584213
0.343871 0.959197 0.964397 -0.026564 0.0132169 0.00600332
0.310216 0.877478 0.932937 -0.0260916 0.0111126 0.00625991
0.316706 0.945459 0.952311 -0.0251034 0.0123117 0.00589402
0.326831 1.06448 0.995246 -0.0256185 0.01254 0.00586453
0.313618 0.887086 0.95546 -0.0259232 0.0116488 0.00624889
0.298318 0.901316 0.955477 -0.0245959 0.0115983 0.00608545
0.321504 1.03658 0.997273 -0.0247567 0.0123801 0.00606655
0.319957 0.937554 0.952942 -0.0256067 0.0129774 0.00605115
0.306037 0.920543 0.917549 -0.0245075 0.011636 0.00598111
0.334104 1.01876 1.02333 -0.0258397 0.0122182 0.00613143
0.312109 0.979833 0.960009 -0.0257518 0.0122632 0.00567438
0.301447 0.866737 0.918399 -0.0258593 0.0108237 0.00640627
0.322331 0.983119 0.96769 -0.0247135 0.0121077 0.00626462
0.342641 1.01524 0.988534 -0.026394 0.0132419 0.00608152
0.320295 0.890116 0.955475 -0.0260376 0.0120597 0.00668935
0.33335 0.985199 0.972756 -0.0262669 0.0124119 0.00650714
0.350207 1.04348 1.03528 -0.0271547 0.0134956 0.00618418
0.321883 0.897382 0.951619 -0.0257316 0.0126709 0.00650924
0.310077 0.974136 0.94645 -0.0250231 0.0118574 0.0061361
0.336445 1.07606 1.05058 -0.0276086 0.0126511 0.00621397
0.31319 0.930116 0.939614 -0.0262151 0.0123384 0.00643214
0.314471 0.941425 0.969789 -0.0264402 0.0120946 0.00623634
0.341133 1.14015 1.03727 -0.0269583 0.013772 0.0065484
0.337612 0.98766 0.968175 -0.0269249 0.0139552 0.00645639
0.320613 0.926787 1.00234 -0.0266136 0.0118962 0.00617587
0.333212 1.05531 1.05911 -0.027584 0.0127528 0.00635198
0.347481 1.00616 1.01698 -0.0280698 0.0138042 0.00633184
0.317394 0.935276 1.00677 -0.028029 0.0121816 0.0062218
0.319763 1.06061 1.04187 -0.0279099 0.0126224 0.00624143
0.34684 1.15169 1.06994 -0.0283432 0.0142856 0.00631795
0.34117 0.965445 1.03925 -0.0280125 0.0130855 0.0062185
0.318705 0.99724 1.0054 -0.0266692 0.0122426 0.00616576
0.344352 1.17589 1.09314 -0.0274322 0.0140243 0.00641854
0.35357 1.08738 1.07422 -0.0279368 0.0151381 0.00614406
0.333246 0.970954 1.04166 -0.0276878 0.0129134 0.00651079
0.335559 1.06147 1.08768 -0.0277597 0.0130479 0.00630596
0.360032 1.13889 1.10239 -0.0287906 0.0141655 0.00671897
0.340825 0.96182 1.03998 -0.0279359 0.013511 0.00687282
0.33517 1.0636 1.06772 -0.0277156 0.0130021 0.00614326
0.354942 1.2198 1.12025 -0.0285599 0.0137918 0.00658918
0.338379 1.03234 1.06787 -0.028177 0.0139154 0.00650276
0.319871 1.05371 1.06211 -0.0279409 0.0127904 0.00658961
0.353983 1.20065 1.13137 -0.0284634 0.0137831 0.00660823
0.345097 1.12657 1.07983 -0.0285659 0.0131149 0.0066332
0.334436 0.992272 1.01099 -0.0278251 0.0122881 0.00582273
0.309971 1.01973 1.04535 -0.0272361 0.0118353 0.00568656
0.35078 1.18295 1.10934 -0.0279636 0.0126923 0.00646035
0.343779 1.07137 1.06186 -0.0282191 0.0126789 0.00607302
0.330416 1.01741 1.06283 -0.0276601 0.0137638 0.00623259
0.332452 1.11029 1.10661 -0.028342 0.0125421 0.0064985
0.352289 1.22989 1.14585 -0.0296917 0.0143792 0.00610794
0.341281 1.06338 1.1275 -0.0292561 0.0121528 0.00642249
0.328104 1.07361 1.0963 -0.0276341 0.0123822 0.00582647
0.338781 1.20655 1.22038 -0.0307313 0.0125068 0.00639515
0.344777 1.06449 1.12947 -0.0297531 0.0131697 0.00651613
0.329701 1.07864 1.13947 -0.0291076 0.013546 0.00574765
0.314626 1.21708 1.24657 -0.0313858 0.0124995 0.00637467
0.308023 1.0952 1.1071 -0.0288562 0.0134581 0.0063964
0.30072 1.13199 1.13412 -0.0296464 0.0128624 0.00646155
0.326813 1.27153 1.23209 -0.0308114 0.0138916 0.00594309
0.315536 1.14719 1.15853 -0.0306452 0.0142376 0.00620843
0.297718 1.12202 1.10054 -0.0299024 0.0139379 0.00616865
0.317794 1.24608 1.21101 -0.0308041 0.0139738 0.00583937
0.320321 1.20809 1.1323 -0.0300944 0.0132464 0.00596714
0.305668 1.11248 1.11656 -0.0299899 0.0130918 0.00666767
0.318774 1.18665 1.15062 -0.0300412 0.0126885 0.00586671
0.335305 1.24427 1.17099 -0.0301049 0.014458 0.00633764
0.334114 1.05647 1.11634 -0.0298459 0.0135358 0.0063333
0.3226 1.13229 1.17999 -0.0302847 0.0131296 0.00665605
0.332105 1.23458 1.24502 -0.0309861 0.0148507 0.00637338
0.314229 1.05317 1.16037 -0.0302421 0.0149506 0.00647391
0.32198 1.10314 1.13712 -0.029427 0.013822 0.0063424
0.327789 1.24477 1.24383 -0.0312849 0.0156207 0.00641492
0.33651 1.13642 1.11901 -0.0296672 0.0147129 0.00638716
0.320357 1.10862 1.11157 -0.0295717 0.013317 0.00657924
0.326096 1.23012 1.15674 -0.0299217 0.013833 0.0065716
0.33968 1.23096 1.17362 -0.0299217 0.0151234 0.00622365
0.324327 1.1231 1.13142 -0.0296184 0.0144583 0.00657048
0.33674 1.22476 1.20182 -0.0303506 0.0148339 0.0063658
0.333781 1.21829 1.20324 -0.030156 0.015071 0.00593541
0.323975 1.06844 1.13435 -0.029288 0.0132156 0.00651578
0.32986 1.16674 1.14225 -0.0294123 0.0137091 0.00647029
0.344151 1.24421 1.21981 -0.0304287 0.0149699 0.00616905
0.333584 1.06158 1.12511 -0.0299314 0.0148528 0.00640676
0.320159 1.10809 1.1213 -0.0294171 0.0135288 0.00663549
0.332466 1.27973 1.23167 -0.0301881 0.0152966 0.00657342
0.333019 1.17133 1.16505 -0.0301014 0.0154015 0.0064662
0.314265 1.14852 1.13129 -0.0296463 0.0144925 0.00657124
0.327635 1.22589 1.21737 -0.030883 0.0143323 0.00655997
0.331988 1.25605 1.19128 -0.0311513 0.0153805 0.0067861
0.317078 1.08878 1.12531 -0.0303869 0.0145115 0.0069963
0.320433 1.16767 1.19395 -0.030593 0.0154137 0.0065626
0.348273 1.16775 1.17031 -0.030593 0.0151098 0.00627887
0.316049 1.06384 1.13048 -0.0308563 0.0147278 0.00655595
0.33031 1.13785 1.18687 -0.030978 0.0147425 0.0063108
0.351178 1.2564 1.24575 -0.0308857 0.015014 0.00680473
0.336607 1.12126 1.14901 -0.030004 0.0143875 0.00699291
0.324358 1.17242 1.17387 -0.0295691 0.0134188 0.00682058
0.338091 1.31437 1.27327 -0.0305145 0.0154677 0.00635601
0.32141 1.15866 1.15335 -0.0301941 0.0163054 0.00684486
0.324478 1.01059 1.16496 -0.0296541 0.015427 0.00739139
0.329458 1.05511 1.2026 -0.030291 0.0144754 0.00711534
0.337594 1.17827 1.2235 -0.0294848 0.0155098 0.00719809
0.349198 1.23507 1.30522 -0.0316662 0.0152085 0.00708371
0.32765 1.11093 1.15569 -0.0301039 0.0155225 0.00712139
0.318988 1.16299 1.18809 -0.0301516 0.0153008 0.0067673
0.347399 1.28587 1.31545 -0.0313743 0.0155521 0.007045
0.354297 1.19535 1.19556 -0.0300059 0.0161587 0.00683752
0.331362 1.14463 1.1665 -0.0297377 0.0151548 0.00717075
0.339055 1.21961 1.23277 -0.0300869 0.0154881 0.00688548
0.344284 1.26286 1.32077 -0.0317803 0.0163724 0.00714732
0.322851 1.09382 1.1981 -0.029935 0.015569 0.00687271
0.305226 1.13848 1.17393 -0.0298201 0.0147211 0.0070103
0.333976 1.2498 1.23619 -0.0303368 0.0148611 0.00660334
0.331882 1.18181 1.16956 -0.0301129 0.0149124 0.00666685
0.315801 1.11783 1.1369 -0.0298434 0.0141079 0.00681848
0.325795 1.22223 1.18008 -0.030444 0.0138473 0.00621923
0.320243 1.28845 1.23157 -0.030769 0.0165107 0.00658525
0.327257 1.09634 1.2056 -0.0304433 0.0145984 0.00676776
0.31375 1.14202 1.14169 -0.0292286 0.0148078 0.00673044
0.323091 1.27914 1.24743 -0.0302175 0.0149151 0.00608639
0.320198 1.19759 1.22438 -0.0307961 0.015264 0.00615958
0.318913 1.10145 1.11824 -0.0291419 0.0134183 0.00575213
0.319959 1.18764 1.19854 -0.0293418 0.0126319 0.00557256
0.309338 1.24278 1.22463 -0.0304595 0.0147053 0.00603918
0.32193 1.1251 1.13146 -0.029846 0.0133828 0.0065436
0.296944 1.14424 1.13665 -0.029968 0.0128845 0.00610468
0.320969 1.23485 1.21635 -0.0306168 0.0128184 0.00627957
0.321808 1.23228 1.21526 -0.0312341 0.0142934 0.00586101
0.312585 1.10402 1.13177 -0.0299387 0.0122449 0.0065613
0.306044 1.17002 1.15231 -0.0299131 0.0129005 0.00591711
0.324946 1.28896 1.21955 -0.0303797 0.014586 0.00582365
0.341171 1.09212 1.13393 -0.0301755 0.0125272 0.00606687
0.318563 1.11482 1.12138 -0.0292065 0.0125397 0.00636017
0.33256 1.23349 1.21127 -0.0303328 0.0138194 0.00619924
0.326022 1.211 1.197 -0.0301427 0.014576 0.0058567
0.318392 1.09197 1.14332 -0.0298633 0.0138492 0.00666772
0.330501 1.17369 1.20522 -0.0310889 0.0129211 0.00611112
0.339965 1.25534 1.2413 -0.0312192 0.01434 0.0058746
0.332759 1.06864 1.12496 -0.0298873 0.0139842 0.00636021
0.307957 1.08706 1.11665 -0.0299902 0.0135908 0.00614387
0.330492 1.24084 1.20523 -0.0304312 0.0139607 0.00597196
0.33918 1.21102 1.15391 -0.0300963 0.0141791 0.00605348
0.311553 1.10042 1.12422 -0.0298595 0.0132109 0.00651116
0.312206 1.1805 1.14721 -0.0302798 0.01322 0.00613411
0.324014 1.31472 1.20512 -0.0306257 0.0147784 0.00598034
0.330592 1.09859 1.13276 -0.0307747 0.0143549 0.00640087
0.30525 1.09329 1.13666 -0.0302691 0.0128615 0.00645132
0.321444 1.2052 1.16986 -0.0306346 0.0125678 0.00627363
0.319805 1.19101 1.18787 -0.032282 0.0126637 0.0060289
0.290143 1.01728 1.06776 -0.0298964 0.013122 0.00592154
0.287438 1.03644 0.972965 -0.0256837 0.0103349 0.00687759
