0.0445411 0.110502 0.0556823 -0.00029333 0 0.00106357
0.0221822 0.165425 0.0440769 -0.0008581 5.462e-05 0.00066665
0.0308574 0.114809 0.0815831 -0.00083878 -5.668e-05 0.00106357
0.0324979 0.0774177 0.0990554 -0.00117311 0.000171 0.00091395
0.0322769 0.156593 0.0314281 -0.00048738 -0.00011291 0.00063639
0.039696 0.132622 0.0551602 -0.00063395 -0.00032236 0.00081539
0.0659456 0.101707 0.0906321 -0.001134 0.00031799 0.00077132
0.0675125 0.183942 0.0198012 -0.00179175 2.978e-05 0.00080487
0.0657943 0.268465 0.0434297 -0.00215938 -0.00063411 0.00110872
0.067353 0.220649 0.0955643 -0.00272211 -0.00026241 0.00146432
0.0671366 0.199557 0.0888489 -0.00316514 -0.00024031 0.00122176
0.0639061 0.227365 0.0440677 -0.00293709 -0.00035757 0.00120969
0.0568094 0.163269 0.0775191 -0.00299529 8.26e-06 0.00120375
0.065619 0.126104 0.0914101 -0.00304089 3.099e-05 0.00111556
0.0492543 0.200486 0.0400928 -0.00331717 -0.000168 0.00132295
0.035118 0.183138 0.0685738 -0.00349118 -0.00054503 0.00102009
0.0531198 0.148415 0.114414 -0.00304323 -5.29e-05 0.00131932
0.0531107 0.158542 0.143675 -0.002181 -0.0003029 0.0013152
0.0532192 0.227646 0.0919058 -0.00248501 -0.00034713 0.00158578
0.0529514 0.220809 0.104377 -0.00314778 -0.00071393 0.00127834
0.0617027 0.188039 0.136803 -0.00372101 -7.269e-05 0.00135507
0.0558692 0.25454 0.0904135 -0.0038949 -2.244e-05 0.00132792
0.0527884 0.218719 0.108148 -0.0040954 -0.00029157 0.00110081
0.0528475 0.16647 0.175095 -0.00489233 -7.584e-05 0.00129138
0.0527569 0.195456 0.133887 -0.0049822 0.00041503 0.0011179
0.0422293 0.189279 0.150569 -0.00472322 0.00010653 0.00112143
0.0563381 0.136163 0.185798 -0.00492962 0.00043374 0.00124009
0.0563077 0.199503 0.11469 -0.00452898 0.00039066 0.00115012
0.0564239 0.232393 0.108796 -0.0052663 0.00016084 0.00125074
0.082241 0.195924 0.149683 -0.00471994 -0.0003712 0.00132655
0.0823423 0.207037 0.179653 -0.00517325 0.00025703 0.00144444
0.0786674 0.242548 0.119461 -0.00517808 0.00011112 0.00158578
0.0824801 0.187092 0.175494 -0.00589663 0.00023452 0.00158578
0.10127 0.167328 0.192183 -0.00542633 0.00086685 0.00158578
0.0980824 0.222573 0.151877 -0.00592027 0.00022326 0.00158578
0.0735249 0.192523 0.103902 -0.00454563 -1.314e-05 0.00158578
0.0829475 0.117286 0.0463405 -0.00343581 -0.00015127 0.00158578
0.0998385 0.121077 0.15206 -0.00505078 0.00042712 0.00194866
0.0996481 0.20806 0.158628 -0.00550211 0.00066674 0.00194297
0.116512 0.249486 0.142148 -0.0059656 0.00104123 0.00203741
0.10618 0.223993 0.187447 -0.00661932 0.00075787 0.00191448
0.0992654 0.190523 0.232002 -0.00731057 0.00193572 0.00166639
0.0994064 0.241066 0.140878 -0.0070497 0.00099673 0.00183212
0.0854974 0.199659 0.143678 -0.00721547 0.00142031 0.00183212
0.118696 0.118726 0.226272 -0.00887383 0.00161701 0.00183212
0.118909 0.167068 0.154633 -0.00857311 0.00150739 0.00199674
0.100571 0.144648 0.183678 -0.00851996 0.00147767 0.00197719
0.108417 0.105379 0.227513 -0.0077751 0.00147914 0.00183212
0.0999612 0.169688 0.170229 -0.00763091 0.00113609 0.00163121
0.0836088 0.226577 0.153975 -0.00745887 0.00104049 0.00189889
0.101313 0.197187 0.176692 -0.00661744 0.00118092 0.00183212
0.10537 0.166023 0.218223 -0.0072076 0.00044153 0.00194249
0.121922 0.247267 0.181467 -0.00683623 0.0008732 0.00183212
0.124647 0.208093 0.16171 -0.0066159 0.00102082 0.00183212
0.121891 0.147103 0.22198 -0.0081154 0.00126947 0.00183212
0.121937 0.164178 0.161546 -0.00807188 0.00126815 0.00183212
0.104295 0.221558 0.152534 -0.00752431 0.00124736 0.00183212
0.105093 0.138111 0.231568 -0.00844222 0.00157458 0.00212026
0.112061 0.134261 0.188524 -0.00807174 0.00172067 0.00212715
0.120431 0.229049 0.181819 -0.00803388 0.00108942 0.00197919
0.100859 0.198234 0.200396 -0.00760301 0.00151346 0.00183212
0.121864 0.153126 0.248057 -0.0086699 0.00161406 0.0017773
0.124325 0.170236 0.192657 -0.00915672 0.00188183 0.00183212
0.103971 0.240254 0.173826 -0.00890167 0.00154054 0.00183212
0.0921081 0.195741 0.186988 -0.00886842 0.00090587 0.00183212
0.120243 0.153216 0.218132 -0.00879923 0.00260557 0.00183212
0.110528 0.205185 0.160944 -0.00906548 0.0017329 0.00183212
0.0980467 0.20615 0.190816 -0.00814887 0.00159371 0.00183212
0.117965 0.150489 0.239182 -0.00892626 0.00200031 0.00171346
0.0981663 0.218978 0.141833 -0.00830921 0.0010577 0.00183212
0.0979288 0.208625 0.178238 -0.00813461 0.00122194 0.00163612
0.122526 0.146485 0.195752 -0.00869473 0.00220515 0.00183212
0.113136 0.212218 0.140256 -0.00856477 0.00138213 0.00183212
0.107644 0.250568 0.172869 -0.00821622 0.00106329 0.00132972
0.12336 0.176468 0.261886 -0.00923744 0.00152583 0.00183212
0.12109 0.203389 0.172238 -0.00853634 0.00176923 0.00159335
0.110245 0.233186 0.172442 -0.00800464 0.00179087 0.00161699
0.122615 0.176944 0.246692 -0.0089283 0.00146703 0.00173909
0.133587 0.166349 0.201395 -0.00901537 0.00197722 0.00183212
0.133297 0.258866 0.164724 -0.0083392 0.00209886 0.00138862
0.133074 0.20848 0.181533 -0.00860708 0.00213996 0.00111426
0.138534 0.153454 0.286092 -0.0096107 0.00228983 0.00144512
0.12792 0.218286 0.191577 -0.00949738 0.00209619 0.00142654
0.118411 0.248018 0.218134 -0.00935366 0.00158085 0.00140286
0.139122 0.196901 0.297589 -0.0101132 0.00207997 0.00138978
0.139176 0.196933 0.246917 -0.0098632 0.00219735 0.00128455
0.121836 0.247344 0.185766 -0.00886637 0.00190571 0.00128455
0.123114 0.185867 0.255103 -0.00985245 0.00180907 0.00149989
0.143299 0.14742 0.270061 -0.0102323 0.00258257 0.00162583
0.128727 0.248994 0.168829 -0.0079715 0.00139511 0.00141904
0.120647 0.221532 0.187571 -0.00852764 0.00176498 0.00121066
0.130753 0.188787 0.244159 -0.00925064 0.00217452 0.00128455
0.113838 0.216992 0.193048 -0.00904528 0.00192473 0.00095115
0.0964692 0.209071 0.216759 -0.0096046 0.00169386 0.0008675
0.126183 0.143816 0.306933 -0.0108562 0.00273292 0.00123343
0.110446 0.218708 0.217567 -0.0102381 0.00206595 0.0009937
0.0952138 0.220361 0.221312 -0.0100392 0.00163815 0.00078921
0.116334 0.177386 0.299406 -0.0103308 0.00262016 0.00121247
0.132519 0.187995 0.249389 -0.0102386 0.00299902 0.00175337
0.108726 0.224484 0.228044 -0.0101189 0.00232102 0.00125563
0.121812 0.172835 0.308972 -0.0109033 0.00276622 0.00157607
0.11568 0.187608 0.247878 -0.0104908 0.00259379 0.0014108
0.0943831 0.241959 0.195221 -0.00972717 0.00199726 0.00121691
0.105439 0.178965 0.260781 -0.010342 0.00208652 0.0014108
0.126918 0.142782 0.29438 -0.0107915 0.00294775 0.00168047
0.110885 0.216375 0.257778 -0.0100857 0.002565 0.0017399
0.109636 0.19218 0.271753 -0.0104648 0.002565 0.00162701
0.123027 0.162512 0.343804 -0.010757 0.00336997 0.00176292
0.120265 0.253386 0.23407 -0.00974935 0.00254496 0.0014108
0.115282 0.214423 0.247487 -0.00993832 0.00225615 0.00162641
0.127776 0.13403 0.317654 -0.00979139 0.00282037 0.00152102
0.125694 0.187153 0.249224 -0.00943702 0.00286369 0.0014108
0.107802 0.226724 0.262127 -0.00966108 0.00247973 0.0014108
0.119679 0.203162 0.298586 -0.0101977 0.0027503 0.0014108
0.129624 0.182295 0.281779 -0.0102533 0.00315351 0.00129263
0.107258 0.259621 0.255046 -0.010064 0.00270163 0.0014108
0.112449 0.209284 0.295878 -0.0108121 0.00266958 0.001245
0.135117 0.166719 0.342143 -0.0111139 0.00335251 0.0014108
0.12371 0.238894 0.251596 -0.0096286 0.00345106 0.0014108
0.10135 0.218562 0.268576 -0.00945944 0.00277982 0.0014108
0.103918 0.158132 0.354008 -0.010714 0.00364196 0.0014108
0.0937268 0.205545 0.286902 -0.0103529 0.00300541 0.0014108
0.0819509 0.231307 0.247662 -0.00959677 0.00226201 0.00119308
0.111815 0.181313 0.317543 -0.0106206 0.0029274 0.00141081
0.118217 0.178039 0.305132 -0.0105154 0.0027971 0.00141081
0.100629 0.245506 0.269818 -0.0102431 0.00259337 0.00141081
0.10076 0.201448 0.301268 -0.0107421 0.00245666 0.00123963
0.109825 0.154873 0.334372 -0.0114672 0.00315001 0.0014108
0.087096 0.261338 0.244418 -0.0104646 0.00252882 0.00116394
0.0951824 0.204579 0.291589 -0.010355 0.00232037 0.00114745
0.120663 0.130749 0.35868 -0.0116178 0.00351246 0.00141081
0.0957718 0.235908 0.269957 -0.0102534 0.00303003 0.00141081
0.0986045 0.214049 0.315985 -0.00965989 0.00250858 0.00127578
0.105584 0.149917 0.359573 -0.0105128 0.00360578 0.00185444
0.104262 0.273373 0.27179 -0.0093578 0.00283075 0.00141081
0.103819 0.239991 0.306082 -0.00958464 0.00298918 0.00128011
0.115581 0.178948 0.386679 -0.0108542 0.00350388 0.00156105
0.110607 0.247872 0.322257 -0.0103405 0.00342996 0.00150708
0.0935243 0.247908 0.316309 -0.0103873 0.00281814 0.00118855
0.117166 0.194426 0.367921 -0.0104867 0.00372946 0.00141081
0.116511 0.16539 0.344465 -0.0106394 0.00396425 0.0014108
0.104667 0.251329 0.313864 -0.0102652 0.00362841 0.00141081
0.11101 0.207292 0.373981 -0.0105696 0.0040707 0.00141081
0.121331 0.157193 0.396336 -0.0105826 0.0037179 0.00141081
0.094595 0.24479 0.325789 -0.00928973 0.00295745 0.00141081
0.0842123 0.252006 0.318699 -0.00897588 0.00274163 0.00068123
0.108256 0.208554 0.394201 -0.0100362 0.00338269 0.0010514
0.123277 0.236071 0.335929 -0.00987874 0.00368486 0.0009879
0.121723 0.268751 0.307885 -0.00969015 0.00412784 0.00079192
0.136289 0.202795 0.355743 -0.0101146 0.00425599 0.0009879
0.136492 0.173756 0.358062 -0.0106488 0.00425599 0.00130049
0.1152 0.258845 0.339982 -0.00963124 0.00384941 0.00111286
0.11533 0.221668 0.369086 -0.00996607 0.00372335 0.00108603
0.123551 0.164064 0.371587 -0.00964062 0.00482037 0.00175206
0.111826 0.252429 0.323673 -0.0092985 0.00394846 0.00144097
0.108356 0.255009 0.333004 -0.00941196 0.00368563 0.00113026
0.116203 0.205243 0.394579 -0.00999608 0.00416783 0.00140756
0.127391 0.27082 0.355119 -0.00961771 0.00403931 0.00140756
0.10952 0.298314 0.322088 -0.00855253 0.00382667 0.00140756
0.124283 0.220822 0.420229 -0.00996868 0.00403931 0.00140756
0.119906 0.225114 0.388917 -0.00996212 0.00418705 0.00125427
0.0952101 0.289352 0.351099 -0.0091778 0.00385721 0.00140756
0.107372 0.231093 0.396359 -0.0100669 0.00373577 0.00140756
0.115677 0.163327 0.446065 -0.0108432 0.00476374 0.00147772
0.110393 0.263203 0.369159 -0.00952382 0.00405753 0.00125071
0.0999576 0.275416 0.342751 -0.0085607 0.00396262 0.00114868
0.110381 0.215212 0.40778 -0.00940891 0.00421871 0.00140756
0.110394 0.24255 0.391821 -0.00917903 0.00414942 0.00140756
0.0974165 0.318959 0.333712 -0.00826245 0.00345672 0.00108215
0.110286 0.266833 0.37581 -0.00896496 0.00385947 0.00098902
0.114067 0.219933 0.419893 -0.00958324 0.00466901 0.00114047
0.091717 0.303233 0.365963 -0.00872585 0.00400311 0.00143129
0.0898157 0.270872 0.325567 -0.00793429 0.00385105 0.00098902
0.104756 0.197628 0.406257 -0.00903982 0.00412119 0.00104459
0.104705 0.285809 0.341022 -0.00880552 0.00416856 0.00098902
0.088009 0.277175 0.34249 -0.00824024 0.00360205 0.00085123
0.104606 0.197681 0.43271 -0.00943958 0.00467536 0.00098902
0.100014 0.276433 0.343277 -0.00902341 0.00428909 0.00111912
0.0895171 0.294004 0.340825 -0.00824442 0.0038841 0.00098902
0.109172 0.235484 0.438684 -0.00920496 0.0039289 0.00113062
0.106864 0.271893 0.3597 -0.00886795 0.00403669 0.00098902
0.0886979 0.294371 0.336412 -0.00854509 0.0034803 0.00088402
0.107897 0.241375 0.405526 -0.00924327 0.00376807 0.0010406
0.104737 0.229545 0.397209 -0.00920926 0.00403669 0.00110406
0.0959294 0.271966 0.34967 -0.0088609 0.00403669 0.00098902
0.11194 0.226177 0.395913 -0.00911193 0.00403669 0.00098902
0.112147 0.240249 0.359539 -0.00894195 0.00373791 0.00113576
0.0736643 0.305062 0.316208 -0.00815921 0.00300473 0.00098902
0.100622 0.229561 0.420292 -0.00899066 0.00370526 0.00098902
0.107237 0.223348 0.374327 -0.00794481 0.00382272 0.00104245
0.107151 0.338457 0.257819 -0.00589428 0.00286577 0.00091161
0.0936992 0.201706 0.174191 -0.00276328 0.00267243 0.00089401
0.102966 0.244042 0.237093 -0.00416751 0.00230095 0.00095355
0.11133 0.203472 0.268672 -0.00532864 0.00248291 0.00151978
0.114697 0.288779 0.209464 -0.00485551 0.00220967 0.00163105
0.112421 0.274289 0.298547 -0.00413541 0.00204826 0.00135269
0.126265 0.227892 0.335842 -0.00506026 0.00276456 0.00152978
0.120138 0.213382 0.294418 -0.00501348 0.00213601 0.00134766
0.117664 0.296572 0.321868 -0.00466489 0.00254496 0.00132006
0.120411 0.2578 0.354067 -0.00451346 0.00231554 0.00140085
0.120599 0.239165 0.365187 -0.00622834 0.00250846 0.00178445
0.107285 0.347757 0.21741 -0.0051374 0.00181461 0.00156419
0.103315 0.325085 0.260135 -0.00526953 0.00184939 0.00147033
0.128204 0.232392 0.372356 -0.00564961 0.00284014 0.00166086
0.128594 0.260474 0.324246 -0.00510708 0.00260811 0.00140375
0.097626 0.372409 0.242643 -0.005314 0.00189761 0.00140375
0.089321 0.343299 0.230594 -0.0047879 0.00107476 0.00103326
0.110479 0.241909 0.299841 -0.00600668 0.00272608 0.00133813
0.102658 0.27316 0.276629 -0.00616472 0.00245969 0.00123346
0.0916027 0.317675 0.280324 -0.00582954 0.00158602 0.0010544
0.094855 0.261333 0.320315 -0.00627023 0.00209776 0.00123346
0.0972245 0.257268 0.262802 -0.00632558 0.00224133 0.00126137
0.0830655 0.338805 0.237179 -0.00564053 0.00124741 0.00119568
0.105591 0.289944 0.327951 -0.00632129 0.00227353 0.00150465
0.117391 0.272847 0.301946 -0.00671615 0.00239343 0.00170015
0.0972903 0.356645 0.254756 -0.00615968 0.00243671 0.00160509
0.105769 0.273661 0.312351 -0.00652604 0.00224661 0.00151207
0.124418 0.263903 0.265838 -0.00682374 0.00286968 0.00155646
0.115211 0.375198 0.248878 -0.00702215 0.00274426 0.00158722
0.116443 0.315835 0.307498 -0.0070125 0.00295367 0.00161686
0.135821 0.254525 0.338832 -0.00721396 0.00328522 0.00168617
0.135176 0.266082 0.306134 -0.00796324 0.00367769 0.00177658
0.126334 0.307571 0.315816 -0.00758409 0.00333873 0.00193701
0.129066 0.251957 0.337326 -0.00765112 0.00356559 0.001887
0.128301 0.229769 0.285165 -0.00701337 0.00423446 0.00189338
0.12219 0.31272 0.282356 -0.00720152 0.00316959 0.00205559
0.134909 0.28076 0.341855 -0.00802418 0.00353419 0.00179534
0.120192 0.321721 0.25708 -0.00720239 0.00265028 0.00197921
0.108012 0.321122 0.282537 -0.00750147 0.00273463 0.00166482
0.134114 0.234399 0.388957 -0.00873078 0.00342326 0.00185802
0.127778 0.301772 0.303152 -0.00800245 0.00350871 0.0018321
0.124882 0.297513 0.3457 -0.00836394 0.00342793 0.00173483
0.14976 0.201886 0.452909 -0.0102076 0.00449937 0.00193972
0.128722 0.292795 0.353114 -0.00926712 0.00384603 0.0017725
0.117497 0.286628 0.331711 -0.0080263 0.0031126 0.00171669
0.120179 0.219279 0.272496 -0.00588907 0.00309271 0.00197497
0.117838 0.249676 0.333141 -0.00809968 0.00358161 0.00209641
0.120072 0.338547 0.323305 -0.00822432 0.00365102 0.00194779
0.126355 0.322376 0.354138 -0.00835503 0.00381964 0.00208577
0.137082 0.267328 0.391578 -0.00948002 0.0040534 0.00223708
0.121479 0.335796 0.380871 -0.00977278 0.00373363 0.00198989
0.130863 0.300314 0.416448 -0.0100407 0.00312687 0.00166482
0.152023 0.219706 0.495754 -0.0117117 0.00429346 0.0020863
0.13196 0.289697 0.411103 -0.0113137 0.00394887 0.00202651
0.124471 0.275017 0.410378 -0.0107141 0.0032014 0.00184236
0.14681 0.208237 0.478096 -0.0119298 0.00433438 0.00198237
0.13743 0.270306 0.393855 -0.010843 0.0040359 0.00200458
0.124254 0.286154 0.364967 -0.00966317 0.00339338 0.00177881
0.142841 0.2329 0.445121 -0.0104883 0.00354895 0.00185463
0.140635 0.291338 0.383468 -0.0103896 0.0037614 0.00166482
0.115892 0.332884 0.385419 -0.0102008 0.00308862 0.00166482
0.143232 0.281677 0.426674 -0.0105569 0.00327592 0.00197062
0.15145 0.230258 0.464802 -0.0116774 0.00429546 0.00192459
0.118883 0.325167 0.402252 -0.0116318 0.00298886 0.00184014
0.127377 0.25182 0.446079 -0.0114871 0.0037211 0.00166482
0.139537 0.204908 0.460325 -0.0120629 0.00462129 0.00166482
0.11368 0.311116 0.391154 -0.0114389 0.00397566 0.00190923
0.123017 0.245365 0.461593 -0.0114786 0.0035838 0.00190409
0.135042 0.204635 0.490498 -0.0117174 0.00440745 0.00188386
0.11758 0.298421 0.405772 -0.0112331 0.00362607 0.00191392
0.127393 0.26736 0.427799 -0.0111124 0.0030935 0.00166482
0.128101 0.222769 0.47123 -0.0114972 0.00397877 0.00187961
0.109406 0.349643 0.384323 -0.0113888 0.00340604 0.00198058
0.114895 0.27777 0.429752 -0.0110697 0.00347031 0.00166482
0.139917 0.222612 0.51699 -0.0127169 0.00459891 0.00182421
0.125492 0.292249 0.444972 -0.0121238 0.0037417 0.00191114
0.109082 0.271759 0.425918 -0.0113544 0.00306769 0.00176002
0.110589 0.239809 0.467071 -0.0113783 0.00378143 0.00176922
0.12101 0.241076 0.473635 -0.012076 0.00392369 0.00225652
0.121826 0.305828 0.449745 -0.0122995 0.00331321 0.00211079
0.126622 0.251285 0.449037 -0.0117955 0.00320855 0.00202338
0.133229 0.215542 0.474269 -0.0126798 0.00395544 0.00212232
0.116876 0.292198 0.433423 -0.0124839 0.00306071 0.00217525
0.132707 0.25915 0.458683 -0.0122792 0.00376677 0.00188251
0.141554 0.217386 0.474723 -0.012934 0.00454319 0.00189963
0.117799 0.314249 0.393934 -0.0122489 0.0032727 0.0020231
0.114324 0.277255 0.436709 -0.0121215 0.0032727 0.00184913
0.117348 0.218827 0.502423 -0.012225 0.00388673 0.00197616
0.112304 0.293069 0.391172 -0.0115634 0.00351505 0.00184913
0.11103 0.245379 0.41525 -0.010939 0.00272283 0.0016988
0.110468 0.186035 0.486225 -0.0111159 0.00275244 0.00198855
0.104752 0.293719 0.413492 -0.0104653 0.00234066 0.00223182
0.101642 0.289698 0.398429 -0.0100255 0.00210562 0.00166215
0.112523 0.224008 0.506378 -0.0116756 0.00385133 0.00213887
0.112469 0.278574 0.441623 -0.0116527 0.00324574 0.0019555
0.112299 0.303268 0.470834 -0.0110792 0.00270322 0.00177183
0.125231 0.24772 0.493612 -0.0112586 0.00321559 0.0016685
0.118688 0.219883 0.473601 -0.0121212 0.00369261 0.00177345
0.10078 0.28997 0.46091 -0.0118792 0.00323547 0.00213887
0.116336 0.240395 0.465623 -0.011325 0.00354976 0.00170861
0.116497 0.198257 0.460328 -0.0114531 0.00349242 0.00205038
0.106527 0.28433 0.419422 -0.0111773 0.00336297 0.00186216
0.120645 0.225216 0.460449 -0.01174 0.00275617 0.00194158
0.127801 0.190118 0.440347 -0.0116496 0.00351465 0.0020426
0.11189 0.286036 0.41976 -0.0117495 0.00286246 0.0023271
0.120604 0.276508 0.466267 -0.0119823 0.00286246 0.00209962
0.143616 0.200466 0.533384 -0.0130097 0.00394906 0.00229741
0.120772 0.303933 0.457123 -0.0134663 0.00248626 0.00243895
0.119005 0.2772 0.446389 -0.0124302 0.00271702 0.00236372
0.141558 0.179269 0.505326 -0.013144 0.00361536 0.00254202
0.127551 0.268429 0.441334 -0.012837 0.00369079 0.00261105
0.134181 0.254881 0.496873 -0.0129905 0.00361536 0.00254202
0.149737 0.165697 0.549151 -0.0140098 0.00410022 0.00254202
0.129598 0.288009 0.463108 -0.0131528 0.00345651 0.0026353
0.126635 0.284081 0.463936 -0.0125876 0.00276711 0.00240513
0.141865 0.191543 0.531551 -0.0137144 0.00436281 0.00254202
0.144903 0.258439 0.4556 -0.0135703 0.00379894 0.00254202
0.12824 0.279917 0.461908 -0.0127314 0.00328646 0.00254202
0.13735 0.151849 0.497153 -0.0146901 0.00407974 0.00293519
0.139736 0.190697 0.448084 -0.0145026 0.00407656 0.00294551
0.127784 0.234755 0.410955 -0.0140283 0.00401684 0.00293609
0.137456 0.272847 0.482435 -0.0137241 0.00441596 0.00278159
0.143417 0.215278 0.612901 -0.0152637 0.00457872 0.00254202
0.140614 0.235926 0.533057 -0.0148944 0.00412911 0.00248581
0.132937 0.254413 0.524994 -0.0140369 0.00382355 0.00254202
0.134878 0.230423 0.537389 -0.0140484 0.0036598 0.00235733
0.149337 0.190486 0.569574 -0.0143783 0.00412106 0.00240374
0.143075 0.280498 0.463157 -0.0134277 0.00315043 0.00261767
0.131802 0.245295 0.520765 -0.0136307 0.00366572 0.00254202
0.141198 0.201851 0.574521 -0.0143539 0.00384733 0.00254202
0.14348 0.22686 0.546527 -0.0144634 0.0041644 0.00254202
0.12915 0.308732 0.512982 -0.0137886 0.00366572 0.00254202
0.128503 0.271754 0.530903 -0.0132447 0.00318385 0.00240035
0.13445 0.199728 0.582231 -0.0142483 0.00442453 0.00254202
0.129388 0.299736 0.469167 -0.013393 0.00352173 0.0026005
0.120109 0.269506 0.45139 -0.0122554 0.00319755 0.0021602
0.129799 0.213561 0.226699 -0.00817046 0.00264503 0.00263704
0.181067 0.197403 0.293425 -0.00798811 0.00190832 0.00380687
0.159628 0.202377 0.50556 -0.0120692 0.00372374 0.00375133
0.13452 0.286917 0.441253 -0.0123397 0.00372374 0.00331501
0.127841 0.330876 0.451275 -0.0124025 0.00375123 0.00287394
0.143619 0.263837 0.552999 -0.0137481 0.00454417 0.00307469
0.144786 0.283681 0.503592 -0.0133375 0.00453919 0.00287394
0.125071 0.329756 0.459095 -0.0122455 0.00387001 0.00268689
0.141781 0.265018 0.559425 -0.0134518 0.00428103 0.00297185
0.146398 0.21477 0.567503 -0.0139578 0.00428103 0.00303862
0.132399 0.304638 0.477694 -0.0130312 0.00379019 0.00310996
0.134297 0.248494 0.496701 -0.0131892 0.00390069 0.00287395
0.141221 0.158664 0.57259 -0.0143271 0.00460609 0.0029681
0.137962 0.259774 0.488153 -0.013751 0.00419304 0.00287395
0.126074 0.284348 0.47825 -0.0132354 0.00376434 0.00296494
0.143029 0.228195 0.56745 -0.014227 0.00411512 0.00308172
0.146215 0.213426 0.584848 -0.014857 0.00485329 0.00308001
0.132283 0.330004 0.504822 -0.0132333 0.00436768 0.00287395
0.139977 0.287594 0.540347 -0.0136658 0.00378305 0.00287395
0.139295 0.206307 0.587333 -0.0148546 0.00521657 0.00287395
0.143729 0.270147 0.514444 -0.0146535 0.00468934 0.00279682
0.133463 0.311494 0.525682 -0.0142481 0.00436508 0.00302642
0.137885 0.254042 0.566359 -0.0147082 0.00448848 0.00287394
0.151304 0.195367 0.615381 -0.0160913 0.00555615 0.00287395
0.133869 0.296083 0.501651 -0.0143829 0.00461418 0.00287395
0.121619 0.245237 0.549457 -0.0148213 0.0042613 0.00257839
0.145622 0.175861 0.627607 -0.0163768 0.00543876 0.00278656
0.132386 0.255809 0.530798 -0.0160309 0.00486223 0.00239611
0.12446 0.274915 0.507564 -0.0142428 0.00434724 0.00260209
0.141477 0.226766 0.629646 -0.0162004 0.00486223 0.0025412
0.132746 0.252796 0.610851 -0.0159819 0.00494107 0.00266187
0.114964 0.311595 0.511567 -0.0142906 0.00408302 0.00273146
0.134553 0.262134 0.553306 -0.0142651 0.00445153 0.00273228
0.142585 0.241208 0.652907 -0.0156525 0.00520411 0.00239611
0.124919 0.300549 0.539843 -0.0149254 0.00454172 0.00274691
0.12674 0.251338 0.573023 -0.0150044 0.00436975 0.00239611
0.131059 0.210319 0.548423 -0.0156612 0.00425866 0.00239611
0.0930199 0.257544 0.263345 -0.0169988 0.00230838 0.00176849
0.103535 0.152787 0.355456 -0.0160975 0.00270436 0.00192356
0.103641 0.123301 0.481109 -0.0160311 0.00400502 0.00241343
0.104188 0.21418 0.380673 -0.0154508 0.00365737 0.00283975
0.103769 0.220745 0.44317 -0.0156108 0.00414106 0.00251563
0.103623 0.181302 0.557886 -0.0173272 0.00473632 0.00266439
0.0932041 0.253549 0.478113 -0.0161649 0.00426835 0.00262662
0.103921 0.261708 0.490842 -0.0163208 0.00448016 0.00248749
0.0975604 0.17142 0.574405 -0.0174525 0.00535259 0.00286222
0.0993039 0.257088 0.519214 -0.0168004 0.0054227 0.00281238
0.105423 0.239458 0.557398 -0.0171156 0.00488377 0.00296746
0.104103 0.155712 0.562341 -0.0176798 0.00556893 0.00307625
0.102613 0.290716 0.486073 -0.01642 0.00445105 0.00313313
0.0979642 0.23384 0.553286 -0.0171952 0.00537144 0.00265785
0.102092 0.142185 0.620961 -0.0180109 0.00654634 0.00280814
0.0868069 0.247468 0.533867 -0.0175526 0.00569284 0.00277307
0.0956172 0.249585 0.564736 -0.0165898 0.00496663 0.00255399
0.10135 0.176852 0.644834 -0.0178868 0.00556638 0.00310568
0.0795566 0.289924 0.53767 -0.0173218 0.00481259 0.00272452
0.0933455 0.271678 0.57206 -0.0166902 0.00481687 0.00265785
0.093231 0.197352 0.641449 -0.0175625 0.00581878 0.0030448
0.0816503 0.240551 0.629396 -0.0187819 0.00592619 0.00285858
0.0933768 0.276201 0.563329 -0.0156371 0.00550754 0.00300423
0.0913825 0.203933 0.653036 -0.0174377 0.00553616 0.00277686
0.0918158 0.164548 0.626712 -0.018321 0.00609849 0.00292057
0.0949004 0.25071 0.589499 -0.0178389 0.00561183 0.00291239
0.0955465 0.235044 0.58243 -0.0173541 0.00557847 0.00281338
0.102088 0.14859 0.642653 -0.018333 0.00630325 0.00289834
0.0906035 0.239407 0.558587 -0.0176442 0.00639305 0.00307172
0.0982905 0.264596 0.564606 -0.0176122 0.0052022 0.00265786
0.103288 0.178683 0.662664 -0.0193844 0.00622211 0.00265786
0.101479 0.228765 0.560208 -0.01864 0.00628276 0.00303128
0.0915018 0.290499 0.550616 -0.0175007 0.00539887 0.00274408
0.102935 0.191022 0.646635 -0.0193103 0.00556022 0.00265786
0.102253 0.175495 0.621712 -0.0190864 0.00622693 0.00293563
0.0877094 0.275246 0.581381 -0.0182542 0.00559615 0.00265786
0.0917065 0.197697 0.638217 -0.018797 0.00593241 0.00271471
0.102059 0.153959 0.616664 -0.0190315 0.00595937 0.00307238
0.103605 0.265302 0.544581 -0.0178206 0.00597736 0.00304933
0.10337 0.222338 0.589534 -0.0174618 0.00552373 0.00291175
0.0979452 0.159206 0.688242 -0.0192334 0.00660551 0.00318196
0.0966384 0.252308 0.627528 -0.0187334 0.0057031 0.00304499
0.0803389 0.265135 0.580425 -0.0173552 0.0046134 0.00265786
0.106173 0.219743 0.624863 -0.0182913 0.00535557 0.00265786
0.102961 0.194755 0.589523 -0.0182522 0.00581686 0.00281668
0.0954981 0.270061 0.563545 -0.0178508 0.00580961 0.00297379
0.101413 0.217062 0.591123 -0.0174108 0.00583049 0.00265786
0.108767 0.144644 0.632286 -0.01961 0.00680174 0.00310818
0.0950557 0.256394 0.539561 -0.0187316 0.00622287 0.00265786
0.0933608 0.223343 0.593151 -0.0179763 0.00552708 0.00265786
0.101253 0.163195 0.60428 -0.0183515 0.00692859 0.00297811
0.0884955 0.249638 0.529108 -0.0177507 0.00620298 0.00265786
0.0879939 0.224791 0.565777 -0.0172584 0.00585623 0.00265786
0.0984115 0.159086 0.640935 -0.0191052 0.00617254 0.00265786
0.0896011 0.253648 0.535851 -0.0187667 0.00613553 0.00282164
0.0829036 0.254762 0.574547 -0.0185404 0.00521293 0.00265786
0.0955058 0.198274 0.616047 -0.0185016 0.00610204 0.00265786
0.0934177 0.170635 0.643306 -0.0196133 0.00705416 0.00302798
0.082639 0.241538 0.583993 -0.0192723 0.00645189 0.00279226
0.0851641 0.216941 0.585394 -0.0180906 0.00582374 0.00265786
0.0852671 0.166864 0.659675 -0.0188503 0.00698894 0.00296186
0.0766498 0.257707 0.574636 -0.0181864 0.00638804 0.00283899
0.0881814 0.266838 0.588287 -0.0180818 0.00591115 0.00265786
0.0875945 0.193026 0.632706 -0.0178247 0.00642375 0.00265786
0.0626462 0.109476 0.489853 -0.0174521 0.00705373 0.00170822
0.0445066 0.249218 0.419784 -0.0166159 0.00630579 0.00222138
0.0443263 0.338915 0.493167 -0.0174333 0.00676717 0.00225256
0.0466875 0.290481 0.565084 -0.017973 0.00672197 0.0025607
0.0424602 0.230604 0.562922 -0.0172838 0.00679531 0.00230893
0.0421969 0.157825 0.631026 -0.0185887 0.00689032 0.00230892
0.0278234 0.192148 0.536857 -0.0171771 0.00627429 0.00230892
0.0424632 0.229033 0.567744 -0.0173361 0.00648843 0.00230893
0.036635 0.192327 0.60834 -0.0182369 0.00654604 0.00188783
0.0295854 0.16596 0.64613 -0.0183638 0.00700151 0.00182754
0.0284106 0.270293 0.575048 -0.0178813 0.007017 0.0021644
0.0338962 0.265817 0.603335 -0.0179744 0.00654864 0.00227589
0.0418516 0.235656 0.672863 -0.0185957 0.00691273 0.00209561
0.0223398 0.291326 0.606354 -0.0186163 0.00678358 0.00229185
0.023508 0.308833 0.566188 -0.0175628 0.00607503 0.00182754
0.0255816 0.238948 0.654151 -0.01791 0.00602305 0.00182754
0.0184418 0.200259 0.613684 -0.0180297 0.00668697 0.00202192
0.0117229 0.28002 0.56006 -0.0179119 0.0064633 0.00182754
0.0110843 0.217635 0.618228 -0.0181381 0.00721409 0.00180899
0.0134156 0.168399 0.648585 -0.019183 0.00746023 0.0021164
-0.00102643 0.291929 0.55665 -0.0178676 0.00673792 0.00177566
0.0105182 0.258629 0.576691 -0.0170491 0.00637702 0.00173907
0.00821653 0.196859 0.671633 -0.0185101 0.00721625 0.00218352
0.00184702 0.219673 0.690074 -0.0190231 0.00702897 0.00195507
-0.00865456 0.342432 0.589601 -0.0176258 0.00597311 0.00147486
0.00715374 0.345028 0.520129 -0.0140309 0.00572712 0.0017959
0.0265573 0.260489 0.511674 -0.0134836 0.00594887 0.00165982
0.0254474 0.259526 0.55266 -0.0149904 0.00643603 0.00152652
0.00687204 0.219221 0.653621 -0.0171328 0.00747043 0.00215727
0.00104977 0.318825 0.598283 -0.0179335 0.00668549 0.00195337
0.00443355 0.309956 0.570352 -0.0175435 0.00638306 0.00208501
0.00258977 0.241278 0.651484 -0.0190411 0.00700174 0.00189189
0.00496621 0.236796 0.622056 -0.0184822 0.00747523 0.00178805
-0.00132243 0.311069 0.619633 -0.0185647 0.0073447 0.00172746
0.00565358 0.250822 0.644468 -0.0184348 0.00679754 0.00181141
0.00641805 0.20249 0.649721 -0.019291 0.00732967 0.00181176
-0.00508104 0.301837 0.588121 -0.0188779 0.00672411 0.0017531
-0.00152314 0.257152 0.633679 -0.0194224 0.0070343 0.00160752
0.00547403 0.190187 0.713812 -0.0201221 0.00733063 0.00211202
-0.0104848 0.268848 0.64076 -0.0195533 0.00711253 0.00192032
-0.0127327 0.304687 0.607053 -0.0186854 0.00664684 0.00168225
0.00369797 0.24834 0.675359 -0.0191994 0.00686195 0.00192687
0.00499567 0.239904 0.674076 -0.0194286 0.00774988 0.00216685
-0.00307883 0.314125 0.633369 -0.0189879 0.00751573 0.00192609
0.0103526 0.286877 0.643648 -0.0192341 0.00687174 0.00173221
0.00349335 0.214645 0.6737 -0.0190708 0.00738675 0.00189027
-0.00381566 0.291185 0.577821 -0.0188912 0.00750028 0.00178424
-0.00861547 0.256706 0.601423 -0.0183514 0.00711487 0.00169796
0.00493184 0.194736 0.692974 -0.0190033 0.00750122 0.00200974
-0.00600041 0.267923 0.618676 -0.0193426 0.0072112 0.0020969
-0.00685644 0.29127 0.616003 -0.0188058 0.0067901 0.0017314
-5.24e-06 0.236033 0.672142 -0.0191137 0.00672192 0.00187552
0.00596071 0.21304 0.662598 -0.0187051 0.00774013 0.00215664
-0.0116728 0.312531 0.580237 -0.0188993 0.00721829 0.00180237
-0.00779679 0.252187 0.633964 -0.0182821 0.00685607 0.00139962
-0.0204882 0.197819 0.747485 -0.0188779 0.00715377 0.00211885
-0.0442127 0.310117 0.630081 -0.0181412 0.00674111 0.00211524
-0.0414693 0.304293 0.579984 -0.0176538 0.00598429 0.00158328
-0.0285793 0.241868 0.667776 -0.0189126 0.00669169 0.00171516
-0.0205227 0.224589 0.711386 -0.0189341 0.00669169 0.00209258
-0.0356485 0.290685 0.614362 -0.0183074 0.0066917 0.0019535
-0.0376924 0.274011 0.641333 -0.01927 0.00591541 0.00182502
-0.0337446 0.209138 0.711671 -0.0191979 0.00675388 0.00212967
-0.0432543 0.325655 0.650722 -0.0184563 0.00641752 0.00187534
-0.0558269 0.307961 0.607047 -0.0176551 0.00621613 0.00134588
-0.0392861 0.258075 0.705552 -0.0187643 0.00681248 0.00169589
-0.0372093 0.250933 0.674532 -0.0187418 0.00672628 0.00203433
-0.0391664 0.319561 0.611593 -0.0183197 0.00687163 0.00176931
-0.0481632 0.274863 0.664855 -0.0185094 0.00619911 0.0017201
-0.0422958 0.228708 0.734548 -0.0194124 0.00697789 0.0019387
-0.0397495 0.322961 0.645691 -0.0190912 0.00636346 0.00194435
-0.0482598 0.288406 0.627306 -0.0183222 0.00641525 0.00179148
-0.029353 0.249122 0.73645 -0.0194793 0.00689337 0.00193456
-0.0304399 0.27196 0.721922 -0.0195834 0.00724334 0.00189609
-0.0507346 0.318461 0.632002 -0.0185413 0.00638671 0.00189608
-0.0425751 0.270099 0.721646 -0.0194661 0.00657339 0.00189609
-0.042002 0.266886 0.744284 -0.0199442 0.00735286 0.00207983
-0.0482581 0.329401 0.668272 -0.0196632 0.00728476 0.00189609
-0.0515709 0.270636 0.708456 -0.019931 0.00657701 0.00189609
-0.0487783 0.235487 0.750582 -0.0199686 0.0070304 0.00228791
-0.0600801 0.337337 0.648078 -0.0197217 0.00674789 0.00189609
-0.0627718 0.307479 0.648209 -0.0195552 0.00667639 0.001745
-0.0493758 0.24721 0.764133 -0.0200802 0.00693263 0.00223544
-0.0582388 0.313727 0.68164 -0.0197466 0.00663451 0.0021283
-0.065013 0.29845 0.664683 -0.0197527 0.00665777 0.00168589
-0.0492093 0.256092 0.740563 -0.0198763 0.00646978 0.00189609
-0.0433514 0.251411 0.756881 -0.0206511 0.00692997 0.00189609
-0.0735451 0.337751 0.662298 -0.0197331 0.00673758 0.00170817
-0.0635342 0.291291 0.733577 -0.0201128 0.00669086 0.00163665
-0.0572037 0.253256 0.776258 -0.019993 0.00696225 0.00189608
-0.068084 0.32196 0.669528 -0.0177549 0.00639024 0.00159736
-0.0663392 0.316775 0.617271 -0.0174418 0.00542356 0.00136247
-0.0545116 0.235901 0.750524 -0.0192735 0.00616072 0.00163144
-0.0631534 0.304341 0.694313 -0.0187989 0.00613808 0.00175208
-0.0758657 0.355942 0.638804 -0.0179708 0.00557644 0.00152871
-0.0679168 0.290067 0.715261 -0.0184975 0.0052695 0.00136247
-0.0655372 0.25917 0.685114 -0.018568 0.00611117 0.00155968
-0.076581 0.333781 0.646378 -0.0181645 0.00621308 0.00145771
-0.0764624 0.2918 0.660329 -0.0175613 0.00561272 0.00136247
-0.0649159 0.232597 0.761447 -0.0194082 0.00715841 0.00176686
-0.0802896 0.30305 0.654702 -0.0187287 0.0068161 0.00174375
-0.0743141 0.314357 0.627912 -0.0177809 0.00584878 0.00146451
-0.0652464 0.274171 0.724843 -0.0189993 0.00643119 0.00176652
-0.0619933 0.274348 0.690946 -0.0185461 0.00646528 0.00195437
-0.043915 0.313393 0.578879 -0.0180682 0.00550107 0.00161247
-0.0285807 0.281292 0.55058 -0.0174847 0.00498974 0.00145328
-0.0314807 0.235319 0.740492 -0.0188929 0.00637446 0.00171231
-0.0643944 0.296905 0.639658 -0.0184397 0.00671378 0.00155562
-0.0723132 0.294091 0.607137 -0.0182033 0.00604668 0.00136247
-0.0617709 0.246991 0.723566 -0.019334 0.00624883 0.0016754
-0.068183 0.246907 0.715387 -0.0196698 0.00662384 0.00184648
-0.082935 0.342543 0.633875 -0.01875 0.00634352 0.00153098
-0.0767602 0.31083 0.653458 -0.0183199 0.00547743 0.00136247
-0.0588204 0.2565 0.728644 -0.0191448 0.00609316 0.00183231
-0.075735 0.350382 0.668234 -0.0196529 0.00622971 0.00136247
-0.0888163 0.343323 0.632796 -0.0187492 0.00572419 0.00136247
-0.0772869 0.2697 0.732019 -0.0200991 0.00599279 0.00147423
-0.0759403 0.249167 0.763337 -0.0209375 0.00651323 0.00149296
-0.0835492 0.327786 0.645336 -0.0194726 0.00638335 0.00149023
-0.0828975 0.27969 0.675628 -0.019792 0.00562047 0.00136247
-0.075514 0.235804 0.747571 -0.019994 0.00653278 0.00175064
-0.0846265 0.325159 0.641994 -0.0195997 0.00636397 0.00147236
-0.0815246 0.311208 0.669315 -0.0194375 0.00576889 0.00136247
-0.0741445 0.260736 0.740598 -0.0194329 0.00595595 0.00143656
-0.0785048 0.353002 0.648762 -0.0195819 0.0058538 0.00151228
-0.0887318 0.328073 0.65463 -0.0199089 0.00576889 0.00136247
-0.0740921 0.244835 0.763171 -0.0207159 0.00634154 0.00160965
-0.0788265 0.29941 0.678272 -0.0213672 0.00679762 0.00167239
-0.0949597 0.31594 0.64834 -0.0207432 0.00638596 0.00169063
-0.0899002 0.253873 0.719209 -0.0209542 0.00611141 0.00172757
-0.0925264 0.25013 0.72765 -0.0210971 0.00672637 0.00173244
-0.100856 0.306339 0.683696 -0.0207056 0.00658071 0.00185127
-0.0858304 0.291965 0.711123 -0.0207578 0.00596494 0.00173192
-0.0851877 0.246205 0.747997 -0.0212224 0.00619939 0.00170073
-0.0893387 0.343859 0.685739 -0.0209638 0.00605469 0.00152025
-0.0948546 0.339637 0.667976 -0.0209447 0.0055206 0.00161247
-0.0860934 0.245871 0.749932 -0.0215299 0.00668895 0.00155748
-0.085944 0.260455 0.697966 -0.0213861 0.00673083 0.00162922
-0.0992416 0.330363 0.659637 -0.0211265 0.0062766 0.00170942
-0.0984857 0.268773 0.732957 -0.0212654 0.00630606 0.00153767
-0.101938 0.253845 0.760524 -0.0212587 0.00695261 0.00187645
-0.108479 0.344102 0.679742 -0.0217045 0.00663646 0.001457
-0.103151 0.281604 0.732211 -0.021264 0.00648573 0.00157424
-0.106423 0.234174 0.789564 -0.0219106 0.00691633 0.00181853
-0.115754 0.341079 0.703145 -0.0213112 0.00639827 0.00181799
-0.126315 0.321953 0.65876 -0.0202911 0.0055669 0.00174978
-0.109482 0.26679 0.78228 -0.0212924 0.00566335 0.00223431
-0.114922 0.226348 0.794325 -0.0220277 0.00758892 0.00221738
-0.0853514 0.302559 0.746799 -0.0199222 0.00653957 0.00238375
-0.102174 0.399106 0.706538 -0.0195679 0.00616319 0.00192295
-0.118528 0.423359 0.674277 -0.0204847 0.00644853 0.00174922
-0.113155 0.354769 0.68272 -0.0205959 0.00625621 0.00167185
-0.103017 0.248891 0.776542 -0.0201392 0.00606316 0.00184366
-0.103664 0.248116 0.760781 -0.0205965 0.00650842 0.00136247
-0.121319 0.285045 0.697551 -0.0198676 0.00628943 0.00169229
-0.11744 0.241786 0.714561 -0.0195932 0.00642181 0.00154795
-0.103772 0.208706 0.777951 -0.0202796 0.00651381 0.00178606
-0.102734 0.24402 0.800835 -0.0213116 0.00592133 0.00172537
-0.101998 0.306722 0.770986 -0.0212934 0.00607453 0.00183302
-0.106931 0.275036 0.756448 -0.0200434 0.00648586 0.00170782
-0.101701 0.236745 0.823017 -0.0203264 0.00671949 0.00174132
-0.119364 0.354859 0.702685 -0.0212263 0.00631885 0.0016948
-0.107809 0.357705 0.71198 -0.0213845 0.00601652 0.00147928
-0.0984826 0.239336 0.769472 -0.021174 0.00634747 0.00179423
-0.101024 0.190577 0.717688 -0.0213322 0.00657909 0.00161121
-0.107701 0.302258 0.72634 -0.0210266 0.00572919 0.00150735
-0.107464 0.277359 0.739739 -0.0211395 0.00601214 0.00161247
-0.0952597 0.197103 0.774133 -0.0211883 0.00664059 0.0015622
-0.10966 0.330608 0.717992 -0.0210787 0.00625399 0.00161247
-0.125517 0.330074 0.696921 -0.0207562 0.00612223 0.00136247
-0.102894 0.248696 0.793511 -0.0208766 0.00632825 0.00166442
-0.10354 0.23931 0.833997 -0.0217397 0.00582915 0.00195219
-0.124445 0.368745 0.667149 -0.0209319 0.00674502 0.00117197
