0.00028452 0.0934904 0.12569 -0.00091956 6.609e-05 0.00016272
0.00043152 0.11921 0.138555 -0.00084401 0 0.00022989
-0.00279448 0.127828 0.163788 -0.00090336 0 0.00042895
-0.00512764 0.120943 0.183784 -0.000993 0 0.00025842
-0.00962852 0.119673 0.183452 -0.0008095 0 0.00019706
0.00025014 0.104926 0.183482 -0.00083283 0 0.00013385
-0.00441001 0.022073 0.160162 -0.00044172 0 0
0 0.0918976 0.10502 -0.0008113 0 0
-0.00537233 0.235904 0.135008 -0.00080124 0 0.00040899
0.00062566 0.221473 0.168315 -0.00097556 0 0.0003089
0 0.115267 0.187536 -0.00078199 0 0
0 0.126539 0.154622 -0.00049962 0 0
0.00038185 0.190821 0.169823 -0.00046689 0 0.00019437
-0.00335458 0.0892999 0.195216 -0.0008191 0 0.00012857
-0.0117838 0.0283565 0.203148 -0.00075162 0 0.00011854
0.00026789 0.138437 0.156194 -0.00053578 0 0.00013956
0.00035914 0.125574 0.20459 -0.00062133 0 0.00019084
0 0.065506 0.212695 -0.00086213 0 0
-0.00327369 0.15949 0.20942 -0.00076331 0 0.00014314
0.00011494 0.143415 0.248456 -0.00082798 0 5.94e-05
-0.00418326 0.103215 0.218425 -0.00059289 0 0.00015501
-0.00680466 0.0367258 0.17671 -0.00046585 0 8.862e-05
0.00043449 0.16876 0.158866 -0.00047834 0 0.00021943
0.00089854 0.180654 0.185883 -0.00054362 0.00011763 0.00045663
0.00045919 0.128095 0.187729 -0.00037005 0.00011356 0.00023908
0 0.0599819 0.180239 -0.0004251 0 0
-0.00268042 0.0278188 0.069497 0.0008581 0 0.00011011
0.00050222 0.0981204 0.106203 0.00041978 0 0.00026368
-0.00369194 0.117848 0.164825 3.851e-05 0 0.00011494
-0.00645913 0.0599279 0.122027 0.00076282 0 0.00020281
0.0048794 0.0348133 0.0817622 0.00092284 0.0001865 0.00030383
0.00084844 0.116792 0.101888 0.00099914 0.0001515 0.00045617
0.00591853 0.130974 0.140124 0.00096433 0.00023205 0.00051523
0.0152406 0.0594612 0.14275 0.00115192 0.00026946 0.00050746
0.00074841 0.00678505 0.130991 0.00107436 0.00028797 0.00042764
0.00011031 -0.0198393 0.0677252 0.00106579 0 6.157e-05
0.00554722 0.0891924 0.097988 0.00098603 0.00028134 0.0005357
0.00670591 0.090616 0.1101 0.00117788 0.00029591 0.00043933
0.00055056 0.00561714 0.0776889 0.00089419 0 0.00030218
0.00627965 0.065521 0.0293153 0.00045877 0.00021212 0.00046315
0.00925561 0.24851 0.0892739 0.0007193 0.00020896 0.00036196
0.0100512 0.198701 0.116588 0.00098997 0.0003561 0.00056646
0.00051859 0.0231825 0.0841272 0.00110025 0 0.00028417
0.0109876 0.0506831 0.137188 0.00083033 0.00039925 0.00058298
0.0147707 0.0390817 0.153675 0.00072153 0.00057033 0.00063449
0.00411392 -0.0538476 0.0845832 0.00124931 0.00026255 0.00041478
0.0121983 0.0597921 0.09522 0.00104307 0.00040291 0.00059619
0.0128663 0.135683 0.148138 0.00104931 0.00048423 0.00062829
0.0153436 0.131214 0.15257 0.0010279 0.00051683 0.0006164
0.0164359 0.11754 0.155791 0.00096196 0.00058332 0.00060206
0.00855692 0.00403473 0.113121 0.00139368 0.00031632 0.00032601
0.00853483 0.0994949 0.141989 0.00103217 0.00023782 0.00058498
0.0122468 0.133642 0.168968 0.00096671 0.00041434 0.00062933
0.0103908 0.0662283 0.161891 0.00100902 0.00026358 0.00060642
0.00522873 -0.00920956 0.119029 0.00138995 0.00019135 0.00026238
0.0113142 0.10673 0.168851 0.00091604 0.00038503 0.00057196
0.0109412 0.0954221 0.187694 0.00072897 0.00045851 0.00058615
0.0074855 0.0153215 0.111187 0.0012289 0.00044622 0.00014696
0.0164848 0.108661 0.130384 0.00133191 0.00074239 0.00060712
0.0162183 0.132756 0.170641 0.00075735 0.00049655 0.00053449
0.0113484 0.1004 0.19096 0.00019407 0.00050248 0.00061593
0.00554298 0.00757262 0.121012 0.00131053 0.00038869 0.00041001
0.0105172 0.130359 0.148313 0.00105778 0.00047361 0.00058209
0.0106386 0.146087 0.188932 0.00080206 0.00051675 0.0006097
0.0134533 0.109233 0.190371 0.00074048 0.00074239 0.0006659
0.0106462 0.0334521 0.171032 0.00081277 0.0002827 0.0004772
0.00052238 0.0039779 0.107338 0.00111756 6.71e-05 0.00028648
0.00789865 0.139074 0.162597 0.00118204 0.00043214 0.00060679
0.00961 0.1094 0.186614 0.00095002 0.0004804 0.00064747
0.00784192 0.0398853 0.0785808 0.00112848 0.00027496 0.00058553
0.00080796 -0.00197182 0.0785288 0.0010885 0.00017239 0.00045157
-0.00451213 0.0064168 0.0822171 0.00104946 -6.062e-05 0.00046521
0.00106065 0.0907297 0.0945621 0.0011409 0.00015255 0.00056194
-0.0138601 0.0429402 0.0774939 0.00123986 7.974e-05 0.00053344
0.00079733 0.130704 0.0254325 0.00133054 0.00031251 0.00044396
0.0101162 0.207794 0.111986 0.00071615 0.00017856 0.00062936
0.00582782 0.160935 0.163824 0.00094903 0.000309 0.00061346
0.00661787 0.0760464 0.18223 0.0008899 0.00023459 0.00050423
0.00684793 0.0197518 0.186515 0.00098155 0.00028989 0.00051738
0.00076821 -0.0546943 0.161654 0.00137936 0.00020514 0.00043088
0.0109651 0.0160787 0.165306 0.00107018 0.00042408 0.00063389
0.0107178 0.0689662 0.207672 0.00089762 0.00037807 0.0006245
0.00071232 -0.00517372 0.148792 0.00107043 0.00018931 0.00036226
0.00083777 0.0384943 0.107668 0.00124708 4.617e-05 0.00043017
0.00833022 0.210989 0.190024 0.00094348 0.00029718 0.00073223
0.00804584 0.200862 0.223688 0.00071185 0.00041373 0.00071838
0.00639118 0.10879 0.168922 0.00110378 0.00021409 0.000577
0.0110045 0.0940394 0.191259 0.00101248 0.00035457 0.00068573
0.0100043 0.064161 0.215257 0.00113347 0.00038924 0.00063691
0.00936783 0.0226295 0.208912 0.00147236 0.00020997 0.00058031
0.00059335 -0.10356 0.144816 0.0018341 0.00012242 0.00033816
0.0084914 0.00462487 0.119435 0.00174091 0.00029527 0.00051333
0.00676762 0.0878019 0.183564 0.00152696 0.00017512 0.00063118
0.00077658 -0.00556532 0.0908303 0.00166728 0.00022963 0.00044536
0.0107399 0.10561 0.117042 0.00125327 0.00026301 0.00062594
0.0090794 0.180209 0.157951 0.00162875 0.00027142 0.00064704
0.00833878 0.160221 0.189914 0.00143368 0.00022395 0.00059601
0.0008344 0.104921 0.192784 0.00138519 0.00014004 0.00041305
0.00068069 -0.0314343 0.132994 0.00210427 0.00010239 0.00038197
0.00564582 0.0172501 0.121934 0.00178097 0.00023116 0.00046541
0.00842001 0.0353624 0.163257 0.00192686 0.00027986 0.00054341
0.00822196 0.0236014 0.169518 0.00182676 0.00027147 0.00058874
0.00885707 0.0259405 0.191783 0.00149612 0.00035185 0.00058623
0.0010717 0.0289798 0.238085 0.00020856 0.00024837 0.00054304
0.0132714 0.0701114 0.391683 -0.00181358 0.00016516 0.00031758
0.00340006 0.0897765 0.317147 -0.00103885 0.00010906 0.00060948
0.00109268 0.109733 0.267444 3.969e-05 -1.99e-06 0.00052392
-0.00171978 0.00430916 0.119298 0.0012179 -9.6e-05 0.00023408
0.00094574 0.192272 0.172525 0.00112222 -6.197e-05 0.00046712
0.00097721 0.178511 0.182502 0.00100676 -8.3e-05 0.00047594
-4.61e-06 -0.0248207 0.10776 0.00184307 -3.069e-05 0
0.00017024 0.0396733 0.113776 0.00167655 -5.233e-05 7.862e-05
0.00051335 0.0518353 0.144408 0.00172161 -5.462e-05 0.00025593
3.921e-05 -0.0177657 0.121512 0.00179482 -0.00010342 0
3.783e-05 0.00094044 0.121418 0.00167435 -9.514e-05 0
3.349e-05 0.00480753 0.0978909 0.00147028 -6.511e-05 0
-0.00303093 0.0817533 0.118247 0.00167994 -9.796e-05 0.00023212
3.684e-05 0.0701204 0.127082 0.00160744 -5.16e-05 0
2.952e-05 0.0113699 0.12849 0.00176646 1.165e-05 0
-3.234e-05 -0.0120559 0.0668667 0.00122751 -5.649e-05 0
-6.47e-06 0.119578 0.0900632 0.00147261 -5.037e-05 0
3.848e-05 0.160746 0.114318 0.00145452 -2.164e-05 0
-0.00013408 -0.00275884 0.0878511 0.00137268 -6.939e-05 -8.666e-05
3.813e-05 0.0803426 0.108233 0.00148094 -1.505e-05 0
0.00044547 0.0799777 0.147672 0.00172014 9.741e-05 0.00021564
0.00045662 0.026998 0.137695 0.00167756 -1.044e-05 0.00022068
3.163e-05 -0.0409448 0.0878435 0.00149868 0.00010654 0
3.149e-05 0.0421186 0.112712 0.00163075 4.9e-07 0
0.00049535 0.0516873 0.13614 0.00166042 7.152e-05 0.0002513
0.00048863 0.0384561 0.136087 0.0016859 0.0001705 0.00024725
0.00040925 0.012751 0.136304 0.001561 0.00022269 0.00020878
-0.00268838 -0.0207641 0.103415 0.00181547 6.532e-05 6.802e-05
5.928e-05 0.10415 0.11963 0.0016175 -4.532e-05 0
0.00042779 0.113819 0.138175 0.00165862 8.53e-05 0.00020828
0.00052897 0.0645691 0.14537 0.00155611 8.362e-05 0.00026616
0.0130069 0.0378274 0.0881264 0.00150582 0.0003772 9.731e-05
0.00019211 -0.035786 0.0501761 0.0018163 0.00033875 0.0001203
0.00617061 0.0641844 0.107646 0.00128882 0.00031883 0
6.895e-05 0.0978781 0.157453 0.00104499 1.375e-05 0
0.00058552 0.0954786 0.166258 0.00108216 0.0001639 0.00028598
2.75e-06 -0.00915342 0.107277 0.00154438 4.533e-05 0
0.00023429 0.115591 0.106351 0.00147947 6.841e-05 0.00010681
0.0004261 0.178054 0.157235 0.00149991 0.00016045 0.00019822
0.00010969 0.015913 0.133297 0.00177112 4e-08 0
0.00033394 0.0658463 0.13722 0.00160406 0.00015544 0.00016009
0.00029838 0.0646452 0.158475 0.00164097 6.968e-05 0.00012911
0.00225582 0.0144072 0.104993 0.00166918 4.601e-05 0
0.00032825 0.0673043 0.129381 0.00166696 6.527e-05 0.00015848
0.00015146 0.053275 0.129191 0.00178856 0.00013516 7.804e-05
1.295e-05 -0.00660961 0.117238 0.00155014 3.787e-05 0
2.114e-05 -0.00662343 0.0939975 0.00156872 -9.15e-06 0
0.00031626 0.0987846 0.129898 0.00147172 -1.41e-05 0.00012905
0.00038101 0.100875 0.142798 0.00154697 0.0001092 0.00017488
2.458e-05 0.017335 0.116116 0.00179889 5.508e-05 0
0.00029548 0.0521101 0.133117 0.00186436 0.00015778 0.00014592
0.000425 0.0572467 0.15157 0.00186138 0.00011174 0.0001971
0.00030093 0.0172533 0.146759 0.00195315 0.00019351 0.00014934
0.00024238 -0.0181242 0.116129 0.00187801 0.00014072 0.00012981
0.00978743 0.0507681 0.144326 0.0020916 0.00046488 0
0.00754196 0.0469027 0.155747 0.00215888 0.00044979 0
0.00031407 0.0468972 0.173019 0.00210775 0.00025133 0.00015205
0.00284622 0.0208762 0.158533 0.0019867 0.00012573 0
-0.00661217 -0.0583292 0.0818467 0.00214235 0.00011924 0
1e-07 0.0877175 0.0781422 0.00250029 0.00020268 0
-0.00434174 0.117826 0.0971383 0.00215092 0.00015948 0.00010184
-0.00015959 -0.0493962 0.0524678 0.00266367 0.00022682 -7.166e-05
9.8e-05 0.0756391 0.0574045 0.00269991 0.00024164 8.125e-05
-1.561e-05 0.0691405 0.108528 0.00255148 3.699e-05 0
0.00015725 0.0235611 0.115509 0.00242288 0.00014152 9.02e-05
-0.00677752 -0.0158661 0.0921072 0.00245654 0.00010856 0.0001199
6.412e-05 0.0122711 0.12728 0.0014376 -8.972e-05 0
0.0003887 0.0639733 0.16306 0.00162644 -3.862e-05 0.00014631
0.0004445 0.0526927 0.167114 0.00168048 3.519e-05 0.00018606
0.00016584 0.059257 0.183926 0.00166664 -3.34e-05 0
0.00046374 0.0770545 0.199339 0.00100809 6.44e-06 0.00016866
0.00088471 0.0952713 0.241387 -4.1e-07 0.00027679 0.00043329
-0.00629556 0.0751648 0.249326 6.762e-05 -0.00013863 0
-0.0174098 0.00560026 0.189066 9.175e-05 -0.00038417 0
-0.0162308 0.0965496 0.13625 0.00071098 -0.00053666 7.065e-05
-0.00317013 0.238239 0.150924 0.00097085 -0.00018219 -5.332e-05
6.765e-05 0.202547 0.172165 0.0013404 -2.504e-05 0
-0.00215697 0.11824 0.189164 0.00093776 -5.647e-05 0
-0.0176944 0.0160111 0.172252 0.000926 -0.00021268 0.00015303
-0.0188519 0.0203671 0.107894 0.00119109 -0.00029803 0
-0.0757788 0.109925 -0.110911 0.00492222 -0.00075532 -0.00138634
-0.00863256 0.00518272 0.0933665 0.00282941 -4.666e-05 -0.00041043
-0.00273806 0.0754535 0.129985 0.00243585 -0.00019097 -0.00038175
-0.0146321 0.022932 0.140633 0.00206438 -0.00038204 -0.00051393
-0.0135928 0.0556961 0.115443 0.00198441 -0.00019871 -0.00051393
-0.00375643 0.12985 0.135309 0.0018254 -0.00042542 -0.00036404
-0.0232236 0.0778426 0.14926 0.00165863 -0.00025286 -0.00051393
-0.00515513 0.120254 0.133611 0.00166904 -0.00022296 -0.00034651
-0.0050732 0.167503 0.147983 0.0018061 -0.00016651 -0.00029313
-0.00816799 0.125813 0.173715 0.00181383 -0.00013969 -0.00034138
-0.00545894 0.079942 0.176676 0.00195472 -0.00017985 -0.00051393
-0.00311539 -0.0739376 0.10086 0.00218787 3.821e-05 -0.00042316
-0.00317699 0.00199693 0.130685 0.00162794 -0.00019712 -0.00039723
0.00230657 0.180769 0.129351 0.00220255 -6.73e-05 -0.0003335
0.00325691 0.0854057 0.14095 0.00237712 -0.00017892 -0.00030966
-0.00284738 -0.00064682 0.141253 0.00211679 -5.76e-06 -0.00031354
0.00835096 -0.0161952 0.0773779 0.00255871 0.0003374 -0.00021976
-0.0255438 0.0896495 0.133765 0.00184592 -0.00022148 -0.00057153
-0.0438853 0.128101 0.152981 0.0019516 -0.00052515 -0.0005846
-0.00554175 0.0800458 0.103171 0.00203424 -4.453e-05 -0.00051393
0.00308001 0.0407288 0.164196 0.0020042 -0.00013546 -0.00028331
0.00767287 0.0894029 0.189863 0.0021665 0.00021503 -9.589e-05
0.0120409 0.0568555 0.185843 0.00219024 0.0003374 -0.00010734
0.00710051 0.00560341 0.169537 0.00205816 0.00013711 -0.0001778
-0.00257775 0.00404307 0.075416 0.00243677 0.00012828 -0.00028474
-0.00470466 0.0962562 0.119766 0.00198847 -7.117e-05 -4.846e-05
0.00272278 0.105616 0.161603 0.00211641 -7.845e-05 -0.0002527
-0.00491391 0.0195035 0.108216 0.00173439 -6.743e-05 -0.00015703
-0.00211492 0.020182 0.0900986 0.00214015 1.324e-05 -0.00023923
0.00182806 0.156714 0.15519 0.00207441 -9.58e-05 -0.00016578
0.00152866 0.124376 0.182954 0.00213747 -9.596e-05 -0.00029502
0.00359441 0.0748276 0.175322 0.00212801 -1.204e-05 -0.00020461
0.00523294 0.0332503 0.173743 0.00204927 0.00018378 -0.00012729
0.0127864 -0.00460345 0.140786 0.00183952 0.0003374 -0.00018597
0.013272 -0.0579062 0.10017 0.00228534 0.00058712 -0.0001075
0.00844709 -0.0315877 -0.0320129 0.00330232 0.00038597 -5.336e-05
-0.0136259 -0.0587415 -0.247436 0.00539474 0.00062864 5.652e-05
-0.00558934 0.092926 -0.217585 0.0043898 0.00020346 -0.00037778
-0.00574962 0.140122 -0.200355 0.00452933 9.983e-05 -0.00044913
-0.027008 0.00180865 -0.169585 0.00419216 0.00056659 -0.00070385
-0.0815883 0.0639142 -0.442299 0.006689 0.00014699 -0.00091348
-0.0561902 -0.0150187 -0.0324309 0.0024883 4.93e-05 -0.00057651
0.00077013 -0.0278452 0.214999 0.00165466 -0.00014297 -0.00024517
-0.00764685 0.0956209 0.19582 0.00186059 -2.313e-05 -0.00051393
0.00011801 0.141737 0.292931 0.00101634 -8.145e-05 -0.00023949
0.00539075 0.14015 0.325393 0.00127966 0.00019371 -0.0002232
-0.00760623 0.013164 0.308111 0.00158581 0.00021663 -0.00051393
0.00315138 0.168315 0.329641 0.00131053 0.00023129 -0.00028424
0.00455312 0.177014 0.366416 0.00113207 0.00027825 -0.00032161
0.0108789 0.106143 0.380274 0.00103284 0.00050987 -0.00014908
0.0111938 0.0316875 0.36781 0.00110871 0.00040501 -0.00032979
0.0119772 0.0402768 0.298188 0.00122886 0.00046835 -0.00039788
0.00277465 0.156117 0.344812 0.00124636 0.00017838 -0.00024685
0.0108383 0.161756 0.389006 0.0010051 0.0002647 -0.00027992
0.00957363 0.152971 0.426893 0.00032819 0.00046752 -0.00016782
-0.00904571 0.150463 0.58563 -0.00320205 0.0002239 0.00014835
-0.00822643 0.152616 0.768535 -0.00701975 -0.00026052 3.25e-05
-0.00585176 0.146356 0.827623 -0.00865373 -0.00044712 3.25e-05
-0.0219544 0.117472 0.729663 -0.00632886 -0.00040401 -0.00010697
-0.0068286 0.0376016 0.427729 -0.00173162 -0.00012977 -0.00034728
-0.006796 0.272594 0.440223 -0.00189227 -0.00026263 -0.00032316
-0.0112574 0.289435 0.481148 -0.00191825 -0.00058679 -0.00039619
-0.0211686 0.221208 0.474325 -0.0016173 -0.00052963 -0.00023657
-0.00669931 0.0344651 0.395928 -0.00079255 3.028e-05 -0.00023757
-0.00075484 0.189363 0.409443 -0.00083327 -2.71e-05 -0.00028726
-0.00660802 0.162933 0.460933 -0.00113935 -0.00012585 -0.00022444
-0.00665534 0.10093 0.480029 -0.00135734 -0.00013967 -0.00026257
-0.00654466 0.0446095 0.46411 -0.00091203 0.0001022 -0.00013682
-0.0062136 0.0311348 0.395655 -0.00058443 3.028e-05 3.25e-05
-0.00613136 0.0817982 0.454336 -0.00115307 -0.00012573 3.25e-05
-0.00618057 0.0999058 0.459089 -0.00105731 -3.455e-05 3.25e-05
0.00082424 0.0316132 0.360874 -0.0001396 3.028e-05 -0.00014476
-0.00363586 0.168827 0.418444 -0.00068637 -5.538e-05 3.25e-05
-0.00617276 0.203131 0.466486 -0.0008093 -4.65e-05 3.25e-05
-0.0068095 0.0264355 0.408841 -0.00047952 -5.029e-05 -0.00032595
-0.00613178 0.194817 0.420529 -0.00066114 -0.00014175 3.25e-05
-0.00617086 0.187739 0.478363 -0.00091088 -5.101e-05 3.25e-05
-0.00331195 0.126704 0.484785 -0.00073421 3.028e-05 3.25e-05
-0.0068011 0.0033734 0.396473 0.00011637 0.00026245 -0.00025769
-0.00625688 0.0994927 0.454367 -0.00026965 0.00026437 3.25e-05
-0.00624791 0.103897 0.49768 -0.00083616 0.00021175 3.25e-05
0.00813746 0.112029 0.51968 -0.0012507 0.00053106 -5.404e-05
0.00848331 0.114653 0.533469 -0.00157524 0.00050537 -7.922e-05
-0.00920679 -0.0231311 0.43215 0.00022798 0.00013401 -0.00041907
-0.00676279 0.0823884 0.382678 -0.00013203 0.00018459 -0.00022724
-0.00308092 0.196925 0.419658 -0.00042317 -3.282e-05 -0.00019216
-0.00701036 0.0796374 0.259593 0.00037884 0.00015203 -0.0003281
-0.0546911 0.238283 0.0821248 0.00034459 -0.00023237 -0.00087242
-0.0167641 0.139 0.25107 -0.00027742 -0.00011163 -0.00049526
-0.0132879 0.0335456 0.289992 -0.00053106 -4.476e-05 -0.00035215
-0.00630234 0.0816785 0.197697 0.00088948 0.00013429 -0.00052699
-0.00084442 0.0197015 0.247443 0.00074053 -7.475e-05 -0.00035733
-0.00240915 0.0200113 0.247985 0.00043252 0.0001937 -0.00039437
-0.0030551 0.0269823 0.247557 0.00071702 -2.275e-05 -0.00047017
0.00046133 0.0728301 0.257162 0.00084102 0.00012519 -0.00033742
0.0027004 0.0169169 0.247415 0.00081491 0.00041369 -0.0004079
0.00535231 0.138041 0.294178 0.00042328 0.00045833 -0.00034178
-0.0106052 0.116726 0.0794822 0.00127997 0.00064224 -0.00045177
-0.0425945 0.00723452 0.196896 0.00073238 -4.685e-05 -0.00025688
-0.0633318 0.185008 0.0741029 0.00074645 -0.00054736 -0.00035063
-0.0517282 0.123701 0.192048 0.00082772 -0.00020982 -0.00056905
-0.0199052 0.0183147 0.507138 -0.0008185 -0.00039412 -0.00066644
-0.0151872 0.177624 0.615337 -0.00252727 -0.00038944 -0.00038009
-0.0206065 0.279061 0.762619 -0.00389708 -5.342e-05 -6.907e-05
-0.00720976 0.286904 0.840419 -0.00428951 -0.00031966 -0.00061819
-0.0139503 0.241016 0.855201 -0.00414717 -1.653e-05 2.314e-05
-0.0101388 0.193509 0.864036 -0.00413671 0.0002832 -0.00036554
-0.00614789 0.0829118 0.790496 -0.00345438 0.00099758 -0.00038734
-0.00628184 0.132477 0.859615 -0.00403509 0.00074187 -0.00029596
-0.00198777 0.173461 0.891256 -0.00421153 0.00051252 -0.00043751
-0.00245737 0.161984 0.860157 -0.00396775 0.00095275 -0.00040245
-0.0142494 0.0724406 0.801378 -0.00355196 0.00064757 -0.00065542
0.00230061 0.194983 0.885244 -0.00418086 0.00078025 -0.00022315
0.0107107 0.209333 0.916694 -0.00417371 0.00106485 -0.00043014
-0.00109986 0.0991331 0.831689 -0.00359299 0.00143928 -0.00053266
0.0112822 0.21165 0.89404 -0.00423867 0.00086924 -0.00024333
0.0146067 0.220198 0.953374 -0.00436615 0.00115019 -0.00038216
0.0150242 0.193746 1.00045 -0.00473324 0.00108202 -0.00020913
0.0142637 0.163809 1.02966 -0.00505348 0.00204076 -0.00012447
-0.0063221 -0.00230565 0.885091 -0.00384127 0.00137824 -0.00043777
0.00946283 0.158422 0.907826 -0.00398672 0.00122447 -0.00015994
0.0122361 0.1835 0.965141 -0.00439317 0.00115003 -0.00015155
0.015068 0.17501 0.991243 -0.00427953 0.00111338 -0.00014458
0.00860107 0.108655 0.98405 -0.00421056 0.00153213 -0.00021378
-0.00759098 0.108205 0.809005 -0.0039893 0.0014802 -0.00017599
0.00642134 0.262728 0.734387 -0.00359951 0.00076455 -0.0003183
-0.00311748 0.249206 0.859175 -0.00416366 0.00080211 -0.00012051
0.010063 0.179146 0.977578 -0.00404617 0.00109861 -0.00019004
0.0133886 0.0740736 1.06525 -0.0033752 0.00056793 -0.00030595
0.0145917 0.184751 1.14611 -0.0037495 0.0006606 -0.00011143
0.0180483 0.1689 1.21252 -0.00398139 0.00087642 -0.00018453
-0.00282739 0.160757 1.22059 -0.00419127 0.00014036 -0.00044571
-0.00270318 0.161373 1.29442 -0.00659825 -6.377e-05 -0.00050864
0.00990486 0.13762 1.32292 -0.00654539 0.00018444 -0.00062892
-0.00324505 0.0754547 1.19346 -0.00704691 0.00013924 -0.00063598
-0.00363011 0.175103 0.992436 -0.00502532 0.00058731 -0.00058034
-0.00320647 0.275467 0.966803 -0.00528127 0.00048038 -0.00039632
-0.00023858 0.358463 1.01491 -0.00532055 -6.687e-05 -0.00067117
-0.00336833 0.246136 0.778098 -0.00434023 0.00058731 -0.00042477
-0.0190645 0.0521837 0.785058 -0.00388061 -0.00044226 -0.00068643
-0.00021059 0.122865 0.987005 -0.00501147 -0.00027579 -0.00041422
0.010586 0.142107 1.04741 -0.00445075 0.00043364 -0.0004872
0.00928575 0.0742311 1.05996 -0.00309811 0.00045281 -0.00044044
0.00637247 0.208652 1.03957 -0.00527494 0.00047614 -0.00031367
-0.00027265 0.213249 1.12135 -0.00627859 -6.291e-05 -0.00057012
-0.00273767 0.181939 1.14812 -0.00345939 -0.00022456 -0.00046367
-0.00362548 0.264877 1.16619 -0.00725156 0.00019248 -0.00072191
-0.00391271 0.242388 1.07361 -0.00508746 0.00085873 -0.00052136
-0.00331671 0.184578 1.18378 -0.00429335 3.616e-05 -0.00074141
-0.00304771 0.164196 1.16464 -0.00631782 0.00013166 -0.0004914
0.0139662 0.238943 1.18068 -0.00586442 0.00085873 -0.00037411
0.0106448 0.205969 1.19046 -0.0041812 0.00042071 -0.00053446
0.00207189 0.0768323 1.11302 -0.00326101 -4.391e-05 -0.00038407
0.0190157 0.207178 1.1389 -0.00490456 0.00057309 -0.00044261
0.0105972 0.220594 1.19886 -0.00632006 0.00069948 -0.00038373
0.0205824 0.193105 1.19924 -0.00622786 0.00077058 -0.00041371
0.0184848 0.237417 1.24453 -0.00654726 0.00085873 -0.00053041
0.0172387 0.230567 1.3166 -0.00687836 0.0004499 -0.00051247
0.023719 0.21402 1.34417 -0.00712391 0.0005177 -0.00034845
0.0143001 0.193076 1.35615 -0.0068446 0.00015592 -0.0005059
0.0111519 0.175307 1.37384 -0.00656086 -0.00011421 -0.00049338
0.00493863 0.182178 1.35047 -0.00684791 -0.00011421 -0.00049175
0.00145198 0.137155 1.29111 -0.00696102 -9.558e-05 -0.00052755
0.0156116 0.188516 1.34185 -0.00939713 -7.289e-05 -0.00017682
0.00460047 0.244421 1.36052 -0.00904425 -0.00035998 -0.00048919
0.00429315 0.248337 1.3722 -0.00893859 -0.00050495 -0.00048923
0.00560949 0.237871 1.38734 -0.00854129 -0.00030657 -0.00047292
0.00724329 0.21643 1.40664 -0.00919467 -0.00091092 -0.0004094
0.00178762 0.20202 1.4273 -0.00990756 -0.00110872 -0.00073924
-0.00194832 0.0905596 1.36167 -0.00899974 -0.00103443 -0.0007075
0.0268038 -0.0262312 1.40574 -0.00820764 0.00037103 -0.00031598
0.00606441 0.150337 1.17686 -0.0085183 0.00092154 0.00020362
0.0113006 0.421581 1.06583 -0.00911072 -0.00051547 0.00012649
0.0170716 0.491836 1.28704 -0.00915397 -0.00102297 0.000137
0.0265238 0.360493 1.38663 -0.00823561 -0.00055365 -0.00026395
0.0216235 0.216639 1.3959 -0.00733917 -0.00067327 -4.438e-05
0.0220424 0.123872 1.40447 -0.00693413 -0.00042207 -0.00022336
0.02185 0.0650019 1.42119 -0.00698301 -0.00033944 -0.00018127
0.0161877 0.0542888 1.41825 -0.00685944 -0.00039601 2.314e-05
0.0112507 0.0783864 1.41243 -0.00656922 -0.00043464 2.314e-05
0.026578 0.0382378 1.29148 -0.00640109 0.00017516 -0.00028092
-0.0357524 0.264802 1.08072 -0.00238093 -0.0006086 -0.0010057
0.0309633 0.196527 1.17492 -0.00293962 0.00093185 -8.176e-05
0.026031 0.231538 1.20825 -0.00376452 0.00105494 2.314e-05
0.0473599 0.390004 1.16678 -0.00263336 0.00134737 -0.00056699
0.0542635 0.172891 1.22469 -0.00374385 0.0015286 -0.00039716
0.0577449 0.28678 1.29049 -0.0049486 0.00186117 -0.00023181
0.0557836 0.224762 1.33619 -0.00492626 0.00158647 -0.00029537
0.0453762 0.141416 1.30406 -0.00403656 0.00147835 -0.00024833
0.0426524 0.0734193 1.26103 -0.003135 0.00129538 -0.00031441
0.0426405 0.00485578 1.1816 -0.00234048 0.00129538 -0.00032065
0.0480345 0.138739 1.21304 -0.00332085 0.00129538 -0.00028496
0.0428238 0.206648 1.24553 -0.00367504 0.00129538 -0.00022396
0.0495261 0.226074 1.23964 -0.00361721 0.00129538 -0.00020325
0.0464998 0.192362 1.31353 -0.00454331 0.00129538 -0.00026166
0.0487484 0.178891 1.22206 -0.00372933 0.00129538 -0.00023052
0.0505949 0.303301 1.28783 -0.00458919 0.00163922 -0.00015549
0.0508128 0.30822 1.38311 -0.0054788 0.00139402 -0.00011483
0.0461449 0.247646 1.44835 -0.0062009 0.00129538 -0.00032546
0.0428745 0.15306 1.3295 -0.00547793 0.000968 -0.00040862
0.0426107 0.0494037 1.16341 -0.00344635 0.00118266 -0.00040862
0.0428915 0.156192 1.21133 -0.00391385 0.00110504 -0.00030394
0.0428209 0.172182 1.19466 -0.00351944 0.00115091 -0.00031532
0.0222463 0.0747825 0.81923 -0.00329483 0.00234331 -0.00029215
0.0359531 0.15849 0.88007 -0.00380609 0.00155395 -9.899e-05
0.031172 0.236729 0.952731 -0.00377148 0.00155919 -9.083e-05
0.0218755 0.105606 0.888465 -0.00337483 0.00240808 -0.00040862
0.0365116 0.185498 0.894688 -0.00357916 0.00232216 -0.00040862
0.0425783 0.270746 1.06282 -0.00214757 0.0012163 -0.00040862
0.0220567 0.11703 1.05247 -0.0023653 0.00113873 -0.00027401
0.043062 0.122891 0.892577 -0.00408257 0.0012015 -0.00011721
0.0427218 0.166438 1.10698 -0.0031628 0.00109593 -0.00040862
0.0382833 0.192089 1.30317 -0.00501422 0.00108452 -0.00042074
0.0408588 0.188627 1.35145 -0.00486835 0.00115673 -0.0004355
0.0295547 0.172278 1.31473 -0.00466771 0.00180273 -0.00052449
0.0420475 0.26489 1.3794 -0.00543128 0.00185336 -0.00047292
0.041962 0.27474 1.43017 -0.00541216 0.0019138 -0.00048622
0.0416032 0.209811 1.45678 -0.00519512 0.00210594 -0.00053347
0.036048 0.111856 1.42802 -0.00519459 0.00160362 -0.00050705
0.0502107 0.200199 1.46465 -0.00558307 0.00186374 -0.000565
0.0468718 0.245164 1.4857 -0.00511853 0.00228956 -0.00067193
0.0420235 0.174949 1.52406 -0.00570787 0.00185591 -0.00048787
0.0358569 0.0827594 1.45554 -0.0056269 0.00181163 -0.00065717
0.0379846 0.249873 1.52662 -0.00633657 0.00179048 -0.00056451
0.0583636 0.283922 1.64246 -0.00766935 0.00235054 -0.00033789
0.0663137 0.261117 1.68899 -0.00807184 0.00312867 -0.00033789
0.0418265 0.0613916 1.55973 -0.00691509 0.00191814 -0.00057582
0.0424117 0.179875 1.53193 -0.00655553 0.00169465 -0.00042999
0.032245 0.148643 1.41546 -0.00571812 0.00184057 -0.00057184
0.0363961 0.159935 1.55016 -0.00703101 0.00176721 -0.0004627
0.035459 0.223569 1.56627 -0.00686339 0.00157626 -0.00048718
0.0419839 0.218364 1.57417 -0.00653993 0.00187845 -0.00053584
0.0385187 0.200175 1.62955 -0.00738078 0.00059902 -0.00063028
0.0289528 0.165747 1.70506 -0.00739833 0.00028991 -0.00053535
0.0152418 0.0158954 1.6215 -0.00720502 0.00051157 -0.00081501
0.0264217 0.174651 1.45588 -0.00582626 0.00083819 -0.00058014
0.0261121 0.243069 1.42234 -0.0062368 0.00100694 -0.00057298
0.0258171 0.234045 1.47882 -0.00649873 0.00148305 -0.00042964
0.0353685 0.23056 1.49792 -0.00651546 0.00138217 -0.00052378
0.0379642 0.181738 1.499 -0.00635036 0.00130438 -0.0005558
0.025812 0.153919 1.42404 -0.00659441 0.00141881 -0.00045747
0.0259427 0.256134 1.51082 -0.00669716 0.00137247 -0.00045933
0.0260018 0.189873 1.53604 -0.00702255 0.00111731 -0.00061452
0.0259284 0.1845 1.47074 -0.00602332 0.00102109 -0.00069604
0.0258845 0.0697277 1.46294 -0.00563427 0.00131434 -0.000528
0.0293404 0.224393 1.5325 -0.00670967 0.00120975 -0.00049163
0.0321493 0.249592 1.55624 -0.0066046 0.0012433 -0.00052471
0.0400242 0.184306 1.56381 -0.00638861 0.00122547 -0.00055799
0.0253861 0.149123 1.47523 -0.00592172 0.0016881 -0.0005259
0.0376952 0.204272 1.56773 -0.00681754 0.00126682 -0.00056485
0.0392264 0.220425 1.58047 -0.00668198 0.00131544 -0.00054151
0.0415558 0.196562 1.60391 -0.00684102 0.00111184 -0.00053503
0.0353574 0.190876 1.64624 -0.00716476 0.0015992 -0.00022094
0.0374403 0.154685 1.61985 -0.00672502 0.00159783 -0.00054061
0.0439121 0.150348 1.54317 -0.00679536 0.00199759 -0.00050982
0.0406278 0.112659 1.4694 -0.00643617 0.00158078 -0.00068974
0.042549 0.224721 1.50302 -0.00666691 0.00160231 -0.00069483
0.0247371 0.202694 1.4277 -0.00569929 0.00206139 -0.00064479
0.0354778 0.238561 1.48514 -0.00626759 0.00166108 -0.00053476
0.0360617 0.25026 1.52994 -0.00645922 0.00164003 -0.00064681
0.0320314 0.186972 1.41942 -0.00565853 0.00206139 -0.00068685
0.0386511 0.245574 1.50911 -0.00653898 0.00206139 -0.00056825
0.0439805 0.260094 1.55587 -0.00663525 0.00174188 -0.00075593
0.0456331 0.199566 1.55751 -0.00652284 0.00159727 -0.00081501
0.0480762 0.182776 1.54576 -0.00627814 0.00157321 -0.00081501
0.0253744 0.0532854 1.44352 -0.00565447 0.0015969 -0.00062482
0.0413973 0.195509 1.50909 -0.00633771 0.00165743 -0.00069387
0.0410698 0.260178 1.54262 -0.00640787 0.00150162 -0.00071807
0.0330193 0.126096 1.48528 -0.00596966 0.00144401 -0.00065968
0.0310902 0.21137 1.49288 -0.00610124 0.00137903 -0.00062364
0.0255006 0.252353 1.42853 -0.00574647 0.00121454 -0.00081501
0.00448839 0.210886 1.37481 -0.00550797 0.00125739 -0.00101622
-0.0288795 0.124925 1.00585 -0.0040233 0.00119309 -0.00125853
-0.0364578 0.105831 0.798877 -0.00357083 0.00130627 -0.00109311
-0.0679359 0.160143 0.551827 -0.00162465 0.00051084 -0.00126572
-0.140163 0.108163 0.382488 -0.00059495 3.766e-05 -0.00217527
-0.108699 0.0539535 0.0650865 0.00323332 0.00046452 -0.00253919
-0.0974707 -0.0953854 0.207211 0.00158254 -0.00021506 -0.00210865
-0.0992001 0.00108138 0.409514 0.00027478 -0.00019069 -0.0016953
-0.0761335 0.0764842 0.804486 -0.00306434 -0.0002265 -0.00193181
-0.0718504 0.165644 1.23983 -0.00381376 -0.00084579 -0.00160954
-0.0544829 0.393281 1.35161 -0.00547867 0.00042423 -0.00185954
-0.0427876 0.462229 1.4637 -0.00633901 7.471e-05 -0.00185954
-0.0454373 0.402208 1.51078 -0.00649678 0.00012778 -0.00185954
-0.0525894 0.324514 1.52089 -0.00637398 -0.00020063 -0.00185954
-0.0543429 0.205291 1.53196 -0.00608837 -0.00011416 -0.00186129
-0.0538541 0.0288386 1.54351 -0.00592115 0.00011571 -0.00185954
-0.048845 0.181153 1.55506 -0.00651597 0.00010888 -0.00160954
-0.0463255 0.194122 1.57459 -0.00641649 -0.00018083 -0.00174146
-0.0481786 0.145298 1.54028 -0.00642694 -0.00013754 -0.00160954
-0.0483949 0.171609 1.51883 -0.00658076 -0.00020508 -0.00160954
-0.03886 0.220263 1.53083 -0.00669479 8.95e-05 -0.00169916
-0.0380461 0.281327 1.54004 -0.00645728 1.26e-05 -0.00184006
-0.0439117 0.309303 1.56275 -0.00706308 0.00030834 -0.00186848
-0.0526349 0.330582 1.42996 -0.00627463 0.0004489 -0.00197213
-0.0535907 0.252462 1.3201 -0.00532006 0.00033113 -0.0019746
-0.056368 0.0897587 1.29573 -0.00494638 0.00042653 -0.00217143
-0.048759 0.164645 1.36122 -0.00600105 0.00039 -0.00196627
-0.0427176 0.185814 1.38651 -0.00556045 -0.00026682 -0.00194355
-0.0308843 0.102369 1.27916 -0.00484943 -9.994e-05 -0.00194696
-0.0500695 0.0867582 1.29056 -0.00594081 7.161e-05 -0.00206798
-0.0264319 0.295461 1.44473 -0.0062143 0.00034959 -0.00195136
-0.0280229 0.342354 1.51999 -0.0073325 0.00052766 -0.00191398
-0.0331329 0.163827 1.55507 -0.00743046 0.00030115 -0.00185954
-0.0223265 0.324187 1.67081 -0.00832258 0.00035984 -0.00185954
-0.00957382 0.388748 1.75778 -0.00850218 0.00052996 -0.00134964
-0.0051415 0.330091 1.85537 -0.00886203 0.00076928 -0.0015175
-0.0211152 0.158787 1.79115 -0.00823299 0.00027412 -0.00142854
-0.0160149 0.136013 1.78125 -0.00823935 0.00011376 -0.00160282
-0.0182626 0.243824 1.76959 -0.00808283 0.00052644 -0.00154987
-0.0214495 0.196062 1.73901 -0.00770225 0.00012735 -0.0015771
-0.0296186 0.112515 1.73474 -0.00779468 -2.87e-06 -0.00167251
-0.0261487 0.302103 1.72858 -0.0081078 0.00011814 -0.00166683
-0.0275557 0.318092 1.75827 -0.00820207 0.00021753 -0.00174123
-0.0255444 0.222028 1.71832 -0.00762695 0.00104949 -0.00170399
-0.0243688 0.287635 1.75771 -0.0080668 0.00032301 -0.00185652
-0.0242236 0.295771 1.78913 -0.00815862 0.00033549 -0.00185163
-0.0243937 0.246041 1.78429 -0.00756972 0.00104949 -0.00185968
-0.0210005 0.138618 1.86882 -0.0085433 9.352e-05 -0.00163386
-0.0231524 0.215092 1.82751 -0.00813544 0.00051881 -0.00166198
-0.0241885 0.349817 1.88935 -0.00896318 0.00017559 -0.00191756
-0.0239952 0.398534 1.94241 -0.00914907 -0.00014068 -0.0019129
-0.0233294 0.354615 1.97312 -0.00948943 -4.356e-05 -0.0018779
-0.00104689 0.320634 2.14048 -0.0124669 0.0001697 -0.00135757
-0.0123782 0.212043 2.0902 -0.0117054 0.00011169 -0.00169775
-0.0199815 0.254525 2.01068 -0.0105605 -0.00019927 -0.00158599
-0.0174277 0.316529 1.98966 -0.0102298 -9.92e-05 -0.00164114
-0.0174952 0.218696 1.9224 -0.00955699 -9.629e-05 -0.00177708
-0.0091485 0.305176 1.77907 -0.00957819 1.977e-05 -0.00174603
-0.0180731 0.262423 1.78082 -0.00867558 -0.00042182 -0.00191485
-0.0183753 0.314237 1.8061 -0.00898535 -0.00046701 -0.00192516
-0.0236474 0.293015 1.82092 -0.00912668 -0.00073885 -0.00191925
-0.0305059 0.254921 1.83238 -0.00888499 -0.00072658 -0.00205797
-0.0312862 0.242125 1.84098 -0.0087284 -0.00075932 -0.00205759
-0.02896 0.229381 1.85225 -0.00873414 -0.00062866 -0.00196777
-0.0276964 0.211851 1.86375 -0.00860909 -0.00068196 -0.00186606
-0.0297872 0.14757 1.87661 -0.00865182 -0.00062593 -0.00193105
-0.0753984 0.102591 1.92662 -0.00950358 -0.00098387 -0.00209928
-0.0399599 0.437548 2.06415 -0.0103935 -0.00083064 -0.00198771
0.00072759 0.448189 2.18485 -0.0108229 -0.00079187 -0.00161994
-0.0131579 0.386846 2.16289 -0.010753 -0.00091837 -0.00174912
-0.0205202 0.453585 2.18134 -0.0105875 -0.00100221 -0.00180965
-0.0201395 0.380818 2.1748 -0.00946184 -0.00082496 -0.00178068
-0.00861515 0.314663 2.08118 -0.00943569 -0.00076754 -0.00181273
-0.0118686 0.130685 2.03691 -0.00941569 -0.00101008 -0.00168928
-0.0416573 0.0850603 2.00787 -0.00988679 -0.00123236 -0.00160927
-0.0221225 0.235046 2.03849 -0.0100713 -0.00109726 -0.00155301
-0.0163036 0.435577 2.08947 -0.0105825 -0.00096568 -0.00163333
-0.0141991 0.434049 2.09519 -0.0105026 -0.00094938 -0.00164639
-0.0156386 0.391068 2.11815 -0.0102187 -0.00106296 -0.00166332
-0.0158326 0.355596 2.15773 -0.0103879 -0.00099271 -0.00161127
-0.0131502 0.328964 2.21405 -0.0106996 -0.00083367 -0.00152326
-0.0142674 0.291332 2.2588 -0.0111159 -0.00053717 -0.00153942
-0.0141482 0.278827 2.29738 -0.0116204 -0.00068999 -0.00146845
-0.0142939 0.26814 2.31654 -0.0119834 -0.00093605 -0.00149569
-0.0205821 0.256401 2.33374 -0.0120273 -0.00095065 -0.00152649
