0.030958 0.146596 0.121022 -0.00174094 0.00019898 -0.00077894
0.0322832 0.162305 0.138479 -0.00179197 0 -0.00078493
0.0358035 0.183292 0.138124 -0.00151188 3.758e-05 -0.00080319
0.00501582 0.232906 -0.0606384 0.0211412 -0.00106078 -0.00318813
0.013411 0.19201 -0.201661 0.0137747 -0.00039938 -0.00259568
0.0385341 0.0748134 -0.0823834 0.00509516 0.00074901 -0.00158663
0.0343617 0.14596 0.0764904 0.00275464 0.00051416 -0.00127141
0.0393805 0.172512 0.105601 0.00220726 0.000378 -0.00110797
0.0393486 0.184257 0.10453 0.0025766 0.00028202 -0.00110797
0.0393818 0.204294 0.110897 0.00206459 0.00037312 -0.00110797
0.0444294 0.198229 0.111042 0.00219729 0.00037312 -0.00110797
0.0396308 0.225687 0.127082 0.00250206 0.00012312 -0.00093417
0.0375512 0.35448 0.179834 0.00228108 0.00037312 -0.00097267
0.0395899 0.261438 0.169282 0.0021672 0.00042647 -0.00099427
0.0393681 0.117037 0.115346 0.00203075 0.00033582 -0.00110797
0.0392614 0.146613 0.121627 0.00205747 0.00039124 -0.00116848
0.0393814 0.172068 0.121309 0.00211055 0.00034709 -0.00110797
0.0391444 0.212478 0.134441 0.00212138 0.0003017 -0.00121195
0.029521 0.292071 0.136414 0.00198476 0.00012312 -0.00110797
0.0200596 0.268153 0.108852 0.00179889 -0.00010063 -0.00130391
0.0344675 0.194251 0.0969001 0.00156769 0.00015042 -0.00110797
0.0355368 0.220166 0.120988 0.0019014 0.00034 -0.00131405
0.0343483 0.218277 0.123251 0.0018704 0.00048655 -0.00132389
0.0357933 0.209605 0.124165 0.00184252 0.00037893 -0.00120679
0.0370783 0.209694 0.127494 0.00200033 0.00041592 -0.00120781
0.0384739 0.220866 0.126023 0.00190041 0.00028676 -0.00110797
0.0378617 0.209382 0.123818 0.00180381 0.00024384 -0.00110797
0.037495 0.244851 0.131822 0.00169002 0.00011103 -0.00117493
0.0269134 0.328843 0.195488 0.00155508 -3e-06 -0.00098701
0.0374764 0.163347 0.106387 0.00164217 2.973e-05 -0.00110797
0.0503759 0.190873 0.115131 0.00177675 -0.00055815 -0.00079451
0.0525433 0.24327 0.130791 0.00212291 -0.00019314 -0.00093727
0.0568494 0.238686 0.123775 0.00177714 0.00022152 -0.0011972
0.0498228 0.248778 0.108492 0.00145329 -9.13e-06 -0.00118721
0.0490397 0.26575 0.120572 0.00108848 -7.18e-05 -0.00115283
0.0407647 0.342322 0.14236 0.00051717 -0.00040475 -0.00110362
0.0466265 0.195412 0.0876952 0.00134813 -0.00017722 -0.00122069
0.0459114 0.213177 0.109468 0.00145632 -0.00020259 -0.00105973
0.0478132 0.223475 0.119922 0.00145632 -0.00025131 -0.00104037
0.0501612 0.248528 0.111723 0.0013562 -0.00029593 -0.00113905
0.0454733 0.279185 0.129773 0.00075333 -0.00031915 -0.00114035
0.0408007 0.369892 0.210581 2.605e-05 6.482e-05 -0.00096436
0.039753 0.176687 0.0990473 0.00104243 -4.572e-05 -0.00096548
0.0451606 0.216523 0.109058 0.00138073 -5.5e-07 -0.00132779
0.0303663 0.341416 0.180855 0.00034604 -0.00026791 -0.00110407
0.0250374 0.278712 0.142718 0.00081846 -0.00035105 -0.00114986
0.043185 0.212584 0.0985778 0.00151988 -0.00019934 -0.0011581
0.0439554 0.299318 0.137237 0.00128492 -0.00034869 -0.00118564
0.0380041 0.361644 0.183719 0.00055973 -0.00030486 -0.00098729
0.0450791 0.230842 0.0922905 0.0011292 -0.00023643 -0.00124968
0.0566698 0.266071 0.126697 0.00169733 -0.00017388 -0.00120254
0.0425645 0.350183 0.181819 0.00040108 -0.00019353 -0.00133756
0.0646366 0.284667 0.185191 0.00091382 0.0010289 -0.00145783
0.055918 0.267456 0.154532 0.00121215 -0.00072396 -0.00145088
0.0561591 0.327082 0.185342 0.00127064 0.00047277 -0.00147668
0.0501063 0.228768 0.0831189 0.00101674 0.00020728 -0.00141378
0.0561235 0.218984 0.125083 0.00132619 -0.00027671 -0.00143479
0.0619372 0.256318 0.148761 0.00113775 -0.0002303 -0.00139938
0.0543185 0.280729 0.163985 0.00091026 -0.00026776 -0.00132357
0.051992 0.3981 0.212086 -0.00014255 -0.00042046 -0.00148047
0.0560324 0.26212 0.124482 0.00092638 -4.907e-05 -0.00149931
0.0638634 0.243944 0.136819 0.00117536 -0.00030784 -0.00141579
0.0615575 0.255287 0.155555 0.00137699 -0.00030791 -0.0014003
0.0560752 0.288973 0.147472 0.00156806 -0.00018139 -0.00144952
0.0484199 0.402053 0.235996 0.00017365 -0.00036419 -0.00151321
0.0557257 0.24301 0.157129 0.00140111 -0.00032791 -0.00161281
0.0667039 0.194007 0.133857 0.00238945 0.00010084 -0.00188575
0.070523 0.221697 0.144922 0.00238945 -0.00032843 -0.0017043
0.0644637 0.242345 0.14864 0.00233584 -0.0005129 -0.00164184
0.0781873 0.247207 0.151113 0.00238945 0.00011945 -0.00169451
0.0466674 0.41325 0.217459 0.00147911 -0.00067922 -0.0016827
0.0501271 0.349912 0.265908 0.0014296 -0.00042877 -0.00155592
0.0542906 0.166425 0.140632 0.00209527 -0.00019778 -0.00166437
0.065387 0.219121 0.15289 0.00227496 -0.00047492 -0.00191166
0.0685131 0.246399 0.149165 0.00228237 -0.00040312 -0.00192931
0.0662834 0.287378 0.164396 0.00232833 -0.00044367 -0.00192836
0.0573943 0.404868 0.22785 0.00154748 -0.0004897 -0.00168118
0.0563466 0.258453 0.167049 0.00200531 -0.00047862 -0.00170323
0.0781231 0.225094 0.132325 0.00199187 0.0003518 -0.00192971
0.0687911 0.270522 0.15735 0.00209882 7.722e-05 -0.00199712
0.0638748 0.284939 0.163912 0.00221477 -0.00014355 -0.00180283
0.0621586 0.322762 0.18967 0.00182046 -0.00022116 -0.00189514
0.0563742 0.378158 0.24493 0.00115364 -8.188e-05 -0.00180619
0.0605572 0.182273 0.142443 0.00162825 -9.872e-05 -0.00204903
0.0695437 0.213693 0.144768 0.00226136 -3.628e-05 -0.00204903
0.0688218 0.262342 0.153213 0.00242116 -2.284e-05 -0.00211001
0.0646876 0.28037 0.160913 0.00216873 -3.342e-05 -0.0021129
0.0543015 0.390126 0.209692 0.00108611 5.97e-05 -0.00204903
0.0656465 0.318861 0.201679 0.00136827 0.00053081 -0.00198434
0.0667646 0.225505 0.141741 0.00200755 8.897e-05 -0.00179903
0.069403 0.257019 0.15739 0.00212173 0.00019588 -0.0019069
0.0689636 0.274034 0.169472 0.00222796 7.723e-05 -0.00204903
0.0662826 0.285045 0.171272 0.00181385 3.124e-05 -0.00204903
0.0457465 0.407136 0.241604 0.00095418 8.1e-06 -0.00186222
0.0437375 0.287577 0.217991 0.00162418 -3.432e-05 -0.00204903
0.0626181 0.206443 0.132286 0.00202271 -7.312e-05 -0.00204903
0.0656084 0.254093 0.150121 0.00208483 1.654e-05 -0.00183342
0.057416 0.33231 0.207412 0.0016741 -0.00044467 -0.00203166
0.0488321 0.368438 0.244039 0.00098377 -0.00031831 -0.00179385
0.0601497 0.202758 0.136704 0.00200515 5.647e-05 -0.00205923
0.0502968 0.266037 0.15228 0.00199682 4.774e-05 -0.00182073
0.0588634 0.277126 0.146151 0.00201948 -7.398e-05 -0.0018081
0.0484169 0.326668 0.17721 0.00166649 -6.165e-05 -0.00192874
0.0329679 0.400359 0.239632 0.0009517 -0.00025145 -0.00217567
0.0404082 0.20798 0.143243 0.00203158 -0.00028303 -0.00199673
0.0583792 0.2228 0.15065 0.00221285 -0.0002203 -0.00188763
0.0579818 0.247834 0.154575 0.00221285 -0.00026616 -0.0018956
0.0477972 0.306272 0.186623 0.00213317 -0.00029279 -0.00209656
0.0412706 0.361685 0.219407 0.00156459 -0.00039754 -0.00215043
0.0608795 0.221319 0.152044 0.00231396 -9.827e-05 -0.00192057
0.0764667 0.254601 0.156006 0.00222034 0.00045091 -0.00196516
0.0514644 0.358572 0.217463 0.00164664 -0.00039558 -0.00199565
0.0375646 0.370043 0.248643 0.00140984 -5.423e-05 -0.00221409
0.0529767 0.186936 0.140647 0.0022009 5.082e-05 -0.00200401
0.0640334 0.235084 0.150787 0.00233152 2.28e-06 -0.00183741
0.0654383 0.264386 0.162057 0.00243389 3.528e-05 -0.00183684
0.0699251 0.258855 0.16163 0.00249689 0.00012804 -0.00186273
0.0502043 0.341189 0.196323 0.00241149 -0.00013541 -0.00211773
0.046105 0.394249 0.259138 0.00146175 0.00014679 -0.00207138
0.056677 0.213787 0.152761 0.00212567 3.007e-05 -0.00204543
0.0787107 0.216588 0.140393 0.00227109 0.00065952 -0.00203459
0.0646724 0.258678 0.15662 0.00231464 0.00024701 -0.00180941
0.0635242 0.256619 0.148813 0.00234444 0.00018055 -0.00190338
0.0637849 0.268443 0.161839 0.00261057 0.0002183 -0.00193062
0.0636144 0.284612 0.160603 0.00228923 0.00023254 -0.00189265
0.0547105 0.391708 0.22178 0.00208014 -0.0001589 -0.00198653
0.060994 0.335128 0.201057 0.00198302 -0.00018871 -0.00205243
0.0636292 0.189292 0.130838 0.00219282 0.00014784 -0.00198904
0.0699584 0.230746 0.148392 0.00213974 0.00010848 -0.00191598
0.0652373 0.255462 0.157656 0.00213242 0.00020757 -0.00187133
0.0698061 0.252655 0.157344 0.0022518 0.00028941 -0.00200336
0.069682 0.316115 0.189607 0.00226957 0.00042013 -0.00205721
0.0431076 0.420725 0.255177 0.00149874 6.096e-05 -0.00209155
0.0507411 0.204516 0.142288 0.00229614 0.00019643 -0.00211292
0.0538469 0.229541 0.14338 0.0022809 4.016e-05 -0.00193422
0.0581709 0.257052 0.149185 0.00239441 -4.552e-05 -0.00203579
0.0489651 0.291872 0.164328 0.00228585 -8.666e-05 -0.00228536
0.0434736 0.382031 0.201023 0.0020557 3.231e-05 -0.00229756
0.0540537 0.20258 0.145719 0.00225278 1.002e-05 -0.00208874
0.0701393 0.239803 0.142292 0.00225687 0.00017791 -0.00187952
0.0652011 0.268128 0.159157 0.0026066 0.00025663 -0.00206848
0.0366635 0.38871 0.210788 0.00161136 -0.00028517 -0.0019539
0.0451961 0.239766 0.136008 0.00200768 1.141e-05 -0.00195033
0.0511917 0.210769 0.128955 0.00209985 3.783e-05 -0.00216031
0.0561371 0.250121 0.134119 0.00219748 -3.92e-05 -0.00210626
0.0595404 0.280179 0.157145 0.0026165 0.00030795 -0.0021382
0.0580554 0.312992 0.169014 0.00234999 2.901e-05 -0.00224329
0.0422875 0.445053 0.270031 0.00156435 0.00041846 -0.00219698
0.0511202 0.29591 0.233901 0.00215149 0.00046626 -0.00223532
0.052598 0.20997 0.141863 0.00245155 0.00045644 -0.00237508
0.0128922 0.268128 0.221295 0.00398543 0.00037404 -0.00312679
0.0359063 0.297033 0.219549 0.00227974 -3.506e-05 -0.00197888
0.0503367 0.27767 0.205238 0.00192127 0.00019732 -0.00192069
0.0538251 0.299624 0.206627 0.00235294 0.00015969 -0.00196274
0.0351263 0.420866 0.275812 0.00164375 1.625e-05 -0.00223172
0.0344274 0.347244 0.262776 0.00222496 0.00033793 -0.00195054
0.0432655 0.229308 0.174004 0.00288453 0.00010484 -0.00204418
0.0406331 0.262009 0.195736 0.00288838 7.95e-05 -0.00202665
0.0485236 0.286581 0.199984 0.00261931 0.00012095 -0.00200515
0.0534023 0.301895 0.210323 0.00264876 0.000273 -0.00217308
0.0537675 0.314124 0.196632 0.00258876 0.00050759 -0.00202638
0.0151079 0.485119 0.325356 0.00161823 0.00087791 -0.00299855
0.0220274 0.300439 0.274145 0.00190793 0.00122299 -0.00291675
0.0279525 0.199233 0.157802 0.00232306 0.00104683 -0.00310399
0.0291741 0.247489 0.183015 0.00265588 0.00104183 -0.00303375
0.0306155 0.272007 0.170725 0.00265408 0.00078856 -0.00300556
0.0227425 0.335738 0.192299 0.00266985 0.00059443 -0.00300658
0.0125748 0.412855 0.267527 0.00187179 0.00072838 -0.00309257
0.0215979 0.23891 0.184763 0.00245901 0.00077168 -0.00325153
0.0356458 0.264211 0.184798 0.00283984 0.00134744 -0.00283375
0.0516921 0.271466 0.199947 0.00240845 0.00198526 -0.00312075
0.0101298 0.426785 0.28523 0.00174433 0.00051379 -0.00329111
0.0084509 0.340539 0.296838 0.00170125 0.00089985 -0.0033375
0.015733 0.245309 0.234634 0.00244261 0.00070905 -0.00333751
0.0209359 0.251217 0.183468 0.00272511 0.00097363 -0.00333751
0.0261926 0.282562 0.192705 0.00270504 0.0010919 -0.00355517
0.0243585 0.30568 0.195958 0.00236578 0.00122974 -0.00354061
0.0179478 0.353195 0.215872 0.00241297 0.00115097 -0.00367694
0.0185781 0.374154 0.224495 0.00204264 0.00128834 -0.00359316
0.019046 0.245806 0.176716 0.00274218 0.00109761 -0.00383449
0.0229224 0.278245 0.208506 0.00270682 0.00103634 -0.00374958
0.0217139 0.289465 0.211751 0.00264969 0.00122961 -0.00399892
0.0157581 0.402426 0.277199 0.00198001 0.00115346 -0.00387075
0.0144392 0.32909 0.270793 0.00222657 0.00129382 -0.00392023
0.0186663 0.219309 0.185417 0.00235604 0.001117 -0.00378925
0.0215142 0.256776 0.201527 0.00249805 0.0011947 -0.00385722
0.0217589 0.301578 0.207032 0.00243168 0.00127465 -0.00396097
0.0205816 0.302605 0.210715 0.00240843 0.00143695 -0.00393615
0.0232693 0.323918 0.215817 0.00279931 0.00147159 -0.00403483
0.032049 0.328333 0.220647 0.00287246 0.00238908 -0.00409767
0.00515198 0.425644 0.256249 0.00203557 0.00135738 -0.00417466
0.00519566 0.347679 0.270088 0.00186321 0.00144315 -0.004176
0.0150268 0.233535 0.196579 0.00257182 0.00140614 -0.0040302
0.0104231 0.290076 0.219914 0.0026595 0.00147427 -0.00408824
0.00762222 0.368182 0.276804 0.00192952 0.00125855 -0.00371313
0.0157534 0.251689 0.206211 0.00265803 0.00129259 -0.00377113
0.0127043 0.290125 0.204678 0.0031013 0.00138772 -0.00394718
0.00300359 0.397361 0.250149 0.00223178 0.0010654 -0.00403653
0.0046082 0.372863 0.251316 0.00224089 0.00095954 -0.00400453
0.0117843 0.285148 0.195404 0.00269351 0.0011335 -0.00424926
0.016637 0.312294 0.19369 0.00278727 0.00163023 -0.0040254
0.00175815 0.427609 0.241685 0.00227336 0.00111954 -0.00418177
-0.00097127 0.338903 0.223664 0.00213353 0.00101136 -0.00393033
0.0157578 0.26337 0.192287 0.00234796 0.00117559 -0.00392182
0.0143727 0.308852 0.207558 0.00232327 0.00119029 -0.00422175
0.0114524 0.318742 0.213026 0.00265275 0.00133566 -0.00410018
0.01432 0.326322 0.21302 0.00245078 0.00134485 -0.00414702
-0.00016995 0.428609 0.251197 0.00225916 0.00095992 -0.00421524
0.00261791 0.308532 0.209787 0.00225531 0.00095992 -0.00408114
0.0156309 0.275613 0.189008 0.00254387 0.00122594 -0.00403756
0.0114148 0.301867 0.196759 0.00234788 0.00114373 -0.00397683
0.0152661 0.292036 0.199896 0.00245502 0.0011945 -0.00423231
-0.00149047 0.398843 0.233565 0.00214269 0.0008606 -0.00423876
-0.003154 0.378643 0.241514 0.00217902 0.00081811 -0.00405558
0.00967632 0.237121 0.169037 0.00235563 0.0010512 -0.00393954
0.0154229 0.285829 0.181426 0.00214082 0.00128199 -0.00406187
0.0123273 0.30455 0.187319 0.00230876 0.00115683 -0.00401767
0.015115 0.302108 0.195243 0.0021328 0.00132169 -0.00419544
0.00431515 0.371035 0.209703 0.00213601 0.00094703 -0.0040676
-0.00248998 0.403969 0.287999 0.0015239 0.00077321 -0.00377113
-0.00038518 0.25755 0.208333 0.00192381 0.00079539 -0.00377113
0.0155508 0.277743 0.190604 0.00222902 0.00108148 -0.00396875
0.0155405 0.282701 0.192472 0.00227347 0.00111722 -0.00398029
0.00522074 0.301509 0.196505 0.00245354 0.00096291 -0.00404011
-0.0119096 0.441027 0.264349 0.00174108 0.00069113 -0.00402015
-0.0101278 0.316221 0.255487 0.00159295 0.00044908 -0.0039776
0.00169325 0.237938 0.16887 0.00216753 0.0007494 -0.0040862
0.00719062 0.279832 0.18594 0.00236256 0.00093299 -0.00410353
0.0115329 0.300418 0.187166 0.00242993 0.00084567 -0.00403526
-0.00133291 0.376951 0.205724 0.0022062 0.00070758 -0.00422572
4.639e-05 0.327614 0.173286 0.00237251 0.0005289 -0.00403723
0.00590564 0.282267 0.163488 0.0024813 0.00070758 -0.00399226
0.00981839 0.310008 0.184486 0.00257143 0.00070758 -0.00393691
0.0112627 0.310943 0.185934 0.00241216 0.00070758 -0.00399493
0.0004692 0.37533 0.222572 0.00193566 0.00070758 -0.00407378
-0.00137987 0.386557 0.244558 0.00226004 0.00097128 -0.00395147
0.00198979 0.238001 0.173326 0.00235955 0.00076119 -0.00377113
0.00530507 0.286238 0.181078 0.0028265 0.00070758 -0.0039323
-0.00172599 0.395996 0.225868 0.00233991 0.00076131 -0.00406359
0.00606635 0.25552 0.17246 0.00231046 0.00077414 -0.00406027
0.00616559 0.27758 0.173463 0.00247823 0.00070758 -0.0041398
0.00788759 0.310528 0.177223 0.00246464 0.00070758 -0.00408682
0.0152696 0.313726 0.174194 0.00277864 0.00070758 -0.00410844
-6.253e-05 0.380553 0.216795 0.00219985 0.00070758 -0.00415933
-0.00094992 0.442039 0.29456 0.0018713 0.00070758 -0.0040727
0.00674176 0.266844 0.220698 0.00203909 0.00071904 -0.0040224
0.00822618 0.267924 0.167536 0.00255156 0.00090339 -0.00431179
0.0152216 0.279411 0.177103 0.00277865 0.00095487 -0.00418754
0.00724412 0.291661 0.172498 0.00232891 0.00084518 -0.0040783
0.00503191 0.287831 0.183486 0.00277865 0.00095487 -0.00416409
-0.00350598 0.398887 0.214765 0.00237758 0.00054938 -0.00425388
-0.011523 0.431481 0.285158 0.00189353 0.00049224 -0.00385211
-0.00235863 0.260842 0.203042 0.00241305 0.00056225 -0.00424736
0.00372584 0.275842 0.167189 0.00281768 0.00075705 -0.00435366
0.00493621 0.294074 0.189016 0.0027373 0.00095423 -0.00439695
-0.00117356 0.34972 0.216556 0.00252416 0.00070638 -0.00431214
-0.00999242 0.386871 0.252056 0.00222209 0.00073532 -0.00425458
-0.0104854 0.186222 0.166379 0.00412383 0.00106785 -0.00459841
-0.0483338 0.2608 0.161038 0.00630941 0.00096941 -0.00548232
-0.00979225 0.315448 0.228367 0.00439521 0.00019659 -0.00391305
-0.00293796 0.340062 0.236642 0.00307347 0.00015926 -0.00321449
-0.0112791 0.39643 0.262899 0.00326844 -0.00012449 -0.0030947
-0.0153742 0.478918 0.360961 0.00272431 -0.00012449 -0.00304573
-0.00644328 0.292968 0.261349 0.00348197 -0.00012449 -0.00306714
-0.00575304 0.307094 0.252584 0.0038108 0.00019513 -0.00309862
0.0032506 0.340618 0.268141 0.00392183 0.0005678 -0.0031979
-0.00631763 0.401537 0.285752 0.00381845 0.00019558 -0.00340177
-0.0047284 0.46903 0.351448 0.00320409 0.00054501 -0.00345304
-0.00752801 0.300426 0.236739 0.00363851 0.00053554 -0.00356444
-0.00646357 0.346149 0.234876 0.0038208 0.00063569 -0.00347244
-0.0042159 0.362618 0.250075 0.00398903 0.00059403 -0.00344041
-0.0146998 0.479294 0.310849 0.00319573 0.00063344 -0.00378339
-0.0063629 0.381754 0.265088 0.00363792 0.00077266 -0.00361724
-0.00468278 0.299893 0.225168 0.00395519 0.00043348 -0.00338331
-0.00575887 0.331905 0.236518 0.00363792 0.00043348 -0.00346913
-0.00443501 0.33207 0.250205 0.00376263 0.00043348 -0.0034404
-0.00455772 0.358171 0.258573 0.0038394 0.00053022 -0.0035687
-0.00731631 0.416203 0.300205 0.00358266 0.00043348 -0.00355063
-0.00913383 0.490112 0.36761 0.00274794 0.00065452 -0.00343952
-0.00761017 0.284234 0.263169 0.00329438 0.0005911 -0.00356564
-0.00731331 0.309451 0.233041 0.00353313 0.00043348 -0.00345955
-0.00705464 0.337471 0.245702 0.0036135 0.0005374 -0.00343209
-0.00640417 0.350941 0.24463 0.00402672 0.00043348 -0.00348142
-0.0123527 0.451348 0.269938 0.00379332 0.00026839 -0.00363822
-0.0157175 0.479439 0.318584 0.00319958 0.00049144 -0.00354883
-0.0140917 0.319939 0.276379 0.00359446 0.00043348 -0.00356741
-0.00158626 0.310239 0.224894 0.00378435 0.00074544 -0.00372878
-0.00663971 0.326687 0.23832 0.00348678 0.00062507 -0.0036712
-0.0147954 0.456799 0.325779 0.00318216 0.0002235 -0.00361065
-0.0129318 0.344102 0.285932 0.0034131 0.00035845 -0.00360529
-0.00811958 0.314753 0.224089 0.00362297 0.00043348 -0.00366927
-0.0117394 0.349976 0.236601 0.00363884 0.00043348 -0.00385235
-0.00836732 0.356076 0.237124 0.00400694 0.00050773 -0.00375189
-0.0136771 0.439468 0.27566 0.00374216 0.00043348 -0.00366194
-0.01584 0.408476 0.278713 0.00326839 0.00035207 -0.00366508
-0.00764263 0.2858 0.215449 0.00344567 0.00036723 -0.00356652
-0.00428706 0.31966 0.238721 0.00360411 0.00076352 -0.00355668
-0.0064082 0.348142 0.241096 0.00365845 0.00059641 -0.00365422
-0.0170267 0.479563 0.325256 0.00294714 0.00059641 -0.00358407
-0.00940233 0.312753 0.244722 0.00329244 0.00059641 -0.00349546
-0.00853592 0.319627 0.224281 0.0035852 0.00059641 -0.00381721
-0.010605 0.340548 0.232007 0.00386184 0.00059641 -0.00383719
-0.00859958 0.353777 0.236743 0.00370455 0.00059641 -0.00382702
-0.00761595 0.366162 0.244745 0.00370174 0.00059641 -0.00370281
-0.0129988 0.454426 0.273459 0.0032792 0.00051236 -0.00384387
-0.0121843 0.412367 0.29725 0.0031871 0.00059641 -0.00384073
-0.00778032 0.30516 0.237412 0.00339293 0.00081033 -0.00381293
0.0049557 0.324465 0.246416 0.00331307 0.00123849 -0.00372736
-0.00719992 0.338049 0.253333 0.00309996 0.00073743 -0.00350338
-0.00669035 0.345572 0.23431 0.00321532 0.00070401 -0.00380478
-0.00672791 0.358077 0.246437 0.0034222 0.00063393 -0.00354767
-0.0184818 0.458001 0.288731 0.00308107 6.414e-05 -0.0038119
-0.0212904 0.404241 0.264783 0.00336162 -3.78e-06 -0.0035172
-0.011142 0.303698 0.206656 0.00347122 0.000261 -0.0036287
-0.00930303 0.329436 0.226424 0.00336938 0.00013073 -0.00349574
-0.0150081 0.372239 0.249196 0.00322394 0.00014997 -0.00356481
-0.0105895 0.39562 0.247648 0.00298923 0.00046753 -0.00358182
-0.0109916 0.302921 0.212737 0.00319437 0.00036534 -0.00350056
-0.00981165 0.326863 0.223034 0.00329996 0.00034274 -0.00371872
-0.00917572 0.325426 0.209396 0.00348409 0.00031485 -0.00372951
-0.0206225 0.370094 0.230693 0.00301456 -3.78e-06 -0.00367392
-0.0317381 0.412698 0.247425 0.00279911 -7.916e-05 -0.00345855
-0.0160847 0.292776 0.194534 0.00322804 4.642e-05 -0.00352277
-0.00826505 0.323324 0.215548 0.00331675 0.00017263 -0.00344407
-0.0158754 0.344836 0.222115 0.00326221 0.00012186 -0.00358459
-0.0167726 0.365643 0.236101 0.00340117 -3.78e-06 -0.00371454
-0.0175894 0.39047 0.250247 0.00342361 -3.78e-06 -0.00389002
-0.0275913 0.470683 0.303159 0.00249401 -0.0006071 -0.0042425
-0.0268335 0.428871 0.295253 0.00255831 -0.00031872 -0.00399083
-0.0217483 0.3047 0.21749 0.00279322 -0.0003049 -0.0040083
-0.0217382 0.344456 0.234206 0.00312614 -0.00034439 -0.0039495
-0.0184601 0.363372 0.23646 0.00307876 -0.00019717 -0.00391093
-0.0332073 0.458393 0.274553 0.00246104 -0.00048231 -0.00399551
-0.0221628 0.329983 0.227908 0.00277791 -0.00027185 -0.00401312
-0.0188072 0.362729 0.239166 0.00301711 -0.00031359 -0.00398317
-0.00968946 0.378443 0.240522 0.0033186 -2.8e-07 -0.00407727
-0.0146217 0.415366 0.283208 0.00287091 -0.00013065 -0.00412667
-0.0238478 0.514709 0.385179 0.00153247 -0.00025028 -0.00387652
-0.0221879 0.321987 0.263458 0.0025657 -0.00021563 -0.00402192
-0.0172824 0.33621 0.224517 0.00284077 -5.782e-05 -0.00417038
-0.0150216 0.372518 0.244753 0.00275415 1.43e-06 -0.00401646
-0.0262814 0.474489 0.310488 0.00253927 -0.00036967 -0.00410488
-0.015601 0.330238 0.200639 0.00296309 3.366e-05 -0.00402358
-0.0150379 0.365437 0.228108 0.003228 -0.0001603 -0.004183
-0.0222149 0.494437 0.319021 0.00280011 -0.00036967 -0.00409113
-0.0135919 0.425295 0.301885 0.00297715 0.00021847 -0.00398213
-0.0198432 0.253097 0.17576 0.00512142 -3.84e-06 -0.00394447
-0.0376289 0.257401 0.167797 0.00766685 -0.00045829 -0.00420917
-0.00854772 0.33281 0.235144 0.00392448 -0.00048862 -0.00352123
0.00255337 0.332743 0.221954 0.00308664 -0.00134309 -0.00248663
0.00687776 0.418633 0.26938 0.00209489 -0.00164631 -0.00192473
-0.00673336 0.455862 0.29715 0.00253573 -0.00176073 -0.00229502
-0.00253138 0.272016 0.201075 0.00302679 -0.00127343 -0.00275081
-0.0050649 0.32027 0.21995 0.00297681 -0.00135128 -0.00302853
-0.00823591 0.326902 0.22565 0.00308394 -0.00154084 -0.00302329
0.00356925 0.342641 0.22533 0.00290465 -0.0011672 -0.00318026
-0.0168619 0.474141 0.316826 0.00194711 -0.00168314 -0.00314423
-0.0151629 0.318661 0.26814 0.00237598 -0.00135136 -0.00333229
-0.003337 0.280786 0.193782 0.00266865 -0.00115117 -0.00332272
-0.00304297 0.31837 0.213308 0.00314493 -0.00115117 -0.00339791
-0.0114153 0.331716 0.210919 0.0027078 -0.00115117 -0.00355717
-0.0155716 0.393342 0.233667 0.00276519 -0.0016423 -0.00345902
-0.0193037 0.422696 0.247708 0.00241176 -0.00156633 -0.00340054
-0.007792 0.275107 0.18787 0.00266707 -0.00129999 -0.0033414
-0.00689035 0.311062 0.196069 0.00263953 -0.00105609 -0.00339077
-0.00600206 0.318288 0.194377 0.00257914 -0.00096451 -0.00349774
-0.00437288 0.396135 0.24788 0.00242902 -0.00126131 -0.003683
-0.0112073 0.464945 0.364589 0.00176912 -0.00074678 -0.00364188
-0.0177145 0.269423 0.213237 0.00241667 -0.00079875 -0.00377622
-0.0115217 0.286851 0.191831 0.00280418 -0.00067098 -0.00385799
-0.0102356 0.315059 0.193916 0.00267244 -0.00075793 -0.00380391
-0.0103471 0.339532 0.205502 0.00264342 -0.00071906 -0.00380478
-0.00953103 0.348281 0.20872 0.00303687 -0.00073224 -0.00390494
-0.017658 0.448317 0.257851 0.00270374 -0.00090198 -0.00383646
-0.0215542 0.46188 0.298591 0.0022207 -0.00110638 -0.00380211
-0.0165087 0.264745 0.194872 0.0025202 -0.00113714 -0.0037952
-0.014406 0.298344 0.198727 0.0029091 -0.0009923 -0.00375473
-0.00946912 0.305297 0.200599 0.00297426 -0.00082694 -0.00383652
-0.0193456 0.431015 0.284787 0.00200393 -0.00139927 -0.00371567
-0.0188488 0.332923 0.223066 0.0022516 -0.00115694 -0.00367912
-0.0152472 0.280237 0.185452 0.00267828 -0.00097125 -0.00380244
-0.0118635 0.319221 0.195054 0.00254279 -0.00108132 -0.0038259
-0.0115609 0.329983 0.193486 0.0026934 -0.00085598 -0.00381648
-0.0217705 0.421488 0.23112 0.00256388 -0.0011115 -0.00385285
-0.0215039 0.461564 0.290141 0.00236324 -0.00111001 -0.00370101
-0.0151177 0.274656 0.182661 0.00260687 -0.00103006 -0.00371775
-0.0104143 0.292492 0.193626 0.00281541 -0.00109823 -0.00380803
-0.0120644 0.294457 0.193182 0.00277858 -0.00089213 -0.00385271
-0.0226869 0.372649 0.228283 0.00250283 -0.00116588 -0.00382384
-0.0230723 0.406618 0.252876 0.00187003 -0.00134435 -0.00374473
-0.0195326 0.24587 0.174107 0.00252083 -0.00117805 -0.00379292
-0.0175065 0.301205 0.189317 0.00251193 -0.0009872 -0.00379872
-0.0149992 0.318826 0.191216 0.00261861 -0.00076696 -0.00396234
-0.0119775 0.343591 0.192701 0.00276193 -0.00119392 -0.00383574
-0.0190796 0.426608 0.242846 0.00235563 -0.00119392 -0.00383043
-0.0268685 0.418732 0.247482 0.00220004 -0.00144646 -0.00370638
-0.0144216 0.256832 0.162517 0.00243939 -0.00102833 -0.00374664
-0.00299901 0.293273 0.182093 0.002755 -0.00050651 -0.00398326
-0.00298785 0.354323 0.19916 0.00279516 -0.00051507 -0.00395564
-0.0173676 0.421401 0.264151 0.00181555 -0.00092338 -0.00384307
-0.0201047 0.2473 0.160104 0.00188529 -0.00095662 -0.00379919
-0.0187247 0.279908 0.178116 0.00259615 -0.00090095 -0.00389041
-0.0157147 0.311815 0.18289 0.00250688 -0.00089936 -0.0039013
-0.017392 0.353773 0.189559 0.00261563 -0.00083345 -0.00384548
-0.0200273 0.468818 0.263999 0.00174875 -0.00125034 -0.0038023
-0.0138532 0.273265 0.160628 0.00235672 -0.00097354 -0.00386773
-0.0124192 0.290131 0.185616 0.00275467 -0.00111288 -0.00384572
-0.00323534 0.294705 0.182073 0.00287036 -0.00042642 -0.00412726
-0.0197859 0.426922 0.24516 0.00216071 -0.00125489 -0.0041177
-0.0192773 0.307451 0.185163 0.00241362 -0.00106101 -0.00405464
-0.0120965 0.306122 0.185953 0.00272731 -0.00080587 -0.00406171
-0.0144499 0.322277 0.199316 0.00297376 -0.00093105 -0.00386609
-0.014285 0.336389 0.193068 0.00253665 -0.00108133 -0.00396847
-0.0117246 0.344268 0.192932 0.00253788 -0.00102514 -0.00418238
-0.0131708 0.417857 0.224699 0.00207366 -0.00093105 -0.0041262
-0.0196274 0.406176 0.235252 0.00183529 -0.00093105 -0.00411603
-0.020369 0.295089 0.218109 0.00233364 -0.00124322 -0.0042265
-0.0203466 0.298399 0.212938 0.00255216 -0.00147538 -0.00422469
-0.0179006 0.299318 0.206435 0.00289713 -0.00117674 -0.00412
-0.0141239 0.320533 0.208189 0.00258208 -0.00136595 -0.00414826
-0.022846 0.446485 0.280798 0.0017178 -0.00141458 -0.00411817
-0.0288593 0.422141 0.317522 0.00166334 -0.0014274 -0.00409877
-0.0315942 0.31014 0.256937 0.0020838 -0.00167359 -0.00420796
-0.0387714 0.307705 0.225019 0.00203359 -0.00135586 -0.00431539
-0.0319267 0.325945 0.223551 0.00217367 -0.0011295 -0.0044491
-0.0223388 0.319079 0.225337 0.00209302 -0.00110396 -0.00415149
-0.0343 0.415466 0.273703 0.00164279 -0.00141047 -0.00426847
-0.0311814 0.419827 0.309377 0.00154389 -0.00160534 -0.00415763
-0.0343019 0.309461 0.255244 0.00186423 -0.00167064 -0.00428815
-0.0283081 0.287517 0.210663 0.00226586 -0.00118441 -0.00429092
-0.0221911 0.317306 0.211229 0.00184619 -0.00108062 -0.00439177
-0.025875 0.324711 0.204701 0.00192357 -0.00098171 -0.00428281
-0.0146012 0.329773 0.215472 0.00219566 -0.00096595 -0.00416581
-0.0378855 0.402117 0.204921 0.00149113 -0.00111519 -0.00414724
-0.0327582 0.314946 0.1726 0.00171246 -0.00126328 -0.00387391
-0.0212708 0.277584 0.183872 0.00178818 -0.00126456 -0.00375967
-0.0123075 0.303554 0.186259 0.00196427 -0.00092801 -0.00387391
-0.0110697 0.315061 0.176497 0.00205095 -0.00106733 -0.00381842
-0.0343327 0.389957 0.240044 0.00134943 -0.00163353 -0.00387391
-0.0297519 0.300563 0.185818 0.00150985 -0.00139617 -0.0040097
-0.0157121 0.271581 0.164454 0.00204716 -0.0007418 -0.00372888
-0.0341078 0.263632 0.186475 0.002928 -0.0006852 -0.00404828
-0.026941 0.291714 0.223914 0.00320103 -0.00089658 -0.00391533
-0.0270923 0.324693 0.222788 0.00169179 -0.00119566 -0.00366109
-0.0312262 0.495747 0.377782 8.817e-05 -0.00076535 -0.00341503
-0.0231412 0.390343 0.404305 0.00052678 0.00010674 -0.0033919
-0.0271662 0.230465 0.225245 0.00186942 -0.00077926 -0.00371109
-0.0306473 0.288377 0.201453 0.00183913 -0.00090107 -0.00378203
-0.022134 0.338311 0.229872 0.0019412 -0.00089495 -0.00394015
-0.0243648 0.378215 0.240628 0.00178706 -0.00119566 -0.00393478
-0.0329609 0.467783 0.298288 0.00239333 -0.00092615 -0.00396697
-0.0150748 0.293003 0.190041 0.00296328 -0.00071261 -0.00377673
-0.0236477 0.320888 0.196393 0.00245102 -0.00095028 -0.0037796
-0.0244372 0.354869 0.227765 0.00243482 -0.00119566 -0.00362014
-0.0297607 0.441477 0.331832 0.00128908 -0.00119566 -0.0034457
-0.0204951 0.277644 0.229189 0.00212612 -0.00121493 -0.00335808
-0.0198189 0.286844 0.206776 0.00258219 -0.00133951 -0.0034457
-0.017913 0.323457 0.227192 0.00250277 -0.00174391 -0.0034457
-0.0216316 0.346991 0.236553 0.00226387 -0.00174391 -0.0034457
-0.0192945 0.358463 0.234429 0.00226442 -0.00179728 -0.0034457
-0.0275469 0.463004 0.303232 0.00170358 -0.00212888 -0.0036516
-0.0246349 0.336111 0.220968 0.00208574 -0.0019467 -0.00366977
-0.0227144 0.324061 0.230597 0.0019628 -0.00178758 -0.00362895
-0.023865 0.350344 0.233219 0.00187652 -0.00191351 -0.00374998
-0.0262943 0.493758 0.348921 0.00113577 -0.00227458 -0.00316708
-0.0167116 0.373489 0.318971 0.00158928 -0.00163786 -0.0028787
-0.00995891 0.242834 0.193689 0.00230793 -0.00158946 -0.00331695
-0.0227797 0.300651 0.201457 0.00211832 -0.00168404 -0.00359174
-0.0121953 0.332938 0.205435 0.00226805 -0.00169643 -0.0036883
-0.0152799 0.354885 0.190943 0.002153 -0.00137591 -0.00365794
-0.0194649 0.393321 0.22868 0.00197705 -0.0017022 -0.00359235
-0.0240924 0.512239 0.352482 0.00099451 -0.00192576 -0.00335304
-0.01238 0.355722 0.299375 0.00182448 -0.00197904 -0.00345957
-0.0196409 0.290483 0.196267 0.00210786 -0.00190117 -0.00347012
-0.0236783 0.320186 0.199887 0.00229723 -0.0017296 -0.00344486
-0.0280321 0.330557 0.2108 0.00241095 -0.00193978 -0.0037574
-0.0246637 0.450162 0.267168 0.00136007 -0.00175837 -0.00346725
-0.0249041 0.352349 0.240841 0.00142475 -0.00184977 -0.00346224
-0.0213924 0.287884 0.18393 0.00178019 -0.00174646 -0.00345019
-0.0190839 0.319827 0.192645 0.001929 -0.00171 -0.00344471
-0.0238174 0.404232 0.249697 0.00149094 -0.00192043 -0.00344468
-0.0165713 0.404555 0.268282 0.00116856 -0.00192389 -0.00353716
-0.019997 0.291923 0.18762 0.00167205 -0.00194485 -0.00343777
-0.0250306 0.325985 0.191699 0.00181333 -0.0017765 -0.00376107
-0.0225445 0.337019 0.203527 0.00165292 -0.00191787 -0.00370118
-0.0284612 0.404032 0.227882 0.00137846 -0.00182201 -0.00362923
-0.0187408 0.476453 0.321568 0.0006051 -0.00153523 -0.0036231
-0.0221788 0.289844 0.215545 0.0016715 -0.00177081 -0.00346357
-0.0187332 0.270726 0.196453 0.00201112 -0.00188254 -0.0034359
-0.0208023 0.315774 0.19958 0.00192003 -0.00178572 -0.00344927
-0.0244978 0.358746 0.234004 0.00178799 -0.00172002 -0.00346031
-0.0223151 0.452306 0.321472 0.00068791 -0.0017421 -0.0034414
-0.0175358 0.285035 0.20148 0.00179325 -0.00173411 -0.00351203
-0.0198784 0.312558 0.188112 0.00183287 -0.00188899 -0.00369021
-0.0197022 0.340916 0.197852 0.00210209 -0.00185122 -0.00349771
-0.0209374 0.35018 0.206863 0.00215962 -0.0019143 -0.0036974
-0.0219939 0.397666 0.235473 0.00149849 -0.00181848 -0.00359498
-0.0216794 0.429257 0.246566 0.00071089 -0.00172356 -0.00352374
-0.0263074 0.269089 0.173726 0.00176985 -0.00182724 -0.00349513
-0.0202478 0.282875 0.198141 0.00203345 -0.00163531 -0.00369424
-0.0220714 0.320918 0.21374 0.00195944 -0.00177219 -0.0035228
-0.0206757 0.409712 0.256413 0.00147091 -0.00203556 -0.00357884
-0.0199332 0.430506 0.320363 0.00145831 -0.00219048 -0.0034183
-0.022506 0.283345 0.219911 0.00194233 -0.00207977 -0.00339742
-0.0199592 0.322449 0.192108 0.00218482 -0.00179185 -0.0034914
-0.0201575 0.348939 0.20477 0.00240369 -0.00179185 -0.00368734
-0.021519 0.440024 0.270341 0.00167104 -0.00199449 -0.00355467
-0.023441 0.397474 0.276116 0.00145555 -0.00190502 -0.00359183
-0.0166309 0.292003 0.176112 0.00209013 -0.00154897 -0.0034759
-0.0331714 0.23865 0.146023 0.00690465 -0.0015061 -0.00412892
-0.0171602 0.341354 0.215271 0.00343533 -0.00134085 -0.00316268
-0.0158622 0.343436 0.209918 0.00256055 -0.00164503 -0.00313804
-0.0205709 0.436474 0.25453 0.00171489 -0.00202596 -0.00323809
-0.018818 0.415713 0.303552 0.00166388 -0.00197408 -0.00303529
-0.015629 0.287661 0.199178 0.00234254 -0.00175992 -0.00313473
-0.0179939 0.32413 0.205729 0.00253464 -0.00187684 -0.00338458
-0.0141885 0.348234 0.208547 0.00235783 -0.00202596 -0.00338139
-0.00289387 0.429529 0.266384 0.0017473 -0.00183609 -0.00329955
-0.0025915 0.383744 0.205633 0.00172576 -0.00164749 -0.00319688
-0.00279026 0.314404 0.183601 0.00228217 -0.00157614 -0.00330811
-0.0177326 0.391218 0.224099 0.0019544 -0.00202596 -0.00343587
-0.0194244 0.492262 0.359957 0.00088149 -0.00232627 -0.00314817
-0.0227378 0.310162 0.24588 0.00163968 -0.00215845 -0.00303529
-0.0158467 0.305037 0.187054 0.00216476 -0.00197865 -0.00331212
-0.0159116 0.339274 0.207542 0.00199498 -0.00196236 -0.00316411
-0.0159142 0.470963 0.293297 0.00126173 -0.00211888 -0.00303529
-0.0202158 0.321613 0.199783 0.00202836 -0.00227018 -0.00318651
-0.0152257 0.317657 0.193563 0.00219218 -0.0020121 -0.00325968
-0.0164576 0.342203 0.200481 0.00206221 -0.00216622 -0.0032712
-0.0166768 0.365164 0.214453 0.00203699 -0.00228494 -0.00337678
-0.0140321 0.362797 0.21058 0.00210432 -0.00206484 -0.00327746
-0.0117003 0.379192 0.220924 0.00239294 -0.00195322 -0.00333556
-0.0238988 0.527568 0.346066 0.00065786 -0.00232633 -0.00303529
-0.0184809 0.340953 0.284541 0.0013944 -0.0023157 -0.00303529
-0.0176169 0.278502 0.188412 0.00234901 -0.00215456 -0.00339378
-0.0144996 0.318695 0.205122 0.00215521 -0.00215098 -0.00328145
-0.0186153 0.335336 0.215171 0.00199518 -0.00218369 -0.00333748
-0.0200208 0.356234 0.217876 0.00226859 -0.00222639 -0.0034
-0.0239752 0.492165 0.311387 0.00129924 -0.00259036 -0.00317624
-0.0238663 0.379301 0.256285 0.00157361 -0.00240788 -0.00318353
-0.0117725 0.308296 0.194934 0.00222012 -0.00204529 -0.00333704
-0.00994818 0.34024 0.196888 0.00236484 -0.00180958 -0.00331314
-0.0109229 0.416699 0.256363 0.00171277 -0.00215185 -0.00303529
-0.0149791 0.449743 0.320102 0.00111855 -0.00229889 -0.00303529
-0.0206092 0.278586 0.203691 0.00189197 -0.00210338 -0.00328509
-0.0209912 0.305626 0.19872 0.00178921 -0.00223946 -0.00327849
-0.0211573 0.336052 0.200071 0.00247823 -0.00201239 -0.00328156
-0.0271027 0.454593 0.269712 0.00162157 -0.00263031 -0.00303529
-0.0263792 0.398814 0.251986 0.00172252 -0.00254445 -0.00303529
-0.0117423 0.305072 0.193753 0.00205263 -0.00208418 -0.00303529
-0.0180682 0.343971 0.21986 0.00222391 -0.00236669 -0.00303529
-0.0179407 0.35471 0.220299 0.00215777 -0.0023398 -0.00303529
-0.0179877 0.371189 0.227929 0.00231988 -0.0023407 -0.00303529
-0.00572236 0.380248 0.239214 0.00219907 -0.00202758 -0.0032095
-0.0111 0.517614 0.355099 0.00093753 -0.00202397 -0.00303529
-0.0276832 0.348931 0.308436 0.0017547 -0.0023722 -0.00303529
-0.0142839 0.268241 0.184826 0.00191901 -0.00194388 -0.00313222
-0.0194261 0.312724 0.212292 0.00185869 -0.00189713 -0.003313
-0.0210693 0.338539 0.214729 0.00190526 -0.00209233 -0.00331809
-0.0344379 0.43265 0.267534 0.00163727 -0.00285106 -0.00332224
-0.0332975 0.472084 0.311373 0.00147966 -0.00296577 -0.00303529
-0.0259314 0.313932 0.210117 0.00222134 -0.00264224 -0.00329148
-0.0193816 0.332303 0.205089 0.00256187 -0.00224505 -0.00323876
-0.0142166 0.364773 0.211858 0.00216056 -0.00216615 -0.00316613
-0.0249625 0.516018 0.343029 0.00125075 -0.00263534 -0.00296137
-0.0231047 0.36597 0.300422 0.00165871 -0.00232069 -0.00304657
-0.019404 0.287423 0.193581 0.00193132 -0.00237352 -0.00301394
-0.020269 0.322669 0.196669 0.00226026 -0.00184772 -0.00327788
-0.021875 0.351032 0.216835 0.00190086 -0.00241553 -0.00308564
-0.0285556 0.491304 0.316778 0.00152332 -0.00243391 -0.00305643
-0.022413 0.37009 0.264348 0.00173742 -0.00233163 -0.00298736
-0.0158267 0.308037 0.18909 0.00234632 -0.0020444 -0.00318893
-0.0146101 0.327437 0.198949 0.0020753 -0.00214983 -0.00301246
-0.0187243 0.361682 0.201283 0.00200631 -0.00242947 -0.00310029
-0.0182149 0.351135 0.210075 0.00208065 -0.00242947 -0.00322255
-0.0205847 0.401235 0.236746 0.00170546 -0.00242947 -0.00304982
-0.0258523 0.471954 0.303723 0.00144619 -0.0025858 -0.00289334
-0.0197988 0.286203 0.186555 0.00207153 -0.00242225 -0.00308449
-0.0197871 0.309804 0.195348 0.00193818 -0.00230005 -0.00308059
-0.0200612 0.328457 0.202224 0.00189245 -0.00239409 -0.00319335
-0.0201682 0.331178 0.2112 0.00201891 -0.00233151 -0.00324843
-0.0203533 0.411514 0.256047 0.00180071 -0.00248399 -0.00327923
-0.025221 0.432556 0.291307 0.0012559 -0.00251206 -0.00303402
-0.0151825 0.290936 0.182111 0.00251661 -0.0019119 -0.00332361
-0.0155213 0.349091 0.198662 0.00220831 -0.0020141 -0.00322477
-0.0179787 0.351842 0.204626 0.00220831 -0.0022117 -0.0032449
-0.0253201 0.384229 0.217619 0.00241514 -0.00240838 -0.00311608
-0.0335341 0.46926 0.297363 0.00173566 -0.00273555 -0.00286784
-0.0275106 0.300502 0.216774 0.00219549 -0.00252472 -0.00298802
-0.0206466 0.307199 0.197858 0.00225378 -0.00245388 -0.00310254
-0.00738762 0.304336 0.179051 0.00228158 -0.00173049 -0.00340825
-0.0237607 0.448716 0.262934 0.00111548 -0.00223158 -0.00316364
-0.0257427 0.358028 0.231029 0.00116929 -0.00221371 -0.00305184
-0.019861 0.285342 0.179147 0.00216568 -0.00204831 -0.00326554
-0.0265821 0.336597 0.186445 0.00175607 -0.00230228 -0.00313818
-0.0252974 0.487973 0.311694 0.00114669 -0.00248933 -0.00313586
-0.0259273 0.377643 0.276344 0.00138757 -0.00230047 -0.00296169
-0.0176485 0.286205 0.174824 0.00196241 -0.00188858 -0.00300014
-0.0177652 0.308451 0.197753 0.00210785 -0.00188858 -0.00306237
-0.0177794 0.346124 0.218275 0.00183626 -0.00200752 -0.00304023
-0.0183522 0.441462 0.279951 0.00139192 -0.00220243 -0.00323129
-0.0249037 0.440395 0.308583 0.00119621 -0.00237184 -0.00304596
-0.012016 0.281992 0.185473 0.00198057 -0.00189132 -0.00321425
-0.0181337 0.402838 0.233862 0.00138706 -0.00200812 -0.00319037
-0.027308 0.458198 0.32997 0.00082587 -0.00260969 -0.00288151
-0.0207021 0.281271 0.186032 0.00188948 -0.00210153 -0.00317044
-0.0180105 0.318847 0.193545 0.00200736 -0.00222131 -0.00313661
-0.0246612 0.33081 0.197278 0.00204269 -0.00206746 -0.00328324
-0.027595 0.429352 0.26983 0.00123493 -0.00268595 -0.00310965
-0.0234217 0.444969 0.3024 0.00151814 -0.00246418 -0.00304918
-0.0161912 0.284609 0.191992 0.00181973 -0.00206016 -0.003113
-0.0113985 0.30974 0.182357 0.00187428 -0.00196708 -0.00313582
-0.0270867 0.396536 0.247625 0.00129373 -0.00235993 -0.0031306
-0.0243763 0.410637 0.296575 0.00088931 -0.00247557 -0.00290053
-0.0253604 0.289459 0.191499 0.00160296 -0.00231307 -0.00308975
-0.0242134 0.303394 0.180042 0.00185943 -0.00231465 -0.0032224
-0.023794 0.327166 0.187779 0.00200524 -0.00238359 -0.00311485
-0.0165641 0.350238 0.21196 0.00183595 -0.00216096 -0.00327178
-0.0179609 0.42656 0.262137 0.00134283 -0.00240662 -0.00335147
-0.0236567 0.450041 0.319591 0.00080371 -0.00243744 -0.00304829
-0.0191975 0.278872 0.208499 0.00135468 -0.00228363 -0.00308764
-0.00789614 0.307822 0.213741 0.00161339 -0.00220619 -0.00317554
-0.0107324 0.314883 0.203376 0.00146482 -0.00211338 -0.00333629
-0.0177874 0.335512 0.210795 0.00161326 -0.00202007 -0.00340353
-0.0232795 0.353456 0.216131 0.00151128 -0.00213877 -0.00336937
-0.0256285 0.482763 0.303249 0.00076926 -0.00256012 -0.00298438
-0.0214293 0.36397 0.263867 0.00121169 -0.00235745 -0.00288193
-0.0210082 0.286968 0.192734 0.00144995 -0.00228852 -0.00286122
-0.0212148 0.307782 0.191309 0.0016166 -0.00223466 -0.00294168
-0.0288581 0.399985 0.256915 0.00099398 -0.00255002 -0.00301547
-0.0312835 0.362536 0.241007 0.00109936 -0.00257587 -0.0030288
-0.0239277 0.307037 0.193455 0.00126895 -0.00225451 -0.00297826
-0.0228402 0.325875 0.191119 0.00152978 -0.00232747 -0.00302311
-0.0210115 0.390517 0.228798 0.00131705 -0.00226667 -0.0031253
-0.0254529 0.50626 0.338504 0.00046444 -0.00221281 -0.00268942
-0.0257453 0.338014 0.30347 0.00070238 -0.00238469 -0.00268942
-0.0176287 0.280278 0.19587 0.00157043 -0.00199424 -0.00297466
-0.019389 0.310837 0.201997 0.00157723 -0.00197788 -0.00318128
-0.0213076 0.332295 0.209915 0.00184768 -0.00201189 -0.00312632
-0.0210958 0.374363 0.225528 0.00140394 -0.0022734 -0.00310293
-0.0211174 0.480069 0.32041 0.00077091 -0.00244708 -0.00304336
-0.0160443 0.291628 0.179955 0.0015286 -0.00206713 -0.00303734
-0.0169613 0.351306 0.216002 0.00168357 -0.00186382 -0.0034369
-0.0168019 0.348901 0.22559 0.00145608 -0.00191405 -0.00317028
-0.0238964 0.391333 0.259944 0.00127642 -0.00210362 -0.00313206
-0.0277788 0.390967 0.255434 0.00098336 -0.00216887 -0.00313179
-0.0182058 0.32768 0.250332 0.00071277 -0.00180634 -0.00320658
-0.0125818 0.26766 0.163586 0.0016526 -0.00149134 -0.0032957
-0.0203377 0.376299 0.226605 0.00145289 -0.00194697 -0.00331128
-0.0164801 0.639795 0.531468 -0.0003979 -0.00229153 -0.00338956
