-0.00534697 0.125548 0.190516 -0.00071317 -0.00083793 0.00053303
0 0.241524 0.361838 -7.224e-05 0 0
0.0002968 0.229904 0.399947 -0.00058442 -0.00079565 0.0003085
0.00288545 0.264204 0.396071 -0.00105927 -0.00091298 0.0003068
0.00041375 0.267235 0.426873 -0.00091091 -0.00068847 0.0003402
-0.00397664 0.240068 0.295934 -0.00019097 -0.00062562 0.00027618
0.0117628 0.242636 0.80328 -0.00365112 -0.00258744 -0.00046585
-0.00888534 0.382132 0.818695 -0.00410314 -0.00172256 0.00055042
-0.00395374 0.489706 0.971255 -0.0043758 -0.00100064 0.00039031
0.00082392 0.504859 1.00544 -0.00389157 -0.00115923 0.00045389
-0.00630181 0.500149 0.998655 -0.00488718 -0.00111576 0.00028513
-0.00384556 0.483281 1.01344 -0.00414455 -0.00159178 0.0002056
-0.0225881 0.425076 1.23296 -0.00520958 -0.00143836 0.00060369
-0.0203037 0.488209 1.30665 -0.00616504 -0.00100664 0.00073739
-0.0219524 0.535144 1.18475 -0.00589994 -0.00226478 0.00085414
-0.0163629 0.554259 1.21459 -0.00363216 -0.00039123 0.00068119
-0.0141071 0.508408 1.20655 -0.00375162 -0.00023457 0.0004187
-0.0134491 0.490881 1.20635 -0.00397354 -0.00023457 0.00042554
-0.0102914 0.476369 1.19948 -0.00369555 -0.00027804 0.00018146
-0.0159495 0.472905 1.21584 -0.00423874 -0.00024474 0.00032147
-0.016202 0.490708 1.22368 -0.00402268 -0.00034935 0.00044538
-0.0127542 0.491879 1.29676 -0.00557447 -0.00012471 0.00053929
-0.019916 0.538926 1.40391 -0.00730039 0.00072704 0.00093452
-0.0204041 0.677937 1.32604 -0.00605124 0.00044583 0.00104874
-0.0156717 0.658189 1.34052 -0.00624553 0.00032619 0.00091293
-0.0166292 0.534933 1.33575 -0.00581765 0.00044585 0.00071073
-0.0232764 0.515524 1.34864 -0.00600606 0.00027781 0.00075055
-0.0260383 0.482422 1.36038 -0.00600795 6.038e-05 0.00060369
-0.0500502 0.429369 1.53573 -0.00589931 0.00137206 0.00115771
-0.0254374 0.559314 1.39077 -0.00475452 0.00153326 0.00100135
-0.0201418 0.540334 1.38504 -0.00552914 0.00240292 0.00106958
-0.0365205 0.5293 1.43782 -0.00630727 0.0023484 0.00089875
-0.052366 0.5406 1.49764 -0.00692495 0.00232976 0.00136029
-0.0369125 0.663589 1.38625 -0.00566121 0.00228109 0.00117362
-0.0327631 0.585347 1.44099 -0.00580404 0.00204014 0.00123856
-0.0326713 0.565293 1.45132 -0.00576164 0.00224503 0.00121636
-0.0324734 0.553722 1.46032 -0.00554032 0.00220809 0.00125171
-0.0304572 0.527851 1.46712 -0.00587212 0.00199578 0.00120784
-0.0370272 0.513182 1.48773 -0.00650501 0.00187408 0.00114022
-0.043232 0.490125 1.52032 -0.00664662 0.00206803 0.00124632
-0.0390549 0.616105 1.40669 -0.00561078 0.00147876 0.00124922
-0.0257958 0.621321 1.42662 -0.00525197 0.00165548 0.00132067
-0.0392794 0.578661 1.46767 -0.00604199 0.00151904 0.00119606
-0.0443383 0.539941 1.49907 -0.0070805 0.00196539 0.00129565
-0.0368848 0.644419 1.42561 -0.00560107 0.00176136 0.00123336
-0.0346897 0.594323 1.44397 -0.00537637 0.00195648 0.00124733
-0.0322001 0.561974 1.45117 -0.00562881 0.00174633 0.0011149
-0.030872 0.553684 1.43785 -0.00571666 0.00180759 0.00102681
-0.0358427 0.526555 1.44494 -0.00597427 0.00148352 0.00088908
-0.0388897 0.489945 1.4936 -0.00678003 0.00154289 0.00106836
-0.0332269 0.584652 1.47713 -0.00665928 0.00171567 0.00126064
-0.0304044 0.61898 1.40569 -0.00564586 0.00194597 0.00114657
-0.0351112 0.599487 1.44904 -0.00568022 0.0020611 0.00124893
-0.0444361 0.554895 1.53243 -0.00708473 0.00193786 0.00138819
-0.0494207 0.587979 1.51669 -0.0071497 0.00240167 0.00141423
-0.0450082 0.63087 1.42784 -0.00627508 0.00175897 0.00122205
-0.0403662 0.581313 1.44528 -0.00566941 0.00205532 0.00114583
-0.0362504 0.556527 1.4374 -0.0055735 0.00202787 0.00124931
-0.0364193 0.534767 1.43666 -0.00571411 0.00188174 0.00113583
-0.0360858 0.532425 1.44719 -0.00554334 0.00179131 0.00129381
-0.0365051 0.5378 1.44107 -0.00561074 0.00225954 0.00120662
-0.0480081 0.503944 1.47321 -0.00658189 0.00194221 0.00113623
-0.0437623 0.529997 1.47174 -0.00722422 0.00198183 0.00131508
-0.0358637 0.641637 1.41093 -0.00619155 0.00155775 0.00127408
-0.0360144 0.626386 1.43791 -0.00586818 0.00191345 0.00134153
-0.039117 0.580949 1.44722 -0.00584339 0.00176715 0.00120155
-0.0361134 0.559759 1.46703 -0.00641419 0.00155744 0.00120865
-0.0509969 0.516196 1.47314 -0.00706279 0.00145962 0.0011508
-0.0360925 0.586736 1.39566 -0.0058794 0.00159235 0.00118309
-0.0363607 0.550615 1.4436 -0.00579916 0.00166594 0.00110294
-0.0365327 0.535929 1.44807 -0.00576408 0.00147846 0.00095623
-0.0483045 0.50102 1.42524 -0.00657769 0.00131378 0.00091697
-0.0360145 0.581982 1.41988 -0.00543495 0.00173745 0.00126879
-0.0361652 0.558239 1.44836 -0.00559188 0.00161161 0.00117509
-0.0361971 0.56635 1.4466 -0.00576997 0.00151436 0.00113152
-0.0563251 0.52836 1.47771 -0.00703631 0.00134439 0.00080179
-0.0521507 0.604858 1.38715 -0.006171 0.00112559 0.00091159
-0.0428412 0.599399 1.43224 -0.00610332 0.00143663 0.00105304
-0.0432513 0.569959 1.447 -0.00594676 0.00132008 0.00088014
-0.052923 0.55341 1.45079 -0.00626727 0.00106443 0.0008722
-0.0436539 0.549248 1.44622 -0.00606579 0.00127422 0.00077341
-0.0468497 0.52596 1.47578 -0.00636722 0.00096054 0.00070195
-0.0537726 0.482058 1.49297 -0.00698722 0.00107831 0.00079704
-0.0619556 0.604797 1.46845 -0.00665184 0.00106184 0.0009726
-0.0467389 0.612311 1.4041 -0.0060048 0.00095422 0.00087156
-0.0532893 0.593134 1.42738 -0.00596848 0.00105208 0.00102197
-0.0437204 0.565833 1.4451 -0.00589824 0.0005568 0.00090734
-0.0510929 0.540346 1.46765 -0.00651752 0.00065861 0.00082959
-0.0529804 0.500987 1.52415 -0.00760183 0.00110339 0.00089625
-0.0492141 0.594695 1.44533 -0.00684787 0.00059721 0.00086512
-0.0420328 0.591363 1.41276 -0.00609968 0.000857 0.00096791
-0.0450136 0.563464 1.44068 -0.00614117 0.00102238 0.00093643
-0.0454065 0.535661 1.48187 -0.00680162 0.00073025 0.00086091
-0.0514623 0.544206 1.48506 -0.00716121 0.00122073 0.00083837
-0.049428 0.600133 1.40521 -0.00620818 0.00090015 0.00096778
-0.045834 0.565438 1.42566 -0.00588971 0.00071797 0.00094746
-0.048797 0.554845 1.43428 -0.00609166 0.00082813 0.00090678
-0.0459461 0.555903 1.43375 -0.00591073 0.00095356 0.00076732
-0.0440759 0.548899 1.44091 -0.00589111 0.00064528 0.00095034
-0.0587663 0.513529 1.47263 -0.00593058 0.00015943 0.00090498
-0.0511307 0.56411 1.3679 -0.00496695 9.187e-05 0.00095162
-0.0389144 0.584416 1.38817 -0.00486011 0.0004749 0.00089747
-0.0529864 0.553639 1.33544 0.00047622 -0.00010525 0.00034222
-0.0424359 0.582205 1.38934 -0.00180935 0.00033568 0.00057601
-0.0597497 0.522433 1.52506 -0.00542913 0.00027485 0.00074213
-0.0695972 0.563519 1.49741 -0.00434716 0.00073163 0.0007566
-0.0590477 0.655131 1.46873 -0.0044934 0.00041903 0.00058517
-0.0564799 0.602951 1.49774 -0.00431055 0.00018184 0.00072399
-0.055967 0.580429 1.52394 -0.00508273 0.00036417 0.0008033
-0.0620982 0.558068 1.5618 -0.00541982 -0.0002339 0.00098945
-0.0576562 0.609219 1.43771 -0.00426953 -3.329e-05 0.00067651
-0.05844 0.59878 1.47982 -0.00443061 0.00014652 0.00071994
-0.072313 0.556566 1.53837 -0.00553287 1.609e-05 0.00097089
-0.058739 0.609037 1.48724 -0.00539354 -0.00033283 0.00075022
-0.0535568 0.633008 1.46223 -0.00505501 -0.0006142 0.00079237
-0.0541484 0.659336 1.55097 -0.00629812 -9.44e-05 0.00078635
-0.0557051 0.676096 1.53393 -0.00621466 -8.327e-05 0.00086963
-0.0517816 0.657937 1.54394 -0.00611601 -0.00011437 0.00090697
-0.0598338 0.649824 1.58956 -0.00748431 -0.00015784 0.00105459
-0.0637057 0.671495 1.55244 -0.00695336 -0.00053169 0.00122416
-0.0593955 0.751015 1.52185 -0.00618532 -0.00031511 0.00116305
-0.0486348 0.700504 1.55062 -0.00614142 -0.00034651 0.00082152
-0.0522368 0.669435 1.56554 -0.00638062 -0.00038306 0.00083341
-0.0480188 0.681714 1.56341 -0.00620757 -0.00083646 0.0010128
-0.0549531 0.683539 1.55952 -0.00628736 -0.00029501 0.00101078
-0.065461 0.654746 1.63673 -0.0069942 -0.00042809 0.00126091
-0.0690747 0.709877 1.61623 -0.00721775 -0.0005877 0.00118264
-0.056041 0.762968 1.555 -0.00651809 -0.00026355 0.00131567
-0.0612879 0.720265 1.58117 -0.00636254 -0.00045672 0.00129689
-0.061474 0.701153 1.57727 -0.00640131 -0.00033757 0.00123252
-0.056199 0.657659 1.69065 -0.00729301 -0.00035748 0.00128501
-0.0687706 0.69113 1.65973 -0.00733297 -0.00023586 0.00139348
-0.0614661 0.755998 1.5487 -0.00641296 -0.00029303 0.00126737
-0.0549255 0.712509 1.56795 -0.00635583 -0.00021167 0.00123473
-0.0514368 0.682975 1.5764 -0.00666719 -0.00033686 0.00124831
-0.0642858 0.646269 1.66318 -0.00766062 -0.00015619 0.00133233
-0.0609571 0.729932 1.61148 -0.00743658 -0.00088842 0.00134108
-0.0517524 0.722838 1.57679 -0.0065349 -0.00015978 0.00115539
-0.0515443 0.694267 1.57884 -0.00638676 -0.00048102 0.00119176
-0.0611716 0.648387 1.62362 -0.00743723 -0.00068487 0.00099365
-0.062883 0.656572 1.58751 -0.00713022 -0.00039796 0.00105278
-0.0542784 0.727604 1.54957 -0.0065395 -6.359e-05 0.00115519
-0.0517535 0.689847 1.568 -0.00634357 -6.102e-05 0.00118075
-0.0521258 0.639365 1.62281 -0.00741748 -0.00017271 0.00099365
-0.0662473 0.671532 1.6719 -0.00764643 -3e-05 0.00133013
-0.0548283 0.734936 1.58098 -0.00651404 -0.00011806 0.00119797
-0.054658 0.700181 1.62925 -0.00685922 0.00051787 0.00117456
-0.0523795 0.680141 1.61937 -0.00697225 0.00036475 0.00099365
-0.0598572 0.661933 1.63026 -0.00697332 -0.00015186 0.00109984
-0.0696474 0.63023 1.69159 -0.00752293 -2.595e-05 0.00123218
-0.0637631 0.731901 1.5823 -0.00674191 -0.00035711 0.00116578
-0.0549489 0.734043 1.56716 -0.00618207 -0.00036345 0.00114489
-0.0588836 0.659375 1.62583 -0.00632197 -0.00046584 0.00088922
-0.0702674 0.620595 1.67046 -0.00729917 1.25e-05 0.00099365
-0.0626377 0.685982 1.58933 -0.00651483 -0.00032789 0.00088311
-0.061332 0.668037 1.57887 -0.00623322 1.345e-05 0.00094206
-0.0599199 0.648735 1.58466 -0.00615576 -0.00010789 0.00090119
-0.0620396 0.648749 1.58924 -0.00615505 -9.348e-05 0.00088211
-0.0621927 0.632094 1.63856 -0.00669563 -0.00025923 0.00088888
-0.0581326 0.63738 1.59729 -0.00687722 -0.00041987 0.00101545
-0.0534505 0.695916 1.56613 -0.00632959 -0.00027945 0.00085378
-0.0564579 0.6809 1.57193 -0.00623826 0.00034256 0.00090551
-0.0569537 0.665956 1.59266 -0.00625457 0.00025612 0.00085801
-0.0685364 0.619903 1.6646 -0.0072548 0.00037885 0.0010112
-0.0745222 0.716426 1.57136 -0.00632073 0.00048979 0.00091984
-0.0681066 0.703811 1.57133 -0.00601572 0.00044522 0.00084965
-0.0677901 0.665755 1.59283 -0.00617323 0.00039479 0.00068215
-0.0696241 0.655093 1.60953 -0.00621154 0.00038506 0.00075946
-0.0708891 0.635745 1.61054 -0.00577243 0.00077056 0.00069301
-0.0704002 0.591309 1.6391 -0.00594204 0.00017081 0.00089545
-0.0788038 0.655594 1.58671 -0.00586385 0.00056024 0.000886
-0.0663932 0.728283 1.53837 -0.00521184 0.00049365 0.00074212
-0.0663363 0.702074 1.5781 -0.00524287 0.00079312 0.00088927
-0.0724301 0.680581 1.59432 -0.00559835 0.00047604 0.00081643
-0.0672504 0.630883 1.66787 -0.00636678 0.00057152 0.00090091
-0.0698235 0.688036 1.63446 -0.00626801 0.00041023 0.00088101
-0.0699677 0.725801 1.5625 -0.00572592 0.00071371 0.00091742
-0.0671694 0.666114 1.58903 -0.00563971 0.00040132 0.00066699
-0.0664753 0.653275 1.59112 -0.00537793 0.00026006 0.00083115
-0.0671449 0.627033 1.6052 -0.00558456 0.00029773 0.0007659
-0.0771959 0.600253 1.65345 -0.00646914 0.00043928 0.00087565
-0.0780859 0.672726 1.63812 -0.00658789 0.00036157 0.00084299
-0.0750573 0.711038 1.58824 -0.00561136 -5.95e-06 0.0008725
-0.0612262 0.703123 1.58584 -0.00552452 0.00110511 0.00069396
-0.0606558 0.681608 1.56634 -0.00511615 0.00020958 0.00083524
-0.0695585 0.639416 1.58136 -0.00578272 0.00062404 0.0006797
-0.0651511 0.647235 1.59724 -0.00582256 0.00028824 0.00071117
-0.0633897 0.656052 1.57506 -0.00566508 0.00034053 0.00061843
-0.0645333 0.662232 1.56953 -0.00574377 0.00071397 0.00083236
-0.0634755 0.659246 1.5739 -0.00585656 4.487e-05 0.0007659
-0.0803355 0.638327 1.62731 -0.00666713 -0.00012878 0.00082411
-0.081531 0.687565 1.5751 -0.00646602 -0.00019411 0.00101255
-0.0698445 0.756371 1.57386 -0.00610756 0.0003634 0.00084801
-0.0686917 0.696996 1.59038 -0.00596315 0.00036326 0.0007659
-0.0783602 0.672973 1.60949 -0.00647802 0.00020825 0.0008241
-0.0828965 0.626193 1.68448 -0.00751908 0.00057239 0.00097088
-0.0781215 0.734486 1.5537 -0.00659685 0.00020572 0.00082934
-0.0652579 0.715568 1.55281 -0.00572684 0.00024394 0.00069665
-0.0705785 0.657738 1.58617 -0.00615525 0.00044456 0.00071393
-0.0696777 0.665086 1.59707 -0.00622867 0.00016394 0.00077695
-0.0745241 0.631822 1.67011 -0.00676135 0.00014494 0.00098639
-0.0761977 0.695399 1.58971 -0.00639191 -8.951e-05 0.00082444
-0.0694097 0.728105 1.56848 -0.00599474 0.00045841 0.0007659
-0.0701279 0.692796 1.59267 -0.00612784 0.00017063 0.0007659
-0.0714376 0.663927 1.63386 -0.00667562 -6.079e-05 0.0007659
-0.0750081 0.665799 1.67724 -0.00731908 0.0003164 0.00082923
-0.0768392 0.74471 1.56175 -0.00618864 -6.719e-05 0.0009245
-0.0708617 0.718727 1.58629 -0.00599206 0.00018258 0.0008321
-0.0666061 0.684828 1.5865 -0.00606832 0.00039683 0.0007659
-0.0697407 0.660117 1.64377 -0.0065441 0.00015689 0.0007659
-0.0765802 0.649595 1.72838 -0.00739589 0.00064336 0.00101852
-0.0757002 0.759966 1.6553 -0.00677471 -0.0002812 0.00108212
-0.0586276 0.73502 1.59612 -0.00625233 -4.381e-05 0.0007659
-0.0680156 0.696298 1.60042 -0.00607364 0.00054371 0.00068715
-0.0616322 0.677105 1.60898 -0.00619352 0.00027549 0.00074929
-0.0731293 0.645197 1.73084 -0.00738116 0.00033252 0.00092587
-0.0801126 0.734861 1.73964 -0.00703242 0.00040779 0.00110064
-0.0720909 0.748612 1.61846 -0.00635728 4.595e-05 0.00098816
-0.0712029 0.719723 1.59019 -0.00593867 0.0005222 0.00069585
-0.0688849 0.685357 1.60521 -0.00612847 0.00025716 0.00065125
-0.0699009 0.677937 1.61341 -0.00610319 0.00011735 0.00064588
-0.0782987 0.648213 1.69767 -0.00701097 -9.669e-05 0.00093946
-0.0739733 0.703194 1.62258 -0.00717147 0.00057469 0.00074727
-0.0723194 0.724635 1.61288 -0.00659961 0.00103616 0.00057601
-0.0668721 0.695312 1.6172 -0.00639725 0.00066611 0.00052997
-0.0681029 0.684856 1.61068 -0.00627703 0.00056765 0.00065988
-0.0724738 0.677872 1.60744 -0.00632973 0.00086353 0.00062887
-0.0724564 0.664967 1.63353 -0.00674778 0.00063886 0.00069582
-0.0842722 0.66458 1.6886 -0.00715052 0.00047121 0.00094725
-0.071927 0.765869 1.60529 -0.00688736 0.00028999 0.00090507
-0.0843759 0.69466 1.61536 -0.00583915 0.00077074 0.00031566
-0.0861301 0.625023 1.63403 -0.00604488 2.244e-05 5.622e-05
-0.0675206 0.676935 1.63277 -0.00610315 -0.00030242 0.00021434
-0.0773942 0.64087 1.66017 -0.00630222 -0.00034988 0.00024164
-0.0723455 0.71404 1.62416 -0.00591635 -0.00044228 0.00030387
-0.0706904 0.753945 1.58739 -0.00530478 -0.0004599 0.00045976
-0.0870079 0.684043 1.63788 -0.00612201 -3.526e-05 0.00034469
-0.0844914 0.670674 1.63611 -0.00639915 -5.261e-05 0.00057085
-0.0798201 0.781374 1.6367 -0.00584101 0.00013933 0.00066927
-0.0784415 0.735847 1.65951 -0.00622941 -2.954e-05 0.0006394
-0.0900117 0.680484 1.73556 -0.00679184 5.437e-05 0.0006394
-0.090799 0.747051 1.80098 -0.0069949 7.696e-05 0.00098224
-0.0873723 0.814687 1.69161 -0.00641591 -0.0006617 0.00080599
-0.0836443 0.769419 1.64732 -0.00641555 -0.00025051 0.00057016
-0.0893984 0.702851 1.69743 -0.00698015 -0.00028564 0.00043162
-0.0882669 0.697745 1.62488 -0.00667464 -0.00060942 0.00037287
-0.0670046 0.720374 1.60148 -0.00612128 0.00037928 0.0004864
-0.0683533 0.680929 1.62794 -0.00620596 -0.00035761 0.00038913
-0.0859408 0.624206 1.70865 -0.00727916 -2.141e-05 0.00052062
-0.0757203 0.746439 1.66665 -0.00693571 -0.00033576 0.00060486
-0.0735817 0.766767 1.62749 -0.00627739 -0.00018415 0.00025764
-0.0684768 0.7322 1.64535 -0.00611253 -0.00026312 5.95e-05
-0.0716051 0.710714 1.65686 -0.00629001 -0.0004496 0.0003095
-0.0706399 0.696177 1.67537 -0.00666051 -7.786e-05 0.0003095
-0.0802053 0.666931 1.76607 -0.00758034 9.303e-05 0.00064177
-0.0852811 0.755085 1.71724 -0.00703721 -2.401e-05 0.00040473
-0.0801362 0.771609 1.63981 -0.00634615 -0.00038634 0.00053194
-0.0731411 0.719538 1.64573 -0.00632531 -0.00031656 0.00028723
-0.0696049 0.665266 1.76063 -0.00765869 0.00014566 0.00035814
-0.0778417 0.738445 1.67201 -0.00684459 -0.00033117 0.00030609
-0.0738412 0.728465 1.62611 -0.00643484 -0.00057193 5.107e-05
-0.0740368 0.70818 1.63583 -0.00618088 -0.00047836 0.00020505
-0.0739058 0.694056 1.63885 -0.00613122 -0.00078751 0.00027123
-0.0760999 0.653896 1.70084 -0.00697395 -0.00022424 0.00028041
-0.0816832 0.679167 1.75175 -0.00720103 -0.00015809 0.00031126
-0.0793164 0.775784 1.5982 -0.00639641 -0.00015646 -1.956e-05
-0.0639072 0.753048 1.61174 -0.00610897 0.00021714 -0.00015801
-0.0618239 0.717943 1.64931 -0.00636403 9.718e-05 9.199e-05
-0.0690378 0.663495 1.77986 -0.00800203 -3.64e-06 0.00062501
-0.0768789 0.749994 1.66034 -0.00717583 -6.757e-05 0.00028531
-0.0715586 0.71529 1.64984 -0.00679829 -3.766e-05 3.953e-05
-0.0793137 0.664331 1.63857 -0.00702837 0.00032788 9.199e-05
-0.0779824 0.657871 1.65057 -0.00702877 0.00012175 -7.214e-05
-0.0773415 0.644538 1.69154 -0.0072013 -6.893e-05 6.429e-05
-0.0861368 0.663804 1.71019 -0.0076969 4.978e-05 0.0002168
-0.0770832 0.75819 1.63096 -0.00686826 -0.00017341 -3.949e-05
-0.0750831 0.734246 1.6583 -0.00658172 -0.00013721 -9.057e-05
-0.0680201 0.716211 1.6555 -0.0065718 -0.00012561 6.85e-06
-0.0771594 0.692969 1.69212 -0.00734423 -0.00034649 -1.542e-05
-0.0827318 0.672027 1.78222 -0.00781844 -0.00010347 0.00034961
-0.0849694 0.761291 1.66139 -0.00723948 -0.00031352 -0.00011362
-0.0753935 0.720394 1.64067 -0.00673039 -1.683e-05 -0.00026542
-0.0767741 0.686125 1.6422 -0.00658882 -0.00027869 -0.00037917
-0.0797165 0.655223 1.66812 -0.00706876 -2.442e-05 -0.00044752
-0.0789202 0.656338 1.67502 -0.00694114 -0.00017016 -0.00031383
-0.0798663 0.61832 1.71528 -0.00812565 5.959e-05 -7.769e-05
-0.0753759 0.702536 1.60321 -0.00725045 0.00036342 -0.00030228
-0.0705139 0.6973 1.62864 -0.00648816 -0.00018576 -6.323e-05
-0.0819449 0.65791 1.69032 -0.0076756 -0.00010691 -4.561e-05
-0.0843254 0.698466 1.69061 -0.00773275 -5.687e-05 -0.00028404
-0.0757675 0.741772 1.62491 -0.00694414 -3.222e-05 -0.00043463
-0.0755658 0.690514 1.63721 -0.00649072 -0.0003473 -0.00028036
-0.0790701 0.666413 1.66499 -0.00721007 -0.00016943 -0.00043463
-0.0942382 0.625094 1.68196 -0.00796483 -2.849e-05 -0.00033999
-0.0923743 0.716354 1.60707 -0.00660573 -0.00015973 -0.00057844
-0.0816696 0.690694 1.63426 -0.00687708 0.00017306 -0.00040343
-0.0776212 0.684485 1.64276 -0.00675898 0.00012784 -0.0003128
-0.086482 0.658579 1.67322 -0.00723403 0.00026472 -0.00042059
-0.0926251 0.643497 1.72655 -0.0079765 0.00022812 2.473e-05
-0.08382 0.73661 1.6094 -0.00709439 0.00019089 -0.00050453
-0.0838834 0.721444 1.62056 -0.00657193 9.064e-05 -0.00041448
-0.0842822 0.6819 1.63755 -0.00665581 0.00019309 -0.00046132
-0.0945511 0.644036 1.74541 -0.00754043 0.0002886 -0.00011768
-0.104932 0.706441 1.62928 -0.00610318 -0.00017077 -0.00026543
-0.100536 0.70066 1.56061 -0.00707716 -0.00027292 -0.00023345
-0.0909285 0.681291 1.59046 -0.00619939 0.00050802 -0.00040549
-0.0827572 0.67648 1.62617 -0.00678054 0.00020358 -0.00037162
-0.0824043 0.667994 1.62838 -0.00666611 0.00047521 -0.00016966
-0.0858662 0.612274 1.68026 -0.0076559 0.00035581 3.215e-05
-0.0863127 0.647072 1.65998 -0.00778505 -0.00019485 5.87e-05
-0.0817852 0.684629 1.62785 -0.00805126 0.0001388 -0.00040026
-0.0857257 0.653908 1.63375 -0.00795677 0.0006692 -0.00029728
-0.0810092 0.653657 1.63757 -0.00824018 0.00051621 -0.00020223
-0.0859908 0.618358 1.6669 -0.00875254 0.00088297 -0.00046132
-0.083219 0.613915 1.68709 -0.0094552 0.00080196 -0.00017129
-0.0840286 0.741647 1.65588 -0.00951622 0.00056656 -0.00038608
-0.0743296 0.713475 1.6404 -0.00826793 0.00126281 -0.00035856
-0.0845701 0.639124 1.68567 -0.00889721 0.0007983 -0.00013144
-0.0852446 0.64329 1.68911 -0.00910541 0.00075505 0.00024555
-0.0842344 0.704796 1.60485 -0.00842882 0.0014798 -0.00024923
-0.0822798 0.66208 1.61768 -0.00815208 0.0013895 -0.00018367
-0.0850572 0.634102 1.62739 -0.00838962 0.00111631 -0.00024923
-0.085607 0.611929 1.63986 -0.00842274 0.00079231 -0.00017563
-0.0953535 0.601833 1.66156 -0.00891469 0.00051883 -0.00024923
-0.0906891 0.631289 1.56076 -0.00862237 0.00039345 -0.00025304
-0.0827496 0.653671 1.60458 -0.00828162 0.00112878 -0.0002628
-0.0878006 0.635945 1.63899 -0.00845581 0.0007681 -9.147e-05
-0.0941065 0.626142 1.71525 -0.00894392 0.00110067 0.00014773
-0.0885307 0.717658 1.57946 -0.00837611 0.00059529 -0.00041008
-0.083105 0.683789 1.62445 -0.00792014 0.00067671 -0.00019747
-0.084784 0.656103 1.63133 -0.0081024 0.00105189 -0.0003425
-0.0831257 0.6416 1.64089 -0.00815927 0.00094949 -0.0004213
-0.093344 0.584358 1.69309 -0.00927415 0.00088147 -0.00038478
-0.110091 0.6108 1.76247 -0.00963542 0.00168641 -0.00014583
-0.113197 0.704645 1.61869 -0.00872413 0.00082571 -0.00047581
-0.0899043 0.670214 1.6157 -0.00836764 0.00141775 -0.00047581
-0.0938252 0.659248 1.62829 -0.00800052 0.00082571 -0.00028725
-0.0825209 0.648952 1.64705 -0.00823266 0.00082571 -0.00030559
-0.0988758 0.637448 1.66784 -0.00859108 0.00065062 -0.00028957
-0.0984034 0.626272 1.75185 -0.00939407 0.00082571 5.55e-06
-0.105736 0.727154 1.68756 -0.00876245 0.00042013 -0.00031129
-0.0968607 0.692076 1.61417 -0.00842835 0.00065806 -0.00047581
-0.099929 0.654243 1.64081 -0.00859945 0.00056736 -0.00047581
-0.103183 0.632696 1.67083 -0.00903779 0.00021642 -0.00047581
-0.108361 0.613938 1.66264 -0.00913577 0.00049568 -0.00047581
-0.0932704 0.676606 1.59683 -0.0081801 0.00127955 -0.00047581
-0.0911749 0.647113 1.63579 -0.00838984 0.00120508 -0.00041963
-0.0975544 0.612604 1.69472 -0.0085785 0.00088227 -0.00022581
-0.104566 0.671515 1.64392 -0.00872695 0.00103023 -0.00023089
-0.099595 0.689984 1.62091 -0.0081623 0.00112427 -0.00047581
-0.0964933 0.662123 1.64427 -0.00822627 0.0010348 -0.00047581
-0.0994007 0.650743 1.65718 -0.00831955 0.00087843 -0.00047581
-0.0994034 0.635706 1.68464 -0.00897081 0.00064667 -0.00056148
-0.106144 0.623206 1.6653 -0.00913661 0.00097162 -0.00062238
-0.086699 0.675117 1.60898 -0.00822627 0.00140509 -0.00067772
-0.0938171 0.663063 1.64369 -0.00805576 0.00085477 -0.00035164
-0.105768 0.617282 1.74184 -0.00968024 0.00084428 -0.00026787
-0.104313 0.687601 1.7043 -0.00896518 0.00049132 -0.00041071
-0.100446 0.697701 1.62953 -0.00847236 0.00110726 -0.00068249
-0.100314 0.672641 1.65284 -0.0084146 0.00114301 -0.00059846
-0.0964321 0.6577 1.65243 -0.00825304 0.00097866 -0.00053376
-0.097017 0.634889 1.65619 -0.00816437 0.00073882 -0.00059846
-0.108557 0.609357 1.70344 -0.00885352 0.00050066 -0.00046506
-0.108492 0.636277 1.72236 -0.00957468 0.00094044 -0.00043018
-0.0960727 0.702469 1.62488 -0.00813289 0.0005249 -0.00059846
-0.0860409 0.674078 1.62939 -0.00792772 0.0016991 -0.00045705
-0.0935197 0.662634 1.65574 -0.00817535 0.00095579 -0.00052835
-0.101667 0.62294 1.76273 -0.00941382 0.00075361 -0.00016709
-0.107345 0.716119 1.6911 -0.00849392 0.00058665 -0.0003437
-0.100642 0.70595 1.60719 -0.00797048 0.00062784 -0.00058851
-0.0903945 0.671438 1.64069 -0.00819494 0.0008823 -0.00072701
-0.0918671 0.648465 1.64494 -0.00801548 0.00043367 -0.00052034
-0.0944156 0.629469 1.66159 -0.00812657 0.00052555 -0.00072701
-0.0972883 0.623668 1.68469 -0.00849143 0.00061038 -0.00059902
-0.10667 0.63343 1.70759 -0.00902733 0.00081672 -0.00047701
-0.0957942 0.717932 1.60868 -0.00816528 0.00096441 -0.00072701
-0.0902704 0.671971 1.64744 -0.00804685 0.00067191 -0.00072701
-0.0957629 0.661308 1.66191 -0.00812641 0.00067678 -0.0006128
-0.101904 0.642447 1.73006 -0.00919918 0.00135782 -0.00047701
-0.100225 0.722309 1.63067 -0.0083314 0.00114801 -0.00072701
-0.0981743 0.695157 1.63865 -0.00801199 0.00046385 -0.00072701
-0.0904391 0.665499 1.64098 -0.00827831 0.00087055 -0.00072701
-0.0905088 0.644538 1.64314 -0.00810538 0.00100013 -0.00072701
-0.108766 0.608958 1.67412 -0.00850447 0.00068548 -0.00058142
-0.103458 0.673077 1.6122 -0.00802831 0.00059456 -0.00072701
-0.0933001 0.728535 1.6465 -0.00754683 0.00048752 -0.00072701
-0.0938599 0.677938 1.65505 -0.00759036 0.00037477 -0.00072701
-0.102885 0.678217 1.66555 -0.00780688 0.00023823 -0.00072701
-0.110088 0.653051 1.79874 -0.00891978 0.00095619 -0.00021711
-0.111128 0.793484 1.72684 -0.0085487 0.00011875 -0.00072701
-0.104377 0.776736 1.64814 -0.00777371 0.00017449 -0.00072701
-0.100674 0.723656 1.66858 -0.00770869 0.00010294 -0.00072701
-0.103896 0.679628 1.71149 -0.00837451 0.00014066 -0.00072701
-0.114372 0.653394 1.77825 -0.00920253 0.00051919 -0.00057689
-0.107587 0.727829 1.63857 -0.00816897 0.0001638 -0.0008413
-0.0956747 0.70422 1.65408 -0.0075445 0.00057387 -0.00072701
-0.105181 0.658253 1.70882 -0.0083267 0.00016219 -0.00072701
-0.111555 0.667021 1.69405 -0.00838437 -1.436e-05 -0.00072701
-0.102164 0.727932 1.59212 -0.00732747 7.453e-05 -0.0008427
-0.092333 0.714356 1.6067 -0.00812345 -0.00015869 -0.00139103
-0.0878642 0.707642 1.61914 -0.00868788 -0.00097152 -0.00076158
-0.0899877 0.687025 1.64406 -0.00911678 -0.00078139 -0.00081368
-0.0971615 0.672814 1.70371 -0.00940835 -0.00079735 -0.00020082
-0.0900136 0.755184 1.58947 -0.00882631 -0.00100091 -0.00055672
-0.0860031 0.723972 1.60557 -0.00871456 -0.00121416 -0.00080672
-0.0803468 0.70612 1.62739 -0.00893271 -0.00122958 -0.00080672
-0.0847235 0.686703 1.63174 -0.00903405 -0.00131711 -0.00080672
-0.0731271 0.699355 1.60011 -0.00855237 -0.00119545 -0.00055672
-0.0738784 0.680848 1.63182 -0.00882158 -0.00119545 -0.00080672
-0.0731432 0.730677 1.69726 -0.00888889 -0.00119545 -0.00078618
-0.0718469 0.820684 1.69177 -0.00705738 -0.00194429 -9.942e-05
-0.0715637 0.756476 1.67744 -0.00765499 -0.00266893 -0.00048629
-0.0911442 0.700015 1.74929 -0.00817015 -0.00188607 -0.00054168
-0.089303 0.76316 1.76105 -0.00750356 -0.00172905 -0.0004989
-0.103365 0.843401 1.73323 -0.00689476 -0.00270361 -0.00058051
-0.0876338 0.820491 1.66073 -0.00656935 -0.00270361 -0.00093992
-0.0702169 0.786195 1.69324 -0.00739777 -0.00239061 -0.00125523
-0.0766253 0.751068 1.68861 -0.00780006 -0.00270361 -0.00112092
-0.0859723 0.688198 1.72999 -0.00794873 -0.00287038 -0.0012781
-0.0975498 0.694073 1.8116 -0.0085143 -0.00270361 -0.00028298
-0.0943633 0.783 1.65003 -0.00763849 -0.00298779 -0.00090524
-0.0752695 0.752931 1.64721 -0.00777108 -0.00302869 -0.00123726
-0.0768278 0.7297 1.64873 -0.00788535 -0.0027563 -0.00112549
-0.0836195 0.745901 1.66277 -0.00775817 -0.00270848 -0.00086461
-0.0885057 0.719077 1.76467 -0.00855814 -0.00291626 -0.00080567
-0.0978734 0.803137 1.77224 -0.00834753 -0.00299899 -0.00085906
-0.0829192 0.834865 1.67137 -0.00761257 -0.00329015 -0.00127217
-0.0781842 0.787799 1.67318 -0.00734584 -0.00276715 -0.00095874
-0.0717142 0.760187 1.68716 -0.00791417 -0.00303379 -0.00118005
-0.0717754 0.728834 1.73012 -0.00819551 -0.0028208 -0.00119784
-0.0822769 0.706598 1.80523 -0.0087557 -0.00247208 -0.00068571
-0.0831223 0.805895 1.67347 -0.00814453 -0.00283959 -0.00113977
-0.0773148 0.779651 1.68875 -0.0079489 -0.00252966 -0.00088478
-0.0648284 0.759525 1.69425 -0.0082031 -0.00242693 -0.00125018
-0.0723345 0.761334 1.68775 -0.00793882 -0.00253233 -0.00128933
-0.0828198 0.709233 1.79986 -0.00872848 -0.00242693 -0.0009126
-0.089346 0.779766 1.79961 -0.00862824 -0.00242693 -0.00059215
-0.0733559 0.854982 1.63515 -0.00796059 -0.00274622 -0.00114789
-0.0656238 0.796161 1.66645 -0.00790165 -0.00276791 -0.00151091
-0.0639964 0.752157 1.68891 -0.00807948 -0.00290066 -0.00135489
-0.065172 0.7188 1.64782 -0.00779627 -0.00242693 -0.00076127
-0.0713416 0.737194 1.68218 -0.00812183 -0.00223719 -0.00086372
-0.0764255 0.704044 1.69684 -0.00794436 -0.00242693 -0.00101301
-0.0824353 0.647475 1.81506 -0.00853003 -0.00181818 -0.00047385
-0.0903203 0.76508 1.71242 -0.00792578 -0.00206939 -0.00046058
-0.0830993 0.80624 1.65703 -0.0072015 -0.002181 -0.00091869
-0.0749893 0.761667 1.65765 -0.00731696 -0.00242693 -0.00130177
-0.0737275 0.738221 1.66693 -0.00728085 -0.00250029 -0.00127523
-0.0770843 0.705851 1.71365 -0.0081026 -0.00242956 -0.00153169
-0.0924698 0.693107 1.79873 -0.00830862 -0.00244775 -0.00083197
-0.0809228 0.810132 1.68467 -0.00744818 -0.00297021 -0.00148904
-0.0754043 0.772283 1.64384 -0.00706181 -0.0031203 -0.00138204
-0.0719713 0.736474 1.65265 -0.00723015 -0.00257546 -0.00111407
-0.0772638 0.69877 1.70271 -0.00714654 -0.00307537 -0.00105745
-0.0852792 0.725303 1.70406 -0.007805 -0.0031609 -0.00122149
-0.0781129 0.774563 1.62296 -0.00725729 -0.00302432 -0.00143616
-0.075844 0.751454 1.66798 -0.0073522 -0.00294903 -0.00135982
-0.0723025 0.733869 1.67835 -0.00698825 -0.00335257 -0.00154964
-0.0701883 0.725786 1.6788 -0.00719667 -0.00335257 -0.00178416
-0.0671024 0.732766 1.67963 -0.00760463 -0.00324372 -0.00170477
-0.0718719 0.725716 1.67979 -0.00729967 -0.00335257 -0.00170477
-0.0879584 0.714238 1.72414 -0.00784844 -0.00333088 -0.00170477
-0.0716215 0.75339 1.62574 -0.0075651 -0.0030965 -0.00176413
-0.0715442 0.740036 1.66912 -0.00756811 -0.00326269 -0.00177587
-0.0822969 0.73109 1.76546 -0.00814494 -0.00326269 -0.00178664
-0.0881734 0.78602 1.80348 -0.0081009 -0.00293782 -0.00165619
-0.072239 0.842142 1.6564 -0.00744359 -0.00326269 -0.00210498
-0.073982 0.759891 1.66822 -0.00723219 -0.0032113 -0.00186198
-0.0801754 0.746064 1.67602 -0.00723569 -0.00310265 -0.0020167
-0.0745086 0.716291 1.68137 -0.00760948 -0.00326269 -0.00198211
-0.0896953 0.664144 1.7565 -0.00869306 -0.00255962 -0.00183214
-0.0832009 0.75101 1.63412 -0.00759069 -0.00242441 -0.00198211
-0.0699722 0.751766 1.62581 -0.00759534 -0.00226143 -0.00194637
-0.0764198 0.73563 1.68551 -0.00783403 -0.00286632 -0.00186856
-0.0866566 0.703191 1.7556 -0.00840518 -0.00245444 -0.00170833
-0.0855793 0.787309 1.61689 -0.00766888 -0.0027381 -0.00201781
-0.0719738 0.769142 1.64984 -0.00739883 -0.00288119 -0.00196438
-0.0720261 0.742603 1.64944 -0.00721267 -0.00294285 -0.00200764
-0.071784 0.71525 1.65421 -0.00728926 -0.00305384 -0.00194137
-0.0873381 0.683801 1.71864 -0.00845823 -0.00312702 -0.00217706
-0.0718229 0.709146 1.64927 -0.00840298 -0.00314324 -0.00199103
-0.0785419 0.770429 1.65274 -0.00712658 -0.00320518 -0.00175213
-0.0711558 0.753893 1.68557 -0.00733703 -0.00274251 -0.00154514
-0.0869876 0.692609 1.73456 -0.00809609 -0.00292769 -0.00147237
-0.0920774 0.727914 1.7336 -0.00807227 -0.00281532 -0.00141816
-0.0720314 0.801606 1.6412 -0.00776485 -0.00268774 -0.00196766
-0.0716106 0.753171 1.65744 -0.00757704 -0.00316525 -0.00190055
-0.067838 0.73475 1.65685 -0.00717454 -0.00310786 -0.00190055
-0.0796573 0.684455 1.68718 -0.00840891 -0.00280115 -0.00190055
-0.0858881 0.655465 1.79164 -0.00876102 -0.00230344 -0.00106672
-0.0840917 0.766712 1.62796 -0.00705197 -0.00295642 -0.00188949
-0.0678995 0.761697 1.63339 -0.00663407 -0.00273669 -0.00178574
-0.0673207 0.713337 1.66782 -0.0071444 -0.00308896 -0.00161199
-0.0741516 0.708611 1.80422 -0.00792527 -0.00308896 -0.00132178
-0.0674743 0.815375 1.76543 -0.00791093 -0.00314361 -0.0016996
-0.0681505 0.799243 1.63193 -0.00688721 -0.00342196 -0.00207513
-0.0679205 0.759421 1.6562 -0.00700364 -0.0031607 -0.00189957
-0.0717335 0.731235 1.69752 -0.0073585 -0.003164 -0.00186509
-0.0768966 0.704206 1.68445 -0.00782597 -0.00315695 -0.00174597
-0.0700397 0.747752 1.66249 -0.00746862 -0.00283118 -0.00193423
-0.0707154 0.721136 1.68065 -0.00749208 -0.00290436 -0.00174597
-0.0687543 0.727413 1.69949 -0.00725615 -0.00338196 -0.00195637
-0.0733225 0.715101 1.70912 -0.00741802 -0.00304946 -0.00174597
-0.0685423 0.773731 1.64363 -0.00705528 -0.00298179 -0.00174597
-0.0705643 0.748272 1.66179 -0.00741811 -0.00294439 -0.00172481
-0.0691177 0.724827 1.63287 -0.00774606 -0.00294188 -0.00163353
-0.0699114 0.754143 1.63937 -0.00731837 -0.00297027 -0.00163353
-0.0677176 0.719408 1.66726 -0.00719292 -0.00333233 -0.00180379
-0.0903279 0.682604 1.79432 -0.00842486 -0.00286049 -0.00130818
-0.0944355 0.792842 1.73494 -0.00836696 -0.00335818 -0.00127418
-0.0793631 0.771163 1.62444 -0.00784463 -0.00331071 -0.00174872
-0.0750461 0.745502 1.63179 -0.00743758 -0.00306739 -0.0014623
-0.0824456 0.68259 1.77018 -0.00846528 -0.00261008 -0.00092156
-0.0848176 0.756306 1.73804 -0.00816381 -0.00286272 -0.00136532
-0.0743275 0.755832 1.62966 -0.00721282 -0.00290441 -0.00136579
-0.0683421 0.713867 1.64949 -0.0075015 -0.0028121 -0.00143607
-0.0740345 0.713943 1.65976 -0.00736362 -0.00293435 -0.00158428
-0.0778652 0.682366 1.71842 -0.00762893 -0.00318394 -0.00161417
-0.0842681 0.694602 1.68993 -0.00831555 -0.00292711 -0.00135045
-0.076145 0.749099 1.62389 -0.00791561 -0.00288746 -0.00177454
-0.0784988 0.731794 1.64186 -0.00770993 -0.0028121 -0.00177722
-0.0713748 0.72023 1.65173 -0.00757736 -0.00290791 -0.00154161
-0.0862537 0.680972 1.7482 -0.00832472 -0.00309837 -0.00118834
-0.0772672 0.766329 1.70248 -0.00786712 -0.00321631 -0.00131702
-0.0672176 0.782768 1.63129 -0.00722416 -0.00276832 -0.00181222
-0.0753895 0.726759 1.64859 -0.00722416 -0.00303752 -0.00167806
-0.0779514 0.688664 1.67811 -0.00755236 -0.00309837 -0.00160609
-0.0782427 0.725747 1.6261 -0.00816557 -0.00301485 -0.00172361
-0.0755071 0.710624 1.62078 -0.00770392 -0.0026385 -0.00164266
-0.0780268 0.684388 1.62287 -0.00776797 -0.00261178 -0.00149781
-0.0622868 0.677426 1.6298 -0.00787813 -0.00265959 -0.00168289
-0.0601821 0.679495 1.65182 -0.0075813 -0.00265959 -0.00157912
-0.0870685 0.653841 1.75373 -0.00845561 -0.00258953 -0.00066687
-0.0865753 0.767076 1.65596 -0.00798885 -0.00316074 -0.00096319
-0.0782047 0.757747 1.62608 -0.00744658 -0.00272466 -0.00155175
-0.0685556 0.723528 1.63663 -0.00780288 -0.00301941 -0.0013721
-0.0779072 0.695509 1.67764 -0.00791275 -0.00295225 -0.0015056
-0.0770064 0.669984 1.67972 -0.00898345 -0.00264565 -0.00096319
-0.0840196 0.722639 1.59433 -0.00846756 -0.00298568 -0.00138433
-0.0767816 0.69617 1.60187 -0.00791201 -0.00303543 -0.00096319
-0.0734223 0.656492 1.59424 -0.00791094 -0.00285524 -0.00096319
-0.0766659 0.632857 1.67814 -0.00876385 -0.00320428 -0.00096319
-0.0932004 0.657636 1.6998 -0.0085755 -0.00271703 -0.00071319
-0.10351 0.664001 1.48639 -0.00276953 -0.00405935 -0.00198161
-0.0775934 0.667637 1.55056 -0.00573332 -0.00369004 -0.0007869
-0.0708238 0.687612 1.63153 -0.00700164 -0.00395965 -0.0010874
-0.0705496 0.702285 1.64312 -0.00773182 -0.00377175 -0.0010874
-0.0711275 0.679967 1.6463 -0.00789933 -0.00371917 -0.0010874
-0.0701601 0.626961 1.69167 -0.00827199 -0.00336574 -0.0010874
-0.061033 0.721205 1.6922 -0.00861892 -0.00341773 -0.0010874
-0.058417 0.75709 1.5848 -0.00748974 -0.00329671 -0.0010874
-0.0663364 0.685115 1.69832 -0.00825123 -0.00371044 -0.0010358
-0.0790078 0.687203 1.73723 -0.00811387 -0.00374971 -0.00058913
-0.073427 0.768528 1.59554 -0.00761652 -0.00369008 -0.00105201
-0.0736559 0.701783 1.61282 -0.0074096 -0.00329671 -0.00101742
-0.0732075 0.653309 1.60795 -0.00723624 -0.0031999 -0.00076742
-0.0738571 0.632754 1.62446 -0.00778232 -0.00297758 -0.00101742
-0.0763989 0.608553 1.66557 -0.00756392 -0.00318241 -0.00101742
-0.0777446 0.621222 1.73427 -0.00884917 -0.00320343 -0.00060574
-0.0772719 0.709944 1.63311 -0.00806601 -0.00375726 -0.00111474
-0.0672421 0.724719 1.59445 -0.00770926 -0.00374481 -0.00146788
-0.0670642 0.709814 1.60619 -0.00720198 -0.00374743 -0.00145028
-0.0775847 0.649725 1.70626 -0.0083822 -0.00352385 -0.00101742
-0.0892808 0.708854 1.68492 -0.00829135 -0.00381785 -0.00095106
-0.0685718 0.731445 1.5804 -0.00760916 -0.00393172 -0.00131894
-0.0798914 0.673599 1.60736 -0.00765118 -0.00381582 -0.00123635
-0.0783285 0.645228 1.62104 -0.0076856 -0.00365151 -0.00144324
-0.0804652 0.60474 1.65468 -0.00860321 -0.00363166 -0.00145687
-0.0801848 0.61945 1.67847 -0.00890438 -0.00332984 -0.0012111
-0.0863812 0.690885 1.63379 -0.00864932 -0.00381319 -0.00169625
-0.0758331 0.691535 1.59393 -0.00791023 -0.0035492 -0.00151234
-0.0789061 0.662886 1.68052 -0.00868625 -0.0033264 -0.00149515
-0.0976513 0.692638 1.70719 -0.00858476 -0.00384824 -0.00145039
-0.0855104 0.747995 1.59111 -0.00740058 -0.00354672 -0.00168434
-0.0832522 0.71061 1.60006 -0.00737933 -0.00352707 -0.00178456
-0.0808038 0.678675 1.61028 -0.00760589 -0.00366952 -0.0016748
-0.0876912 0.624609 1.63981 -0.00797075 -0.00377877 -0.00157306
-0.0863482 0.633408 1.60707 -0.00890065 -0.00347986 -0.00157306
-0.0767064 0.657748 1.58177 -0.00878487 -0.00305034 -0.00157306
-0.0781032 0.64561 1.60595 -0.0085568 -0.00348431 -0.00157306
-0.0752768 0.628997 1.58918 -0.00840418 -0.00328402 -0.00143116
-0.0739751 0.661837 1.62379 -0.00876328 -0.00352009 -0.00157306
-0.0887222 0.615327 1.70237 -0.00902024 -0.00334723 -0.0012065
-0.0927371 0.699564 1.68065 -0.00923814 -0.00352009 -0.00124324
-0.0834318 0.754337 1.58243 -0.00807518 -0.00337439 -0.00157306
-0.0819174 0.703356 1.6129 -0.00802807 -0.00344726 -0.00157306
-0.0726212 0.674584 1.61313 -0.00775955 -0.00347034 -0.00157306
-0.0821694 0.636839 1.66757 -0.00888528 -0.00353326 -0.00172564
-0.0852863 0.622659 1.70888 -0.00902052 -0.00302282 -0.00126174
-0.079289 0.706276 1.64231 -0.00843852 -0.00386913 -0.00157306
-0.079289 0.681928 1.59656 -0.00823081 -0.00386914 -0.00157306
-0.079157 0.678076 1.59892 -0.00809036 -0.00353196 -0.00140322
-0.07933 0.630358 1.67813 -0.00839429 -0.0035256 -0.00146444
-0.0917601 0.685992 1.67502 -0.00891985 -0.00351345 -0.00157306
-0.0793763 0.738615 1.58745 -0.00793463 -0.00363479 -0.00157306
-0.0793764 0.68846 1.61294 -0.007892 -0.00363479 -0.00157306
-0.0792592 0.67502 1.62436 -0.00799884 -0.00381997 -0.00157306
-0.0824294 0.65144 1.64952 -0.00806731 -0.00372226 -0.00157306
-0.0863917 0.639685 1.6637 -0.00876831 -0.00344905 -0.00157306
-0.0835321 0.696248 1.60978 -0.00891615 -0.00342478 -0.00174194
-0.0762096 0.677529 1.6226 -0.0085796 -0.00363735 -0.00157306
-0.076229 0.675889 1.62682 -0.0083397 -0.00361788 -0.00157306
-0.0762949 0.680818 1.63396 -0.00816747 -0.0035504 -0.00157306
-0.0830601 0.616391 1.74999 -0.00851395 -0.00345175 -0.0010245
-0.0843242 0.717459 1.71333 -0.00891666 -0.00328097 -0.00100539
-0.0786185 0.742478 1.58423 -0.00791927 -0.00330603 -0.00157306
-0.0785554 0.67648 1.60014 -0.00807991 -0.00335365 -0.00157306
-0.0783894 0.652111 1.61287 -0.00819238 -0.00360703 -0.00157306
-0.0825234 0.659742 1.6189 -0.00834063 -0.00365394 -0.00157306
-0.0805499 0.614695 1.65043 -0.00909706 -0.00351117 -0.00157306
-0.0777675 0.629513 1.62593 -0.00916204 -0.0029789 -0.00116098
-0.0666215 0.719387 1.62166 -0.00813379 -0.00345782 -0.00111717
-0.0756101 0.725735 1.71187 -0.00776665 -0.00342915 -0.00015041
-0.0871568 0.692085 1.77812 -0.00866954 -0.00283628 -0.00033308
-0.0914105 0.802289 1.74849 -0.00863377 -0.00279172 -0.00026372
-0.0783202 0.809405 1.64713 -0.00775834 -0.00326179 -0.00048123
-0.0788666 0.761477 1.66959 -0.00772289 -0.00324467 -0.00075112
-0.0788812 0.704917 1.70069 -0.00832202 -0.00345201 -0.0008291
-0.0944819 0.671132 1.81347 -0.00881626 -0.0033005 -0.00017767
-0.0893788 0.788793 1.80005 -0.00882711 -0.00352464 -0.00017767
-0.0906837 0.775528 1.73919 -0.00847617 -0.00379993 -0.00066271
-0.0908694 0.744819 1.67356 -0.00795274 -0.00388827 -0.00071264
-0.0781664 0.72318 1.68006 -0.00807658 -0.00364177 -0.00075686
-0.0816897 0.706555 1.70411 -0.00823436 -0.00375533 -0.00083203
-0.0807209 0.666756 1.79744 -0.00895776 -0.0032642 -0.00024246
-0.0861619 0.765169 1.6427 -0.00833038 -0.00353618 -0.00067699
-0.0790321 0.751232 1.64512 -0.00800923 -0.00362793 -0.00083203
-0.078527 0.720356 1.66387 -0.00791304 -0.00378073 -0.00083203
-0.0783636 0.707683 1.66024 -0.00791632 -0.00360314 -0.00083203
-0.0816881 0.700021 1.68043 -0.00808426 -0.00380668 -0.00083203
-0.0894487 0.670368 1.76507 -0.00881927 -0.00333893 -0.00043111
-0.0890049 0.752813 1.73582 -0.00840839 -0.00377301 -0.00031134
-0.0790472 0.789222 1.65288 -0.00790047 -0.00354785 -0.00050822
-0.075297 0.742305 1.66465 -0.0080379 -0.00375388 -0.0007556
-0.0726436 0.718022 1.6609 -0.00800277 -0.00348877 -0.0007556
-0.0730388 0.692645 1.66783 -0.00808519 -0.00377575 -0.0007556
-0.0785298 0.690773 1.66731 -0.00780632 -0.00368632 -0.0007556
-0.0789919 0.662472 1.737 -0.00884517 -0.00344781 -0.00024301
-0.0854841 0.720951 1.70942 -0.00833253 -0.00347779 -0.00041126
-0.07837 0.782574 1.63938 -0.00734612 -0.0033015 -0.00064917
-0.0818766 0.740959 1.65537 -0.0076779 -0.00349954 -0.00063849
-0.0761343 0.740405 1.70456 -0.00845051 -0.00323294 -0.00065689
-0.0826994 0.69356 1.80148 -0.00875439 -0.00296009 -0.00040689
-0.0884475 0.788946 1.71885 -0.00799773 -0.00336308 -0.00040689
-0.0790952 0.767067 1.68424 -0.00824938 -0.00312117 -0.00044989
-0.0792481 0.733194 1.67874 -0.00812237 -0.00310804 -0.00051679
-0.0791408 0.703004 1.66747 -0.00781694 -0.00322602 -0.00053044
-0.0939341 0.660142 1.76854 -0.00871995 -0.00299457 -0.00053044
-0.0915997 0.732573 1.78652 -0.00871995 -0.00270182 -9.322e-05
-0.0831485 0.859742 1.71802 -0.00724992 -0.00283883 -0.00042954
