0.00093868 0.123202 0.156136 -0.00089543 -0.00011565 0.00050422
0.00130865 0.15129 0.132637 -0.00103071 -0.00010729 0.00065069
0.0038734 0.0902231 0.182979 -0.00065689 -0.0001097 0.00065257
-0.00217618 0.223647 0.197843 -0.00127983 -0.00015862 0.00071061
0.00437547 0.10257 0.186225 -0.00054022 -0.00011108 0.00063386
0.00141392 0.222813 0.197642 -0.00113307 -0.00015324 0.00072266
0.00124676 0.182362 0.143284 -0.00083411 -0.00012742 0.00064189
-0.00160418 0.12984 0.208224 -0.00079679 -0.00015066 0.0006592
-0.00604036 0.209235 0.163347 -0.0010566 -0.0001696 0.00062463
-0.00322632 0.100439 0.192628 -0.00078199 -0.00012217 0.00063276
0.00116172 0.231419 0.175916 -0.00130456 0 0.00058682
0.00083567 0.138477 0.155218 -0.00074976 0 0.0004224
0.00118112 0.21067 0.190822 -0.00114643 0 0.00059251
0.00104956 0.176296 0.154853 -0.00078591 0 0.00052536
0.00102737 0.150637 0.207458 -0.00063959 0 0.00051144
-0.00805067 0.228382 0.142409 -0.00023031 -0.000175 0.00046082
-0.00546596 0.133868 0.190398 -0.00057624 -5.83e-05 0.00052941
-0.00575896 0.240643 0.188873 -0.00110232 -6.49e-05 0.0005079
0.00124947 0.133065 0.16782 6.431e-05 -0.00020553 0.00064743
0.00095354 0.252228 0.174115 -0.00085396 -9.745e-05 0.00052432
0.00819429 0.164205 0.137199 -0.00079192 0 0.00070314
0.0067759 0.130272 0.188211 -0.00049736 -0.00015149 0.00093143
0.00847043 0.266946 0.167341 -0.00105347 0 0.00068217
0.0228809 0.207079 0.109984 -0.00136426 0.00016844 0.0006887
0.0143982 0.0646769 0.129375 -0.000428 0 0.00093143
0.00190033 0.16382 0.183678 -0.00066209 -0.00010029 0.00093143
0.04536 0.168053 0.0739562 0.00097672 0.0003087 0.00150747
0.0890131 0.0426927 0.0418073 0.0024486 0.00089961 0.00219114
0.0617631 0.141321 0.0999566 0.00156885 0.00037676 0.00231566
0.0544986 0.0921078 0.0937103 0.00122676 8.378e-05 0.00208822
0.0457955 0.159903 0.12139 0.00114179 0.0002928 0.00186802
0.0648962 0.113529 0.059266 0.00169064 0.00064702 0.00209857
0.0820272 0.0632134 0.0784505 0.0018805 0.00046447 0.00217179
0.0410494 0.161435 0.0583081 0.00095973 0.00019659 0.0018946
0.0475248 0.0339253 0.0958605 0.00133843 8.521e-05 0.00180125
0.0791149 0.0495354 0.065714 0.00160697 0.00017964 0.00264767
0.073023 0.108459 0.0921512 0.00173435 0.00013056 0.00237329
0.0405204 0.149723 0.0772697 0.00135961 -0.00011073 0.00202653
0.0472265 0.0338771 0.0989208 0.00148943 0.00012531 0.00187414
0.0579877 0.152759 0.0615362 0.0010216 0.00023537 0.00210689
0.0716538 0.0604802 0.059493 0.00124043 0.00027754 0.00204794
0.06202 0.0635572 0.0759523 0.00110206 0.00018979 0.00198302
0.0741442 0.118963 0.0238533 0.0013177 0.00047223 0.00210885
0.0735945 0.0813721 0.0605355 0.00130135 0.00047216 0.00203814
0.0471895 0.171189 0.0889381 0.00122879 0.00014047 0.0018525
0.0502948 0.0839026 0.0466003 0.00137504 0.00025794 0.00200228
0.0646361 0.0859595 0.044312 0.00112441 0.0003455 0.00204714
0.0402664 0.136555 0.0740669 0.00122513 -4.242e-05 0.00200563
0.0510725 0.0508565 0.0477388 0.00139784 0.00029066 0.00209304
0.0352886 0.0441542 0.0555324 0.00172152 3.881e-05 0.0020376
0.0274439 0.117489 0.0812477 0.00120817 0.0001486 0.0017594
0.0234099 0.0405265 0.0645941 0.00153901 2.96e-06 0.00182603
0.0485959 0.0524602 0.0449457 0.00162713 0.00034715 0.00203783
0.0351922 0.0961721 0.0621725 0.00146313 6.185e-05 0.0020996
0.0174234 0.140436 0.067511 0.00131488 -0.0001786 0.00199323
0.0222879 0.0199717 0.0924741 0.00146239 -0.00025645 0.00202652
0.0166318 0.158795 0.0914621 0.00128126 -0.00020543 0.00198383
0.0237275 0.0978136 0.0306636 0.0008614 0.0001856 0.00196408
0.0210029 0.0484654 0.0360888 0.00057746 4.498e-05 0.00170039
0.0163 0.0549386 0.0968936 0.00130446 -7.871e-05 0.00187282
0.0069416 0.122829 0.0610856 0.00083067 -0.00013408 0.00178841
0.0138234 0.0194691 0.116177 0.00158368 -0.00021787 0.00183766
0.013642 0.135638 0.0677191 0.00132124 -7.871e-05 0.00195226
0.0156241 0.0696261 0.0680687 0.0011607 -7.871e-05 0.00175397
0.00093501 0.110666 0.0735627 0.00089729 -0.00015498 0.00176773
0.014696 0.128666 0.0301041 0.00081479 4.84e-06 0.00198308
0.0153838 0.0250214 0.0702912 0.00116145 -7.871e-05 0.00191083
-0.00215267 0.0964765 0.0802408 0.00108243 -0.00028052 0.00191145
-0.0014624 0.0603543 0.0665074 0.00105523 -0.00024953 0.00182038
0.00915771 0.0273105 0.0946237 0.00124814 -0.0002819 0.00195067
0.0275202 0.111762 0.0288289 0.00077346 0.00017129 0.00204636
0.0204315 0.0248286 0.0385331 0.00105967 -7.871e-05 0.00191058
0.00437239 0.091489 0.0781889 0.0011611 -0.00019248 0.00191563
0.00072966 0.121723 0.0541191 0.00099361 -0.00019307 0.00184226
0.0318806 0.0156383 0.0116415 0.00039909 0.00018268 0.00192407
0.0182848 0.150926 0.0235915 0.00062632 -7.871e-05 0.00196441
0.012773 0.0967883 0.0204644 0.00058407 -7.871e-05 0.00200576
0.0103072 0.0138991 0.0802202 0.00133411 -0.00035402 0.00170478
0.0154349 0.112424 0.00739182 0.00089526 -7.871e-05 0.00211996
0.0091903 0.0421465 0.035567 0.00083676 -0.00023121 0.00200194
-0.00917329 0.115855 0.0434222 0.00076701 -0.00030721 0.00197844
0.0234242 0.0605403 -0.00621008 0.0012458 -7.871e-05 0.0022706
0.00916582 0.0306444 0.024651 0.00049065 -0.00026044 0.00189929
-0.00286974 0.130365 0.0487534 0.00069758 -0.00032571 0.00208301
-0.00023874 0.0331535 0.052475 0.00075556 -0.00046158 0.00201143
0.01906 0.0496089 0.00296748 0.00125981 -7.871e-05 0.00251215
0.00428328 0.0960719 0.017882 0.00053355 -0.00053384 0.00231702
-0.00900713 0.163507 0.0182583 0.00035403 -0.00026817 0.00215283
-0.0001349 0.025328 0.0417251 0.00065265 -0.00056967 0.00208626
-0.00980466 0.152812 0.0511555 0.00057876 -0.00037062 0.00222115
0.0128579 0.116282 0.00128755 0.00083472 -0.00027447 0.00254552
0.00826934 0.0045316 0.0216963 0.00110776 -0.00051235 0.00218554
-0.00500862 0.0717506 0.083792 0.00135776 -0.00047799 0.00225546
0.0165895 0.0957355 0.014309 0.00096302 -0.00026407 0.00246372
0.00251686 0.0297487 0.0314005 0.0005686 -0.00048334 0.00216528
-0.00522501 0.116055 0.0528699 0.00064315 -0.00045421 0.00237685
0.0106961 0.0807437 0.00024038 0.00080571 -0.00058356 0.0025662
-0.00254615 0.0370776 0.0368849 0.00063237 -0.00071132 0.00215804
-0.0104976 0.146115 0.0526913 0.00075994 -0.00068341 0.00257879
-0.00521749 0.0535974 0.0394923 0.00087378 -0.00076752 0.00253168
-0.00341465 0.0916454 0.0730844 0.00102123 -0.00061381 0.00245204
0.0163166 0.102443 0.0105417 0.00128832 -0.00051752 0.00277169
0.0157666 0.0195643 0.00473939 0.00112143 -0.00083082 0.00251491
0.00217911 0.0681201 0.0482626 0.00083633 -0.00076752 0.00255139
-0.00541337 0.0376169 0.0382172 0.00107075 -0.00086713 0.0025027
-0.00561373 0.0344677 0.080275 0.00146832 -0.00089994 0.00256472
0.00999116 0.107341 0.0129576 0.00109492 -0.00076752 0.00295621
0.0230998 0.0269432 0.0245791 0.00112809 -0.00094004 0.00289197
-0.00589095 0.0812566 0.0718753 0.00122467 -0.00096971 0.00275181
-0.00079225 0.0606325 0.0582829 0.00110071 -0.00076752 0.00265355
0.0108769 0.0635818 0.0222104 0.00146832 -0.00106131 0.00293634
0.0231127 0.0801825 0.0320671 0.00092452 -0.00108763 0.00295865
0.0142427 0.112496 0.0621553 0.00107113 -0.00116935 0.00296109
0.00519955 0.13804 0.0511367 0.00095524 -0.00103942 0.00299883
1.339e-05 0.0245524 0.0772407 0.00119448 -0.00110092 0.00283149
0.0141704 0.106766 0.0315121 0.00187759 -0.00135891 0.00313793
-0.00723502 0.0277733 0.0831538 0.00164645 -0.00122448 0.0029124
-0.0159908 0.122196 0.0613285 0.00084352 -0.00124018 0.00297299
0.00362463 0.0426722 0.0170589 0.00127027 -0.00130343 0.00305244
-0.00032988 0.0138294 0.0394187 0.00093594 -0.00112937 0.00284857
-0.0120555 0.0460459 0.0729327 0.00089716 -0.00130486 0.00283763
-0.0180148 0.109847 0.0529459 0.00080331 -0.00138359 0.002883
0.0100498 0.076405 0.0185912 0.0009171 -0.00101972 0.00303495
-0.00272609 0.0535911 0.0131818 0.00089333 -0.00135061 0.00286725
-0.0147696 0.168827 0.0273821 0.00061917 -0.00135061 0.00293065
-0.0182037 0.031153 0.0468113 0.00101318 -0.00135061 0.00279531
0.0072028 0.120281 0.00669602 0.00057645 -0.00093924 0.00295388
0.0157654 0.0395006 -0.00669676 0.00037377 -0.00100701 0.00274313
-0.00736919 0.137539 0.0193227 0.00018385 -0.00098252 0.00285798
-0.00707017 0.0516733 0.0188345 0.00042076 -0.00103279 0.00254544
-0.003039 0.0487009 0.0559352 0.00064643 -0.00119657 0.00264029
0.0145339 0.141384 0.0268881 0.00042154 -0.00088823 0.00304688
0.0175088 0.0632608 0.0299088 0.00038103 -0.00088823 0.00274385
-0.00512277 0.119463 0.0496698 0.00038962 -0.00112945 0.00276924
0.00964757 0.130632 -0.00338186 0.0007125 -0.00088823 0.00293566
-0.00678885 0.0336882 0.0308318 0.00078021 -0.00130457 0.0028602
-0.0126901 0.0694811 0.0504767 0.00072311 -0.00160072 0.00268224
-0.00270934 0.222971 0.0233096 0.00025942 -0.00088823 0.00260325
0.0333449 0.0993636 0.00935899 0.00012603 -0.00018437 0.0026038
0.041687 -0.045451 -0.015952 0.00129657 -0.0004151 0.00289497
0.0367366 -0.0438222 -0.00083034 0.00026669 -0.00058993 0.003138
0.0214562 -0.102585 0.032044 0.00090526 -0.00118862 0.00339796
0.0184614 0.052384 0.0580357 0.00115526 -0.00101205 0.00322053
0.0336544 0.119372 -0.00020331 0.00078961 -0.00082752 0.00317614
0.0196826 0.182942 0.00159837 0.00115526 -0.00101205 0.00310908
0.017349 0.180871 0.0251125 0.0007007 -0.00101205 0.00300932
0.0117242 0.0849934 0.0637574 0.00079754 -0.00126811 0.003036
0.00975649 0.173748 0.0797626 0.00103244 -0.00101205 0.00324712
0.0255272 0.138602 0.0355329 0.00139439 -0.00076205 0.00317517
0.0165445 0.140706 0.0600355 0.000826 -0.00069273 0.00290458
0.00604471 0.056664 0.0751619 0.00076682 -0.00064018 0.00264544
0.0289331 -0.04326 0.0326298 0.00134378 -0.00076229 0.003015
0.0254181 0.00397913 0.028893 0.00102278 -0.00072203 0.00285995
0.0138091 0.114459 0.0652329 0.00089724 -0.00056744 0.00262035
0.0157938 0.133326 0.0849133 0.0010465 -0.00050945 0.00278508
0.0272701 0.0934694 0.0587479 0.0009952 -0.00050945 0.00273948
0.0206209 0.0801356 0.0556625 0.00101276 -0.00060377 0.00274779
0.00909009 0.116293 0.0816679 0.00115217 -0.0006327 0.00268439
0.0183518 0.179965 0.073147 0.00107529 -0.0004031 0.00275325
0.012624 0.0946329 0.0918863 0.00114043 -0.0006587 0.00278629
0.0141566 0.0345705 0.131389 0.00150481 -0.00098731 0.00282805
-0.00167068 0.133721 0.141981 0.00124418 -0.00077675 0.00291075
0.017367 0.0730505 0.0665181 0.00124951 -0.00050945 0.00299791
0.0167631 0.0449168 0.0800038 0.00107087 -0.00050945 0.0030166
0.0105234 0.105582 0.116908 0.00122242 -0.0008097 0.00293832
0.0191211 0.0949195 0.0955484 0.00119573 -0.00050945 0.00290705
0.0268284 0.0438175 0.108959 0.0013712 -0.00067743 0.00297598
0.0103478 0.0994359 0.142384 0.00147601 -0.00073879 0.00287508
0.00843033 0.116582 0.137203 0.00120433 -0.00075655 0.00275744
0.0180259 0.0265579 0.187604 0.00122379 -0.00088008 0.00295756
0.00309986 0.155403 0.219496 0.00117163 -0.00094923 0.00301194
-0.0005827 0.146518 0.183587 0.00109203 -0.00079388 0.00291155
-0.00342165 0.0945907 0.254511 0.00117691 -0.00088122 0.00297773
-0.00366436 0.213303 0.239493 0.0009344 -0.00058408 0.00295864
-0.00661512 0.118444 0.216874 0.00098849 -0.00092653 0.00287662
-0.00712894 0.121033 0.2525 0.00115202 -0.00083746 0.00292146
-0.00229254 0.181735 0.221867 0.00082288 -0.00086281 0.00301414
-0.00817296 0.046828 0.260783 0.00140531 -0.00090518 0.00286111
-0.00517281 0.182143 0.253172 0.00105361 -0.00080168 0.00298471
-0.00232105 0.102963 0.223611 0.00159729 -0.00091389 0.00287298
-0.00447518 0.144468 0.259053 0.00138428 -0.00085481 0.00291169
-0.00099961 0.175257 0.22061 0.00123413 -0.00059533 0.00297206
-0.00041697 0.0911665 0.278263 0.00140798 -0.00093835 0.0030491
-0.00684822 0.238055 0.243071 0.00109012 -0.00067171 0.00304255
-0.00405885 0.12934 0.251851 0.00148845 -0.00063104 0.00283034
-0.00620964 0.156173 0.305221 0.0012909 -0.00067947 0.00285362
-0.00212982 0.209672 0.239533 0.00083014 -0.00050945 0.00299086
0.00431487 0.0895302 0.288614 0.00122732 -0.00078719 0.00296785
-0.00032709 0.214263 0.302632 0.00078257 -0.00050945 0.0030017
0.00867334 0.14882 0.252306 0.00091073 -0.00050945 0.00311447
-0.00633536 0.0867729 0.325297 0.00116835 -0.00056174 0.00300902
0.00337144 0.231788 0.293986 0.00067393 -0.0003154 0.00309638
0.00358146 0.134652 0.236922 0.00089656 -0.00018584 0.00298083
0.00599628 0.118835 0.30961 0.00101486 -0.00046091 0.00298016
0.00753027 0.215353 0.271518 0.00073867 -0.00027003 0.00308265
0.0279909 0.14942 0.172679 0.00088294 0.00042595 0.00298174
0.0310937 0.134565 0.0932851 0.00110149 0.0004923 0.00281401
0.0204506 0.17024 0.0604882 0.00042058 0.00082741 0.00260335
0.0409243 0.0435528 0.0323426 0.00075047 0.00042595 0.002758
0.0495484 0.0404217 0.0719237 0.00092942 0.00014248 0.0029617
0.0347904 0.0109657 0.119206 0.00106454 0.00017003 0.00282371
0.0222278 0.126639 0.113633 0.00098884 0.00023282 0.00283644
0.0234271 0.0807467 0.111276 0.00084208 0.00025835 0.00272859
0.035543 0.122475 0.0930685 0.00098884 0.00055594 0.00286542
0.0310942 0.233969 0.0777487 0.00047641 0.00068552 0.00292414
0.0419012 0.128736 0.0670117 0.00061343 0.00055445 0.00287953
0.0432231 0.0714811 0.146778 0.00087049 0.00048755 0.00285855
0.0511647 0.17281 0.106137 0.00085577 0.00050146 0.0031459
0.0376365 0.156202 0.141974 0.00061378 0.00045375 0.0030503
0.0375606 0.127119 0.114495 0.00056131 0.00048012 0.00297001
0.0371143 0.00462127 0.178447 0.00108352 0.00049398 0.00271215
0.0266118 0.157401 0.170927 0.00057786 0.00079821 0.00279525
0.0550606 0.0614015 0.045783 0.00097528 0.00093312 0.00275355
0.0562693 0.0502795 0.0913247 0.00111011 0.00071528 0.00276222
0.0306764 0.169534 0.1572 0.00106042 0.00044821 0.00285058
0.0376583 0.139506 0.0999233 0.00127903 0.00052172 0.00294691
0.047184 0.117974 0.10699 0.00131652 0.00062698 0.00292654
0.0314466 0.145103 0.144908 0.00128355 0.00042584 0.00307797
0.0261634 0.139854 0.132131 0.00106792 0.00051948 0.00294551
0.0491264 0.078281 0.114354 0.00136385 0.00071523 0.00311204
0.0538972 0.0678443 0.119485 0.00132665 0.00051544 0.00311319
0.0264171 0.156829 0.154104 0.00075649 0.0005744 0.00293833
0.0404462 0.0752974 0.101524 0.00109703 0.00069235 0.00294526
0.0371983 0.0783079 0.116859 0.00124282 0.00049099 0.00284603
0.0170532 0.15546 0.145353 0.00063777 0.00073564 0.00284237
0.0210391 0.0561279 0.142212 0.00083955 0.00046963 0.00274465
0.0312653 0.130243 0.118379 0.00119553 0.00064133 0.0029954
0.0435902 0.0635139 0.122466 0.00111059 0.00051859 0.00315545
0.0326996 0.107087 0.143011 0.0012704 0.00047899 0.00319182
0.0287989 0.158275 0.139619 0.00092154 0.00033155 0.00329321
0.0372813 0.0597455 0.195711 0.00130899 3.072e-05 0.00327899
0.0389241 0.189959 0.157455 0.00159669 0.0004941 0.00329131
0.03836 0.0890276 0.169626 0.00131736 0.00053993 0.00324761
0.0254012 0.20684 0.198378 0.00082376 0.00060219 0.00316718
0.0316114 0.0830501 0.174571 0.00101916 0.00037262 0.00292713
0.0283033 0.0663101 0.25683 0.00083146 0.00011871 0.0031851
0.031078 0.187466 0.176508 0.00101916 0.00080163 0.00313797
0.0327036 0.0452759 0.197722 0.00145704 0.00041087 0.00312256
0.0201401 0.159076 0.245648 0.00089341 0.00041087 0.00314704
0.0348643 0.147313 0.161511 0.0010364 0.00073405 0.00321051
0.0355498 0.0606777 0.207304 0.00131352 0.00041087 0.00324397
0.0167316 0.191373 0.226067 0.00097168 0.00041087 0.00321228
0.0190237 0.133916 0.192278 0.00098496 0.00041087 0.0031999
0.0413705 0.0712269 0.145263 0.00153353 0.00069637 0.00319103
0.0400528 0.146861 0.126399 0.00114221 0.00069217 0.00323714
0.0253005 0.152177 0.123812 0.00096004 0.00053116 0.0030847
0.0313808 0.0266014 0.218785 0.00131115 0.00031042 0.00312118
0.0372136 0.137859 0.184196 0.00156426 0.00055993 0.00341471
0.0281836 0.140152 0.141076 0.00174893 0.00048682 0.00332067
0.022599 0.0786492 0.157652 0.00133073 0.0003855 0.00321438
0.0338491 0.0551272 0.152396 0.001664 0.00045767 0.00355857
0.0191881 0.143889 0.13074 0.00133641 0.00048879 0.00354114
0.00794001 0.096332 0.12921 0.00105272 0.00051415 0.00349942
0.0126 0.039661 0.225578 0.00108247 0.00029013 0.00356308
0.0085424 0.204815 0.197951 0.00025111 0.00074945 0.00369898
0.0297953 0.104264 0.15273 0.00096693 0.00089003 0.00371421
0.020335 0.100788 0.186488 0.00067714 0.00080499 0.0036262
0.0151647 0.127092 0.179582 0.00052322 0.00089003 0.00353004
0.0240658 0.0416989 0.244577 0.00074581 0.00078196 0.00332896
0.0311102 0.176389 0.164197 0.00063567 0.00098876 0.00387603
0.0349957 0.0904118 0.148615 0.00136885 0.00037711 0.00400542
0.0270029 0.143394 0.176886 0.00066155 0.00069152 0.00375901
0.0280834 0.120956 0.148528 0.0002198 0.00047758 0.0036349
0.0270223 0.0368896 0.205974 0.0010643 0.00042502 0.00371695
0.0419297 0.0895056 0.152297 0.0014572 0.00070075 0.00401004
0.0322117 0.0839463 0.156111 0.00096671 0.0004239 0.0039039
0.028424 0.148805 0.172555 0.00080559 0.00045888 0.00381147
0.0416552 0.0431892 0.155483 0.00172521 0.00026438 0.00423448
0.0478065 0.116342 0.194226 0.0009915 0.00013034 0.00433721
0.0204698 0.182314 0.18388 0.00121831 8.83e-05 0.0042267
0.0284755 0.0646408 0.199374 0.00176579 0.00016314 0.00400989
0.0110863 0.123104 0.255528 0.00156296 0.00023113 0.00388466
0.0260532 0.154823 0.187186 0.00154927 0.00047002 0.00396807
0.0284828 0.0352204 0.187601 0.00163572 7.439e-05 0.00417829
0.0144352 0.0996712 0.215091 0.00134884 0.00026026 0.00404731
0.0126649 0.0478496 0.197718 0.00150916 0.00019023 0.00402565
0.0268189 0.0345671 0.192328 0.00159371 0.00055355 0.00397352
0.0258512 0.0597905 0.169448 0.00179329 0.00016406 0.00422402
0.0115976 0.182443 0.178136 0.00112391 0.00033094 0.00403853
0.0214735 0.101436 0.129693 0.00172383 0.00014548 0.00427726
0.0334396 0.0730369 0.139175 0.00178798 -6.832e-05 0.00430216
0.00719519 0.149456 0.177652 0.00132351 -7.589e-05 0.00397229
0.00467392 0.0828495 0.173537 0.00150404 4.154e-05 0.00394354
0.0167631 0.0448244 0.176736 0.00174767 -0.00013527 0.0040293
-0.03041 -0.0361853 0.169132 0.00223142 -0.00071379 0.00395674
-0.00941627 0.00026678 0.190808 0.00224694 -0.00081865 0.00429472
-0.023068 0.113958 0.219198 0.00119845 -0.0003647 0.00400719
-0.0120106 0.0485115 0.198954 0.00128494 -0.00033393 0.00392971
0.00323387 0.0783868 0.182715 0.00161432 -0.0002721 0.00420802
0.0137766 0.0177625 0.202168 0.00102982 -2.518e-05 0.00420778
0.00722783 0.0339323 0.238197 0.00099637 6.18e-05 0.00401471
0.0117246 0.0901118 0.190432 0.00152366 -0.00021416 0.00423795
0.00860612 0.0590469 0.235286 0.00153386 -0.00021796 0.00431375
-0.00611466 0.110182 0.275395 0.00037946 -0.0001787 0.00409352
0.010958 0.0931617 0.187694 0.00175234 -0.00012226 0.00426984
0.0147194 0.0204881 0.218265 0.00140269 8.945e-05 0.00430847
-0.00098204 0.0974981 0.236535 0.0008264 -0.00017996 0.00402232
0.00285387 0.0805616 0.18126 0.0012518 -9.231e-05 0.00377258
0.00617582 0.00254392 0.279405 0.00128347 0.00017409 0.00384255
0.0147504 0.0941196 0.174622 0.00177688 0.00015884 0.00398836
0.00096334 0.0465239 0.222532 0.00155703 -0.00018922 0.00379098
-0.0228412 0.191072 0.235042 0.0009282 -0.00017813 0.00363619
-0.0168538 0.069617 0.24442 0.0012098 -0.00020946 0.00352065
-0.00877165 0.141738 0.248058 0.00162383 0.00019862 0.00358661
0.012499 0.0798238 0.235393 0.00115107 0.00018477 0.00375348
-0.0106683 0.0587053 0.25079 0.00136459 -0.00015106 0.00348111
-0.00033853 0.102165 0.195759 0.00141102 -0.00010345 0.00352437
0.00221304 0.030331 0.213883 0.00190132 0.00011324 0.00340071
-0.013757 0.128705 0.204021 0.00110424 -0.00018845 0.00312849
-0.0117552 0.0426024 0.213947 0.00145595 -0.00021085 0.0031691
-0.0152142 0.0754241 0.263688 0.00132121 -0.00018313 0.00318001
-0.00076354 0.133545 0.178051 0.00174291 4.77e-05 0.00332945
0.00937716 0.0488246 0.226348 0.00132089 -0.00011977 0.00347731
-0.00230343 0.100972 0.260112 0.00106452 -0.00034174 0.00367033
-0.00047701 0.15126 0.204191 0.00148192 -0.00015695 0.00358704
0.0200762 0.0448577 0.222421 0.00169191 -0.0002568 0.0037707
0.00927371 0.0813657 0.257127 0.00105791 -0.00028122 0.00347443
0.00011321 0.0773074 0.192028 0.00169329 -0.0004028 0.00364035
0.00368706 0.0469281 0.231052 0.00145012 -0.00053979 0.003695
-0.0055767 0.125588 0.255452 0.00106575 -0.00062341 0.00352607
-0.00056061 0.0768031 0.248778 0.00128287 -0.00061554 0.00362775
-0.00029079 0.0818412 0.25078 0.00105901 -0.00062601 0.00361657
0.0147487 0.137196 0.129993 0.00139461 -0.00026997 0.00363566
0.00810793 0.0292783 0.17896 0.00105803 -0.00061757 0.00361131
-0.00293032 0.057935 0.23824 0.0010246 -0.00074306 0.00351299
-0.0108148 0.13657 0.21803 0.00043343 -0.00069765 0.00355803
-0.00340411 0.0838762 0.208554 0.00110144 -0.00073972 0.00382853
0.00355527 0.0933362 0.225142 0.00110144 -0.00069982 0.00391136
-0.0056947 0.100527 0.243998 0.0009192 -0.00068076 0.00365276
-0.0126103 0.134355 0.188378 0.00067105 -0.0006586 0.00332105
-0.00961867 0.132011 0.187815 0.00094068 -0.00069456 0.00342506
0.0128758 0.059964 0.181 0.00095486 -0.00072516 0.00362073
0.0128946 0.0210179 0.247827 0.00111121 -0.00086098 0.00382561
-0.00230855 0.120745 0.235636 0.00075906 -0.0008191 0.0036642
0.00961002 0.067078 0.173154 0.00221571 -0.00077112 0.00385356
0.0102706 0.0530678 0.235447 0.00167705 -0.00075327 0.00377322
-0.00696527 0.14992 0.229824 0.00104838 -0.0007747 0.00360789
-0.00375302 0.0712876 0.207021 0.001138 -0.00068002 0.00356459
-0.00776283 0.0440338 0.259632 0.00143508 -0.00099638 0.00367581
-0.0141262 0.147761 0.214706 0.00079939 -0.00068002 0.00338312
-0.0131067 0.0210888 0.243009 0.00124187 -0.00077949 0.00319633
-0.0187156 0.0765909 0.291068 0.00098286 -0.00108335 0.00343418
-0.0205604 0.14563 0.228796 0.00079529 -0.00098687 0.0033753
-0.0166198 0.0315337 0.290792 0.00125846 -0.00074189 0.00313776
-0.0218178 0.17213 0.292159 0.00066549 -0.00068002 0.00327356
-0.0142557 0.105874 0.242575 0.00097301 -0.00047233 0.00309617
-0.0115873 0.0376761 0.314153 0.00127997 -0.00068002 0.00300062
-0.0207197 0.192682 0.304164 0.00077235 -0.00042406 0.0030446
-0.0215458 0.146676 0.26933 0.00055151 -0.00068002 0.0031351
-0.0159248 0.0250049 0.334171 0.00113435 -0.00105743 0.00313287
-0.0210532 0.15101 0.362532 0.00049712 -0.00062245 0.00329843
-0.025115 0.101145 0.310283 0.00043686 -0.00061488 0.00283219
-0.0182884 0.0523625 0.374558 0.00081155 -0.00063918 0.00278256
-0.0209141 0.199577 0.36464 0.00017555 -0.00018276 0.00280561
-0.020607 0.108103 0.334973 0.00045464 -0.000426 0.00276367
-0.0231162 0.0736721 0.383601 0.00074196 -0.00057398 0.00288546
-0.0273586 0.186584 0.349896 7.021e-05 -0.00043276 0.0028274
-0.0264179 0.0583701 0.359229 0.00086741 -0.00058921 0.002716
-0.0366777 0.115338 0.40699 0.00073085 -0.00049013 0.0027584
-0.0324858 0.165005 0.374753 0.0002151 -0.00018276 0.00283316
-0.0378872 0.0368678 0.418755 0.00093083 -0.00059894 0.00255683
-0.0374791 0.164328 0.42225 0.00038547 -0.00026601 0.00274797
-0.0288758 0.110904 0.35532 0.00155477 -0.00047546 0.00270291
-0.0268276 0.120579 0.434761 0.00052419 -0.00034551 0.00283115
-0.0105006 0.156075 0.312337 0.00160483 6.309e-05 0.00312772
-0.0122839 0.0883296 0.299614 0.00129634 -0.00030472 0.00290236
-0.0203068 0.176971 0.28393 0.00075006 -0.00012867 0.0027696
-0.019723 0.00926692 0.273658 0.0015645 -0.00033588 0.00246788
-0.0217376 0.019876 0.358139 0.00161365 -0.00034392 0.00271462
-0.0088358 0.153042 0.339447 0.00110882 -0.00014353 0.00299362
-0.0112408 0.0559127 0.33842 0.00158762 -0.00046522 0.00302311
-0.0205151 0.0545626 0.382235 0.00167548 -0.00042598 0.00280838
-0.0188267 0.180097 0.340758 0.001005 -0.00041223 0.00294932
-0.018282 0.0575088 0.379712 0.00160704 -0.00077641 0.00286738
0.00050429 0.244626 0.341082 0.00150959 -0.00025873 0.00332994
-0.00493691 0.129195 0.315715 0.00183459 -0.00046468 0.00318955
-0.00890202 0.0634356 0.388873 0.00173286 -0.00084915 0.0031755
0.00186471 0.180516 0.323192 0.00151957 -0.00035843 0.0031728
-0.00151877 0.0668167 0.322186 0.00195137 -0.00079016 0.00313486
-0.00844703 0.191295 0.335729 0.00124738 -0.00041139 0.00309664
0.00322172 0.136015 0.31079 0.0007542 -0.00030434 0.00292138
0.0122665 -0.0311872 0.24683 0.00202127 -0.00043951 0.00334344
0.00705257 0.0841111 0.271926 0.00160781 -0.00049114 0.00316432
-0.00071751 0.161517 0.328932 0.00049738 -0.00016489 0.00281628
0.0117326 0.0459491 0.258136 0.00232454 -0.0001279 0.00316598
-0.0178499 0.14068 0.344551 0.00135364 -0.00032288 0.00284023
-0.0135757 0.196181 0.357081 0.00086461 -0.00025365 0.00291846
-0.0146163 0.0520631 0.381649 0.00099993 -0.00050906 0.00297867
-0.0127035 0.107221 0.44708 0.00115264 -0.00064417 0.0032176
-0.0033815 0.273669 0.394445 0.0010182 -0.00017247 0.00318761
0.00832714 0.179813 0.424277 0.00099179 -0.00076443 0.00377355
0.00278039 0.103243 0.456883 0.00130518 -0.00090487 0.00340233
-0.00375668 0.162227 0.380304 0.00117918 -0.00030656 0.00356527
0.00759339 0.0801554 0.363975 0.00088213 -0.00043821 0.00348275
0.00138498 0.178893 0.378564 0.00089187 -0.00037927 0.00343512
0.00224752 0.104107 0.35603 0.00079548 -0.0003324 0.00329805
0.0166599 0.0162637 0.312504 0.00164795 -0.00044405 0.0034463
0.00528178 0.145015 0.307503 0.00065947 -0.00066309 0.00343093
-0.00167925 0.133995 0.339323 0.00064833 -0.000682 0.00317928
-0.0156101 0.0484757 0.404624 0.00121102 -0.00091576 0.00316458
0.0127535 0.202724 0.338579 0.00075412 -0.00067635 0.00341849
0.00497062 0.126648 0.331136 0.00123391 -0.0007314 0.00335255
0.0118586 0.217651 0.389855 0.00077586 -0.00026177 0.00327075
0.0156317 0.0933102 0.346534 0.0015184 -0.00026177 0.00315917
0.019403 0.186495 0.384019 0.00124763 -0.00043378 0.00334227
0.0172024 0.164767 0.396293 0.00088665 -0.00026177 0.00331452
0.00233801 0.0512688 0.384066 0.00102997 -0.00069106 0.00318512
0.00392527 0.154928 0.404748 0.00057015 -0.00026177 0.00326913
0.00741611 0.125923 0.360811 0.0003956 -2.811e-05 0.00305478
0.00648012 0.104949 0.416722 0.00040682 -0.00041844 0.00323021
0.0178557 0.200445 0.441787 8.377e-05 -2.266e-05 0.00349572
0.0212743 0.0701605 0.440352 0.00069238 -0.00033493 0.00351785
0.0185383 0.0885837 0.442633 0.00122043 -0.00041788 0.00371687
0.0293799 0.193086 0.405089 0.00122043 -0.00025282 0.00376441
0.0258455 0.131096 0.411472 0.00077705 -0.00011774 0.00360021
0.0273163 0.04127 0.409746 0.00164445 -0.00053353 0.00405787
0.00853957 0.142311 0.399513 0.00130349 -0.00069435 0.00382327
0.0119552 0.208306 0.446704 0.00061416 -0.00027538 0.00350708
0.000609 0.0619183 0.441655 0.00111107 -0.00071938 0.00335753
0.0212873 0.0499175 0.398805 0.00138729 -0.00033935 0.00354417
0.0227366 0.13595 0.362391 0.00163142 -0.00045323 0.00362053
0.012821 0.185529 0.389048 0.00108412 -0.0004743 0.00347524
0.00862408 0.0290283 0.426157 0.00178602 -0.00065009 0.00330952
0.00558367 0.169153 0.448479 0.00114042 -0.00054659 0.00339828
0.0180572 0.156382 0.39502 0.00144959 -0.00038997 0.00347553
0.0217334 0.069732 0.388693 0.00172714 -0.00051818 0.00358406
0.00944419 0.0493551 0.435605 0.00154705 -0.00073341 0.00356048
0.0110771 0.195649 0.437194 0.00128572 -0.00027538 0.00332524
0.00913695 0.0489202 0.406115 0.00160836 -0.00068966 0.00338754
0.0209421 0.06661 0.38099 0.00135916 -0.00027538 0.00350181
0.0245494 0.14247 0.350515 0.00128074 -0.00040685 0.00364693
0.0113838 0.18782 0.369781 0.00126852 -0.00027538 0.0034078
0.0282591 0.0468096 0.336202 0.00178095 -0.00068622 0.00386117
0.0279106 0.0825529 0.374352 0.00161845 -0.00060742 0.00389647
0.0169342 0.1832 0.401598 0.00119519 -0.00069041 0.00384963
0.0264652 0.0853826 0.33683 0.00171282 -0.00070829 0.00377566
0.032227 0.047486 0.368133 0.00172055 -0.00059065 0.00405345
0.0191421 0.0888028 0.409976 0.00109979 -0.00064273 0.00385831
0.0112294 0.144711 0.387526 0.00156426 -0.00072348 0.00355177
0.0142862 0.0253401 0.440798 0.00197731 -0.00091352 0.00374405
0.0200995 0.115183 0.411994 0.00205335 -0.00073355 0.00400115
0.0146819 0.153766 0.375058 0.00182501 -0.00074238 0.00385498
0.0099094 0.213981 0.398604 0.00136802 -0.00074367 0.00384091
0.0138935 0.0361266 0.446362 0.00195058 -0.00089496 0.00374605
0.015248 0.219292 0.422955 0.00110269 -0.00080811 0.0038372
0.0212206 0.0518298 0.365156 0.00152743 -0.00070529 0.00377047
0.00573219 0.0821975 0.443166 0.00141805 -0.0009256 0.0037223
0.0135109 0.203443 0.445846 0.00099078 -0.00083305 0.00397281
0.0101792 0.125867 0.427326 0.00123056 -0.00108711 0.00383629
0.0156051 0.129096 0.472279 0.00119678 -0.00126127 0.00378698
0.0205505 0.187594 0.456935 0.0007467 -0.00139428 0.00416317
0.0287645 0.131035 0.429521 0.0016326 -0.00108778 0.00416305
0.032002 0.0910212 0.447185 0.00162133 -0.00084346 0.00429133
0.0184835 0.164304 0.456133 0.00108473 -0.00116756 0.00410483
0.0145858 0.161747 0.432017 0.0012568 -0.00125596 0.00395164
0.01079 0.0533896 0.519643 0.00132649 -0.00142156 0.00386223
0.0117742 0.184318 0.464891 0.00145109 -0.00084346 0.00394925
0.0277862 0.065511 0.435303 0.00150435 -0.00084346 0.00400783
0.0145393 0.144941 0.466675 0.00115834 -0.00095854 0.00384579
0.0115823 0.142313 0.45776 0.00087122 -0.00131659 0.00394051
0.0205017 0.131321 0.482376 0.00103312 -0.0010991 0.00390538
0.0216614 0.0561129 0.459354 0.00151706 -0.00103271 0.004018
0.0121835 0.117315 0.476064 0.00087961 -0.00107419 0.00390599
0.024227 0.123296 0.442476 0.00094963 -0.00084346 0.00386985
0.0149569 0.0112253 0.518205 0.00153012 -0.00149703 0.00395828
0.0159542 0.189897 0.491877 0.00124799 -0.00099543 0.00413656
0.0191792 0.092235 0.481513 0.00174089 -0.00132273 0.00406186
0.015473 0.0762056 0.524249 0.00138645 -0.00157739 0.00409939
0.0129756 0.218435 0.516554 0.00095593 -0.00108516 0.00405442
0.0116999 0.154078 0.466277 0.00136881 -0.00124352 0.00392777
0.0185574 0.0692324 0.473425 0.00155924 -0.00108232 0.00404813
0.00901877 0.0611069 0.532514 0.00146749 -0.00123253 0.00392192
0.0148673 0.197919 0.519577 0.00075062 -0.0011858 0.00419307
0.00958164 0.0782643 0.485169 0.0012562 -0.0012227 0.00391973
0.00630537 0.131532 0.480946 0.00133891 -0.00107404 0.00387821
0.013512 0.0773828 0.433584 0.00194069 -0.00123574 0.00396373
0.00309954 0.0548583 0.467174 0.00207214 -0.00159003 0.0039279
0.0134669 0.185112 0.425746 0.00134344 -0.00135733 0.00392901
0.0159201 0.0760578 0.402839 0.00184272 -0.00136503 0.00385903
-0.00045056 0.0313863 0.470288 0.00212488 -0.00168308 0.0038881
0.00646666 0.186789 0.44518 0.00183128 -0.00141243 0.00379271
0.0166397 0.0899194 0.423244 0.0019063 -0.00145302 0.00395107
0.00752203 0.117526 0.477027 0.00193198 -0.00186358 0.00387031
0.0119191 0.182003 0.447677 0.00203575 -0.00125387 0.0038891
0.0216088 0.0549601 0.46677 0.00206771 -0.00158226 0.00418042
0.00913586 0.133119 0.470701 0.00193068 -0.00150304 0.00391161
0.00925556 0.0982212 0.422613 0.00233939 -0.00150304 0.00393547
0.034066 0.0417111 0.47875 0.00210466 -0.00183564 0.00418868
0.0156165 0.0990239 0.501299 0.00216038 -0.00150304 0.00388743
0.0190878 0.0756049 0.477091 0.00197467 -0.00150304 0.00410756
0.0301322 0.0166308 0.417478 0.00269873 -0.00134429 0.00422325
0.0257172 0.111036 0.37968 0.00244624 -0.0015854 0.00421401
0.024861 0.149189 0.376272 0.00217362 -0.00131929 0.00392396
0.0268565 -0.00304267 0.458043 0.00285873 -0.00169637 0.00427597
0.0343083 0.157818 0.433001 0.00228888 -0.00169164 0.00428559
0.03814 0.0290802 0.4091 0.00307439 -0.00157923 0.0046892
0.0481313 0.0476869 0.425589 0.00332494 -0.00130904 0.00446116
0.0334093 0.193992 0.370008 0.00247229 -0.00099565 0.00397031
0.0371136 0.104267 0.36359 0.00271432 -0.00120619 0.00409603
0.0319102 0.0100522 0.388712 0.00292672 -0.00149211 0.00416336
0.0265867 0.0766431 0.44406 0.00281556 -0.00154155 0.00417442
0.0204235 0.163916 0.442229 0.00272604 -0.00140186 0.00402335
0.0252343 0.0715142 0.446968 0.00290461 -0.00191352 0.00397087
0.0231059 0.176694 0.437928 0.00312485 -0.0015492 0.00404669
0.0351063 0.0664977 0.386525 0.00395061 -0.00158031 0.00414446
0.0289911 0.10248 0.447733 0.00303692 -0.00161923 0.00408516
0.0237154 0.189019 0.433158 0.00256849 -0.00158113 0.00391807
0.0230745 0.0332523 0.486996 0.00396598 -0.00199177 0.00377139
0.0204229 0.168888 0.432251 0.00335627 -0.00144278 0.00361743
0.0226498 0.113611 0.366393 0.0034066 -0.00148077 0.00359273
0.0275708 0.0404932 0.444315 0.00388131 -0.00211708 0.00396946
0.0287807 0.216094 0.399576 0.00336734 -0.00137003 0.0037326
0.0345305 0.0760561 0.391565 0.00367313 -0.00138746 0.00354068
0.0316038 0.126198 0.446836 0.00365416 -0.00144069 0.00370149
0.036944 0.232133 0.414228 0.00294769 -0.00098217 0.00357303
0.0356027 0.0404887 0.424215 0.00356335 -0.00133166 0.00350395
0.0287001 0.162745 0.485071 0.00356181 -0.00132437 0.00368848
0.0367206 0.220957 0.431069 0.0027359 -0.00102466 0.00368205
0.0408838 0.0281282 0.417615 0.00324976 -0.00117507 0.00347518
0.0357395 0.12139 0.47571 0.00403903 -0.00148786 0.00355173
0.0376018 0.191929 0.381525 0.0038208 -0.00111658 0.003624
0.0403646 0.0556382 0.419107 0.00374558 -0.00111869 0.00362592
0.0275474 0.210462 0.441822 0.00371087 -0.0010731 0.00355042
0.0239768 0.193402 0.401606 0.00356627 -0.00092277 0.0033886
0.0195208 0.060468 0.465503 0.00423323 -0.00151463 0.00352987
0.0232264 0.252784 0.500067 0.00405742 -0.00108495 0.00328414
0.0279376 0.177305 0.398766 0.00330971 -0.00072702 0.00326013
0.0135477 0.0451258 0.468475 0.00507685 -0.0014968 0.003316
0.0153083 0.0283393 0.509359 0.00598368 -0.00178285 0.0039684
0.0115732 0.280273 0.47332 0.00339259 -0.00104323 0.00349726
-0.00339586 0.129925 0.399134 0.0035979 -0.0011428 0.00316867
0.00869941 0.0345497 0.497901 0.00484333 -0.00152235 0.00338944
0.0128504 0.229994 0.483282 0.00395598 -0.00132524 0.00342126
0.00485084 0.106298 0.433815 0.00562487 -0.00147044 0.00337787
0.00345585 0.113934 0.472984 0.00529569 -0.00160765 0.00331832
0.0138293 0.260088 0.4277 0.00367648 -0.0010085 0.00331381
0.014026 0.0846737 0.398398 0.00432956 -0.00151123 0.00323878
0.0109068 0.219921 0.45073 0.00402232 -0.00115688 0.00329409
0.0184266 0.207371 0.388064 0.00398597 -0.00091049 0.00334666
0.0140993 0.0896083 0.433667 0.00494966 -0.00098187 0.0032661
