0.0168193 0.44501 0.0678445 0.00106038 0.00012951 0.00205652
0.0398655 0.394063 0.079645 0.00111187 0.00033634 0.00236218
0.0516458 0.402341 0.114519 0.00180978 0.00042 0.00205652
0.0750011 0.66608 0.110391 0.00176446 0.00078077 0.00241104
0.0594128 0.613564 0.115335 0.00165895 0.00058588 0.00252818
0.0655542 0.417991 0.112593 0.0016065 0.00045673 0.00227876
0.0463542 0.535819 0.0913536 0.0018698 0.00055612 0.00226693
0.0392472 0.474031 0.106955 0.00169301 0.00052351 0.00226406
0.0503585 0.250861 0.110295 0.00168813 0.00046377 0.00211492
0.0628113 0.480643 0.0899976 0.00144643 0.00060974 0.00195004
0.0656614 0.608478 0.106881 0.00165371 0.00062157 0.00228541
0.0656843 0.546764 0.11755 0.00183266 0.00057097 0.00228745
0.0774948 0.340471 0.105302 0.00168823 0.00040346 0.00185596
0.0877182 0.587316 0.0749766 0.00150984 0.00057111 0.00177314
0.0863342 0.596301 0.117008 0.00186315 0.00061724 0.00188584
0.101937 0.409521 0.107885 0.00165851 0.00092842 0.00143028
0.0867706 0.523979 0.104829 0.00209275 0.00067142 0.00159353
0.0998369 0.536391 0.126606 0.00194355 0.00067798 0.00156659
0.109813 0.472954 0.127099 0.00192511 0.00047623 0.00179973
0.115403 0.314017 0.119964 0.0018266 0.00040465 0.00153073
0.113934 0.459256 0.0798803 0.00175738 0.00073156 0.00157201
0.115823 0.59005 0.11759 0.00197802 0.00055095 0.0015915
0.125932 0.476998 0.103921 0.00158357 0.00045483 0.00166695
0.121923 0.455058 0.0961952 0.00188558 0.00068329 0.00137853
0.134135 0.660845 0.110249 0.0019585 0.00045664 0.00180572
0.149458 0.467325 0.130065 0.00170187 0.00049045 0.00143747
0.182487 0.299113 0.0217835 0.00326437 0.00092842 0.00211596
0.167763 0.568099 0.0347743 0.00131498 0.00064127 0.00176326
0.183274 0.571389 -0.0218365 0.00224006 0.00048483 0.0018194
0.206665 0.472031 -0.0361005 0.00282096 0.00114038 0.00176828
0.234992 0.307688 -0.0827923 0.00347008 0.00148303 0.0018328
0.218768 0.477335 0.00464864 0.00293458 0.00113671 0.00188104
0.214361 0.242751 -0.0119427 0.00269445 0.00098847 0.00190617
0.198417 0.422465 -0.0553272 0.00339356 0.00107796 0.00152632
0.193634 0.607794 0.00556711 0.00327249 0.00084594 0.00190617
0.221455 0.30858 -0.105729 0.00371008 0.00082637 0.00190617
0.212883 0.548803 -0.0674714 0.00325794 0.0006298 0.00190617
0.200846 0.623545 0.0525902 0.00278644 0.00068489 0.00190617
0.201999 0.376646 0.0634544 0.00227925 0.00059946 0.00190617
0.215366 0.523975 -0.024654 0.00325958 0.00057575 0.0018274
0.207405 0.498803 0.0606269 0.00228687 0.00069305 0.00200632
0.209022 0.485863 0.0871764 0.00225419 0.00079921 0.00219509
0.222159 0.308723 0.139087 0.00263055 0.00050596 0.00171832
0.218541 0.385517 0.0396832 0.00253445 0.00094206 0.00188312
0.218342 0.578035 0.11396 0.00269609 0.00084068 0.00211917
0.202406 0.571938 0.127428 0.00249313 0.00064367 0.00186917
0.219846 0.492262 0.148412 0.00250734 0.0005117 0.00219891
0.202772 0.362277 0.124813 0.00266525 0.00061077 0.00203918
0.218825 0.542931 0.0444289 0.00296094 0.00091957 0.00186917
0.219506 0.64426 0.105098 0.00264219 0.00105601 0.00211917
0.217987 0.637498 0.14458 0.00290343 0.00047644 0.00266152
0.247239 0.336684 0.0735616 0.00364591 0.00133715 0.00217841
0.214656 0.503097 0.0705947 0.00339726 0.00099687 0.0023774
0.190313 0.241176 -0.0895559 0.00487436 0.00067456 0.00227532
0.182821 0.41742 -0.109194 0.00479273 0.00079378 0.0022158
0.179295 0.374737 0.00086718 0.00375163 0.00080275 0.00215236
0.199052 0.444788 0.0148044 0.00352351 0.00083759 0.00223055
0.211138 0.515068 0.0543579 0.00259716 0.00102891 0.00211641
0.216566 0.42724 0.013591 0.00342156 0.00098157 0.00217647
0.218713 0.564815 -0.042173 0.00384134 0.00131774 0.00249252
0.199189 0.495291 0.0530659 0.00317902 0.00107339 0.00218788
0.19513 0.494005 0.145339 0.00335842 0.0007888 0.00259269
0.209383 0.290816 0.119205 0.00295291 0.00087787 0.00212239
0.214355 0.469828 0.0266369 0.00360647 0.00112068 0.00214324
0.180322 0.55705 0.0848814 0.00294791 0.00091762 0.00222181
0.188559 0.421236 0.0908296 0.00292823 0.00090646 0.00216281
0.168806 0.563708 0.0535162 0.00322374 0.00092688 0.00212018
0.174576 0.291452 0.0229012 0.00269771 0.00063297 0.00167727
0.147897 0.569699 0.00119054 0.00215886 0.00090518 0.00107716
0.171011 0.670927 -0.00871611 0.00219805 0.00066212 0.00125573
0.198794 0.573649 -0.0255846 0.00388734 0.00097915 0.00166177
0.193661 0.533118 -0.057993 0.00463 0.00123566 0.00202984
0.161348 0.372779 0.015719 0.00376747 0.00092115 0.00166846
0.159419 0.217688 -0.00228258 0.00395482 0.00072806 0.00163177
0.168777 0.432422 -0.0868404 0.00531127 0.00096612 0.00130949
0.187541 0.515911 0.0390559 0.00415716 0.00112828 0.00153523
0.213682 0.34592 0.088026 0.00340085 0.00104421 0.00183285
0.205849 0.556997 0.00754714 0.00428838 0.00106914 0.00153851
0.209614 0.685927 0.0704556 0.00398652 0.00100206 0.00224274
0.219558 0.481521 0.0916073 0.00338489 0.00101066 0.0018549
0.216828 0.47973 -0.0111762 0.00363575 0.00120995 0.00154771
0.193582 0.526842 0.0343621 0.00330186 0.00115184 0.00174111
0.185839 0.514291 0.0482677 0.00335271 0.00130521 0.00192946
0.187742 0.393661 -0.00994458 0.0039771 0.00115763 0.00143848
0.18513 0.598762 0.034182 0.00360085 0.00129103 0.00165437
0.205202 0.373159 -0.0203517 0.00369932 0.0014456 0.00157
0.173726 0.484878 0.053942 0.00299791 0.00120591 0.00141095
0.172563 0.368987 0.0276554 0.00340363 0.00109417 0.00155796
0.16543 0.524657 -0.0272068 0.00432801 0.00095163 0.00147987
0.174805 0.571643 0.0374723 0.00371157 0.0009949 0.00113662
0.196408 0.38559 -0.0909585 0.00476279 0.00150725 0.00109895
0.177281 0.568197 0.0240067 0.00379105 0.00092063 0.00155859
0.193022 0.388412 0.044027 0.00344586 0.00091371 0.00154805
0.208439 0.521616 0.0098103 0.00407116 0.00097044 0.00130561
0.219 0.591106 -0.0977952 0.0051317 0.00140918 0.00155166
0.190173 0.478887 0.0278792 0.00347944 0.00109047 0.00152625
0.188793 0.511761 0.0827992 0.00254934 0.00112191 0.00167739
0.165328 0.327208 0.0581079 0.00322694 0.00095408 0.00149698
0.173244 0.552605 -0.00496558 0.00411175 0.00115564 0.00153946
0.168403 0.552567 0.0759228 0.00340012 0.00109345 0.00143922
0.178799 0.411301 0.105954 0.00288678 0.00094382 0.00187334
0.186518 0.539521 0.0141065 0.0045207 0.001602 0.00180471
0.18375 0.585195 0.114083 0.00366539 0.00164534 0.00172999
0.189868 0.438788 0.0910868 0.00277917 0.00119399 0.00197999
0.197196 0.536421 0.0249062 0.00434257 0.00172989 0.00184725
0.188704 0.576515 0.0891718 0.0033896 0.00145068 0.00208945
0.197328 0.388675 0.113195 0.003179 0.00116974 0.00168487
0.203939 0.563148 0.0988636 0.00374224 0.00130002 0.00161752
0.182812 0.354119 0.0440866 0.00455302 0.00191291 0.00168208
0.182777 0.570173 0.0519982 0.00425374 0.00141794 0.00211509
0.188079 0.39404 0.0646182 0.00392264 0.00130974 0.00183985
0.196606 0.606541 0.0686587 0.00440272 0.00140676 0.00184876
0.207028 0.420248 -0.0230028 0.00588453 0.00202064 0.00150938
0.198241 0.570463 0.0822975 0.00418516 0.00216236 0.00211479
0.201083 0.382877 0.107153 0.00344254 0.00184598 0.00191405
0.200341 0.52767 0.0722261 0.004524 0.00175946 0.00164317
0.19275 0.620661 0.144968 0.00412231 0.00183031 0.00197999
0.180954 0.310529 0.0216136 0.00540208 0.00173966 0.00156555
0.164569 0.506758 0.0849394 0.00392361 0.00178884 0.0020512
0.186594 0.402497 0.0841573 0.00351579 0.00189237 0.00192352
0.206848 0.556564 0.0558953 0.00458928 0.00173895 0.00164551
0.205325 0.627767 0.115844 0.00414271 0.00158307 0.00204256
0.203351 0.471415 0.0163406 0.00525356 0.00228395 0.00155776
0.15523 0.475455 0.0887483 0.00272625 0.00178063 0.00188366
0.145807 0.614549 0.101553 0.00262403 0.00124011 0.00166794
0.163155 0.555131 0.0715918 0.00277654 0.0013051 0.00162912
0.191194 0.28732 0.0152316 0.00386616 0.00184697 0.00171877
0.176225 0.649481 0.06453 0.00336575 0.00162032 0.00197999
0.172291 0.382251 0.055047 0.00325449 0.00150991 0.00165882
0.186082 0.608429 0.0666256 0.00354157 0.00146152 0.00161203
0.189499 0.600951 0.120735 0.0034484 0.00138028 0.00186483
0.200489 0.383749 0.0534104 0.00431873 0.00182114 0.00160359
0.170907 0.564771 0.126453 0.00378476 0.0016126 0.00181695
0.172265 0.452695 0.148253 0.00370952 0.00150354 0.00211625
0.1756 0.433171 0.0730325 0.0041082 0.00160959 0.00165817
0.194005 0.575143 0.119955 0.00548178 0.00225339 0.00184126
0.182867 0.589773 0.168873 0.004392 0.00214881 0.00206411
0.207028 0.567848 0.193083 0.00438551 0.00176428 0.00218094
0.217431 0.405125 0.0928746 0.00423893 0.00225339 0.0021128
0.19326 0.65788 0.158045 0.00424964 0.00225339 0.0022525
0.200691 0.553107 0.208077 0.00428216 0.00182338 0.00246378
0.19182 0.429776 0.181954 0.00413987 0.00175451 0.00210217
0.223459 0.603813 0.121846 0.00441432 0.00250339 0.00185916
0.206873 0.614189 0.168288 0.00421923 0.00203025 0.00230293
0.225605 0.578684 0.216127 0.00435088 0.00225339 0.00223715
0.262134 0.515663 0.182709 0.00510175 0.00268609 0.0020151
0.228906 0.605379 0.168603 0.00471767 0.00225339 0.002207
0.206056 0.607979 0.213511 0.00467199 0.00225339 0.00200072
0.232402 0.471936 0.162479 0.00495198 0.00258345 0.00184368
0.218799 0.587456 0.19142 0.00457588 0.00225339 0.00237808
0.218324 0.482556 0.224029 0.00447972 0.00225339 0.00219322
0.225139 0.600271 0.179005 0.00470064 0.00225339 0.00200576
0.254543 0.671166 0.165018 0.00656132 0.00269628 0.00264356
0.22714 0.555816 0.239241 0.00548601 0.00225339 0.00235835
0.232111 0.462152 0.26921 0.005486 0.00254566 0.00240949
0.243308 0.727595 0.277093 0.00609278 0.00268686 0.00267989
0.246154 0.540908 0.285079 0.00539934 0.00268908 0.00242535
0.260635 0.596655 0.189627 0.00536925 0.00290676 0.00249431
0.242127 0.689098 0.231326 0.00512684 0.00259453 0.00284263
0.237535 0.51837 0.256579 0.00511621 0.00263339 0.00236804
0.242681 0.642772 0.207558 0.00516611 0.00290676 0.00277049
0.241944 0.58212 0.25286 0.00501495 0.00255282 0.00250161
0.236196 0.539632 0.155158 0.0050221 0.00290676 0.0019376
0.233225 0.546539 0.19447 0.004802 0.00260827 0.00265198
0.233608 0.609598 0.263631 0.00484778 0.00256245 0.00261913
0.229213 0.549695 0.260826 0.00537015 0.00262688 0.00238918
0.232741 0.724602 0.274097 0.00495845 0.00290676 0.00275211
0.242218 0.449408 0.168837 0.0055914 0.00303225 0.00249935
0.222409 0.648079 0.208836 0.00505904 0.00236121 0.00285361
0.227984 0.486946 0.256022 0.00510288 0.00243071 0.0024111
0.229033 0.676712 0.22097 0.00517067 0.00262554 0.0026378
0.238788 0.753055 0.29498 0.00516872 0.00254691 0.00280714
0.239784 0.565654 0.356495 0.00576783 0.00290676 0.00262451
0.225976 0.694345 0.314784 0.00523905 0.00265579 0.00271826
0.228817 0.579504 0.398141 0.00567867 0.00290676 0.00271631
0.227407 0.526006 0.339125 0.00588947 0.00290676 0.0025235
0.223067 0.668133 0.311811 0.00565974 0.00290676 0.0026697
0.22875 0.555236 0.433001 0.00672218 0.00290676 0.00259623
0.226119 0.660204 0.316922 0.00546186 0.00273478 0.00267214
0.229608 0.610542 0.389707 0.00556455 0.00290676 0.00272137
0.225698 0.534983 0.335833 0.00602051 0.0028098 0.00241221
0.229481 0.752218 0.313605 0.0053283 0.00290676 0.00286707
0.236053 0.570843 0.320564 0.00531837 0.00299759 0.00216611
0.240513 0.655535 0.244645 0.00538364 0.0026915 0.00245539
0.245373 0.763269 0.293524 0.00539833 0.00276208 0.00286707
0.239545 0.524393 0.308024 0.00526864 0.00298564 0.00240339
0.2436 0.685973 0.257015 0.00551663 0.00290676 0.00244923
0.241465 0.709964 0.303706 0.00571197 0.00290676 0.00250732
0.232052 0.483359 0.269493 0.00582395 0.00290676 0.00205727
0.239312 0.668352 0.256057 0.00544224 0.00290676 0.00243635
0.243726 0.661564 0.353692 0.00564247 0.00290676 0.00244877
0.240682 0.549558 0.337061 0.00592058 0.0033113 0.00209678
0.245403 0.665504 0.318448 0.00587333 0.00334551 0.00246255
0.238791 0.519758 0.340444 0.00578258 0.00315979 0.0024177
0.234789 0.630528 0.286901 0.00599743 0.00297992 0.00210174
0.242335 0.501047 0.271552 0.00641885 0.00284189 0.0023819
0.232694 0.58568 0.245501 0.00416298 0.00235708 0.00235616
0.217253 0.711234 0.183363 0.00526993 0.002792 0.0021387
0.211116 0.657962 0.217859 0.00556963 0.00290676 0.00247736
0.200325 0.524974 0.189451 0.00528281 0.00270969 0.00208781
0.200432 0.588976 0.208502 0.00574308 0.00274802 0.00213812
0.169065 0.704862 0.183968 0.0050838 0.00234188 0.00226227
0.172119 0.512642 0.177166 0.0060757 0.00230613 0.0023058
0.179671 0.373957 0.0668148 0.00831262 0.00241159 0.001914
0.146503 0.53518 0.135498 0.00581179 0.00243709 0.00152423
0.139625 0.414273 0.137668 0.0059263 0.00220482 0.00128691
0.151593 0.72438 0.138915 0.00669937 0.00242285 0.00169223
0.165167 0.645457 0.193264 0.00601095 0.00248537 0.00174077
0.182783 0.586389 0.112921 0.00807644 0.00290676 0.00179509
0.155011 0.66341 0.142367 0.00628448 0.0023453 0.00228562
0.143564 0.475231 0.167548 0.00585082 0.00234105 0.00164008
0.148497 0.601947 0.0791947 0.00730082 0.0024119 0.0018653
0.142039 0.652766 0.142743 0.00625844 0.00239641 0.0020896
0.15307 0.403403 0.150081 0.0056028 0.00248526 0.00163627
0.157996 0.553708 0.109718 0.00594075 0.0025009 0.00175524
0.180915 0.572039 0.105481 0.00658872 0.00290676 0.00182242
0.163761 0.55947 0.169007 0.00517083 0.00272627 0.0021164
0.170671 0.515804 0.163862 0.00539515 0.00263608 0.00209735
0.173906 0.535663 0.0833718 0.00657372 0.00257386 0.00212461
0.151642 0.620308 0.147736 0.00524679 0.00256249 0.00182414
0.143775 0.427249 0.158427 0.00505278 0.00258144 0.00159948
0.148246 0.561214 0.104881 0.00548064 0.00276906 0.00133708
0.18549 0.657996 0.104058 0.00611736 0.00294695 0.00162621
0.164473 0.765726 0.114839 0.00607782 0.00261958 0.00242795
0.151088 0.495504 0.115453 0.00590205 0.00250285 0.001777
0.166867 0.637253 0.124856 0.00638716 0.00272331 0.00195732
0.172036 0.608614 0.193065 0.00617813 0.00279188 0.00191862
0.200487 0.376129 0.102779 0.00713379 0.0029979 0.00193374
0.18165 0.550742 0.158194 0.0055659 0.00272314 0.00209402
0.18328 0.430189 0.190459 0.00505196 0.00247597 0.00211134
0.184936 0.561208 0.151242 0.00551199 0.00281386 0.00177655
0.201837 0.465308 0.0544924 0.00560993 0.00269538 0.00200202
0.158447 0.683734 0.115806 0.00554873 0.00265507 0.00253831
0.178572 0.56731 0.145378 0.00577518 0.00281386 0.00205075
0.19061 0.67931 0.122926 0.00673901 0.00259623 0.00226941
0.210457 0.469587 0.0924058 0.00774073 0.00343057 0.00189622
0.187208 0.625858 0.134657 0.00628744 0.00295012 0.00241791
0.18247 0.544431 0.172454 0.00619371 0.00259906 0.00213903
0.199563 0.504162 0.0858947 0.00724553 0.00292064 0.00238233
0.191726 0.578011 0.176574 0.00587767 0.002684 0.0022537
0.187046 0.450923 0.172163 0.00597111 0.00281386 0.00225288
0.18535 0.654156 0.170264 0.00631515 0.0026645 0.00226251
0.208338 0.566495 0.231835 0.00634266 0.00281386 0.00216736
0.21435 0.591154 0.165102 0.00768828 0.00296295 0.00212394
0.202882 0.723735 0.258638 0.00688344 0.00281386 0.00242776
0.194352 0.527244 0.218093 0.00657732 0.00281386 0.00215952
0.167624 0.753233 0.187298 0.00695961 0.00281386 0.00258202
0.173822 0.581272 0.258429 0.00667836 0.00281386 0.00221093
0.200928 0.475513 0.205177 0.00744698 0.00277632 0.00221977
0.190475 0.621372 0.22329 0.00693212 0.0029661 0.00259341
0.186334 0.470566 0.23112 0.00639497 0.00265963 0.00212634
0.181414 0.587251 0.180225 0.0069792 0.00257647 0.00217015
0.181898 0.534326 0.0858381 0.0114802 0.00262217 0.00243977
0.149252 0.538326 0.166233 0.00647515 0.00310751 0.00259173
0.143172 0.775315 0.153804 0.00700851 0.00285947 0.00272918
0.171341 0.79827 0.00763226 0.0124367 0.00327022 0.00288506
0.182832 0.437674 0.00398878 0.010821 0.00389766 0.00188201
0.175682 0.763989 0.0693645 0.0102158 0.00362457 0.00190194
0.184985 0.670083 0.175145 0.00909626 0.00372317 0.00206007
0.184709 0.505115 0.13532 0.00974384 0.00354221 0.00176909
0.209805 0.697519 0.0256819 0.012347 0.00412911 0.00202921
0.159779 0.64872 0.158835 0.0103533 0.00373064 0.00204829
0.176993 0.470862 0.128539 0.0101408 0.00396857 0.00153794
0.180182 0.655871 0.0731994 0.010962 0.00395425 0.00184447
0.178858 0.766923 0.136477 0.0113022 0.00389937 0.00188328
0.202347 0.504954 0.0791371 0.0108847 0.00409387 0.00153959
0.188928 0.624143 0.078547 0.0100572 0.00391405 0.00212933
0.173625 0.746316 0.124946 0.0105276 0.00409387 0.002098
0.191543 0.472336 0.0802188 0.0109377 0.00409386 0.00162129
0.207314 0.702172 0.109458 0.0106135 0.00534373 0.00191345
0.195922 0.526387 0.0889139 0.00977853 0.00466108 0.00186977
0.199481 0.600289 0.0409243 0.0104534 0.00450422 0.00164098
0.20062 0.656113 0.0213968 0.011168 0.00480867 0.00187756
0.184049 0.626038 0.129517 0.00959503 0.00480867 0.00208403
0.192963 0.528201 0.153716 0.00959332 0.00455867 0.00148441
0.184191 0.566299 0.0328846 0.00971723 0.00480867 0.00165206
0.171743 0.617608 0.123252 0.00893925 0.00469476 0.00184524
0.193873 0.560794 0.173521 0.00958126 0.00501142 0.00159524
0.192717 0.554414 0.132688 0.0100266 0.00506972 0.00165411
0.192949 0.761874 0.198295 0.00967954 0.00525341 0.00184524
0.213584 0.485037 0.129225 0.010852 0.00523032 0.00159493
0.202252 0.717341 0.168325 0.00903725 0.00530012 0.00222218
0.200979 0.65891 0.195844 0.00984377 0.00489316 0.00173687
0.205209 0.652449 0.150494 0.0103607 0.00503168 0.00153897
0.222028 0.642259 0.143166 0.0106704 0.00555661 0.00179195
0.204937 0.654019 0.177153 0.00879664 0.00521972 0.00182324
0.20899 0.637346 0.261597 0.00889556 0.00523883 0.00184669
0.224157 0.584505 0.259368 0.00891337 0.00485868 0.0020389
0.207913 0.696141 0.223042 0.00847993 0.00533881 0.00222158
0.193911 0.585502 0.281725 0.00890211 0.00533668 0.00145765
0.182963 0.699491 0.260077 0.00917711 0.00517281 0.00159174
0.217208 0.515503 0.228215 0.00969531 0.00536186 0.00155809
0.213476 0.605995 0.187686 0.00876059 0.00510107 0.00180118
0.209707 0.633438 0.287148 0.0091116 0.00517281 0.00174316
0.22128 0.583358 0.20738 0.00920909 0.00517281 0.00156295
0.209763 0.737054 0.219685 0.0089464 0.00531001 0.0020247
0.201808 0.589501 0.300474 0.00891811 0.00517281 0.00173401
0.20581 0.635557 0.230368 0.00906073 0.00506657 0.00158962
0.203704 0.710371 0.213644 0.00899764 0.00481359 0.00179489
0.184787 0.547628 0.333575 0.00975524 0.0051728 0.00172799
0.186419 0.632482 0.261766 0.00960523 0.0051728 0.00177697
0.193177 0.767471 0.348813 0.00991597 0.0051728 0.00186304
0.204135 0.480762 0.263786 0.00977745 0.0046393 0.00143322
0.212471 0.582056 0.255729 0.00876034 0.00534041 0.00186146
0.193078 0.509861 0.273699 0.00941415 0.0051728 0.00144313
0.202948 0.6529 0.13775 0.0103925 0.0051728 0.0017356
0.203877 0.753745 0.199387 0.00905541 0.0051728 0.00195396
0.194624 0.691436 0.276795 0.00968735 0.00543705 0.00212244
0.205441 0.607174 0.160596 0.0111881 0.0049228 0.00142443
0.20368 0.686541 0.224754 0.00993084 0.00508083 0.00178684
0.188512 0.595097 0.365922 0.0101199 0.0051728 0.00154907
0.183148 0.684789 0.324884 0.0107678 0.00507428 0.00166391
0.185433 0.680726 0.374554 0.0107656 0.0051728 0.00144739
0.176952 0.615622 0.1945 0.0120258 0.00476085 0.00134973
0.188108 0.47906 0.201849 0.0101822 0.00511255 0.00138128
0.202993 0.797681 0.258901 0.0111983 0.0051728 0.00160285
0.19637 0.816738 0.323167 0.0111029 0.0051728 0.00161351
0.200458 0.745308 0.198103 0.0116409 0.00500944 0.00194154
0.184878 0.806251 0.175413 0.0114615 0.00517279 0.00209181
0.187193 0.561791 0.303006 0.0106217 0.00517279 0.00148746
0.178446 0.63215 0.313374 0.0110712 0.00517279 0.0015997
0.161049 0.695083 0.3308 0.0111038 0.00517279 0.00168671
0.19803 0.328183 0.201628 0.011305 0.00500783 0.00139682
0.189772 0.65727 0.186254 0.0109207 0.00499093 0.00158556
0.183276 0.686631 0.293239 0.0118211 0.00504746 0.00178616
0.171364 0.729878 0.258095 0.0128773 0.00507869 0.00157104
0.199297 0.750211 0.105521 0.0143283 0.00459967 0.00175813
0.180955 0.70268 0.156402 0.0125677 0.00469427 0.00176922
0.181828 0.794257 0.324083 0.0124471 0.0051146 0.0018355
0.177657 0.740441 0.318516 0.0127932 0.00517279 0.00193054
0.154237 0.689607 0.404333 0.0112679 0.00528418 0.00156485
0.173915 0.540996 0.33299 0.0121716 0.00533895 0.00144183
0.186517 0.477773 0.267178 0.0127866 0.0050561 0.00146342
0.183928 0.775523 0.258596 0.0132452 0.00479168 0.00169494
0.186651 0.862289 0.297276 0.0130255 0.00475286 0.00182858
0.178071 0.600753 0.157633 0.0137574 0.00423258 0.00112692
0.127636 0.628283 0.275237 0.00329203 0.00296756 0.00123284
0.132244 0.747916 0.244758 0.00364141 0.00264175 0.00139054
0.178684 0.755554 0.19137 0.0044618 0.00277062 0.00145217
0.179131 0.573587 0.228821 0.00554388 0.00319045 0.00142471
0.162344 0.391284 0.208975 0.00543633 0.00312597 0.00074661
0.178484 0.607781 0.223134 0.00545188 0.00328255 0.00098418
0.172177 0.39897 0.250795 0.00655316 0.00381485 0.00087262
0.166463 0.559434 0.230595 0.0065089 0.00367803 0.00071915
0.178563 0.637084 0.257766 0.00600922 0.00343761 0.00096665
0.187134 0.589283 0.259395 0.00465171 0.0033157 0.00106217
0.195885 0.561444 0.278379 0.00547427 0.00392893 0.00104818
0.187536 0.614105 0.25942 0.00589031 0.00373954 0.00101369
0.196594 0.804637 0.303439 0.00650249 0.00399177 0.00144813
0.196204 0.589078 0.333019 0.00666491 0.00395453 0.00120493
0.19199 0.630113 0.263797 0.00672076 0.0038738 0.0009291
0.212548 0.719482 0.285382 0.00663055 0.00414943 0.0012676
0.205379 0.46907 0.300812 0.00687562 0.00419941 0.00127394
0.198478 0.617038 0.235185 0.00733136 0.00411704 0.00105052
0.205457 0.657608 0.305704 0.00745095 0.0041755 0.00135236
0.202941 0.443465 0.31838 0.00750417 0.00418608 0.0010914
0.204327 0.727434 0.277322 0.00759945 0.00412236 0.00132457
0.209166 0.637173 0.336591 0.00760482 0.00422955 0.00123534
0.206666 0.482706 0.289111 0.00739635 0.00428314 0.00106828
0.212753 0.798187 0.279753 0.00780457 0.0042874 0.00135566
0.209641 0.679305 0.366161 0.00808011 0.00414253 0.00136966
0.203897 0.486088 0.33574 0.00740275 0.00412068 0.00110162
0.211983 0.719804 0.293992 0.00667147 0.00393976 0.00101596
0.212449 0.682164 0.30103 0.00723514 0.0039413 0.00124854
0.256472 0.418319 0.445037 0.00805826 0.00414633 0.00188291
0.245756 0.71211 0.669516 0.00469688 0.00454979 0.00212069
0.258742 0.518955 0.27343 0.00678353 0.00424871 0.00165923
0.241942 0.680548 0.220462 0.00678383 0.00431766 0.00173112
0.240647 0.793504 0.267944 0.00757214 0.00392709 0.001794
0.25856 0.496354 0.0868572 0.0114573 0.00440715 0.00176112
0.198994 0.643824 0.110061 0.00942661 0.00349906 0.00210246
0.219461 0.740011 0.0929439 0.0100211 0.00349604 0.00230925
0.218969 0.673007 0.22123 0.00723069 0.00356727 0.0020359
0.21636 0.60803 0.219668 0.00835001 0.00371436 0.00191084
0.232669 0.397538 0.149321 0.0100696 0.00392709 0.00179441
0.221296 0.714654 0.208737 0.00875037 0.00402365 0.00192709
0.212503 0.557932 0.276927 0.00824145 0.00392709 0.00176387
0.217544 0.747859 0.226631 0.0089023 0.00392709 0.00169088
0.254229 0.533047 0.264299 0.00948244 0.00439125 0.00169031
0.233339 0.897831 0.214004 0.00879815 0.0038386 0.00174623
0.233639 0.76108 0.273438 0.0086887 0.00411821 0.00178962
0.2274 0.552481 0.206727 0.00975972 0.00426126 0.00138156
0.221859 0.65449 0.28843 0.00825276 0.00404741 0.00178613
0.240498 0.631219 0.271402 0.00827008 0.00420934 0.00184249
0.252609 0.698939 0.31016 0.00794633 0.00441067 0.00196556
0.252693 0.468843 0.152875 0.00883347 0.00441067 0.00191417
0.232386 0.6939 0.20169 0.00839574 0.00394024 0.00203597
0.229055 0.525943 0.212373 0.0076618 0.00390673 0.00200246
0.227235 0.459696 0.0992294 0.00697151 0.00384652 0.00155859
0.210881 0.836139 0.177131 0.00774525 0.00395708 0.00166816
0.203582 0.570206 0.0188779 0.00956629 0.0040388 0.00164883
0.174135 0.745717 0.127114 0.00824527 0.00360116 0.00201622
0.154571 0.746482 0.167012 0.00887547 0.00373993 0.00176838
0.185208 0.445703 -0.0588224 0.0114194 0.00404218 0.00148766
0.171211 0.69048 0.0626392 0.0103331 0.00397829 0.00180785
0.181121 0.68694 0.17808 0.00904286 0.00382508 0.00170395
0.197441 0.44636 0.128623 0.00842355 0.00395014 0.00180999
0.191041 0.59173 0.0599477 0.00881621 0.00389522 0.00180981
0.154299 0.68946 0.159594 0.00724898 0.00362987 0.00162699
0.152154 0.701292 0.188329 0.00672777 0.00340402 0.00191099
0.199999 0.53847 0.0727344 0.00873491 0.00382508 0.00174234
0.175316 0.680265 0.139954 0.006857 0.00334094 0.00169414
0.197733 0.776742 0.191715 0.0051677 0.00280864 0.00220671
0.215623 0.636239 0.19139 0.00605134 0.00328103 0.0022849
0.238942 0.454859 0.132205 0.00739011 0.00382508 0.00214251
0.230836 0.768355 0.176103 0.00788476 0.00342352 0.00249045
0.23719 0.593883 0.237644 0.00767843 0.00382508 0.00215246
0.238588 0.611387 0.244561 0.00804629 0.00382508 0.00228876
0.250432 0.680948 0.264474 0.00787613 0.00394608 0.00217062
0.260535 0.653161 0.231229 0.00730463 0.00406877 0.00211681
0.246546 0.786384 0.287167 0.00754231 0.00397786 0.00228401
0.239588 0.662605 0.327726 0.0073706 0.00378723 0.00258841
0.242 0.575439 0.18297 0.00883571 0.00402643 0.00214782
0.23852 0.735438 0.237552 0.0082012 0.00439302 0.00210567
0.246748 0.691285 0.288865 0.00853627 0.00452177 0.0020463
0.230902 0.574333 0.311346 0.00925139 0.00433281 0.0018822
0.252551 0.710473 0.169539 0.00937484 0.00458343 0.00196405
0.242197 0.691337 0.261166 0.00824152 0.00424056 0.00241362
0.255625 0.587107 0.288151 0.00765078 0.00439302 0.00239955
0.252609 0.620068 0.201441 0.00869361 0.00455864 0.00199574
0.253285 0.740636 0.24817 0.00812439 0.00439302 0.00236354
0.252967 0.704945 0.283899 0.00844954 0.00451431 0.00217056
0.238528 0.645414 0.24826 0.0085998 0.00446345 0.0019778
0.249401 0.873927 0.31562 0.00903943 0.00457138 0.00228143
0.261653 0.62711 0.280347 0.0088779 0.00480849 0.0021811
0.260158 0.723806 0.29567 0.00855364 0.00543067 0.00227206
0.259381 0.514979 0.257341 0.00835416 0.00534152 0.00201878
0.254202 0.63823 0.231266 0.00791474 0.00526126 0.00222118
0.274621 0.610686 0.243295 0.00913738 0.0055452 0.00217305
0.266697 0.760768 0.309299 0.00863936 0.00505457 0.00253766
0.256703 0.597171 0.318356 0.00826724 0.00479956 0.00210754
0.249229 0.759397 0.309864 0.00892831 0.00487261 0.00227712
0.255146 0.799934 0.366115 0.0089936 0.00497029 0.00232523
0.263713 0.532241 0.307532 0.00875017 0.00518173 0.0020026
0.256177 0.766138 0.316201 0.00862193 0.00511525 0.00242753
0.250084 0.673899 0.37063 0.00849359 0.00494083 0.00208428
0.241626 0.718937 0.371654 0.00891111 0.00520519 0.00201831
0.243257 0.735522 0.432259 0.00869121 0.00488785 0.00185942
0.266124 0.491206 0.436896 0.00869121 0.00523404 0.00190579
0.26482 0.820638 0.446234 0.00827962 0.00493673 0.0026824
0.279118 0.747051 0.531318 0.00830828 0.00493673 0.00226743
0.253456 0.695778 0.498573 0.00843995 0.00493673 0.00213064
0.260622 0.753966 0.346209 0.00916997 0.00493673 0.00224456
0.264923 0.718529 0.39712 0.00858221 0.00522706 0.00290849
0.257252 0.626615 0.384778 0.00843272 0.00507096 0.00271932
0.261701 0.665198 0.340196 0.00871131 0.00509652 0.00227687
0.261617 0.806084 0.389273 0.0095488 0.00515501 0.00268439
0.257542 0.664308 0.418105 0.00930749 0.00515352 0.00259403
0.251862 0.739434 0.38622 0.00936382 0.00497099 0.00241793
0.281442 0.787095 0.349678 0.00980783 0.00550375 0.00282625
0.263618 0.722293 0.402159 0.00865355 0.00506191 0.00282625
0.267082 0.627759 0.426736 0.00849271 0.00544441 0.00282625
0.267643 0.685832 0.305979 0.0094382 0.00551166 0.00282625
0.264824 0.79195 0.365065 0.00919518 0.00505544 0.00282625
0.262579 0.677617 0.441231 0.00937327 0.00537543 0.00216736
0.287984 0.734114 0.377091 0.0103164 0.00542799 0.00260989
0.273275 0.762816 0.383071 0.00917911 0.00529341 0.00282625
0.283945 0.828632 0.480304 0.00930969 0.00537543 0.00242342
0.288091 0.681896 0.497852 0.0096344 0.00578838 0.00239466
0.288966 0.952976 0.501532 0.0100056 0.00578838 0.00282625
0.311035 0.655171 0.432513 0.00961515 0.00578838 0.00242831
0.275514 0.795192 0.439451 0.00915181 0.00486679 0.00289878
0.279487 0.595477 0.437358 0.00905951 0.00540489 0.00263445
0.279315 0.81491 0.443876 0.00960939 0.00541008 0.00259071
0.309329 0.621634 0.417409 0.00929185 0.00581323 0.00283114
0.303157 0.796643 0.448509 0.00929265 0.00565569 0.0027204
0.278291 0.620088 0.45798 0.00925975 0.00534002 0.0022884
0.287979 0.770341 0.34326 0.0106967 0.00644925 0.00265197
0.281897 0.808882 0.388222 0.00973484 0.005561 0.00253005
0.275321 0.706776 0.471569 0.00955212 0.00549436 0.00242586
0.278835 0.816629 0.443487 0.00971774 0.0055278 0.00233475
0.279067 0.829273 0.511925 0.00985589 0.00593148 0.00239033
0.294623 0.565673 0.424848 0.00999448 0.00562571 0.00231365
0.279208 0.778827 0.4351 0.00979415 0.00549189 0.00273392
0.254553 0.68361 0.515485 0.00943597 0.00514051 0.002307
0.24769 0.834603 0.440017 0.0100015 0.00548756 0.00227565
0.264581 0.596721 0.366106 0.0103673 0.00553107 0.00199193
0.269098 0.816171 0.386993 0.0102539 0.00541186 0.00261059
0.266005 0.685888 0.459509 0.0101397 0.00553061 0.0026997
0.260171 0.720094 0.393781 0.0109101 0.00539721 0.00221749
0.250979 0.63986 0.241526 0.0113086 0.0049478 0.00199677
0.240741 0.815813 0.312799 0.0101763 0.00528463 0.00230251
0.228038 0.65369 0.411998 0.0104452 0.0052536 0.00225329
0.238702 0.848579 0.439322 0.011081 0.00542668 0.00212673
0.252047 0.758621 0.498103 0.0110674 0.00542668 0.00240403
0.252596 0.707614 0.329268 0.0122036 0.00517668 0.00230381
0.226052 0.759835 0.382378 0.00937648 0.00476763 0.0023368
0.206353 0.765027 0.376885 0.0092849 0.00478654 0.00249648
0.222438 0.733571 0.228354 0.0125961 0.00478169 0.0025868
0.221715 0.36406 0.131333 0.0140962 0.00542668 0.00173151
0.227873 0.836985 0.185413 0.0130943 0.00502593 0.0025868
0.233267 0.732244 0.141331 0.0139335 0.00509954 0.00211389
0.213627 0.870506 0.209863 0.0136527 0.00494322 0.00217205
0.205716 0.52717 0.279505 0.0126407 0.00493841 0.00204265
0.228021 0.521294 0.157763 0.0144959 0.00421705 0.0018691
0.2448 1.01091 0.18164 0.0151355 0.00500059 0.00194303
0.24544 1.11383 0.187602 0.0140278 0.00542668 0.00211595
0.253724 1.07628 0.300241 0.0132824 0.00488202 0.00211595
0.250139 0.869034 0.349176 0.0117794 0.00474661 0.00211595
0.262743 0.61166 0.399471 0.0116023 0.00488794 0.00211595
0.254645 0.530661 0.377891 0.0123398 0.00495504 0.00222601
0.239217 0.188971 0.268541 0.0128904 0.00440728 0.00173098
0.216258 0.705124 0.240922 0.0119466 0.0048725 0.00232631
0.21026 0.762279 0.285887 0.012095 0.00432758 0.00234098
0.211675 0.465014 0.13367 0.0131751 0.00411534 0.00188778
0.174316 0.968642 0.149138 0.0124071 0.00462366 0.00223038
0.162035 1.00215 0.218789 0.0125813 0.00456878 0.00223037
0.172182 0.794013 0.285573 0.0120005 0.00481978 0.00223038
0.18064 0.815163 0.283687 0.013058 0.00477583 0.00181888
0.197478 0.939803 0.335195 0.0128356 0.00527423 0.00198038
0.210957 0.751878 0.364911 0.0121371 0.00508315 0.00217544
0.212239 0.668559 0.374087 0.0117933 0.00514822 0.00226225
0.217584 0.556218 0.357031 0.0114224 0.00514822 0.00228192
0.217476 0.472886 0.271898 0.0114397 0.00519855 0.00219489
0.217897 0.785506 0.303824 0.0117434 0.00538923 0.00246498
0.225304 0.870248 0.388844 0.0118245 0.00528442 0.00254499
0.236165 0.859878 0.383586 0.0117899 0.00529374 0.00262974
0.23072 0.710241 0.351215 0.0114378 0.0055663 0.00246801
0.22401 0.903722 0.338293 0.0121576 0.00547679 0.0027489
0.236317 0.90464 0.409995 0.0121213 0.00583696 0.00258061
0.231547 0.663854 0.352734 0.0115178 0.0058384 0.00234063
0.235783 0.850928 0.378068 0.0116881 0.0055663 0.00235904
0.236339 0.782277 0.383129 0.0117409 0.0055663 0.00260914
0.232247 0.682917 0.353305 0.0115263 0.0055663 0.00260657
0.22234 0.623002 0.367554 0.0116974 0.0055663 0.00256498
0.213624 0.644455 0.333678 0.0118189 0.00541208 0.00236401
0.215123 0.783108 0.341009 0.012069 0.0052152 0.00256376
0.21981 0.651496 0.357355 0.0117198 0.00546597 0.00229849
0.209693 0.679904 0.272795 0.0121087 0.00505107 0.00243675
0.22477 0.992008 0.299349 0.0126314 0.0055663 0.00253682
0.218207 0.816218 0.387776 0.0114347 0.0055663 0.00261152
0.205323 0.707223 0.280514 0.0125716 0.00524721 0.0023275
0.207527 0.968785 0.302591 0.0129827 0.0055663 0.00255127
0.214194 0.725783 0.353904 0.0116225 0.0055663 0.00247473
0.201553 0.560436 0.305177 0.0115549 0.0051273 0.0020276
0.184842 0.729725 0.298541 0.00697821 0.00449846 0.0026156
0.136488 0.550165 0.17676 0.00300768 0.00369154 0.00231738
0.111577 0.657778 -0.406846 0.00853839 0.00394574 0.00225773
0.102838 0.308643 -0.292737 0.00784491 0.00427232 0.00129267
0.104241 0.458407 -0.117455 0.00808672 0.00392878 0.00189599
