0.00113489 0.18735 0.147421 -0.00051911 0.00012329 0.00066027
0.00111327 0.172033 0.216125 -0.00075449 0.00011852 0.00064
0.0174728 0.444396 0.255388 -0.00170754 0.00017648 0.00092441
0.00949125 0.0889192 0.186317 -0.00082852 0.00028973 0.00073346
0.00115449 0.128124 0.216509 -0.00050477 0.00019025 0.00062094
0.0178645 0.359691 0.236675 -0.00185065 0.00032152 0.00076693
0.00122119 0.127803 0.186159 -0.00077963 0.0002099 0.00063748
0.00470464 0.2614 0.242556 -0.00109923 0.00029432 0.000798
0.0200782 0.366642 0.239519 -0.00158492 0.00024647 0.00107719
0.00137239 0.108572 0.23653 -0.00063767 0.00011107 0.00079264
0.0145772 0.382755 0.25917 -0.00152596 0.00039084 0.00106305
0.0179366 0.211568 0.191647 -0.00090544 0.00036252 0.00093147
0.0104431 0.170812 0.257346 -0.0002719 0.00023168 0.00094418
0.0267556 0.439869 0.328513 -0.0013389 0.00035964 0.00107757
0.0117911 0.188164 0.235497 -0.00058906 0.00015613 0.00083243
0.00706972 0.230806 0.290797 -0.00059221 0.00034307 0.00091144
0.0254267 0.514709 0.310762 -0.00174111 0.0002611 0.00108939
0.0228262 0.192983 0.228389 -0.000543 0.00021408 0.00078023
0.0210076 0.226264 0.280899 -0.00056815 0.00016083 0.00082098
0.0366054 0.456388 0.31857 -0.0013763 0.00052305 0.00105631
0.0248135 0.202346 0.274552 -0.00075905 0.00026681 0.00093361
0.0174227 0.210935 0.326678 -0.0004539 0.00022954 0.00090254
0.030586 0.44441 0.340629 -0.00130593 0.00042315 0.00105711
0.0244866 0.132837 0.269734 -0.000159 0.00035591 0.00086281
0.0315524 0.32433 0.346149 -0.00076987 0.00039758 0.00110919
0.0459227 0.521495 0.348568 -0.00167045 0.00061034 0.00133804
0.057919 0.204892 0.257264 0.00071849 0.00072418 0.00093131
0.0633869 0.325982 0.302271 0.00050125 0.00090331 0.00110402
0.0729321 0.511477 0.299889 -0.0008813 0.00084061 0.00102203
0.0650606 0.179078 0.271375 -3.851e-05 0.00068146 0.0011586
0.0970951 0.342757 0.285394 0.00024131 0.00087055 0.00166644
0.0676944 0.187213 0.276865 0.00042086 0.00058582 0.00149396
0.0628075 0.417899 0.337807 -0.00048252 0.00067577 0.00176771
0.0656691 0.262322 0.286645 4.786e-05 0.00049508 0.00143682
0.0632363 0.285548 0.33478 0.00020561 0.00054973 0.00151034
0.0694367 0.390432 0.303702 -0.00010931 0.00039008 0.00169302
0.0653428 0.265267 0.28481 -0.00061419 0.00033661 0.0014091
0.059072 0.290446 0.339716 -0.00046738 0.00030366 0.00164835
0.0551459 0.423822 0.345189 -0.00093406 0.00027271 0.00176135
0.0617194 0.348166 0.297589 -0.00032599 0.00050716 0.00174016
0.0771591 0.271554 0.256914 0.00078975 0.00047264 0.0017196
0.0585933 0.218366 0.307238 7.165e-05 0.00021944 0.00177835
0.0557511 0.418944 0.299992 -0.00068718 0.00024066 0.0020773
0.0598532 0.177738 0.246335 0.00017274 0.00019189 0.00182258
0.0551876 0.243311 0.333001 4.578e-05 8.519e-05 0.00188728
0.0924854 0.355908 0.279508 -0.00020964 0.00044068 0.00227778
0.0906214 0.297137 0.322946 -2.221e-05 0.00031073 0.00226264
0.112818 0.493157 0.307284 -0.00102318 0.00051876 0.00233841
0.118659 0.252192 0.246045 -0.00027922 0.00061901 0.00235209
0.101272 0.247718 0.300027 -0.00027236 0.00067232 0.00227046
0.101935 0.419692 0.31249 -0.00088672 0.0006261 0.00250594
0.123618 0.273384 0.285632 -0.00060161 0.00049933 0.00244959
0.118937 0.145132 0.244321 0.00024211 0.00066984 0.00239442
0.110246 0.350328 0.317086 -0.00017805 0.00040096 0.0025054
0.127959 0.456336 0.280844 -0.00105577 0.00030514 0.00235454
0.133972 0.213286 0.336944 -0.00034899 0.00018928 0.00232469
0.149363 0.366152 0.292454 -0.00018507 0.0005529 0.00246917
0.149129 0.313968 0.318006 -0.00019097 0.00014907 0.00258362
0.145965 0.459523 0.335064 -0.00111136 0.00034221 0.00257278
0.143963 0.275761 0.30745 -0.00072293 0.00025043 0.00275719
0.143699 0.193256 0.33051 -0.00057454 0.00015466 0.0026464
0.150113 0.328757 0.383793 -0.00129399 0.00039875 0.00276101
0.156747 0.378916 0.345461 -0.00117705 0.00016514 0.00252685
0.152048 0.166501 0.367498 -0.00010478 7.474e-05 0.00243448
0.154894 0.313284 0.343657 -0.00032948 0.00025832 0.00240055
0.111865 0.248422 0.368087 -0.00110504 0.00014413 0.00215241
0.140462 0.232667 0.360964 -0.00055038 -3.183e-05 0.00236235
0.176645 0.509907 0.293199 -0.00025153 -5.817e-05 0.00260177
0.184229 0.283089 0.341683 -0.00102096 0.0002593 0.00243167
0.168153 0.34928 0.369016 -0.00111872 6.114e-05 0.00249201
0.163359 0.336061 0.341847 -0.00099875 -7.454e-05 0.00247703
0.167585 0.170034 0.378053 -0.00029587 0.00022754 0.002291
0.163187 0.291692 0.414861 -0.00060074 -5.615e-05 0.00233216
0.168047 0.455661 0.391346 -0.00111024 -9.313e-05 0.00250537
0.167727 0.234655 0.343463 -0.00029995 0.00024278 0.00236351
0.167832 0.307667 0.356368 -0.00090278 7.627e-05 0.00245279
0.151031 0.289567 0.401308 -0.0010601 -2.063e-05 0.00233188
0.157259 0.474833 0.41972 -0.00139419 -0.00035312 0.00262491
0.167842 0.2021 0.398223 -0.00054149 -0.00013331 0.00247292
0.171792 0.41602 0.343713 -0.00072211 -1.577e-05 0.00257087
0.171805 0.287751 0.410513 -0.0009027 0.00023764 0.00252844
0.174817 0.469673 0.396702 -0.00144303 3.01e-05 0.00283989
0.168059 0.265701 0.419869 -0.00110557 8.982e-05 0.00254948
0.178568 0.284105 0.494466 -0.00092477 0.00011501 0.00265869
0.186242 0.49581 0.503151 -0.00133505 0.00024483 0.0026424
0.186489 0.268776 0.492322 -0.00040934 0.00012369 0.00242796
0.195188 0.407368 0.422509 -5.83e-06 0.0002499 0.0027713
0.194156 0.304234 0.450597 -0.00057064 0.0002944 0.00272519
0.186087 0.479255 0.485079 -0.00123243 0.00034823 0.00256586
0.186066 0.340694 0.440608 -0.00070193 0.0003609 0.00257837
0.186101 0.301654 0.493244 -0.00050173 0.00036352 0.00263835
0.20203 0.481168 0.416941 -0.00017228 0.00071642 0.00252203
0.21269 0.311845 0.524014 -0.00109235 0.00062274 0.00261026
0.19989 0.318834 0.57398 -0.00098742 0.00059171 0.00280024
0.215938 0.409226 0.565556 -0.00123233 0.00079721 0.00265003
0.209204 0.321115 0.569302 -0.00139848 0.00077248 0.00270651
0.195139 0.355439 0.652014 -0.00214271 0.00084592 0.00268873
0.196039 0.494049 0.589645 -0.0015175 0.00060417 0.00278553
0.205026 0.291727 0.596448 -0.00089304 0.00056503 0.00277
0.214423 0.488839 0.512701 -0.00053706 0.00085181 0.00288516
0.20171 0.401537 0.54939 -0.00112589 0.00049515 0.00287528
0.19851 0.393499 0.619797 -0.00134617 0.0003018 0.00284657
0.19096 0.547664 0.64106 -0.00248067 0.00069005 0.0028464
0.202324 0.317397 0.530693 -0.00116387 0.00078634 0.00261935
0.203442 0.392265 0.577387 -0.00174204 0.00063926 0.00254149
0.218216 0.409084 0.646525 -0.00249773 0.00080957 0.00266622
0.231647 0.423262 0.692931 -0.00225167 0.00098921 0.00279433
0.217968 0.315517 0.666314 -0.00203752 0.00071804 0.00287543
0.20976 0.359893 0.708403 -0.00210748 0.00069237 0.00278469
0.231716 0.489746 0.737689 -0.00263135 0.00075649 0.00283282
0.214129 0.381502 0.680634 -0.00250622 0.00046621 0.00283305
0.189568 0.492903 0.616363 -0.00265148 0.00078896 0.00276008
0.201154 0.393049 0.557029 -0.00131051 0.00052768 0.00269031
0.21161 0.311564 0.69364 -0.00261101 0.0006814 0.0028622
0.20099 0.461887 0.720983 -0.00276325 0.00019473 0.00293575
0.192331 0.552538 0.606101 -0.00278918 0.00038428 0.00274366
0.209898 0.313852 0.592084 -0.00205105 0.00050906 0.00270293
0.215006 0.257183 0.479026 -0.00011224 0.00082293 0.00283116
0.203948 0.35368 0.564418 -0.00065175 0.00042529 0.00288404
0.201203 0.549466 0.589109 -0.0008852 0.00030639 0.00298753
0.201406 0.329771 0.617415 -0.00102039 0.00011926 0.00297275
0.210073 0.383537 0.697342 -0.00176543 0.00047771 0.00307377
0.221353 0.421593 0.616307 -0.0003139 0.00047768 0.0028918
0.231742 0.399693 0.65086 -0.00121971 0.00059783 0.00293244
0.231483 0.515104 0.668473 -0.00201529 0.00078624 0.00304484
0.239247 0.356697 0.689095 -0.00166505 0.00068959 0.00295997
0.256551 0.403495 0.655244 0.00015205 0.00105146 0.00304493
0.250703 0.442742 0.717783 -0.00118953 0.00105146 0.00305151
0.219742 0.51327 0.678668 -0.00276528 0.0009373 0.00266361
0.233201 0.327854 0.614583 -0.00127864 0.00067529 0.00281179
0.191341 0.28396 0.598353 -0.00123467 0.00105146 0.00238071
0.222114 0.26145 0.574755 -0.00151718 0.0004786 0.00290726
0.236683 0.391298 0.637962 -0.00249101 0.00105146 0.00305075
0.244043 0.403349 0.572612 -0.0015495 0.00069075 0.00306356
0.258902 0.198482 0.480841 0.00082941 0.00093069 0.00310903
0.254463 0.476458 0.602704 0.00057046 0.00071577 0.00311664
0.244357 0.525099 0.54988 7.077e-05 0.00100938 0.00290368
0.245052 0.268298 0.605275 0.00010523 0.00058503 0.00307464
0.254759 0.413983 0.547699 0.0008844 0.00066866 0.00318408
0.233392 0.3728 0.618928 0.00100187 0.0006924 0.00306654
0.240507 0.552863 0.560318 0.00078121 0.00072817 0.0029768
0.250731 0.304967 0.568326 0.00086424 0.00066866 0.00295351
0.256718 0.32854 0.47898 0.0016713 0.00096974 0.00312498
0.238228 0.465 0.582495 0.00156214 0.00073954 0.00309051
0.244782 0.608282 0.585365 0.00097983 0.00092422 0.00323498
0.256221 0.269974 0.61662 0.00104038 0.00094253 0.00317823
0.255982 0.456027 0.678711 0.00150952 0.0021179 0.00314189
0.252384 0.410538 0.552872 0.00064144 0.00139788 0.00312851
0.252041 0.348912 0.647677 0.00080796 0.00097642 0.0031007
0.260229 0.501068 0.617059 0.00044684 0.00122686 0.00319777
0.2671 0.269347 0.533073 0.00119735 0.00131291 0.00321017
0.266072 0.481483 0.61661 0.00099745 0.00097642 0.00320469
0.282438 0.604583 0.645092 0.00082512 0.00085772 0.00341373
0.287272 0.41931 0.62405 0.00104747 0.00105081 0.00342178
0.302139 0.364864 0.552727 0.00118146 0.00129746 0.00347361
0.294195 0.397452 0.633382 0.00049839 0.00084785 0.00354473
0.285122 0.568698 0.594285 -1.949e-05 0.00125542 0.00348525
0.298936 0.316287 0.571236 0.00037302 0.00103376 0.003522
0.302038 0.280317 0.635953 0.00095597 0.00085991 0.0036089
0.288871 0.521554 0.625585 -0.00017113 0.00122055 0.0036038
0.297578 0.389066 0.607662 -0.00031473 0.00107474 0.00351171
0.295266 0.326579 0.675505 0.00011886 0.0009725 0.00360364
0.316179 0.514754 0.623803 0.00041841 0.00140988 0.00365277
0.295217 0.413278 0.684942 -0.00051609 0.00096406 0.00351903
0.302413 0.603113 0.752932 -0.00129623 0.0018614 0.00420414
0.297449 0.4346 0.672692 -0.00039596 0.00093083 0.00352202
0.301834 0.374075 0.799875 0.00136615 0.0014825 0.00365875
0.310088 0.455955 0.638766 7.971e-05 0.00130357 0.00379383
0.302171 0.391248 0.665424 -0.00039464 0.00112505 0.00359411
0.298023 0.461936 0.758288 -0.00181406 0.0019046 0.00331105
0.309752 0.459278 0.708866 -0.00146947 0.00148091 0.00366744
0.302763 0.29421 0.746447 -0.00119062 0.00143944 0.00350124
0.295129 0.53852 0.715144 -0.0018646 0.00130571 0.00369048
0.302844 0.394735 0.654943 -0.00051461 0.0009554 0.0038053
0.296943 0.332878 0.70835 -0.00031933 0.00076076 0.00360423
0.30997 0.531554 0.762824 -0.0012911 0.00182446 0.00378752
0.31215 0.417184 0.637991 -0.00042214 0.00097492 0.00377761
0.300216 0.410932 0.665912 0.000181 0.00081262 0.00362973
0.301506 0.586896 0.682645 -5.709e-05 0.00076085 0.00391491
0.295955 0.460147 0.642966 0.00018911 0.00094041 0.00355434
0.293156 0.362871 0.748771 0.00139539 0.00173939 0.00341172
0.309675 0.554193 0.749321 -0.00080499 0.0021919 0.0036093
0.309773 0.380726 0.677444 0.0005222 0.00093528 0.00375043
0.304533 0.347153 0.798314 0.00107106 0.00173566 0.00353039
0.308877 0.543207 0.804574 -0.00088665 0.00241232 0.0033334
0.300662 0.29337 0.757531 0.00091193 0.00181317 0.00328703
0.327564 0.48191 0.907319 0.00067621 0.00042939 0.0034347
0.315059 0.54531 0.759441 0.00033754 0.00217777 0.00350395
0.30876 0.352672 0.792447 0.00154551 0.00110595 0.00333486
0.309655 0.582191 0.851252 0.00018321 0.0020476 0.00359087
0.315991 0.421149 0.808766 0.00165438 0.00115063 0.00367785
0.317775 0.446339 0.862388 0.00198788 0.00070418 0.00344811
0.316538 0.575241 0.878245 0.00170575 0.00069457 0.0033699
0.311727 0.378524 0.799514 0.00217492 0.00078394 0.00326154
0.323086 0.570207 0.856902 0.00181799 0.0012938 0.00326154
0.309046 0.484306 0.762436 0.00208564 0.00164488 0.0032524
0.263067 0.311672 0.709291 -0.00139907 0.00116349 0.00292154
0.247605 0.189175 0.596297 0.00042755 0.00080422 0.00278815
0.280952 0.379107 0.639627 0.0004395 0.00075219 0.00296367
0.291146 0.72474 0.652726 0.00063261 0.00064893 0.00357057
0.315484 0.461506 0.649426 0.0007289 0.00109789 0.0031879
0.296975 0.366804 0.675663 0.00202347 0.00128861 0.00301969
0.289925 0.713842 0.614627 0.00134408 0.00068803 0.00374535
0.300478 0.456745 0.652836 0.00258661 0.00128609 0.00343991
0.306608 0.434231 0.634071 0.00069503 0.0009567 0.00342403
0.274897 0.389874 0.644877 -5.644e-05 0.0005738 0.00334134
0.282906 0.504152 0.627157 0.00079953 0.00054537 0.00345135
0.286705 0.543721 0.601086 0.00111483 0.0006062 0.00366706
0.294537 0.331821 0.606446 0.00037202 0.00090758 0.0036258
0.275961 0.357809 0.592556 0.00165167 0.00084624 0.0034068
0.286408 0.652233 0.600246 0.00150547 0.00050805 0.00407729
0.298146 0.484248 0.596344 0.00229313 0.00091377 0.0035744
0.300462 0.436645 0.700175 0.00339358 0.00058548 0.00340732
0.32749 0.624348 0.573018 0.0024083 0.00073643 0.00403704
0.314705 0.428264 0.627309 0.0007533 0.00082078 0.00349338
0.312636 0.455766 0.688051 0.00202326 0.00082672 0.00364404
0.316359 0.557154 0.649383 0.00072208 0.00038846 0.00418704
0.317629 0.299251 0.628351 0.00096789 0.00058251 0.00386528
0.311338 0.440169 0.751449 0.00235554 0.0006812 0.00386869
0.323291 0.636908 0.75576 0.00241174 0.00074891 0.00433382
0.33853 0.411397 0.690104 0.00112384 0.00143099 0.0038425
0.335349 0.42266 0.809193 0.00251665 0.00061089 0.00372377
0.338477 0.665045 0.835367 0.00226467 0.0005414 0.00450117
0.336745 0.598378 0.78498 0.00278013 0.00054712 0.00437275
0.33509 0.461959 0.78329 0.00261685 0.00116535 0.00391466
0.341911 0.361564 0.689924 0.00299923 0.00179188 0.00376753
0.335128 0.50227 0.735875 0.00330204 0.00090523 0.0037276
0.340045 0.708774 0.652044 0.0018498 0.00114824 0.00459297
0.343648 0.436174 0.707688 0.0030074 0.0012707 0.0035897
0.344489 0.411152 0.672848 0.0003491 0.00049401 0.00357776
0.344897 0.271704 0.501787 0.00257006 0.00082801 0.00377998
0.320194 0.375757 0.59092 0.00494152 0.0009003 0.00346753
0.322128 0.462639 0.652258 0.00546325 0.00083613 0.00357565
0.32326 0.671668 0.629498 0.00438242 0.00106427 0.00388129
0.327031 0.400259 0.631486 0.00444197 0.00150033 0.00369063
0.320551 0.452667 0.673984 0.00538287 0.00074798 0.00386067
0.306942 0.708014 0.605153 0.00478129 0.00070411 0.00419387
0.308689 0.368513 0.625689 0.0047062 0.00048233 0.00403369
0.324818 0.427489 0.722258 0.00463512 0.00084181 0.00382286
0.317378 0.498016 0.610372 0.00367199 0.00163313 0.00379267
0.29664 0.431665 0.648741 0.00462276 0.00078124 0.00357253
0.304544 0.672166 0.614617 0.00439816 0.00075522 0.00398331
0.290111 0.413971 0.623303 0.00402519 0.00030392 0.00387021
0.313826 0.449358 0.543436 0.00416198 0.00101549 0.00378769
0.298084 0.485085 0.569605 0.00344756 0.00088456 0.00378235
0.299429 0.678165 0.573898 0.00327254 0.00059291 0.00407489
0.308438 0.356182 0.644841 0.00405705 0.00063521 0.00374398
0.314383 0.470108 0.726384 0.00468632 0.00081735 0.00371989
0.315881 0.549707 0.687782 0.00354314 0.00047085 0.00391887
0.306737 0.39588 0.716291 0.00420318 0.00108832 0.00356799
0.31772 0.588557 0.766016 0.00412479 0.00093644 0.00389018
0.317362 0.532833 0.704702 0.00432619 0.00066505 0.00399421
0.310906 0.345169 0.601488 0.00374004 0.0018304 0.00365794
0.318081 0.541143 0.71588 0.00480401 0.00119872 0.0039093
0.325766 0.71407 0.665027 0.00454055 0.00085314 0.00442637
0.320215 0.552395 0.630042 0.00402016 0.00102783 0.00417583
0.335979 0.372478 0.699276 0.0042289 0.00140212 0.00393235
0.343324 0.370928 0.592482 0.0028004 0.00132912 0.0036699
0.340356 0.428467 0.612292 0.00495228 0.00132941 0.00386511
0.325965 0.478579 0.636358 0.00576945 0.00079135 0.00407018
0.31352 0.377016 0.662705 0.00513471 0.00114354 0.00383253
0.319723 0.66152 0.663631 0.0046064 0.0009152 0.00433542
0.336243 0.481774 0.639177 0.00526728 0.00070089 0.00401525
0.336519 0.37355 0.604457 0.00578931 0.00141523 0.0040518
0.300921 0.469993 0.580701 0.0050486 0.00115492 0.00354519
0.296628 0.460547 0.563004 0.00537901 0.00088964 0.00356223
0.313034 0.492587 0.479752 0.00667855 0.00123531 0.00383518
0.295322 0.472067 0.572956 0.0064506 0.00071351 0.00383519
0.29016 0.595394 0.546499 0.00642393 0.00077942 0.00395894
0.289552 0.316158 0.53354 0.0059422 0.00099121 0.00360752
0.29844 0.470597 0.662905 0.00628888 0.00037021 0.00396976
0.299888 0.604457 0.618963 0.00619525 0.00019156 0.00412752
0.303537 0.329631 0.636427 0.00665021 0.00044156 0.00405361
0.308574 0.517068 0.651594 0.00607013 0.00052159 0.00405613
0.304783 0.413158 0.527054 0.00632517 0.00088524 0.00376345
0.299537 0.372214 0.477787 0.00493619 0.00013469 0.00351464
0.325537 0.540551 0.556316 0.004728 -0.00030745 0.00378059
0.331956 0.469216 0.497232 0.00580518 0.00036492 0.00389174
0.326465 0.425483 0.572383 0.00553039 0.00082197 0.0037686
0.316792 0.640656 0.589259 0.00501563 -3.355e-05 0.00393797
0.312949 0.436929 0.594136 0.00592019 3.367e-05 0.00370373
0.324968 0.396781 0.574645 0.00654673 0.000648 0.00401078
0.30883 0.543477 0.677164 0.00633228 0.00071842 0.00377725
0.306487 0.681664 0.670313 0.00588876 0.00037407 0.00432123
0.297527 0.392139 0.685071 0.00652652 0.00080258 0.00384944
0.304164 0.600276 0.71432 0.0063603 0.00078183 0.00415362
0.318712 0.434551 0.61692 0.00636006 0.00119398 0.00390103
0.308043 0.461218 0.665265 0.0060095 0.00091028 0.00389883
0.307065 0.618252 0.714454 0.00639884 0.00075829 0.00450202
0.289059 0.446176 0.712372 0.006726 0.00103612 0.0039339
0.273542 0.5266 0.816531 0.0068313 0.00122233 0.00405994
0.31588 0.623227 0.694582 0.00638028 0.00090625 0.00448549
0.313257 0.503089 0.751853 0.0054657 0.00118057 0.00395608
0.304165 0.588593 0.820536 0.00504697 0.00142626 0.00439801
0.323421 0.571185 0.780213 0.0054158 0.00138601 0.00449281
0.337361 0.574003 0.671057 0.00619627 0.00077254 0.00450574
0.32312 0.407212 0.756617 0.00429407 0.00104764 0.00389187
0.29771 0.445072 0.815579 0.00414637 0.00041712 0.00386784
0.271789 0.389572 0.626293 0.00754346 0.000125 0.00401473
0.249365 0.560791 0.677286 0.00662557 0.00010335 0.0038423
0.269628 0.683096 0.654303 0.00585834 -1.361e-05 0.00391573
0.27513 0.42814 0.710667 0.00618507 1.494e-05 0.00380656
0.286894 0.604342 0.739285 0.00634688 -0.00014059 0.00433715
0.300943 0.554543 0.632001 0.00675475 0.0006592 0.00398787
0.279857 0.438167 0.72015 0.00642974 0.00095329 0.00383375
0.270515 0.638274 0.703157 0.00601299 0.00069726 0.00385038
0.287093 0.434429 0.709945 0.00627701 0.00070916 0.00378536
0.295655 0.394794 0.614158 0.00671459 0.00089731 0.00387584
0.288092 0.495709 0.716341 0.0061212 0.00011333 0.00419461
0.28379 0.682336 0.696716 0.0062347 0.00037654 0.00434807
0.288013 0.470281 0.705058 0.00652132 0.00035649 0.00402582
0.311042 0.628861 0.762741 0.00656355 0.00074191 0.00443178
0.318037 0.586933 0.715196 0.00617777 0.00086299 0.00431878
0.301118 0.521716 0.786143 0.00600693 0.00064431 0.00450099
0.314899 0.716996 0.778906 0.00605 0.00084913 0.00465049
0.316915 0.471149 0.814068 0.0064474 0.00095395 0.00433669
0.324258 0.536584 0.863868 0.00673881 0.00128161 0.00431673
0.315359 0.60022 0.756289 0.00666111 0.00066122 0.00458747
0.301936 0.554474 0.842428 0.00631308 -0.00033477 0.00445507
0.307077 0.721388 0.777474 0.00584231 -0.0004041 0.00481949
0.291203 0.493121 0.683683 0.00628872 0.00016911 0.00417051
0.256231 0.374236 0.662679 0.00665324 0.00027732 0.00403491
0.273437 0.410042 0.70613 0.005576 -0.00035309 0.00395172
0.27509 0.604849 0.703012 0.00674583 -0.00011008 0.00440549
0.285089 0.572749 0.621548 0.00650161 7.007e-05 0.00404778
0.275453 0.424925 0.609894 0.00686771 0.00042489 0.00410341
0.293407 0.689619 0.645845 0.00552261 0.00041058 0.00460127
0.299848 0.42831 0.600266 0.00630733 -0.00020155 0.00419612
0.293599 0.341712 0.648313 0.00652876 -2.968e-05 0.00428594
0.298978 0.639637 0.696255 0.00607071 -5.119e-05 0.00463411
0.303299 0.404394 0.697102 0.00658799 0.00041544 0.00429917
0.309885 0.430829 0.759504 0.00669377 0.00029428 0.00429917
0.306559 0.516759 0.717787 0.00621361 6.675e-05 0.00441439
0.299517 0.502621 0.759854 0.0060335 -0.00030772 0.00446362
0.303099 0.76536 0.72403 0.00568362 -4.877e-05 0.00503793
0.298779 0.483839 0.730322 0.00656014 -2.091e-05 0.00435819
0.312721 0.465497 0.72474 0.00651029 0.00039067 0.00448816
0.245703 0.462004 0.679633 0.00556577 8.586e-05 0.00396274
0.244856 0.328337 0.617302 0.00582229 8.499e-05 0.0036869
0.275011 0.41159 0.623557 0.006991 -0.000586 0.00451962
0.2736 0.587081 0.62568 0.00600826 -0.00020693 0.00478423
0.282448 0.491822 0.57116 0.0064785 -0.0002408 0.00468947
0.277409 0.275164 0.653766 0.00670318 -0.00011946 0.00422461
0.278233 0.53604 0.640107 0.00639752 0.00023954 0.00476412
0.2844 0.572664 0.558531 0.00574267 0.00069033 0.00482953
0.280858 0.331717 0.607644 0.00582683 0.00035448 0.00461488
0.281349 0.367924 0.646409 0.00646098 0.00031725 0.00465464
0.286117 0.409569 0.648059 0.0064913 0.00029507 0.00474468
0.284828 0.447858 0.68573 0.0065944 0.00016415 0.00466975
0.288792 0.67921 0.665274 0.00647717 0.00031555 0.00492508
0.283195 0.442658 0.661285 0.00705585 0.00056146 0.00430933
0.292698 0.569707 0.69236 0.00697968 0.00017296 0.00465222
0.301831 0.572834 0.615493 0.00674354 0.00015922 0.0045412
0.296006 0.40365 0.656292 0.00696303 0.00020985 0.0045013
0.303157 0.610198 0.68703 0.0064494 0.00049058 0.00484651
0.294615 0.415344 0.634211 0.00684612 0.00077333 0.00436892
0.298028 0.353932 0.67454 0.00675706 0.00099343 0.0043453
0.31129 0.528834 0.63988 0.00623882 0.00068031 0.00466144
0.296155 0.323516 0.616936 0.00668107 0.0008325 0.00436488
0.306857 0.52313 0.684994 0.00624973 0.00055017 0.00459809
0.301996 0.52281 0.596516 0.00655998 0.00050047 0.00480196
0.284359 0.38057 0.619082 0.00678244 0.00019129 0.00462939
0.286846 0.615074 0.655983 0.00654774 0.00030125 0.00502794
0.29123 0.529824 0.591747 0.00686565 0.00043836 0.00477596
0.301908 0.429173 0.520968 0.00855738 0.0016432 0.00456999
0.293258 0.509657 0.594383 0.00830374 0.00110174 0.00475571
0.274452 0.65078 0.518383 0.00688503 0.00123638 0.00518768
0.311115 0.32409 0.575672 0.00810734 0.00125804 0.00481749
0.271064 0.297943 0.622252 0.00638588 0.00074603 0.00402246
0.282731 0.203853 0.60752 0.00647915 0.00089831 0.00410351
0.287164 0.401739 0.668552 0.0077907 0.000322 0.00449139
0.293874 0.523302 0.604379 0.00877629 0.00107824 0.00473206
0.278017 0.547707 0.687073 0.00817646 0.00046326 0.00446421
0.272259 0.790112 0.719701 0.00780548 0.00050529 0.00478799
0.286841 0.529618 0.696687 0.00815673 0.00057003 0.0045419
0.315232 0.65997 0.629098 0.00935895 0.00133186 0.00508315
0.298707 0.447892 0.636939 0.00839481 0.00079034 0.00412627
0.277648 0.514466 0.700317 0.00812843 0.00085936 0.00495989
0.2945 0.430866 0.645217 0.00903718 0.00142759 0.00440922
0.293594 0.393306 0.647116 0.00783743 0.00123997 0.00437252
0.27743 0.536518 0.693019 0.00775731 0.00101796 0.00467519
0.277826 0.517447 0.658904 0.00812062 0.00109289 0.00487289
0.288826 0.461578 0.707578 0.00853397 0.00097632 0.00440929
0.308147 0.59129 0.675747 0.00827187 0.00124045 0.0048723
0.287228 0.528094 0.612397 0.00767742 0.00064992 0.00450098
0.27759 0.647714 0.653602 0.00792742 0.00121242 0.00473171
0.292779 0.538759 0.581275 0.0077538 0.00105647 0.0046127
0.276389 0.439768 0.587616 0.00767742 0.00143194 0.00403321
0.263107 0.571849 0.640391 0.007936 0.00093191 0.00439641
0.282468 0.436466 0.647756 0.0080812 0.00084814 0.00427256
0.283355 0.376558 0.6915 0.00850954 0.0006376 0.00441351
0.295975 0.462045 0.625377 0.00841683 0.00124981 0.00434124
0.281612 0.496097 0.674733 0.00794774 0.00058797 0.00463738
0.275612 0.700984 0.645588 0.00761197 0.00115281 0.00477374
0.282963 0.41168 0.644798 0.00795431 0.0008782 0.00430391
0.283701 0.615317 0.71703 0.0082301 0.00100942 0.00473154
0.281221 0.509059 0.615225 0.00849952 0.00114665 0.00438958
0.264944 0.410214 0.482285 0.00780084 0.00166101 0.00384096
0.265489 0.513881 0.430911 0.00735283 0.00166101 0.00411534
0.284555 0.3805 0.350838 0.00719674 0.00171105 0.00427413
0.275815 0.36804 0.377912 0.00776776 0.0014069 0.00416077
0.276908 0.564944 0.369046 0.00701342 0.00166101 0.0046236
0.281489 0.327003 0.419756 0.00762887 0.00152131 0.00433318
0.296413 0.492377 0.357021 0.0071886 0.00166101 0.0047533
0.287204 0.320388 0.34807 0.00688433 0.00166101 0.00418215
0.290311 0.464926 0.405748 0.00730219 0.00166101 0.00440442
0.290205 0.369072 0.407887 0.00764479 0.00156541 0.00438846
0.27965 0.334757 0.468021 0.00830739 0.00148229 0.00444625
0.306126 0.463416 0.407929 0.00843447 0.00221766 0.00449157
0.289813 0.420156 0.411197 0.00810797 0.00172586 0.00416518
0.290684 0.622759 0.453271 0.00790758 0.00158503 0.00464263
0.283175 0.471204 0.436277 0.00833576 0.00157611 0.00423573
0.289901 0.471398 0.417167 0.00762906 0.00166101 0.00424731
0.296053 0.298019 0.428999 0.00776986 0.00166101 0.00420296
0.295091 0.513655 0.483584 0.00822817 0.00166101 0.00451382
0.289874 0.317563 0.378091 0.00717747 0.00131137 0.00428601
0.292457 0.307919 0.459757 0.00796162 0.00150969 0.00437256
0.290346 0.523642 0.459746 0.00818527 0.00166101 0.00446294
0.298206 0.311379 0.394736 0.00767282 0.00166101 0.00420769
0.293018 0.385569 0.451243 0.00807283 0.00166101 0.0042657
0.294631 0.625964 0.4618 0.00826082 0.00166101 0.004573
0.290264 0.415854 0.441876 0.0084563 0.00166101 0.00444064
0.317773 0.449457 0.432517 0.00897291 0.00197565 0.00464374
0.309121 0.464324 0.443361 0.00880689 0.00178128 0.0043344
0.301472 0.569073 0.447467 0.00848078 0.00187739 0.00457102
0.294999 0.3694 0.447925 0.00859538 0.0019093 0.00436119
0.312304 0.366458 0.398507 0.00841629 0.0020019 0.00446979
0.306586 0.38588 0.432562 0.00839081 0.00180373 0.00455001
0.297901 0.550517 0.421557 0.00826667 0.00180542 0.00458051
0.311023 0.351948 0.436025 0.00844667 0.00176397 0.00429822
0.303777 0.474976 0.459262 0.00871772 0.00191078 0.00442542
0.308987 0.431152 0.36036 0.00815428 0.00201603 0.00447325
0.306225 0.404218 0.397738 0.0074833 0.00165389 0.00423742
0.303543 0.491471 0.452917 0.0089471 0.00199029 0.00443506
0.311091 0.464772 0.448689 0.00881351 0.00208839 0.00425153
0.30905 0.318089 0.434041 0.00899331 0.00210944 0.00447335
0.290494 0.46849 0.432026 0.00899754 0.00241653 0.00438952
0.290624 0.578492 0.333697 0.00864914 0.00241653 0.0043237
0.30507 0.359413 0.373322 0.00903546 0.00237353 0.00416256
0.305884 0.378604 0.498132 0.00926255 0.00186078 0.00423818
0.312523 0.48492 0.468752 0.00830149 0.00152448 0.00497191
0.278631 0.344667 0.373253 0.00829724 0.00169489 0.00420721
0.280229 0.535801 0.440643 0.00912498 0.00209843 0.00450824
0.268761 0.500911 0.461519 0.00947243 0.00233706 0.00430801
0.298399 0.320048 0.398525 0.00885552 0.00209843 0.00426715
0.296832 0.448873 0.441749 0.00898186 0.00209843 0.00415859
0.286979 0.573618 0.473553 0.00902989 0.00209843 0.00450047
0.296246 0.344629 0.429757 0.00840803 0.00197658 0.00433443
0.305939 0.40057 0.454357 0.00849703 0.00193396 0.00448295
0.289513 0.526866 0.486047 0.00874364 0.00209843 0.00444658
0.263054 0.390955 0.499161 0.00942317 0.00217204 0.00452417
0.269043 0.391301 0.572198 0.0100082 0.00190163 0.00454672
0.297621 0.457361 0.511605 0.00906803 0.00200992 0.004946
0.297767 0.436472 0.449835 0.00973781 0.00168752 0.00432334
0.279526 0.623353 0.481524 0.00961386 0.00241852 0.00472486
0.280251 0.445192 0.490007 0.00955129 0.00184619 0.00427531
0.278515 0.406702 0.559161 0.00991267 0.00180365 0.00428287
0.29636 0.501775 0.455193 0.00966445 0.00233127 0.00435102
0.295608 0.299422 0.436076 0.00885084 0.00166634 0.00423654
0.302175 0.386092 0.439476 0.0102042 0.00115298 0.00427211
0.353819 0.305946 0.224597 0.0151257 0.00305485 0.00520329
0.329497 0.833741 0.322241 0.0143361 0.00291161 0.00555444
0.304541 0.642667 0.293447 0.0127353 0.0020087 0.00465558
0.31496 0.285714 0.366468 0.0120308 0.00220327 0.00409097
0.298801 0.490927 0.353455 0.012031 0.0017732 0.00419015
0.311457 0.338137 0.316342 0.0118473 0.00197042 0.00419165
0.308485 0.218692 0.338249 0.0113318 0.0018327 0.00396133
0.294015 0.476494 0.372978 0.0115141 0.00143186 0.00421847
0.294417 0.421254 0.353728 0.0124092 0.00174772 0.00394223
0.308848 0.441953 0.334583 0.0126447 0.00206986 0.00397922
0.302985 0.445539 0.307673 0.0114079 0.00185376 0.00388564
0.297913 0.45577 0.390937 0.0107903 0.00172941 0.00378607
0.298126 0.737584 0.363979 0.0124111 0.00179367 0.00406891
0.303091 0.480811 0.384482 0.012407 0.00200945 0.0039391
0.329495 0.528378 0.347916 0.0122228 0.00235415 0.00434571
0.324634 0.364285 0.391353 0.0118729 0.00193143 0.00406521
0.31655 0.523493 0.437071 0.0120454 0.00199258 0.00406983
0.313781 0.37369 0.405621 0.0123686 0.00194548 0.00406332
0.322233 0.434331 0.465788 0.0123212 0.00190296 0.00406846
0.333804 0.584464 0.356272 0.0122298 0.00207268 0.00440706
0.331596 0.433813 0.380367 0.0108795 0.0019544 0.00400987
0.326887 0.388482 0.451733 0.0117739 0.00181972 0.00401817
0.330866 0.648921 0.495398 0.0118961 0.00190824 0.00416677
0.34747 0.434312 0.395678 0.0124843 0.002483 0.00420607
0.331769 0.44531 0.435819 0.0120942 0.00209023 0.00391393
0.317508 0.548325 0.52283 0.0127453 0.0018508 0.00385725
0.305123 0.629236 0.524455 0.0127453 0.00163107 0.00405548
0.32148 0.345953 0.423246 0.0127534 0.00177823 0.00391504
0.321134 0.441715 0.439501 0.0128767 0.0012155 0.00380701
0.319443 0.635147 0.471287 0.0121641 0.00152957 0.00388642
0.323493 0.485015 0.48246 0.0115071 0.00158313 0.00381882
0.308723 0.359858 0.357522 0.012153 0.00151886 0.00381669
0.278061 0.271384 0.373668 0.00885526 0.00167429 0.00319739
0.307619 0.32859 0.336378 0.0111154 0.00103536 0.00365849
0.325963 0.492519 0.327014 0.0120165 0.00133115 0.00387438
0.310257 0.323771 0.356944 0.0112817 0.00127163 0.00362647
0.30102 0.407884 0.404323 0.00977463 0.00054003 0.00381382
0.300054 0.649105 0.257304 0.0144304 0.0015956 0.00381206
0.292428 0.463396 0.313551 0.013976 0.00163582 0.00361814
0.276688 0.741751 0.307195 0.0119016 0.00140925 0.00363959
0.320352 0.631854 0.276887 0.0100601 0.00133795 0.00412453
0.327887 0.373145 0.383174 0.0117156 0.00125132 0.00384634
0.290229 0.17813 0.481384 0.0123817 0.00124713 0.00329538
0.281515 0.23152 0.421959 0.0127108 0.00090081 0.0036468
0.283139 0.327016 0.418457 0.01147 0.00139388 0.00313673
0.280491 0.583777 0.499857 0.0132374 0.0010273 0.00321063
0.287018 0.9036 0.551441 0.0136503 0.00152204 0.00297564
0.295571 0.786546 0.540543 0.0137894 0.00137142 0.00335259
0.29148 0.73131 0.550977 0.0138718 0.00116277 0.00335261
0.293067 0.686771 0.570172 0.0141926 0.00126105 0.00330292
0.296105 0.612659 0.588434 0.0142505 0.00124705 0.00327396
0.29505 0.521675 0.614079 0.0143337 0.00138525 0.00310531
0.295006 0.488431 0.629551 0.013944 0.00135184 0.00313729
0.288695 0.512446 0.658026 0.0140119 0.00135184 0.00322903
0.28772 0.55459 0.653617 0.0137651 0.00118498 0.00319693
0.283973 0.617924 0.663065 0.0133856 0.00085085 0.00334246
0.283832 0.796861 0.514143 0.0125242 0.00101235 0.00346664
0.28798 0.45956 0.479666 0.0128348 0.00081613 0.00310034
0.322604 0.441559 0.497151 0.0137115 0.00080643 0.00319182
0.320295 0.66977 0.538252 0.0128008 0.00074543 0.00338956
0.310712 0.520938 0.531971 0.0130253 0.00068356 0.00316831
0.325896 0.452113 0.586543 0.0134296 0.00048952 0.00316217
0.328199 0.550487 0.623513 0.0133076 -0.00034896 0.00343015
0.318371 0.536662 0.597629 0.0133526 -0.00065326 0.00389451
0.311453 0.536984 0.601523 0.0129314 -0.00043424 0.00363236
0.295016 0.629299 0.549379 0.0124289 -0.00111491 0.00369091
0.293574 0.494388 0.516775 0.0136112 -0.00034512 0.00292242
0.344391 0.450087 0.62589 0.0132366 0.0004576 0.00336439
0.356339 0.434351 0.668751 0.0134815 0.00012575 0.00334758
0.375026 0.564879 0.845286 0.0141284 -0.00073642 0.00327846
0.361712 0.499083 0.903586 0.0150817 -0.00107821 0.00289529
0.35465 0.353473 0.874912 0.0142837 -0.00103781 0.00316755
0.343374 0.618415 0.826222 0.0148405 -0.0013554 0.00332041
0.330945 0.545817 0.780646 0.0149269 -0.00156637 0.00328699
0.334946 0.574925 0.801371 0.0147331 -0.00172325 0.00309638
0.324504 0.867487 0.836643 0.0148929 -0.00161827 0.00314748
0.330717 0.8405 1.36992 0.0166666 -0.00287547 0.00289529
0.390147 0.928363 2.12009 0.016965 0.00111393 0.0010573
0.264215 0.407201 2.05208 0.0118071 -9.789e-05 -0.00026602
0.390113 0.532053 2.39061 0.00396753 -0.00303386 0.00188178
