0.00298504 0.116274 0.102267 -0.00020749 0 0.00012905
0.00719885 0.174326 0.143063 -0.00055098 7.932e-05 0.00018595
0.0133287 0.20099 0.146798 -0.00084466 0.00014822 0.00020527
-0.00132904 0.131404 0.12747 -0.00040462 -0.00014209 0.00020722
0.0017884 0.164408 0.1464 -0.00033547 -0.00015927 0.00021175
0.00186905 0.237914 0.166449 -0.00108813 -5.352e-05 0.0002347
-0.00052159 0.185301 0.129088 -0.00065638 -0.00012762 0.00020049
0.00296988 0.148321 0.151038 -0.00053967 -9.861e-05 -2.753e-05
0.00992915 0.220592 0.163157 -0.00063647 -3.148e-05 -8.622e-05
0.0103879 0.18384 0.142306 -0.00052765 5.1e-06 -0.00011885
0.00443999 0.241944 0.178388 -0.00132334 0.00010479 0.00038589
0.016013 0.272584 0.171946 -0.00192884 0.00035657 0.00031785
0.00394853 0.201236 0.139493 -0.00184672 7.94e-05 0.00031515
-0.00538475 0.115605 0.16572 -0.00129678 -2.771e-05 0.00024002
0.00027349 0.132982 0.183255 -0.00087202 9.49e-06 -7.175e-05
0.00785836 0.209574 0.194657 -0.0016313 7.719e-05 -5.66e-05
0.0082252 0.25126 0.178816 -0.00153925 0.00023775 0.00015076
0.00053354 0.190616 0.155372 -0.00088876 -9.03e-06 0.00012508
0.00837672 0.259279 0.181584 -0.00144154 9.674e-05 0.00026498
0.00863527 0.24923 0.13435 -0.00143352 -4.664e-05 0.00042017
0.00247086 0.203895 0.14728 -0.00099351 -3.27e-05 0.00043693
0.00884561 0.244319 0.169215 -0.00137283 -6.187e-05 0.00053818
0.00897899 0.253292 0.17682 -0.00176823 0.00019884 0.00060032
-0.00788918 0.178097 0.168769 -0.00114273 -0.00011327 0.00035659
-0.00349813 0.179506 0.181929 -0.00098208 -5.491e-05 0.00035237
-0.00151213 0.23233 0.198049 -0.00132463 -4.552e-05 0.00033934
0.00861492 0.226161 0.167408 -0.00120901 5.129e-05 0.0004005
0.0086614 0.200408 0.163958 -0.00102848 -1.05e-05 0.00041712
0.00852763 0.218971 0.164828 -0.00095238 -4.18e-05 0.00035073
0.00101798 0.231192 0.151551 -0.00122854 -1.932e-05 0.00038811
0.00218764 0.227894 0.154547 -0.00130482 2.817e-05 0.00041784
0.00875358 0.260446 0.159078 -0.00167171 0.00024862 0.00045523
0.0118604 0.260641 0.151804 -0.00154231 0.00030018 0.00062774
-0.00106719 0.1999 0.153079 -0.00110462 0.00023141 0.00054151
0.00884543 0.200416 0.140444 -0.0008968 0.00036613 0.00046725
0.0244036 0.144029 0.107966 -0.00010484 0.00066323 0.00062799
0.0343942 0.209778 0.0860403 0.00013612 0.00061624 0.00078818
0.0457192 0.235236 0.0705466 0.00041976 0.00092839 0.00083736
0.0462676 0.215449 0.0433956 0.00015293 0.00094585 0.00072505
0.0413016 0.178239 0.0376235 0.00022579 0.00069304 0.00065791
0.0446843 0.161015 0.048546 0.00023753 0.00095398 0.00043585
0.0444807 0.200373 0.0528831 1.579e-05 0.00092131 0.00065027
0.0429544 0.130855 0.0407956 0.00021173 0.00067057 0.00079393
0.0360801 0.130583 0.045845 0.00032662 0.00069431 0.00071623
0.0406226 0.194011 0.0525766 0.00016943 0.00088866 0.00080261
0.0414587 0.145573 0.0623779 0.00010212 0.00094573 0.00079276
0.0383453 0.0804905 0.0453688 0.00042027 0.00058132 0.00068279
0.0347668 0.178165 0.0582818 0.0005025 0.00032798 0.00074715
0.031475 0.143155 0.0595693 0.00022478 0.00022345 0.00072656
0.0249535 0.0970776 0.052963 0.00052116 7.813e-05 0.00069313
0.0235568 0.122649 0.052987 0.00047586 0.00036079 0.00033076
0.0225464 0.140654 0.0714354 0.00029809 0.00048444 0.00037394
0.0221078 0.215713 0.112667 -0.00070506 0.00039081 0.00043617
0.019388 0.14084 0.0775004 -0.00016344 0.00035132 0.00035895
0.019675 0.13706 0.0682795 -0.00011021 0.00032989 0.00019772
0.0197125 0.193839 0.0936112 -0.00082338 0.00031039 0.00022224
0.0224659 0.167963 0.057686 -0.00035416 0.0005808 0.00031751
0.0184112 0.213667 0.101216 -0.00082338 0.0005224 0.00042143
0.0225264 0.244746 0.144942 -0.00125126 0.00032761 0.00060124
0.0201044 0.162091 0.0978778 -0.00075047 0.00024999 0.0006639
0.00723642 0.136737 0.0857183 -0.00053957 0.00014804 0.00049877
0.0198806 0.147001 0.0761611 -0.00036881 0.0002337 0.00028224
0.0138164 0.197863 0.0978634 -0.00055623 0.00026909 0.00047713
0.0106143 0.209004 0.125381 -0.00126234 0.00012874 0.00042615
0.00645495 0.217526 0.108609 -0.00097809 4.43e-06 0.00049109
0.0131304 0.265385 0.142134 -0.00175325 0.00016964 0.00056243
0.0111187 0.214858 0.106098 -0.00138777 0.00015919 0.00058256
0.00781204 0.218267 0.0912659 -0.00128423 5.7e-05 0.00044131
0.00787427 0.256304 0.107293 -0.00153136 0.00010468 0.00032727
0.0113607 0.213401 0.111817 -0.00153136 0.00014061 0.00041793
0.0103591 0.23537 0.127499 -0.00174585 1e-04 0.00060028
0.00928266 0.149118 0.1213 -0.00147257 0.00017882 0.00056659
0.00877647 0.17612 0.116425 -0.00170077 7.24e-06 0.00049667
0.00533209 0.24825 0.140953 -0.00212203 -0.00010137 0.00039955
0.00851948 0.280795 0.160844 -0.00225325 1.17e-06 0.00055376
-0.00295437 0.213961 0.0907676 -0.00152348 -0.00018567 0.0004105
0.00880488 0.251063 0.114041 -0.00171457 2.768e-05 0.00036065
0.0144239 0.277589 0.145635 -0.00234885 0.00025003 0.00055426
0.0117507 0.206607 0.108654 -0.00173032 1.546e-05 0.00057743
0.00472127 0.207321 0.0747038 -0.00173032 0.00010232 0.00041867
0.0257752 0.238276 0.113723 -0.00240012 0.00041012 0.00061421
0.0121002 0.176405 0.0472829 -0.0012934 5.276e-05 0.00036247
0.0180149 0.231813 0.101744 -0.00208265 0.00028093 0.00048055
0.0156522 0.202351 0.0944424 -0.00186021 0.00024783 0.00055684
0.0154051 0.18973 0.0823905 -0.00152877 0.00027823 0.00040956
0.0157862 0.181956 0.0996327 -0.00179529 0.00030121 0.00032572
0.017329 0.247208 0.138603 -0.002499 0.00038663 0.00025978
0.0109394 0.264349 0.115595 -0.00234563 0.0002586 0.0004171
0.00848101 0.206596 0.106576 -0.00187444 0.00019805 9.379e-05
0.0122428 0.229747 0.107108 -0.00198395 0.00031421 4.438e-05
0.0109064 0.225001 0.118015 -0.00217792 0.00014305 0.00040476
0.00825702 0.214548 0.0998295 -0.00195974 0.00018596 0.00031766
0.00878409 0.284572 0.141458 -0.00249991 0.00022 0.00036625
0.00439262 0.186625 0.10825 -0.00197294 9.285e-05 0.00046996
0.00785922 0.225295 0.109989 -0.00177612 0.00015023 0.00033544
0.0103233 0.279365 0.14239 -0.00272228 0.0003328 0.00047103
0.00530625 0.223195 0.139108 -0.00237325 5.561e-05 0.00045468
0.0119698 0.211147 0.11193 -0.00196051 0.00029868 0.00013152
0.018465 0.27411 0.145011 -0.00257491 0.0002513 0.00040718
0.0177608 0.244812 0.151983 -0.00219498 0.00022656 0.00053512
0.017818 0.205497 0.113673 -0.00183708 0.00021526 0.0005714
0.0154378 0.211886 0.117304 -0.00176614 0.00013952 0.00047365
0.0123196 0.295692 0.172765 -0.00235486 0.00012124 0.00049816
0.0155879 0.237839 0.131701 -0.00223056 0.00016228 0.00056714
-0.00113793 0.183303 0.0827375 -0.00161313 -5.098e-05 0.00037936
0.012189 0.266822 0.146958 -0.00252498 0.00015381 0.00047181
0.0109636 0.202213 0.120111 -0.00220058 1.547e-05 0.00069661
0.00835377 0.208584 0.0898539 -0.0015263 3.538e-05 0.00056422
0.00968305 0.225983 0.121427 -0.00200694 0.00018894 0.00056812
0.0155379 0.292581 0.151872 -0.00258448 0.00038711 0.00053045
0.00983432 0.213569 0.12907 -0.00203107 0.00015493 0.00063806
0.00921113 0.227824 0.117746 -0.00189801 0.00015109 0.00069661
0.0117712 0.28935 0.161948 -0.00280235 0.00022092 0.0006301
0.00957113 0.227938 0.138571 -0.00241393 7.06e-05 0.00061013
0.00728162 0.206023 0.122703 -0.00186972 6.963e-05 0.00052111
0.0114483 0.27875 0.145114 -0.00271682 0.00027258 0.00038138
0.010479 0.228833 0.131027 -0.00237766 0.00020397 0.00088972
0.012671 0.208037 0.124714 -0.001849 9.205e-05 0.00062851
0.0107959 0.237233 0.126784 -0.00222027 0.00012243 0.00057441
0.0156741 0.274631 0.156003 -0.00275318 0.00032638 0.00060895
0.0291221 0.207454 0.12041 -0.00192217 0.00027357 0.00071163
0.02885 0.243356 0.109915 -0.00204859 0.00026463 0.00066504
0.0289394 0.264378 0.152227 -0.00250656 0.00018946 0.00098527
0.0227076 0.210946 0.109218 -0.00177009 0.00017574 0.00084384
0.0095156 0.237554 0.107603 -0.00201895 0.00014042 0.00063489
0.025311 0.284527 0.147254 -0.00288205 0.00036204 0.00125126
0.0231731 0.21213 0.126819 -0.00217529 0.00033636 0.00099557
0.0234904 0.203174 0.0943137 -0.00185885 0.00012974 0.00097198
0.0233658 0.214391 0.12376 -0.002453 0.00017465 0.0008636
0.0278398 0.241225 0.124271 -0.00252336 0.00029621 0.0012362
0.0213474 0.207836 0.0834511 -0.00182242 -2.14e-05 0.00125053
0.0301379 0.27761 0.124874 -0.00269147 0.00028496 0.00126422
0.0421275 0.272007 0.130521 -0.00263468 0.00039134 0.00159926
0.0385263 0.225215 0.100635 -0.00206614 0.00010215 0.0016264
0.03465 0.262291 0.103993 -0.00258476 0.00030877 0.00147142
0.0393265 0.301894 0.138264 -0.00295833 0.00050542 0.00180275
0.0317775 0.199684 0.101314 -0.0024263 0.00019372 0.00179103
0.0353626 0.200502 0.0978714 -0.00215019 0.00021008 0.00162159
0.0273138 0.219332 0.0947282 -0.00241476 1.794e-05 0.00132469
0.0327587 0.263797 0.113446 -0.00261704 -7.362e-05 0.00167157
0.034812 0.214936 0.108465 -0.00250554 0.00013465 0.00165431
0.03068 0.266825 0.108225 -0.00261704 -9.028e-05 0.00132926
0.0380977 0.31043 0.121571 -0.00297618 0.00019783 0.00181453
0.0375738 0.253036 0.0964053 -0.00250774 0.00042021 0.0018509
0.033345 0.215932 0.0867885 -0.00229771 0.00023111 0.00171034
0.0287975 0.245254 0.0823408 -0.00229936 0.00023166 0.00146548
0.0312417 0.278569 0.0935206 -0.00252438 0.00025314 0.00159347
0.0286612 0.222819 0.0787264 -0.00219326 0.00020628 0.0015532
0.0265352 0.243081 0.0806297 -0.00223393 5.796e-05 0.00147797
0.0279841 0.276653 0.0988683 -0.00277149 0.00012665 0.0015203
0.025148 0.254464 0.0738259 -0.00238295 0.00010757 0.00139099
0.0204366 0.261958 0.0781625 -0.00229945 -7.66e-05 0.00141068
0.030534 0.305513 0.0888777 -0.00288353 0.00036937 0.00119006
0.0203059 0.236618 0.0571114 -0.00210973 6.086e-05 0.00127425
0.00842299 0.249767 0.0518146 -0.00173081 -6.9e-06 0.0010734
0.0140537 0.267807 0.0583801 -0.00238911 0.00014622 0.00081611
0.0221246 0.306024 0.0697099 -0.00271423 0.0002839 0.00118272
0.0177892 0.243432 0.0440091 -0.00178223 0.00013877 0.00105735
0.0141831 0.254968 0.0411153 -0.00190267 0.00019299 0.00097709
0.0218355 0.297449 0.0550015 -0.00247523 0.00020026 0.00118053
0.023608 0.25395 0.0537595 -0.00208987 0.00036451 0.00102055
0.0263513 0.243918 0.0454025 -0.00200554 0.00032117 0.00099495
0.0336625 0.289901 0.0748934 -0.00252335 0.00048553 0.00117643
0.0386565 0.248045 0.0407435 -0.00198914 0.00043245 0.00138762
0.032806 0.232084 0.0247873 -0.00159541 0.00026574 0.00108845
0.0329298 0.248277 0.028586 -0.00174769 0.00032631 0.001196
0.0336237 0.33969 0.0513002 -0.00228026 0.00040196 0.00128832
0.0322445 0.320179 0.0374317 -0.00216758 0.00038461 0.00118607
0.0214621 0.265219 0.0253713 -0.00185468 0.00030738 0.00125158
0.0243733 0.31095 0.0515343 -0.0024283 0.00039616 0.00121422
0.0217803 0.255545 0.0430299 -0.00206863 0.00030817 0.00127429
0.022086 0.257744 0.0333398 -0.00179758 0.00032233 0.00111666
0.02428 0.263406 0.0439133 -0.00218894 0.00030752 0.00108011
0.0339927 0.31567 0.066903 -0.0026465 0.00045499 0.00118952
0.0376369 0.273642 0.0380195 -0.00192406 0.00025127 0.00158459
0.0412016 0.273682 0.0310787 -0.00201211 0.00029093 0.0017088
0.0521181 0.334232 0.0540772 -0.00260014 0.00036886 0.00182262
0.0509447 0.303502 0.0376101 -0.00204001 0.0005047 0.00171645
0.0359204 0.288425 0.0425982 -0.00218159 0.00041665 0.00140507
0.0401747 0.347437 0.068388 -0.00265076 0.00044448 0.0012885
0.037275 0.277239 0.0469275 -0.00215601 0.00033243 0.00139489
0.0379095 0.313497 0.0696933 -0.00264041 0.00033344 0.0013252
0.0284759 0.26798 0.0428998 -0.00185175 0.00027149 0.00109598
0.0269279 0.243249 0.0325959 -0.00140695 0.00026476 0.00093507
0.0352431 0.318579 0.0668041 -0.00228565 0.00047136 0.00106457
0.0270611 0.297254 0.077962 -0.00246245 0.00027229 0.00121069
0.0294784 0.255822 0.0569231 -0.00185819 0.00034112 0.00114582
0.0342049 0.283108 0.0626273 -0.00220579 0.00030024 0.00108439
0.0455923 0.32884 0.0881968 -0.00253031 0.00067204 0.00117849
0.0429305 0.264031 0.0597246 -0.00209803 0.00037804 0.00119568
0.0405179 0.290297 0.0615145 -0.00226519 0.00045397 0.00123217
0.0486396 0.341083 0.0774684 -0.00253871 0.00050936 0.00127937
0.0720849 0.0978831 -0.150391 0.00379223 0.00100975 0.00145017
0.118965 0.0288844 -0.211195 0.00537322 0.00129597 0.00170909
0.128737 0.139494 -0.113184 0.00333777 0.00112056 0.00244888
0.112148 0.0611104 -0.149096 0.00345501 0.00095892 0.00212033
0.101674 0.0553458 -0.211553 0.00449782 0.00095349 0.00193331
0.0973966 0.104837 -0.186881 0.00378955 0.00102228 0.00206352
0.107129 0.14227 -0.158067 0.00299775 0.00099099 0.00242833
0.0987942 0.101707 -0.172932 0.00319299 0.00076929 0.00222745
0.0994106 0.133431 -0.14516 0.0030706 0.00057718 0.00246063
0.106754 0.157675 -0.132505 0.00253626 0.0007063 0.00280456
0.106167 0.116382 -0.186874 0.00338883 0.00059526 0.00270055
0.10677 0.12466 -0.16394 0.00305013 0.0007304 0.00267124
0.112701 0.149977 -0.156775 0.00261758 0.00088157 0.00294042
0.115737 0.103202 -0.198797 0.0030595 0.00084252 0.00281449
0.112263 0.105374 -0.178486 0.00308511 0.00080179 0.00271451
0.115785 0.113492 -0.165493 0.00296272 0.00083228 0.00268816
0.116039 0.142625 -0.160227 0.00247936 0.000473 0.00290062
0.117719 0.180623 -0.146943 0.00215232 0.00060336 0.00303191
0.104502 0.115821 -0.171734 0.00281717 0.00041671 0.00278805
0.104937 0.108528 -0.198767 0.00343759 0.00040109 0.00293843
0.105852 0.114255 -0.1443 0.00223286 0.00056252 0.00285273
0.122287 0.192738 -0.061986 0.00101244 0.0008367 0.00311875
0.122836 0.149155 -0.0120507 -0.00019521 0.00064528 0.00273594
0.11514 0.056819 -0.0628812 0.00135596 0.00078352 0.00234127
0.10259 0.039208 -0.182536 0.00220009 0.00099242 0.00196106
0.099587 0.0586904 -0.175041 0.00214169 0.00103912 0.00184893
0.0936112 0.088705 -0.152414 0.00231387 0.00095573 0.00208959
0.0947361 0.124461 -0.148586 0.00265302 0.00070918 0.00224939
0.096189 0.171403 -0.158903 0.00201074 0.0008422 0.00237258
0.0899941 0.25726 -0.0988155 0.00138448 0.00063351 0.00247042
0.0895937 0.18084 -0.108107 0.00169217 0.0005465 0.0023953
0.0918641 0.146213 -0.118953 0.00221908 0.00078167 0.00218372
0.0965386 0.131465 -0.1331 0.00248907 0.000692 0.00213389
0.0922157 0.120042 -0.108144 0.00180085 0.00078817 0.00231337
0.0897235 0.103722 -0.109769 0.00204312 0.00079967 0.00210291
0.091915 0.095887 -0.147923 0.00269609 0.00080327 0.00194078
0.101464 0.102333 -0.154849 0.00260516 0.0009214 0.00202
0.0999646 0.114082 -0.143943 0.00276841 0.00086543 0.00200091
0.104037 0.121099 -0.151538 0.00275189 0.00091924 0.00216653
0.0981785 0.141181 -0.143694 0.00242032 0.00099593 0.00212672
0.09265 0.19939 -0.108179 0.00208466 0.00099061 0.0022588
0.0938835 0.125941 -0.150913 0.00275193 0.00076665 0.00219629
0.100529 0.117942 -0.156113 0.00303922 0.00083634 0.00225762
0.100862 0.108565 -0.173251 0.0029509 0.00079317 0.00209072
0.0955492 0.139112 -0.136171 0.00238352 0.0007036 0.00232788
0.086932 0.102438 -0.167965 0.00323723 0.00069022 0.00216729
0.0912046 0.106074 -0.190902 0.00316652 0.00068192 0.00203476
0.0892471 0.099968 -0.171125 0.00267526 0.00057142 0.00206667
0.0889014 0.0981912 -0.183302 0.0028011 0.00056704 0.00204147
0.0837691 0.0999045 -0.184684 0.00297228 0.00043632 0.00206011
0.0807598 0.139888 -0.144206 0.00241769 0.00030202 0.00223933
0.0857644 0.167217 -0.118245 0.00177336 0.00013409 0.00236419
0.0794429 0.127958 -0.18924 0.00284473 0.00013416 0.0022744
0.0794337 0.133125 -0.184181 0.00320911 0.00019942 0.00214884
0.0806932 0.134599 -0.190314 0.00291993 9.958e-05 0.00209075
0.0843363 0.156231 -0.153691 0.00245108 0.00042253 0.00222539
0.0829659 0.116193 -0.16336 0.00289819 0.00030277 0.00201887
0.0838684 0.126087 -0.181435 0.00311429 0.00015135 0.00197465
0.0775983 0.131795 -0.180278 0.00302957 0.00026906 0.00197275
0.0780265 0.138303 -0.161475 0.00238439 0.00027921 0.00193751
0.0815445 0.167692 -0.134017 0.00196993 0.00023307 0.00197952
0.0733641 0.131916 -0.160733 0.00264059 4.742e-05 0.00198988
0.0682681 0.157742 -0.155016 0.00277637 -0.00010904 0.00196683
0.0667362 0.165205 -0.176905 0.00281793 0.00024005 0.00187444
0.0670334 0.191351 -0.143086 0.00227584 -5.569e-05 0.00213019
0.0633779 0.177851 -0.147448 0.00235953 -0.00014486 0.0020905
0.0606278 0.146945 -0.160658 0.00291475 -0.00011677 0.00203434
0.0628133 0.202076 -0.143324 0.00254849 -4.11e-05 0.00202647
0.0634274 0.169836 -0.172579 0.00324644 -0.00011703 0.00222179
0.0644035 0.165317 -0.191383 0.00353982 -0.00012688 0.00223312
0.0529769 0.184649 -0.149112 0.00315735 -2.04e-05 0.00230919
0.0688565 0.209079 -0.144953 0.00305996 -2.127e-05 0.00231602
0.0669219 0.155848 -0.173064 0.0035813 -1.047e-05 0.00224883
0.0736349 0.21443 -0.114596 0.00265129 9.669e-05 0.00235937
0.0794067 0.226173 -0.113229 0.00222369 0.00011376 0.00240884
0.0818978 0.184922 -0.168724 0.00324592 -1.93e-05 0.00252579
0.0724415 0.185387 -0.182777 0.00319463 -3.994e-05 0.00242256
0.07497 0.249432 -0.131418 0.00213928 -6.643e-05 0.00254671
0.0698794 0.216793 -0.146847 0.00267309 -0.00018181 0.00260534
0.0666174 0.175335 -0.157838 0.00306609 -6.022e-05 0.0024063
0.0637071 0.186812 -0.162624 0.00325988 -0.00013484 0.00251316
0.0700306 0.237412 -0.112525 0.00180705 -4.548e-05 0.00258638
0.083442 0.216409 -0.146104 0.00228542 -3.972e-05 0.00258968
0.0769011 0.18774 -0.141817 0.0023865 -6.394e-05 0.00261369
0.0778989 0.23319 -0.107223 0.00193675 0.00017166 0.00253093
0.0834641 0.226493 -0.126581 0.00216814 1.185e-05 0.00269109
0.0820856 0.194752 -0.164114 0.00279077 0.00012794 0.00274002
0.0849471 0.238304 -0.114901 0.00139678 0.00031109 0.00252861
0.0775817 0.180665 -0.161724 0.00229159 0.00015487 0.00262397
0.071696 0.187793 -0.174682 0.00273843 -4.03e-06 0.00253597
0.08331 0.228783 -0.153801 0.00209412 0.00032402 0.0025804
0.0790616 0.199475 -0.18705 0.00273947 0.00033547 0.00272951
0.0816249 0.192902 -0.196985 0.00275638 0.00025758 0.00264315
0.0828972 0.206529 -0.157794 0.00248039 0.00032395 0.00255434
0.0887823 0.235148 -0.147694 0.00224889 0.00036718 0.00268942
0.082622 0.195122 -0.155696 0.00263162 0.00034451 0.00261097
0.0771209 0.257438 -0.0795674 0.0016849 0.00020784 0.00259198
0.0746547 0.263728 -0.0783093 0.00142896 0.00010632 0.00271509
0.0738325 0.180413 -0.134638 0.00240004 0.00016622 0.00255678
0.0705351 0.230187 -0.115532 0.00199568 0.00016211 0.00258333
0.0713118 0.2366 -0.105427 0.00183769 0.00010255 0.00266423
0.0646319 0.170771 -0.141893 0.0028171 0.00015683 0.00245143
0.068849 0.199768 -0.160818 0.00309126 0.00023551 0.00244507
0.0712592 0.232821 -0.138519 0.00265047 0.00015778 0.00258804
0.0751711 0.215218 -0.157046 0.00266764 0.0001318 0.00255444
0.0720747 0.183906 -0.168421 0.0032766 3.76e-06 0.00253661
0.0679206 0.237027 -0.128102 0.00289589 0.00018883 0.00258464
0.073299 0.233119 -0.151042 0.0027906 0.00021453 0.00253039
0.0739432 0.18407 -0.173852 0.00339961 0.00028922 0.00247988
0.0693385 0.192429 -0.150939 0.00327903 0.00038954 0.00240352
0.0699234 0.219336 -0.11797 0.0022178 0.00032413 0.00250417
0.0665811 0.153375 -0.178955 0.00339239 0.00028405 0.00228549
0.0639967 0.185662 -0.147299 0.00301852 0.00037384 0.00238304
0.0697992 0.181386 -0.181908 0.00348453 0.00053976 0.00238424
0.0730318 0.16046 -0.19087 0.00399155 0.00049048 0.00236102
0.0746085 0.18617 -0.154932 0.00344274 0.00036718 0.0024057
0.0739721 0.202531 -0.150558 0.00337738 0.00059212 0.00244213
0.0681446 0.170777 -0.184198 0.00392886 0.00040342 0.00228195
0.0708704 0.23813 -0.115657 0.00294181 0.00046526 0.00247853
0.0677889 0.203868 -0.124877 0.00324556 0.00046441 0.00241116
0.0650716 0.159245 -0.163917 0.00371968 0.00046302 0.00219135
0.0648072 0.209659 -0.12044 0.00293735 0.00053313 0.00221215
0.0632674 0.199858 -0.143955 0.0032448 0.00053382 0.00221355
0.0583768 0.151757 -0.173973 0.0035755 0.00047944 0.0020691
0.0601558 0.221954 -0.104637 0.00259663 0.00063037 0.0022938
0.0574563 0.177351 -0.149199 0.00328764 0.0003464 0.00231582
0.0459985 0.166092 -0.168946 0.0036298 0.0002925 0.00211231
0.0530709 0.210275 -0.119988 0.00296704 0.00051881 0.00224544
0.0589348 0.226514 -0.120351 0.00293415 0.00040425 0.00241074
0.0570983 0.181836 -0.140547 0.00357283 0.00034944 0.00233932
0.0594645 0.209631 -0.117876 0.00322114 0.00024225 0.00245962
0.0617526 0.234716 -0.0916631 0.00250919 0.00019016 0.00245387
0.0613988 0.179759 -0.137023 0.00353862 0.00028301 0.00238668
0.0648136 0.187791 -0.122073 0.00339174 0.00036745 0.00242679
0.0716102 0.201096 -0.113528 0.00341376 0.00045657 0.00240279
0.057658 0.155052 -0.180535 0.00410165 0.00023976 0.00238477
0.0584514 0.213034 -0.120176 0.00340622 0.00037247 0.00242336
0.0621818 0.199502 -0.146801 0.00375276 0.000459 0.00245303
0.0673096 0.178459 -0.169084 0.00388542 0.00038279 0.00241617
0.0640297 0.20956 -0.105286 0.00294059 0.0003469 0.00242659
0.0743288 0.198917 -0.137709 0.00335021 0.00034236 0.00253956
0.0714126 0.175599 -0.167294 0.00395131 0.0002905 0.00248385
0.0709824 0.209037 -0.134478 0.00347061 0.00044256 0.00261048
0.0729102 0.212307 -0.14902 0.00346282 0.00039191 0.00262107
0.0712203 0.187349 -0.145546 0.00365261 0.00033244 0.00266095
0.0689971 0.191263 -0.161555 0.00399644 0.00051391 0.00246426
0.0759058 0.218034 -0.148443 0.00354012 0.00067495 0.00237632
0.0778362 0.198751 -0.132301 0.00350149 0.00082565 0.00247248
0.0757903 0.150499 -0.169081 0.00405926 0.0007576 0.00236618
0.0715178 0.168806 -0.153832 0.00378661 0.00067719 0.00236413
0.0694614 0.228514 -0.115596 0.00297853 0.00065163 0.00225786
0.0659506 0.175503 -0.148356 0.00361868 0.0005806 0.00224255
0.0618446 0.188885 -0.119189 0.00365789 0.00041221 0.00226338
0.0717398 0.238281 -0.103188 0.00296975 0.00063884 0.00222152
0.0685358 0.177765 -0.164136 0.00392243 0.00071054 0.00230545
0.0707619 0.181023 -0.156999 0.00389963 0.0006357 0.00226541
0.0624607 0.207013 -0.154997 0.00381087 0.00074505 0.00207877
0.0741839 0.202442 -0.165055 0.00368814 0.00105578 0.00215847
0.0765619 0.164889 -0.162947 0.00403567 0.00109655 0.00218298
0.0727528 0.169333 -0.155928 0.00388613 0.0009297 0.00200014
0.0743491 0.226728 -0.115102 0.00303603 0.00084914 0.00216691
0.072388 0.191589 -0.131965 0.00340423 0.00082849 0.00221984
0.0632287 0.185239 -0.181206 0.00400781 0.00090391 0.00212281
0.074473 0.234095 -0.0903204 0.00249073 0.0008457 0.00219907
0.0776967 0.205837 -0.104222 0.00295166 0.00096507 0.00220544
0.0721405 0.199443 -0.136477 0.00356317 0.00112042 0.00220338
0.0755761 0.235827 -0.0972283 0.00293223 0.00108308 0.00213167
0.0725118 0.183918 -0.132183 0.00361466 0.00098395 0.00217818
0.0707738 0.181498 -0.150322 0.00372749 0.00106388 0.00205485
0.0674777 0.21321 -0.121233 0.00328793 0.00098846 0.00216092
0.0668566 0.19953 -0.0984565 0.00269666 0.00095974 0.00199548
0.0721293 0.170814 -0.122172 0.00331336 0.00100189 0.00189746
0.0701402 0.231117 -0.0958582 0.0026704 0.00105201 0.00217116
0.0770672 0.188872 -0.128605 0.00334072 0.00110042 0.00235301
0.0742063 0.187427 -0.127317 0.00346046 0.00099934 0.00233795
0.0667834 0.223353 -0.126971 0.00326255 0.00084162 0.00231905
0.0660098 0.211464 -0.119245 0.00320714 0.00085733 0.00216605
0.0665823 0.245492 -0.100902 0.00272787 0.00094745 0.00227567
0.0622563 0.17764 -0.141281 0.00372645 0.00096024 0.00226238
0.0626957 0.213209 -0.106652 0.00319782 0.00102351 0.0022917
0.0651602 0.210877 -0.138807 0.00351824 0.00093363 0.00242844
0.0709625 0.182155 -0.144987 0.00352946 0.00094627 0.00257105
0.0741394 0.245857 -0.104301 0.00263785 0.00078197 0.00283232
0.0858697 0.212456 -0.121279 0.0031381 0.0007664 0.00307918
0.0865548 0.196941 -0.133261 0.00324365 0.00068557 0.0032468
0.0918435 0.267094 -0.0857939 0.00227372 0.00083884 0.00316578
0.0995724 0.291643 -0.0618081 0.00173366 0.00098803 0.00335278
0.0998908 0.184779 -0.14589 0.00325669 0.00115076 0.00311248
0.122605 0.166434 -0.195367 0.00407203 0.00142631 0.00299819
0.120623 0.223146 -0.151775 0.00361341 0.0014422 0.0031418
0.120464 0.194247 -0.200744 0.00416117 0.00159741 0.00304393
0.123881 0.206628 -0.192383 0.00404835 0.00149612 0.00318609
0.126204 0.24053 -0.14958 0.00362176 0.0015606 0.00351635
0.1263 0.196864 -0.180199 0.00421349 0.00150808 0.00347437
0.137298 0.238084 -0.148637 0.003618 0.00146173 0.00367242
0.142231 0.305972 -0.068746 0.00202401 0.00157637 0.00356226
0.139757 0.241931 0.0219131 0.00037726 0.00115478 0.00330465
0.118418 0.153437 0.0866812 0.00085826 0.00101052 0.00322519
0.11327 0.0949804 0.0850128 0.00106346 0.00066615 0.00311005
0.120345 0.0779768 0.0698222 0.00136498 0.00065189 0.00275524
0.114682 0.130292 0.0272947 0.00213369 0.00067661 0.00299758
0.121968 0.216019 0.0535565 0.00283841 0.00089645 0.003141
0.122175 0.285816 0.0720732 0.00220516 0.00055352 0.00346122
0.129848 0.304277 0.0772478 0.00231156 0.00066041 0.00371431
0.125274 0.270171 0.0624854 0.00286012 0.00060611 0.00377029
0.131219 0.252931 0.0584866 0.00244471 0.00064254 0.00356592
0.133333 0.217893 0.0530867 0.00280847 0.00057678 0.00363213
0.134468 0.177532 0.0739283 0.0022284 0.00021974 0.00367455
0.13333 0.179995 0.0660795 0.00232878 0.00076183 0.00368446
0.133111 0.206846 0.088157 0.00208015 0.00065831 0.00390109
0.136355 0.153518 0.0689577 0.00237796 0.00066776 0.0036613
0.147433 0.180776 0.0535839 0.00229768 0.00090889 0.00379987
0.143266 0.224758 0.0736442 0.00217924 0.0007453 0.00393839
0.141592 0.259513 0.090263 0.00186626 0.00087157 0.00395374
0.139968 0.219732 0.0368901 0.00224568 0.00105926 0.00383811
0.147859 0.222747 0.0539436 0.00208015 0.00125333 0.00389696
0.153805 0.230476 0.0383583 0.00230051 0.00136018 0.00390837
0.15584 0.208554 0.0300803 0.00188151 0.00148315 0.00377307
0.153766 0.21838 0.0420419 0.00189952 0.00129666 0.00386499
0.154807 0.223026 0.0551364 0.00172851 0.00123067 0.00406525
0.154287 0.168403 0.0206726 0.00192343 0.00133605 0.00397104
0.161991 0.179376 0.0421966 0.00188464 0.00169752 0.003968
0.156291 0.186447 0.0461101 0.00180638 0.00153675 0.00392588
0.153483 0.219245 0.0533732 0.00113245 0.00123703 0.00411803
0.147267 0.168994 0.0148178 0.00163245 0.00122213 0.00386486
0.145928 0.185131 0.0368707 0.0015527 0.00124552 0.00390423
0.148586 0.23345 0.0339852 0.00135112 0.00127308 0.00409633
0.148654 0.197089 0.0232416 0.00176814 0.00143064 0.00407171
0.150226 0.188413 0.0278601 0.00160162 0.00136443 0.00396657
0.14753 0.183447 0.0380015 0.00167863 0.00131192 0.0039484
0.152386 0.189195 0.0428286 0.00165842 0.00143055 0.00406502
0.148885 0.209884 0.0473967 0.00171319 0.00138533 0.00389554
0.146967 0.228777 0.0596682 0.00141175 0.00126628 0.00417346
0.138206 0.169015 0.0269942 0.0018606 0.00110533 0.00396987
0.143915 0.171379 0.0230476 0.00186511 0.00140888 0.0039616
0.144408 0.22132 0.0475948 0.00144549 0.00160198 0.00408639
0.145023 0.177372 0.0277186 0.0021038 0.00153104 0.00411412
0.142125 0.178462 0.0279208 0.00208402 0.00165558 0.00400781
0.146974 0.184778 0.0346383 0.0024642 0.00160185 0.00400661
0.135336 0.223693 0.0459116 0.00185999 0.00123455 0.00386512
0.135069 0.199537 0.0324382 0.00202855 0.00146832 0.00412267
0.140199 0.188504 0.0524224 0.00256369 0.00163803 0.00393557
0.141181 0.232686 0.0669979 0.00187927 0.00152496 0.00404196
0.135321 0.18382 0.0392677 0.00243672 0.00145321 0.00402561
0.136553 0.190954 0.0446977 0.00303412 0.001625 0.00390614
0.132061 0.203807 0.0610292 0.00235234 0.0015397 0.00395943
0.134081 0.211013 0.0370874 0.00225575 0.00153928 0.00384497
0.136188 0.174635 0.0351875 0.00257689 0.00173251 0.00368384
0.13504 0.197388 0.0508271 0.00256953 0.00171622 0.00386776
0.138954 0.209906 0.0545051 0.00219578 0.00162274 0.00394741
0.138144 0.175607 0.0338635 0.00254581 0.00161248 0.00383369
0.137392 0.20097 0.0466373 0.00251142 0.00171685 0.00393231
0.138807 0.218154 0.0348025 0.00271856 0.00179755 0.00398126
0.129204 0.167987 0.0150453 0.00325486 0.00172903 0.00369965
0.130409 0.169276 0.0202 0.00293028 0.00175257 0.00371235
0.129179 0.232144 0.0325301 0.00239141 0.00169766 0.00397436
0.120418 0.170898 0.00621499 0.00322127 0.00160007 0.00373903
0.128599 0.185853 0.0289688 0.00327079 0.00171295 0.00364547
0.129253 0.229655 0.0498189 0.00288376 0.0016311 0.00396168
0.134586 0.185625 0.029648 0.00329794 0.00182133 0.00401066
0.138051 0.177904 0.0430452 0.00335352 0.00165885 0.00396735
0.136261 0.227484 0.0669967 0.00271084 0.00174321 0.00379766
0.135233 0.180532 0.0408803 0.00293826 0.00159824 0.00378789
0.129684 0.171902 0.0337997 0.00327876 0.00163409 0.00374064
0.134542 0.226015 0.0621244 0.00280224 0.00166545 0.00388232
0.130669 0.166074 0.0325883 0.00331349 0.00175515 0.00365506
0.126656 0.180484 0.04023 0.00299695 0.00159057 0.00368167
0.131017 0.20701 0.0470641 0.00277703 0.00170769 0.00377644
0.128227 0.168198 0.0276908 0.00313457 0.00156738 0.00372638
0.128469 0.197418 0.0562346 0.00271155 0.00163636 0.0037902
0.130732 0.237031 0.054719 0.0025708 0.00166117 0.00383004
0.128479 0.154384 0.0381582 0.00287128 0.00173973 0.00365875
0.135471 0.173686 0.0427281 0.00290229 0.00161835 0.00377012
0.139603 0.220551 0.0559412 0.0026549 0.00173335 0.0039347
0.144602 0.176627 0.0267734 0.0030447 0.00188834 0.00388954
0.135819 0.195037 0.0425365 0.0029945 0.00184867 0.00388691
0.127578 0.241129 0.0692711 0.00236628 0.00153894 0.00393206
0.12337 0.168638 0.0160381 0.00298778 0.00140919 0.00361957
0.123473 0.189123 0.0434312 0.00285825 0.00155093 0.00363063
0.12888 0.217248 0.0399107 0.00283359 0.00166172 0.00383087
0.128115 0.174906 0.0318137 0.00321956 0.00168169 0.0037421
0.130885 0.174063 0.0412114 0.00332766 0.0017601 0.00361975
0.128918 0.222917 0.0494284 0.00305141 0.00165229 0.00402631
0.128473 0.179211 0.0390076 0.00336271 0.00166669 0.00369365
0.129864 0.211741 0.0732441 0.0028783 0.0015348 0.00386354
0.134905 0.216413 0.0835896 0.00297412 0.00157616 0.00407291
0.123665 0.17525 0.0458212 0.00367961 0.00149292 0.00394836
0.121924 0.192307 0.0315628 0.00381799 0.00171826 0.00390026
0.112429 0.234137 0.0608589 0.00291316 0.00126515 0.00399009
0.106459 0.188062 0.0231208 0.00366784 0.00112727 0.00376618
0.1074 0.210381 0.0537617 0.00339801 0.00130166 0.00394854
0.110137 0.212379 0.0383608 0.0035092 0.00132695 0.00396469
0.11335 0.189521 0.0285211 0.00385218 0.00144176 0.0037189
0.107987 0.213666 0.0727353 0.00299523 0.00121198 0.00396921
0.107963 0.221531 0.0777539 0.00314473 0.00137683 0.0040157
0.106718 0.185336 0.0541455 0.00361851 0.00139507 0.00394161
0.115315 0.239856 0.0817451 0.00302259 0.00142898 0.00410644
0.119173 0.202763 0.0500768 0.00365424 0.00134687 0.00413351
0.113465 0.168815 0.0437086 0.00386558 0.00152831 0.00384074
0.112857 0.184184 0.0721165 0.00301017 0.00145031 0.00397597
0.11169 0.167929 0.0314224 0.00357554 0.00145744 0.0038265
0.115125 0.2054 0.0336419 0.00419185 0.0014602 0.00395905
0.116743 0.266786 0.0714985 0.00321501 0.00144702 0.00413691
0.119246 0.216361 0.0480811 0.00369741 0.00144058 0.00416169
0.12332 0.195833 0.0568738 0.00372607 0.00153351 0.00390594
0.124309 0.241313 0.0545853 0.00355705 0.00138815 0.00434583
0.135484 0.202185 0.0309411 0.0043071 0.00122499 0.00451576
0.139048 0.210811 0.0506229 0.00451011 0.00128755 0.00471126
0.13248 0.23267 0.0421782 0.00439569 0.00115716 0.00479542
0.120645 0.197307 0.0433225 0.00408513 0.0011152 0.00439626
0.120988 0.242731 0.0613746 0.00363453 0.00112982 0.00460689
0.115508 0.195628 0.0139829 0.00417891 0.00095926 0.00427364
0.120122 0.251983 0.0506495 0.00363059 0.00115702 0.00445092
0.117611 0.225696 0.0250142 0.00423434 0.00119487 0.00444868
0.116326 0.204877 0.0444217 0.00401759 0.00104861 0.00434839
0.109806 0.256421 0.0846817 0.00327896 0.00112462 0.00428621
0.111121 0.214239 0.0545312 0.003545 0.00118754 0.00416321
0.105902 0.21779 0.0806277 0.00368327 0.0011396 0.00427123
0.111158 0.281495 0.0967278 0.00318594 0.00109081 0.00436734
0.107282 0.21175 0.0818873 0.00345271 0.00103206 0.00442012
0.101106 0.180595 0.0525265 0.00390643 0.00113751 0.00414525
0.104997 0.216195 0.0727613 0.00338977 0.00093878 0.00432596
0.123773 0.306174 0.168625 0.00275722 0.00139331 0.00449231
0.14159 0.205218 0.271268 0.00348067 0.00185008 0.00459734
0.137255 0.131213 0.299782 0.00356027 0.00198403 0.00428609
0.131656 0.0951895 0.308875 0.00425063 0.00187458 0.00411714
0.118349 0.108278 0.245042 0.00417439 0.0016413 0.0044372
0.10675 0.174173 0.206531 0.00443617 0.00134816 0.00445592
0.104616 0.228277 0.235199 0.00433077 0.001166 0.00492259
0.105338 0.314872 0.265514 0.00410966 0.00122079 0.00510111
0.106722 0.300768 0.262591 0.0042635 0.00096379 0.00538392
0.10695 0.274654 0.261915 0.0045135 0.00134495 0.00523307
0.107582 0.24461 0.256661 0.00426986 0.0009986 0.00513871
0.102284 0.260867 0.269641 0.0042635 0.00111243 0.00517055
0.106268 0.193712 0.240863 0.00425297 0.00108719 0.00500232
0.110797 0.184194 0.246738 0.00438465 0.00175546 0.00485207
0.104065 0.193136 0.251313 0.00463465 0.0015806 0.00484678
0.110011 0.203239 0.24434 0.00434062 0.00129116 0.00494575
0.108108 0.186262 0.218343 0.00463465 0.00135438 0.00485157
0.110315 0.207128 0.227087 0.00495303 0.00145865 0.00495855
0.102556 0.262387 0.247608 0.00474397 0.00105438 0.00514337
0.102984 0.223335 0.225652 0.00484512 0.00116515 0.00484634
0.0983886 0.244132 0.244407 0.00488562 0.00110177 0.00505271
0.0959705 0.23637 0.233449 0.00470166 0.00111809 0.00497649
0.0953266 0.200921 0.229753 0.00450939 0.00119602 0.0046365
0.0936546 0.229614 0.255794 0.00438465 0.00107785 0.00472936
0.0938542 0.182805 0.198237 0.00444699 0.00118947 0.00438855
0.0973214 0.183996 0.220656 0.00433405 0.00132652 0.00447009
0.0981683 0.18698 0.21001 0.00480892 0.00131262 0.00453078
0.100052 0.174786 0.203035 0.00526955 0.00154264 0.00450799
0.108551 0.211079 0.238724 0.00454817 0.00129913 0.00458602
0.112527 0.188858 0.212172 0.00544478 0.0016882 0.00471792
0.115834 0.156368 0.107515 0.00873464 0.00164134 0.0047648
0.143774 0.044899 -0.0174552 0.0129882 0.00150341 0.00492661
0.133845 0.134747 0.0444446 0.00937694 0.00116917 0.00487882
0.1112 0.0930923 0.0372663 0.00941469 0.00142957 0.00477726
0.110204 0.117584 0.0470386 0.00881658 0.00103452 0.00486545
0.112177 0.166495 0.0909757 0.00823168 0.0009146 0.00494322
0.105961 0.102476 0.0386915 0.0089696 0.00109115 0.00494697
0.111927 0.130433 0.0720421 0.00898228 0.00139086 0.00491629
0.111465 0.156599 0.0850908 0.0085337 0.001073 0.0050206
0.114454 0.20811 0.101793 0.00768319 0.00112569 0.00510577
0.117137 0.155646 0.0698846 0.00828953 0.00127912 0.00497398
0.115001 0.175131 0.122663 0.00747149 0.00096035 0.00501527
0.114683 0.189888 0.143362 0.00719038 0.00086877 0.00505638
0.108704 0.126039 0.0913391 0.00797068 0.00125312 0.00492579
0.110589 0.138959 0.0912815 0.00802474 0.00145825 0.00494422
0.108362 0.195883 0.119649 0.00724396 0.00101996 0.00498762
0.11201 0.150586 0.0701438 0.00810307 0.00137463 0.00497416
0.11663 0.15302 0.0791143 0.00813322 0.00168478 0.00492109
0.112154 0.180555 0.111244 0.00781357 0.00132705 0.00499436
0.108647 0.173747 0.106015 0.00799687 0.00131281 0.00504808
0.112323 0.144763 0.0839989 0.0079977 0.00137501 0.00481073
0.112427 0.167052 0.102351 0.00758791 0.00111685 0.00490803
0.111003 0.192582 0.107582 0.00797577 0.00098415 0.00514629
0.113018 0.139299 0.0834164 0.00836969 0.001211 0.00510321
0.105814 0.124237 0.0841977 0.00786523 0.00134392 0.00490218
0.0961446 0.191489 0.115399 0.00690248 0.00089636 0.0051875
0.0977329 0.132237 0.0975293 0.00788972 0.00096498 0.00490188
0.0977426 0.158608 0.0920108 0.00779738 0.0011204 0.00498799
0.101947 0.20643 0.120218 0.00722681 0.00103396 0.00517606
0.101498 0.158732 0.0844139 0.00780151 0.00110747 0.00516587
0.102479 0.171242 0.113107 0.0074268 0.00118338 0.00526527
0.106912 0.211987 0.136304 0.00698237 0.00098546 0.00535533
0.116604 0.153568 0.0789881 0.00766142 0.00117637 0.00537192
0.120268 0.167472 0.105018 0.00719241 0.00112471 0.00530635
0.118903 0.204691 0.13056 0.00697329 0.00075886 0.00544249
0.115669 0.159093 0.117237 0.00766574 0.00091496 0.0054049
0.113104 0.1674 0.13547 0.00769987 0.00089452 0.00543995
0.105872 0.227111 0.152568 0.00702947 0.00081327 0.00549158
0.103815 0.167168 0.114388 0.00770311 0.00089573 0.00549128
0.109268 0.169364 0.109868 0.00768464 0.00116167 0.00543162
0.103123 0.214942 0.153549 0.00668438 0.00080798 0.00544783
0.104214 0.172737 0.116123 0.00764997 0.00087285 0.00542759
0.109771 0.177208 0.127689 0.00714764 0.00113419 0.00551835
0.112088 0.225083 0.144746 0.00685162 0.00070545 0.00571153
0.110554 0.161784 0.0984501 0.00793851 0.00091952 0.00543984
0.10832 0.199559 0.129906 0.00708878 0.0009497 0.00541083
0.109247 0.213929 0.132788 0.00721852 0.0009358 0.00558299
0.109501 0.166033 0.0927349 0.00770548 0.00101214 0.0054906
0.110048 0.20831 0.130432 0.00706399 0.00102684 0.00555088
0.112084 0.225551 0.135398 0.00709446 0.00080225 0.00579078
0.114453 0.183212 0.10066 0.00760893 0.0009811 0.00567468
0.110431 0.204573 0.12274 0.00706927 0.0011253 0.00566912
0.119374 0.22399 0.123574 0.0068529 0.0009675 0.00569933
0.120576 0.16182 0.090115 0.00809337 0.00117422 0.00567453
0.114343 0.200275 0.124339 0.00688218 0.00104027 0.00569404
0.123156 0.235414 0.139403 0.00726297 0.00106368 0.0058323
