0.00025343 0.0623635 0.120075 -0.00095928 0 0.0002948
0.00762191 0.0879021 0.101564 0.00043158 -8e-05 0.00054784
0.0150044 0.0803667 0.105388 0.00036391 -0.00022425 0.00090605
0.02658 0.109793 0.112251 0.00042978 -0.00034998 0.00121321
0.035073 0.0664104 0.104441 0.00046069 -0.00071707 0.00151608
0.0345553 0.115138 0.132933 0.00043755 -0.00052341 0.00175506
0.0458833 0.0934569 0.140646 0.00054427 -0.00067545 0.00175478
0.0652434 0.122043 0.106811 0.00146366 -0.00075502 0.00240392
0.0650146 0.100023 0.149821 0.00062946 -0.00092163 0.00248462
0.0649552 0.0962607 0.127129 0.00079233 -0.00092076 0.00253554
0.0700675 0.127414 0.100631 0.00104233 -0.00082254 0.00262006
0.0656951 0.10045 0.095326 0.00079233 -0.00075212 0.00265591
0.0743512 0.125789 0.103537 0.00079233 -0.00077817 0.00285107
0.0765976 0.0970169 0.0973722 0.00129725 -0.00086102 0.00301992
0.0721534 0.130533 0.109836 0.00090272 -0.00083097 0.00276086
0.0818039 0.0879973 0.129863 0.00055026 -0.00102668 0.00296242
0.0815212 0.112442 0.113467 0.00078142 -0.00093203 0.00312668
0.0849117 0.0862812 0.100356 0.0010997 -0.00102617 0.00335972
0.0937963 0.132719 0.110102 0.00112432 -0.00114715 0.00366791
0.089681 0.0923589 0.109314 0.00046192 -0.00135626 0.00369793
0.0950246 0.156378 0.0907724 0.00077052 -0.0009639 0.00407056
0.0954557 0.134336 0.0897256 0.00107449 -0.00126316 0.00383437
0.0958636 0.0818032 0.106194 0.00114077 -0.00165495 0.00372453
0.102202 0.154358 0.100992 0.00123451 -0.00136761 0.00414739
0.103405 0.130295 0.10302 0.0010862 -0.00141951 0.00425914
0.101431 0.10921 0.0879391 0.00090434 -0.00136761 0.0040904
0.101832 0.119372 0.096661 0.00096929 -0.00126118 0.0041575
0.0952557 0.103333 0.0807705 0.00074504 -0.00118741 0.00392551
0.0944079 0.0848293 0.135361 -0.00038818 -0.0014933 0.00368688
0.103399 0.10248 0.0961068 0.00090118 -0.00136761 0.00387426
0.101649 0.0994725 0.0729378 0.00150398 -0.00143135 0.00399812
0.104291 0.125718 0.0953722 0.00096567 -0.001269 0.00395547
0.0930879 0.106714 0.108373 0.0008599 -0.00150928 0.00366746
0.0885194 0.122366 0.104243 0.00103482 -0.00136761 0.00363654
0.0717541 0.0748628 0.149713 0.00042946 -0.00121407 0.00308087
0.0889591 0.0917398 0.217735 0.0011639 -0.00084674 0.00390073
0.0878407 0.0882502 0.165369 0.0006155 -0.00094614 0.00375879
0.0927651 0.0867266 0.153073 0.00067937 -0.00075798 0.00358535
0.0917774 0.0715677 0.156838 0.00018462 -0.0010378 0.00365982
0.0895058 0.0888409 0.153195 0.00034631 -0.00094909 0.00360759
0.0848056 0.0703988 0.178163 8.44e-06 -0.0010378 0.00325897
0.0830521 0.090319 0.167956 0.00019939 -0.0010378 0.0032284
0.096655 0.0734283 0.20544 0.0001448 -0.00121563 0.00308087
0.0995032 0.0976027 0.204199 0.00022855 -0.0010378 0.00308087
0.0834806 0.0646106 0.264928 -0.00084342 -0.0010378 0.00273949
0.0881144 0.0843499 0.225656 0.00010608 -0.0010378 0.00308087
0.0753096 0.0738435 0.121817 -5.483e-05 -0.00129417 0.0026819
0.0861041 0.0577329 0.147447 -0.0001607 -0.0010378 0.00297077
0.0949571 0.0873926 0.167714 -0.00065218 -0.0010378 0.00344004
0.0935779 0.0821808 0.128164 -0.00021103 -0.00083222 0.00340733
0.0918333 0.074837 0.164804 -0.00088494 -0.00082616 0.00328862
0.0963273 0.0900501 0.136573 -0.00043463 -0.00053137 0.0033555
0.0924834 0.0759612 0.168103 -0.00088337 -0.0008485 0.00319197
0.095678 0.0935824 0.159554 -0.00068184 -0.0007359 0.00327821
0.106685 0.0931105 0.195611 -0.00092696 -0.00111878 0.00335606
0.106223 0.0896691 0.190382 -0.00061171 -0.00118142 0.00366753
0.113372 0.0853339 0.21848 -0.0017481 -0.00097844 0.00370922
0.116063 0.0854222 0.165937 -0.00060158 -0.00086903 0.00371174
0.114471 0.0794 0.167657 -0.00094307 -0.00109155 0.00370923
0.12214 0.0764211 0.183701 -0.00087398 -0.0007852 0.00362872
0.121783 0.0566036 0.213896 -0.00165284 -0.00092126 0.00376913
0.123102 0.0837937 0.205643 -0.00091866 -0.00082293 0.00372769
0.11668 0.059196 0.229904 -0.00165284 -0.00116012 0.0037958
0.118851 0.0895821 0.22687 -0.00061658 -0.00100769 0.00363841
0.118902 0.0648784 0.26175 -0.00107895 -0.0012943 0.00345952
0.115127 0.0774882 0.250719 -0.00053933 -0.00092126 0.00351933
0.113019 0.0633895 0.264373 -0.00113697 -0.0012432 0.00351933
0.116205 0.0863449 0.270599 -0.0008212 -0.00092126 0.00369264
0.121918 0.0728242 0.253029 -0.00078995 -0.00118952 0.00368596
0.112634 0.0867673 0.260597 -0.00067644 -0.00092126 0.00351933
0.110372 0.0571258 0.283253 -0.0011467 -0.00114063 0.00333017
0.103172 0.0778169 0.273097 -0.00060684 -0.00079763 0.00308944
0.0872846 0.0529887 0.311104 -0.00132681 -0.00109695 0.00298546
0.092071 0.074588 0.296907 -0.00083652 -0.00092126 0.00298546
0.0900512 0.0581498 0.308249 -0.00130159 -0.00127687 0.00283515
0.0936092 0.0814212 0.295969 -0.0005513 -0.00111177 0.00298546
0.0962046 0.0566016 0.34778 -0.00174793 -0.00116114 0.00317728
0.107915 0.0797694 0.282766 -0.0005518 -0.00080854 0.00359515
0.119701 0.0650052 0.258855 -0.00082455 -0.00123076 0.00407893
0.126319 0.0990581 0.249159 -0.00040347 -0.00092126 0.00420666
0.118617 0.0807174 0.255341 -0.00051515 -0.00127647 0.00415664
0.126198 0.101801 0.265462 -0.00081053 -0.00108821 0.00407893
0.118314 0.0679559 0.348334 -0.00267683 -0.00112582 0.00407893
0.127011 0.0836665 0.300303 -0.00093282 -0.00115053 0.00407893
0.125493 0.0646726 0.290969 -0.00103235 -0.00122077 0.00434172
0.129382 0.0752374 0.313955 -0.00140615 -0.00103238 0.00424544
0.130956 0.0607216 0.301488 -0.00126281 -0.00150839 0.00441636
0.133055 0.0979033 0.28112 -0.00075421 -0.00127625 0.00447891
0.121577 0.0619799 0.317202 -0.00210217 -0.00121514 0.00419618
0.125474 0.0972744 0.275915 -0.00076215 -0.00111845 0.00420704
0.139258 0.0756502 0.276179 -0.00098512 -0.00153845 0.00463414
0.146868 0.109336 0.267436 -0.00049191 -0.00126455 0.00476612
0.136748 0.0750582 0.288687 -0.00092417 -0.00139875 0.00461964
0.136946 0.0995466 0.289268 -0.00074478 -0.00139875 0.00466127
0.131655 0.0648147 0.31367 -0.00107191 -0.00139875 0.00434462
0.123349 0.0922654 0.322793 -0.00119389 -0.00114875 0.00392229
0.123662 0.0641413 0.307988 -0.00076026 -0.00139875 0.00379089
0.127507 0.0690543 0.330993 -0.00141569 -0.00139875 0.00396465
0.131611 0.0650993 0.340694 -0.00158811 -0.00152118 0.00387092
0.131059 0.0915772 0.320897 -0.00098449 -0.00139875 0.00387092
0.124239 0.0628855 0.35333 -0.00208974 -0.00153001 0.00370063
0.121404 0.0845457 0.320448 -0.00129 -0.00139875 0.00370763
0.120007 0.0695601 0.336609 -0.00214849 -0.0016919 0.00370656
0.122258 0.0865607 0.317928 -0.00119337 -0.00151385 0.00370063
0.124996 0.07601 0.336929 -0.00191132 -0.00177231 0.00399299
0.119282 0.0824435 0.332136 -0.00145087 -0.00144892 0.00374866
0.115515 0.0771391 0.347382 -0.00208605 -0.00183562 0.00365234
0.112971 0.074486 0.340006 -0.00108603 -0.00167596 0.00356858
0.106896 0.0757489 0.333068 -0.00184607 -0.00196429 0.00361016
0.113918 0.0856608 0.341248 -0.00124659 -0.00182155 0.00355799
0.1168 0.0719831 0.346067 -0.00192733 -0.00196215 0.00360726
0.128165 0.090552 0.366366 -0.00219641 -0.00168744 0.00378993
0.121556 0.0738085 0.321665 -0.00176426 -0.00182155 0.0040335
0.121879 0.0996094 0.329155 -0.00128528 -0.0014911 0.00396314
0.121161 0.0726812 0.347533 -0.00220405 -0.00182155 0.00401896
0.131431 0.104139 0.320991 -0.00117894 -0.001762 0.00426325
0.136798 0.0613672 0.338163 -0.00148456 -0.00182155 0.00452965
0.121867 0.0838064 0.358417 -0.00184416 -0.0015338 0.00396539
0.115749 0.0612534 0.338862 -0.001862 -0.00182155 0.00387092
0.120275 0.102302 0.344779 -0.00127414 -0.00171812 0.00381401
0.120183 0.0706578 0.359396 -0.0017804 -0.0019608 0.00393347
0.139772 0.0904003 0.342722 -0.001316 -0.00182155 0.00406966
0.133104 0.0734287 0.349149 -0.00189867 -0.00203318 0.00405874
0.149321 0.0886616 0.227781 0.00027551 -0.00182155 0.00439998
0.153319 0.0496806 0.215458 -0.00013494 -0.00176106 0.00463817
0.157252 0.0940598 0.226602 -0.00064333 -0.00171186 0.00497232
0.147293 0.0472065 0.243006 -0.00080296 -0.00182155 0.00487477
0.135285 0.0941752 0.248639 -0.00070736 -0.0014521 0.00438368
0.140263 0.054264 0.235657 -0.00015192 -0.00182155 0.00452321
0.144931 0.102005 0.284795 -0.00085856 -0.00152908 0.00481349
0.139398 0.0673556 0.285058 -0.00128639 -0.00182155 0.00457546
0.148198 0.0907365 0.280748 -0.00110915 -0.00168694 0.00468947
0.137371 0.060837 0.284314 -0.0012864 -0.00182155 0.00453393
0.144935 0.0869389 0.300653 -0.00112843 -0.00168898 0.00490397
0.143436 0.059508 0.286581 -0.0012864 -0.00182155 0.00491535
0.146429 0.0888243 0.288287 -0.00082135 -0.00182155 0.00489488
0.138578 0.0550381 0.276058 -0.0012864 -0.00182155 0.00462348
0.146781 0.0830049 0.284537 -0.00080842 -0.00176124 0.00476621
0.140882 0.0484158 0.327556 -0.00200862 -0.00174965 0.00470427
0.14268 0.0835416 0.294324 -0.00070287 -0.00182155 0.00463769
0.142734 0.0497942 0.304414 -0.00138489 -0.0020748 0.00473978
0.146826 0.0903583 0.298894 -0.00054882 -0.00182155 0.00476864
0.145813 0.0547998 0.312374 -0.00120423 -0.00202261 0.0046935
0.14826 0.0720886 0.336517 -0.00142481 -0.00199903 0.0047455
0.146774 0.057771 0.309702 -0.00118739 -0.00196672 0.00481888
0.153834 0.0942791 0.312471 -0.00073733 -0.00204811 0.00504283
0.154173 0.0746716 0.301856 -0.00074691 -0.00210453 0.00527295
0.165302 0.0974582 0.323528 -0.00080216 -0.0022185 0.00530125
0.15095 0.0683186 0.323696 -0.0009672 -0.00210616 0.00496269
0.147048 0.0781048 0.364141 -0.0009721 -0.0021014 0.00461207
0.145664 0.0669633 0.362534 -0.00119726 -0.00242348 0.00456637
0.143519 0.0905543 0.370202 -0.00068855 -0.00230612 0.00451829
0.145837 0.0572694 0.400011 -0.00152483 -0.00230612 0.00484411
0.157328 0.0995922 0.392341 -0.00080607 -0.00230612 0.00491282
0.16028 0.0722948 0.40341 -0.00072526 -0.00273167 0.00472603
0.166062 0.0980791 0.418035 -0.00068471 -0.00245749 0.00509452
0.149817 0.0659185 0.411517 -0.00067472 -0.00214011 0.0045714
0.147069 0.0779972 0.442641 -0.00095445 -0.0019165 0.00424832
0.146183 0.0605844 0.434547 -0.00112757 -0.0023835 0.00418898
0.148152 0.0799134 0.425715 -0.00102522 -0.0019987 0.00421319
0.146294 0.0501447 0.447466 -0.00132318 -0.00230612 0.00415151
0.145772 0.0842748 0.463906 -0.00116932 -0.00205612 0.00404874
0.141436 0.0562763 0.45144 -0.00132318 -0.00213138 0.00398239
0.156957 0.0795837 0.453039 -0.00083897 -0.00236044 0.00420815
0.168521 0.0689277 0.438783 -0.00052807 -0.00237554 0.00461728
0.172109 0.0828864 0.452518 -0.00024558 -0.00250524 0.00483662
0.169321 0.0730229 0.478274 -0.00078727 -0.00230612 0.00457992
0.163259 0.0861044 0.440061 -0.00055736 -0.00239662 0.00488493
0.173395 0.107319 0.449126 -0.00040111 -0.00230612 0.005025
0.166299 0.0823461 0.431293 -0.00024854 -0.00230612 0.00487853
0.175606 0.117342 0.441422 -4.048e-05 -0.00246193 0.005025
0.15945 0.0908286 0.43127 -0.00050706 -0.00273313 0.005025
0.15468 0.10455 0.464799 -0.00064531 -0.00250856 0.00438186
0.153187 0.0796152 0.440335 -0.00030987 -0.00216836 0.00409914
0.156583 0.0961714 0.456412 -0.00077906 -0.00248651 0.00432461
0.166909 0.0965667 0.413714 0.00057708 -0.00230612 0.00452317
0.174846 0.111492 0.46112 -0.00058517 -0.00230612 0.00493127
0.173904 0.0993607 0.459757 -6.363e-05 -0.00237049 0.00493582
0.161881 0.0929877 0.498657 -0.00100903 -0.00244258 0.00478478
0.170092 0.101827 0.452859 -0.00022256 -0.00243724 0.00472933
0.167 0.101563 0.467539 -0.00089824 -0.00268517 0.00494606
0.163198 0.103082 0.451707 -0.00029483 -0.00242182 0.00466642
0.164945 0.0917944 0.447204 -0.00082901 -0.00266051 0.00498207
0.164526 0.0990895 0.485836 -0.0011025 -0.00230612 0.00471676
0.169599 0.0874915 0.495263 -0.00196852 -0.00230612 0.00474715
0.177278 0.106801 0.426479 -0.00029347 -0.00273228 0.00488948
0.185843 0.098138 0.446432 -0.00043318 -0.00296477 0.00554268
0.178447 0.111164 0.404392 0.00089541 -0.00280016 0.0051195
0.172515 0.0908297 0.464671 -0.00088551 -0.00297193 0.00493644
0.171764 0.103688 0.480017 -0.00064256 -0.00245861 0.00482099
0.161515 0.0932037 0.462681 -0.00094794 -0.00270861 0.00474137
0.17936 0.110826 0.465172 -0.0005447 -0.00270861 0.00507172
0.18139 0.0746083 0.550458 -0.00209137 -0.00416703 0.00551742
0.191737 0.173117 0.576122 -0.00030821 -0.0029781 0.00588319
0.154785 0.295438 0.495272 -0.00035503 -0.00308106 0.00605284
0.129778 0.202657 0.412842 -0.0002498 -0.00262599 0.00601106
0.143311 0.148422 0.404668 -0.0002625 -0.00320044 0.00656059
0.137171 0.0863445 0.415027 -0.00050842 -0.00342666 0.0062593
0.142303 0.0705965 0.409515 -0.00071243 -0.00394153 0.00654809
0.14917 0.115345 0.411831 -0.00069725 -0.00391032 0.00711765
0.153395 0.117806 0.409327 -0.0006463 -0.0037871 0.00711765
0.152087 0.0806067 0.453238 -0.00073131 -0.00403852 0.00725526
0.15994 0.157714 0.459989 -0.00077499 -0.00406282 0.00711765
0.160648 0.205086 0.446798 -0.00078112 -0.00380244 0.00741117
0.163454 0.184798 0.446908 -0.00085512 -0.00382546 0.00750114
0.152169 0.144253 0.465701 -0.00101974 -0.00434608 0.00744646
0.140431 0.14854 0.447677 -0.00091772 -0.00439964 0.00732487
0.147417 0.210478 0.465298 -0.00116609 -0.00391951 0.00742779
0.154979 0.1682 0.453141 -0.00094075 -0.00395579 0.00759859
0.158257 0.136114 0.443991 -0.00069914 -0.00402145 0.00765913
0.147469 0.0963143 0.466081 -0.000957 -0.00442667 0.0077775
0.148676 0.103964 0.479477 -0.00116079 -0.00436693 0.00757627
0.159203 0.159095 0.495526 -0.00104827 -0.00442667 0.0075234
0.158003 0.147869 0.460242 -0.00109934 -0.00373188 0.00744995
0.154621 0.119381 0.456253 -0.00103312 -0.0040738 0.00735265
0.186504 0.2106 0.408368 0.0071862 -0.00498495 0.00832888
0.152862 0.232027 0.371697 0.00705399 -0.00494385 0.00790092
0.156186 0.187975 0.375553 0.00297539 -0.00439427 0.00818213
0.153814 0.211314 0.396563 0.00276377 -0.00409794 0.00822576
0.141884 0.18188 0.385078 0.00269499 -0.00447812 0.00768988
0.141831 0.151695 0.393884 0.00275548 -0.00472812 0.00774695
0.13851 0.169316 0.38943 0.0025782 -0.00441095 0.00768988
0.145768 0.163376 0.423563 0.00262433 -0.00492973 0.00768988
0.138871 0.189563 0.43959 0.00235639 -0.00558066 0.00733438
0.142831 0.166692 0.464928 0.00159519 -0.00508784 0.00794391
0.143444 0.218651 0.394216 0.0023143 -0.00475104 0.00783976
0.154914 0.200783 0.396888 0.00221457 -0.00492344 0.00813092
0.160562 0.216276 0.407491 0.00169218 -0.00527355 0.00819237
0.150718 0.180628 0.403157 0.00144534 -0.00527355 0.00810775
0.160887 0.158095 0.39754 0.00170397 -0.00527355 0.00807546
0.152961 0.132347 0.474122 -0.00017811 -0.00491024 0.00768987
0.159743 0.12172 0.438712 0.00087492 -0.0051005 0.00768987
0.162895 0.151786 0.421125 0.00158959 -0.00541641 0.00788407
0.17733 0.13515 0.42371 0.00159884 -0.00546384 0.00804799
0.181865 0.174538 0.443645 0.0018139 -0.00639578 0.00818673
0.181774 0.14675 0.459686 0.00104192 -0.00584296 0.00814127
0.180127 0.158178 0.417374 0.00186335 -0.0055423 0.00844894
0.190783 0.166577 0.405294 0.00191238 -0.00576941 0.00847559
0.195779 0.165249 0.415478 0.00173482 -0.00575682 0.00869847
0.195747 0.152598 0.405665 0.00158373 -0.00608658 0.00858575
0.188499 0.154009 0.424082 0.00108355 -0.00601876 0.00836009
0.189034 0.136713 0.367114 0.0020234 -0.0055423 0.00824135
0.194105 0.148518 0.42025 0.00130402 -0.00583742 0.00839876
0.209349 0.137252 0.432373 0.00129053 -0.00638195 0.0088271
0.212902 0.164558 0.443482 0.00149119 -0.00703596 0.00906821
0.214747 0.13484 0.476568 0.00121314 -0.00731817 0.00896478
0.227409 0.139914 0.455022 0.00143634 -0.00728255 0.00951157
0.237174 0.165329 0.459211 0.00209904 -0.00759522 0.00996755
0.234839 0.162549 0.491003 0.00201678 -0.00802442 0.0101852
0.220869 0.167222 0.448234 0.0017104 -0.00733152 0.0095782
0.211426 0.149683 0.469372 0.00146807 -0.00766153 0.00947816
0.223808 0.16113 0.469167 0.00160006 -0.00755811 0.00956407
0.232103 0.143257 0.51099 0.00083979 -0.00785512 0.0102047
0.237585 0.159834 0.480718 0.00224292 -0.00845718 0.0102501
0.233437 0.149195 0.491283 0.00167578 -0.00839338 0.0103045
0.230855 0.158885 0.496146 0.00219674 -0.0083668 0.00992084
0.230329 0.14663 0.510432 0.00119371 -0.0081168 0.0100202
0.231088 0.160611 0.47505 0.00229266 -0.0081168 0.0103284
0.237928 0.16363 0.512875 0.00152244 -0.00789965 0.0104204
0.233819 0.159972 0.461037 0.00208878 -0.00793268 0.00974353
0.225893 0.158601 0.508364 0.00115075 -0.00754174 0.00982919
0.222432 0.156989 0.474537 0.00235828 -0.00785767 0.00945297
0.22539 0.162883 0.49696 0.0022088 -0.00785767 0.0100717
0.219913 0.140668 0.489686 0.0022606 -0.00829312 0.0101118
0.230744 0.16599 0.503909 0.00250162 -0.00820856 0.0103567
0.239213 0.157183 0.509181 0.00239437 -0.0082722 0.0107508
0.237067 0.173959 0.530246 0.00171776 -0.00781182 0.0104017
0.22377 0.154591 0.508669 0.00209824 -0.00820319 0.0100454
0.222794 0.168493 0.508761 0.00168578 -0.00821597 0.00997069
0.219007 0.13051 0.504432 0.00153541 -0.00754904 0.0100772
0.230862 0.16478 0.481461 0.00315038 -0.00738485 0.0101138
0.227876 0.118316 0.504442 0.00121968 -0.00736656 0.0103274
0.225689 0.162602 0.497189 0.00177794 -0.00744133 0.00991533
0.222295 0.121782 0.509252 0.00080679 -0.00740302 0.00995179
0.22891 0.157398 0.494907 0.00165329 -0.00745667 0.00998591
0.233037 0.130366 0.546419 0.0012204 -0.00802531 0.0106319
0.2404 0.164213 0.508354 0.0016239 -0.00777852 0.0102753
0.242993 0.141988 0.537228 0.00168894 -0.00764737 0.0105433
0.252291 0.136446 0.528153 0.00084452 -0.00700077 0.0105433
0.249409 0.128341 0.512747 0.00142714 -0.0076406 0.0107933
0.258543 0.15238 0.501876 0.00220266 -0.00760482 0.0109316
0.257166 0.125909 0.527402 0.00148838 -0.00749913 0.0109695
0.252013 0.140882 0.518294 0.00174844 -0.0073943 0.0107933
0.261864 0.123023 0.553263 0.00058914 -0.00712475 0.0110696
0.261552 0.152626 0.503503 0.00182849 -0.00742782 0.0111319
0.280364 0.1371 0.555892 0.00140755 -0.00757601 0.0114424
0.280039 0.146611 0.524738 0.00205694 -0.00764537 0.0117129
0.281078 0.148348 0.541098 0.00197285 -0.00786053 0.0117337
0.279941 0.121953 0.587637 0.00097163 -0.00737312 0.0116479
0.291077 0.138144 0.54613 0.00172045 -0.0079679 0.0120351
0.289111 0.149186 0.521808 0.00212215 -0.00745048 0.0119058
0.298715 0.125335 0.561188 0.00089089 -0.00803531 0.0122021
0.304828 0.151353 0.527641 0.00165182 -0.0080855 0.0120966
0.295757 0.139848 0.542808 0.00128133 -0.00806644 0.0119093
0.29046 0.12531 0.572861 0.00011917 -0.00731161 0.011624
0.282268 0.137157 0.537249 0.00119024 -0.00792356 0.011561
0.278059 0.121075 0.507126 0.00215957 -0.00698518 0.0113105
0.290599 0.14908 0.541511 0.00201069 -0.00768093 0.0119421
0.287977 0.12013 0.552239 0.00217916 -0.00776142 0.0119368
0.296181 0.151625 0.550937 0.0020755 -0.00782903 0.0120566
0.282971 0.109571 0.54293 0.00165348 -0.00741551 0.011727
0.2925 0.161518 0.54706 0.00198625 -0.00721254 0.0118451
0.290094 0.138796 0.529982 0.00235787 -0.00765325 0.0121643
0.292891 0.161678 0.521713 0.00231953 -0.0075282 0.0118665
0.283259 0.123849 0.553228 0.00168032 -0.00772415 0.0123466
0.288896 0.167472 0.538336 0.0021374 -0.00741552 0.011926
0.287719 0.120434 0.509316 0.00305606 -0.00794787 0.0121138
0.282831 0.145987 0.535606 0.00202193 -0.00765866 0.0118569
0.282487 0.125334 0.563023 0.00162552 -0.0080742 0.0119126
0.277454 0.145412 0.550138 0.00243808 -0.00790642 0.0121335
0.27714 0.103744 0.588998 0.00143632 -0.00808525 0.0118039
0.283311 0.146673 0.544445 0.00266288 -0.00743719 0.0120966
0.27596 0.126643 0.549183 0.00210917 -0.00745172 0.0120966
0.283209 0.167209 0.561671 0.00258583 -0.00775758 0.0123466
0.274535 0.137694 0.567243 0.00146546 -0.00785312 0.0121906
0.26594 0.143019 0.530921 0.0021268 -0.00702839 0.01171
0.25714 0.125967 0.57185 0.00082398 -0.0070796 0.0112519
0.253084 0.144677 0.439733 0.00425955 -0.00717556 0.0108923
0.268508 0.14019 0.534388 0.00243485 -0.00712042 0.0117986
0.277755 0.14945 0.548191 0.00224248 -0.00716795 0.0121313
0.280369 0.13458 0.588802 0.00199682 -0.00774068 0.0121313
0.284935 0.150045 0.575507 0.00218056 -0.00748974 0.0121313
0.28876 0.144998 0.564869 0.00213765 -0.00739568 0.0123515
0.301962 0.177103 0.555507 0.00296775 -0.00728508 0.0125925
0.311853 0.16152 0.576589 0.00275514 -0.00786215 0.0128014
0.310538 0.187386 0.580672 0.00300277 -0.00779536 0.0127905
0.301152 0.148517 0.589575 0.00225276 -0.00799813 0.0124619
0.299251 0.180414 0.532966 0.00371571 -0.00745659 0.0123601
0.298474 0.158257 0.600518 0.00224218 -0.0077265 0.0122739
0.301311 0.164061 0.594624 0.00271889 -0.00782197 0.0123843
0.306481 0.173544 0.612517 0.00244874 -0.00784864 0.0127513
0.31029 0.150876 0.608459 0.00297672 -0.007679 0.0129327
0.314301 0.1855 0.614992 0.00310149 -0.00748013 0.0131346
0.302119 0.141472 0.617701 0.00226103 -0.00726789 0.0125625
0.30199 0.176034 0.590095 0.00239052 -0.00729986 0.0125874
0.318105 0.181486 0.555438 0.00267655 -0.00745281 0.0130885
0.323249 0.19308 0.585891 0.0024206 -0.00726555 0.0134321
0.321379 0.163027 0.599234 0.00226663 -0.00765796 0.0131085
0.328971 0.196679 0.61218 0.00229377 -0.00765938 0.0131681
0.331855 0.169335 0.556572 0.00380203 -0.00752798 0.0132364
0.340285 0.186819 0.654878 0.00183437 -0.00737524 0.0135066
0.348152 0.174124 0.61842 0.00251281 -0.00776474 0.0137997
0.363141 0.204858 0.617357 0.00308644 -0.00773508 0.0143229
0.338246 0.153313 0.674653 0.00218025 -0.00752405 0.0134899
0.323517 0.190463 0.612927 0.00256133 -0.00677935 0.0132664
0.314644 0.168765 0.616288 0.00201828 -0.00771488 0.0130119
0.331869 0.191232 0.5949 0.00208813 -0.0070643 0.0135341
0.330971 0.158362 0.636048 0.00161881 -0.00793841 0.0134853
0.342624 0.192033 0.607835 0.0018737 -0.00717101 0.013531
0.32373 0.162509 0.588164 0.00284458 -0.00807345 0.0131499
0.339884 0.208698 0.627252 0.00242291 -0.00744497 0.0136157
0.339729 0.185471 0.649055 0.00196158 -0.00758755 0.0139818
0.335766 0.208752 0.647036 0.00275786 -0.00710263 0.0137602
0.338147 0.168649 0.69554 0.00073029 -0.00762685 0.013945
0.338358 0.19596 0.615226 0.00246851 -0.00707877 0.0141229
0.338184 0.196499 0.648209 0.00203135 -0.00754223 0.014276
0.351183 0.217612 0.651386 0.0027498 -0.00784036 0.0147127
0.348322 0.206653 0.667069 0.00228821 -0.00772113 0.014671
0.35572 0.202448 0.648499 0.00195528 -0.00770466 0.0147644
0.3589 0.191329 0.664532 0.00216454 -0.00756959 0.0149206
0.361017 0.211707 0.685301 0.00232928 -0.00737515 0.0148115
0.35652 0.207774 0.651013 0.00229096 -0.00740652 0.0146999
0.359759 0.231954 0.670321 0.00247666 -0.00715027 0.0145347
0.367028 0.211782 0.661421 0.00246104 -0.0076199 0.0147712
0.364545 0.223871 0.675219 0.0027736 -0.00767885 0.0146507
0.349848 0.194431 0.671396 0.00179068 -0.00754223 0.0148552
0.350107 0.219407 0.639084 0.00211443 -0.00723139 0.0147686
0.349916 0.204956 0.628976 0.00249416 -0.0073109 0.0146593
0.333394 0.236855 0.654358 0.00242843 -0.0075279 0.01455
0.333512 0.217669 0.612525 0.00300621 -0.00728827 0.0144441
0.346231 0.243231 0.635224 0.00203313 -0.00675501 0.0148454
0.340241 0.204353 0.653267 0.00162614 -0.0069446 0.0146624
0.337096 0.230783 0.659897 0.00165835 -0.00696664 0.0147486
0.336936 0.199836 0.648967 0.0020093 -0.00736631 0.0146193
0.343973 0.239036 0.683074 0.00151126 -0.00688378 0.0150384
0.336575 0.21595 0.6574 0.00220309 -0.00729266 0.0148194
0.351646 0.241692 0.677696 0.00254465 -0.00744191 0.0153024
0.336888 0.197762 0.707865 0.00166836 -0.0073135 0.0148376
0.31515 0.216662 0.422049 0.0055658 -0.00580374 0.0139904
0.309616 0.149507 0.518697 0.00566727 -0.00591063 0.0135765
0.305216 0.217721 0.536583 0.00503459 -0.00553247 0.0138257
0.299891 0.220242 0.517949 0.00503474 -0.00542841 0.0141734
0.305307 0.218396 0.548179 0.00435339 -0.00578368 0.0142449
0.319187 0.24599 0.529502 0.00460167 -0.0062379 0.0148162
0.313595 0.248692 0.549832 0.00408743 -0.00637054 0.0148209
0.312737 0.235477 0.536798 0.0042051 -0.00628718 0.0147891
0.324724 0.24729 0.574076 0.00407096 -0.00646168 0.0152229
0.334148 0.223379 0.54987 0.00413614 -0.00673254 0.0157006
0.332597 0.267525 0.583864 0.00416688 -0.006549 0.0154328
0.317471 0.212844 0.574447 0.00378327 -0.00670623 0.0156482
0.335137 0.239566 0.602163 0.00388106 -0.00637986 0.0159849
0.323642 0.200747 0.582736 0.00377308 -0.00650639 0.0157181
0.322262 0.238272 0.591486 0.00422642 -0.00636488 0.015233
0.313073 0.234099 0.616325 0.00446757 -0.0060819 0.0150632
0.308387 0.208802 0.602637 0.00408235 -0.00659489 0.0150206
0.314716 0.276829 0.620472 0.00451966 -0.00631575 0.0151941
0.309554 0.229528 0.62812 0.00395162 -0.00673551 0.015257
0.307231 0.262218 0.601204 0.0042568 -0.00625169 0.0150003
0.309414 0.276097 0.615067 0.00437563 -0.00603102 0.0153128
0.297192 0.230327 0.625524 0.00366293 -0.00666075 0.0153656
0.316897 0.278377 0.657 0.00473989 -0.00618089 0.0154384
0.300198 0.242129 0.687635 0.00404778 -0.00644878 0.0154803
0.299958 0.235261 0.642379 0.00408297 -0.00665197 0.015423
0.30871 0.292441 0.657257 0.00497973 -0.00620483 0.0155824
0.28952 0.222488 0.722258 0.0036474 -0.00668163 0.0151917
0.304389 0.231071 0.867506 0.00344631 -0.00695551 0.0162253
0.30836 0.402432 0.826126 0.00463058 -0.00620791 0.0164172
0.279798 0.454284 0.723887 0.00551852 -0.0059638 0.0160119
0.262647 0.354593 0.650797 0.00577923 -0.00490717 0.0156425
0.259547 0.283519 0.672643 0.00532513 -0.00451046 0.0152758
0.244453 0.206024 0.685728 0.00374837 -0.00513318 0.0150624
0.24316 0.210805 0.655097 0.00427035 -0.00443877 0.0150081
0.243255 0.190311 0.683191 0.00453576 -0.00466772 0.015021
0.256687 0.233075 0.661479 0.00475961 -0.00508668 0.0156625
0.254459 0.242068 0.683366 0.00356403 -0.00487374 0.0156162
0.256539 0.286076 0.636961 0.00390708 -0.0048644 0.0152705
0.255938 0.338986 0.651474 0.00422358 -0.00491705 0.0156299
0.245617 0.318906 0.651923 0.00350921 -0.00538474 0.015223
0.255989 0.342595 0.694151 0.00343912 -0.00500656 0.015507
0.249951 0.291527 0.689341 0.00335762 -0.00541822 0.0156363
0.257476 0.288715 0.653235 0.00448277 -0.00470658 0.015235
0.25088 0.250969 0.683364 0.00309153 -0.00531747 0.0152779
0.250764 0.253739 0.640656 0.00488327 -0.00501274 0.0154065
0.254747 0.250523 0.695154 0.00378112 -0.00529296 0.0157404
0.24918 0.224499 0.68818 0.00356817 -0.00548985 0.0156888
0.250626 0.251428 0.674263 0.00334476 -0.00512979 0.0154652
0.248509 0.258143 0.646574 0.00307114 -0.00550117 0.0156486
0.257351 0.284379 0.660955 0.00299918 -0.00541756 0.0159689
0.252659 0.267444 0.68126 0.00291528 -0.0058633 0.0158879
0.259175 0.317461 0.668062 0.00278037 -0.00529961 0.0156033
0.240851 0.263032 0.698177 0.00217709 -0.00616866 0.0152922
0.244217 0.297826 0.661944 0.00306423 -0.00593061 0.0151926
0.234796 0.272776 0.70236 0.00266015 -0.00604686 0.015308
0.243012 0.256648 0.700392 0.00338172 -0.00580242 0.0152268
0.244332 0.254801 0.690779 0.00262969 -0.00591762 0.0156077
0.247796 0.237845 0.668101 0.00269352 -0.00585072 0.0154726
0.255724 0.266235 0.654977 0.00397705 -0.00544302 0.0156156
0.255511 0.26262 0.692841 0.00246882 -0.00567683 0.0156586
0.256977 0.280459 0.700781 0.00269358 -0.00560622 0.0158012
0.255111 0.273414 0.68184 0.00275293 -0.00550796 0.015776
0.261503 0.307051 0.671744 0.00298116 -0.00534131 0.0158591
0.256423 0.265564 0.686484 0.00219241 -0.00560413 0.0156846
0.264345 0.308274 0.678867 0.00317443 -0.00533249 0.0157407
0.253421 0.267467 0.716772 0.00240812 -0.00608582 0.0154824
0.257571 0.278862 0.713427 0.00255173 -0.0057814 0.0155714
0.252979 0.250024 0.72276 0.0022425 -0.00553355 0.0153921
0.263962 0.270663 0.697132 0.00248148 -0.00542986 0.0154224
0.261269 0.254391 0.699677 0.00246511 -0.00566233 0.0154178
0.261635 0.266702 0.680386 0.00224744 -0.00514354 0.0156848
0.258358 0.24875 0.700901 0.00201268 -0.00526062 0.0156344
0.264225 0.279249 0.696656 0.00185024 -0.00530015 0.0155774
0.252481 0.271851 0.711603 0.00188429 -0.0053338 0.0155055
0.259722 0.290343 0.710849 0.00173935 -0.00535148 0.0157531
0.247862 0.282809 0.709575 0.00199449 -0.00529213 0.0155921
0.256256 0.287913 0.712105 0.00247049 -0.00531604 0.0156376
0.260064 0.260241 0.769835 0.00169006 -0.00571997 0.0157927
0.243418 0.262289 0.676745 0.00306923 -0.00539286 0.0150483
0.242829 0.232103 0.714759 0.00262313 -0.00481114 0.014894
0.246768 0.248988 0.698622 0.00235849 -0.00503389 0.0150675
0.235929 0.262872 0.716887 0.00169048 -0.00518365 0.0151179
0.246678 0.264984 0.6838 0.00190462 -0.00451434 0.0152947
0.24192 0.276761 0.718763 0.00155704 -0.00490574 0.0156133
0.255628 0.288106 0.72731 0.00146791 -0.00533041 0.0155368
0.247489 0.2979 0.742389 0.00171611 -0.00524917 0.0156037
0.24832 0.293551 0.726483 0.00200361 -0.00543045 0.0157468
0.242797 0.269998 0.784783 0.00021422 -0.00575037 0.0155288
0.239527 0.273211 0.706321 0.00160848 -0.00519747 0.0153226
0.227863 0.291538 0.736336 0.00131819 -0.00526626 0.015361
0.22183 0.270143 0.704263 0.00092439 -0.00513448 0.0148805
0.226399 0.282392 0.712743 0.00146695 -0.00479944 0.0153333
0.227531 0.228423 0.748233 -0.00018736 -0.00520886 0.0148689
0.232037 0.28683 0.710819 0.00082614 -0.00481076 0.0154054
0.229574 0.258349 0.695263 0.00082667 -0.00484564 0.0151544
0.245277 0.284405 0.758548 -1.88e-05 -0.00480975 0.0155422
0.231711 0.267398 0.706734 0.00075516 -0.00481599 0.0154282
0.239898 0.302369 0.720232 0.00125748 -0.0045189 0.0156168
0.226174 0.251512 0.764016 -0.00024698 -0.00511807 0.0155196
0.22927 0.303131 0.728957 0.00100708 -0.00490432 0.0157769
0.230903 0.261114 0.710972 0.00017123 -0.005022 0.0159894
0.243448 0.306839 0.713219 0.00032455 -0.00517593 0.0163389
0.236696 0.252462 0.686042 9.018e-05 -0.00460565 0.0160537
0.236989 0.28843 0.708775 -0.00032836 -0.00448777 0.0160727
0.232548 0.232177 0.720372 -0.00039258 -0.00592558 0.0158225
0.233449 0.288532 0.712098 -0.00072553 -0.00384174 0.01566
0.232339 0.257195 0.736186 -0.00160837 -0.00424048 0.015947
0.248189 0.302651 0.731502 -0.00048194 -0.00443835 0.0160738
0.240301 0.246003 0.745045 -0.00048568 -0.00477728 0.0162992
0.254604 0.307647 0.727476 -0.00013314 -0.00448572 0.0164799
0.245377 0.265309 0.737303 -0.00044148 -0.00455099 0.0169525
0.25063 0.303465 0.747871 -0.00015115 -0.00448405 0.0169146
0.250913 0.252545 0.725977 -0.00067111 -0.00442994 0.017044
0.260849 0.324758 0.736429 0.00031952 -0.00443178 0.0174436
0.2514 0.26652 0.734421 -0.00025154 -0.00459092 0.017398
0.244944 0.262135 0.785396 -0.00229188 -0.00327518 0.0168954
0.245987 0.241149 0.775306 -0.00251102 -0.00315603 0.0168244
0.249256 0.288296 0.788562 -0.0025961 -0.00304036 0.0172985
0.253368 0.266531 0.743602 -0.00155059 -0.00370607 0.0173229
0.247851 0.275022 0.829705 -0.00342475 -0.00244263 0.0172138
0.242314 0.277728 0.753689 -0.00188238 -0.00346817 0.0172442
0.24979 0.31372 0.756013 -0.00150045 -0.00346667 0.0170354
0.23376 0.280182 0.714211 -0.00075147 -0.00473633 0.0168692
0.248957 0.308069 0.745655 -0.00154363 -0.00315711 0.0173523
0.234883 0.260772 0.753841 -0.00233389 -0.00380963 0.0172447
0.258624 0.313051 0.741317 -0.00206829 -0.00312954 0.0177844
0.235073 0.272183 0.752823 -0.00255117 -0.00327535 0.0170976
0.246342 0.320036 0.749705 -0.00169728 -0.00276373 0.0175958
0.23883 0.271327 0.773419 -0.0023345 -0.003267 0.0173564
0.25686 0.321859 0.754911 -0.00184354 -0.00260416 0.017762
0.235067 0.273421 0.784395 -0.0026364 -0.00347476 0.0171219
0.257185 0.312266 0.784098 -0.00147036 -0.00365004 0.0178037
0.24826 0.275234 0.805937 -0.00208512 -0.00380589 0.0177258
0.263668 0.302983 0.774312 -0.00208146 -0.00312478 0.0179731
0.260276 0.284355 0.801205 -0.00245132 -0.00340296 0.0179197
0.267983 0.310708 0.771958 -0.00194954 -0.00321214 0.0178902
0.25632 0.314532 0.782346 -0.00270369 -0.00302441 0.0180301
0.259406 0.301809 0.758361 -0.00240932 -0.00304141 0.0178798
0.256529 0.316145 0.770756 -0.00256524 -0.00280651 0.0177931
0.26221 0.292567 0.774533 -0.00223413 -0.00292322 0.0178123
0.238259 0.281319 0.79659 -0.00285643 -0.00299328 0.0175674
0.249275 0.296591 0.779387 -0.00222578 -0.00296045 0.0170087
0.235771 0.299228 0.789288 -0.00260512 -0.00241736 0.0168439
0.235166 0.30001 0.781641 -0.00215951 -0.0027778 0.0166748
0.23561 0.322863 0.793933 -0.00247775 -0.00247434 0.0168278
0.235053 0.296417 0.779823 -0.00275059 -0.00292364 0.0167148
0.226151 0.295146 0.821705 -0.00340818 -0.00233271 0.016505
0.221583 0.294035 0.765025 -0.00281797 -0.00242186 0.016453
0.229012 0.314037 0.787181 -0.00304709 -0.00214213 0.0161148
0.221858 0.298031 0.787143 -0.00327663 -0.00229207 0.0160568
0.221648 0.322305 0.806703 -0.00314909 -0.00228076 0.0158872
0.225105 0.291112 0.797391 -0.00336327 -0.00256418 0.0161494
0.223229 0.332687 0.801035 -0.00309568 -0.00264435 0.0163255
0.213252 0.294712 0.801781 -0.00309375 -0.00277816 0.0159515
0.225703 0.33872 0.81304 -0.00296303 -0.00281485 0.0162101
0.213691 0.294755 0.797311 -0.0034999 -0.00308477 0.0165546
0.214382 0.334891 0.812833 -0.00289583 -0.00266169 0.0167923
0.213612 0.290247 0.812567 -0.00329822 -0.00294911 0.0162935
0.223798 0.316491 0.854218 -0.00376101 -0.00196468 0.0164915
0.217876 0.287304 0.809308 -0.00364412 -0.0026009 0.0159963
0.221242 0.345513 0.69126 0.00449977 -0.00211762 0.0156241
0.211312 0.206884 0.665143 0.00709185 -0.00282499 0.0148146
0.218142 0.333084 0.721879 0.0046115 -0.00150042 0.0159622
0.212669 0.316534 0.741734 0.00367592 -0.00207354 0.0155355
0.228521 0.37375 0.731189 0.0048911 -0.00142443 0.0163854
0.216966 0.332665 0.797294 0.00252901 -0.00255012 0.0160634
0.23117 0.375637 0.816063 0.00214541 -0.00223996 0.0163171
0.220721 0.311942 0.835404 0.00035159 -0.00373146 0.0161797
0.231607 0.359351 0.804165 0.00180313 -0.00178313 0.0162804
0.227661 0.310356 0.792988 0.00054245 -0.00330163 0.016003
0.243826 0.349763 0.781874 0.00068354 -0.00344275 0.0164076
0.2339 0.30102 0.794231 5.173e-05 -0.00305873 0.0161683
0.241984 0.33499 0.795192 0.00150295 -0.00151938 0.016504
0.230919 0.277314 0.803971 -0.00177772 -0.00177543 0.0159207
0.244042 0.346192 0.80348 0.00099699 -0.00199237 0.0163217
0.231859 0.301747 0.845712 -0.00047044 -0.00260524 0.0159659
0.256099 0.365971 0.847177 0.00119495 -0.00084938 0.0162931
0.235136 0.307706 0.914935 -8.115e-05 -0.00080284 0.016093
0.252887 0.321331 0.876595 -0.00191681 -0.00126503 0.0162939
0.241095 0.296909 0.828036 -0.0016587 -0.00188558 0.016109
0.268934 0.373168 0.844663 0.00166816 2.752e-05 0.0166472
0.250574 0.303172 0.893934 -0.00105767 -0.00165467 0.0165205
0.257569 0.314594 0.785152 -0.00175125 -0.00115649 0.0165043
0.249396 0.309666 0.864313 -0.00284971 -0.00024073 0.0163375
0.25261 0.302046 0.800158 -0.002109 -0.00048598 0.016271
0.256717 0.28832 0.914376 -0.00380504 -1.225e-05 0.0163863
0.265107 0.29823 0.812682 -0.00214327 -0.00021547 0.0168077
0.263595 0.307843 0.876004 -0.00231422 -0.00035786 0.0168944
0.263678 0.300245 0.847503 -0.00211247 -0.0004652 0.0166825
0.263524 0.342555 0.874741 -0.00237969 -0.00038699 0.0167603
0.252039 0.306444 0.864709 -0.00274702 -0.00038298 0.0164975
0.250887 0.338216 0.893567 -0.00311164 -0.00023656 0.0166103
0.249957 0.300575 0.88296 -0.00256126 -0.00026975 0.0165735
0.25447 0.34121 0.880031 -0.00269951 0.0002533 0.0168394
0.258066 0.298079 0.881133 -0.00276696 -0.00048582 0.0168669
0.27069 0.358722 0.87679 -0.00294928 1.006e-05 0.0170577
0.251891 0.29592 0.862774 -0.00316898 -0.0004139 0.0166047
0.272701 0.352613 0.862001 -0.00283572 0.00018314 0.0170442
0.245986 0.293911 0.910176 -0.00340759 -0.00030945 0.0167145
0.271418 0.340558 0.930002 -0.00265143 0.00062164 0.0173533
0.269961 0.32005 0.923648 -0.00302067 8.473e-05 0.017471
0.267132 0.306373 0.920305 -0.00278499 -1.682e-05 0.0175882
0.28386 0.380803 0.981565 -0.00129091 0.00040619 0.0176796
0.266077 0.310261 0.931052 -0.00337284 0.00012626 0.0178185
0.269354 0.346942 0.889483 -0.00276241 0.00016674 0.0177897
0.273199 0.366978 0.891301 -0.00295547 0.00073457 0.0174225
0.244375 0.307301 0.903001 -0.00334766 -0.0001783 0.0166966
0.262486 0.367613 0.992153 -0.00143881 0.00065585 0.0169941
0.235926 0.318805 0.9324 -0.00357929 0.00035653 0.0167414
0.261196 0.34457 0.924769 -0.00305122 0.00107617 0.0171782
0.2394 0.325255 0.948135 -0.00346738 0.00033642 0.016885
0.254924 0.35902 0.989102 -0.00185258 0.00029835 0.0172296
0.256784 0.356502 0.953798 -0.00331123 0.00087292 0.0173865
0.253293 0.342717 0.928375 -0.00334123 2.725e-05 0.0172955
0.261332 0.374269 0.92948 -0.00310185 0.00099804 0.0174579
0.261216 0.325925 0.91413 -0.00347309 0.00025878 0.0174633
0.257211 0.354182 0.918445 -0.0031796 0.00124112 0.0175014
0.234248 0.320192 0.927702 -0.00381885 0.00022399 0.0171087
0.267152 0.391947 0.911488 -0.00308247 0.00130678 0.0178987
0.248765 0.332652 0.943863 -0.00390546 0.00034686 0.0177132
0.268625 0.368697 0.914262 -0.00340659 0.00113375 0.017769
0.266833 0.367839 0.946995 -0.00292974 0.00085313 0.017927
