0.0457802 0.237361 -0.0158556 0.00465569 -0.00034879 0.00271916
0.0578923 0.287336 0.00921806 0.00577345 -0.00063888 0.00278747
0.0745288 0.295152 0.0250708 0.00609202 -0.00071869 0.00278475
0.0823582 0.311243 0.0497954 0.00576254 -0.00046432 0.00279681
0.0844731 0.300014 0.049636 0.00551002 -0.0005914 0.00278955
0.0790196 0.297104 0.048797 0.00551002 -0.00063532 0.00289314
0.075773 0.311603 0.0493929 0.00490604 -0.00052517 0.00246415
0.082309 0.310473 0.0303975 0.00523939 -0.00058321 0.00283882
0.080269 0.29428 0.0207501 0.00500047 -0.00073353 0.00263314
0.0815511 0.265244 0.0211711 0.00446294 -0.00047243 0.00274272
0.0364352 0.318168 0.0553307 0.00334628 -0.0007898 0.00212481
0.0462597 0.422806 -0.0254282 0.00457962 -0.00057492 0.00189731
0.0645226 0.408196 -0.0111176 0.00404826 0 0.00207464
0.0754504 0.357738 -0.0218909 0.00470564 0 0.00244898
0.080171 0.256301 -0.0324456 0.00458743 -0.00017276 0.00231814
0.0820164 0.23779 -0.0288632 0.0048691 0 0.00257647
0.0822951 0.225302 -0.0284806 0.00535882 -0.00027712 0.00250935
0.0758364 0.200573 -0.0235697 0.00532024 -0.00041653 0.00230694
0.0804313 0.194716 -0.0206179 0.00507278 -5.152e-05 0.0026873
0.0790318 0.278604 -0.0138453 0.00517965 -0.00019278 0.00259172
0.0769645 0.240362 -0.0275321 0.00514937 0 0.00260198
0.0827685 0.352487 -0.0363311 0.00573138 0 0.00248582
0.0777675 0.325356 -0.0465286 0.00506249 -0.00028009 0.00238147
0.0730185 0.33598 -0.0483941 0.00535947 -0.00021342 0.00239559
0.0796527 0.317445 -0.0264246 0.00515308 0 0.00247627
0.109967 0.275892 -0.0041338 0.00506404 -0.00042963 0.00354772
0.0170053 0.309339 -0.215148 0.0129754 0 0.00500056
0.0737059 0.249118 -0.101147 0.00720819 -0.00120601 0.00513494
0.0927118 0.112681 -0.0902225 0.00747906 -0.00074366 0.00466637
0.095309 0.165429 -0.0482165 0.0060967 -0.00063249 0.00438664
0.105017 0.286537 -0.0349716 0.00642576 -0.00062145 0.00435767
0.00598259 0.309417 -0.366455 0.00929832 -0.00025555 0.00370911
-0.0127934 0.157131 -0.290252 0.00631131 -0.00089527 0.00299452
0.00973032 0.155106 -0.167376 0.00486669 -0.00064527 0.00298175
0.0221088 0.256341 -0.120771 0.00515431 -0.00072987 0.0031116
0.0352575 0.178781 -0.100698 0.00464848 -0.00091489 0.00311957
-0.00745144 0.226341 -0.256491 0.00947556 -5.962e-05 0.00251896
0.0139465 0.216372 -0.189052 0.00613603 -0.00042884 0.0035612
0.0479715 0.164243 -0.119377 0.00482029 -0.00077609 0.00347195
0.0317023 0.167318 -0.198133 0.0054219 -0.0002276 0.00359851
0.0413938 0.186913 -0.172128 0.00525201 0.00036417 0.00367953
0.0543391 0.1598 -0.137127 0.00474016 6.23e-06 0.00340766
0.0627602 0.249102 -0.0891865 0.00461728 -0.00014595 0.00345373
0.0337748 0.227275 -0.16112 0.006272 0.00088479 0.0033714
0.0460664 0.200138 -0.126039 0.0063144 0.00041344 0.00335974
0.0566825 0.208717 -0.069893 0.00492117 0.00034353 0.00310648
0.0496884 0.242974 -0.101305 0.00505516 0.00061739 0.00310879
0.0634429 0.291268 -0.0657262 0.00475789 0.00054209 0.00291335
0.0759318 0.251086 -0.0303958 0.00385018 0.00040944 0.00278956
0.0804133 0.309879 -0.0162505 0.0038367 0.00062511 0.00254554
0.0872866 0.308504 0.00327079 0.00372664 0.00072185 0.00255177
0.0642041 0.193191 -0.0795275 0.00465966 0.00086427 0.00269351
0.069543 0.301173 -0.0548618 0.00451963 0.00082721 0.00275133
0.064711 0.200373 -0.0430122 0.00421904 0.00066589 0.00268154
0.0727071 0.300447 -0.0597498 0.00518428 0.00075425 0.00265591
0.0389135 0.218828 -0.145484 0.00727893 0.00115537 0.00251668
0.0566129 0.244727 -0.109141 0.00569646 0.00128071 0.00287039
0.0663398 0.228143 -0.0502327 0.00490863 0.00118939 0.00280359
0.0714986 0.365521 -0.0339874 0.00461492 0.00119403 0.00243498
0.0721402 0.247778 -0.0147502 0.00355597 0.00113922 0.00249616
0.0490066 0.296444 -0.0891824 0.00476688 0.00128071 0.00229262
0.0540677 0.249513 -0.0627513 0.00471869 0.00117197 0.0025876
0.0581933 0.211934 -0.0356591 0.00429664 0.00104358 0.00245477
0.0582394 0.297648 -0.0234089 0.00393492 0.00082334 0.00244591
0.0607665 0.136544 -0.019313 0.00426506 0.00086683 0.00290765
0.0739387 0.299139 -0.029826 0.00404132 0.00073714 0.00272024
0.0798139 0.299004 -0.0226388 0.00420082 0.00087887 0.00266996
0.0783555 0.254019 -0.0142332 0.00396932 0.00076203 0.00276822
0.05535 0.272047 -0.117741 0.00577224 0.00084986 0.00299831
0.0578842 0.278963 -0.0745311 0.00520819 0.00092357 0.00294571
0.0697279 0.240838 -0.00369821 0.00396593 0.00106125 0.00262293
0.0485296 0.268535 -0.0828188 0.00655498 0.00115852 0.0027667
0.0569775 0.260307 -0.0365961 0.00499561 0.00121548 0.00306009
0.0701295 0.265162 0.0155777 0.00358905 0.00118106 0.00231932
0.0508529 0.296371 -0.0572744 0.00466077 0.00148656 0.00196011
0.0591274 0.288156 -0.0349343 0.00463256 0.00132225 0.00258647
0.0635313 0.24354 0.0120151 0.00345465 0.00125964 0.00210754
0.0548564 0.288259 -0.0632244 0.00371624 0.00125964 0.00207798
0.0598762 0.325365 -0.0554114 0.00385665 0.00149994 0.00243183
0.0647406 0.256334 -0.0158731 0.00323812 0.00125964 0.00217228
0.0441325 0.289164 -0.083765 0.00477172 0.00146166 0.00221062
0.0509001 0.274412 -0.0523118 0.00440536 0.00147767 0.0021654
0.0569932 0.213166 -0.0303461 0.00389468 0.00158635 0.00230503
0.0595982 0.325576 0.00878718 0.00376306 0.0013832 0.00202543
0.0337978 0.193242 -0.097384 0.00663998 0.00177834 0.00249707
0.0392934 0.248127 -0.0995841 0.00545949 0.00158228 0.00244139
0.0582871 0.257748 -0.0426013 0.00506483 0.00150074 0.00224715
0.035939 0.281623 -0.106889 0.00589606 0.00151181 0.0020062
0.0462812 0.279112 -0.064341 0.00527441 0.00198604 0.00230369
0.0596899 0.29006 -0.0192748 0.00465726 0.00171171 0.00203389
0.0612748 0.366274 0.00016792 0.00473072 0.00182364 0.00215803
0.0646333 0.313935 -0.011759 0.00488166 0.00171171 0.00224378
0.0466239 0.214764 -0.0564119 0.00540676 0.00189186 0.00212131
0.0587762 0.352518 -0.0280268 0.00456657 0.00204394 0.00236073
0.060728 0.319721 -0.0212804 0.00393679 0.00203708 0.00222572
0.0642389 0.343914 0.00679161 0.00370205 0.00199685 0.00217397
0.0754158 0.353765 0.0148046 0.00321853 0.00203784 0.00213423
0.058083 0.233524 -0.103625 0.00337837 0.00335318 0.00214874
0.0685658 0.312938 -0.0368174 0.00309006 0.00302192 0.00230088
0.0775527 0.280823 0.0046807 0.0021306 0.00255585 0.00208151
0.0777974 0.355236 0.00639935 0.00256235 0.00237091 0.00219836
0.0804727 0.298332 0.0230092 0.00240313 0.00237091 0.0020795
0.0731484 0.214891 -0.0575462 0.00394471 0.00214821 0.00204778
0.0731006 0.363816 0.00366866 0.00351737 0.0021626 0.00227491
0.0805151 0.362309 0.0133996 0.00375092 0.00229784 0.00216739
0.0824695 0.291931 0.0244808 0.00295583 0.0023918 0.00202967
0.0624213 0.331771 -0.0416734 0.00293116 0.00290944 0.00213235
0.0597581 0.321045 -0.0201895 0.00337252 0.00285576 0.00212152
0.067007 0.289979 0.0143208 0.00293881 0.00216951 0.00206485
0.0680453 0.350703 0.0143725 0.00303406 0.00253989 0.00195441
0.0687819 0.274017 0.0263947 0.0016325 0.00228704 0.00158759
0.0539982 0.313403 -0.0980265 0.00326198 0.00231866 0.00177454
0.0546636 0.273067 -0.0259742 0.00262085 0.00236534 0.00219412
0.0657172 0.319881 0.00291551 0.00307631 0.00209132 0.00213035
0.0715812 0.416625 0.0340552 0.00264051 0.00228806 0.00183775
0.0645784 0.364816 -0.0463724 0.00340948 0.00249614 0.00213703
0.0707595 0.337766 -0.00702388 0.00351979 0.00254013 0.00211705
0.0775667 0.348603 0.0247019 0.00280873 0.00251958 0.00196822
0.0763302 0.425266 -0.00634738 0.00369894 0.00275653 0.00227505
0.0837258 0.35697 0.0113261 0.0034041 0.00282012 0.0022206
0.0833492 0.332801 0.04086 0.0024839 0.00232698 0.00183775
0.0829384 0.436185 0.0788015 0.00251897 0.00238162 0.00183775
0.0723393 0.345396 0.0162593 0.00246531 0.00253401 0.00201424
0.0775162 0.426295 0.0106042 0.00328394 0.0029187 0.00239108
0.0786059 0.380064 0.0441999 0.00223724 0.00263984 0.00183775
0.0765116 0.457965 -0.0261997 0.00361254 0.00269198 0.00218793
0.0764539 0.41284 0.0168477 0.00368516 0.00314931 0.00235495
0.0796368 0.378931 0.0591255 0.00272937 0.00269198 0.00184061
0.0802614 0.484867 0.0650922 0.00319007 0.00263967 0.00180337
0.0870829 0.424737 0.079282 0.00265944 0.00271576 0.00174929
0.0764861 0.348808 0.0257726 0.00317481 0.00264774 0.00172715
0.0860483 0.501345 0.060324 0.00329418 0.00281134 0.00174957
0.0903047 0.412075 0.0632829 0.00229651 0.00264774 0.00141218
0.0846739 0.480356 0.0902203 0.00257268 0.00291051 0.00163488
0.0921601 0.43964 0.089201 0.00267619 0.00264774 0.00164559
0.0677772 0.368313 0.0544771 0.00331293 0.00264774 0.00182322
0.077175 0.453816 0.0585064 0.00352497 0.00264774 0.00208259
0.0844093 0.484591 0.0445534 0.00228981 0.00271884 0.00185897
0.0837949 0.375158 0.0820745 0.00228981 0.00264774 0.00192147
0.0418734 0.367585 -0.101819 0.00590589 0.00304885 0.00156259
0.0398172 0.290498 0.0350578 0.00305281 0.00239609 0.00140178
0.0659919 0.535752 0.0718944 0.00339215 0.00264774 0.00193801
0.0837511 0.495417 0.0726738 0.00258001 0.00264774 0.00209447
0.0840115 0.498242 0.0356361 0.00280052 0.00310033 0.00205754
0.0641866 0.505147 0.0587763 0.00358684 0.003105 0.00187727
0.0789538 0.478833 0.0837476 0.00255919 0.00280386 0.00184189
0.078698 0.480482 0.0468123 0.00252431 0.00289021 0.00213396
0.0710318 0.450051 0.0847326 0.00314281 0.00323416 0.00199296
0.0833998 0.430383 0.0887597 0.00257798 0.00311251 0.00194262
0.0870429 0.487968 0.095816 0.00281671 0.00317189 0.00195538
0.0580893 0.475337 0.0331529 0.00410358 0.00328151 0.00184232
0.0488037 0.452255 0.0305764 0.00370959 0.00334833 0.00189615
0.0725081 0.476354 0.0544986 0.00434134 0.00325426 0.00214909
0.0790182 0.603559 -0.0534654 0.00440814 0.00337308 0.00297248
0.0837863 0.364704 0.0586967 0.00218653 0.00282675 0.00200007
0.0988775 0.53625 0.0922584 0.00221029 0.00249987 0.00248712
0.0934993 0.600465 -0.0495485 0.00291512 0.00279396 0.00339794
0.0772526 0.438898 -0.0106423 0.00244299 0.00286639 0.00283967
0.0831229 0.497087 0.0289358 0.00252826 0.00243211 0.00253751
0.0868874 0.603592 0.0823809 0.00246551 0.00272853 0.00313716
0.10072 0.504784 0.00948158 0.00307509 0.00286639 0.003014
0.0782738 0.460099 0.0400643 0.00263273 0.00272487 0.00288988
0.0860277 0.440534 0.0684081 0.00204051 0.0024387 0.00234422
0.0913686 0.632771 0.085765 0.00324662 0.00231267 0.00318058
0.0906122 0.566786 0.094161 0.00262053 0.00236676 0.00262468
0.092207 0.519041 0.0385193 0.00341054 0.00211697 0.00314462
0.0908308 0.578934 0.0720373 0.00436316 0.00253308 0.00329763
0.0937149 0.59625 0.0841733 0.00418115 0.00236417 0.00342867
0.101634 0.539434 0.0851654 0.0037829 0.00220086 0.00298652
0.0931744 0.608184 0.0941809 0.00365639 0.00218109 0.00347154
0.0994124 0.488611 0.103839 0.00253156 0.00191045 0.00260658
0.0965166 0.556098 0.10285 0.00303124 0.001883 0.00277082
0.0947515 0.516698 0.128135 0.00253375 0.00203579 0.00277523
0.0987771 0.515495 0.111473 0.0026804 0.00153244 0.00234423
0.0903355 0.583367 0.0933194 0.0037899 0.00146779 0.00277031
0.0935125 0.527404 0.114465 0.00255115 0.00148762 0.00225318
0.0936468 0.58053 0.108447 0.00329906 0.00160649 0.00262739
0.100178 0.541627 0.119783 0.00285399 0.00177843 0.00262279
0.090261 0.621955 0.116888 0.00354044 0.00170249 0.00270126
0.101002 0.605528 0.124796 0.00323672 0.00155805 0.00282919
0.102058 0.534758 0.111422 0.00254708 0.00166898 0.00236791
0.117175 0.733582 0.112537 0.00377363 0.00158762 0.00359053
0.108173 0.613833 0.112359 0.00366419 0.00177843 0.00300041
0.105699 0.521344 0.120361 0.00265145 0.00177843 0.00281548
0.107429 0.660604 0.117713 0.00341657 0.00145696 0.00371893
0.112244 0.529371 0.126983 0.00265833 0.00177843 0.00284296
0.112383 0.600907 0.139515 0.00287775 0.00148249 0.00296703
0.11645 0.657904 0.150767 0.0032822 0.00164794 0.00357838
0.11973 0.559866 0.133444 0.00287127 0.00165698 0.00292252
0.119635 0.713336 0.134616 0.00344175 0.00163768 0.00359085
0.117144 0.623006 0.120855 0.00335041 0.00168115 0.00286633
0.120121 0.629437 0.122681 0.00315894 0.00177619 0.00310979
0.112149 0.703388 0.120969 0.00369521 0.00149027 0.00344775
0.118358 0.558535 0.125878 0.00270311 0.00165387 0.00274136
0.114154 0.674777 0.138686 0.00307242 0.00154213 0.00335113
0.109564 0.531728 0.111233 0.00430486 0.00171995 0.00311312
0.0691263 0.614152 0.117373 0.00365768 0.00179857 0.00295016
0.109652 0.684604 0.158401 0.00347213 0.00199079 0.00357222
0.0850422 0.558341 0.0812795 0.00679948 0.0028944 0.00303092
0.0639173 0.58033 0.0734582 0.0057859 0.00301125 0.00282466
0.0992038 0.549918 0.105212 0.00432396 0.00281799 0.00276426
0.103527 0.677292 0.0175248 0.0047411 0.00295774 0.00389489
0.109296 0.588369 0.0578465 0.00423557 0.00317535 0.00358939
0.12075 0.612648 0.106232 0.00403259 0.00303612 0.00335699
0.120567 0.741529 0.137434 0.00467565 0.00281799 0.00398517
0.123164 0.679685 0.0206048 0.00533682 0.00405359 0.00394252
0.132103 0.586588 0.07667 0.00413086 0.00301493 0.0033606
0.131955 0.775252 0.0996732 0.00445006 0.00293216 0.00402621
0.138702 0.64046 0.0940806 0.00394828 0.00256784 0.00302258
0.136376 0.772586 0.127078 0.00356764 0.0029843 0.00361346
0.122686 0.726654 0.00371279 0.00487419 0.00305466 0.00381465
0.12551 0.497687 0.10853 0.00324935 0.00302795 0.0031529
0.129082 0.762629 0.113715 0.00465257 0.00258289 0.0038526
0.134369 0.712698 0.148818 0.00328244 0.0025789 0.00388436
0.130989 0.624982 0.0781327 0.00392373 0.00284911 0.00353075
0.134414 0.737315 0.100261 0.0044683 0.00275248 0.00437736
0.136428 0.698831 0.117772 0.00356232 0.00260273 0.00387917
0.132359 0.734253 0.0655387 0.00457799 0.0024345 0.00407162
0.125125 0.709447 0.113448 0.00414474 0.0024345 0.00404669
0.140825 0.666244 0.138014 0.00338742 0.00258774 0.00390698
0.127719 0.751184 0.145882 0.003823 0.00232272 0.0036852
0.132506 0.708099 0.138965 0.00354605 0.00207763 0.00384258
0.127019 0.666729 0.0480063 0.00368366 0.00247446 0.00457786
0.122439 0.599579 0.0719398 0.00337678 0.00247446 0.00405161
0.135041 0.61281 0.103509 0.00311853 0.00199514 0.00370506
0.123426 0.733918 0.0267315 0.00460398 0.00209648 0.00499954
0.124189 0.585933 0.0444111 0.00389084 0.00197359 0.00374009
0.136439 0.726148 0.0974917 0.00378094 0.00197359 0.00433969
0.140671 0.772599 0.113304 0.00356066 0.00197359 0.00412011
0.130879 0.640199 0.0674576 0.00384105 0.00169413 0.00398559
0.126774 0.671814 0.116945 0.00447031 0.00215319 0.00418613
0.136468 0.654895 0.122627 0.00370133 0.00221292 0.0037215
0.12849 0.715608 0.133291 0.00358368 0.00174245 0.00406221
0.113356 0.664572 0.0535726 0.0047252 0.00174649 0.00412076
0.121492 0.662573 0.068056 0.00557483 0.0020384 0.00401958
0.132635 0.610018 0.106727 0.00409376 0.00165319 0.00399637
0.115848 0.790408 0.0715639 0.00540816 0.00133915 0.00381272
0.12279 0.727451 0.0755025 0.00464053 0.00140076 0.00417579
0.132123 0.733665 -0.00435106 0.00677364 0.00160721 0.00463704
0.116956 0.619946 0.0497479 0.00576303 0.00158978 0.00444256
0.136385 0.71018 0.0950817 0.0050619 0.00147639 0.00477049
0.140311 0.799654 0.113095 0.0049947 0.00186899 0.00465642
0.142844 0.681732 0.12573 0.00370108 0.00153478 0.00429007
0.135072 0.758798 0.0316061 0.00531046 0.00137765 0.00471504
0.132377 0.696342 0.0524737 0.00478308 0.00174995 0.0045945
0.151637 0.650681 0.0793206 0.00460027 0.00153496 0.00430371
0.155946 0.795308 0.102288 0.00492685 0.00126691 0.00490857
0.147719 0.679605 0.101217 0.00496082 0.0011941 0.00400519
0.163101 0.802372 0.0131863 0.00569518 0.00154401 0.00529706
0.147974 0.669209 0.0234361 0.00539982 0.0016918 0.00517267
0.15825 0.686299 0.0764107 0.00454941 0.00160199 0.00513271
0.165184 0.813794 0.107747 0.00421531 0.00160199 0.00514133
0.136372 0.738645 -0.0269668 0.0093866 0.00193723 0.00488057
0.120558 0.591266 -0.0144529 0.00620397 0.00160199 0.00452675
0.143661 0.680455 0.0552522 0.00615336 0.00160199 0.00466888
0.156764 0.813778 0.100451 0.00610271 0.00200805 0.00491966
0.151636 0.660457 0.0597444 0.00630103 0.0024443 0.00504081
0.15522 0.748128 0.0760407 0.00659157 0.00249587 0.00535938
0.166333 0.71336 0.0882863 0.00630098 0.00243962 0.00492348
0.177136 0.833029 0.118093 0.0053424 0.00249587 0.00506888
0.176357 0.818129 0.144145 0.00478472 0.00249587 0.00490775
0.134925 0.713381 0.0173264 0.00701964 0.00256789 0.004843
0.138092 0.704637 0.0635608 0.00539334 0.00243586 0.00481749
0.164039 0.705251 0.0885673 0.00444001 0.00239568 0.00488367
0.166086 0.822562 0.0916515 0.00549322 0.00209813 0.00502214
0.166012 0.736396 0.115005 0.00467429 0.00206761 0.00467871
0.17562 0.839905 0.0298178 0.00656997 0.00249587 0.00498766
0.174995 0.701383 0.0631758 0.00502992 0.00269112 0.00534723
0.189306 0.695923 0.0997804 0.00462874 0.00208472 0.00515084
0.161381 0.770344 -0.0242719 0.00571154 0.00183324 0.00544478
0.168765 0.606083 0.0421361 0.00413741 0.00206126 0.00509178
0.179091 0.675966 0.0789026 0.0043203 0.00198034 0.00506374
0.154626 0.706856 -0.0374976 0.00658728 0.00210936 0.00499591
0.161198 0.66156 0.0245049 0.00553128 0.00254659 0.00520661
0.184357 0.647713 0.0729179 0.00531521 0.00202057 0.00515111
0.170375 0.821754 0.0303891 0.00624483 0.0018435 0.00533695
0.159842 0.682102 0.0325593 0.00556263 0.00237466 0.00537593
0.174087 0.67768 0.0622538 0.0050045 0.0022383 0.00512307
0.16588 0.724116 0.00582525 0.00544793 0.00221274 0.00528963
0.165106 0.770037 0.0197363 0.00605235 0.00250553 0.00548886
0.174129 0.730401 0.0490111 0.00544299 0.00222928 0.00529086
0.157794 0.807258 0.050222 0.00685977 0.00149673 0.00444896
0.150906 0.694607 0.0945146 0.00564709 0.00124923 0.00392818
0.161828 0.707227 -0.0021821 0.00725312 0.00150724 0.0049274
0.155815 0.707194 0.0606127 0.00581044 0.00176222 0.00529667
0.15444 0.619777 0.118392 0.00512471 0.00175044 0.00465642
0.160602 0.78113 0.0599922 0.00833711 0.00140373 0.00497801
0.150758 0.747215 0.0911505 0.00571418 0.00154356 0.00478072
0.158815 0.800114 -0.00407685 0.00638579 0.0015487 0.00538171
0.181694 0.672741 0.0830291 0.00598214 0.00146469 0.00513204
0.18386 0.841779 0.109039 0.00609018 0.00165073 0.00537749
0.169167 0.647901 0.0564688 0.00787296 0.00179202 0.00523432
0.162064 0.774206 0.0156317 0.00711294 0.00194211 0.00550313
0.17484 0.679689 0.0542013 0.00621365 0.00201589 0.00514222
0.179556 0.712007 0.0889089 0.00621874 0.00202067 0.00533497
0.180344 0.759765 0.108387 0.00621305 0.00202067 0.00516895
0.173099 0.575867 0.0282304 0.00774998 0.00148311 0.00536604
0.16676 0.763446 0.115143 0.00561449 0.002597 0.00552501
0.17831 0.731855 0.0890512 0.00603164 0.00217484 0.00544476
0.163488 0.733062 0.04647 0.00646689 0.00202298 0.00547621
0.164155 0.823084 0.0628884 0.00638723 0.00217484 0.00571911
0.175886 0.747432 0.0870234 0.00558332 0.0024043 0.00539681
0.17747 0.746829 0.0625269 0.00641277 0.00230034 0.00555779
0.143853 0.773121 0.0919703 0.00648655 0.00255333 0.0052283
0.137613 0.908317 0.129705 0.00581623 0.00238857 0.00530685
0.171342 0.813286 0.144048 0.00726545 0.00294783 0.0051922
0.164339 0.563555 0.14283 0.00659669 0.00268857 0.00508295
0.165359 0.778878 0.113906 0.00710561 0.00268857 0.00563632
0.166833 0.713584 0.0865775 0.00824074 0.00268857 0.00533014
0.157021 0.639012 0.141989 0.00608588 0.00268857 0.00466543
0.15382 0.784484 -0.00765454 0.00886396 0.00268857 0.00562313
0.148625 0.746526 0.0515702 0.00717758 0.00330984 0.00540336
0.152886 0.664037 0.080483 0.00682854 0.0032205 0.00514409
0.152827 0.807993 0.0961287 0.0079156 0.00331777 0.0052775
0.15596 0.683255 0.111981 0.00701074 0.00331755 0.00474707
0.154265 0.694828 0.038255 0.00857258 0.00276994 0.00532972
0.155998 0.791312 0.0821456 0.00706821 0.00303159 0.00531239
0.166771 0.728786 0.105153 0.00628351 0.00305463 0.00510633
0.165956 0.806762 0.120053 0.00652686 0.00268857 0.00505384
0.155263 0.704454 0.0567572 0.0078834 0.00213953 0.00542961
0.157576 0.744084 0.0727161 0.0077932 0.00251622 0.00543743
0.157142 0.706509 0.0936342 0.00671724 0.0022169 0.00490916
0.146731 0.708531 0.0163421 0.00800367 0.0019774 0.00485813
0.137498 0.735144 0.0061008 0.00799101 0.00246534 0.00520099
0.151351 0.676435 0.0621591 0.00666081 0.00242382 0.00506011
0.137369 0.72689 -0.032303 0.00783134 0.00217382 0.00526453
0.129501 0.708267 -0.00906002 0.00687028 0.00227981 0.00543095
0.141575 0.661558 0.0323174 0.00643045 0.00223782 0.00499458
0.151774 0.801682 0.0830386 0.00635716 0.00224939 0.00519209
0.155498 0.72961 0.00699257 0.0090891 0.00229634 0.0054548
0.14288 0.693366 0.0309451 0.00818659 0.00311866 0.00567603
0.151391 0.645132 0.0540285 0.00744944 0.00250303 0.0053093
0.153807 0.790484 0.0775275 0.00762326 0.00245597 0.00548091
0.158292 0.716188 0.0969912 0.00717193 0.00247211 0.00503923
0.153514 0.662909 0.0341181 0.00778885 0.00197982 0.00550897
0.153879 0.752002 0.0442147 0.00865247 0.00244883 0.00599679
0.160404 0.729721 0.0467894 0.00797917 0.00223787 0.00531048
0.155912 0.795437 0.0697209 0.00828617 0.0023049 0.00539374
0.159981 0.754768 0.117402 0.00747973 0.002534 0.00547856
0.160414 0.525352 0.105734 0.00768061 0.00198312 0.0049253
0.163839 0.705644 0.1743 0.00551163 0.00189481 0.00542997
0.165423 0.642289 0.160296 0.00549522 0.00195785 0.00549003
0.168397 0.457836 0.186447 0.00402527 0.00255647 0.00427134
0.177527 0.619971 0.181114 0.00405528 0.00205589 0.00494485
0.179844 0.642668 0.160901 0.00470888 0.00210871 0.00540372
0.180126 0.482668 0.158166 0.00427513 0.00190293 0.00471318
0.178168 0.631885 0.178243 0.00483862 0.00226525 0.00512431
0.183537 0.549352 0.189041 0.00446625 0.00217856 0.00520559
0.185269 0.549811 0.192671 0.00408085 0.00196049 0.00542461
0.184982 0.589685 0.201152 0.00408134 0.00187431 0.0054733
0.186964 0.5682 0.0974985 0.00748766 0.00162637 0.00521333
0.188343 0.596871 0.182462 0.004164 0.00197985 0.00542107
0.186632 0.482891 0.175379 0.00341945 0.00189112 0.00506858
0.184346 0.631403 0.178372 0.00420813 0.00198696 0.00543117
0.192729 0.554429 0.177257 0.00337588 0.00195488 0.00502567
0.181958 0.621224 0.174607 0.00369415 0.00270963 0.00513602
0.180452 0.594697 0.174844 0.00377397 0.00190857 0.00520487
0.179396 0.528247 0.168176 0.00341251 0.00180788 0.00482917
0.175941 0.572796 0.131538 0.00505483 0.00180955 0.00510082
0.175593 0.478543 0.175861 0.00307374 0.00188396 0.00460464
0.177569 0.518115 0.189693 0.00256069 0.00186895 0.00460096
0.176874 0.538441 0.163649 0.00316896 0.00185073 0.0049847
0.181676 0.413131 0.239405 0.00103741 0.00182098 0.00396489
0.207772 0.505501 0.322367 0.00162851 0.00163687 0.00349617
0.243177 0.763266 0.328961 0.00288242 0.00159673 0.00570481
0.216275 0.809396 0.239794 0.00367872 0.00112634 0.00585397
0.215853 0.624112 0.258285 0.00438754 0.00143795 0.00565831
0.228049 0.680066 0.270972 0.00507797 0.0016002 0.00630934
0.220744 0.433874 0.116476 0.00979031 0.00326264 0.00593404
0.211695 0.380734 0.0846872 0.00668646 0.0024004 0.00474452
0.228252 0.352942 0.115765 0.00614254 0.00236551 0.00491836
0.231787 0.378338 0.156575 0.00562581 0.00236551 0.0049369
0.154785 0.517868 0.0300495 0.00600892 0.00275479 0.00445911
0.122705 0.59933 0.103222 0.00428762 0.00236551 0.00393427
0.192919 0.748198 0.12257 0.00513249 0.00282775 0.00444243
0.196813 0.700323 0.103933 0.00550875 0.00286021 0.00452353
0.190329 0.734071 0.159015 0.0048354 0.00262207 0.00377872
0.198782 0.859489 0.0727887 0.00635731 0.00263703 0.00445012
0.202278 0.696602 0.116772 0.0046128 0.00316823 0.00434709
0.200285 0.529843 0.153228 0.00346304 0.00312222 0.00365509
0.186173 0.478537 0.0854335 0.00368056 0.00340336 0.00303045
0.199941 0.529805 0.122582 0.00452285 0.00326514 0.00365291
0.207931 0.535768 0.131574 0.00432583 0.003328 0.00348096
0.200253 0.586458 0.147162 0.00505585 0.00324505 0.00364951
0.206024 0.661438 0.164983 0.00459818 0.00294063 0.0040761
0.170716 0.632599 0.0313205 0.00683528 0.00237636 0.00464332
0.159016 0.631434 0.0776715 0.00633005 0.00265922 0.0044365
0.17515 0.727737 0.0901648 0.00571456 0.00243919 0.00432794
0.175141 0.818407 0.121851 0.00539783 0.00243919 0.00431835
0.179459 0.738839 0.0915239 0.00591633 0.00348791 0.00459667
0.18431 0.69267 0.0983937 0.00439158 0.00306003 0.00439627
0.199076 0.646726 0.135615 0.00327816 0.00274579 0.00417301
0.179166 0.62318 0.0712971 0.00534134 0.00299818 0.00410132
0.143349 0.522616 0.0620068 0.00365657 0.00324068 0.00363522
0.167587 0.517859 0.0893747 0.00329676 0.00277543 0.00330952
0.175994 0.695286 0.119112 0.00425282 0.00281672 0.00379457
0.191208 0.604707 0.13167 0.00376556 0.00256252 0.00343477
0.190624 0.668441 0.0590484 0.00458071 0.00271809 0.00472058
0.194197 0.683444 0.0711766 0.00425908 0.00299239 0.00469069
0.194236 0.638957 0.107104 0.00407835 0.00276878 0.0042226
0.1861 0.731626 -0.00239986 0.00603874 0.00226216 0.00503553
0.180382 0.629593 0.00809947 0.00505523 0.0027303 0.00504426
0.204957 0.605026 0.0823069 0.00401391 0.00279665 0.00475339
0.201576 0.733172 0.112806 0.00393856 0.00247392 0.00486366
0.207965 0.710117 0.119276 0.00385904 0.00243712 0.0048269
0.201587 0.610218 0.0232173 0.00508222 0.00255488 0.00541896
0.208439 0.681365 0.0609858 0.00460844 0.00269626 0.00553983
0.210964 0.68185 0.102591 0.00421326 0.00269626 0.00510577
0.215303 0.788935 0.1101 0.00508382 0.00237319 0.00520176
0.212001 0.65244 0.059196 0.00413037 0.00260362 0.00534245
0.20172 0.700167 0.0845338 0.00388374 0.00252597 0.00533974
0.211983 0.647306 0.089502 0.00337078 0.00289691 0.00471183
0.197276 0.777757 -0.0111369 0.00460814 0.00276012 0.00539731
0.166723 0.59071 0.0544359 0.00383693 0.00274429 0.00487053
0.197194 0.629333 0.0646279 0.00372368 0.00235557 0.00506753
0.187441 0.72187 0.0790384 0.0041646 0.00222476 0.00478132
0.183743 0.655267 -0.0521454 0.00655884 0.00203447 0.00448606
0.193032 0.678244 0.0162649 0.00538053 0.00235556 0.00490333
0.204459 0.684234 0.0775346 0.00438613 0.00243487 0.00494553
0.187599 0.760508 0.00938728 0.00561031 0.00235455 0.00484639
0.18525 0.707254 0.0232064 0.00571607 0.00244723 0.00485215
0.211937 0.696426 0.103436 0.00446493 0.00276622 0.0048157
0.181052 0.757929 0.00421057 0.00530268 0.0022582 0.00481314
0.192228 0.944638 -0.14898 0.00707175 0.00260219 0.00521147
0.143405 1.01915 -0.141901 0.00437637 0.00174582 0.00444124
0.190636 0.836363 0.0940257 0.00449332 0.00218499 0.00392715
0.214476 0.919412 0.407019 0.00352529 0.00362512 0.00230705
0.207057 1.59162 0.462698 -5.436e-05 0.00293339 0.00394142
0.0856735 1.39856 0.371146 -0.00313254 0.00220004 0.00289443
0.089201 1.71528 0.261441 0.00238932 0.00393367 0.00293525
0.172067 1.85508 0.787724 0.00261386 0.0107635 0.00289757
0.239164 1.64226 0.600442 0.00521571 0.00837315 0.00394564
0.149731 0.897504 0.232969 0.00370938 0.00385852 0.0042244
0.162559 0.831663 0.123312 0.00360096 0.00455684 0.00476681
0.179991 0.841221 0.130216 0.00384804 0.00473298 0.00495769
0.180838 0.94021 -0.17103 0.00812007 0.00322222 0.00575117
0.10774 0.773457 -0.0720083 0.00470103 0.0035156 0.00530525
0.135993 0.913143 -0.0545509 0.00494977 0.00359263 0.0054534
0.136686 0.99581 -0.0658816 0.00611946 0.00448692 0.00564289
0.110667 1.09029 -0.0735952 0.00660102 0.00414176 0.0052029
0.137014 1.12742 -0.0127187 0.00567837 0.00379502 0.00525587
0.143455 1.21182 0.0832279 0.00521762 0.00404491 0.00539344
0.178154 1.25575 0.103717 0.00510562 0.00434053 0.00533725
0.193637 1.04853 -0.055127 0.00709161 0.00476242 0.00630408
0.166767 1.02117 -0.0411413 0.0058921 0.00431647 0.00595463
0.181799 0.94357 -0.0135022 0.00554293 0.00418767 0.00617248
0.190112 0.995159 0.0217485 0.00558306 0.00437008 0.0061454
0.206562 0.947284 0.0271912 0.00473084 0.00450023 0.00638764
0.204091 0.902357 -0.120421 0.00726663 0.0043939 0.00681319
0.185205 0.976993 -0.0325219 0.00594624 0.0046172 0.00662114
0.210888 0.968699 0.0047246 0.00579386 0.00471059 0.00684567
0.206887 1.11765 -0.167827 0.00835558 0.00473821 0.00755385
0.162556 0.976111 -0.0908604 0.00473851 0.00457484 0.00627271
0.182528 0.946911 -0.0672177 0.00420371 0.00406726 0.00626893
0.193738 1.10692 -0.014659 0.00413917 0.00368616 0.00633011
0.210602 0.968625 -0.0411763 0.00464483 0.00425775 0.00672913
0.229875 0.958447 -0.120119 0.00548993 0.00377161 0.00724594
0.199531 0.941934 -0.0404563 0.00406536 0.00401615 0.00648336
0.206982 0.965861 -0.0379375 0.00377291 0.00407412 0.00653857
0.214292 0.993629 -0.032031 0.00345255 0.00373891 0.00652765
0.220958 0.94607 -0.0465004 0.00487295 0.00392354 0.00728006
0.189697 0.917188 -0.0540612 0.00497596 0.00383387 0.0067302
0.203704 0.92261 -0.055256 0.00443617 0.00356053 0.00654185
0.209329 1.0986 -0.0393684 0.00523033 0.00373734 0.00693738
0.221477 1.00489 -0.00950557 0.00414594 0.00386576 0.00658426
0.203218 1.01852 -0.117128 0.00485216 0.00418928 0.00656885
0.184693 1.01203 -0.0655233 0.00514816 0.00415882 0.00643233
0.199016 0.955127 -0.0426082 0.00456248 0.00397555 0.00613971
0.211696 1.00391 -0.0242851 0.00466318 0.00403438 0.00644477
0.18011 0.909331 -0.0505241 0.0046586 0.0043845 0.00619026
0.192691 0.893872 -0.0358412 0.00577045 0.00427726 0.0063371
0.218 0.927732 -0.00099444 0.00461431 0.00435793 0.00638684
0.217385 1.01059 -0.0476235 0.00640447 0.00371054 0.00635952
0.223506 1.00147 0.00748811 0.0038336 0.00388787 0.00622626
0.20885 1.04781 -0.103632 0.00476971 0.00407225 0.00663716
0.203547 0.985628 -0.0503909 0.00502566 0.00407211 0.00624162
0.218143 0.983851 -0.0155499 0.00428884 0.00399824 0.00612839
0.226498 1.10153 -0.00059932 0.00445155 0.00411669 0.00612574
0.211143 0.964191 -0.0445815 0.00502049 0.00385099 0.00671588
0.20543 1.00718 -0.0371539 0.00552177 0.00408231 0.00617222
0.222175 0.969434 -0.0188472 0.00468267 0.00389562 0.00616627
0.239463 1.07443 -0.122067 0.00629785 0.00419025 0.00690448
0.212543 0.936387 -0.0379152 0.00423112 0.00419037 0.00650648
0.222943 0.960246 -0.0489593 0.00429121 0.00422673 0.0061748
0.227076 1.0781 -0.0151989 0.00415553 0.00378079 0.00614057
0.217718 1.02143 -0.15376 0.00430218 0.00425702 0.00610409
0.205445 0.93331 -0.0437273 0.00329169 0.00421375 0.00572099
0.212927 1.01238 -0.0306028 0.0035752 0.00368208 0.00599403
0.210459 1.10993 -0.0193295 0.00366173 0.00377126 0.00541613
0.22081 0.969347 -0.0126173 0.00296874 0.00330056 0.00598531
0.215824 1.0913 -0.0712853 0.00477898 0.00384034 0.00610276
0.220927 0.962342 -0.0308644 0.00436141 0.00427919 0.00621363
0.23409 0.98555 -0.011048 0.00371814 0.00382269 0.00587375
0.20965 1.05481 -0.167619 0.00418918 0.00422264 0.00628947
0.210084 0.846223 -0.0611666 0.00356432 0.0039172 0.00619993
0.219462 0.982668 -0.04635 0.00316461 0.00406159 0.00591653
0.194868 1.04747 -0.159468 0.00452733 0.00397468 0.0054854
0.188536 0.944767 -0.101641 0.00447385 0.00393855 0.0052645
0.200727 0.977138 -0.0562357 0.00388776 0.00363832 0.00519303
0.212202 1.08747 -0.0163976 0.00367344 0.00379904 0.00491237
0.176978 1.04818 -0.164539 0.00644288 0.00391299 0.00535215
0.169817 0.970398 -0.122546 0.00582896 0.00386713 0.00530607
0.190856 0.963944 -0.0571283 0.0049772 0.0033895 0.00548005
0.183644 0.976209 -0.175886 0.0071542 0.00371062 0.0056008
0.159594 0.82763 -0.111757 0.0059025 0.00348522 0.00550203
0.186702 0.938249 -0.0797109 0.0061225 0.00338044 0.00548887
0.196525 1.0562 -0.0617571 0.00640337 0.0033433 0.00531105
0.215413 0.964566 -0.0543842 0.0054563 0.00349684 0.00567198
0.223377 1.05943 -0.045454 0.00574442 0.00349064 0.00563798
0.220472 0.991357 -0.031777 0.00579404 0.00309652 0.00568739
0.218643 1.0193 -0.0147925 0.00579378 0.00292712 0.00554036
0.220936 1.03474 -0.0211321 0.00598128 0.00290855 0.00543413
0.229135 0.970688 -0.0248467 0.00554822 0.00306909 0.00565665
0.237299 1.04039 -0.00223804 0.00566305 0.00314854 0.0056831
0.234939 0.940892 0.0158577 0.0052302 0.00360013 0.00569066
0.229145 1.01916 0.0118465 0.00542287 0.00340854 0.00591752
0.226253 0.908984 0.00332053 0.00519287 0.00305235 0.00575963
0.218748 0.969039 -0.0169709 0.00592875 0.00291717 0.00576969
0.218751 0.958495 -0.0281663 0.00629213 0.00295062 0.0057601
0.235665 0.921307 0.0073983 0.00466136 0.00338654 0.00592228
0.236971 1.0301 -0.00663338 0.00592534 0.00321952 0.00597135
0.227848 0.94292 -0.0612641 0.00705049 0.00269775 0.00599679
0.226245 0.979793 -0.0040458 0.0053426 0.00334508 0.0060384
0.218948 0.955426 -0.0289809 0.00634064 0.00273982 0.00588228
0.218347 0.878585 -0.0184107 0.00539695 0.00218987 0.00577855
0.206818 0.952194 -0.00959321 0.00487448 0.00296971 0.00584562
0.195832 0.896168 -0.0377978 0.00608395 0.00239009 0.00538408
0.192775 0.94965 -0.0854062 0.00710592 0.00193575 0.00496467
0.207897 1.00133 -0.046253 0.0061743 0.00217597 0.00546101
0.219964 0.923828 -0.0681527 0.0065105 0.00247012 0.00563975
0.221396 0.991116 -0.0505323 0.00656767 0.00222004 0.00571974
0.224144 1.03689 -0.036877 0.00655467 0.00222112 0.00578259
0.221779 0.943831 -0.0561497 0.0065473 0.00216943 0.00566788
0.216214 1.03095 -0.0709945 0.00707518 0.00233296 0.00552052
0.2076 0.907845 -0.0632963 0.0067672 0.00209792 0.0049251
0.211758 0.951577 -0.0781259 0.00717017 0.00215988 0.00523353
0.208236 0.956577 -0.043232 0.00645053 0.00193576 0.0053986
0.207234 0.897576 -0.0200106 0.00569203 0.00193576 0.0050277
0.213988 1.04179 -0.0514443 0.00752383 0.00193576 0.00519753
0.214981 0.942942 -0.0330158 0.00696959 0.00180744 0.00541242
