0.0177917 0.224216 0.238646 0.00201729 0.00031755 0.00108848
0.0227395 0.163078 0.255015 0.00145187 0.00064695 0.00088457
0.0238554 0.261884 0.216882 0.00194445 0.00041791 0.00111467
0.024832 0.304896 0.263462 0.00228897 0.00035001 0.00113998
0.0138091 0.281998 0.27689 0.00218254 0.00023497 0.00108998
0.023925 0.251066 0.310701 0.00183934 0.00026946 0.00088993
0.0279542 0.225484 0.261002 0.00164933 0.00064366 0.00089454
0.0235447 0.303953 0.28692 0.00195291 0.00023769 0.0010904
0.0242566 0.247739 0.298217 0.00186457 0.00045692 0.00099782
0.0275686 0.149145 0.237919 0.00136913 0.0001546 0.00077439
0.013963 0.267608 0.218448 0.00194763 0.00032023 0.00099995
0.0234585 0.149244 0.431292 0.00173397 0.00069329 0.00065538
0.0278048 0.228865 0.733477 0.00294882 0.00149367 0.00010689
0.0206974 0.470845 0.819456 0.00226748 0.00189506 0
0.0395766 0.34825 0.611332 -0.00064029 0.00139662 0
0.03778 0.440129 0.873512 0.00139557 0.00164497 -0.00073482
0.037679 0.389521 0.725883 -0.00050358 0.00245564 -0.00094685
-0.0234013 0.119759 0.712675 -0.00191793 0.00087627 -0.00091337
-0.0308706 0.177035 0.641241 -0.00181208 -0.00053819 0.00030721
0.0147361 0.229597 0.913189 -0.00340196 0.00136605 0.00017009
-0.0200343 0.115673 0.670485 -0.00162099 0.0004272 -0.00082014
0.0788059 0.123331 0.656833 -0.00022445 0.00018658 -0.0005154
0.06561 0.177937 0.577299 -0.00177811 0.00235045 -0.00014715
0.0402352 0.0808088 0.315431 -0.00213343 0.00214096 -0.00083135
0.0541437 0.140774 0.234793 -0.00230145 0.00137508 -0.00054405
0.0497432 0.169636 0.316828 -0.00269522 0.00085818 -0.00071686
0.0270166 0.0761559 0.279599 -0.00304388 0.00149618 -0.00174294
0.0348445 0.113829 0.299381 -0.00291978 0.00171355 -0.00139076
0.0568014 0.0899965 0.419441 -0.00316491 0.00324097 -0.0019411
0.0340281 0.0827958 0.322122 -0.00234841 0.00261974 -0.00166529
0.0631535 0.175172 0.318441 -0.00237025 0.00224579 -0.00083135
0.0691392 0.162906 0.374632 -0.00207669 0.00245791 -0.00083135
0.0756424 0.106204 0.38408 -0.00242635 0.00256971 -0.00117968
0.0555416 0.183947 0.333499 -0.00225937 0.00213232 -0.00094467
0.0635913 0.188989 0.363659 -0.00248234 0.0021765 -0.00089322
0.0701272 0.110009 0.365009 -0.00242635 0.00238053 -0.0011381
0.0603607 0.170364 0.313913 -0.00195004 0.00239585 -0.00118563
0.0554966 0.197888 0.361647 -0.00208794 0.00255343 -0.00097255
0.0485233 0.131683 0.405268 -0.00242635 0.00270835 -0.00134023
0.0468101 0.139845 0.316431 -0.00200793 0.00248392 -0.00128919
0.0618707 0.187637 0.357148 -0.00191468 0.00255142 -0.00091039
0.0658058 0.128267 0.397672 -0.00241283 0.0027043 -0.00121441
0.0618457 0.140968 0.322396 -0.00203899 0.00249829 -0.00112436
0.0460202 0.20985 0.354815 -0.00196332 0.0025291 -0.00118035
0.0585375 0.181231 0.372129 -0.00216915 0.00265686 -0.0011824
0.0611389 0.11766 0.383456 -0.00218401 0.00284616 -0.00126214
0.0711217 0.192388 0.319658 -0.00200061 0.00249195 -0.00105059
0.0737815 0.21143 0.368674 -0.00184742 0.00254974 -0.00083135
0.0770901 0.139779 0.397382 -0.00267234 0.00266428 -0.0011617
0.0715978 0.176551 0.32206 -0.00216018 0.00305327 -0.00117018
0.0700271 0.201751 0.396904 -0.00257573 0.00320115 -0.00118687
0.0619393 0.103529 0.381392 -0.00346914 0.00318677 -0.0014915
0.0624824 0.189252 0.336646 -0.00307441 0.0027298 -0.00130459
0.0707986 0.169704 0.383866 -0.00288811 0.0025992 -0.00114154
0.0616255 0.109335 0.344826 -0.0028161 0.00256031 -0.00129787
0.0713204 0.197832 0.342868 -0.0028161 0.00244171 -0.00094376
0.0740133 0.147762 0.387156 -0.0028161 0.00253224 -0.00117151
0.0736362 0.126998 0.330953 -0.00257635 0.00250496 -0.00127522
0.0593503 0.208782 0.349093 -0.00246877 0.00241204 -0.00102041
0.0637664 0.162018 0.39754 -0.00263432 0.00264303 -0.00114921
0.060872 0.106467 0.370855 -0.00281611 0.00249252 -0.00139481
0.0446303 0.208672 0.35394 -0.00253959 0.00230893 -0.00131221
0.0463357 0.184042 0.409528 -0.0028161 0.00250028 -0.00127737
0.0545735 0.130341 0.396006 -0.00294109 0.00265089 -0.00132646
0.0588705 0.206534 0.369521 -0.00272047 0.00255109 -0.00111308
0.0527465 0.201551 0.431029 -0.00264391 0.00261568 -0.0013312
0.0650314 0.13054 0.416046 -0.00308087 0.00273 -0.00125583
0.0655735 0.211581 0.374067 -0.00276644 0.00229686 -0.00099572
0.0775193 0.207379 0.433281 -0.00322431 0.00242119 -0.00093654
0.0691391 0.142106 0.438022 -0.0039725 0.00263107 -0.00131185
0.0610561 0.221586 0.39442 -0.00345854 0.00227329 -0.00113783
0.0728666 0.212708 0.444341 -0.00369166 0.00242234 -0.00110997
0.0710476 0.141363 0.429065 -0.00364129 0.00267469 -0.00131868
0.0834297 0.197575 0.370143 -0.00324296 0.00222956 -0.00100554
0.0829677 0.207784 0.416609 -0.00324296 0.00219919 -0.00083134
0.0844578 0.142649 0.447345 -0.00400159 0.00245832 -0.00094552
0.0754777 0.196208 0.386725 -0.00324296 0.00223462 -0.00117682
0.0756259 0.221878 0.414744 -0.00338097 0.00224035 -0.00120182
0.0767553 0.158725 0.478754 -0.00401468 0.00243418 -0.00131306
0.0779373 0.194059 0.38519 -0.00317375 0.00207094 -0.00128149
0.0758238 0.223329 0.415677 -0.00324296 0.00212902 -0.00123716
0.0730757 0.158087 0.457726 -0.00399411 0.00245319 -0.00123716
0.07797 0.152024 0.370675 -0.0034696 0.00218482 -0.0013359
0.0822384 0.219362 0.397286 -0.00338308 0.00224142 -0.00123716
0.0746814 0.181598 0.456875 -0.00376386 0.0024345 -0.0011293
0.0713904 0.13869 0.416165 -0.00378457 0.00244993 -0.00123716
0.074929 0.22685 0.378611 -0.00334464 0.00235944 -0.00123716
0.0773477 0.207684 0.423006 -0.00356849 0.0022081 -0.00109276
0.0690507 0.128822 0.413598 -0.00406378 0.0023583 -0.00145492
0.0793474 0.201297 0.356191 -0.00339527 0.00217312 -0.00114833
0.0808702 0.221623 0.413778 -0.00349924 0.00214702 -0.00099872
0.0757694 0.170607 0.458637 -0.00365758 0.0023558 -0.0010539
0.074593 0.136368 0.42091 -0.00365758 0.00260156 -0.00138584
0.0726959 0.22245 0.38501 -0.00316976 0.00213991 -0.00115183
0.0752224 0.181308 0.46843 -0.00401016 0.00249655 -0.00123716
0.0674505 0.159293 0.413486 -0.00358324 0.00252148 -0.00142697
0.0699838 0.228343 0.404949 -0.00344848 0.00255322 -0.00123716
0.0629148 0.199915 0.470341 -0.00365758 0.00266572 -0.00123716
0.0639105 0.147251 0.470706 -0.00382901 0.00278061 -0.00139307
0.0696301 0.213762 0.404015 -0.00348535 0.00217142 -0.00141614
0.0655501 0.19232 0.46214 -0.00398543 0.00260416 -0.00142086
0.0726162 0.152931 0.406194 -0.00369357 0.00226979 -0.00140973
0.088581 0.210301 0.319536 -0.00334418 0.00297679 -0.00103659
0.104144 0.140024 0.325111 -0.00303446 0.00270461 -0.00123716
0.0971019 0.0186892 0.26419 -0.00232179 0.00214254 -0.00158935
0.0979474 0.186627 0.336385 -0.00151804 0.00265925 -0.00123716
0.0927383 0.330646 0.512707 -0.00207127 0.00305681 -0.00076386
0.0757006 0.250191 0.483037 -0.00271165 0.00273946 -0.0010328
0.0749874 0.234895 0.483964 -0.00263531 0.00287843 -0.00111069
0.073873 0.298498 0.571517 -0.00207549 0.00315305 -0.00101465
0.0653924 0.248634 0.611559 -0.00241578 0.00349046 -0.00113
0.0620183 0.160536 0.576789 -0.00279022 0.00369322 -0.00133341
0.0720701 0.265977 0.565477 -0.00230323 0.00312822 -0.00106595
0.0675891 0.288284 0.612626 -0.00233148 0.00338797 -0.00113546
0.0577279 0.216439 0.620452 -0.00281879 0.00348784 -0.00133144
0.0660165 0.248138 0.551683 -0.00242417 0.00326058 -0.00123716
0.0635128 0.329257 0.627432 -0.00214957 0.00372534 -0.00130386
0.0517195 0.262802 0.649954 -0.0028971 0.00363686 -0.00138358
0.0616928 0.312303 0.613327 -0.00243799 0.00349939 -0.00123716
0.0606156 0.346481 0.653954 -0.00206685 0.0037171 -0.00123716
0.0500182 0.283134 0.696264 -0.00304001 0.00404369 -0.00123716
0.0541725 0.272164 0.625385 -0.00233824 0.00378937 -0.00141705
0.0527855 0.326326 0.663603 -0.00195616 0.00406412 -0.00146488
0.0448511 0.225858 0.67975 -0.00359778 0.00346659 -0.00152816
0.0614829 0.28332 0.606425 -0.00267271 0.00327446 -0.00123716
0.058357 0.341019 0.685444 -0.00251489 0.0037231 -0.00123716
0.0522156 0.285505 0.73546 -0.00347679 0.00376177 -0.00142986
0.064236 0.276307 0.684065 -0.00333096 0.00373158 -0.00137942
0.0623985 0.385005 0.740753 -0.00237291 0.00454944 -0.00130822
0.0545433 0.332561 0.786994 -0.00265172 0.00460707 -0.00123716
0.0603965 0.235372 0.680147 -0.00388875 0.00350202 -0.00142616
0.0589445 0.356071 0.680663 -0.00271833 0.00379493 -0.00123716
0.0524432 0.340832 0.744446 -0.00292861 0.0041831 -0.00140827
0.0581167 0.218369 0.665213 -0.00407407 0.00355575 -0.00148313
0.0718497 0.334346 0.646854 -0.00325868 0.00344917 -0.00109942
0.0444556 0.35306 0.923624 -0.00452318 0.00414445 -0.00144667
0.0357284 0.32325 1.08574 -0.00609906 0.00451976 -0.00168777
0.0570854 0.504612 0.966962 -0.00465938 0.00400011 -0.00140401
0.0556597 0.320473 0.64748 -0.00446797 0.00249828 -0.00189306
0.0700254 0.214547 0.641536 -0.00431702 0.00276769 -0.00136694
0.0800959 0.321495 0.673684 -0.00373902 0.00283759 -0.00123716
0.06932 0.23184 0.66523 -0.00419917 0.00286701 -0.0013984
0.0687563 0.247326 0.594645 -0.00328383 0.00289778 -0.00143604
0.0583924 0.3356 0.676459 -0.0027195 0.00331367 -0.00139617
0.0500835 0.240616 0.708238 -0.0038993 0.00326049 -0.00166112
0.0592042 0.298777 0.625313 -0.00285853 0.00294943 -0.00140848
0.0646644 0.352013 0.704226 -0.00293462 0.00349397 -0.0013826
0.0503644 0.240149 0.706418 -0.00398045 0.00306068 -0.00165086
0.051062 0.336807 0.641306 -0.00298358 0.00299264 -0.00156463
0.0539598 0.36626 0.708136 -0.00263245 0.00336374 -0.00147713
0.0421964 0.258627 0.717863 -0.00382908 0.00361134 -0.00165147
0.0561365 0.331914 0.638369 -0.00283642 0.0031748 -0.00150303
0.0582143 0.349651 0.720966 -0.00240938 0.00375922 -0.00136202
0.0463684 0.238983 0.728526 -0.00350682 0.00355497 -0.00164634
0.0592765 0.328481 0.656654 -0.00266443 0.00307786 -0.0016474
0.0684786 0.333456 0.711843 -0.00256586 0.00349311 -0.00140105
0.0625245 0.253097 0.736531 -0.00368739 0.00375519 -0.00165155
0.0647701 0.341654 0.662926 -0.00241774 0.00373744 -0.00149527
0.0720858 0.334554 0.72606 -0.00301249 0.00418089 -0.00158557
0.0648647 0.232273 0.675997 -0.00465878 0.00276871 -0.00171915
0.0700398 0.413352 0.863595 -0.00483279 0.00301561 -0.00139466
0.0743401 0.43638 1.08101 -0.00642483 0.00342005 -0.00131859
0.0683215 0.382929 1.16151 -0.00814228 0.0037575 -0.00163934
0.0697707 0.513525 1.2425 -0.00814228 0.0036635 -0.00140754
0.0790587 0.477789 0.9904 -0.0055807 0.00380813 -0.00133333
0.0759779 0.305094 0.805077 -0.00536071 0.0032445 -0.00150201
0.0831038 0.363337 0.714609 -0.00392946 0.00290344 -0.00129565
0.0806504 0.304186 0.733189 -0.00385994 0.00290345 -0.00123716
0.0733695 0.201999 0.680495 -0.00452451 0.00276949 -0.00152155
0.073064 0.310394 0.671109 -0.00349016 0.00303155 -0.00130296
0.0669995 0.30033 0.751152 -0.00397855 0.00326551 -0.00123716
0.0598741 0.263197 0.711165 -0.00411255 0.00313925 -0.0016391
0.0695422 0.370831 0.727499 -0.00337071 0.00306168 -0.00123716
0.0684608 0.351831 0.788034 -0.00368158 0.00323986 -0.00151049
0.0698644 0.272787 0.737653 -0.00452705 0.00322613 -0.00145387
0.0766389 0.376634 0.661492 -0.00330537 0.00275121 -0.00123716
0.0728984 0.321709 0.711196 -0.00372288 0.00303231 -0.00140675
0.066611 0.274079 0.661836 -0.00373516 0.00295531 -0.00166345
0.0809911 0.348561 0.667015 -0.00303728 0.00298122 -0.00129853
0.0828536 0.2909 0.72898 -0.00369088 0.00303241 -0.00131713
0.0727103 0.215218 0.632962 -0.00393373 0.00237537 -0.00153381
0.082197 0.331331 0.628087 -0.00302067 0.00257875 -0.00129606
0.078793 0.295608 0.732071 -0.00403291 0.00287343 -0.00133382
0.0720725 0.271248 0.781214 -0.00510114 0.00307353 -0.00143175
0.0871356 0.420592 0.810938 -0.00436677 0.00336721 -0.00117663
0.0877746 0.391929 0.958332 -0.00523833 0.00364155 -0.00135662
0.0831205 0.320919 0.941687 -0.00655345 0.00353076 -0.00149677
0.0838384 0.445487 0.84223 -0.00503082 0.00296004 -0.00140984
0.080699 0.347358 1.12275 -0.00738265 0.00346273 -0.00148567
0.0725905 0.300035 0.992314 -0.00660361 0.00300969 -0.00108811
0.0906583 0.348579 0.561105 -0.0036556 0.00175022 -0.00085859
0.114401 0.363984 0.524604 -0.00334369 0.00210511 -0.00100468
0.109978 0.349438 0.617848 -0.00416549 0.00176162 -0.00090494
0.113899 0.258795 0.646795 -0.00453211 0.00164065 -0.00086973
0.11717 0.212501 0.587136 -0.0041692 0.00183927 -0.00098896
0.116807 0.29497 0.635754 -0.00413378 0.00164536 -0.00079544
0.116078 0.281118 0.66357 -0.00409989 0.00169281 -0.00089214
0.113965 0.279001 0.687229 -0.0045478 0.00156305 -0.00105674
0.108273 0.213994 0.637327 -0.00494707 0.00159302 -0.00116662
0.112994 0.347588 0.612773 -0.00445713 0.00142153 -0.00102615
0.114388 0.393542 0.670425 -0.00432742 0.0015752 -0.00101591
0.102748 0.300808 0.682504 -0.0052871 0.00176623 -0.0011669
0.112043 0.301659 0.592368 -0.00458036 0.00162746 -0.00123716
0.118272 0.378062 0.665157 -0.00422567 0.00177122 -0.00102724
0.106261 0.261914 0.700521 -0.00530158 0.00178832 -0.00123716
0.110522 0.244374 0.571937 -0.00463036 0.00142153 -0.00112361
0.116285 0.313223 0.634314 -0.0045455 0.00136458 -0.0008828
0.113958 0.28812 0.676247 -0.00463047 0.0014844 -0.00090673
0.0950553 0.227444 0.676481 -0.00518623 0.00192323 -0.0010911
0.0981425 0.333225 0.624256 -0.00426475 0.00154187 -0.00094342
0.105237 0.335024 0.694066 -0.00442568 0.00157867 -0.00103488
0.0883163 0.249049 0.69459 -0.00532001 0.00144203 -0.00123716
0.0991144 0.337944 0.612564 -0.0046538 0.00113436 -0.00108115
0.108047 0.367092 0.671385 -0.00457513 0.00134346 -0.00100185
0.0962266 0.274892 0.701172 -0.00554987 0.0015078 -0.00115289
0.107934 0.323315 0.622541 -0.00467026 0.00155801 -0.00109561
0.107902 0.335692 0.687208 -0.00465724 0.00130443 -0.00106898
0.0959192 0.237853 0.686068 -0.00536792 0.00122046 -0.00123716
0.107453 0.29688 0.602674 -0.00465082 0.00103072 -0.00123716
0.10501 0.333902 0.664915 -0.00465082 0.00137562 -0.00098996
0.0949027 0.249521 0.700505 -0.00545773 0.00157748 -0.00123716
0.10044 0.301369 0.614807 -0.00465082 0.00133344 -0.00123716
0.107806 0.344544 0.657542 -0.00465082 0.00133146 -0.00111623
0.0984818 0.262682 0.715167 -0.00539375 0.00143275 -0.00123716
0.107482 0.324546 0.620891 -0.00446535 0.00114872 -0.00123716
0.107811 0.344533 0.690247 -0.00475329 0.00119315 -0.00109257
0.0957482 0.259029 0.699478 -0.00517208 0.00155333 -0.00123716
0.107674 0.327563 0.613309 -0.00480063 0.00133354 -0.00117949
0.110596 0.360005 0.685694 -0.00481394 0.00141363 -0.00115495
0.0977274 0.265853 0.725129 -0.00559304 0.00146379 -0.00123716
0.097818 0.319637 0.654804 -0.00503148 0.00131776 -0.00130316
0.110426 0.349145 0.680203 -0.0048131 0.00117315 -0.00114485
0.0976991 0.251127 0.694524 -0.00572166 0.0012671 -0.00134905
0.108499 0.291742 0.63906 -0.00505116 0.00120617 -0.00118077
0.10957 0.357925 0.649691 -0.00447245 0.00120617 -0.00108765
0.0930274 0.274292 0.763958 -0.00605927 0.00120617 -0.00118549
0.107281 0.334125 0.83536 -0.00654547 0.00120617 -0.00112883
0.116397 0.439268 0.861189 -0.0062654 0.00120617 -0.00099339
0.106102 0.319698 0.825187 -0.0066516 0.00120617 -0.00123716
0.100674 0.337994 0.741121 -0.0060031 0.00110466 -0.00123716
0.111713 0.400489 0.772558 -0.00569934 0.0011296 -0.0012932
0.108234 0.313121 0.773437 -0.00609685 0.00127952 -0.00137136
0.108404 0.277474 0.640173 -0.00530567 0.00131105 -0.00123716
0.118704 0.331792 0.663656 -0.00482606 0.00120617 -0.00087665
0.11193 0.301367 0.722863 -0.00505224 0.00120617 -0.00114972
0.101933 0.236777 0.689196 -0.00521541 0.00103588 -0.00117223
0.109243 0.320519 0.645588 -0.00472564 0.0011413 -0.00108854
0.103901 0.334047 0.718438 -0.00511685 0.00120617 -0.00123716
0.0942306 0.294677 0.683506 -0.00531104 0.00127847 -0.00123716
0.0998863 0.375533 0.664546 -0.00446599 0.00120617 -0.00107517
0.0965522 0.357435 0.752875 -0.00472563 0.00120617 -0.00123716
0.0978188 0.312951 0.729244 -0.00507114 0.00127754 -0.00113117
0.101698 0.354975 0.675733 -0.00439007 0.0011365 -0.00105521
0.0964452 0.311558 0.732563 -0.00510122 0.00120617 -0.00114698
0.100186 0.262572 0.669507 -0.00523097 0.00120617 -0.00112959
0.105725 0.363552 0.642723 -0.0045194 0.00120617 -0.00102824
0.111129 0.332016 0.682678 -0.00446704 0.0011185 -0.00099761
0.100546 0.264476 0.770803 -0.00618374 0.00083084 -0.0011042
0.110278 0.400715 0.7952 -0.00621112 0.00114787 -0.00091718
0.117069 0.46073 1.0091 -0.00755073 0.00134596 -0.00084198
0.109373 0.359023 0.817725 -0.00609833 0.00123963 -0.0010154
0.0871428 0.214265 0.618362 -0.0059738 0.00060642 -0.00128776
0.0984703 0.267431 0.430572 -0.0043292 0.00113254 -0.00111832
0.134889 0.359029 0.394086 -0.00334482 0.00168759 -0.00034097
0.122326 0.191129 0.381676 -0.00394606 0.00096705 -0.00049818
0.116039 0.0733164 0.276369 -0.00367315 0.00062189 -0.00082168
0.116789 0.191976 0.322595 -0.00303782 0.00077165 -0.000619
0.117114 0.275657 0.450176 -0.00336664 0.00087869 -0.00061732
0.107594 0.254787 0.513807 -0.00391241 0.00090567 -0.0007513
0.0928983 0.224685 0.49683 -0.00395415 0.00123965 -0.00077814
0.100283 0.333687 0.530326 -0.00323201 0.00105719 -0.00076689
0.0946596 0.317343 0.580891 -0.00353104 0.00079209 -0.00077312
0.0836795 0.257254 0.590733 -0.00411943 0.00072309 -0.00100329
0.079673 0.312238 0.600405 -0.00359019 0.00081785 -0.00062371
0.0885817 0.34114 0.643098 -0.00264994 0.00107561 -0.00054858
0.0999464 0.340514 0.661589 -0.00279423 0.00101924 -0.00061845
0.0984471 0.31687 0.676204 -0.00329952 0.00083059 -0.0006718
0.0958131 0.254888 0.618034 -0.00385742 0.00093087 -0.00069861
0.111606 0.375063 0.601885 -0.00300626 0.0010874 -0.00054883
0.106869 0.332933 0.647129 -0.00391099 0.00080228 -0.00066444
0.0982306 0.256511 0.669142 -0.00525202 0.00043519 -0.00083115
0.112478 0.429615 0.813277 -0.00574263 0.00043251 -0.00056558
0.117622 0.50537 1.01431 -0.00747966 0.000662 -0.00049249
0.100544 0.432715 1.11887 -0.00846812 0.00095053 -0.00068991
0.113245 0.464417 0.843556 -0.00605533 0.00066843 -0.00060786
0.122503 0.451942 0.855025 -0.00581347 0.00029142 -0.00064802
0.109488 0.332247 0.847302 -0.00656855 0.00065055 -0.00070798
0.100761 0.285583 0.612463 -0.00491541 0.00058082 -0.0008212
0.102725 0.29184 0.576299 -0.00399488 0.00050804 -0.00079094
0.0907896 0.220872 0.585496 -0.00469627 0.00037314 -0.00083201
0.0973012 0.244151 0.516034 -0.00396106 0.00044552 -0.00081398
0.10787 0.33234 0.582645 -0.00353175 0.00053806 -0.00072446
0.101206 0.29527 0.626617 -0.00425192 0.00036314 -0.00086607
0.100358 0.28172 0.548195 -0.00423853 0.00049624 -0.00090164
0.112861 0.362969 0.571956 -0.00388433 0.00032515 -0.00076759
0.111664 0.337471 0.604634 -0.00405727 0.00044804 -0.00076541
0.100305 0.282146 0.624928 -0.0047287 0.00076598 -0.00091721
0.109604 0.350523 0.581526 -0.00368628 0.00062935 -0.00083805
0.112037 0.323003 0.633615 -0.00397747 0.00034228 -0.00085267
0.0973439 0.241076 0.621834 -0.00470905 0.00047578 -0.00102765
0.107067 0.311946 0.550548 -0.003552 0.0005282 -0.00081268
0.108921 0.312176 0.636144 -0.00438127 0.00033179 -0.0008069
0.106811 0.253606 0.722274 -0.0056431 0.00025665 -0.00109776
0.122236 0.411812 0.717313 -0.00575661 0.00023142 -0.00080341
0.128209 0.393444 0.709719 -0.00594485 0.00047853 -0.00123717
0.166343 0.27314 0.465861 -0.00341577 0.00120023 -0.00026249
0.187864 0.158498 0.0868209 -0.00081275 0.00053941 0.00092666
0.156154 0.106138 0.352164 -0.00097927 0.00054574 0.00085351
0.155077 0.0381486 0.227971 -0.00078422 3.392e-05 0.00031406
0.158628 0.123892 0.0900467 -0.0005716 -0.00027677 0.00080328
0.150375 0.059336 0.0359019 -0.00138403 -0.00071458 0.00021785
0.154771 0.0408504 -0.0353025 -0.00092943 -0.00036081 6.038e-05
0.15814 0.139473 -0.0344897 -0.00092943 -0.00049011 0.00029134
0.154197 0.0986836 -0.0248429 -0.00102973 -0.00030965 0.00021492
0.146436 0.0541774 -0.0357525 -0.0011813 -0.00030436 -4.9e-07
0.148225 0.12933 -0.0381377 -0.0011304 -0.00034992 0.0001585
0.15391 0.106961 -0.00431956 -0.00103396 -0.00030757 0.00036342
0.145276 0.0363791 0.00709512 -0.00101535 -0.00022533 -0.00013471
0.151447 0.0513644 -0.0331102 -0.00092943 -0.00026841 4.8e-05
0.152742 0.07523 -0.0105183 -0.00092943 -0.00042546 0.00023907
0.150283 0.040131 0.0179965 -0.00102486 -0.00017436 7.526e-05
0.148149 0.0277188 -0.0350419 -0.00111559 -8.669e-05 -0.00012573
0.14223 0.0884477 -0.0237466 -0.00109904 -0.00055149 0.00014524
0.143515 0.0630268 0.00315227 -0.00113695 -0.00045053 9.258e-05
0.14196 0.0443262 -0.056071 -0.00120143 -0.00012646 -0.00026651
0.145417 0.103066 -0.0419643 -0.00111758 -0.00036208 5.538e-05
0.149201 0.0799839 -0.00503359 -0.00143248 -0.00024502 -0.00015801
0.148221 0.060268 -0.0334388 -0.00142431 -0.00020042 -0.00026528
0.14356 0.0828575 -0.0416745 -0.00133512 -0.00025359 -0.00011905
0.143209 0.0613481 -0.0003787 -0.00123534 -2.612e-05 -0.00019771
0.139821 0.0346723 -0.0232306 -0.00100858 1.078e-05 -0.00028916
0.136365 0.0708563 -0.021379 -0.00092943 -0.00022838 -0.00021671
0.133033 0.059659 0.0140353 -0.00092943 -0.00050058 -0.00018094
0.133669 0.0278021 -0.0260971 -0.00107939 -0.00016976 -0.00026033
0.142265 0.0861769 -0.0418233 -0.00116596 -0.00019828 -4.116e-05
0.146051 0.103227 -0.0109972 -0.00092943 -0.00025105 6.656e-05
0.141518 0.0492583 0.027173 -0.00138552 6.154e-05 -0.00021639
0.146843 0.0759208 -0.0408164 -0.00113692 -0.00022766 -0.00020638
0.150292 0.112396 -0.0078827 -0.00078768 -0.0002837 5.227e-05
0.145631 0.0434788 0.032909 -0.00092943 -0.0001929 -0.00018848
0.140821 0.069244 0.0065361 0.00019598 2.271e-05 -9.021e-05
0.160466 0.07749 -0.0275935 -0.00028605 0.0003582 0.00017387
0.140219 -0.0232886 -0.0477131 -0.00048809 0.00011132 -0.00052447
0.145483 0.0515318 -0.00922402 0.00025282 0.00061951 0.00015127
0.15373 0.198189 0.0536372 0.00073191 0.0002965 0.0003528
0.144541 0.155982 0.0707285 0.00056372 0.00011132 0.00019776
0.14439 0.0487768 0.0278052 0.00060997 0.00019941 2.355e-05
0.160079 0.143588 0.0426592 0.00073905 0.00011132 0.00034663
0.156698 0.13199 0.0850236 0.00105982 0.00011132 0.00049313
0.162389 0.0916552 0.0801286 0.00100272 -1.07e-06 0.00037528
0.154086 0.016447 0.0812254 0.00043255 0.00011132 -0.00010518
0.152225 0.102488 0.0676966 0.00098678 0.00030501 0.00017875
0.155143 0.142216 0.111001 0.00116093 0.00021338 0.00034074
0.151477 0.111476 0.137164 0.00053094 0.00029877 8.137e-05
0.158131 0.13261 0.0927213 0.00080982 0.00011132 3.034e-05
0.16173 0.210042 0.132545 0.00080982 0.00011132 0.00019725
0.160345 0.191037 0.145913 0.00105982 0.00011132 0.0002031
0.163015 0.147784 0.131279 0.00080982 0.000314 0.00015275
0.165271 0.181592 0.16081 0.00112192 0.00039485 0.00037485
0.154079 0.111212 0.184055 0.00066873 0.00047678 0.00010306
0.145628 0.0553655 0.104729 0.00039081 0.00031477 -0.00010518
0.156482 0.201891 0.120542 0.00128765 0.00034934 0.00023634
0.156254 0.188804 0.177693 0.0011499 0.00031309 0.00020368
0.142004 0.121305 0.204633 0.00049889 0.00037159 -0.00010518
0.147145 0.189371 0.160693 0.00105982 0.00039098 0.00028455
0.160207 0.189535 0.161668 0.00080982 0.00051941 0.00030759
0.150233 0.0801137 0.11108 0.00057075 0.00038112 -1.911e-05
0.163109 0.196253 0.0950418 0.00114831 0.00021979 0.00044537
0.166715 0.189098 0.133093 0.00121621 0.00030141 0.00037301
0.14642 0.0512082 0.112601 0.00034152 0.00027636 5.08e-06
0.157237 0.125075 0.0607238 0.00080982 0.0003769 0.00018407
0.168694 0.178755 0.0947183 0.00112512 0.00027648 0.00043204
0.14787 0.0785348 0.125018 0.00038817 0.00011132 0.00013387
0.156319 0.0926988 0.0453122 0.00062326 0.00035094 0.00027623
0.173904 0.173347 0.0761929 0.00091792 0.00035474 0.00047563
0.164876 0.142653 0.113152 0.00116093 0.00032234 0.00038991
0.154644 0.0688913 0.0715574 0.00080982 0.00028794 0.00014424
0.158708 0.153805 0.104418 0.00123392 5.156e-05 0.00049263
0.160912 0.142665 0.120734 0.0013329 -0.00010153 0.00065418
0.143436 0.0652499 0.11579 0.00080982 0.00011132 0.00027179
0.15189 0.159625 0.0915655 0.00143421 0.00011132 0.00036983
0.165841 0.178553 0.118359 0.00137999 0.00011132 0.00051728
0.160173 0.130588 0.128718 0.00094655 0.00011132 0.00045843
0.157564 0.100334 0.0815812 0.00080982 0.00011132 0.00034681
0.164023 0.178038 0.082929 0.00124781 0.00011132 0.00055399
0.166828 0.140359 0.0855461 0.0012204 0.00011132 0.00056726
0.152822 0.0644701 0.108844 0.00080982 -3.285e-05 0.00024455
0.154466 0.130023 0.0752868 0.00134014 0.00011132 0.00030643
0.16653 0.161588 0.0936607 0.00163213 0.00011132 0.00056276
0.163647 0.10699 0.106557 0.00112236 0.00011132 0.00039395
0.15993 0.108101 0.0675751 0.00103105 0.00030571 0.00036751
0.167084 0.187525 0.0955444 0.00139743 0.00011132 0.00071597
0.164012 0.148929 0.126303 0.00138722 0.00011132 0.00047481
0.154733 0.0750431 0.0848666 0.00083873 0.00017062 0.00012447
0.158614 0.171152 0.0769926 0.00134542 0.00011132 0.00033531
0.164538 0.176509 0.108112 0.00149453 0.00011132 0.0005465
0.148554 0.0681134 0.124104 0.00095164 0.00011132 0.00016198
0.160945 0.121619 0.0378345 0.00118993 0.00011132 0.00033536
0.192382 0.170295 0.0762269 0.0013863 0.00065474 0.00074694
0.155029 0.00957673 0.0379531 0.00092595 0.0002171 0.00020285
0.158773 0.00918135 0.0665519 0.00131248 0.00024262 0.00042661
0.138126 0.297889 0.231268 0.00106617 0.00011132 0.00060008
0.158864 0.543912 0.698131 -0.00167919 0.00151208 1.316e-05
0.119062 1.20905 1.92769 0.00334803 -0.00026182 -0.00010518
0.125329 1.2498 2.07882 0.00157568 -0.00080405 0.00073795
0.145362 0.971794 1.24852 0.00104094 0.0005725 0.00023568
0.155717 0.695006 0.982078 0.00171576 -0.00046248 0.00026612
0.155468 0.557185 0.944342 0.00045285 -8.122e-05 0.00016696
0.160733 0.613449 0.942619 0.00119769 -0.00030922 0.00016696
0.168742 0.634013 1.05102 0.00143488 -0.00010234 0.00029889
0.150696 0.543788 1.05632 0.00116233 -4.81e-06 0.00016696
0.138977 0.519325 0.968788 0.00170536 -4.661e-05 0.00016696
0.167072 0.666757 1.06828 0.00207057 -0.00011737 0.00037147
0.1674 0.637111 1.09534 0.00181746 -0.00019795 0.00049202
0.145291 0.512085 1.03055 0.00077833 0.00016225 0.00016696
0.143883 0.566808 0.896819 0.0019464 6.45e-05 0.00036122
0.137621 0.741802 0.726902 0.00590905 0.00231082 0.00016696
0.158027 0.809531 1.0035 0.004551 0.00159469 0.00061297
0.157408 0.839896 1.057 0.00469356 0.00143861 0.00046836
0.138156 0.616558 1.01614 0.0039662 0.00152714 0.00016696
0.144867 0.72146 0.983599 0.00481284 0.00150974 0.00029922
0.155557 0.791219 1.08137 0.00512747 0.00127832 0.0005607
0.142592 0.675997 1.09853 0.00437687 0.00131789 0.00016696
0.137344 0.670189 1.04024 0.00419516 0.00121749 0.00016696
0.148392 0.86021 1.09199 0.0052904 0.00128747 0.00040573
0.152423 0.860808 1.13649 0.00564227 0.00108008 0.00016696
0.148078 0.671171 1.10705 0.00375762 0.00109295 0.00016696
0.146828 0.846667 1.07327 0.00500193 0.0010518 0.00016696
0.158165 0.968332 1.19962 0.00652737 0.001504 0.00016696
0.157003 0.701729 1.15253 0.00360778 0.00165245 -0.00031417
0.154815 0.745656 1.03489 0.00407544 0.00130838 -0.00024212
0.161604 0.921723 1.15663 0.00569922 0.00182679 -6.036e-05
0.153113 0.643392 1.1187 0.00359754 0.00135462 -0.00011311
0.149884 0.618568 0.993923 0.00339801 0.00129764 -0.00019714
0.153894 0.800966 1.08449 0.00466027 0.00091397 -2.311e-05
0.159741 0.738599 1.12103 0.0043665 0.00093585 0.00012983
0.154021 0.576841 1.05238 0.00224516 0.00113357 -9.865e-05
0.149613 0.791278 1.01153 0.00451608 0.00120936 6.69e-06
0.156441 0.83882 1.1262 0.00526957 0.00151423 0.00011347
0.153831 0.672578 1.11629 0.00380711 0.0013212 -0.00017963
0.161486 0.845979 1.06502 0.00511246 0.00139934 -0.0001071
0.161624 0.913726 1.18415 0.00623601 0.00178739 -5.661e-05
0.164735 0.70231 1.17809 0.00345484 0.00133796 -0.00019144
0.168575 0.700091 1.05129 0.00371685 0.00167569 -6.91e-05
0.158717 0.826939 1.00981 0.00524911 0.00110119 0.00014631
0.166763 0.707816 1.06642 0.00444235 0.0012121 -3.017e-05
0.160911 0.585822 1.00196 0.00315354 0.00161329 -0.00018253
0.161079 0.772629 1.02005 0.00463593 0.00124187 -7.73e-05
0.167326 0.713698 1.11643 0.0038652 0.0009511 5.34e-06
0.162496 0.61154 1.04495 0.00284099 0.00125553 -9.601e-05
0.166602 0.790442 1.01812 0.00444106 0.00128332 -5.43e-05
0.169059 0.787425 1.07428 0.00414998 0.00129979 0.00020881
0.170016 0.73827 1.10461 0.00439353 0.00136329 0.00014316
0.156348 0.59995 1.09949 0.00244511 0.00136329 -9.894e-05
0.156315 0.790345 1.0502 0.00452484 0.00145682 9.709e-05
0.159242 0.853998 1.1446 0.00539134 0.00175016 -0.0001109
0.152836 0.732593 1.18881 0.00416352 0.0011826 -0.00034274
0.150913 0.725088 1.10824 0.00393766 0.00143661 -0.00042851
0.160226 0.857721 1.11377 0.00456425 0.00118745 -7.654e-05
0.159124 0.700019 1.14574 0.00340324 0.00088286 -2.632e-05
0.155927 0.599595 0.989408 0.00296165 0.00129075 -8.414e-05
0.164599 0.802772 0.98458 0.00460694 0.00117623 0.00011554
0.168609 0.705976 1.03608 0.00405227 0.00125833 9.256e-05
0.163197 0.546946 1.0147 0.00170246 0.00113962 -2.352e-05
0.170473 0.73253 1.10903 0.00259441 0.0011754 0.00017365
0.171174 0.745466 1.09141 0.00367275 0.00091692 0.00010456
0.160828 0.54396 1.0333 0.00222009 0.00145281 3.294e-05
0.172316 0.688084 0.923497 0.00363109 0.00116692 0.00029371
0.169153 0.777786 1.04192 0.00411781 0.0015401 4.779e-05
0.16516 0.638786 1.07691 0.00274129 0.00104311 -1.392e-05
0.165774 0.649549 0.989427 0.00326802 0.00132911 -3.987e-05
0.167008 0.823667 1.06064 0.00460866 0.00132911 0.00023799
0.161458 0.724105 1.13862 0.00417908 0.00132911 -5.355e-05
0.158605 0.606113 1.06049 0.0032386 0.00132212 -2.899e-05
0.162597 0.853388 1.0822 0.00575491 0.00133826 8.313e-05
0.16899 0.811361 1.18154 0.00564137 0.00149254 -3.235e-05
0.164408 0.692657 1.08168 0.00397721 0.0014016 3.484e-05
0.161637 0.827532 1.08475 0.00541138 0.00139104 0.00010136
0.159683 0.768669 1.12574 0.00510053 0.00139719 -7.689e-05
0.148523 0.649671 1.07784 0.00345742 0.00132541 3.406e-05
0.156984 0.835987 1.06236 0.00493772 0.0011402 0.00018987
0.16393 0.855522 1.14222 0.00588527 0.00180026 -6.653e-05
0.163353 0.60993 1.08618 0.00270089 0.00140195 0.00011517
0.163867 0.786143 1.0192 0.00458171 0.00117427 2.799e-05
0.167435 0.806401 1.08054 0.00490691 0.00136241 0.00017904
0.175586 0.655045 1.16298 0.00425275 0.00150522 1.693e-05
0.172616 0.402216 1.1472 0.00238243 0.0019132 0.00028335
0.12924 0.688097 1.00471 0.00686644 0.0027463 0.00120456
0.150219 1.07842 0.979669 0.00602325 0.0016204 0.00104213
0.164868 0.942489 0.986679 0.00468212 0.00094047 0.00094436
0.162217 0.749403 1.05542 0.00485176 0.00079567 0.00061714
0.165686 0.554056 1.04888 0.00335353 0.00096171 0.00041454
0.165693 0.559256 1.03474 0.00390878 0.0013655 0.00032378
0.161583 0.672737 1.15879 0.00561854 0.0013655 0.00034054
0.16304 0.717782 1.23367 0.00706073 0.0013655 -0.00012617
0.162686 0.795518 1.26244 0.00777245 0.0013655 5.23e-05
0.163615 0.876443 1.29768 0.00779106 0.0013655 3.518e-05
0.162548 0.876614 1.31815 0.00720978 0.0013655 -0.00024769
0.16256 0.899412 1.266 0.00690358 0.00140455 -0.00021169
0.163678 1.04527 1.32377 0.00753614 0.00101816 -9.975e-05
0.165963 1.00879 1.34814 0.00780698 0.00117787 -2.733e-05
0.168319 0.868737 1.33628 0.00681307 0.00107236 -0.00026455
0.170496 0.910157 1.27398 0.00748216 0.00118166 -0.00019541
0.165936 0.959845 1.35833 0.00794285 0.00072504 -0.00014225
0.169845 0.807314 1.40888 0.00729415 0.00107007 -0.0004556
0.167825 0.691435 1.19741 0.00582055 0.0018663 -0.0004556
0.157164 0.876074 1.21654 0.00756687 0.00142051 7.854e-05
0.180896 0.749532 0.98374 0.00577385 0.00081627 -9.773e-05
0.184451 0.548299 1.03596 0.00323441 0.00120184 -9.392e-05
0.182949 0.710372 1.0088 0.00492938 0.0011983 -2.618e-05
0.174323 0.842452 1.16536 0.00685355 0.00146001 -0.0002004
0.174616 0.810578 1.18339 0.00689796 0.00146001 -8.247e-05
0.166067 0.645322 1.09808 0.00399227 0.00146001 -0.00014685
0.175228 0.812667 1.08715 0.0056846 0.00121001 0.00015288
0.168989 0.696942 1.12421 0.0039632 0.0008832 -0.00022746
0.174819 0.648929 1.02015 0.0037274 0.0006012 0.00024013
0.169556 0.849923 1.12286 0.00490596 0.00071303 0.00011849
0.173127 0.862986 1.24692 0.00644658 0.00115162 -0.00012275
0.178905 0.674717 1.20517 0.00307857 0.00088139 -0.0001714
0.175656 0.913699 1.21833 0.00644129 0.00155648 0.00015333
0.174416 0.888137 1.26719 0.00660898 0.00147521 -3.896e-05
0.185388 0.733012 1.25037 0.00494325 0.0017466 -0.00026768
0.185398 0.863727 1.18576 0.00644251 0.00148482 -0.00026827
0.175777 0.902391 1.25437 0.00715888 0.00126264 -0.00021728
0.178893 0.781912 1.27115 0.00628445 0.00126264 -0.00027402
0.185589 0.73265 1.13436 0.00407308 0.00097232 -0.00019735
0.172642 0.973167 1.24956 0.00697625 0.00116868 -1.911e-05
0.179956 0.841527 1.31355 0.00626095 0.00166935 -0.0004556
0.194714 0.712623 1.16102 0.00376496 0.00179113 -7.63e-06
0.181493 0.899166 1.20151 0.00628354 0.00208462 -0.00010818
0.185205 0.602331 1.10709 0.00222777 0.00129571 -0.00021335
0.180743 0.753606 1.02165 0.00439836 0.00120528 -0.00028871
0.17944 0.781893 1.11382 0.00455193 0.00086233 -0.0004556
0.178991 0.584836 1.11486 0.00205169 0.00110897 -0.00018573
0.178563 0.692893 1.0881 0.00364138 0.00104825 2.921e-05
0.177985 0.71271 1.14928 0.00333145 0.00084577 -0.00024967
0.181239 0.583703 1.10572 0.00167706 0.00115015 -0.00023673
0.183217 0.786959 1.06483 0.00413183 0.00090365 -0.00022793
0.182649 0.736972 1.1782 0.00324163 0.00083675 -0.0004556
0.181521 0.593352 1.10701 0.0016451 0.00074044 -0.0004556
0.181039 0.777225 1.06768 0.00368757 0.00072048 -0.00024369
0.190642 0.724545 1.13366 0.00377208 0.00088019 -0.0004556
0.186791 0.62296 1.09027 0.0023917 0.00117109 -0.0004556
0.185341 0.775343 1.0908 0.00410392 0.00084449 -0.0004556
0.185083 0.713836 1.14183 0.00375818 0.00054419 -0.00027494
0.190013 0.585236 1.09754 0.00196488 0.00093265 -0.00029579
0.186354 0.772315 1.07234 0.00421086 0.00075532 -0.0004556
0.188614 0.706799 1.15086 0.00298593 0.00075292 -0.0004556
0.192903 0.59131 1.04787 0.00206401 0.00089546 -0.00026372
0.181285 0.753679 1.00408 0.00381394 0.00067739 -8.974e-05
0.180787 0.720522 1.09273 0.00381394 0.00085387 -0.00029336
0.184328 0.583804 1.10292 0.00202039 0.00077043 -0.00021369
0.184697 0.74296 1.04904 0.00419459 0.00088433 -0.0003053
0.186303 0.781086 1.11668 0.00464552 0.00075509 -0.0002258
0.179753 0.589388 1.16805 0.00163231 0.00053948 -0.0001587
0.185304 0.714127 1.05143 0.00349792 0.00069405 -0.0004556
0.187778 0.795361 1.13529 0.00429803 0.00060928 -0.00020419
0.182478 0.636622 1.15563 0.00208043 0.00061711 -0.00013588
0.1848 0.707326 1.03067 0.00308828 0.00078476 -0.0004556
0.184745 0.924439 1.11366 0.0045019 0.00064476 -0.0004556
0.193051 0.620803 1.13516 0.00188994 0.00053102 -0.0004556
0.191427 0.628668 0.997224 0.00260473 0.00071397 -0.0004556
0.186765 0.757271 1.07187 0.00398297 0.00050175 -0.0004556
0.186355 0.579552 1.07949 0.00189211 0.00049925 -0.0004556
0.186967 0.607578 1.07425 0.00104047 0.00049925 -0.0004556
0.187563 1.0057 1.83926 0.00027055 -8.046e-05 -0.0004556
0.199294 1.03325 1.65186 0.00218318 -0.00010311 -0.0004556
0.200869 1.10025 1.1279 0.00289966 -2.326e-05 -0.00039869
0.193642 0.651827 0.796643 0.00226756 0.00143682 -0.0004556
0.166359 0.459397 0.53982 0.00035118 0.00034739 -0.0004556
0.182955 0.514447 0.658454 0.00053995 9.739e-05 -0.00028708
0.17713 0.39377 0.671074 -0.0004742 0.00034739 -0.0004556
0.181311 0.364308 0.562816 -3.296e-05 0.0004752 -0.0004556
0.184359 0.464712 0.621273 -2.728e-05 0.00034739 -0.00024498
0.18044 0.440107 0.65899 -0.00033348 0.00034739 -0.0004556
0.181917 0.418024 0.588204 -0.00046384 0.0004626 -0.0004556
0.183161 0.552877 0.60635 3.979e-05 0.00034739 -0.00021226
0.183041 0.538621 0.656631 -8.172e-05 0.00034739 -0.00025571
0.190011 0.448596 0.633388 -0.00096734 0.00050744 -0.0004556
0.180334 0.534943 0.603509 -0.00023221 0.00019589 -0.00032077
0.190508 0.52565 0.659555 -0.00030428 0.0001605 -0.00021221
0.190006 0.422088 0.671586 -0.00132266 0.00051969 -0.0004556
0.190017 0.480566 0.608983 -0.00055421 0.00052298 -0.0004556
0.1881 0.497053 0.652071 -0.00034118 0.00034739 -0.00026931
0.190544 0.460945 0.676326 -0.00036887 0.00034739 -0.00021147
0.197926 0.389907 0.662087 -0.00129653 0.0005553 -0.0004556
0.18607 0.493462 0.598196 -0.00041535 0.00034739 -0.00027327
0.185274 0.503641 0.654652 -0.00062488 0.00034739 -0.00022248
0.187791 0.477152 0.679126 -0.00088074 0.00034739 -0.0004556
0.190651 0.434062 0.640992 -0.00112918 0.00066304 -0.0004556
0.191223 0.548131 0.611194 -0.00053139 0.00039971 -0.00019232
0.191056 0.503248 0.671764 -0.00078821 0.00034739 -0.00024698
0.185767 0.418702 0.635978 -0.00131395 0.00051931 -0.0004556
0.185609 0.506414 0.600121 -0.00064751 0.00034739 -0.00020494
0.187968 0.496248 0.648749 -0.0002562 0.00034739 -0.00024281
0.189375 0.368954 0.669252 -0.00158117 0.00082136 -0.0004556
0.190165 0.41594 0.550456 -0.00073577 0.00066453 -0.00024493
0.207473 0.486407 0.591196 -0.00047756 0.0006186 -0.00021448
0.191828 0.409312 1.00326 0.00086995 0.00034739 -0.0004556
0.17104 0.420581 0.627027 0.00021491 0.00045283 -0.00012085
