0.0130886 0.0384918 0.11385 -0.00111108 0 0
0.0034005 0.0167151 0.126166 -0.00073622 5.635e-05 0
0.0120019 0.0740451 0.160634 -0.00188484 0 -0.00018959
0.0141318 0.0440236 0.14923 -0.00127741 0 -0.00026108
0.0103054 0.0329162 0.146453 -0.00139403 0 -0.00024019
0.0276726 0.0677831 0.143407 -0.00190185 0.0007132 -0.00053917
0.0255122 0.0402128 0.113363 -0.00165544 0.0004393 -0.00060291
0.0239695 0.0540917 0.129079 -0.00156721 0.00062235 -0.00050674
0.0318808 0.0761832 0.13821 -0.00242231 0.00073035 -0.00059457
0.0251233 0.0164096 0.0890083 -0.00100882 0.00080419 -0.00076003
0.0410694 0.0736285 0.145489 -0.00227324 0.00086245 -0.0007242
0.0468739 0.0353266 0.138508 -0.00134893 0.00089446 -0.00083166
0.0474968 0.0365846 0.151288 -0.00116598 0.00091009 -0.00062946
0.0476562 0.0801519 0.155851 -0.00211251 0.00120358 -0.00062946
0.032827 0.0377892 0.15028 -0.00156697 0.00122481 -0.00062946
0.0262937 0.0698904 0.134473 -0.00200288 0.00080419 -0.00079023
0.0275143 0.0432738 0.129459 -0.00150942 0.00080419 -0.00089937
0.0266084 0.0366899 0.107928 -0.00160303 0.00105419 -0.00062946
0.0398838 0.0811807 0.142159 -0.00230784 0.00122348 -0.0008177
0.0279329 0.0292031 0.114701 -0.00158022 0.00080419 -0.00100317
0.0347542 0.0618589 0.147761 -0.00185641 0.00080419 -0.00102968
0.0402098 0.0784081 0.173946 -0.00259616 0.00080419 -0.00090587
0.0302379 0.023902 0.144742 -0.00141259 0.00080419 -0.00081825
0.037288 0.0863874 0.182657 -0.00272433 0.00065443 -0.00083915
0.0391352 0.0622219 0.194046 -0.00210812 0.0006544 -0.00084171
0.0279685 0.0431787 0.163166 -0.00148256 0.00030696 -0.00093919
0.0465617 0.0946591 0.196992 -0.00255005 0.00071387 -0.00088934
0.0348466 0.0278162 0.162688 -0.00132361 0.00030696 -0.0010337
0.0425686 0.0721458 0.189347 -0.0019121 0.00036089 -0.00101516
0.0455285 0.0542494 0.169234 -0.00154833 0.00030696 -0.00114679
0.0361066 0.0461813 0.178425 -0.00119994 0.0002493 -0.00095353
0.0504434 0.0735186 0.186888 -0.00197765 0.00030696 -0.00091481
0.0462166 0.0384365 0.18436 -0.00131739 -0.00015311 -0.00084532
0.0533175 0.0824215 0.190579 -0.00192168 0.00027853 -0.00080119
0.0467054 0.017551 0.160579 -0.00067412 4.717e-05 -0.00078265
0.0602542 0.0730634 0.199557 -0.00182681 5.251e-05 -0.00081065
0.0651308 0.0484273 0.174866 -0.00101259 0.00017818 -0.00092593
0.0613507 0.0394075 0.170648 -0.0011063 -0.00023748 -0.00089992
0.0760048 0.0957377 0.185046 -0.00228195 0.00017818 -0.00076479
0.0688199 0.0328176 0.163065 -0.00098842 0.00017818 -0.0009813
0.0729071 0.0903239 0.1878 -0.00199338 0.00017818 -0.00091934
0.0837884 0.0617205 0.163728 -0.00151443 0.00017818 -0.0007364
0.0739567 0.0342358 0.180285 -0.00090551 -5.962e-05 -0.00062946
0.0900847 0.111267 0.19949 -0.00257149 0.00017818 -0.00062946
0.0901383 0.0354472 0.191355 -0.00120139 0.00017818 -0.00062946
0.0912042 0.053782 0.174549 -0.00147981 0.00017818 -0.00062946
0.114418 0.0994056 0.21193 -0.00250974 0.00017818 -0.00062946
0.110387 0.0480328 0.200535 -0.00113698 0.00017818 -0.00080278
0.109058 0.0876841 0.192959 -0.0020283 0.00017818 -0.00062946
0.102819 0.0573419 0.184884 -0.0013174 0.00027819 -0.00079123
0.102964 0.0726282 0.185538 -0.001765 0.00017818 -0.00075486
0.108197 0.0803906 0.191592 -0.00182805 0.00026676 -0.00062946
0.0944202 0.025941 0.18825 -0.00080077 -0.00049701 -0.00033812
0.103301 0.0784292 0.195661 -0.00132618 -0.00063089 -0.00047844
0.10558 0.0596625 0.195601 -0.00137947 -0.00023546 -0.00053503
0.0966435 0.0334044 0.148926 -0.00059669 -0.00040997 -0.00073108
0.106845 0.0895082 0.176768 -0.00201017 -0.00040997 -0.00094516
0.106812 0.0440113 0.164565 -0.00089589 -0.00040997 -0.00099956
0.112923 0.083199 0.178716 -0.00156514 -0.00035111 -0.00099956
0.123913 0.0808958 0.17489 -0.00156312 -0.00025574 -0.00113338
0.122168 0.051643 0.173323 -0.00096855 -0.00040997 -0.00099956
0.114779 0.104501 0.181307 -0.00201638 -0.00020671 -0.0012599
0.0992103 0.0382224 0.163323 -0.00052576 -0.00057046 -0.00111137
0.105547 0.0914662 0.175904 -0.00168439 -0.00020369 -0.0013094
0.0991039 0.0559115 0.159395 -0.00107479 -0.00015727 -0.00147564
0.111144 0.089622 0.1653 -0.00158802 -0.00020594 -0.00147564
0.0997173 0.0927603 0.157864 -0.00164775 -0.00010465 -0.00147564
0.110955 0.0683807 0.151106 -0.00105089 -0.0003755 -0.00147564
0.11279 0.113479 0.154949 -0.00202677 -0.00011182 -0.00177354
0.122342 0.0575126 0.132932 -0.00098267 -0.00063033 -0.00158184
0.120956 0.108949 0.130935 -0.00192143 -0.00020504 -0.00176249
0.117249 0.0434909 0.120198 -0.00101034 -0.00054218 -0.00147564
0.117044 0.0939732 0.148959 -0.00174634 -0.00011182 -0.00147564
0.108727 0.0492625 0.119244 -0.00123877 -0.00011182 -0.0018999
0.110995 0.0729272 0.126196 -0.00120264 -0.00011182 -0.0018999
0.11142 0.0953651 0.138537 -0.00154429 -0.00011182 -0.0018999
0.10484 0.0525446 0.147883 -0.00114093 -0.00011182 -0.0018999
0.11536 0.122855 0.152632 -0.00201856 -1.152e-05 -0.00207681
0.110115 0.0583919 0.133462 -0.00096487 -0.00011182 -0.00207498
0.114037 0.0946475 0.123682 -0.00157593 -0.00019551 -0.00211082
0.110782 0.0885201 0.117926 -0.00130796 -0.00011182 -0.00239637
0.112699 0.0874058 0.117601 -0.00120728 -0.00023434 -0.00226454
0.115275 0.120762 0.139503 -0.00193921 4.92e-05 -0.00226454
0.104708 0.0517897 0.116553 -0.00087746 -0.00022365 -0.00226454
0.112071 0.126546 0.126475 -0.00197254 -0.00019825 -0.0024218
0.0982582 0.0453211 0.116223 -0.00077496 -0.0003527 -0.00237603
0.113596 0.0950103 0.136971 -0.00144691 -0.00040979 -0.00226454
0.11654 0.0608747 0.116865 -0.00101811 -0.00063779 -0.00226454
0.110534 0.0838793 0.0951176 -0.00104596 -0.00053872 -0.00239944
0.117886 0.0826885 0.113963 -0.00112224 -0.00048372 -0.00252046
0.107484 0.0536119 0.0943326 -0.00083405 -0.00082796 -0.0026753
0.116795 0.136548 0.124867 -0.00181232 -0.00047445 -0.00296636
0.113183 0.061136 0.0946568 -0.00090257 -0.00053664 -0.00257339
0.115768 0.0812644 0.0953724 -0.0011286 -0.00043218 -0.0026753
0.120582 0.0774898 0.0823342 -0.00130588 -0.00041922 -0.0026753
0.109157 0.0550645 0.0785878 -0.0008757 -0.00063779 -0.00267529
0.118306 0.104588 0.0867532 -0.00150828 -0.0002707 -0.0024253
0.11063 0.045563 0.0741395 -0.00082553 -0.00026428 -0.00252187
0.108376 0.0753491 0.0845655 -0.00116844 -0.00063779 -0.00231754
0.119734 0.11342 0.102124 -0.00163957 -0.00034818 -0.00251148
0.118413 0.0337562 0.0773267 -0.0010703 -0.00054302 -0.00251148
0.121436 0.101819 0.104904 -0.00154831 -0.00041885 -0.00235686
0.115397 0.0955988 0.113498 -0.00168999 -0.0003679 -0.00235725
0.10462 0.0737451 0.111004 -0.00124482 -0.00070434 -0.00245637
0.120138 0.12973 0.120651 -0.0019646 -0.0001946 -0.00251148
0.112693 0.0464374 0.113937 -0.00127525 -0.0004451 -0.00242997
0.11423 0.118872 0.127496 -0.00208386 -0.00020935 -0.00251148
0.104112 0.0746085 0.0901338 -0.00123164 -0.00026813 -0.00251148
0.103203 0.0906746 0.102738 -0.00144839 -0.00039253 -0.00268085
0.106393 0.0856105 0.0991231 -0.00144789 -0.0001387 -0.00293085
0.0879829 0.060375 0.101903 -0.00108405 -0.00063779 -0.00293085
0.103908 0.124318 0.120732 -0.00181907 -0.00034833 -0.00260033
0.101376 0.0845331 0.123678 -0.00137722 -0.00021816 -0.00275822
0.106988 0.0801671 0.121856 -0.00130733 -0.00044499 -0.00277397
0.114394 0.0831545 0.142847 -0.0014937 -0.00012288 -0.00293085
0.0989734 0.0687216 0.115802 -0.00134704 -0.00064286 -0.00293085
0.11979 0.139476 0.147174 -0.00224343 -6.554e-05 -0.00298824
0.111651 0.068675 0.131058 -0.00138829 -0.00035176 -0.00293085
0.113747 0.0905711 0.123548 -0.0016343 -0.00040304 -0.00327789
0.123958 0.135862 0.133508 -0.00216428 -0.00017388 -0.00329724
0.114881 0.0624459 0.117567 -0.00133425 -0.0002369 -0.00317416
0.111698 0.103845 0.134146 -0.00172584 -0.00032722 -0.00317416
0.112634 0.121139 0.129858 -0.00186779 -4.869e-05 -0.00342416
0.105922 0.0463203 0.0897461 -0.00120075 -0.00049066 -0.00342416
0.115143 0.140629 0.114972 -0.00202845 -0.00017957 -0.00342416
0.110834 0.0942665 0.109921 -0.00166491 -0.00021568 -0.00342416
0.105657 0.11118 0.114025 -0.00147493 -0.00046438 -0.00373117
0.1292 0.131293 0.143464 -0.0017937 -0.00015499 -0.00367622
0.128715 0.070967 0.112066 -0.00167296 -0.00054404 -0.00375941
0.136481 0.142699 0.124887 -0.0022332 -0.00016392 -0.0039772
0.125456 0.106683 0.130457 -0.00233787 -5.996e-05 -0.00430106
0.124214 0.106263 0.124264 -0.001762 -0.00019558 -0.00409451
0.127324 0.143172 0.1398 -0.00255042 8.652e-05 -0.0042385
0.103407 0.0546729 0.0947403 -0.0016697 -0.00039494 -0.00446658
0.113924 0.116927 0.108504 -0.0020368 0.00022272 -0.00471658
0.116463 0.0824082 0.10955 -0.0023612 0.00044742 -0.00504335
0.106162 0.093081 0.0786059 -0.0018444 0.00024947 -0.00548789
0.128186 0.159373 0.124075 -0.00289193 0.00054721 -0.00558094
0.117536 0.0815059 0.095568 -0.00230096 4.703e-05 -0.00558094
0.112221 0.108522 0.0894536 -0.00221299 0.00026617 -0.0060141
0.119465 0.116819 0.105526 -0.00259714 0.00042989 -0.0060141
0.111696 0.0724893 0.103865 -0.0022791 0.0003473 -0.00558737
0.126277 0.14514 0.129875 -0.00299396 0.0008437 -0.00559312
0.122544 0.0832427 0.105313 -0.00245142 0.00078395 -0.00574445
0.119499 0.099788 0.0993921 -0.00248293 0.00049055 -0.0060279
0.126853 0.124363 0.105041 -0.00275755 0.00050515 -0.00612782
0.109673 0.0938834 0.0591667 -0.00177049 0.00022585 -0.0067192
0.121583 0.160686 0.102045 -0.00286919 0.0005872 -0.00618927
0.126346 0.1364 0.0800854 -0.00207593 0.00060096 -0.0064962
0.122082 0.132581 0.107853 -0.00271063 0.00045161 -0.00658262
0.118951 0.150219 0.108622 -0.00274505 0.00076089 -0.00652958
0.105817 0.0795726 0.106266 -0.00251714 0.00033371 -0.0063082
0.108148 0.132262 0.110951 -0.00271093 0.00043848 -0.00628982
0.116365 0.148182 0.118326 -0.00300426 0.00070418 -0.00610171
0.105949 0.0732867 0.106206 -0.00250293 0.00028859 -0.005904
0.119238 0.169572 0.134421 -0.00314482 0.0004851 -0.00599755
0.112192 0.109976 0.118936 -0.00274615 0.0003927 -0.00628982
0.114296 0.126747 0.134781 -0.00285455 0.00028859 -0.00593162
0.1182 0.167387 0.133534 -0.00317147 0.00060899 -0.00619283
0.104108 0.0929669 0.146738 -0.00289423 0.00028859 -0.00628982
0.110625 0.182166 0.140148 -0.00333742 0.00074885 -0.00654637
0.0989417 0.0952663 0.152885 -0.00302488 0.00028859 -0.00667355
0.0991626 0.143048 0.163271 -0.00307578 0.00059938 -0.00667355
0.105377 0.136854 0.152571 -0.00325264 0.00064807 -0.00672438
0.0874897 0.0728536 0.131802 -0.00258342 0.00028859 -0.00667355
0.0918875 0.17297 0.13328 -0.00277384 0.00045619 -0.00682531
0.0679523 0.107036 0.146336 -0.00296047 0.00010086 -0.00691111
0.0671406 0.0947095 0.131958 -0.00266006 -0.00036105 -0.00666429
0.107726 0.151041 0.169215 -0.00373486 0.00049433 -0.00661415
0.0765398 0.0550298 0.148737 -0.00249206 1.812e-05 -0.00701631
0.0805362 0.140888 0.162813 -0.00337497 0.00034056 -0.00716111
0.0724472 0.1032 0.158832 -0.00303254 0.00035262 -0.00693963
0.0789187 0.100828 0.156701 -0.0027218 0.00011213 -0.00691111
0.0825449 0.175829 0.159022 -0.00311177 0.00024557 -0.00716111
0.0687904 0.0831651 0.140937 -0.00245097 -8.795e-05 -0.00716111
0.0724693 0.128408 0.151852 -0.00284797 0.00018484 -0.0069585
0.0838202 0.120265 0.138378 -0.00299984 0.00041088 -0.00691111
0.0774419 0.0545862 0.143976 -0.00258429 -8.272e-05 -0.00691111
0.0892906 0.143293 0.143116 -0.00292411 0.00036188 -0.00671957
0.0950994 0.0957101 0.141809 -0.00295992 0.00045706 -0.0066868
0.0907953 0.0856858 0.164072 -0.00283004 4.417e-05 -0.00675937
0.109031 0.155874 0.150255 -0.00327752 0.00061084 -0.00656916
0.0919213 0.0984872 0.153902 -0.00290936 0.00037829 -0.00669705
0.104682 0.19007 0.168457 -0.00329047 0.00040959 -0.00675937
0.112942 0.0865334 0.145452 -0.00275341 0.00037569 -0.00670429
0.117256 0.143186 0.156576 -0.00299109 0.00033388 -0.00660027
0.122581 0.124215 0.165634 -0.00283514 0.00039481 -0.00658646
0.110982 0.0838541 0.129104 -0.00218123 0.00021372 -0.00669156
0.124528 0.171306 0.16895 -0.00330015 0.00061303 -0.00663198
0.132174 0.107263 0.170493 -0.00293891 0.00062723 -0.00655904
0.134071 0.098546 0.155144 -0.00265166 0.00035407 -0.00654612
0.136643 0.175587 0.18379 -0.00332594 0.00080117 -0.00651553
0.13664 0.102239 0.167159 -0.00297953 0.00102371 -0.00655
0.140807 0.134288 0.169323 -0.00342947 0.00075828 -0.00630805
0.146726 0.158982 0.177227 -0.00359106 0.00111863 -0.00653813
0.137471 0.0829301 0.165424 -0.00336422 0.00084393 -0.00616004
0.132863 0.164311 0.139299 -0.00218063 0.00090325 -0.00647469
0.137227 0.175289 0.139448 -0.00218458 0.00120483 -0.00672977
0.12608 0.113353 0.1384 -0.00190938 0.00105864 -0.00657848
0.139444 0.165966 0.165255 -0.00271813 0.00112431 -0.00657848
0.123451 0.0777428 0.132761 -0.00237499 0.00095914 -0.00657848
0.128744 0.152048 0.148838 -0.00253257 0.00112431 -0.00664109
0.132863 0.137401 0.147965 -0.00213723 0.00117553 -0.00689856
0.133159 0.108357 0.127604 -0.00178541 0.00082785 -0.00677994
0.14347 0.172378 0.156812 -0.00261601 0.00133527 -0.00677832
0.13569 0.106742 0.134291 -0.00156433 0.00079253 -0.00676842
0.148158 0.19061 0.120673 -0.00249314 0.00128622 -0.00686997
0.148945 0.114937 0.108877 -0.00199164 0.0011444 -0.00680911
0.145603 0.146032 0.130054 -0.0023219 0.00104912 -0.00679011
0.144292 0.150943 0.119431 -0.00211536 0.00139205 -0.00680158
0.142215 0.108528 0.111708 -0.00148142 0.0006294 -0.00707768
0.15129 0.18161 0.091324 -0.00202103 0.00097768 -0.00686903
0.15253 0.100154 0.0740276 -0.00105263 0.00071563 -0.0069216
0.151013 0.185763 0.106454 -0.00231551 0.00106908 -0.00707022
0.14989 0.0953352 0.113179 -0.00151718 0.0006294 -0.00722185
0.142659 0.160792 0.113094 -0.0021015 0.00098588 -0.00729867
0.146119 0.123736 0.0965164 -0.00186196 0.00098945 -0.007446
0.136811 0.123478 0.112327 -0.00152657 0.00045516 -0.00721939
0.154716 0.184953 0.104759 -0.00211101 0.00121929 -0.00686812
0.143105 0.113305 0.0893157 -0.00139545 0.00097097 -0.00738296
0.143408 0.162734 0.107439 -0.00172655 0.0007477 -0.00726575
0.151694 0.185177 0.112911 -0.00230842 0.00095911 -0.00719963
0.138625 0.0935451 0.0850368 -0.00158186 0.0006294 -0.00732301
0.157188 0.170757 0.103003 -0.00204299 0.0006294 -0.00737508
0.151933 0.145461 0.122242 -0.00187193 0.0007475 -0.00723732
0.133678 0.0995965 0.100661 -0.00150135 0.0006294 -0.00711404
0.141895 0.178373 0.108298 -0.00204263 0.00098535 -0.00711404
0.127351 0.110495 0.0726507 -0.00165779 0.00099236 -0.00711404
0.14779 0.178771 0.096049 -0.00209725 0.00099104 -0.00711404
0.146318 0.152071 0.0827098 -0.00177704 0.00111839 -0.00711404
0.136649 0.144249 0.0556669 -0.00137592 0.0009942 -0.00711404
0.151514 0.197795 0.0834132 -0.00226506 0.00133045 -0.00742812
0.132862 0.120738 0.0504444 -0.00129797 0.00081146 -0.00751094
0.137636 0.196453 0.0772703 -0.00202141 0.00098866 -0.00767067
0.12688 0.117478 0.0661922 -0.0015234 0.00105263 -0.00741809
0.13841 0.174159 0.0808697 -0.00190598 0.00112522 -0.00754691
0.132778 0.128989 0.065558 -0.00141395 0.00072129 -0.00738396
0.132264 0.178868 0.0546243 -0.00153447 0.00084639 -0.00787166
0.118184 0.134406 0.0470569 -0.00143299 0.00072004 -0.00802396
0.118052 0.134175 0.0414242 -0.00108614 0.00060791 -0.0080398
0.137777 0.184776 0.0856479 -0.00206476 0.00105263 -0.00815218
0.117774 0.126447 0.0577444 -0.00139868 0.00082471 -0.00810705
0.136475 0.218104 0.0677021 -0.00193009 0.00105263 -0.00845019
0.138706 0.146733 0.0611214 -0.00158687 0.00083681 -0.00872548
0.148911 0.191628 0.0944846 -0.00244052 0.00107992 -0.00857602
0.144471 0.171742 0.0991561 -0.00251979 0.00136125 -0.0088316
0.131131 0.121618 0.0922794 -0.00220875 0.00119772 -0.00857603
0.130338 0.197871 0.121454 -0.00306279 0.0014177 -0.0089993
0.126483 0.110371 0.104233 -0.00262394 0.00119772 -0.00918698
0.132733 0.135167 0.0925982 -0.00228346 0.00119772 -0.00889895
0.146112 0.163839 0.105626 -0.00266499 0.00140107 -0.00898533
0.124551 0.11561 0.071642 -0.00187201 0.00089472 -0.00880105
0.130648 0.207115 0.0866863 -0.00263542 0.00119976 -0.00923981
0.132809 0.131656 0.0775764 -0.00227491 0.00122831 -0.0102823
0.135543 0.205267 0.117803 -0.00338035 0.00156167 -0.0097462
0.128537 0.162012 0.0975239 -0.00276862 0.00163209 -0.00992901
0.120378 0.146984 0.106679 -0.00294864 0.00145336 -0.00993888
0.122665 0.16273 0.107681 -0.00335499 0.00180089 -0.0109571
0.0904355 0.109591 0.0851745 -0.00289937 0.00182539 -0.010168
0.120891 0.183182 0.111128 -0.00329727 0.00181915 -0.0109501
0.103196 0.0887052 0.0761478 -0.00286765 0.00145336 -0.0106627
0.118991 0.172675 0.0879696 -0.0029778 0.00162805 -0.0112732
0.11217 0.131427 0.0774787 -0.00292063 0.00159086 -0.0115565
0.118249 0.145326 0.0807435 -0.00277379 0.00145336 -0.011637
0.123587 0.172536 0.0786628 -0.00318201 0.00163665 -0.0122032
0.123517 0.13784 0.0771217 -0.00277398 0.00166708 -0.011937
0.134201 0.187963 0.0989344 -0.00303565 0.00206729 -0.0130896
0.129834 0.120839 0.084508 -0.00274638 0.00165235 -0.0129516
0.13692 0.175336 0.0962055 -0.00321627 0.00201115 -0.0131678
0.149834 0.142168 0.110569 -0.00319853 0.00213109 -0.0134353
0.131327 0.107844 0.0909749 -0.00299799 0.00212598 -0.0134099
0.138964 0.196041 0.120663 -0.00360888 0.00229131 -0.0140991
0.135062 0.121109 0.112435 -0.00366037 0.00211111 -0.0142997
0.135855 0.123079 0.104725 -0.00347131 0.00242114 -0.0147676
0.134778 0.200483 0.114333 -0.00392318 0.00257442 -0.015401
0.133808 0.119269 0.0947781 -0.00336073 0.00257442 -0.0156782
0.130052 0.180168 0.0770575 -0.00343962 0.00257442 -0.0157372
0.131412 0.16427 0.0766864 -0.00334357 0.00262716 -0.0158382
0.126247 0.139487 0.0935571 -0.00344347 0.00257442 -0.0157591
0.14241 0.211127 0.122286 -0.00410135 0.00257442 -0.0155397
0.135084 0.116231 0.0918248 -0.00353757 0.00247616 -0.0155853
0.140314 0.154889 0.0839065 -0.0036236 0.00257442 -0.0158033
0.143023 0.191459 0.0839504 -0.00359141 0.00278152 -0.0162094
0.142145 0.137091 0.0426726 -0.00327584 0.00237501 -0.0166216
0.144293 0.214699 0.0590506 -0.00368637 0.00257442 -0.016817
0.134952 0.15067 0.0533207 -0.00332771 0.00257442 -0.0174094
0.128887 0.15659 0.0401423 -0.00331995 0.00257442 -0.017561
0.137153 0.233289 0.0712532 -0.00351762 0.00290859 -0.0172829
0.151962 0.137463 0.0584672 -0.00347545 0.00321985 -0.0182718
0.16004 0.192208 0.0584978 -0.00342209 0.00349298 -0.0189929
0.156917 0.192703 0.0548083 -0.00386993 0.00362212 -0.0193788
0.150956 0.145904 0.0290873 -0.0031165 0.00302086 -0.0197025
0.148667 0.224021 0.0528892 -0.00400868 0.0033031 -0.0196513
0.145239 0.196817 0.047443 -0.00414409 0.00349298 -0.0195595
0.131612 0.153746 0.0396522 -0.00378157 0.00317791 -0.019466
0.129108 0.268266 0.0612451 -0.00422106 0.00344241 -0.0195188
0.111996 0.188884 0.0521956 -0.00389146 0.00349298 -0.0204781
0.10426 0.213992 0.0494063 -0.0042285 0.00349298 -0.0201857
0.100241 0.234615 0.0474559 -0.0044493 0.00349298 -0.0198505
0.108886 0.18254 0.0377684 -0.0037419 0.00308246 -0.0197815
0.111615 0.256881 0.0436643 -0.0043343 0.00349298 -0.0195788
0.101555 0.149991 0.0376093 -0.00394486 0.00342104 -0.0198037
0.123029 0.261182 0.0502356 -0.00365225 0.00346338 -0.020026
0.11119 0.182749 0.0317185 -0.00373947 0.00328124 -0.0201961
0.108411 0.208718 0.0363535 -0.00396478 0.00328124 -0.0205497
0.108079 0.228747 0.0571407 -0.00418943 0.00372656 -0.0205724
0.118812 0.149558 0.0348049 -0.0033102 0.00324673 -0.0206542
0.121818 0.253332 0.0606857 -0.00418246 0.00377111 -0.0207923
0.103866 0.174772 0.044355 -0.00408584 0.00345829 -0.0206973
0.117221 0.174928 0.0445774 -0.00415577 0.00345833 -0.0207089
0.114972 0.217759 0.0650345 -0.00403752 0.00366656 -0.021164
0.100903 0.151701 0.0247472 -0.00355666 0.003304 -0.0215377
0.118616 0.232924 0.0278155 -0.00408893 0.00351195 -0.0223515
0.120613 0.174362 0.0178614 -0.00351447 0.003304 -0.0222245
0.122675 0.263635 0.025858 -0.0037908 0.003595 -0.0229957
0.117316 0.181013 0.00468825 -0.00402136 0.00374624 -0.0230523
0.118638 0.202069 0.025945 -0.00382382 0.00369475 -0.022886
0.122893 0.239866 0.048765 -0.00474045 0.0040012 -0.0230354
0.107795 0.136089 0.0106453 -0.00390637 0.00348957 -0.0224137
0.115059 0.244469 0.0149489 -0.0044237 0.00352958 -0.0227935
0.112054 0.205108 -0.00197218 -0.00447134 0.00364768 -0.0230787
0.11799 0.167976 -0.00950157 -0.0032524 0.00342715 -0.0230194
0.115017 0.267762 0.0149932 -0.00413383 0.00380689 -0.0234673
0.111973 0.1785 0.0183212 -0.0037909 0.00371371 -0.0232665
0.114941 0.211744 0.0234814 -0.00367671 0.00342715 -0.0231681
0.118749 0.229263 0.0437933 -0.00407817 0.00361758 -0.0233114
0.102939 0.155344 0.0217624 -0.00387118 0.00342715 -0.0234321
0.0992955 0.259271 0.0558617 -0.00448749 0.00375696 -0.0233026
0.0975381 0.182358 0.0402585 -0.0043725 0.00364293 -0.0233168
0.103008 0.192167 0.0426177 -0.00439242 0.00364121 -0.0230974
0.109123 0.223862 0.0558816 -0.00450914 0.00361301 -0.0231751
0.102471 0.140142 0.0391139 -0.00400975 0.00342715 -0.0233302
0.116282 0.253536 0.05427 -0.00477503 0.00359741 -0.0233888
0.109213 0.167715 0.0481648 -0.00441684 0.00359401 -0.0233537
0.100644 0.194726 0.05486 -0.00422657 0.00331337 -0.023913
0.100919 0.210658 0.0421845 -0.00440188 0.00342715 -0.0234338
0.0991291 0.189268 0.0552507 -0.00432055 0.00373142 -0.0236081
0.0922277 0.227204 0.045151 -0.00449972 0.00342715 -0.0233381
0.0849042 0.157379 0.0366253 -0.00399127 0.00337071 -0.0234223
0.0963389 0.266358 0.0495845 -0.0049287 0.00392204 -0.0239183
0.0689436 0.137622 0.0186444 -0.00493193 0.00342715 -0.0235306
0.0686305 0.127344 -0.0028842 -0.0036018 0.00291615 -0.0223283
0.112011 0.243761 0.00905423 -0.00518942 0.00379305 -0.0230699
0.112024 0.163262 0.00197048 -0.00471401 0.00367975 -0.0229927
0.111873 0.217193 0.00624109 -0.00466171 0.00358561 -0.0230394
0.129545 0.246502 0.018097 -0.00463922 0.00391616 -0.0232874
0.113095 0.157155 -0.0123454 -0.00453231 0.00360776 -0.0230129
0.129874 0.236082 0.0135848 -0.00494767 0.00400818 -0.0228279
0.138483 0.196113 0.0282168 -0.00479928 0.00402592 -0.0230278
0.16088 0.181786 0.00223646 -0.00417409 0.00358553 -0.0236313
0.174405 0.273543 0.0204447 -0.00462817 0.00415962 -0.0238854
0.15428 0.15088 -0.0128795 -0.00432195 0.00433834 -0.0242268
0.159888 0.22927 -0.00337056 -0.00497524 0.00442443 -0.0247197
0.158911 0.192682 -0.00344983 -0.0045914 0.0043322 -0.0250052
0.145436 0.187179 -0.0185216 -0.00461356 0.00424554 -0.0250892
0.169402 0.272291 3.457e-05 -0.0049728 0.00451199 -0.0251565
0.160878 0.17182 -0.0161255 -0.00426849 0.00481266 -0.025668
0.159399 0.271929 0.0193811 -0.00451149 0.00481266 -0.0254198
0.160006 0.229604 0.012762 -0.00489463 0.00481266 -0.0250835
0.165383 0.199151 0.0318043 -0.00469157 0.00428002 -0.0249199
0.170271 0.303091 0.0436177 -0.005364 0.00445572 -0.0242644
0.17396 0.221013 0.0280109 -0.00497059 0.00410293 -0.0236695
0.166802 0.187462 0.0315336 -0.005196 0.00388929 -0.0229586
0.179251 0.290202 0.0321242 -0.00559938 0.00404625 -0.0222338
0.183915 0.187803 0.0352469 -0.00522934 0.00374936 -0.0216074
0.166453 0.195649 0.0510866 -0.00448555 0.00327061 -0.0214061
0.177644 0.282485 0.0488395 -0.00512131 0.0034969 -0.0210328
0.156953 0.25738 0.018114 -0.00504965 0.00367602 -0.0212617
0.162829 0.207733 0.032354 -0.00534972 0.00365545 -0.0210545
0.179428 0.289243 0.0271512 -0.00554299 0.00374936 -0.0208949
0.183279 0.16964 0.0418989 -0.00518781 0.00374936 -0.0205911
0.182211 0.230061 0.0284916 -0.00524527 0.00374936 -0.0202656
0.190109 0.264583 0.0100323 -0.00552405 0.00374936 -0.0204436
0.182538 0.165721 -0.00434653 -0.0051161 0.00384641 -0.0207493
0.181067 0.278006 0.00661489 -0.00547538 0.00393728 -0.0206357
0.184686 0.240832 -0.00010769 -0.00484959 0.00407788 -0.0208916
0.175707 0.211376 0.00170227 -0.00498347 0.00399688 -0.0208207
0.190355 0.310561 0.00074028 -0.00540877 0.00407838 -0.0208202
0.176285 0.20871 -0.0125091 -0.00500037 0.00435834 -0.0205071
0.178515 0.260676 -0.037131 -0.00466109 0.00435338 -0.0203288
0.19831 0.27827 -0.0330071 -0.00504707 0.00438325 -0.0200929
0.18311 0.204691 -0.0670554 -0.00514214 0.00435261 -0.0201402
0.206728 0.24488 -0.0783246 -0.00529051 0.0042932 -0.0203124
0.222854 0.236322 -0.086603 -0.00534816 0.00462604 -0.0203749
0.213329 0.21203 -0.100299 -0.00517197 0.00465669 -0.0202281
0.236299 0.28008 -0.0895706 -0.00520412 0.00464626 -0.0202127
0.236433 0.231441 -0.102183 -0.00552337 0.00471812 -0.0200926
0.232508 0.223109 -0.132109 -0.00539781 0.00464718 -0.0208305
0.250884 0.298577 -0.130404 -0.00577526 0.00473415 -0.0209335
0.246082 0.216467 -0.154434 -0.00560195 0.00500798 -0.0208874
0.251303 0.260315 -0.143211 -0.00545907 0.00463109 -0.0210369
0.251764 0.281788 -0.155954 -0.0058889 0.00474301 -0.0209187
0.241148 0.186957 -0.208723 -0.0055749 0.00487376 -0.0209353
0.245749 0.28931 -0.164499 -0.00576759 0.00503236 -0.021029
0.25313 0.244482 -0.185255 -0.00546676 0.00507374 -0.0214874
0.227053 0.245078 -0.242455 -0.00577993 0.004999 -0.0218478
0.235322 0.294997 -0.204852 -0.00627675 0.00497623 -0.0222327
0.22737 0.226209 -0.194988 -0.0060172 0.00502279 -0.0214953
0.242352 0.320803 -0.167637 -0.00610767 0.00490681 -0.0217711
0.227483 0.212068 -0.22694 -0.00572527 0.00544434 -0.0217047
0.231445 0.269453 -0.225666 -0.00608424 0.00549955 -0.0221225
0.235129 0.279092 -0.19697 -0.00588748 0.00551169 -0.0221981
0.228108 0.22521 -0.308287 -0.00675128 0.00608454 -0.0222051
0.242733 0.318788 -0.218323 -0.00639659 0.00551102 -0.0222031
0.215902 0.213255 -0.294262 -0.0068815 0.0063966 -0.0228944
0.203669 0.262595 -0.273949 -0.00602056 0.00545944 -0.0232238
0.230193 0.311346 -0.19929 -0.00652688 0.00525644 -0.0220476
0.218782 0.22103 -0.203004 -0.00671809 0.00543958 -0.0217367
0.216649 0.256647 -0.178314 -0.00652961 0.00498869 -0.0214106
0.221819 0.284888 -0.180582 -0.00659101 0.00530775 -0.0217541
0.191077 0.2005 -0.185462 -0.00613709 0.00504849 -0.0214638
0.203446 0.31717 -0.171577 -0.00646279 0.00503515 -0.0213693
0.197381 0.243558 -0.180092 -0.00686532 0.00530489 -0.021208
0.184254 0.216256 -0.174519 -0.00609087 0.00504391 -0.0210497
0.209516 0.315152 -0.156417 -0.00664444 0.00523565 -0.0209265
0.204454 0.250768 -0.154789 -0.00623778 0.00525773 -0.0214738
0.199077 0.235902 -0.156453 -0.00621564 0.0051586 -0.0214496
0.223869 0.323864 -0.125394 -0.00666672 0.00526954 -0.0209388
0.192224 0.221288 -0.116977 -0.00661116 0.00551522 -0.0208772
0.163913 0.207269 -0.106649 -0.00624095 0.00543741 -0.021097
0.153572 0.263855 -0.0639118 -0.00622318 0.00563566 -0.0215782
0.119586 0.184853 -0.0710166 -0.00592078 0.00565212 -0.0221896
0.135972 0.290755 -0.0463412 -0.00656044 0.00572228 -0.0221491
0.138928 0.226822 -0.0619481 -0.00619311 0.00569022 -0.021976
0.122388 0.210561 -0.0627399 -0.0055784 0.00540837 -0.0219088
0.143468 0.300589 -0.0499781 -0.00602383 0.0051754 -0.0219081
0.163564 0.246412 -0.0672289 -0.00628577 0.00508381 -0.0213981
0.156234 0.221426 -0.0564309 -0.0060566 0.00526956 -0.0214443
0.167066 0.308239 -0.0627141 -0.00586786 0.00507553 -0.0212625
0.166942 0.252806 -0.092289 -0.00623597 0.00508961 -0.021048
0.134276 0.187184 -0.106794 -0.00578996 0.00519824 -0.0210227
0.157741 0.263699 -0.0807713 -0.00641829 0.00523153 -0.0211715
0.153513 0.213154 -0.0815261 -0.00559655 0.00486248 -0.0210966
0.147353 0.196724 -0.11829 -0.0056772 0.00456775 -0.0214843
0.169733 0.284081 -0.100225 -0.00611345 0.00476472 -0.021448
0.176028 0.229468 -0.110559 -0.00616088 0.00473631 -0.0213694
0.175907 0.211861 -0.156599 -0.00578328 0.00472001 -0.0214232
0.185366 0.27826 -0.153115 -0.0064268 0.00490408 -0.0221503
0.188917 0.236156 -0.173338 -0.00642138 0.00476626 -0.021781
0.194242 0.248038 -0.153976 -0.00642886 0.00483834 -0.02199
0.200848 0.275786 -0.168023 -0.00681176 0.00495835 -0.02169
0.199211 0.193425 -0.163693 -0.00624335 0.00468352 -0.0214919
0.207212 0.300119 -0.15829 -0.00700423 0.00474494 -0.0214242
0.20007 0.242742 -0.17482 -0.00660738 0.00474494 -0.0216842
0.206031 0.250489 -0.150293 -0.00613828 0.00484697 -0.022063
0.202616 0.304046 -0.169702 -0.00696809 0.00498387 -0.0223362
0.197018 0.209961 -0.1993 -0.00641429 0.00481134 -0.0223726
0.201854 0.311441 -0.181343 -0.00667019 0.00513328 -0.0228201
0.197093 0.224764 -0.212186 -0.00640482 0.00533544 -0.0228336
0.188831 0.27273 -0.216812 -0.00684057 0.00551201 -0.0236567
0.198039 0.272412 -0.193023 -0.00732376 0.00540067 -0.0226782
0.189031 0.201546 -0.197015 -0.00650362 0.0053805 -0.0225915
0.200827 0.299775 -0.160016 -0.00700168 0.00516552 -0.0227562
0.190653 0.207532 -0.1908 -0.00680972 0.00551303 -0.0228348
0.181682 0.219987 -0.196037 -0.00686464 0.00533202 -0.0228014
0.187345 0.276709 -0.194926 -0.00713186 0.00569948 -0.0232581
0.184963 0.193254 -0.244041 -0.00603622 0.0047394 -0.0234256
0.192573 0.282186 -0.205739 -0.00698011 0.00526571 -0.024126
0.195164 0.253797 -0.172734 -0.0069113 0.00564095 -0.0236857
0.182015 0.20336 -0.211656 -0.00662954 0.00549266 -0.0235974
0.195541 0.28007 -0.174365 -0.00696061 0.00537766 -0.0236222
0.184371 0.196874 -0.222867 -0.00664208 0.0051194 -0.0235913
0.18491 0.240864 -0.186989 -0.0070307 0.00508938 -0.0236041
0.189313 0.26741 -0.165839 -0.00701546 0.00488595 -0.0230881
0.189363 0.202306 -0.183157 -0.00644748 0.00446457 -0.0229984
0.209668 0.286738 -0.17059 -0.0072443 0.00474348 -0.023478
0.20652 0.222073 -0.18022 -0.00665747 0.00483978 -0.0235526
0.191403 0.233469 -0.178222 -0.00701035 0.00488568 -0.0234339
0.197512 0.276164 -0.16385 -0.0071776 0.00503026 -0.0236625
0.190438 0.193463 -0.173694 -0.00692396 0.00485238 -0.0236967
0.206447 0.292537 -0.161997 -0.00736278 0.0052433 -0.0238554
0.197131 0.199355 -0.182817 -0.00643704 0.00439752 -0.0241325
0.190284 0.245236 -0.193866 -0.00653852 0.00482557 -0.025608
0.192121 0.241965 -0.19462 -0.0063107 0.00483594 -0.0258051
0.199608 0.139409 -0.167783 -0.0075467 0.00390062 -0.0236703
0.205807 0.260557 -0.178679 -0.00719937 0.00384367 -0.0242027
0.209526 0.232466 -0.223782 -0.00733757 0.00395507 -0.0240412
0.212194 0.201478 -0.240787 -0.00704562 0.00362443 -0.0241878
0.22519 0.298759 -0.194797 -0.00762427 0.00374818 -0.0242455
0.227126 0.190279 -0.216084 -0.00722098 0.00374514 -0.0246036
0.233525 0.216564 -0.207639 -0.00672809 0.00350861 -0.0247638
0.236909 0.255637 -0.202366 -0.00743059 0.0040497 -0.0246889
0.239737 0.153603 -0.248869 -0.00675605 0.00333633 -0.0251024
0.255944 0.231513 -0.237243 -0.00803456 0.00377968 -0.0248478
0.254704 0.201165 -0.236462 -0.00731082 0.00347995 -0.0245469
0.271338 0.177707 -0.296939 -0.00662559 0.00307758 -0.025284
0.284756 0.261916 -0.261489 -0.00825854 0.00399307 -0.0253126
0.28242 0.188303 -0.280768 -0.00648191 0.00307696 -0.025406
0.294099 0.235324 -0.323628 -0.00819393 0.00376847 -0.0256562
0.285922 0.238227 -0.286835 -0.00799971 0.00415639 -0.0257398
0.273116 0.195147 -0.285259 -0.00647797 0.00330379 -0.0259143
0.283283 0.274199 -0.312474 -0.00871926 0.00430427 -0.0259309
0.276473 0.186954 -0.340014 -0.00786092 0.00457087 -0.0264039
0.268576 0.204815 -0.390747 -0.00896641 0.00437784 -0.0265387
0.286899 0.239227 -0.31409 -0.00832786 0.0045721 -0.0265478
0.310132 0.172913 -0.370111 -0.0081689 0.00403462 -0.0266384
0.315218 0.253893 -0.331078 -0.00929093 0.00453095 -0.0268663
0.306678 0.182249 -0.374911 -0.00890145 0.00462556 -0.0273696
0.311587 0.213187 -0.392129 -0.00937519 0.00454302 -0.0275556
0.306318 0.240047 -0.34419 -0.0101843 0.00572454 -0.027238
0.284272 0.173713 -0.374925 -0.00931591 0.00538506 -0.0275939
0.293725 0.248605 -0.328835 -0.00992794 0.00580047 -0.0276457
0.283277 0.151029 -0.375837 -0.00911645 0.00532739 -0.0279931
0.286332 0.230975 -0.351228 -0.00975417 0.0059283 -0.0282119
0.284464 0.166192 -0.380903 -0.00951794 0.00593384 -0.0285898
0.301422 0.192816 -0.391034 -0.009408 0.00542001 -0.0286984
0.295038 0.226601 -0.366208 -0.00997705 0.00634128 -0.0286416
0.289984 0.152331 -0.391229 -0.00929887 0.00578571 -0.0291841
0.283656 0.236851 -0.340641 -0.00971968 0.00624478 -0.0289459
0.283507 0.131744 -0.400293 -0.00927791 0.00585254 -0.0294955
0.293254 0.209134 -0.383055 -0.0098951 0.00606418 -0.0293103
0.294855 0.168709 -0.393934 -0.00987585 0.0059283 -0.0293596
0.304613 0.147504 -0.394144 -0.00873801 0.00524751 -0.0295123
0.314842 0.231709 -0.370202 -0.0093355 0.00639961 -0.0297005
0.326721 0.142134 -0.4115 -0.0085295 0.00620099 -0.0301467
0.321611 0.197642 -0.442383 -0.00925548 0.00640516 -0.0305562
0.315873 0.162594 -0.441256 -0.00873028 0.00603768 -0.0311829
0.300177 0.153337 -0.507132 -0.00865606 0.00603911 -0.0315517
0.326751 0.215678 -0.459144 -0.00958851 0.00700468 -0.031817
0.316227 0.136374 -0.483664 -0.00906258 0.00675974 -0.0318838
0.312143 0.178106 -0.462822 -0.00938919 0.00712205 -0.0313073
0.300278 0.219273 -0.437831 -0.0101008 0.00747786 -0.0308018
0.294254 0.143763 -0.479913 -0.00936174 0.00705612 -0.0312146
0.308568 0.211025 -0.47064 -0.00953237 0.00706239 -0.0314125
0.302134 0.176159 -0.506887 -0.00958159 0.00678729 -0.0314464
0.306874 0.18678 -0.558602 -0.00948981 0.00689058 -0.0314031
0.307197 0.243769 -0.468492 -0.010452 0.00758085 -0.0312533
0.293455 0.16852 -0.46899 -0.00955074 0.00711134 -0.0313309
0.289089 0.1929 -0.480597 -0.0100984 0.00697166 -0.0314506
0.293495 0.226187 -0.436704 -0.0105471 0.00775579 -0.0313738
0.284076 0.157809 -0.466274 -0.00983357 0.00731898 -0.0313118
0.288664 0.213699 -0.45186 -0.0101472 0.00742653 -0.0312639
0.302137 0.202671 -0.43721 -0.0103987 0.00764055 -0.0309717
0.29119 0.15948 -0.438166 -0.00983185 0.00720045 -0.0308627
0.306183 0.222745 -0.434283 -0.0101762 0.00766085 -0.0311485
0.307253 0.148732 -0.473547 -0.00962616 0.00730864 -0.0309535
0.292707 0.178476 -0.52048 -0.00986497 0.0071316 -0.0314571
0.284107 0.199336 -0.479211 -0.0103003 0.00748074 -0.0313075
0.289451 0.147399 -0.563455 -0.0100951 0.00706387 -0.0312654
0.303896 0.193044 -0.516977 -0.0105752 0.00753785 -0.0315081
0.301706 0.167443 -0.513161 -0.0101984 0.00789994 -0.0313785
0.290021 0.147082 -0.573928 -0.00966675 0.00755727 -0.0315318
0.304768 0.220907 -0.536281 -0.0104866 0.00743818 -0.0314618
0.337279 0.165986 -0.624714 -0.0106178 0.00812616 -0.0314715
0.334297 0.136249 -0.787154 -0.0106251 0.00857216 -0.0322514
0.317245 0.220163 -0.680152 -0.0115196 0.00854999 -0.0323129
0.275405 0.137373 -0.769517 -0.0104566 0.00843602 -0.0325014
0.269126 0.151673 -0.890484 -0.0112482 0.00957184 -0.0322514
0.276565 0.201952 -0.776396 -0.011781 0.00910675 -0.0327544
0.273068 0.134284 -0.856129 -0.011075 0.00874212 -0.0322256
0.294083 0.194736 -0.779393 -0.0113048 0.00907224 -0.0323544
0.29318 0.169597 -0.772608 -0.011085 0.0090566 -0.0335967
0.287485 0.143092 -0.79581 -0.0105195 0.00855316 -0.0340013
0.280993 0.226426 -0.701193 -0.0116266 0.00868455 -0.0334998
0.268793 0.138532 -0.680339 -0.0109462 0.00847004 -0.0339457
0.267689 0.152487 -0.759851 -0.0109179 0.00873495 -0.0337763
0.284507 0.207378 -0.687299 -0.0116469 0.00881011 -0.0337018
0.269315 0.152258 -0.693622 -0.0105032 0.00853492 -0.0336205
0.264655 0.205744 -0.676001 -0.011596 0.0086475 -0.033676
0.23293 0.15456 -0.7525 -0.0110051 0.00875255 -0.0338309
0.22476 0.161353 -0.808753 -0.0112044 0.00900467 -0.0340046
0.249869 0.212635 -0.671626 -0.0123123 0.00892337 -0.0338283
0.242143 0.136218 -0.654923 -0.0115828 0.00902459 -0.0340601
0.22154 0.148266 -0.662767 -0.0110238 0.00875615 -0.0338858
0.225726 0.242071 -0.622318 -0.012261 0.00895876 -0.0333158
0.20896 0.153061 -0.635093 -0.0123736 0.00887136 -0.0332757
0.195106 0.108896 -0.664061 -0.0143334 0.00804493 -0.0325277
0.216659 0.206003 -0.622012 -0.0147274 0.00805816 -0.0323162
0.23148 0.165385 -0.628129 -0.0145191 0.00792296 -0.0319318
0.221402 0.135694 -0.637352 -0.013407 0.00747149 -0.0318184
0.226953 0.207777 -0.624059 -0.0141448 0.00775129 -0.0320494
0.229253 0.185225 -0.615545 -0.0141962 0.00782744 -0.0318291
0.217728 0.130387 -0.609886 -0.0133257 0.00762653 -0.0319337
0.216005 0.187849 -0.586311 -0.01353 0.00776536 -0.0318238
0.227192 0.183369 -0.582716 -0.0141958 0.00819218 -0.0317172
0.216337 0.120895 -0.597575 -0.0133982 0.00775684 -0.0317111
0.222874 0.186581 -0.598546 -0.0140221 0.00819218 -0.0319346
0.22535 0.157183 -0.594682 -0.0135534 0.00844452 -0.0319956
0.218059 0.140066 -0.703757 -0.0129365 0.00835687 -0.0321634
0.225783 0.169338 -0.698909 -0.0134311 0.00798523 -0.0322277
0.241518 0.188525 -0.62824 -0.0137632 0.00825302 -0.03224
0.235314 0.133347 -0.64217 -0.0127276 0.00826381 -0.0324115
0.226273 0.13001 -0.711817 -0.0127344 0.00813452 -0.0326918
0.236232 0.192048 -0.67461 -0.0134418 0.00832893 -0.0326918
0.241001 0.14555 -0.693392 -0.0132233 0.00812581 -0.0327799
0.236034 0.132078 -0.732399 -0.0124437 0.0080936 -0.0332751
0.242488 0.18743 -0.686455 -0.0136182 0.00899584 -0.0331161
0.245222 0.118095 -0.752686 -0.012714 0.00863258 -0.0326918
0.246295 0.15165 -0.774667 -0.012827 0.00869707 -0.0326167
0.245562 0.214748 -0.687286 -0.0134742 0.00854438 -0.0327598
0.237413 0.154197 -0.699412 -0.0133835 0.00890783 -0.0328107
0.230847 0.165242 -0.713419 -0.0133224 0.00860376 -0.0326119
0.23786 0.20076 -0.698331 -0.013501 0.00866272 -0.0324382
0.225716 0.152717 -0.701411 -0.0129068 0.00844707 -0.0326077
0.228884 0.240225 -0.647661 -0.0140153 0.00873206 -0.0323325
0.220162 0.16557 -0.64446 -0.0134427 0.00864819 -0.0323012
0.214166 0.185897 -0.665142 -0.0133037 0.00860109 -0.0322678
0.228792 0.191678 -0.664947 -0.0135107 0.00854048 -0.0322004
0.210407 0.1584 -0.673464 -0.0132424 0.00845089 -0.032089
0.228271 0.236633 -0.661599 -0.0137637 0.00817177 -0.0324944
0.206739 0.138319 -0.656751 -0.013136 0.00810967 -0.0324395
0.221321 0.209916 -0.636556 -0.0139965 0.00850767 -0.0322908
0.233731 0.154633 -0.651196 -0.0134768 0.00847001 -0.0324342
0.235615 0.135415 -0.662552 -0.0130254 0.00823601 -0.0324944
0.244058 0.200587 -0.632966 -0.0137169 0.00874796 -0.0325695
0.244422 0.121546 -0.670305 -0.0128948 0.00834892 -0.0324944
0.26011 0.192696 -0.652639 -0.0135342 0.0081857 -0.0325574
0.245928 0.1713 -0.630876 -0.0128141 0.00850112 -0.0324944
0.253102 0.169949 -0.680294 -0.0129959 0.00841526 -0.0326055
0.234545 0.181954 -0.663377 -0.0131352 0.00853751 -0.0328667
0.221551 0.147561 -0.716058 -0.0129358 0.00859357 -0.0327213
0.241298 0.202342 -0.667964 -0.0134812 0.00861046 -0.0327115
0.236728 0.152637 -0.657606 -0.0135896 0.00891234 -0.0327553
0.224591 0.143446 -0.665927 -0.0135149 0.00863565 -0.0328
0.215544 0.169327 -0.677443 -0.0136689 0.00795303 -0.0320986
0.227427 0.189272 -0.650225 -0.0138922 0.00801873 -0.0315636
0.228199 0.152424 -0.65431 -0.0134258 0.00829711 -0.0317947
0.216332 0.147956 -0.661393 -0.013246 0.00775282 -0.0317248
0.228997 0.20801 -0.650792 -0.013525 0.00782303 -0.0318705
0.21173 0.155187 -0.667795 -0.0128194 0.00734844 -0.0318563
0.214473 0.224194 -0.63792 -0.0130391 0.0073423 -0.0313546
0.218068 0.210825 -0.634991 -0.0134382 0.00799619 -0.031605
0.206736 0.154594 -0.647482 -0.0134328 0.00736141 -0.0315292
0.214353 0.231356 -0.636282 -0.0138485 0.00766156 -0.0312677
0.208817 0.159381 -0.646624 -0.0132441 0.00742121 -0.0315509
0.213955 0.192678 -0.628739 -0.01329 0.00716187 -0.0313755
0.216548 0.195732 -0.619204 -0.0135689 0.00780472 -0.0315361
0.210263 0.128463 -0.645726 -0.013016 0.00768437 -0.0315322
0.218228 0.222699 -0.644631 -0.0139659 0.00750469 -0.0315132
0.219543 0.165236 -0.650256 -0.0133689 0.00766979 -0.0315084
0.215141 0.16885 -0.637247 -0.0130524 0.00728095 -0.0315659
0.218973 0.19206 -0.642437 -0.0138677 0.00780251 -0.0317505
0.205999 0.125566 -0.664726 -0.0127304 0.00753946 -0.0317082
0.217386 0.196657 -0.665558 -0.0138998 0.00727872 -0.0316383
0.211112 0.143133 -0.682159 -0.0127605 0.0071256 -0.0316424
0.205551 0.219721 -0.666079 -0.0134931 0.0075226 -0.0316029
0.208462 0.218433 -0.670889 -0.0135382 0.00739424 -0.0314818
0.218528 0.145601 -0.716238 -0.013044 0.0067445 -0.031707
0.221319 0.204615 -0.683194 -0.0136109 0.00753101 -0.0316344
0.213947 0.130564 -0.6943 -0.0130565 0.00768725 -0.0316571
0.220381 0.137131 -0.732082 -0.0132078 0.00733753 -0.0317274
0.219703 0.205858 -0.680706 -0.0139388 0.00750054 -0.0313645
0.211002 0.129308 -0.687233 -0.0131589 0.00748843 -0.0314375
0.205736 0.160582 -0.678885 -0.0133842 0.00759942 -0.031439
0.206286 0.166437 -0.695064 -0.0136125 0.00737214 -0.0316142
0.194445 0.12463 -0.723249 -0.0132807 0.00689582 -0.0317637
0.201703 0.213517 -0.689305 -0.0137998 0.00737032 -0.0316362
0.197245 0.126739 -0.739189 -0.0134173 0.0073557 -0.031775
0.209354 0.196748 -0.710836 -0.0139512 0.00743903 -0.031929
0.20546 0.149835 -0.721377 -0.0134924 0.00761172 -0.0318215
