-0.10636 0.0563126 -0.0641295 0.00205093 -0.00147784 -0.0030344
-0.0890432 0.135663 -0.100297 0.00241685 -0.00116962 -0.00298193
-0.0919798 -0.0313908 -0.0689268 0.00255793 -0.00101698 -0.00295138
-0.0856618 0.117475 -0.12356 0.00315199 -0.00122624 -0.002886
-0.0787083 -0.0151024 -0.0774777 0.00266994 -0.00085628 -0.00276486
-0.0766036 0.0396628 -0.0940017 0.002566 -0.00116379 -0.00269562
-0.0785479 0.0473412 -0.103022 0.00321282 -0.0009207 -0.00258071
-0.0768435 0.00277242 -0.0865558 0.00337699 -0.00075054 -0.00247309
-0.073677 0.0999052 -0.0917634 0.00270492 -0.00085628 -0.00257907
-0.0703637 -0.056535 -0.0251305 0.00224453 -0.0010379 -0.0023329
-0.0650688 0.130696 -0.0997834 0.0022811 -0.00106175 -0.0023819
-0.0660788 0.0933807 -0.0601013 0.00232491 -0.00085628 -0.00232113
-0.0420656 -0.0675403 -0.0556172 0.00229677 -0.00073355 -0.00149327
-0.0459217 0.151148 -0.0788351 0.00325379 -0.00085628 -0.00171197
-0.0515957 0.136095 -0.00028423 0.00285441 -0.00075278 -0.00170607
-0.0458826 0.1646 -0.0542657 0.00285441 -0.00115096 -0.00137668
-0.0584517 -0.00555503 0.0241349 0.00351942 -0.00156055 -0.00130122
-0.05441 0.131893 -0.0794582 0.00432239 -0.00161458 -0.00152677
-0.058908 0.0755665 -0.126715 0.00382384 -0.00152611 -0.00190212
-0.0538034 -0.0216438 -0.074049 0.00261768 -0.00138677 -0.00161082
-0.0478062 -0.0827575 0.00908911 0.00225614 -0.00138677 -0.00120781
-0.0344776 0.102615 -0.0824049 0.00204381 -0.0011665 -0.00153406
-0.0332348 0.0285745 -0.0389038 0.00177028 -0.00121531 -0.00144006
-0.0256476 0.0461558 -0.0769466 0.00212914 -0.00118772 -0.00146985
-0.0269091 0.133301 -0.0984018 0.00217897 -0.00119807 -0.00165722
-0.0240505 0.0279516 0.0392053 0.00082605 -0.00071154 -0.00122358
-0.0337203 0.317121 0.152841 3.338e-05 -0.00154981 -0.00129813
-0.0436148 0.204296 0.135493 0.00102888 -0.00154981 -0.00150235
-0.0352155 0.202827 0.054159 0.00106759 -0.00123283 -0.00123387
-0.0306586 0.193367 0.0574325 0.00117331 -0.00111348 -0.00141814
-0.0228563 0.114866 0.0586747 0.00120713 -0.00111348 -0.00112132
-0.021672 0.165113 0.0305283 0.00145932 -0.00100242 -0.00126697
-0.0176884 0.0547862 0.0542714 0.0012659 -0.00070971 -0.0009048
-0.0187373 0.188722 0.0263621 0.0012659 -0.00062569 -0.00123891
-0.0207553 0.0404434 0.0151177 0.00153108 -0.00069374 -0.0009048
-0.0353271 0.107936 -0.139129 0.00292402 -0.00093713 -0.00146147
-0.0367614 0.0193139 -0.0888998 0.00314873 -0.0008549 -0.00138274
-0.0305124 0.103642 -0.111484 0.00330346 -0.00077301 -0.00137824
-0.0267879 0.0619606 -0.0709173 0.00269038 -0.00069374 -0.00138615
-0.0211526 0.0728532 -0.0817535 0.00277399 -0.00079001 -0.00130925
-0.0225222 0.0900261 -0.0778716 0.00264578 -0.00069374 -0.00138419
-0.0136488 0.00983143 -0.0517035 0.00249076 -0.00069374 -0.00108338
-0.0167161 0.11923 -0.0861593 0.00270134 -0.00069374 -0.00130115
-0.0154156 -0.0288552 -0.0375282 0.00240875 -0.00069374 -0.0009048
-0.00765935 0.138328 -0.0799231 0.00264266 -0.00069374 -0.0009048
-0.0134611 0.0489693 -0.0551898 0.00233357 -0.00069374 -0.00105258
-0.0260433 0.00828949 -0.0397304 0.00255863 -0.0007484 -0.0009048
-0.0529047 0.178225 -0.103978 0.00406418 -0.00122875 -0.00107381
-0.047875 -0.041866 -0.109106 0.00481988 -0.00044739 -0.00103347
-0.0709641 0.100429 -0.25358 0.00627759 -0.00156233 -0.00144243
-0.0813179 0.0727304 -0.26141 0.00632298 -0.00176111 -0.00122106
-0.0639439 -0.0327338 -0.156279 0.00546368 -0.0015579 -0.0009048
-0.0524953 0.0996082 -0.202291 0.00490947 -0.00168795 -0.0009048
-0.0635551 -0.0201302 -0.159733 0.00509968 -0.00166037 -0.0009048
-0.056296 -0.00056582 -0.200102 0.00509968 -0.00183747 -0.00120328
-0.0643788 0.0648756 -0.160764 0.00538987 -0.00147208 -0.00135469
-0.0394265 0.0425581 0.315255 0.00011029 -0.00167418 -0.00101723
-0.00911417 0.437223 0.21069 0.00041938 -0.0013948 -0.00105376
-0.019034 0.265869 0.0552946 0.0018786 -0.00172917 -0.00071901
-0.0332013 0.21616 0.013162 0.00292172 -0.00221619 -0.00060303
-0.0401245 0.235351 0.0185804 0.00297713 -0.00221619 -0.00047176
-0.0420632 0.112545 0.0143202 0.00298364 -0.00267608 -0.00016652
-0.0387277 0.176909 -0.0188956 0.00316936 -0.00284595 -0.00017434
-0.0376453 0.0313368 1.73e-06 0.00309728 -0.00265111 -0.00020242
-0.0335155 0.161822 -0.0300497 0.00296102 -0.00244777 -7.143e-05
-0.0327689 0.0533229 -0.0239231 0.003351 -0.00265945 -1.825e-05
-0.0287501 0.0577398 -0.288247 0.00538126 -0.00255815 -0.00028612
-0.0354048 0.00068943 -0.252428 0.00550171 -0.00251322 -0.00017097
-0.0286163 0.0205157 -0.267364 0.0047755 -0.00264125 -0.00022802
-0.0269948 -0.0122819 -0.227821 0.0047755 -0.00253356 -9.554e-05
-0.0235562 0.0638578 -0.239523 0.0047755 -0.0028331 -0.00029096
-0.026458 -0.0141068 -0.222871 0.00521513 -0.00271041 -0.00029621
-0.0292058 0.0222716 -0.256285 0.0055718 -0.0027247 -0.00035803
-0.0314322 0.0274012 -0.197622 0.0047755 -0.00261758 -9.847e-05
-0.0293688 -0.0131704 -0.207084 0.0047755 -0.00257989 4.61e-06
-0.0300181 0.0896226 -0.260747 0.00514013 -0.00268906 -0.00040594
-0.045026 -0.0796459 -0.188595 0.0047755 -0.00261763 -3.974e-05
-0.0372144 0.100735 -0.263025 0.00544454 -0.00262878 -2.233e-05
-0.0421063 -0.0250247 -0.191651 0.00512918 -0.00280877 -1.244e-05
-0.0424144 -0.0165344 -0.184503 0.00621487 -0.00296066 0.00028599
-0.0487244 0.164044 -0.336417 0.00640403 -0.00368296 -0.00012465
-0.0426236 0.0246407 -0.306495 0.00594145 -0.00331884 -7.113e-05
-0.0428606 -0.0683626 -0.226398 0.00468602 -0.00310154 5.183e-05
-0.0440163 0.0273509 -0.273374 0.00474293 -0.00336565 -0.00017085
-0.0464146 -0.0329187 -0.242843 0.00484026 -0.00314289 -8.373e-05
-0.0507185 -0.0220934 -0.271523 0.00495332 -0.00301082 0.00012557
-0.0382822 -0.00686081 -0.215989 0.00479576 -0.00292156 6.02e-05
-0.0478107 -0.067097 0.0801365 0.00543514 -0.00189846 0.00061256
-0.0251012 0.362306 0.181264 0.00430972 -0.00260778 0.0001227
-0.0464971 0.515875 0.128749 0.00403689 -0.00320888 0.0007684
-0.0498755 0.275122 0.0982459 0.00419758 -0.00354559 0.0011311
-0.0423266 0.307875 -0.172665 0.00610415 -0.00357959 0.00107691
-0.0474137 -0.0237558 -0.226823 0.00652359 -0.0037717 0.00109227
-0.0457765 0.0157772 -0.272018 0.00702006 -0.00407172 0.00103475
-0.0509464 -0.116112 -0.215368 0.00676725 -0.00387695 0.00105281
-0.0498502 -0.074293 -0.262487 0.0066698 -0.0041355 0.00108773
-0.0536367 -0.0785044 -0.246373 0.00684319 -0.00417519 0.00137011
-0.0587049 -0.0914923 -0.237418 0.00729899 -0.00419365 0.00127694
-0.051478 0.121265 -0.302832 0.00755557 -0.00439392 0.00108357
-0.049841 0.0283508 -0.242762 0.00662345 -0.00402363 0.00117731
-0.0490392 0.176418 -0.275319 0.00704287 -0.00381639 0.00112307
-0.0524135 0.0611616 -0.273367 0.00698804 -0.00403055 0.001186
-0.0498688 0.106047 -0.303352 0.00637119 -0.00402935 0.00084882
-0.0531987 0.0582431 -0.304163 0.00685162 -0.0039822 0.00113712
-0.0563143 -0.0160846 -0.181611 0.00552502 -0.00360491 0.0012834
-0.0485067 0.0745792 -0.162008 0.00472508 -0.00345537 0.00111654
-0.0567746 -0.0817955 -0.133417 0.00453259 -0.00323228 0.00129871
-0.0610129 0.123876 -0.130744 0.00441182 -0.00312744 0.0010348
-0.070388 0.00755455 0.0343718 0.00464648 -0.0035578 0.00101756
-0.0679108 0.16984 0.0892195 0.00395475 -0.00302027 0.00104254
-0.0558505 0.461089 0.0904547 0.0040141 -0.0032393 0.00087285
-0.0486716 0.299249 0.0676891 0.00348428 -0.00281275 0.00069534
-0.0482827 0.285168 0.00142478 0.00323464 -0.00269412 0.00061487
-0.0497641 0.192747 0.0151424 0.00270698 -0.00274575 0.00048418
-0.0424208 0.143108 -0.0845456 0.00308492 -0.00300981 0.00041659
-0.0563682 -0.0411244 -0.288582 0.00400711 -0.00347907 0.00044045
-0.0745509 -0.0932578 -0.246876 0.00507523 -0.00421361 0.00046057
-0.0864288 0.0614674 -0.269927 0.00596603 -0.00372892 0.00026228
-0.0722224 0.0397821 -0.233905 0.00485255 -0.00291286 0.00056031
-0.0730978 -0.00863521 -0.251801 0.00527526 -0.00314771 0.00058813
-0.0754366 0.0710052 -0.270337 0.00489458 -0.00299533 0.00050433
-0.075453 -0.0411522 -0.264448 0.00559018 -0.00291962 0.00056193
-0.0717496 0.129158 -0.228854 0.00505685 -0.00273032 0.00010246
-0.0746365 0.0703834 -0.1742 0.00505058 -0.00291103 0.00041157
-0.0725487 0.116482 -0.243191 0.00514868 -0.00304297 0.00047673
-0.0771969 0.0609091 -0.206512 0.00510388 -0.00305736 0.00063281
-0.0737684 0.0491534 -0.253603 0.00563139 -0.00295747 0.00051824
-0.0811351 0.0978922 -0.27355 0.00598187 -0.00291638 0.00058882
-0.0902742 -0.0884208 -0.229545 0.00652181 -0.0031777 0.00085297
-0.117724 0.0890858 -0.301942 0.00549107 -0.00455449 0.00208057
-0.070859 -0.104053 -0.465714 0.00818374 -0.00388336 0.00110282
-0.0208262 -0.129763 -0.415907 0.00664485 -0.00333168 0.00075292
0.00178672 -0.00241807 -0.364073 0.00664014 -0.00281597 0.00037521
-0.0186417 -0.0271469 -0.430037 0.00682899 -0.00294538 0.00058328
-0.0214366 -0.0768823 -0.198689 0.00588913 -0.00285489 0.00056375
-0.0185125 0.0884162 -0.337808 0.00706129 -0.00309947 0.00066924
-0.0266683 -0.0905519 -0.326206 0.00764634 -0.00316549 0.00065092
-0.0310178 0.102997 -0.45967 0.00865974 -0.00362654 0.00063905
-0.0318651 0.01929 -0.441363 0.00896692 -0.00345733 0.00066386
-0.0433933 -0.178743 -0.267921 0.00834965 -0.00290593 0.00088747
-0.0269037 0.131159 -0.321628 0.00732828 -0.00279758 0.00072569
-0.0309558 0.17204 -0.259028 0.00566759 -0.00279758 0.00047422
-0.0336415 0.025732 -0.24885 0.00568431 -0.0024924 0.0006068
-0.0423492 0.0864978 -0.382478 0.00867519 -0.00279831 0.0006244
-0.0576711 -0.166005 -0.339683 0.00828942 -0.00373149 0.00118095
-0.0472686 0.0726467 -0.416695 0.00784277 -0.00329335 0.00106056
-0.035242 0.0199739 -0.422489 0.00801031 -0.00304339 0.00080066
-0.0443678 -0.0782972 -0.416251 0.00786845 -0.00311852 0.00083915
-0.0402331 0.026372 -0.425921 0.00762003 -0.00256557 0.00084093
-0.0412563 -0.0852065 -0.409749 0.00848065 -0.00288868 0.00095994
-0.0379518 0.0125764 -0.444787 0.00804243 -0.00289872 0.00093429
-0.0427051 -0.0847975 -0.408549 0.00863404 -0.00288118 0.00110736
-0.0398664 0.0295304 -0.447863 0.0082327 -0.00289607 0.00081788
-0.0325458 -0.0990165 -0.502069 0.0067877 -0.00336194 0.00091069
-0.105618 -0.509954 -0.719856 -0.00467052 -0.0103102 0.00050353
-0.0704114 -0.166842 -0.592855 -0.00057486 -0.00861946 0.0019437
-0.0578683 -0.204889 -0.421914 0.00045612 -0.00663944 0.00194286
-0.0571073 -0.125812 -0.380995 0.00120927 -0.00591485 0.0017157
-0.0423256 -0.0310543 -0.401299 0.00158788 -0.00561988 0.00143321
-0.0379542 -0.136776 -0.365124 0.00166981 -0.00482264 0.00125521
-0.0350924 -0.00880271 -0.427996 0.00134329 -0.00494096 0.00130456
-0.0272948 -0.16344 -0.43396 0.00298818 -0.00494096 0.00122043
-0.0430087 -0.0271569 -0.340941 0.0027819 -0.00406673 0.00040768
-0.0304352 0.0378993 -0.263948 0.00158858 -0.00320047 0.00023875
-0.0265928 -0.0759529 -0.238592 0.00185397 -0.0025652 0.00011374
-0.0261222 -0.0116003 -0.278023 0.00097878 -0.00259399 8.85e-05
-0.0223853 -0.0665261 -0.310851 0.00156735 -0.00239605 0.00028242
-0.0238021 -0.0779017 -0.344557 0.00178582 -0.00293116 5.431e-05
-0.0176487 -0.0159727 -0.357739 0.00131853 -0.00260941 1.342e-05
-0.0191626 -0.114723 -0.349216 0.00156853 -0.0025061 0.00011398
-0.0411969 -0.0557226 -0.638723 0.00696429 -0.00577751 0.00058715
-0.0638608 -0.130195 -0.231406 0.0091624 -0.00458528 0.00166351
-0.0507588 0.0140723 -0.189779 0.00852168 -0.00456061 0.00195942
-0.0555122 0.289368 -0.390436 0.00738529 -0.00481947 0.00137845
-0.0511404 0.230373 -0.253111 0.00448223 -0.00408248 0.000706
-0.0354987 0.0489277 -0.261395 0.00446641 -0.00360795 0.00070604
-0.0382849 0.04969 -0.322819 0.00448945 -0.00360871 0.0004364
-0.0362065 -0.185405 -0.464596 0.00640452 -0.00449008 0.00085262
-0.0463561 -0.180565 -0.531014 0.00704577 -0.00397387 0.00112255
-0.0518296 -0.270585 -0.628203 0.00804112 -0.00553093 0.00148508
-0.0468672 -0.279907 -0.735756 0.00979503 -0.00502207 0.00129326
-0.0561303 -0.179997 -0.646372 0.00927856 -0.00482573 0.0011316
-0.0529576 -0.139087 -0.611689 0.00883558 -0.00516237 0.0012277
-0.0532226 -0.0425897 -0.666892 0.00902991 -0.00483467 0.00122275
-0.0515093 -0.0513033 -0.59443 0.008813 -0.00464582 0.0014406
-0.0515768 -0.0146332 -0.581549 0.00835347 -0.00471813 0.00154412
-0.0488002 0.00050716 -0.511575 0.00722548 -0.0043261 0.0015851
-0.0525944 -0.0963927 -0.515136 0.00781829 -0.00450513 0.00151792
-0.0534545 -0.0958565 -0.512761 0.00741274 -0.00445564 0.00155679
-0.059042 -0.213252 -0.508153 0.00746168 -0.00490336 0.0015299
-0.054211 -0.0651218 -0.573029 0.00843495 -0.00386415 0.00127015
-0.0556777 -0.20619 -0.508317 0.00827831 -0.00395541 0.00150324
-0.0571574 -0.017426 -0.544139 0.0081438 -0.00412279 0.00140901
-0.0531409 -0.106837 -0.538257 0.00859285 -0.00373181 0.00133723
-0.0571224 -0.00374203 -0.577729 0.00864462 -0.00386776 0.00144227
-0.059271 -0.0754288 -0.494606 0.00838742 -0.00358915 0.00137471
-0.0585823 0.0299411 -0.542851 0.00859144 -0.00354263 0.00117902
-0.0527406 -0.0888783 -0.475071 0.00845489 -0.00362264 0.00148774
-0.0566252 -0.0822202 -0.507913 0.00857199 -0.00383113 0.00136467
-0.057417 0.0101046 -0.516633 0.00832349 -0.00395528 0.0014603
-0.055986 -0.168814 -0.489075 0.00830697 -0.00353048 0.00154251
-0.0559199 0.0146341 -0.45165 0.0075335 -0.00423073 0.00146089
0.00207331 -0.0415657 -0.237026 0.00437191 -0.00276123 0.00068914
0.0155236 0.00756289 -0.645631 0.00969766 -0.00319624 0.0006193
-0.00752102 -0.132027 -0.696365 0.00987969 -0.0037502 0.00073261
-0.0298718 -0.0874499 -0.41223 0.00783496 -0.00355813 0.00076586
-0.0334412 -0.00610616 -0.552061 0.00889791 -0.00381447 0.0007499
-0.0498244 -0.266542 -0.6931 0.0110482 -0.00411851 0.00121959
-0.0493946 -0.0457796 -0.76356 0.0103438 -0.00454842 0.00103209
-0.048395 -0.0758529 -0.59453 0.00939119 -0.00442059 0.00097097
-0.0705355 -0.176011 -0.505179 0.00890513 -0.00444068 0.00089426
-0.0550678 -0.428686 -0.930965 -0.00905559 -0.00687582 0.00078031
-0.123304 -0.490026 -0.764862 -0.00396787 -0.00946595 -0.00147339
-0.123764 -0.303449 -0.748941 -0.00162003 -0.00900792 -0.00140633
-0.0933465 -0.208881 -0.740753 0.00465223 -0.00749474 -0.00027548
-0.0733374 -0.256231 -0.591413 0.00595533 -0.00581473 0.0001858
-0.0723659 -0.0760133 -0.823562 0.00635056 -0.00529404 0.00010281
-0.0909865 -0.150086 -0.420192 0.00824623 -0.00403454 0.00052403
-0.0913334 0.013399 -0.52917 0.00916195 -0.00371336 0.00042544
-0.089229 0.0674723 -0.68244 0.00889234 -0.00426047 0.00032355
-0.100744 -0.121563 -0.514902 0.00848429 -0.00356657 0.00038809
-0.0993251 -0.0175353 -0.628538 0.00919417 -0.0043538 0.00023788
-0.0965572 -0.123332 -0.584048 0.00899048 -0.00386883 0.00052403
-0.101741 -0.190671 -0.549621 0.00923512 -0.00392295 0.00052403
-0.108776 -0.043665 -0.314596 0.00514887 -0.0038146 0.00035658
-0.125788 -0.0225988 0.0747082 0.00147403 -0.00507528 0.00046377
-0.11716 0.27269 0.0289687 0.00123687 -0.00511669 0.00073201
-0.112081 0.280491 -0.0356416 0.00256189 -0.00444177 0.00063941
-0.102338 0.182218 -0.0839839 0.00303097 -0.00445391 0.00081875
-0.0996905 0.221583 -0.124541 0.00299038 -0.0042524 0.00077246
-0.102133 0.127275 -0.154068 0.00337638 -0.00457852 0.00070397
-0.0994122 0.135638 -0.166003 0.00377838 -0.00433521 0.00070907
-0.103381 -0.0121946 -0.157645 0.0036134 -0.00456853 0.00106667
-0.0910072 0.0971702 -0.187411 0.00312685 -0.00442052 0.00063132
-0.0938739 0.0337342 -0.169045 0.00346625 -0.00406606 0.00059793
-0.0966399 -0.165183 -0.176559 0.00549719 -0.00343157 0.00081763
-0.0839263 0.0385006 -0.210207 0.00644849 -0.00323619 0.00090973
-0.0948138 0.271719 -0.410166 0.00675254 -0.0048634 0.00081377
-0.0915955 0.112935 -0.471203 0.00670039 -0.00512505 0.00073967
-0.0956025 -0.0385339 -0.444529 0.00713437 -0.00437647 0.00099994
-0.0934071 0.00101374 -0.444843 0.00623259 -0.00453277 0.00072462
-0.0910269 -0.14881 -0.330963 0.00481435 -0.00401646 0.00099666
-0.0770752 0.00895269 -0.134597 0.00296421 -0.00375378 0.00063246
-0.079894 -0.0297488 -0.125193 0.00314753 -0.00383351 0.00071134
-0.0696257 0.12508 -0.166536 0.00271572 -0.0036763 0.00076599
-0.0812831 0.0827234 -0.141189 0.00274553 -0.00376174 0.00081866
-0.0799669 0.147647 -0.162715 0.00283557 -0.00377509 0.00066338
-0.079707 0.158423 -0.147379 0.00312074 -0.00375971 0.00068822
-0.0769558 0.101576 -0.143697 0.00336818 -0.00390229 0.00063399
-0.0805159 0.105814 -0.210242 0.00352435 -0.00423873 0.0005959
-0.0771125 -0.0778493 -0.334502 0.0054393 -0.00412276 0.00096439
-0.0803276 0.073183 -0.393513 0.00539522 -0.00445423 0.00103643
-0.0987152 -0.0321874 -0.296793 0.00616046 -0.00381369 0.00117137
-0.0910196 -0.0536706 -0.405597 0.00673238 -0.00396984 0.00105018
-0.0895823 -0.0148449 -0.400057 0.00644206 -0.00376843 0.00095204
-0.0906425 -0.114427 -0.38455 0.00684067 -0.0040691 0.0011081
-0.0814512 0.0735058 -0.458427 0.0067093 -0.00384381 0.0007385
-0.0935175 -0.0613774 -0.247793 0.00431429 -0.00366953 0.00124666
-0.0882311 0.131304 -0.208488 0.00344023 -0.00350116 0.00082936
-0.10788 0.0460409 -0.0975847 0.00375017 -0.00390175 0.000764
-0.176844 0.180857 0.0921196 -0.00123667 -0.00703667 0.00011662
-0.193644 0.300558 0.126708 0.00026309 -0.00753091 0.00082578
-0.173038 0.241595 0.072033 0.0019006 -0.00652131 0.00065981
-0.155117 0.333127 0.0098941 0.001965 -0.00590548 0.00060632
-0.157565 0.156123 0.032599 0.00191407 -0.00609469 0.00067301
-0.13864 0.225259 -0.0399538 0.00214983 -0.00576565 0.00054493
-0.147248 0.0790348 0.0159862 0.00227694 -0.00558351 0.00058224
-0.139017 0.193943 -0.0564147 0.00241493 -0.00554835 0.00041841
-0.143947 0.109807 -0.0150113 0.00240204 -0.00544357 0.00047737
-0.138776 0.158332 -0.0468066 0.00243836 -0.00545768 0.00016449
-0.138258 0.169431 -0.0647681 0.00301665 -0.0054147 0.00017494
-0.140168 0.105962 -0.055561 0.00334996 -0.00559472 0.00046622
-0.125755 0.141839 -0.357449 0.00692937 -0.00657625 0.00031664
-0.128018 -0.0795596 -0.363278 0.00756212 -0.00626517 0.00072037
-0.128576 0.0956832 -0.445895 0.0066198 -0.00695225 0.00060022
-0.127691 -0.0281177 -0.348176 0.00632245 -0.00644793 0.00057236
-0.125988 0.0373256 -0.421736 0.0067478 -0.00651279 0.00059806
-0.136466 -6.326e-05 -0.0875885 0.00329033 -0.00566847 0.00072037
-0.133595 0.129101 -0.112456 0.00340883 -0.00555792 0.00071015
-0.131522 0.134254 -0.075023 0.00358496 -0.00536216 0.00081609
-0.125243 0.181668 -0.152171 0.00433162 -0.00565375 0.00072875
-0.123591 0.175961 -0.17086 0.004891 -0.00577941 0.00061071
-0.140318 0.115469 -0.0937449 0.00444722 -0.00557403 0.00062364
-0.123605 0.226388 -0.199904 0.00517612 -0.00509048 0.00071612
-0.123336 0.156317 -0.156711 0.00466911 -0.00500439 0.00080185
-0.118955 0.0727518 -0.161959 0.00486532 -0.00506713 0.00086074
-0.119863 0.182874 -0.199968 0.00510271 -0.00516078 0.00078174
-0.120816 0.0351836 -0.111031 0.00502351 -0.00479889 0.00093288
-0.118556 0.196048 -0.180022 0.00517623 -0.00476086 0.00083818
-0.114654 0.13093 -0.188984 0.00642189 -0.00498136 0.00083405
-0.105947 0.0174008 -0.327758 0.00792059 -0.00519585 0.00107947
-0.112894 0.148141 -0.396376 0.00810528 -0.00586005 0.00085023
-0.112243 -0.0405788 -0.289484 0.00798094 -0.00531095 0.0013701
-0.108119 0.190076 -0.282253 0.00703114 -0.00493186 0.0011934
-0.110495 0.12351 -0.236418 0.0065419 -0.00496405 0.00117959
-0.103266 0.0810807 -0.257973 0.00711825 -0.004979 0.00137398
-0.101884 0.206388 -0.304571 0.00725641 -0.00505888 0.00113957
-0.101932 0.0398527 -0.243573 0.00716687 -0.0049845 0.00122458
-0.0972732 0.158618 -0.304631 0.00721935 -0.00487855 0.00105324
-0.0820882 -0.0322684 -0.246305 0.00680721 -0.00373278 0.00100614
-0.0871242 0.186807 -0.250061 0.00663117 -0.00371847 0.00064589
-0.0989454 0.121987 -0.0834604 0.00558721 -0.00377152 0.00131688
-0.0911147 0.0325139 0.0889582 0.00808308 -0.00314066 0.00243885
-0.0728785 0.60455 0.0533188 0.00895641 -0.00311685 0.00256519
-0.0751638 0.85239 -0.0296774 0.00718126 -0.0036556 0.00214256
-0.0798353 0.686695 0.0292391 0.0068057 -0.00336602 0.0016642
-0.0819247 0.346529 0.0420215 0.0055292 -0.00352657 0.00126457
-0.0880453 0.273658 -0.00168943 0.00559668 -0.00316691 0.00094717
-0.0865229 0.183815 0.0115468 0.00451869 -0.00333869 0.00140475
-0.0780362 0.0451099 -0.113331 0.0050458 -0.00353615 0.00176873
-0.0646647 -0.116034 -0.237015 0.00541255 -0.00454084 0.00174133
-0.0681278 -0.0160247 -0.33859 0.00490063 -0.00493562 0.00151336
-0.0755903 0.00355784 -0.340083 0.00551082 -0.00532717 0.00151336
-0.0707141 0.0896074 -0.397681 0.00639772 -0.00553043 0.00159205
-0.0671918 0.165795 -0.335647 0.00574975 -0.00519824 0.00161029
-0.0844211 0.151241 -0.328748 0.00649554 -0.00561173 0.00158937
-0.0818388 0.220696 -0.374971 0.00763833 -0.00526279 0.00134738
-0.0896026 0.100116 -0.310031 0.0073603 -0.00499588 0.00168658
-0.0871348 0.166205 -0.329583 0.00687806 -0.00531808 0.00168085
-0.0964909 -0.00338237 -0.239809 0.00654978 -0.00460839 0.00174807
-0.0905049 0.121214 -0.320781 0.00674546 -0.00495299 0.00178384
-0.0919229 -0.0012144 -0.205733 0.0058792 -0.00424862 0.00185674
-0.0824319 0.0386083 -0.273623 0.0060533 -0.0046931 0.00192419
-0.0932909 0.103411 -0.210588 0.00491502 -0.00436065 0.00179123
-0.0980757 0.0652675 -0.222872 0.00511234 -0.00424862 0.00182294
-0.105916 0.105672 -0.217718 0.00453442 -0.00498553 0.00189718
-0.077042 0.0652048 -0.157619 0.00369869 -0.00478637 0.00227576
-0.00758636 0.280231 -0.009183 0.00282081 -0.00341731 0.00139379
-0.0131086 0.163014 0.0479899 0.00300616 -0.00346509 0.00176393
-0.0237994 0.28029 0.116901 0.00201718 -0.00328791 0.00126491
-0.0230927 0.311342 0.257885 0.0016004 -0.00328994 0.00117438
-0.0220396 0.359233 0.216242 0.00151536 -0.00276188 0.00098089
-0.0132416 0.406813 0.221016 0.00103365 -0.00233067 0.00126922
-0.0286131 0.313608 0.236794 0.00083481 -0.00233924 0.00106041
-0.0363441 0.397938 0.199827 0.0008952 -0.00224408 0.00089732
-0.0360136 0.299373 0.251425 0.00142542 -0.00263529 0.0010566
-0.0378556 0.425336 0.18263 0.00137467 -0.00228886 0.00098313
-0.0285936 0.272775 0.230976 0.00083734 -0.00254283 0.00097272
-0.0301472 0.389401 0.161606 0.00146876 -0.00260586 0.00088298
-0.0389152 0.329555 0.23941 0.00122367 -0.00264149 0.00108517
-0.0415214 0.379333 0.186089 0.00121546 -0.00261231 0.00101788
-0.0337006 0.377795 0.16621 0.00115308 -0.00256533 0.00107384
-0.0184531 0.263244 0.246818 0.00091088 -0.00183596 0.00102494
-0.0176184 0.461007 0.195607 -8.717e-05 -0.00146674 0.00083453
-0.0123541 0.252296 0.247438 0.00025016 -0.00145199 0.00087067
-0.0119564 0.385874 0.281527 0.00091785 -0.00133737 0.00063246
-0.0103552 0.453134 0.24359 0.00043318 -0.00102595 0.00047371
-0.0273265 0.265861 0.387768 0.00076017 -0.00141092 0.00069437
-0.0154147 0.418574 0.281483 0.001538 -0.00164561 0.00063198
-0.0102677 0.509811 0.255626 0.00060985 -0.00136175 0.00029592
0.00632012 0.450939 0.291362 0.00053579 -0.00107102 0.00015783
-0.0094308 0.348927 0.302468 0.00097749 -0.00089295 0.00052708
-0.00053798 0.403463 0.271058 0.00082306 -0.00110755 0.0005074
-0.00823838 0.293928 0.371684 0.00130027 -0.00103157 0.00064292
0.00613162 0.454876 0.310817 0.00063852 -0.0010609 9.356e-05
0.00296833 0.334596 0.360248 0.00080217 -0.00083216 0.00032052
-0.00296256 0.472423 0.295078 0.00061425 -0.00061177 0.00013085
-0.00579932 0.408174 0.302782 0.00140665 -0.00086227 0.00022982
-0.011259 0.432768 0.222364 0.00181311 -0.00071671 0.0003287
-0.00300747 0.421151 0.26956 0.00153343 -0.000753 0.00018586
-0.00383063 0.379539 0.283991 0.00094995 -0.00075706 0.0002139
-0.00269265 0.418551 0.272935 0.00115699 -0.00072613 0.00015086
-0.0160433 0.350346 0.321708 0.00135813 -0.00108426 0.00037069
-0.010185 0.434708 0.293668 0.00111308 -0.00082049 0.00016294
-0.0178013 0.324944 0.361058 0.00112089 -0.00092846 0.00033795
0.0188996 0.400147 0.232613 0.0007127 5.42e-06 -0.0002286
0.00411486 0.224455 0.308961 0.00236141 -0.00072206 0.00062525
0.0332483 0.336854 0.0652569 0.00143923 -0.00128102 0.00079052
0.0172572 0.40489 0.159683 0.00171148 -0.00103069 0.00072173
-0.00122599 0.259159 0.195342 0.00197625 -0.00166784 0.00084368
-0.0109388 0.459391 0.251221 0.00156704 -0.00202037 0.00130885
-0.00650652 0.322471 0.302975 0.00140723 -0.00233865 0.00128971
0.00358816 0.435972 0.221945 0.00074369 -0.00179524 0.00112992
-0.00155109 0.307062 0.28339 0.00040471 -0.00138696 0.00089175
-0.00624006 0.389356 0.207241 0.00015207 -0.00100582 0.00078531
0.00561321 0.296718 0.224798 0.00032306 -0.00072129 0.00084842
-0.0351894 0.330044 0.175834 -0.00076972 -0.00074844 0.00056511
-0.0353392 0.215397 0.248007 -0.00071084 -0.00131699 0.0005064
-0.0324782 0.365069 0.201421 -0.00079223 -0.00148922 0.00024693
-0.039056 0.291723 0.263682 -0.00079603 -0.00104803 0.00044709
-0.0215418 0.360679 0.168449 -0.00081972 -0.00081798 0.00029071
-0.012893 0.241717 0.296144 -0.00130355 -0.0013508 0.00042188
0.0136428 0.387872 0.205488 -0.0003864 -0.00057744 0.00013428
0.00951529 0.417493 0.162979 0.00046113 -0.00099444 0.00013015
0.00410906 0.203387 0.182015 6.68e-06 -0.0011056 0.00059842
0.015156 0.384258 0.353195 -0.00143445 -0.00063028 0.00047394
-0.0104177 0.231708 0.132779 0.00068252 -0.00148902 0.00105524
0.00531756 0.264801 0.28675 -0.00089606 -0.00096938 0.00065979
0.00601154 0.280498 0.247293 -0.00117319 0.00071773 0.00139773
-0.0129824 0.191831 0.206036 -0.00018613 0.00295293 0.00098601
-0.045852 0.310653 0.31757 -0.00031481 0.00160376 0.00158476
-0.0637296 0.354538 0.448691 -0.0012124 -0.00179941 0.00140649
-0.0613532 0.611744 0.490865 -0.00293714 -0.00327218 0.00121031
-0.0648551 0.374113 0.412399 -3.257e-05 -0.00285278 0.00128505
-0.102012 0.479661 0.3891 0.00073385 -0.00662191 0.00180798
-0.109678 0.544174 0.171861 0.00052007 -0.00612348 0.00200941
-0.101116 0.331258 0.161198 0.00071759 -0.00625061 0.00179854
-0.0981577 0.226803 0.128757 0.00076542 -0.00607566 0.00175065
-0.101345 0.130819 0.147189 0.00086332 -0.00588155 0.00173132
-0.0982921 0.123341 0.113378 0.00099202 -0.00593566 0.00151545
-0.0991044 0.057662 0.126525 0.00111724 -0.00595783 0.00164016
-0.0959884 0.188925 0.0983226 0.0013821 -0.00547715 0.00163748
-0.102142 0.165873 0.159875 0.00086313 -0.00640809 0.00159923
-0.108885 0.307085 0.105012 0.00220849 -0.00621469 0.00142161
-0.114775 0.332922 0.00500002 0.00292432 -0.00497019 0.00071973
-0.111034 0.2489 0.0725224 0.00137467 -0.00503223 0.00083581
-0.114805 0.216464 0.0698533 0.00126679 -0.00445152 0.00080377
-0.117198 0.276531 0.0133566 0.00162805 -0.0044265 0.00058976
-0.116113 0.115331 0.11845 0.00190508 -0.00441316 0.00082179
-0.110991 0.262894 0.0220475 0.00138318 -0.00450762 0.00084869
-0.117299 0.0820896 0.14344 0.00121082 -0.00461603 0.00084623
-0.113172 0.103268 0.280295 0.00110846 -0.00422844 0.00101802
-0.106387 0.400971 0.0817245 0.00172112 -0.00431122 0.0011757
-0.107162 0.410814 -0.0439084 0.00167969 -0.00429819 0.00084754
-0.112026 0.232743 0.0282072 0.0013938 -0.00431122 0.00109483
-0.118165 0.210313 0.0183412 0.00163907 -0.00484607 0.00042942
-0.114517 0.125592 0.0340433 0.00119426 -0.00401916 0.00078404
-0.10416 0.139639 0.00349271 0.00139382 -0.00389376 0.00081783
-0.0973626 0.153959 0.0818155 0.00033634 -0.00363938 0.00094781
-0.100248 0.17978 0.282575 -0.00044359 -0.00450102 0.00114013
-0.0890041 0.323705 0.180943 -0.00015267 -0.00377342 0.00117111
-0.0978749 0.242737 0.192578 0.00044264 -0.0040592 0.00105929
-0.0987284 0.386179 0.137368 0.00050212 -0.00389606 0.00086095
-0.102911 0.272511 0.183537 0.00049752 -0.00384095 0.00092649
-0.127031 0.362896 0.115454 0.00114381 -0.00264247 0.00051637
-0.111742 0.298173 0.0767231 0.00128165 -0.00311524 0.00053147
-0.112175 0.15797 0.104541 0.00117202 -0.00319257 0.00085342
-0.10845 0.279144 0.0288152 0.00142424 -0.00309047 0.00049308
-0.113709 0.116959 0.0770841 0.00125451 -0.00271067 0.00083119
-0.104802 0.199297 0.0202504 0.00139235 -0.00274891 0.0006148
-0.108211 0.141085 0.0839786 0.00076283 -0.00305624 0.00081403
-0.106462 0.185102 0.0415215 0.00110922 -0.00295752 0.00081283
-0.105992 0.209305 0.0565557 0.00104488 -0.00300851 0.00085888
-0.110891 0.189954 0.0717097 0.00116436 -0.00317804 0.00091013
-0.105733 0.287829 0.0478162 0.00124979 -0.00316959 0.00101579
-0.0932764 0.131309 0.151014 0.00025282 -0.00270336 0.00096327
-0.105927 0.22038 0.160057 0.00153164 -0.00317602 0.00128399
-0.129496 0.349254 -0.0883852 0.00178846 -0.00422079 0.0013567
-0.115307 0.221868 0.108805 0.00055139 -0.00384049 0.00120474
-0.103183 0.286901 0.160757 -0.00031298 -0.00378272 0.00128908
-0.0972825 0.248402 0.161791 -0.00061942 -0.00316074 0.00103502
-0.088375 0.0802003 -0.110622 0.00189936 -0.00333123 0.00077145
-0.0973844 -0.121496 -0.434676 0.00068049 -0.00394282 0.00094914
-0.0827478 -0.136384 -0.249373 0.00205256 -0.00320612 0.00120069
-0.0806268 -0.0170407 -0.275426 0.00173903 -0.0030893 0.00083313
-0.080676 -0.062357 -0.200818 0.00179216 -0.00294074 0.0011644
-0.0820635 0.0808678 -0.251054 0.00167372 -0.00294648 0.00078629
-0.0924344 0.0726257 0.0187185 0.00020535 -0.00205602 0.00075859
-0.128183 0.359074 0.254106 -0.00196485 -0.0028845 0.00147364
-0.128948 0.418868 0.27102 -0.00147094 -0.00301517 0.00219912
-0.097954 0.368747 0.0947009 0.00012383 -0.0030244 0.00196485
-0.093447 0.31421 0.0966035 -0.00019991 -0.00251867 0.00171162
-0.0898716 0.246714 0.0307424 0.00012383 -0.00242947 0.00149215
-0.0773664 0.159191 0.0253049 0.00029988 -0.00222542 0.00151409
-0.0823873 0.117033 -0.00850259 0.00037928 -0.00197958 0.00150118
-0.0769828 0.0470416 0.0423416 0.00028194 -0.00184753 0.0013249
-0.0826366 0.117347 0.0169783 0.00059064 -0.00193059 0.00141721
-0.0795148 0.168758 -0.00900556 0.00070294 -0.00206921 0.00129288
-0.0768517 0.052492 -0.00282255 0.00108581 -0.00153393 0.00132594
-0.0835921 0.238772 -0.17772 0.00310931 -0.0030144 0.00114528
-0.100398 0.197285 -0.251521 0.00401497 -0.00390408 0.00039536
-0.0945888 0.0768484 -0.250019 0.00496618 -0.00332963 0.00083823
-0.0981805 0.0226666 -0.170532 0.00451011 -0.00319202 0.00115673
-0.0851687 0.114647 -0.211047 0.00314974 -0.00324722 0.0011581
-0.0958593 -0.0120008 -0.135621 0.0033223 -0.00278286 0.00109455
-0.0866719 0.121504 -0.112394 0.00273236 -0.00244482 0.00097048
-0.086465 0.0525367 -0.0463066 0.00273236 -0.0021824 0.00112819
-0.0861021 0.162664 -0.118236 0.00297915 -0.00226006 0.0010661
-0.086512 0.104408 -0.13453 0.00344148 -0.00235356 0.00086209
-0.0783956 0.0962188 -0.139395 0.00344148 -0.00201088 0.00082151
-0.0839741 0.186851 -0.177977 0.00318667 -0.00229885 0.00088316
-0.0762708 0.0660621 -0.123356 0.0032408 -0.00178992 0.00094255
-0.0821666 0.165805 -0.20928 0.00349757 -0.00242865 0.00069812
-0.0836298 0.03426 -0.0953315 0.003336 -0.00153992 0.00099551
-0.0904334 0.0874273 -0.149697 0.00379392 -0.00211279 0.00092966
-0.0848709 0.100721 -0.154253 0.00353444 -0.00209835 0.00090155
-0.0851182 0.038068 -0.140709 0.00382039 -0.00178992 0.00097448
-0.0763901 0.121975 -0.170763 0.00358632 -0.00163509 0.00089971
-0.0751412 0.0234047 -0.11176 0.00398533 -0.00124616 0.00097305
-0.0818553 0.178846 -0.197041 0.00383809 -0.00158192 0.00085059
-0.0806016 0.0289947 -0.109218 0.003812 -0.00145639 0.00084012
-0.0887423 0.165065 -0.20639 0.00406767 -0.00177707 0.00095185
-0.0766691 0.118006 -0.160665 0.00368936 -0.00202309 0.00070863
-0.0790352 0.0574226 -0.141572 0.00370944 -0.00178847 0.00064337
-0.0909127 0.225018 -0.110134 0.00269097 -0.00277189 0.00070718
-0.0813721 0.0809249 -0.0395894 0.00173089 -0.00281214 0.00060416
-0.0563491 0.152144 -0.225675 0.00109426 -0.00219128 0.00036808
-0.0472942 -0.0282058 -0.230109 0.00141167 -0.00146365 0.00051218
-0.0543353 0.0851586 -0.295605 0.00153709 -0.00196165 0.0003516
-0.0554887 -0.0257164 -0.198804 0.00141167 -0.00175936 0.00032781
-0.0563272 0.0424359 -0.249792 0.00141167 -0.00129998 0.0003307
-0.051639 0.00585469 -0.313192 0.00028771 -0.001845 7.864e-05
-0.0578408 -0.110041 -0.273047 0.00076008 -0.00189615 0.00063734
-0.0431893 0.0484864 -0.361034 0.00019822 -0.0016169 0.00038442
-0.0483507 -0.0672207 -0.301006 0.00101673 -0.00143834 0.00051218
-0.0515341 0.0597508 -0.430725 0.00161018 -0.00129998 0.00051218
-0.0481401 -0.0666091 -0.344845 0.00123157 -0.00126084 0.00042395
-0.0517703 -0.00625629 -0.4256 0.00137114 -0.00189171 0.00025681
-0.0549736 -0.133767 -0.319749 0.00150914 -0.00129998 0.00051218
-0.0561337 0.00370346 -0.384277 0.00133115 -0.00171175 0.00036908
-0.0616205 -0.0673668 -0.332538 0.00123157 -0.00188558 0.00051218
-0.0753592 -0.0124986 -0.383942 0.00112952 -0.00250254 7.347e-05
-0.0664069 -0.0495112 -0.327219 0.00069828 -0.0010423 0.00051218
-0.0716297 -0.20701 -0.185684 0.00199874 -0.00087718 0.00041328
-0.0770734 0.0438613 -0.19158 0.00179908 -0.00160509 0.0006622
-0.0829917 0.413365 -0.169888 0.00087105 -0.00202973 0.000562
-0.0707833 0.273779 -0.207233 0.00076916 -0.00138593 0.00061236
-0.0692991 0.0699859 -0.200636 0.00084576 -0.00121168 0.00064761
-0.0674851 0.0734759 -0.274703 0.00095528 -0.00123265 0.00063493
-0.0679491 -0.0805 -0.259334 0.0012669 -0.00083487 0.00074377
-0.0698725 -0.0643907 -0.351058 0.00167498 -0.00083487 0.00067043
-0.0678536 -0.133925 -0.347299 0.00196722 -0.00050595 0.00070352
-0.0724217 -0.090107 -0.367948 0.00146874 -0.00041894 0.00077103
-0.0695991 -0.0596132 -0.393471 0.00146874 -0.00047452 0.00059985
-0.0796763 -0.139149 -0.566243 0.00263941 -0.00044396 0.00022653
-0.0756242 -0.01905 -0.562264 0.00439708 -0.00192646 6.959e-05
-0.0908051 0.0253978 -0.485564 0.00266132 -0.00113215 0.0001843
-0.0765102 -0.0530357 -0.395463 0.00268785 -0.00100443 0.00040226
-0.0713946 0.0653644 -0.438906 0.00277384 -0.00097269 0.00040226
-0.0738344 -0.036144 -0.348058 0.00237187 -0.00083487 0.00058791
-0.0747431 -0.0398572 -0.261269 0.00327471 -0.00070324 0.00065226
-0.0623114 0.088621 -0.397954 0.00302471 -0.00095294 0.00055358
-0.0689765 -0.0453726 -0.370984 0.00302471 -0.00043367 0.00065226
-0.0643983 -0.050799 -0.362562 0.00302471 -0.00043367 0.00053257
-0.071903 -0.00759385 -0.428461 0.00349317 -0.00018367 0.00040226
-0.0647689 -0.114413 -0.359566 0.0031124 -0.00052928 0.00059013
-0.0730046 0.0341273 -0.42551 0.0025382 -0.00074572 0.00040226
-0.0607062 -0.0486511 -0.359905 0.0026627 -0.00035467 0.00059013
-0.0644044 -0.0119729 -0.392117 0.0026737 -0.00043367 0.00065226
-0.0695283 0.0158753 -0.406863 0.0025382 -0.00051242 0.00053611
-0.0789911 -0.0415137 -0.33932 0.0025382 -0.00043367 0.00027607
-0.0692488 0.0621567 -0.082173 -0.00050541 -0.00085859 0.00040226
-0.0977247 0.146076 0.252404 -0.00307689 -0.00306059 0.00012604
-0.13148 0.365243 0.144032 -0.00220093 -0.00447036 5.954e-05
-0.110568 0.27365 0.109554 -0.00198989 -0.00328239 0.00022012
-0.0965883 0.28199 -0.00147473 -0.00122611 -0.00306561 -5.453e-05
-0.0897522 0.185179 -0.0206546 -0.00092637 -0.00257106 0.00014645
-0.0902129 0.106195 -0.0469561 -5.495e-05 -0.00243872 7.961e-05
-0.0767026 0.172516 -0.0591838 -0.00052409 -0.00166619 0.00047896
-0.0796026 0.109297 0.00747416 -0.00113362 -0.00133618 0.00051017
-0.0657469 0.122889 -0.0350183 -0.00079122 -0.00120242 0.00040226
-0.065818 0.128495 -0.0203491 -0.00079722 -0.0007821 0.00059365
-0.0604495 0.127899 -0.0114495 -0.00062092 -0.00064278 0.00040226
-0.0665634 0.192579 -0.0296177 -0.00143233 -0.0007821 0.00051322
-0.0680727 0.135676 0.00467452 -0.0012086 -0.0007821 0.00040226
-0.0695035 0.218635 -0.034884 -0.00190896 -0.00093019 0.00048193
-0.0601111 0.0625481 -0.032496 -0.00059201 -0.00070248 0.00040226
-0.0635772 0.168664 -0.0997778 -0.00031658 -0.00119839 0.00051577
-0.0649608 0.132179 -0.0671548 0.00014214 -0.0007821 0.00040226
-0.0612205 0.103026 -0.0901898 0.00060492 -0.0006453 0.00040226
-0.0637551 0.15053 -0.135957 0.00042946 -0.00070986 0.00040226
-0.0676308 0.0366855 -0.053169 0.00069386 -0.00024919 0.00040226
-0.0657657 0.15881 -0.152476 0.00083032 -0.00076868 0.00040226
-0.0711056 0.0431953 -0.0475921 0.0006273 -0.00040966 0.00040226
-0.0682901 0.155457 -0.139246 0.00080503 -0.00053717 0.00040226
-0.0705935 0.0459394 -0.0670653 0.00032299 -0.00019208 0.00019698
-0.0685439 0.0467894 -0.0822474 0.00020173 -0.00057404 0.00040226
-0.0746962 0.257766 -0.233683 0.00059027 -0.00124352 0.00040226
-0.0689771 0.0944822 -0.130968 0.00018556 -0.00069481 0.00040226
-0.0699019 0.151944 -0.222018 0.00055547 -0.00085828 0.00040226
-0.0672064 0.047858 -0.147034 0.00060479 -0.00048801 0.00040226
-0.0672003 0.0499594 -0.199215 0.00030649 -0.00063145 0.00048872
-0.073133 0.00150954 -0.185272 0.00044386 -0.000739 0.00065226
-0.0673585 0.0109317 -0.160498 0.00061089 -0.00055026 0.00040226
-0.0664139 0.158399 -0.00761997 -0.00055414 -0.00046613 0.00076726
-0.0611339 0.167755 0.0811931 0.00095876 -0.000728 0.00091767
-0.0650223 0.390844 -0.00226011 0.0006775 -0.00039845 0.00090566
-0.0645045 0.349423 0.00168342 0.00034493 -0.00031791 0.0007197
-0.0680283 0.240229 0.0419939 0.00027173 -0.00035818 0.00084046
-0.0629456 0.339802 -0.0140632 0.0003282 -0.00019639 0.0007703
-0.0539503 0.179703 0.0346786 0.00013434 0.00061876 0.00056537
-0.0697914 0.2699 0.158324 -0.00091747 0.00133314 0.00058985
-0.0651608 0.24099 0.00939343 0.00080814 0.00069102 0.00074026
-0.129118 -0.0196726 -0.0167976 0.0010969 -0.00252748 0.00113849
-0.131112 0.141924 -0.190309 0.00187142 -0.00367936 0.00124384
-0.130851 0.0706147 -0.242689 0.00174202 -0.00395389 0.00115377
-0.127685 -0.0280342 -0.239431 0.00155656 -0.00383113 0.00138732
-0.122112 0.0728573 -0.277366 0.001813 -0.00375931 0.00141513
-0.114941 -0.0563043 -0.260958 0.00235712 -0.0032213 0.00162793
-0.109214 0.0483694 -0.286733 0.00191501 -0.0034027 0.00123959
-0.0948875 -0.0235039 -0.216687 0.00146226 -0.00249856 0.00127352
-0.0864711 0.0510412 -0.262558 0.001338 -0.00252629 0.00109545
-0.0840833 -0.0048841 -0.190068 0.00150227 -0.00190076 0.0010921
-0.0696113 0.0907196 -0.149483 0.001338 -0.00138326 0.00070203
-0.061396 0.12755 -0.160716 0.00209884 -0.00132384 0.0006003
-0.0810586 0.0905392 -0.0990672 0.00189844 -0.0021148 0.00063318
-0.0831877 0.251532 -0.135111 0.00197347 -0.00183826 0.00093124
-0.0809133 -0.00180775 -0.305665 0.00293076 -0.00187701 0.00100347
-0.0791447 0.106764 -0.401148 0.00304259 -0.00237626 0.00083644
-0.0811406 -0.0284535 -0.252199 0.00288001 -0.00224441 0.00098757
-0.0720803 0.0444681 -0.364563 0.00331392 -0.00238659 0.00089178
-0.0762749 0.0077003 -0.342258 0.00326816 -0.00216014 0.00094151
-0.0778057 -0.102426 -0.29424 0.00323127 -0.00189656 0.00101659
-0.0754945 0.108467 -0.385613 0.00305793 -0.00221057 0.00071875
-0.0809976 -0.029906 -0.311555 0.00287097 -0.00204931 0.00094788
-0.0809003 0.00752841 -0.361561 0.00316593 -0.00185169 0.00104476
-0.079043 0.0856975 -0.399725 0.00308707 -0.00225934 0.00090564
-0.0789242 -0.0584635 -0.332504 0.00326909 -0.0016987 0.00106
-0.0816996 0.0763474 -0.379392 0.00286002 -0.00233191 0.00095153
-0.0815766 -0.037539 -0.29214 0.00313654 -0.00196075 0.00090508
